random,100,19,0,7.0,8.0,16.0,16.0,7.0,7.0,9.0,49.5,0.07731202131202129,3,1
random,100,19,1,42.0,45.0,50.0,52.0,47.0,47.0,53.0,49.5,0.07731202131202129,3,1
random,100,19,2,42.0,64.0,39.0,37.0,62.0,62.0,43.0,49.5,0.07731202131202129,3,1
random,100,19,3,60.0,73.0,61.0,63.0,72.0,72.0,63.0,49.5,0.07731202131202129,3,1
random,100,19,4,60.0,51.0,66.0,66.0,54.0,54.0,71.0,49.5,0.07731202131202129,3,1
random,100,19,5,19.0,28.0,33.0,33.0,28.0,28.0,24.0,49.5,0.07731202131202129,3,1
random,100,19,6,1.0,1.0,3.0,3.0,1.0,1.0,2.0,49.5,0.07731202131202129,3,1
random,100,19,7,31.0,33.0,38.0,38.0,33.0,33.0,38.0,49.5,0.07731202131202129,3,1
random,100,19,8,10.0,9.0,8.0,8.0,11.0,11.0,12.0,49.5,0.07731202131202129,3,1
random,100,19,9,74.0,67.0,76.0,76.0,73.0,73.0,78.0,49.5,0.07731202131202129,3,1
random,100,19,10,31.0,43.0,49.0,49.0,42.0,42.0,40.0,49.5,0.07731202131202129,3,1
random,100,19,11,60.0,67.0,56.0,55.0,71.0,71.0,60.0,49.5,0.07731202131202129,3,1
random,100,19,12,94.0,96.0,95.0,95.0,96.0,96.0,96.0,49.5,0.07731202131202129,3,1
random,100,19,13,42.0,73.0,43.0,44.0,67.0,67.0,46.0,49.5,0.07731202131202129,3,1
random,100,19,14,79.0,84.0,89.0,90.0,84.0,84.0,87.0,49.5,0.07731202131202129,3,1
random,100,19,15,31.0,31.0,23.0,22.0,32.0,32.0,31.0,49.5,0.07731202131202129,3,1
random,100,19,16,19.0,22.0,42.0,45.0,23.0,23.0,30.0,49.5,0.07731202131202129,3,1
random,100,19,17,79.0,82.0,90.0,89.0,83.0,83.0,88.0,49.5,0.07731202131202129,3,1
random,100,19,18,79.0,75.0,85.0,85.0,76.0,76.0,89.0,49.5,0.07731202131202129,3,1
random,100,19,19,31.0,25.0,27.0,26.0,31.0,31.0,35.0,49.5,0.07731202131202129,3,1
random,100,19,20,42.0,45.0,48.0,47.0,45.0,45.0,52.0,49.5,0.07731202131202129,3,1
random,100,19,21,60.0,64.0,68.0,67.0,66.0,66.0,64.0,49.5,0.07731202131202129,3,1
random,100,19,22,99.0,97.0,99.0,99.0,97.0,97.0,99.0,49.5,0.07731202131202129,3,1
random,100,19,23,19.0,19.0,30.0,27.0,21.0,21.0,28.0,49.5,0.07731202131202129,3,1
random,100,19,24,31.0,38.0,40.0,39.0,38.0,38.0,39.0,49.5,0.07731202131202129,3,1
random,100,19,25,79.0,94.0,87.0,86.0,93.0,93.0,79.0,49.5,0.07731202131202129,3,1
random,100,19,26,79.0,81.0,82.0,83.0,82.0,82.0,86.0,49.5,0.07731202131202129,3,1
random,100,19,27,42.0,63.0,51.0,50.0,60.0,60.0,47.0,49.5,0.07731202131202129,3,1
random,100,19,28,94.0,100.0,97.0,97.0,100.0,100.0,95.0,49.5,0.07731202131202129,3,1
random,100,19,29,1.0,2.0,1.0,2.0,2.0,2.0,1.0,49.5,0.07731202131202129,3,1
random,100,19,30,19.0,14.0,21.0,17.0,18.0,18.0,23.0,49.5,0.07731202131202129,3,1
random,100,19,31,31.0,41.0,35.0,35.0,40.0,40.0,33.0,49.5,0.07731202131202129,3,1
random,100,19,32,31.0,35.0,45.0,46.0,34.0,34.0,37.0,49.5,0.07731202131202129,3,1
random,100,19,33,60.0,51.0,63.0,62.0,56.0,56.0,65.0,49.5,0.07731202131202129,3,1
random,100,19,34,31.0,35.0,32.0,34.0,34.0,34.0,36.0,49.5,0.07731202131202129,3,1
random,100,19,35,79.0,85.0,77.0,77.0,85.0,85.0,81.0,49.5,0.07731202131202129,3,1
random,100,19,36,91.0,89.0,93.0,93.0,90.0,90.0,92.0,49.5,0.07731202131202129,3,1
random,100,19,37,79.0,87.0,80.0,81.0,87.0,87.0,83.0,49.5,0.07731202131202129,3,1
random,100,19,38,74.0,77.0,74.0,73.0,77.0,77.0,74.0,49.5,0.07731202131202129,3,1
random,100,19,39,19.0,28.0,37.0,40.0,28.0,28.0,27.0,49.5,0.07731202131202129,3,1
random,100,19,40,91.0,91.0,84.0,84.0,92.0,92.0,91.0,49.5,0.07731202131202129,3,1
random,100,19,41,19.0,31.0,24.0,24.0,30.0,30.0,22.0,49.5,0.07731202131202129,3,1
random,100,19,42,42.0,43.0,65.0,65.0,46.0,46.0,59.0,49.5,0.07731202131202129,3,1
random,100,19,43,7.0,11.0,13.0,13.0,10.0,10.0,7.0,49.5,0.07731202131202129,3,1
random,100,19,44,42.0,51.0,60.0,60.0,51.0,51.0,54.0,49.5,0.07731202131202129,3,1
random,100,19,45,19.0,14.0,26.0,29.0,16.0,16.0,29.0,49.5,0.07731202131202129,3,1
random,100,19,46,10.0,16.0,18.0,20.0,14.0,14.0,17.0,49.5,0.07731202131202129,3,1
random,100,19,47,79.0,78.0,78.0,78.0,79.0,79.0,84.0,49.5,0.07731202131202129,3,1
random,100,19,48,19.0,23.0,15.0,15.0,25.0,25.0,20.0,49.5,0.07731202131202129,3,1
random,100,19,49,60.0,60.0,71.0,71.0,63.0,63.0,68.0,49.5,0.07731202131202129,3,1
random,100,19,50,42.0,40.0,55.0,54.0,41.0,41.0,58.0,49.5,0.07731202131202129,3,1
random,100,19,51,10.0,19.0,17.0,19.0,17.0,17.0,16.0,49.5,0.07731202131202129,3,1
random,100,19,52,19.0,16.0,12.0,12.0,19.0,19.0,19.0,49.5,0.07731202131202129,3,1
random,100,19,53,42.0,49.0,34.0,31.0,49.0,49.0,44.0,49.5,0.07731202131202129,3,1
random,100,19,54,79.0,85.0,83.0,82.0,85.0,85.0,85.0,49.5,0.07731202131202129,3,1
random,100,19,55,10.0,28.0,20.0,21.0,24.0,24.0,14.0,49.5,0.07731202131202129,3,1
random,100,19,56,99.0,98.0,98.0,98.0,99.0,99.0,100.0,49.5,0.07731202131202129,3,1
random,100,19,57,91.0,88.0,92.0,92.0,88.0,88.0,93.0,49.5,0.07731202131202129,3,1
random,100,19,58,19.0,16.0,22.0,23.0,19.0,19.0,21.0,49.5,0.07731202131202129,3,1
random,100,19,59,31.0,45.0,31.0,32.0,44.0,44.0,32.0,49.5,0.07731202131202129,3,1
random,100,19,60,10.0,9.0,7.0,7.0,11.0,11.0,11.0,49.5,0.07731202131202129,3,1
random,100,19,61,10.0,13.0,9.0,9.0,13.0,13.0,13.0,49.5,0.07731202131202129,3,1
random,100,19,62,60.0,67.0,57.0,57.0,69.0,69.0,62.0,49.5,0.07731202131202129,3,1
random,100,19,63,10.0,7.0,14.0,14.0,9.0,9.0,18.0,49.5,0.07731202131202129,3,1
random,100,19,64,10.0,19.0,19.0,18.0,15.0,15.0,15.0,49.5,0.07731202131202129,3,1
random,100,19,65,3.0,3.0,5.0,5.0,3.0,3.0,3.0,49.5,0.07731202131202129,3,1
random,100,19,66,42.0,42.0,36.0,36.0,43.0,43.0,49.0,49.5,0.07731202131202129,3,1
random,100,19,67,74.0,80.0,86.0,87.0,78.0,78.0,77.0,49.5,0.07731202131202129,3,1
random,100,19,68,42.0,67.0,59.0,61.0,65.0,65.0,55.0,49.5,0.07731202131202129,3,1
random,100,19,69,31.0,38.0,41.0,43.0,38.0,38.0,34.0,49.5,0.07731202131202129,3,1
random,100,19,70,31.0,35.0,47.0,48.0,34.0,34.0,41.0,49.5,0.07731202131202129,3,1
random,100,19,71,4.0,11.0,6.0,6.0,8.0,8.0,5.0,49.5,0.07731202131202129,3,1
random,100,19,72,60.0,60.0,69.0,68.0,64.0,64.0,70.0,49.5,0.07731202131202129,3,1
random,100,19,73,4.0,4.0,2.0,1.0,4.0,4.0,4.0,49.5,0.07731202131202129,3,1
random,100,19,74,79.0,89.0,81.0,80.0,89.0,89.0,80.0,49.5,0.07731202131202129,3,1
random,100,19,75,74.0,82.0,79.0,79.0,81.0,81.0,76.0,49.5,0.07731202131202129,3,1
random,100,19,76,42.0,51.0,46.0,42.0,51.0,51.0,48.0,49.5,0.07731202131202129,3,1
random,100,19,77,79.0,78.0,91.0,91.0,80.0,80.0,90.0,49.5,0.07731202131202129,3,1
random,100,19,78,4.0,5.0,4.0,4.0,5.0,5.0,6.0,49.5,0.07731202131202129,3,1
random,100,19,79,60.0,67.0,72.0,72.0,69.0,69.0,67.0,49.5,0.07731202131202129,3,1
random,100,19,80,74.0,67.0,75.0,75.0,73.0,73.0,75.0,49.5,0.07731202131202129,3,1
random,100,19,81,42.0,51.0,52.0,51.0,50.0,50.0,51.0,49.5,0.07731202131202129,3,1
random,100,19,82,94.0,99.0,94.0,94.0,98.0,98.0,94.0,49.5,0.07731202131202129,3,1
random,100,19,83,94.0,95.0,100.0,100.0,95.0,95.0,98.0,49.5,0.07731202131202129,3,1
random,100,19,84,60.0,51.0,70.0,70.0,56.0,56.0,72.0,49.5,0.07731202131202129,3,1
random,100,19,85,10.0,23.0,11.0,10.0,22.0,22.0,10.0,49.5,0.07731202131202129,3,1
random,100,19,86,42.0,33.0,54.0,56.0,37.0,37.0,57.0,49.5,0.07731202131202129,3,1
random,100,19,87,19.0,25.0,29.0,30.0,27.0,27.0,26.0,49.5,0.07731202131202129,3,1
random,100,19,88,42.0,51.0,58.0,58.0,51.0,51.0,56.0,49.5,0.07731202131202129,3,1
random,100,19,89,60.0,49.0,62.0,59.0,54.0,54.0,66.0,49.5,0.07731202131202129,3,1
random,100,19,90,42.0,58.0,25.0,25.0,56.0,56.0,42.0,49.5,0.07731202131202129,3,1
random,100,19,91,60.0,76.0,64.0,64.0,75.0,75.0,61.0,49.5,0.07731202131202129,3,1
random,100,19,92,42.0,60.0,44.0,41.0,59.0,59.0,45.0,49.5,0.07731202131202129,3,1
random,100,19,93,42.0,45.0,53.0,53.0,48.0,48.0,50.0,49.5,0.07731202131202129,3,1
random,100,19,94,60.0,64.0,67.0,69.0,68.0,68.0,69.0,49.5,0.07731202131202129,3,1
random,100,19,95,60.0,58.0,73.0,74.0,61.0,61.0,73.0,49.5,0.07731202131202129,3,1
random,100,19,96,79.0,92.0,88.0,88.0,91.0,91.0,82.0,49.5,0.07731202131202129,3,1
random,100,19,97,94.0,93.0,96.0,96.0,94.0,94.0,97.0,49.5,0.07731202131202129,3,1
random,100,19,98,19.0,25.0,28.0,28.0,26.0,26.0,25.0,49.5,0.07731202131202129,3,1
random,100,19,99,7.0,6.0,10.0,11.0,6.0,6.0,8.0,49.5,0.07731202131202129,3,1
random,100,20,0,91.0,96.0,99.0,99.0,96.0,96.0,95.0,49.5,0.0824469974469974,3,1
random,100,20,1,61.0,56.0,76.0,77.0,58.0,58.0,71.0,49.5,0.0824469974469974,3,1
random,100,20,2,15.0,22.0,19.0,16.0,20.0,20.0,20.0,49.5,0.0824469974469974,3,1
random,100,20,3,15.0,34.0,44.0,45.0,33.0,33.0,25.0,49.5,0.0824469974469974,3,1
random,100,20,4,9.0,13.0,22.0,23.0,12.0,12.0,13.0,49.5,0.0824469974469974,3,1
random,100,20,5,15.0,22.0,28.0,29.0,19.0,19.0,26.0,49.5,0.0824469974469974,3,1
random,100,20,6,15.0,45.0,25.0,26.0,36.0,36.0,19.0,49.5,0.0824469974469974,3,1
random,100,20,7,72.0,84.0,72.0,71.0,83.0,83.0,72.0,49.5,0.0824469974469974,3,1
random,100,20,8,15.0,18.0,13.0,13.0,17.0,17.0,16.0,49.5,0.0824469974469974,3,1
random,100,20,9,28.0,36.0,51.0,53.0,38.0,38.0,43.0,49.5,0.0824469974469974,3,1
random,100,20,10,91.0,95.0,96.0,95.0,95.0,95.0,94.0,49.5,0.0824469974469974,3,1
random,100,20,11,9.0,6.0,7.0,6.0,10.0,10.0,10.0,49.5,0.0824469974469974,3,1
random,100,20,12,44.0,59.0,54.0,55.0,60.0,60.0,52.0,49.5,0.0824469974469974,3,1
random,100,20,13,28.0,50.0,29.0,28.0,49.0,49.0,29.0,49.5,0.0824469974469974,3,1
random,100,20,14,9.0,5.0,8.0,8.0,7.0,8.0,11.0,49.5,0.0824469974469974,3,1
random,100,20,15,2.0,1.0,2.0,2.0,1.0,1.0,4.0,49.5,0.0824469974469974,3,1
random,100,20,16,61.0,68.0,74.0,74.0,67.0,67.0,69.0,49.5,0.0824469974469974,3,1
random,100,20,17,72.0,80.0,79.0,78.0,80.0,80.0,76.0,49.5,0.0824469974469974,3,1
random,100,20,18,9.0,22.0,9.0,9.0,15.0,15.0,9.0,49.5,0.0824469974469974,3,1
random,100,20,19,91.0,91.0,95.0,96.0,92.0,92.0,98.0,49.5,0.0824469974469974,3,1
random,100,20,20,28.0,15.0,39.0,38.0,21.0,21.0,42.0,49.5,0.0824469974469974,3,1
random,100,20,21,28.0,41.0,35.0,37.0,41.0,41.0,34.0,49.5,0.0824469974469974,3,1
random,100,20,22,28.0,18.0,15.0,15.0,22.0,22.0,31.0,49.5,0.0824469974469974,3,1
random,100,20,23,84.0,88.0,89.0,89.0,87.0,87.0,86.0,49.5,0.0824469974469974,3,1
random,100,20,24,9.0,13.0,18.0,17.0,12.0,12.0,12.0,49.5,0.0824469974469974,3,1
random,100,20,25,100.0,98.0,97.0,97.0,100.0,100.0,100.0,49.5,0.0824469974469974,3,1
random,100,20,26,1.0,2.0,4.0,4.0,2.0,2.0,1.0,49.5,0.0824469974469974,3,1
random,100,20,27,44.0,36.0,56.0,56.0,44.0,44.0,56.0,49.5,0.0824469974469974,3,1
random,100,20,28,28.0,53.0,20.0,20.0,51.0,51.0,28.0,49.5,0.0824469974469974,3,1
random,100,20,29,44.0,50.0,52.0,50.0,52.0,52.0,46.0,49.5,0.0824469974469974,3,1
random,100,20,30,28.0,27.0,30.0,30.0,30.0,30.0,40.0,49.5,0.0824469974469974,3,1
random,100,20,31,91.0,100.0,91.0,90.0,99.0,99.0,92.0,49.5,0.0824469974469974,3,1
random,100,20,32,28.0,36.0,37.0,35.0,38.0,38.0,38.0,49.5,0.0824469974469974,3,1
random,100,20,33,84.0,94.0,84.0,82.0,94.0,94.0,85.0,49.5,0.0824469974469974,3,1
random,100,20,34,44.0,53.0,50.0,51.0,54.0,54.0,51.0,49.5,0.0824469974469974,3,1
random,100,20,35,72.0,69.0,87.0,88.0,70.0,70.0,82.0,49.5,0.0824469974469974,3,1
random,100,20,36,28.0,45.0,26.0,25.0,43.0,43.0,30.0,49.5,0.0824469974469974,3,1
random,100,20,37,61.0,62.0,68.0,69.0,61.0,61.0,66.0,49.5,0.0824469974469974,3,1
random,100,20,38,84.0,69.0,83.0,83.0,76.0,76.0,89.0,49.5,0.0824469974469974,3,1
random,100,20,39,72.0,75.0,81.0,80.0,78.0,78.0,80.0,49.5,0.0824469974469974,3,1
random,100,20,40,91.0,91.0,94.0,94.0,92.0,92.0,96.0,49.5,0.0824469974469974,3,1
random,100,20,41,91.0,98.0,100.0,100.0,98.0,98.0,93.0,49.5,0.0824469974469974,3,1
random,100,20,42,15.0,15.0,24.0,24.0,16.0,16.0,23.0,49.5,0.0824469974469974,3,1
random,100,20,43,44.0,56.0,32.0,33.0,56.0,56.0,47.0,49.5,0.0824469974469974,3,1
random,100,20,44,15.0,30.0,12.0,11.0,25.0,25.0,15.0,49.5,0.0824469974469974,3,1
random,100,20,45,91.0,86.0,93.0,93.0,89.0,89.0,97.0,49.5,0.0824469974469974,3,1
random,100,20,46,2.0,3.0,3.0,3.0,3.0,3.0,3.0,49.5,0.0824469974469974,3,1
random,100,20,47,61.0,69.0,63.0,64.0,67.0,67.0,64.0,49.5,0.0824469974469974,3,1
random,100,20,48,44.0,36.0,45.0,44.0,44.0,44.0,48.0,49.5,0.0824469974469974,3,1
random,100,20,49,5.0,9.0,11.0,12.0,7.0,7.0,8.0,49.5,0.0824469974469974,3,1
random,100,20,50,44.0,59.0,41.0,40.0,58.0,58.0,44.0,49.5,0.0824469974469974,3,1
random,100,20,51,72.0,61.0,85.0,85.0,63.0,63.0,83.0,49.5,0.0824469974469974,3,1
random,100,20,52,15.0,45.0,42.0,43.0,37.0,37.0,22.0,49.5,0.0824469974469974,3,1
random,100,20,53,61.0,77.0,60.0,59.0,73.0,73.0,61.0,49.5,0.0824469974469974,3,1
random,100,20,54,44.0,34.0,49.0,48.0,40.0,40.0,58.0,49.5,0.0824469974469974,3,1
random,100,20,55,61.0,63.0,71.0,73.0,66.0,66.0,70.0,49.5,0.0824469974469974,3,1
random,100,20,56,84.0,80.0,92.0,92.0,84.0,84.0,90.0,49.5,0.0824469974469974,3,1
random,100,20,57,84.0,84.0,86.0,86.0,85.0,85.0,88.0,49.5,0.0824469974469974,3,1
random,100,20,58,15.0,41.0,21.0,21.0,34.0,34.0,17.0,49.5,0.0824469974469974,3,1
random,100,20,59,61.0,63.0,67.0,68.0,64.0,64.0,68.0,49.5,0.0824469974469974,3,1
random,100,20,60,28.0,27.0,36.0,36.0,30.0,30.0,39.0,49.5,0.0824469974469974,3,1
random,100,20,61,5.0,6.0,10.0,10.0,5.0,5.0,7.0,49.5,0.0824469974469974,3,1
random,100,20,62,44.0,36.0,40.0,41.0,44.0,44.0,50.0,49.5,0.0824469974469974,3,1
random,100,20,63,84.0,93.0,90.0,91.0,91.0,91.0,87.0,49.5,0.0824469974469974,3,1
random,100,20,64,15.0,18.0,27.0,27.0,17.0,17.0,24.0,49.5,0.0824469974469974,3,1
random,100,20,65,28.0,22.0,23.0,22.0,26.0,26.0,33.0,49.5,0.0824469974469974,3,1
random,100,20,66,72.0,72.0,82.0,84.0,72.0,72.0,81.0,49.5,0.0824469974469974,3,1
random,100,20,67,28.0,41.0,43.0,42.0,41.0,41.0,32.0,49.5,0.0824469974469974,3,1
random,100,20,68,72.0,75.0,77.0,76.0,79.0,79.0,75.0,49.5,0.0824469974469974,3,1
random,100,20,69,61.0,72.0,70.0,70.0,71.0,71.0,62.0,49.5,0.0824469974469974,3,1
random,100,20,70,44.0,18.0,61.0,62.0,29.0,29.0,60.0,49.5,0.0824469974469974,3,1
random,100,20,71,28.0,48.0,48.0,49.0,48.0,48.0,37.0,49.5,0.0824469974469974,3,1
random,100,20,72,5.0,6.0,6.0,7.0,5.0,5.0,6.0,49.5,0.0824469974469974,3,1
random,100,20,73,44.0,50.0,55.0,52.0,53.0,53.0,53.0,49.5,0.0824469974469974,3,1
random,100,20,74,72.0,80.0,80.0,81.0,80.0,80.0,79.0,49.5,0.0824469974469974,3,1
random,100,20,75,72.0,83.0,69.0,67.0,80.0,80.0,74.0,49.5,0.0824469974469974,3,1
random,100,20,76,44.0,15.0,57.0,58.0,28.0,28.0,59.0,49.5,0.0824469974469974,3,1
random,100,20,77,84.0,90.0,65.0,63.0,90.0,90.0,84.0,49.5,0.0824469974469974,3,1
random,100,20,78,28.0,30.0,46.0,47.0,32.0,32.0,35.0,49.5,0.0824469974469974,3,1
random,100,20,79,15.0,32.0,14.0,14.0,24.0,24.0,18.0,49.5,0.0824469974469974,3,1
random,100,20,80,15.0,11.0,38.0,39.0,14.0,14.0,27.0,49.5,0.0824469974469974,3,1
random,100,20,81,61.0,63.0,58.0,57.0,65.0,65.0,65.0,49.5,0.0824469974469974,3,1
random,100,20,82,44.0,67.0,62.0,65.0,62.0,62.0,49.0,49.5,0.0824469974469974,3,1
random,100,20,83,61.0,79.0,66.0,66.0,77.0,77.0,63.0,49.5,0.0824469974469974,3,1
random,100,20,84,44.0,53.0,33.0,32.0,54.0,54.0,45.0,49.5,0.0824469974469974,3,1
random,100,20,85,72.0,74.0,78.0,79.0,73.0,73.0,78.0,49.5,0.0824469974469974,3,1
random,100,20,86,28.0,33.0,34.0,34.0,35.0,35.0,36.0,49.5,0.0824469974469974,3,1
random,100,20,87,2.0,4.0,1.0,1.0,4.0,4.0,2.0,49.5,0.0824469974469974,3,1
random,100,20,88,44.0,56.0,53.0,54.0,57.0,57.0,54.0,49.5,0.0824469974469974,3,1
random,100,20,89,9.0,11.0,16.0,18.0,11.0,11.0,14.0,49.5,0.0824469974469974,3,1
random,100,20,90,44.0,48.0,59.0,61.0,50.0,50.0,57.0,49.5,0.0824469974469974,3,1
random,100,20,91,72.0,63.0,64.0,60.0,69.0,69.0,77.0,49.5,0.0824469974469974,3,1
random,100,20,92,72.0,86.0,73.0,72.0,86.0,86.0,73.0,49.5,0.0824469974469974,3,1
random,100,20,93,44.0,41.0,47.0,46.0,47.0,47.0,55.0,49.5,0.0824469974469974,3,1
random,100,20,94,5.0,10.0,5.0,5.0,9.0,9.0,5.0,49.5,0.0824469974469974,3,1
random,100,20,95,91.0,88.0,98.0,98.0,87.0,87.0,99.0,49.5,0.0824469974469974,3,1
random,100,20,96,15.0,27.0,17.0,19.0,23.0,23.0,21.0,49.5,0.0824469974469974,3,1
random,100,20,97,61.0,77.0,75.0,75.0,73.0,73.0,67.0,49.5,0.0824469974469974,3,1
random,100,20,98,28.0,22.0,31.0,31.0,26.0,26.0,41.0,49.5,0.0824469974469974,3,1
random,100,20,99,91.0,97.0,88.0,87.0,97.0,97.0,91.0,49.5,0.0824469974469974,3,1
