random,100,23,0,73.0,82.0,83.0,83.0,82.0,82.0,76.0,49.5,0.08021056721056714,3,1
random,100,23,1,44.0,55.0,35.0,35.0,57.0,57.0,45.0,49.5,0.08021056721056714,3,1
random,100,23,2,44.0,66.0,52.0,53.0,64.0,64.0,52.0,49.5,0.08021056721056714,3,1
random,100,23,3,82.0,76.0,88.0,89.0,76.0,76.0,88.0,49.5,0.08021056721056714,3,1
random,100,23,4,95.0,97.0,98.0,99.0,97.0,97.0,96.0,49.5,0.08021056721056714,3,1
random,100,23,5,9.0,9.0,13.0,12.0,9.0,9.0,12.0,49.5,0.08021056721056714,3,1
random,100,23,6,21.0,20.0,29.0,27.0,22.0,22.0,26.0,49.5,0.08021056721056714,3,1
random,100,23,7,82.0,89.0,74.0,73.0,86.0,86.0,83.0,49.5,0.08021056721056714,3,1
random,100,23,8,82.0,82.0,89.0,88.0,84.0,84.0,87.0,49.5,0.08021056721056714,3,1
random,100,23,9,30.0,50.0,32.0,29.0,45.0,45.0,31.0,49.5,0.08021056721056714,3,1
random,100,23,10,30.0,36.0,23.0,23.0,36.0,36.0,32.0,49.5,0.08021056721056714,3,1
random,100,23,11,9.0,6.0,16.0,18.0,8.0,8.0,16.0,49.5,0.08021056721056714,3,1
random,100,23,12,9.0,15.0,6.0,6.0,19.0,19.0,9.0,49.5,0.08021056721056714,3,1
random,100,23,13,44.0,75.0,71.0,71.0,72.0,72.0,53.0,49.5,0.08021056721056714,3,1
random,100,23,14,30.0,36.0,41.0,43.0,37.0,37.0,40.0,49.5,0.08021056721056714,3,1
random,100,23,15,9.0,15.0,26.0,26.0,18.0,18.0,20.0,49.5,0.08021056721056714,3,1
random,100,23,16,30.0,70.0,47.0,44.0,65.0,65.0,30.0,49.5,0.08021056721056714,3,1
random,100,23,17,63.0,63.0,73.0,75.0,63.0,63.0,70.0,49.5,0.08021056721056714,3,1
random,100,23,18,1.0,3.0,4.0,7.0,3.0,3.0,2.0,49.5,0.08021056721056714,3,1
random,100,23,19,99.0,98.0,99.0,98.0,99.0,99.0,100.0,49.5,0.08021056721056714,3,1
random,100,23,20,44.0,55.0,68.0,70.0,57.0,57.0,59.0,49.5,0.08021056721056714,3,1
random,100,23,21,21.0,44.0,33.0,33.0,37.0,37.0,24.0,49.5,0.08021056721056714,3,1
random,100,23,22,4.0,6.0,7.0,5.0,5.0,5.0,5.0,49.5,0.08021056721056714,3,1
random,100,23,23,44.0,60.0,64.0,62.0,57.0,57.0,56.0,49.5,0.08021056721056714,3,1
random,100,23,24,82.0,82.0,90.0,90.0,84.0,84.0,90.0,49.5,0.08021056721056714,3,1
random,100,23,25,91.0,92.0,92.0,92.0,93.0,93.0,92.0,49.5,0.08021056721056714,3,1
random,100,23,26,30.0,41.0,24.0,25.0,41.0,41.0,33.0,49.5,0.08021056721056714,3,1
random,100,23,27,44.0,53.0,60.0,59.0,53.0,53.0,61.0,49.5,0.08021056721056714,3,1
random,100,23,28,9.0,5.0,18.0,19.0,6.0,6.0,19.0,49.5,0.08021056721056714,3,1
random,100,23,29,44.0,44.0,59.0,60.0,45.0,45.0,57.0,49.5,0.08021056721056714,3,1
random,100,23,30,82.0,87.0,86.0,86.0,86.0,86.0,86.0,49.5,0.08021056721056714,3,1
random,100,23,31,44.0,47.0,45.0,47.0,50.0,50.0,49.0,49.5,0.08021056721056714,3,1
random,100,23,32,63.0,41.0,66.0,66.0,48.0,48.0,73.0,49.5,0.08021056721056714,3,1
random,100,23,33,73.0,79.0,85.0,85.0,78.0,78.0,77.0,49.5,0.08021056721056714,3,1
random,100,23,34,44.0,50.0,48.0,48.0,51.0,51.0,51.0,49.5,0.08021056721056714,3,1
random,100,23,35,63.0,65.0,53.0,51.0,67.0,67.0,64.0,49.5,0.08021056721056714,3,1
random,100,23,36,91.0,90.0,93.0,93.0,92.0,92.0,91.0,49.5,0.08021056721056714,3,1
random,100,23,37,63.0,50.0,62.0,61.0,60.0,60.0,67.0,49.5,0.08021056721056714,3,1
random,100,23,38,63.0,70.0,75.0,74.0,70.0,70.0,71.0,49.5,0.08021056721056714,3,1
random,100,23,39,9.0,13.0,15.0,15.0,15.0,15.0,14.0,49.5,0.08021056721056714,3,1
random,100,23,40,73.0,63.0,82.0,82.0,66.0,66.0,81.0,49.5,0.08021056721056714,3,1
random,100,23,41,44.0,41.0,55.0,54.0,44.0,44.0,55.0,49.5,0.08021056721056714,3,1
random,100,23,42,95.0,96.0,97.0,97.0,96.0,96.0,98.0,49.5,0.08021056721056714,3,1
random,100,23,43,73.0,80.0,84.0,84.0,78.0,78.0,79.0,49.5,0.08021056721056714,3,1
random,100,23,44,4.0,4.0,5.0,2.0,4.0,4.0,7.0,49.5,0.08021056721056714,3,1
random,100,23,45,30.0,27.0,61.0,63.0,31.0,31.0,43.0,49.5,0.08021056721056714,3,1
random,100,23,46,44.0,53.0,42.0,40.0,55.0,55.0,47.0,49.5,0.08021056721056714,3,1
random,100,23,47,95.0,95.0,96.0,96.0,95.0,95.0,97.0,49.5,0.08021056721056714,3,1
random,100,23,48,44.0,47.0,56.0,56.0,47.0,47.0,54.0,49.5,0.08021056721056714,3,1
random,100,23,49,21.0,27.0,28.0,32.0,26.0,26.0,27.0,49.5,0.08021056721056714,3,1
random,100,23,50,63.0,60.0,65.0,65.0,62.0,62.0,72.0,49.5,0.08021056721056714,3,1
random,100,23,51,73.0,68.0,79.0,79.0,73.0,73.0,78.0,49.5,0.08021056721056714,3,1
random,100,23,52,4.0,15.0,2.0,3.0,10.0,10.0,4.0,49.5,0.08021056721056714,3,1
random,100,23,53,9.0,10.0,10.0,8.0,13.0,13.0,10.0,49.5,0.08021056721056714,3,1
random,100,23,54,63.0,68.0,67.0,67.0,68.0,68.0,66.0,49.5,0.08021056721056714,3,1
random,100,23,55,4.0,15.0,9.0,9.0,12.0,12.0,6.0,49.5,0.08021056721056714,3,1
random,100,23,56,21.0,19.0,27.0,28.0,21.0,21.0,28.0,49.5,0.08021056721056714,3,1
random,100,23,57,73.0,78.0,69.0,68.0,77.0,77.0,74.0,49.5,0.08021056721056714,3,1
random,100,23,58,21.0,36.0,17.0,17.0,30.0,30.0,23.0,49.5,0.08021056721056714,3,1
random,100,23,59,44.0,39.0,38.0,38.0,43.0,43.0,50.0,49.5,0.08021056721056714,3,1
random,100,23,60,44.0,30.0,63.0,64.0,39.0,39.0,62.0,49.5,0.08021056721056714,3,1
random,100,23,61,73.0,85.0,78.0,78.0,82.0,82.0,75.0,49.5,0.08021056721056714,3,1
random,100,23,62,30.0,24.0,54.0,55.0,25.0,25.0,42.0,49.5,0.08021056721056714,3,1
random,100,23,63,30.0,25.0,40.0,45.0,28.0,28.0,41.0,49.5,0.08021056721056714,3,1
random,100,23,64,30.0,55.0,44.0,42.0,52.0,52.0,35.0,49.5,0.08021056721056714,3,1
random,100,23,65,30.0,30.0,37.0,37.0,33.0,33.0,36.0,49.5,0.08021056721056714,3,1
random,100,23,66,21.0,25.0,31.0,31.0,23.0,23.0,29.0,49.5,0.08021056721056714,3,1
random,100,23,67,44.0,55.0,70.0,69.0,54.0,54.0,60.0,49.5,0.08021056721056714,3,1
random,100,23,68,82.0,77.0,57.0,57.0,80.0,80.0,84.0,49.5,0.08021056721056714,3,1
random,100,23,69,21.0,39.0,30.0,30.0,32.0,32.0,25.0,49.5,0.08021056721056714,3,1
random,100,23,70,4.0,20.0,22.0,24.0,17.0,17.0,8.0,49.5,0.08021056721056714,3,1
random,100,23,71,44.0,47.0,14.0,14.0,49.0,49.0,44.0,49.5,0.08021056721056714,3,1
random,100,23,72,82.0,90.0,81.0,81.0,90.0,90.0,85.0,49.5,0.08021056721056714,3,1
random,100,23,73,30.0,20.0,34.0,34.0,24.0,24.0,39.0,49.5,0.08021056721056714,3,1
random,100,23,74,44.0,55.0,46.0,46.0,55.0,55.0,46.0,49.5,0.08021056721056714,3,1
random,100,23,75,91.0,87.0,95.0,95.0,89.0,89.0,94.0,49.5,0.08021056721056714,3,1
random,100,23,76,95.0,99.0,94.0,94.0,98.0,98.0,95.0,49.5,0.08021056721056714,3,1
random,100,23,77,44.0,60.0,49.0,50.0,61.0,61.0,48.0,49.5,0.08021056721056714,3,1
random,100,23,78,9.0,10.0,11.0,11.0,13.0,13.0,13.0,49.5,0.08021056721056714,3,1
random,100,23,79,9.0,13.0,19.0,22.0,15.0,15.0,15.0,49.5,0.08021056721056714,3,1
random,100,23,80,21.0,27.0,20.0,16.0,26.0,26.0,22.0,49.5,0.08021056721056714,3,1
random,100,23,81,30.0,44.0,39.0,39.0,42.0,42.0,37.0,49.5,0.08021056721056714,3,1
random,100,23,82,1.0,1.0,3.0,4.0,1.0,1.0,3.0,49.5,0.08021056721056714,3,1
random,100,23,83,82.0,80.0,87.0,87.0,81.0,81.0,89.0,49.5,0.08021056721056714,3,1
random,100,23,84,73.0,66.0,80.0,80.0,69.0,69.0,80.0,49.5,0.08021056721056714,3,1
random,100,23,85,21.0,30.0,8.0,10.0,29.0,29.0,21.0,49.5,0.08021056721056714,3,1
random,100,23,86,1.0,2.0,1.0,1.0,2.0,2.0,1.0,49.5,0.08021056721056714,3,1
random,100,23,87,30.0,30.0,43.0,41.0,35.0,35.0,38.0,49.5,0.08021056721056714,3,1
random,100,23,88,99.0,100.0,100.0,100.0,100.0,100.0,99.0,49.5,0.08021056721056714,3,1
random,100,23,89,9.0,20.0,12.0,13.0,20.0,20.0,11.0,49.5,0.08021056721056714,3,1
random,100,23,90,73.0,93.0,51.0,49.0,91.0,91.0,65.0,49.5,0.08021056721056714,3,1
random,100,23,91,9.0,6.0,25.0,21.0,7.0,7.0,18.0,49.5,0.08021056721056714,3,1
random,100,23,92,44.0,30.0,58.0,58.0,39.0,39.0,58.0,49.5,0.08021056721056714,3,1
random,100,23,93,63.0,70.0,50.0,52.0,71.0,71.0,63.0,49.5,0.08021056721056714,3,1
random,100,23,94,9.0,10.0,21.0,20.0,11.0,11.0,17.0,49.5,0.08021056721056714,3,1
random,100,23,95,82.0,94.0,77.0,77.0,94.0,94.0,82.0,49.5,0.08021056721056714,3,1
random,100,23,96,63.0,73.0,72.0,72.0,74.0,74.0,68.0,49.5,0.08021056721056714,3,1
random,100,23,97,63.0,73.0,76.0,76.0,74.0,74.0,69.0,49.5,0.08021056721056714,3,1
random,100,23,98,30.0,30.0,36.0,36.0,33.0,33.0,34.0,49.5,0.08021056721056714,3,1
random,100,23,99,91.0,85.0,91.0,91.0,88.0,88.0,93.0,49.5,0.08021056721056714,3,1
random,100,24,0,30.0,46.0,51.0,52.0,41.0,41.0,39.0,49.5,0.07199944499944494,3,1
random,100,24,1,42.0,37.0,61.0,64.0,44.0,44.0,53.0,49.5,0.07199944499944494,3,1
random,100,24,2,73.0,86.0,72.0,73.0,86.0,86.0,75.0,49.5,0.07199944499944494,3,1
random,100,24,3,55.0,62.0,53.0,51.0,65.0,65.0,57.0,49.5,0.07199944499944494,3,1
random,100,24,4,14.0,17.0,32.0,32.0,16.0,16.0,27.0,49.5,0.07199944499944494,3,1
random,100,24,5,42.0,35.0,39.0,37.0,39.0,39.0,47.0,49.5,0.07199944499944494,3,1
random,100,24,6,42.0,67.0,55.0,55.0,65.0,65.0,44.0,49.5,0.07199944499944494,3,1
random,100,24,7,73.0,71.0,85.0,85.0,74.0,74.0,80.0,49.5,0.07199944499944494,3,1
random,100,24,8,73.0,77.0,78.0,78.0,80.0,80.0,77.0,49.5,0.07199944499944494,3,1
random,100,24,9,85.0,77.0,88.0,87.0,82.0,82.0,90.0,49.5,0.07199944499944494,3,1
random,100,24,10,9.0,9.0,13.0,15.0,10.0,10.0,12.0,49.5,0.07199944499944494,3,1
random,100,24,11,55.0,58.0,58.0,57.0,59.0,59.0,63.0,49.5,0.07199944499944494,3,1
random,100,24,12,42.0,50.0,31.0,30.0,47.0,47.0,43.0,49.5,0.07199944499944494,3,1
random,100,24,13,85.0,93.0,83.0,81.0,92.0,92.0,86.0,49.5,0.07199944499944494,3,1
random,100,24,14,30.0,37.0,27.0,27.0,37.0,37.0,30.0,49.5,0.07199944499944494,3,1
random,100,24,15,55.0,55.0,68.0,67.0,59.0,59.0,61.0,49.5,0.07199944499944494,3,1
random,100,24,16,73.0,74.0,75.0,74.0,76.0,76.0,78.0,49.5,0.07199944499944494,3,1
random,100,24,17,30.0,44.0,35.0,35.0,40.0,40.0,33.0,49.5,0.07199944499944494,3,1
random,100,24,18,14.0,19.0,20.0,21.0,18.0,18.0,18.0,49.5,0.07199944499944494,3,1
random,100,24,19,7.0,9.0,11.0,13.0,7.0,7.0,8.0,49.5,0.07199944499944494,3,1
random,100,24,20,94.0,95.0,94.0,93.0,95.0,95.0,96.0,49.5,0.07199944499944494,3,1
random,100,24,21,30.0,14.0,40.0,43.0,17.0,17.0,40.0,49.5,0.07199944499944494,3,1
random,100,24,22,9.0,29.0,7.0,10.0,28.0,28.0,9.0,49.5,0.07199944499944494,3,1
random,100,24,23,30.0,46.0,38.0,39.0,41.0,41.0,34.0,49.5,0.07199944499944494,3,1
random,100,24,24,55.0,83.0,69.0,72.0,79.0,79.0,60.0,49.5,0.07199944499944494,3,1
random,100,24,25,99.0,99.0,100.0,100.0,99.0,99.0,100.0,49.5,0.07199944499944494,3,1
random,100,24,26,55.0,50.0,64.0,61.0,52.0,52.0,66.0,49.5,0.07199944499944494,3,1
random,100,24,27,42.0,62.0,47.0,47.0,58.0,58.0,45.0,49.5,0.07199944499944494,3,1
random,100,24,28,94.0,92.0,76.0,69.0,94.0,94.0,94.0,49.5,0.07199944499944494,3,1
random,100,24,29,42.0,54.0,52.0,53.0,53.0,53.0,48.0,49.5,0.07199944499944494,3,1
random,100,24,30,42.0,55.0,63.0,65.0,53.0,53.0,54.0,49.5,0.07199944499944494,3,1
random,100,24,31,9.0,9.0,15.0,14.0,9.0,9.0,13.0,49.5,0.07199944499944494,3,1
random,100,24,32,30.0,29.0,41.0,40.0,32.0,32.0,35.0,49.5,0.07199944499944494,3,1
random,100,24,33,55.0,58.0,56.0,56.0,59.0,59.0,62.0,49.5,0.07199944499944494,3,1
random,100,24,34,85.0,77.0,90.0,90.0,84.0,84.0,92.0,49.5,0.07199944499944494,3,1
random,100,24,35,42.0,29.0,46.0,46.0,37.0,37.0,49.0,49.5,0.07199944499944494,3,1
random,100,24,36,30.0,29.0,37.0,38.0,35.0,35.0,36.0,49.5,0.07199944499944494,3,1
random,100,24,37,14.0,21.0,16.0,16.0,20.0,20.0,22.0,49.5,0.07199944499944494,3,1
random,100,24,38,55.0,60.0,48.0,48.0,63.0,63.0,59.0,49.5,0.07199944499944494,3,1
random,100,24,39,55.0,46.0,81.0,84.0,51.0,51.0,72.0,49.5,0.07199944499944494,3,1
random,100,24,40,42.0,52.0,50.0,49.0,49.0,49.0,52.0,49.5,0.07199944499944494,3,1
random,100,24,41,9.0,15.0,8.0,6.0,14.0,14.0,10.0,49.5,0.07199944499944494,3,1
random,100,24,42,14.0,37.0,30.0,31.0,33.0,33.0,23.0,49.5,0.07199944499944494,3,1
random,100,24,43,85.0,88.0,95.0,95.0,89.0,89.0,91.0,49.5,0.07199944499944494,3,1
random,100,24,44,5.0,5.0,5.0,5.0,5.0,5.0,5.0,49.5,0.07199944499944494,3,1
random,100,24,45,94.0,96.0,96.0,96.0,95.0,95.0,98.0,49.5,0.07199944499944494,3,1
random,100,24,46,9.0,28.0,19.0,20.0,27.0,27.0,11.0,49.5,0.07199944499944494,3,1
random,100,24,47,94.0,97.0,97.0,98.0,97.0,97.0,97.0,49.5,0.07199944499944494,3,1
random,100,24,48,30.0,62.0,42.0,42.0,57.0,57.0,32.0,49.5,0.07199944499944494,3,1
random,100,24,49,30.0,17.0,44.0,44.0,22.0,22.0,41.0,49.5,0.07199944499944494,3,1
random,100,24,50,85.0,91.0,87.0,88.0,91.0,91.0,87.0,49.5,0.07199944499944494,3,1
random,100,24,51,5.0,6.0,6.0,7.0,6.0,6.0,6.0,49.5,0.07199944499944494,3,1
random,100,24,52,14.0,21.0,24.0,24.0,20.0,20.0,24.0,49.5,0.07199944499944494,3,1
random,100,24,53,73.0,75.0,89.0,89.0,77.0,77.0,82.0,49.5,0.07199944499944494,3,1
random,100,24,54,55.0,71.0,60.0,60.0,71.0,71.0,56.0,49.5,0.07199944499944494,3,1
random,100,24,55,42.0,67.0,36.0,36.0,64.0,64.0,42.0,49.5,0.07199944499944494,3,1
random,100,24,56,85.0,83.0,92.0,92.0,87.0,87.0,93.0,49.5,0.07199944499944494,3,1
random,100,24,57,14.0,24.0,18.0,18.0,23.0,23.0,17.0,49.5,0.07199944499944494,3,1
random,100,24,58,85.0,94.0,77.0,75.0,93.0,93.0,85.0,49.5,0.07199944499944494,3,1
random,100,24,59,1.0,2.0,1.0,1.0,2.0,2.0,1.0,49.5,0.07199944499944494,3,1
random,100,24,60,55.0,77.0,74.0,76.0,75.0,75.0,64.0,49.5,0.07199944499944494,3,1
random,100,24,61,85.0,90.0,91.0,91.0,90.0,90.0,89.0,49.5,0.07199944499944494,3,1
random,100,24,62,73.0,82.0,65.0,63.0,81.0,81.0,73.0,49.5,0.07199944499944494,3,1
random,100,24,63,42.0,37.0,49.0,50.0,44.0,44.0,50.0,49.5,0.07199944499944494,3,1
random,100,24,64,14.0,37.0,29.0,28.0,33.0,33.0,20.0,49.5,0.07199944499944494,3,1
random,100,24,65,30.0,29.0,23.0,22.0,35.0,35.0,31.0,49.5,0.07199944499944494,3,1
random,100,24,66,42.0,37.0,43.0,41.0,44.0,44.0,46.0,49.5,0.07199944499944494,3,1
random,100,24,67,99.0,100.0,99.0,99.0,100.0,100.0,99.0,49.5,0.07199944499944494,3,1
random,100,24,68,14.0,35.0,22.0,19.0,30.0,30.0,14.0,49.5,0.07199944499944494,3,1
random,100,24,69,1.0,2.0,3.0,3.0,2.0,2.0,3.0,49.5,0.07199944499944494,3,1
random,100,24,70,55.0,67.0,45.0,45.0,68.0,68.0,55.0,49.5,0.07199944499944494,3,1
random,100,24,71,30.0,26.0,33.0,33.0,29.0,29.0,37.0,49.5,0.07199944499944494,3,1
random,100,24,72,14.0,9.0,25.0,25.0,15.0,15.0,29.0,49.5,0.07199944499944494,3,1
random,100,24,73,55.0,75.0,79.0,83.0,72.0,72.0,65.0,49.5,0.07199944499944494,3,1
random,100,24,74,73.0,71.0,86.0,86.0,73.0,73.0,83.0,49.5,0.07199944499944494,3,1
random,100,24,75,1.0,2.0,2.0,2.0,2.0,2.0,2.0,49.5,0.07199944499944494,3,1
random,100,24,76,94.0,98.0,98.0,97.0,98.0,98.0,95.0,49.5,0.07199944499944494,3,1
random,100,24,77,14.0,9.0,21.0,23.0,13.0,13.0,28.0,49.5,0.07199944499944494,3,1
random,100,24,78,7.0,15.0,9.0,9.0,8.0,8.0,7.0,49.5,0.07199944499944494,3,1
random,100,24,79,14.0,19.0,28.0,29.0,19.0,19.0,26.0,49.5,0.07199944499944494,3,1
random,100,24,80,14.0,7.0,10.0,8.0,12.0,12.0,16.0,49.5,0.07199944499944494,3,1
random,100,24,81,85.0,88.0,82.0,79.0,88.0,88.0,88.0,49.5,0.07199944499944494,3,1
random,100,24,82,30.0,21.0,26.0,26.0,26.0,26.0,38.0,49.5,0.07199944499944494,3,1
random,100,24,83,73.0,67.0,70.0,70.0,70.0,70.0,79.0,49.5,0.07199944499944494,3,1
random,100,24,84,55.0,60.0,71.0,71.0,62.0,62.0,67.0,49.5,0.07199944499944494,3,1
random,100,24,85,55.0,46.0,59.0,59.0,49.0,49.0,68.0,49.5,0.07199944499944494,3,1
random,100,24,86,14.0,7.0,14.0,12.0,11.0,11.0,21.0,49.5,0.07199944499944494,3,1
random,100,24,87,1.0,1.0,4.0,4.0,1.0,1.0,4.0,49.5,0.07199944499944494,3,1
random,100,24,88,55.0,29.0,54.0,54.0,43.0,43.0,70.0,49.5,0.07199944499944494,3,1
random,100,24,89,55.0,44.0,73.0,77.0,48.0,48.0,71.0,49.5,0.07199944499944494,3,1
random,100,24,90,14.0,26.0,12.0,11.0,25.0,25.0,15.0,49.5,0.07199944499944494,3,1
random,100,24,91,73.0,83.0,93.0,94.0,83.0,83.0,84.0,49.5,0.07199944499944494,3,1
random,100,24,92,55.0,65.0,62.0,62.0,67.0,67.0,58.0,49.5,0.07199944499944494,3,1
random,100,24,93,42.0,55.0,57.0,58.0,55.0,55.0,51.0,49.5,0.07199944499944494,3,1
random,100,24,94,73.0,65.0,80.0,80.0,69.0,69.0,81.0,49.5,0.07199944499944494,3,1
random,100,24,95,14.0,37.0,34.0,34.0,31.0,31.0,25.0,49.5,0.07199944499944494,3,1
random,100,24,96,73.0,86.0,84.0,82.0,85.0,85.0,76.0,49.5,0.07199944499944494,3,1
random,100,24,97,55.0,52.0,66.0,68.0,55.0,55.0,69.0,49.5,0.07199944499944494,3,1
random,100,24,98,14.0,24.0,17.0,17.0,23.0,23.0,19.0,49.5,0.07199944499944494,3,1
random,100,24,99,73.0,77.0,67.0,66.0,78.0,78.0,74.0,49.5,0.07199944499944494,3,1
