random,100,27,0,40.0,52.0,53.0,59.0,52.0,52.0,49.0,49.5,0.08106709956709954,3,1
random,100,27,1,2.0,4.0,6.0,6.0,3.0,3.0,4.0,49.5,0.08106709956709954,3,1
random,100,27,2,56.0,57.0,57.0,58.0,58.0,58.0,63.0,49.5,0.08106709956709954,3,1
random,100,27,3,27.0,41.0,43.0,45.0,38.0,38.0,34.0,49.5,0.08106709956709954,3,1
random,100,27,4,56.0,68.0,63.0,61.0,65.0,65.0,60.0,49.5,0.08106709956709954,3,1
random,100,27,5,13.0,17.0,28.0,30.0,16.0,16.0,22.0,49.5,0.08106709956709954,3,1
random,100,27,6,27.0,33.0,21.0,22.0,34.0,34.0,29.0,49.5,0.08106709956709954,3,1
random,100,27,7,2.0,2.0,2.0,2.0,2.0,2.0,2.0,49.5,0.08106709956709954,3,1
random,100,27,8,40.0,65.0,50.0,48.0,57.0,57.0,42.0,49.5,0.08106709956709954,3,1
random,100,27,9,27.0,33.0,39.0,38.0,34.0,34.0,35.0,49.5,0.08106709956709954,3,1
random,100,27,10,56.0,58.0,65.0,64.0,61.0,61.0,62.0,49.5,0.08106709956709954,3,1
random,100,27,11,40.0,50.0,54.0,55.0,50.0,50.0,48.0,49.5,0.08106709956709954,3,1
random,100,27,12,23.0,14.0,31.0,32.0,20.0,20.0,26.0,49.5,0.08106709956709954,3,1
random,100,27,13,27.0,41.0,20.0,20.0,39.0,39.0,27.0,49.5,0.08106709956709954,3,1
random,100,27,14,5.0,6.0,3.0,3.0,6.0,6.0,5.0,49.5,0.08106709956709954,3,1
random,100,27,15,90.0,95.0,94.0,94.0,95.0,95.0,92.0,49.5,0.08106709956709954,3,1
random,100,27,16,69.0,78.0,81.0,81.0,78.0,78.0,76.0,49.5,0.08106709956709954,3,1
random,100,27,17,69.0,68.0,61.0,62.0,72.0,72.0,73.0,49.5,0.08106709956709954,3,1
random,100,27,18,69.0,58.0,82.0,82.0,67.0,67.0,79.0,49.5,0.08106709956709954,3,1
random,100,27,19,56.0,58.0,72.0,73.0,61.0,61.0,66.0,49.5,0.08106709956709954,3,1
random,100,27,20,69.0,76.0,49.0,46.0,77.0,77.0,69.0,49.5,0.08106709956709954,3,1
random,100,27,21,81.0,83.0,89.0,89.0,83.0,83.0,87.0,49.5,0.08106709956709954,3,1
random,100,27,22,90.0,87.0,93.0,92.0,89.0,89.0,94.0,49.5,0.08106709956709954,3,1
random,100,27,23,5.0,10.0,9.0,9.0,7.0,7.0,6.0,49.5,0.08106709956709954,3,1
random,100,27,24,90.0,84.0,91.0,91.0,87.0,87.0,91.0,49.5,0.08106709956709954,3,1
random,100,27,25,23.0,29.0,26.0,26.0,27.0,27.0,24.0,49.5,0.08106709956709954,3,1
random,100,27,26,69.0,82.0,84.0,84.0,82.0,82.0,74.0,49.5,0.08106709956709954,3,1
random,100,27,27,56.0,58.0,55.0,51.0,61.0,61.0,59.0,49.5,0.08106709956709954,3,1
random,100,27,28,9.0,17.0,5.0,4.0,14.0,14.0,9.0,49.5,0.08106709956709954,3,1
random,100,27,29,9.0,7.0,13.0,13.0,9.0,9.0,11.0,49.5,0.08106709956709954,3,1
random,100,27,30,69.0,68.0,71.0,68.0,71.0,71.0,75.0,49.5,0.08106709956709954,3,1
random,100,27,31,13.0,7.0,24.0,24.0,11.0,11.0,21.0,49.5,0.08106709956709954,3,1
random,100,27,32,40.0,41.0,42.0,42.0,46.0,46.0,45.0,49.5,0.08106709956709954,3,1
random,100,27,33,40.0,47.0,51.0,53.0,48.0,48.0,53.0,49.5,0.08106709956709954,3,1
random,100,27,34,69.0,54.0,83.0,83.0,64.0,64.0,80.0,49.5,0.08106709956709954,3,1
random,100,27,35,40.0,49.0,45.0,44.0,49.0,49.0,44.0,49.5,0.08106709956709954,3,1
random,100,27,36,40.0,29.0,41.0,40.0,31.0,31.0,47.0,49.5,0.08106709956709954,3,1
random,100,27,37,90.0,87.0,95.0,95.0,90.0,90.0,95.0,49.5,0.08106709956709954,3,1
random,100,27,38,56.0,58.0,66.0,69.0,60.0,60.0,67.0,49.5,0.08106709956709954,3,1
random,100,27,39,27.0,25.0,35.0,37.0,28.0,28.0,38.0,49.5,0.08106709956709954,3,1
random,100,27,40,69.0,58.0,56.0,54.0,67.0,67.0,72.0,49.5,0.08106709956709954,3,1
random,100,27,41,69.0,74.0,74.0,76.0,72.0,72.0,77.0,49.5,0.08106709956709954,3,1
random,100,27,42,13.0,14.0,19.0,18.0,15.0,15.0,20.0,49.5,0.08106709956709954,3,1
random,100,27,43,56.0,78.0,77.0,77.0,76.0,76.0,56.0,49.5,0.08106709956709954,3,1
random,100,27,44,97.0,97.0,98.0,98.0,98.0,98.0,100.0,49.5,0.08106709956709954,3,1
random,100,27,45,56.0,54.0,60.0,60.0,58.0,58.0,58.0,49.5,0.08106709956709954,3,1
random,100,27,46,56.0,50.0,58.0,52.0,53.0,53.0,64.0,49.5,0.08106709956709954,3,1
random,100,27,47,56.0,75.0,69.0,71.0,74.0,74.0,65.0,49.5,0.08106709956709954,3,1
random,100,27,48,40.0,58.0,38.0,36.0,54.0,54.0,41.0,49.5,0.08106709956709954,3,1
random,100,27,49,27.0,28.0,17.0,17.0,29.0,29.0,28.0,49.5,0.08106709956709954,3,1
random,100,27,50,56.0,68.0,73.0,72.0,70.0,70.0,61.0,49.5,0.08106709956709954,3,1
random,100,27,51,69.0,87.0,75.0,74.0,84.0,84.0,71.0,49.5,0.08106709956709954,3,1
random,100,27,52,13.0,17.0,15.0,16.0,17.0,17.0,18.0,49.5,0.08106709956709954,3,1
random,100,27,53,90.0,98.0,87.0,85.0,96.0,96.0,90.0,49.5,0.08106709956709954,3,1
random,100,27,54,40.0,41.0,64.0,65.0,46.0,46.0,54.0,49.5,0.08106709956709954,3,1
random,100,27,55,9.0,12.0,12.0,10.0,12.0,12.0,10.0,49.5,0.08106709956709954,3,1
random,100,27,56,2.0,14.0,7.0,8.0,8.0,8.0,3.0,49.5,0.08106709956709954,3,1
random,100,27,57,27.0,47.0,33.0,34.0,43.0,43.0,31.0,49.5,0.08106709956709954,3,1
random,100,27,58,9.0,10.0,23.0,23.0,10.0,10.0,12.0,49.5,0.08106709956709954,3,1
random,100,27,59,56.0,68.0,67.0,67.0,65.0,65.0,57.0,49.5,0.08106709956709954,3,1
random,100,27,60,23.0,7.0,29.0,29.0,13.0,13.0,25.0,49.5,0.08106709956709954,3,1
random,100,27,61,40.0,41.0,36.0,35.0,45.0,45.0,46.0,49.5,0.08106709956709954,3,1
random,100,27,62,97.0,100.0,97.0,97.0,100.0,100.0,97.0,49.5,0.08106709956709954,3,1
random,100,27,63,69.0,91.0,62.0,63.0,86.0,86.0,70.0,49.5,0.08106709956709954,3,1
random,100,27,64,1.0,1.0,1.0,1.0,1.0,1.0,1.0,49.5,0.08106709956709954,3,1
random,100,27,65,13.0,17.0,22.0,21.0,17.0,17.0,19.0,49.5,0.08106709956709954,3,1
random,100,27,66,40.0,52.0,44.0,41.0,51.0,51.0,40.0,49.5,0.08106709956709954,3,1
random,100,27,67,56.0,54.0,78.0,78.0,56.0,56.0,68.0,49.5,0.08106709956709954,3,1
random,100,27,68,5.0,4.0,10.0,12.0,5.0,5.0,8.0,49.5,0.08106709956709954,3,1
random,100,27,69,27.0,32.0,40.0,43.0,30.0,30.0,36.0,49.5,0.08106709956709954,3,1
random,100,27,70,81.0,84.0,88.0,88.0,85.0,85.0,85.0,49.5,0.08106709956709954,3,1
random,100,27,71,5.0,3.0,4.0,5.0,4.0,4.0,7.0,49.5,0.08106709956709954,3,1
random,100,27,72,81.0,91.0,79.0,79.0,91.0,91.0,83.0,49.5,0.08106709956709954,3,1
random,100,27,73,81.0,80.0,85.0,87.0,81.0,81.0,88.0,49.5,0.08106709956709954,3,1
random,100,27,74,13.0,22.0,14.0,14.0,22.0,22.0,15.0,49.5,0.08106709956709954,3,1
random,100,27,75,40.0,65.0,47.0,47.0,54.0,54.0,43.0,49.5,0.08106709956709954,3,1
random,100,27,76,97.0,96.0,96.0,96.0,97.0,97.0,99.0,49.5,0.08106709956709954,3,1
random,100,27,77,13.0,17.0,16.0,15.0,17.0,17.0,16.0,49.5,0.08106709956709954,3,1
random,100,27,78,27.0,12.0,32.0,31.0,21.0,21.0,39.0,49.5,0.08106709956709954,3,1
random,100,27,79,23.0,37.0,27.0,27.0,33.0,33.0,23.0,49.5,0.08106709956709954,3,1
random,100,27,80,13.0,25.0,8.0,7.0,25.0,25.0,13.0,49.5,0.08106709956709954,3,1
random,100,27,81,40.0,29.0,52.0,57.0,31.0,31.0,55.0,49.5,0.08106709956709954,3,1
random,100,27,82,81.0,68.0,86.0,86.0,75.0,75.0,89.0,49.5,0.08106709956709954,3,1
random,100,27,83,69.0,65.0,76.0,75.0,69.0,69.0,78.0,49.5,0.08106709956709954,3,1
random,100,27,84,90.0,90.0,100.0,100.0,93.0,93.0,96.0,49.5,0.08106709956709954,3,1
random,100,27,85,81.0,76.0,70.0,70.0,79.0,79.0,82.0,49.5,0.08106709956709954,3,1
random,100,27,86,90.0,86.0,92.0,93.0,92.0,92.0,93.0,49.5,0.08106709956709954,3,1
random,100,27,87,27.0,33.0,30.0,28.0,34.0,34.0,33.0,49.5,0.08106709956709954,3,1
random,100,27,88,27.0,33.0,25.0,25.0,34.0,34.0,30.0,49.5,0.08106709956709954,3,1
random,100,27,89,27.0,22.0,34.0,33.0,26.0,26.0,37.0,49.5,0.08106709956709954,3,1
random,100,27,90,40.0,38.0,46.0,49.0,41.0,41.0,52.0,49.5,0.08106709956709954,3,1
random,100,27,91,81.0,91.0,90.0,90.0,88.0,88.0,86.0,49.5,0.08106709956709954,3,1
random,100,27,92,81.0,94.0,68.0,66.0,94.0,94.0,81.0,49.5,0.08106709956709954,3,1
random,100,27,93,40.0,38.0,59.0,56.0,41.0,41.0,51.0,49.5,0.08106709956709954,3,1
random,100,27,94,40.0,40.0,48.0,50.0,43.0,43.0,50.0,49.5,0.08106709956709954,3,1
random,100,27,95,13.0,25.0,18.0,19.0,24.0,24.0,17.0,49.5,0.08106709956709954,3,1
random,100,27,96,81.0,80.0,80.0,80.0,80.0,80.0,84.0,49.5,0.08106709956709954,3,1
random,100,27,97,27.0,41.0,37.0,39.0,39.0,39.0,32.0,49.5,0.08106709956709954,3,1
random,100,27,98,13.0,22.0,11.0,11.0,23.0,23.0,14.0,49.5,0.08106709956709954,3,1
random,100,27,99,97.0,99.0,99.0,99.0,99.0,99.0,98.0,49.5,0.08106709956709954,3,1
random,100,28,0,17.0,26.0,18.0,19.0,25.0,25.0,17.0,49.5,0.09952103941809826,4,1
random,100,28,1,27.0,69.0,35.0,34.0,63.0,63.0,27.0,49.5,0.09952103941809826,4,1
random,100,28,2,83.0,90.0,86.0,82.0,90.0,90.0,84.0,49.5,0.09952103941809826,4,1
random,100,28,3,27.0,24.0,20.0,18.0,28.0,28.0,28.0,49.5,0.09952103941809826,4,1
random,100,28,4,7.0,1.0,10.0,6.0,3.0,3.0,10.0,49.5,0.09952103941809826,4,1
random,100,28,5,27.0,57.0,28.0,28.0,51.0,51.0,31.0,49.5,0.09952103941809826,4,1
random,100,28,6,56.0,75.0,61.0,60.0,72.0,72.0,58.0,49.5,0.09952103941809826,4,1
random,100,28,7,2.0,1.0,1.0,1.0,2.0,2.0,2.0,49.5,0.09952103941809826,4,1
random,100,28,8,7.0,15.0,12.0,12.0,15.0,15.0,8.0,49.5,0.09952103941809826,4,1
random,100,28,9,27.0,63.0,32.0,33.0,53.0,53.0,29.0,49.5,0.09952103941809826,4,1
random,100,28,10,83.0,71.0,81.0,81.0,75.0,75.0,88.0,49.5,0.09952103941809826,4,1
random,100,28,11,44.0,49.0,42.0,43.0,49.0,49.0,46.0,49.5,0.09952103941809826,4,1
random,100,28,12,72.0,53.0,75.0,76.0,64.0,64.0,79.0,49.5,0.09952103941809826,4,1
random,100,28,13,56.0,51.0,76.0,77.0,56.0,56.0,70.0,49.5,0.09952103941809826,4,1
random,100,28,14,56.0,41.0,65.0,65.0,48.0,48.0,66.0,49.5,0.09952103941809826,4,1
random,100,28,15,72.0,61.0,79.0,79.0,67.0,67.0,82.0,49.5,0.09952103941809826,4,1
random,100,28,16,56.0,57.0,68.0,63.0,62.0,62.0,71.0,49.5,0.09952103941809826,4,1
random,100,28,17,56.0,53.0,67.0,66.0,60.0,60.0,65.0,49.5,0.09952103941809826,4,1
random,100,28,18,56.0,63.0,59.0,59.0,65.0,65.0,64.0,49.5,0.09952103941809826,4,1
random,100,28,19,56.0,53.0,50.0,50.0,59.0,59.0,63.0,49.5,0.09952103941809826,4,1
random,100,28,20,17.0,26.0,19.0,20.0,25.0,25.0,19.0,49.5,0.09952103941809826,4,1
random,100,28,21,44.0,46.0,45.0,45.0,46.0,46.0,48.0,49.5,0.09952103941809826,4,1
random,100,28,22,89.0,87.0,90.0,88.0,91.0,91.0,89.0,49.5,0.09952103941809826,4,1
random,100,28,23,27.0,26.0,33.0,31.0,31.0,31.0,34.0,49.5,0.09952103941809826,4,1
random,100,28,24,56.0,79.0,53.0,51.0,79.0,79.0,56.0,49.5,0.09952103941809826,4,1
random,100,28,25,7.0,34.0,16.0,16.0,20.0,20.0,7.0,49.5,0.09952103941809826,4,1
random,100,28,26,3.0,7.0,3.0,3.0,7.0,7.0,3.0,49.5,0.09952103941809826,4,1
random,100,28,27,12.0,15.0,23.0,23.0,16.0,16.0,16.0,49.5,0.09952103941809826,4,1
random,100,28,28,44.0,49.0,66.0,64.0,49.0,49.0,49.0,49.5,0.09952103941809826,4,1
random,100,28,29,27.0,44.0,63.0,67.0,39.0,39.0,43.0,49.5,0.09952103941809826,4,1
random,100,28,30,72.0,63.0,73.0,72.0,68.0,68.0,81.0,49.5,0.09952103941809826,4,1
random,100,28,31,27.0,46.0,46.0,48.0,42.0,42.0,40.0,49.5,0.09952103941809826,4,1
random,100,28,32,95.0,98.0,97.0,98.0,97.0,97.0,98.0,49.5,0.09952103941809826,4,1
random,100,28,33,72.0,73.0,72.0,73.0,76.0,76.0,74.0,49.5,0.09952103941809826,4,1
random,100,28,34,72.0,66.0,77.0,78.0,70.0,70.0,77.0,49.5,0.09952103941809826,4,1
random,100,28,35,7.0,12.0,9.0,10.0,10.0,10.0,9.0,49.5,0.09952103941809826,4,1
random,100,28,36,17.0,34.0,27.0,25.0,27.0,27.0,22.0,49.5,0.09952103941809826,4,1
random,100,28,37,83.0,86.0,84.0,83.0,85.0,85.0,85.0,49.5,0.09952103941809826,4,1
random,100,28,38,27.0,26.0,44.0,44.0,33.0,33.0,39.0,49.5,0.09952103941809826,4,1
random,100,28,39,44.0,41.0,51.0,52.0,41.0,41.0,53.0,49.5,0.09952103941809826,4,1
random,100,28,40,27.0,18.0,29.0,29.0,21.0,21.0,37.0,49.5,0.09952103941809826,4,1
random,100,28,41,72.0,83.0,71.0,69.0,82.0,82.0,73.0,49.5,0.09952103941809826,4,1
random,100,28,42,44.0,46.0,60.0,62.0,45.0,45.0,54.0,49.5,0.09952103941809826,4,1
random,100,28,43,89.0,92.0,95.0,95.0,93.0,93.0,92.0,49.5,0.09952103941809826,4,1
random,100,28,44,56.0,75.0,56.0,56.0,73.0,73.0,59.0,49.5,0.09952103941809826,4,1
random,100,28,45,27.0,26.0,37.0,37.0,31.0,31.0,36.0,49.5,0.09952103941809826,4,1
random,100,28,46,27.0,57.0,34.0,36.0,52.0,52.0,30.0,49.5,0.09952103941809826,4,1
random,100,28,47,12.0,21.0,21.0,21.0,18.0,18.0,15.0,49.5,0.09952103941809826,4,1
random,100,28,48,27.0,19.0,39.0,40.0,24.0,24.0,41.0,49.5,0.09952103941809826,4,1
random,100,28,49,56.0,66.0,58.0,53.0,68.0,68.0,61.0,49.5,0.09952103941809826,4,1
random,100,28,50,17.0,7.0,17.0,17.0,11.0,11.0,23.0,49.5,0.09952103941809826,4,1
random,100,28,51,44.0,57.0,55.0,57.0,55.0,55.0,51.0,49.5,0.09952103941809826,4,1
random,100,28,52,56.0,33.0,43.0,42.0,40.0,40.0,67.0,49.5,0.09952103941809826,4,1
random,100,28,53,83.0,93.0,78.0,75.0,92.0,92.0,83.0,49.5,0.09952103941809826,4,1
random,100,28,54,3.0,6.0,5.0,5.0,6.0,6.0,5.0,49.5,0.09952103941809826,4,1
random,100,28,55,3.0,13.0,6.0,9.0,8.0,8.0,6.0,49.5,0.09952103941809826,4,1
random,100,28,56,44.0,61.0,38.0,39.0,56.0,56.0,45.0,49.5,0.09952103941809826,4,1
random,100,28,57,27.0,24.0,40.0,41.0,28.0,28.0,42.0,49.5,0.09952103941809826,4,1
random,100,28,58,17.0,10.0,31.0,32.0,13.0,13.0,26.0,49.5,0.09952103941809826,4,1
random,100,28,59,27.0,69.0,48.0,47.0,61.0,61.0,32.0,49.5,0.09952103941809826,4,1
random,100,28,60,56.0,51.0,54.0,55.0,56.0,56.0,62.0,49.5,0.09952103941809826,4,1
random,100,28,61,72.0,72.0,82.0,84.0,73.0,73.0,78.0,49.5,0.09952103941809826,4,1
random,100,28,62,72.0,88.0,62.0,61.0,84.0,84.0,72.0,49.5,0.09952103941809826,4,1
random,100,28,63,89.0,83.0,89.0,89.0,87.0,87.0,93.0,49.5,0.09952103941809826,4,1
random,100,28,64,56.0,78.0,74.0,74.0,78.0,78.0,60.0,49.5,0.09952103941809826,4,1
random,100,28,65,27.0,26.0,36.0,35.0,33.0,33.0,35.0,49.5,0.09952103941809826,4,1
random,100,28,66,99.0,96.0,99.0,99.0,98.0,98.0,100.0,49.5,0.09952103941809826,4,1
random,100,28,67,3.0,5.0,4.0,4.0,5.0,5.0,4.0,49.5,0.09952103941809826,4,1
random,100,28,68,89.0,94.0,92.0,92.0,94.0,94.0,90.0,49.5,0.09952103941809826,4,1
random,100,28,69,99.0,98.0,100.0,100.0,99.0,99.0,99.0,49.5,0.09952103941809826,4,1
random,100,28,70,89.0,82.0,91.0,91.0,83.0,83.0,94.0,49.5,0.09952103941809826,4,1
random,100,28,71,1.0,4.0,2.0,2.0,1.0,1.0,1.0,49.5,0.09952103941809826,4,1
random,100,28,72,27.0,26.0,26.0,26.0,33.0,33.0,33.0,49.5,0.09952103941809826,4,1
random,100,28,73,95.0,96.0,96.0,96.0,96.0,96.0,96.0,49.5,0.09952103941809826,4,1
random,100,28,74,17.0,34.0,22.0,22.0,30.0,30.0,20.0,49.5,0.09952103941809826,4,1
random,100,28,75,95.0,95.0,94.0,93.0,95.0,95.0,95.0,49.5,0.09952103941809826,4,1
random,100,28,76,56.0,41.0,70.0,68.0,46.0,46.0,68.0,49.5,0.09952103941809826,4,1
random,100,28,77,72.0,81.0,85.0,86.0,81.0,81.0,76.0,49.5,0.09952103941809826,4,1
random,100,28,78,7.0,3.0,7.0,8.0,4.0,4.0,11.0,49.5,0.09952103941809826,4,1
random,100,28,79,17.0,19.0,30.0,30.0,19.0,19.0,25.0,49.5,0.09952103941809826,4,1
random,100,28,80,44.0,66.0,69.0,71.0,66.0,66.0,50.0,49.5,0.09952103941809826,4,1
random,100,28,81,83.0,90.0,87.0,87.0,88.0,88.0,87.0,49.5,0.09952103941809826,4,1
random,100,28,82,17.0,21.0,25.0,27.0,22.0,22.0,24.0,49.5,0.09952103941809826,4,1
random,100,28,83,44.0,44.0,57.0,58.0,44.0,44.0,52.0,49.5,0.09952103941809826,4,1
random,100,28,84,12.0,13.0,13.0,13.0,12.0,12.0,13.0,49.5,0.09952103941809826,4,1
random,100,28,85,95.0,100.0,98.0,97.0,100.0,100.0,97.0,49.5,0.09952103941809826,4,1
random,100,28,86,17.0,10.0,15.0,14.0,13.0,13.0,21.0,49.5,0.09952103941809826,4,1
random,100,28,87,72.0,79.0,80.0,80.0,80.0,80.0,75.0,49.5,0.09952103941809826,4,1
random,100,28,88,89.0,88.0,93.0,94.0,89.0,89.0,91.0,49.5,0.09952103941809826,4,1
random,100,28,89,12.0,17.0,8.0,7.0,17.0,17.0,12.0,49.5,0.09952103941809826,4,1
random,100,28,90,44.0,34.0,24.0,24.0,37.0,37.0,44.0,49.5,0.09952103941809826,4,1
random,100,28,91,56.0,39.0,52.0,54.0,43.0,43.0,69.0,49.5,0.09952103941809826,4,1
random,100,28,92,44.0,34.0,64.0,70.0,37.0,37.0,55.0,49.5,0.09952103941809826,4,1
random,100,28,93,17.0,21.0,14.0,15.0,22.0,22.0,18.0,49.5,0.09952103941809826,4,1
random,100,28,94,56.0,73.0,49.0,49.0,71.0,71.0,57.0,49.5,0.09952103941809826,4,1
random,100,28,95,83.0,83.0,88.0,90.0,86.0,86.0,86.0,49.5,0.09952103941809826,4,1
random,100,28,96,27.0,40.0,41.0,38.0,36.0,36.0,38.0,49.5,0.09952103941809826,4,1
random,100,28,97,72.0,75.0,83.0,85.0,76.0,76.0,80.0,49.5,0.09952103941809826,4,1
random,100,28,98,12.0,9.0,11.0,11.0,9.0,9.0,14.0,49.5,0.09952103941809826,4,1
random,100,28,99,44.0,53.0,47.0,46.0,54.0,54.0,47.0,49.5,0.09952103941809826,4,1
