random,100,29,0,60.0,45.0,72.0,70.0,50.0,50.0,80.0,49.5,0.06747577422577421,4,1
random,100,29,1,14.0,26.0,25.0,23.0,24.0,24.0,19.0,49.5,0.06747577422577421,4,1
random,100,29,2,81.0,81.0,93.0,93.0,83.0,83.0,90.0,49.5,0.06747577422577421,4,1
random,100,29,3,94.0,96.0,95.0,95.0,95.0,95.0,95.0,49.5,0.06747577422577421,4,1
random,100,29,4,36.0,63.0,52.0,49.0,59.0,59.0,45.0,49.5,0.06747577422577421,4,1
random,100,29,5,36.0,59.0,68.0,69.0,56.0,56.0,52.0,49.5,0.06747577422577421,4,1
random,100,29,6,5.0,6.0,10.0,11.0,6.0,6.0,6.0,49.5,0.06747577422577421,4,1
random,100,29,7,23.0,18.0,20.0,20.0,20.0,20.0,28.0,49.5,0.06747577422577421,4,1
random,100,29,8,23.0,35.0,21.0,21.0,32.0,32.0,25.0,49.5,0.06747577422577421,4,1
random,100,29,9,36.0,59.0,65.0,65.0,55.0,55.0,56.0,49.5,0.06747577422577421,4,1
random,100,29,10,96.0,95.0,98.0,97.0,96.0,96.0,99.0,49.5,0.06747577422577421,4,1
random,100,29,11,36.0,31.0,57.0,59.0,34.0,34.0,57.0,49.5,0.06747577422577421,4,1
random,100,29,12,60.0,53.0,64.0,64.0,62.0,62.0,69.0,49.5,0.06747577422577421,4,1
random,100,29,13,60.0,79.0,81.0,80.0,77.0,77.0,73.0,49.5,0.06747577422577421,4,1
random,100,29,14,2.0,1.0,3.0,3.0,1.0,1.0,2.0,49.5,0.06747577422577421,4,1
random,100,29,15,60.0,81.0,54.0,52.0,78.0,78.0,62.0,49.5,0.06747577422577421,4,1
random,100,29,16,60.0,59.0,73.0,71.0,65.0,65.0,71.0,49.5,0.06747577422577421,4,1
random,100,29,17,36.0,63.0,47.0,48.0,56.0,56.0,43.0,49.5,0.06747577422577421,4,1
random,100,29,18,7.0,9.0,6.0,6.0,8.0,8.0,10.0,49.5,0.06747577422577421,4,1
random,100,29,19,14.0,24.0,15.0,15.0,23.0,23.0,16.0,49.5,0.06747577422577421,4,1
random,100,29,20,36.0,31.0,61.0,60.0,34.0,34.0,59.0,49.5,0.06747577422577421,4,1
random,100,29,21,91.0,91.0,91.0,91.0,92.0,92.0,91.0,49.5,0.06747577422577421,4,1
random,100,29,22,23.0,45.0,30.0,28.0,40.0,40.0,23.0,49.5,0.06747577422577421,4,1
random,100,29,23,23.0,18.0,16.0,16.0,20.0,20.0,27.0,49.5,0.06747577422577421,4,1
random,100,29,24,14.0,7.0,22.0,22.0,8.0,9.0,22.0,49.5,0.06747577422577421,4,1
random,100,29,25,23.0,40.0,32.0,32.0,37.0,37.0,29.0,49.5,0.06747577422577421,4,1
random,100,29,26,60.0,90.0,56.0,57.0,89.0,89.0,60.0,49.5,0.06747577422577421,4,1
random,100,29,27,81.0,87.0,85.0,85.0,87.0,87.0,84.0,49.5,0.06747577422577421,4,1
random,100,29,28,60.0,83.0,78.0,79.0,81.0,81.0,66.0,49.5,0.06747577422577421,4,1
random,100,29,29,91.0,77.0,92.0,92.0,84.0,84.0,93.0,49.5,0.06747577422577421,4,1
random,100,29,30,36.0,63.0,51.0,56.0,60.0,60.0,50.0,49.5,0.06747577422577421,4,1
random,100,29,31,23.0,35.0,23.0,24.0,33.0,33.0,26.0,49.5,0.06747577422577421,4,1
random,100,29,32,36.0,35.0,31.0,31.0,38.0,38.0,44.0,49.5,0.06747577422577421,4,1
random,100,29,33,36.0,40.0,36.0,39.0,41.0,41.0,46.0,49.5,0.06747577422577421,4,1
random,100,29,34,23.0,15.0,28.0,27.0,19.0,19.0,32.0,49.5,0.06747577422577421,4,1
random,100,29,35,60.0,53.0,69.0,68.0,60.0,60.0,78.0,49.5,0.06747577422577421,4,1
random,100,29,36,36.0,40.0,40.0,40.0,43.0,43.0,40.0,49.5,0.06747577422577421,4,1
random,100,29,37,60.0,63.0,66.0,66.0,67.0,67.0,72.0,49.5,0.06747577422577421,4,1
random,100,29,38,96.0,99.0,99.0,99.0,99.0,99.0,96.0,49.5,0.06747577422577421,4,1
random,100,29,39,36.0,49.0,33.0,33.0,48.0,48.0,36.0,49.5,0.06747577422577421,4,1
random,100,29,40,14.0,31.0,34.0,34.0,29.0,29.0,21.0,49.5,0.06747577422577421,4,1
random,100,29,41,4.0,4.0,7.0,8.0,4.0,4.0,5.0,49.5,0.06747577422577421,4,1
random,100,29,42,2.0,2.0,4.0,4.0,3.0,3.0,3.0,49.5,0.06747577422577421,4,1
random,100,29,43,60.0,39.0,74.0,75.0,45.0,45.0,79.0,49.5,0.06747577422577421,4,1
random,100,29,44,60.0,49.0,60.0,61.0,58.0,58.0,67.0,49.5,0.06747577422577421,4,1
random,100,29,45,36.0,74.0,71.0,73.0,69.0,69.0,55.0,49.5,0.06747577422577421,4,1
random,100,29,46,36.0,53.0,59.0,58.0,52.0,52.0,49.0,49.5,0.06747577422577421,4,1
random,100,29,47,60.0,45.0,58.0,53.0,50.0,50.0,70.0,49.5,0.06747577422577421,4,1
random,100,29,48,60.0,59.0,67.0,67.0,65.0,65.0,75.0,49.5,0.06747577422577421,4,1
random,100,29,49,36.0,40.0,53.0,54.0,41.0,41.0,53.0,49.5,0.06747577422577421,4,1
random,100,29,50,23.0,29.0,35.0,38.0,30.0,30.0,33.0,49.5,0.06747577422577421,4,1
random,100,29,51,36.0,70.0,37.0,35.0,68.0,68.0,39.0,49.5,0.06747577422577421,4,1
random,100,29,52,60.0,83.0,79.0,78.0,80.0,80.0,68.0,49.5,0.06747577422577421,4,1
random,100,29,53,36.0,49.0,55.0,55.0,46.0,46.0,48.0,49.5,0.06747577422577421,4,1
random,100,29,54,81.0,67.0,88.0,88.0,74.0,74.0,89.0,49.5,0.06747577422577421,4,1
random,100,29,55,36.0,49.0,46.0,46.0,46.0,46.0,41.0,49.5,0.06747577422577421,4,1
random,100,29,56,23.0,24.0,62.0,63.0,27.0,27.0,35.0,49.5,0.06747577422577421,4,1
random,100,29,57,81.0,92.0,89.0,89.0,91.0,91.0,83.0,49.5,0.06747577422577421,4,1
random,100,29,58,7.0,18.0,13.0,13.0,16.0,16.0,13.0,49.5,0.06747577422577421,4,1
random,100,29,59,36.0,53.0,43.0,43.0,52.0,52.0,42.0,49.5,0.06747577422577421,4,1
random,100,29,60,14.0,13.0,9.0,9.0,14.0,14.0,15.0,49.5,0.06747577422577421,4,1
random,100,29,61,60.0,76.0,48.0,44.0,76.0,76.0,61.0,49.5,0.06747577422577421,4,1
random,100,29,62,100.0,100.0,100.0,100.0,100.0,100.0,100.0,49.5,0.06747577422577421,4,1
random,100,29,63,36.0,29.0,39.0,37.0,31.0,31.0,54.0,49.5,0.06747577422577421,4,1
random,100,29,64,23.0,26.0,49.0,50.0,28.0,28.0,34.0,49.5,0.06747577422577421,4,1
random,100,29,65,81.0,86.0,83.0,83.0,86.0,86.0,85.0,49.5,0.06747577422577421,4,1
random,100,29,66,81.0,67.0,82.0,82.0,74.0,74.0,88.0,49.5,0.06747577422577421,4,1
random,100,29,67,36.0,40.0,41.0,47.0,43.0,43.0,47.0,49.5,0.06747577422577421,4,1
random,100,29,68,60.0,45.0,44.0,45.0,54.0,54.0,64.0,49.5,0.06747577422577421,4,1
random,100,29,69,14.0,26.0,26.0,25.0,25.0,25.0,17.0,49.5,0.06747577422577421,4,1
random,100,29,70,36.0,53.0,45.0,41.0,48.0,48.0,51.0,49.5,0.06747577422577421,4,1
random,100,29,71,7.0,7.0,5.0,5.0,7.0,7.0,8.0,49.5,0.06747577422577421,4,1
random,100,29,72,81.0,79.0,84.0,84.0,81.0,81.0,86.0,49.5,0.06747577422577421,4,1
random,100,29,73,5.0,4.0,2.0,2.0,5.0,5.0,4.0,49.5,0.06747577422577421,4,1
random,100,29,74,1.0,3.0,1.0,1.0,2.0,2.0,1.0,49.5,0.06747577422577421,4,1
random,100,29,75,96.0,97.0,96.0,96.0,97.0,97.0,98.0,49.5,0.06747577422577421,4,1
random,100,29,76,96.0,98.0,97.0,98.0,98.0,98.0,97.0,49.5,0.06747577422577421,4,1
random,100,29,77,36.0,35.0,38.0,36.0,38.0,38.0,38.0,49.5,0.06747577422577421,4,1
random,100,29,78,60.0,73.0,77.0,76.0,73.0,73.0,76.0,49.5,0.06747577422577421,4,1
random,100,29,79,7.0,15.0,11.0,10.0,13.0,13.0,7.0,49.5,0.06747577422577421,4,1
random,100,29,80,60.0,53.0,42.0,42.0,62.0,62.0,65.0,49.5,0.06747577422577421,4,1
random,100,29,81,36.0,74.0,50.0,51.0,72.0,72.0,37.0,49.5,0.06747577422577421,4,1
random,100,29,82,7.0,11.0,17.0,19.0,10.0,10.0,12.0,49.5,0.06747577422577421,4,1
random,100,29,83,14.0,13.0,19.0,18.0,14.0,14.0,20.0,49.5,0.06747577422577421,4,1
random,100,29,84,23.0,22.0,27.0,29.0,26.0,26.0,31.0,49.5,0.06747577422577421,4,1
random,100,29,85,81.0,77.0,80.0,81.0,79.0,79.0,87.0,49.5,0.06747577422577421,4,1
random,100,29,86,60.0,67.0,70.0,72.0,70.0,70.0,77.0,49.5,0.06747577422577421,4,1
random,100,29,87,91.0,83.0,90.0,90.0,88.0,88.0,92.0,49.5,0.06747577422577421,4,1
random,100,29,88,14.0,17.0,12.0,12.0,17.0,17.0,14.0,49.5,0.06747577422577421,4,1
random,100,29,89,7.0,22.0,14.0,14.0,18.0,18.0,9.0,49.5,0.06747577422577421,4,1
random,100,29,90,81.0,89.0,86.0,86.0,90.0,90.0,82.0,49.5,0.06747577422577421,4,1
random,100,29,91,60.0,70.0,75.0,74.0,71.0,71.0,74.0,49.5,0.06747577422577421,4,1
random,100,29,92,7.0,11.0,8.0,7.0,10.0,10.0,11.0,49.5,0.06747577422577421,4,1
random,100,29,93,36.0,31.0,63.0,62.0,36.0,36.0,58.0,49.5,0.06747577422577421,4,1
random,100,29,94,81.0,93.0,87.0,87.0,92.0,92.0,81.0,49.5,0.06747577422577421,4,1
random,100,29,95,60.0,87.0,76.0,77.0,85.0,85.0,63.0,49.5,0.06747577422577421,4,1
random,100,29,96,23.0,18.0,29.0,30.0,20.0,20.0,30.0,49.5,0.06747577422577421,4,1
random,100,29,97,14.0,10.0,18.0,17.0,12.0,12.0,18.0,49.5,0.06747577422577421,4,1
random,100,29,98,94.0,93.0,94.0,94.0,94.0,94.0,94.0,49.5,0.06747577422577421,4,1
random,100,29,99,23.0,70.0,24.0,26.0,64.0,64.0,24.0,49.5,0.06747577422577421,4,1
random,100,30,0,10.0,22.0,15.0,15.0,20.0,20.0,14.0,49.5,0.08692699130934421,4,1
random,100,30,1,8.0,31.0,11.0,12.0,19.0,19.0,9.0,49.5,0.08692699130934421,4,1
random,100,30,2,79.0,73.0,80.0,80.0,75.0,75.0,84.0,49.5,0.08692699130934421,4,1
random,100,30,3,59.0,56.0,65.0,64.0,61.0,61.0,63.0,49.5,0.08692699130934421,4,1
random,100,30,4,79.0,79.0,88.0,88.0,80.0,80.0,87.0,49.5,0.08692699130934421,4,1
random,100,30,5,45.0,53.0,53.0,52.0,56.0,56.0,49.0,49.5,0.08692699130934421,4,1
random,100,30,6,95.0,95.0,96.0,96.0,95.0,95.0,97.0,49.5,0.08692699130934421,4,1
random,100,30,7,88.0,93.0,90.0,90.0,93.0,93.0,92.0,49.5,0.08692699130934421,4,1
random,100,30,8,45.0,68.0,40.0,41.0,64.0,64.0,47.0,49.5,0.08692699130934421,4,1
random,100,30,9,79.0,90.0,86.0,86.0,89.0,89.0,83.0,49.5,0.08692699130934421,4,1
random,100,30,10,21.0,27.0,19.0,18.0,31.0,31.0,24.0,49.5,0.08692699130934421,4,1
random,100,30,11,33.0,32.0,48.0,48.0,34.0,34.0,44.0,49.5,0.08692699130934421,4,1
random,100,30,12,33.0,37.0,49.0,49.0,37.0,37.0,43.0,49.5,0.08692699130934421,4,1
random,100,30,13,88.0,83.0,91.0,91.0,85.0,85.0,94.0,49.5,0.08692699130934421,4,1
random,100,30,14,68.0,76.0,72.0,72.0,76.0,76.0,71.0,49.5,0.08692699130934421,4,1
random,100,30,15,45.0,49.0,56.0,58.0,52.0,52.0,53.0,49.5,0.08692699130934421,4,1
random,100,30,16,21.0,16.0,31.0,30.0,17.0,17.0,30.0,49.5,0.08692699130934421,4,1
random,100,30,17,2.0,2.0,3.0,3.0,2.0,2.0,2.0,49.5,0.08692699130934421,4,1
random,100,30,18,21.0,14.0,17.0,17.0,15.0,15.0,25.0,49.5,0.08692699130934421,4,1
random,100,30,19,68.0,76.0,62.0,60.0,77.0,77.0,69.0,49.5,0.08692699130934421,4,1
random,100,30,20,33.0,56.0,39.0,39.0,48.0,48.0,37.0,49.5,0.08692699130934421,4,1
random,100,30,21,45.0,49.0,50.0,51.0,52.0,52.0,51.0,49.5,0.08692699130934421,4,1
random,100,30,22,68.0,59.0,85.0,85.0,65.0,65.0,78.0,49.5,0.08692699130934421,4,1
random,100,30,23,33.0,49.0,30.0,31.0,47.0,47.0,36.0,49.5,0.08692699130934421,4,1
random,100,30,24,10.0,7.0,21.0,21.0,8.0,8.0,20.0,49.5,0.08692699130934421,4,1
random,100,30,25,79.0,80.0,81.0,81.0,83.0,83.0,85.0,49.5,0.08692699130934421,4,1
random,100,30,26,68.0,70.0,73.0,73.0,70.0,70.0,73.0,49.5,0.08692699130934421,4,1
random,100,30,27,97.0,98.0,98.0,98.0,98.0,98.0,99.0,49.5,0.08692699130934421,4,1
random,100,30,28,100.0,100.0,100.0,100.0,100.0,100.0,98.0,49.5,0.08692699130934421,4,1
random,100,30,29,45.0,37.0,70.0,70.0,39.0,39.0,58.0,49.5,0.08692699130934421,4,1
random,100,30,30,4.0,4.0,8.0,8.0,4.0,4.0,7.0,49.5,0.08692699130934421,4,1
random,100,30,31,45.0,66.0,55.0,54.0,62.0,62.0,48.0,49.5,0.08692699130934421,4,1
random,100,30,32,10.0,32.0,14.0,14.0,29.0,29.0,13.0,49.5,0.08692699130934421,4,1
random,100,30,33,33.0,27.0,42.0,44.0,32.0,32.0,39.0,49.5,0.08692699130934421,4,1
random,100,30,34,1.0,1.0,1.0,2.0,1.0,1.0,1.0,49.5,0.08692699130934421,4,1
random,100,30,35,21.0,34.0,27.0,27.0,33.0,33.0,22.0,49.5,0.08692699130934421,4,1
random,100,30,36,3.0,3.0,4.0,4.0,3.0,3.0,3.0,49.5,0.08692699130934421,4,1
random,100,30,37,68.0,83.0,77.0,77.0,79.0,79.0,75.0,49.5,0.08692699130934421,4,1
random,100,30,38,45.0,56.0,59.0,63.0,56.0,56.0,57.0,49.5,0.08692699130934421,4,1
random,100,30,39,33.0,64.0,35.0,32.0,58.0,58.0,34.0,49.5,0.08692699130934421,4,1
random,100,30,40,10.0,27.0,7.0,7.0,22.0,22.0,11.0,49.5,0.08692699130934421,4,1
random,100,30,41,10.0,9.0,22.0,22.0,11.0,11.0,17.0,49.5,0.08692699130934421,4,1
random,100,30,42,45.0,45.0,45.0,42.0,43.0,43.0,50.0,49.5,0.08692699130934421,4,1
random,100,30,43,4.0,9.0,9.0,9.0,7.0,7.0,6.0,49.5,0.08692699130934421,4,1
random,100,30,44,10.0,14.0,23.0,25.0,14.0,14.0,19.0,49.5,0.08692699130934421,4,1
random,100,30,45,59.0,75.0,63.0,61.0,72.0,72.0,61.0,49.5,0.08692699130934421,4,1
random,100,30,46,8.0,12.0,12.0,11.0,10.0,10.0,10.0,49.5,0.08692699130934421,4,1
random,100,30,47,68.0,68.0,83.0,83.0,69.0,69.0,77.0,49.5,0.08692699130934421,4,1
random,100,30,48,4.0,5.0,5.0,5.0,5.0,5.0,4.0,49.5,0.08692699130934421,4,1
random,100,30,49,88.0,94.0,94.0,94.0,94.0,94.0,91.0,49.5,0.08692699130934421,4,1
random,100,30,50,21.0,24.0,38.0,38.0,26.0,26.0,26.0,49.5,0.08692699130934421,4,1
random,100,30,51,79.0,70.0,68.0,68.0,74.0,74.0,81.0,49.5,0.08692699130934421,4,1
random,100,30,52,68.0,81.0,51.0,50.0,82.0,82.0,68.0,49.5,0.08692699130934421,4,1
random,100,30,53,10.0,18.0,2.0,1.0,18.0,18.0,8.0,49.5,0.08692699130934421,4,1
random,100,30,54,10.0,11.0,24.0,23.0,13.0,13.0,18.0,49.5,0.08692699130934421,4,1
random,100,30,55,59.0,59.0,71.0,71.0,63.0,63.0,65.0,49.5,0.08692699130934421,4,1
random,100,30,56,68.0,72.0,82.0,82.0,73.0,73.0,74.0,49.5,0.08692699130934421,4,1
random,100,30,57,88.0,92.0,92.0,92.0,92.0,92.0,90.0,49.5,0.08692699130934421,4,1
random,100,30,58,45.0,37.0,29.0,29.0,41.0,41.0,46.0,49.5,0.08692699130934421,4,1
random,100,30,59,21.0,18.0,41.0,40.0,21.0,21.0,32.0,49.5,0.08692699130934421,4,1
random,100,30,60,68.0,59.0,78.0,79.0,65.0,65.0,76.0,49.5,0.08692699130934421,4,1
random,100,30,61,33.0,53.0,57.0,57.0,49.0,49.0,40.0,49.5,0.08692699130934421,4,1
random,100,30,62,88.0,89.0,93.0,93.0,90.0,90.0,93.0,49.5,0.08692699130934421,4,1
random,100,30,63,68.0,85.0,76.0,76.0,81.0,81.0,72.0,49.5,0.08692699130934421,4,1
random,100,30,64,21.0,22.0,34.0,36.0,25.0,25.0,28.0,49.5,0.08692699130934421,4,1
random,100,30,65,10.0,12.0,13.0,13.0,12.0,12.0,16.0,49.5,0.08692699130934421,4,1
random,100,30,66,79.0,86.0,75.0,74.0,87.0,87.0,79.0,49.5,0.08692699130934421,4,1
random,100,30,67,45.0,59.0,61.0,59.0,60.0,60.0,52.0,49.5,0.08692699130934421,4,1
random,100,30,68,88.0,81.0,95.0,95.0,84.0,84.0,95.0,49.5,0.08692699130934421,4,1
random,100,30,69,59.0,47.0,64.0,65.0,54.0,54.0,64.0,49.5,0.08692699130934421,4,1
random,100,30,70,33.0,17.0,32.0,33.0,24.0,24.0,41.0,49.5,0.08692699130934421,4,1
random,100,30,71,59.0,73.0,66.0,66.0,71.0,71.0,59.0,49.5,0.08692699130934421,4,1
random,100,30,72,21.0,24.0,44.0,45.0,28.0,28.0,31.0,49.5,0.08692699130934421,4,1
random,100,30,73,59.0,36.0,46.0,46.0,45.0,45.0,62.0,49.5,0.08692699130934421,4,1
random,100,30,74,79.0,88.0,84.0,84.0,88.0,88.0,82.0,49.5,0.08692699130934421,4,1
random,100,30,75,97.0,99.0,25.0,24.0,99.0,99.0,88.0,49.5,0.08692699130934421,4,1
random,100,30,76,59.0,64.0,60.0,56.0,67.0,67.0,60.0,49.5,0.08692699130934421,4,1
random,100,30,77,45.0,42.0,18.0,20.0,46.0,46.0,45.0,49.5,0.08692699130934421,4,1
random,100,30,78,45.0,42.0,52.0,53.0,44.0,44.0,54.0,49.5,0.08692699130934421,4,1
random,100,30,79,21.0,24.0,33.0,35.0,26.0,26.0,29.0,49.5,0.08692699130934421,4,1
random,100,30,80,10.0,8.0,10.0,10.0,9.0,9.0,12.0,49.5,0.08692699130934421,4,1
random,100,30,81,21.0,27.0,20.0,19.0,30.0,30.0,23.0,49.5,0.08692699130934421,4,1
random,100,30,82,21.0,21.0,37.0,37.0,23.0,23.0,27.0,49.5,0.08692699130934421,4,1
random,100,30,83,79.0,76.0,89.0,89.0,78.0,78.0,86.0,49.5,0.08692699130934421,4,1
random,100,30,84,10.0,18.0,26.0,28.0,16.0,16.0,15.0,49.5,0.08692699130934421,4,1
random,100,30,85,59.0,53.0,69.0,69.0,59.0,59.0,66.0,49.5,0.08692699130934421,4,1
random,100,30,86,21.0,45.0,16.0,16.0,36.0,36.0,21.0,49.5,0.08692699130934421,4,1
random,100,30,87,33.0,37.0,28.0,26.0,38.0,38.0,33.0,49.5,0.08692699130934421,4,1
random,100,30,88,4.0,5.0,6.0,6.0,5.0,5.0,5.0,49.5,0.08692699130934421,4,1
random,100,30,89,97.0,97.0,99.0,99.0,97.0,97.0,100.0,49.5,0.08692699130934421,4,1
random,100,30,90,88.0,91.0,87.0,87.0,91.0,91.0,89.0,49.5,0.08692699130934421,4,1
random,100,30,91,33.0,49.0,36.0,34.0,42.0,42.0,35.0,49.5,0.08692699130934421,4,1
random,100,30,92,95.0,96.0,97.0,97.0,96.0,96.0,96.0,49.5,0.08692699130934421,4,1
random,100,30,93,45.0,47.0,58.0,62.0,49.0,49.0,55.0,49.5,0.08692699130934421,4,1
random,100,30,94,68.0,66.0,67.0,67.0,68.0,68.0,70.0,49.5,0.08692699130934421,4,1
random,100,30,95,79.0,87.0,79.0,78.0,86.0,86.0,80.0,49.5,0.08692699130934421,4,1
random,100,30,96,33.0,63.0,47.0,47.0,55.0,55.0,38.0,49.5,0.08692699130934421,4,1
random,100,30,97,45.0,37.0,54.0,55.0,39.0,39.0,56.0,49.5,0.08692699130934421,4,1
random,100,30,98,59.0,42.0,74.0,75.0,51.0,51.0,67.0,49.5,0.08692699130934421,4,1
random,100,30,99,33.0,34.0,43.0,43.0,35.0,35.0,42.0,49.5,0.08692699130934421,4,1
