random,100,31,0,2.0,2.0,4.0,6.0,2.0,2.0,4.0,49.5,0.09957486957486954,4,1
random,100,31,1,51.0,48.0,64.0,65.0,47.0,47.0,63.0,49.5,0.09957486957486954,4,1
random,100,31,2,97.0,99.0,96.0,96.0,99.0,99.0,97.0,49.5,0.09957486957486954,4,1
random,100,31,3,67.0,73.0,71.0,74.0,74.0,74.0,74.0,49.5,0.09957486957486954,4,1
random,100,31,4,16.0,11.0,11.0,11.0,13.0,13.0,17.0,49.5,0.09957486957486954,4,1
random,100,31,5,97.0,96.0,95.0,95.0,97.0,97.0,98.0,49.5,0.09957486957486954,4,1
random,100,31,6,81.0,73.0,88.0,88.0,78.0,78.0,87.0,49.5,0.09957486957486954,4,1
random,100,31,7,16.0,18.0,38.0,39.0,19.0,19.0,24.0,49.5,0.09957486957486954,4,1
random,100,31,8,67.0,83.0,76.0,75.0,80.0,80.0,69.0,49.5,0.09957486957486954,4,1
random,100,31,9,40.0,61.0,51.0,51.0,58.0,58.0,44.0,49.5,0.09957486957486954,4,1
random,100,31,10,67.0,87.0,62.0,61.0,84.0,84.0,67.0,49.5,0.09957486957486954,4,1
random,100,31,11,67.0,68.0,75.0,76.0,67.0,67.0,79.0,49.5,0.09957486957486954,4,1
random,100,31,12,31.0,24.0,54.0,57.0,28.0,28.0,39.0,49.5,0.09957486957486954,4,1
random,100,31,13,1.0,1.0,3.0,4.0,1.0,1.0,2.0,49.5,0.09957486957486954,4,1
random,100,31,14,99.0,100.0,100.0,100.0,100.0,100.0,99.0,49.5,0.09957486957486954,4,1
random,100,31,15,51.0,72.0,77.0,77.0,69.0,69.0,62.0,49.5,0.09957486957486954,4,1
random,100,31,16,81.0,83.0,69.0,68.0,84.0,84.0,81.0,49.5,0.09957486957486954,4,1
random,100,31,17,9.0,10.0,10.0,10.0,10.0,10.0,12.0,49.5,0.09957486957486954,4,1
random,100,31,18,88.0,93.0,92.0,92.0,93.0,93.0,91.0,49.5,0.09957486957486954,4,1
random,100,31,19,40.0,43.0,45.0,46.0,45.0,45.0,47.0,49.5,0.09957486957486954,4,1
random,100,31,20,40.0,51.0,44.0,44.0,50.0,50.0,41.0,49.5,0.09957486957486954,4,1
random,100,31,21,16.0,15.0,17.0,17.0,18.0,18.0,19.0,49.5,0.09957486957486954,4,1
random,100,31,22,51.0,53.0,55.0,54.0,54.0,54.0,61.0,49.5,0.09957486957486954,4,1
random,100,31,23,40.0,31.0,25.0,26.0,39.0,39.0,45.0,49.5,0.09957486957486954,4,1
random,100,31,24,51.0,51.0,58.0,56.0,53.0,53.0,59.0,49.5,0.09957486957486954,4,1
random,100,31,25,25.0,26.0,26.0,29.0,26.0,26.0,28.0,49.5,0.09957486957486954,4,1
random,100,31,26,25.0,40.0,37.0,36.0,36.0,36.0,27.0,49.5,0.09957486957486954,4,1
random,100,31,27,81.0,80.0,83.0,83.0,82.0,82.0,83.0,49.5,0.09957486957486954,4,1
random,100,31,28,51.0,53.0,68.0,69.0,54.0,54.0,64.0,49.5,0.09957486957486954,4,1
random,100,31,29,2.0,2.0,2.0,2.0,2.0,2.0,3.0,49.5,0.09957486957486954,4,1
random,100,31,30,16.0,18.0,22.0,22.0,20.0,20.0,20.0,49.5,0.09957486957486954,4,1
random,100,31,31,99.0,98.0,99.0,99.0,98.0,98.0,100.0,49.5,0.09957486957486954,4,1
random,100,31,32,67.0,85.0,87.0,87.0,82.0,82.0,78.0,49.5,0.09957486957486954,4,1
random,100,31,33,88.0,91.0,97.0,97.0,91.0,91.0,95.0,49.5,0.09957486957486954,4,1
random,100,31,34,2.0,5.0,1.0,1.0,5.0,5.0,1.0,49.5,0.09957486957486954,4,1
random,100,31,35,25.0,21.0,31.0,31.0,22.0,22.0,30.0,49.5,0.09957486957486954,4,1
random,100,31,36,31.0,15.0,40.0,40.0,23.0,23.0,38.0,49.5,0.09957486957486954,4,1
random,100,31,37,31.0,31.0,35.0,37.0,34.0,34.0,36.0,49.5,0.09957486957486954,4,1
random,100,31,38,2.0,4.0,8.0,8.0,4.0,4.0,5.0,49.5,0.09957486957486954,4,1
random,100,31,39,40.0,48.0,43.0,42.0,46.0,46.0,42.0,49.5,0.09957486957486954,4,1
random,100,31,40,51.0,61.0,60.0,60.0,62.0,62.0,56.0,49.5,0.09957486957486954,4,1
random,100,31,41,40.0,53.0,49.0,50.0,51.0,51.0,49.0,49.5,0.09957486957486954,4,1
random,100,31,42,88.0,80.0,80.0,78.0,87.0,87.0,88.0,49.5,0.09957486957486954,4,1
random,100,31,43,40.0,38.0,47.0,48.0,40.0,40.0,48.0,49.5,0.09957486957486954,4,1
random,100,31,44,67.0,79.0,78.0,79.0,79.0,79.0,72.0,49.5,0.09957486957486954,4,1
random,100,31,45,40.0,43.0,42.0,43.0,43.0,43.0,46.0,49.5,0.09957486957486954,4,1
random,100,31,46,25.0,29.0,28.0,28.0,31.0,31.0,26.0,49.5,0.09957486957486954,4,1
random,100,31,47,81.0,85.0,85.0,85.0,86.0,86.0,84.0,49.5,0.09957486957486954,4,1
random,100,31,48,9.0,8.0,18.0,16.0,9.0,9.0,13.0,49.5,0.09957486957486954,4,1
random,100,31,49,16.0,21.0,29.0,30.0,21.0,21.0,22.0,49.5,0.09957486957486954,4,1
random,100,31,50,9.0,21.0,14.0,14.0,17.0,17.0,11.0,49.5,0.09957486957486954,4,1
random,100,31,51,16.0,29.0,21.0,21.0,24.0,24.0,18.0,49.5,0.09957486957486954,4,1
random,100,31,52,51.0,56.0,61.0,62.0,57.0,57.0,58.0,49.5,0.09957486957486954,4,1
random,100,31,53,51.0,48.0,56.0,55.0,52.0,52.0,60.0,49.5,0.09957486957486954,4,1
random,100,31,54,51.0,46.0,82.0,82.0,47.0,47.0,65.0,49.5,0.09957486957486954,4,1
random,100,31,55,9.0,15.0,5.0,5.0,15.0,15.0,9.0,49.5,0.09957486957486954,4,1
random,100,31,56,31.0,41.0,33.0,32.0,41.0,41.0,32.0,49.5,0.09957486957486954,4,1
random,100,31,57,67.0,58.0,63.0,64.0,60.0,60.0,73.0,49.5,0.09957486957486954,4,1
random,100,31,58,88.0,94.0,90.0,91.0,94.0,94.0,92.0,49.5,0.09957486957486954,4,1
random,100,31,59,67.0,77.0,72.0,72.0,75.0,75.0,71.0,49.5,0.09957486957486954,4,1
random,100,31,60,67.0,68.0,66.0,66.0,72.0,72.0,76.0,49.5,0.09957486957486954,4,1
random,100,31,61,16.0,31.0,20.0,19.0,25.0,25.0,16.0,49.5,0.09957486957486954,4,1
random,100,31,62,88.0,95.0,93.0,93.0,95.0,95.0,89.0,49.5,0.09957486957486954,4,1
random,100,31,63,67.0,68.0,65.0,63.0,73.0,73.0,70.0,49.5,0.09957486957486954,4,1
random,100,31,64,31.0,26.0,36.0,35.0,33.0,33.0,37.0,49.5,0.09957486957486954,4,1
random,100,31,65,88.0,91.0,89.0,89.0,92.0,92.0,93.0,49.5,0.09957486957486954,4,1
random,100,31,66,51.0,61.0,48.0,47.0,60.0,60.0,54.0,49.5,0.09957486957486954,4,1
random,100,31,67,40.0,65.0,41.0,41.0,59.0,59.0,40.0,49.5,0.09957486957486954,4,1
random,100,31,68,51.0,73.0,52.0,52.0,71.0,71.0,55.0,49.5,0.09957486957486954,4,1
random,100,31,69,81.0,73.0,84.0,84.0,76.0,76.0,86.0,49.5,0.09957486957486954,4,1
random,100,31,70,25.0,31.0,13.0,12.0,32.0,32.0,25.0,49.5,0.09957486957486954,4,1
random,100,31,71,9.0,11.0,7.0,7.0,11.0,11.0,10.0,49.5,0.09957486957486954,4,1
random,100,31,72,51.0,46.0,79.0,80.0,47.0,47.0,66.0,49.5,0.09957486957486954,4,1
random,100,31,73,40.0,41.0,39.0,38.0,42.0,42.0,43.0,49.5,0.09957486957486954,4,1
random,100,31,74,9.0,18.0,16.0,18.0,16.0,16.0,14.0,49.5,0.09957486957486954,4,1
random,100,31,75,81.0,88.0,86.0,86.0,88.0,88.0,82.0,49.5,0.09957486957486954,4,1
random,100,31,76,81.0,80.0,81.0,81.0,81.0,81.0,85.0,49.5,0.09957486957486954,4,1
random,100,31,77,31.0,36.0,24.0,24.0,37.0,37.0,33.0,49.5,0.09957486957486954,4,1
random,100,31,78,9.0,13.0,12.0,13.0,12.0,12.0,15.0,49.5,0.09957486957486954,4,1
random,100,31,79,88.0,90.0,91.0,90.0,90.0,90.0,94.0,49.5,0.09957486957486954,4,1
random,100,31,80,25.0,26.0,34.0,33.0,26.0,26.0,29.0,49.5,0.09957486957486954,4,1
random,100,31,81,67.0,78.0,67.0,67.0,77.0,77.0,68.0,49.5,0.09957486957486954,4,1
random,100,31,82,51.0,66.0,50.0,49.0,66.0,66.0,52.0,49.5,0.09957486957486954,4,1
random,100,31,83,16.0,13.0,19.0,20.0,14.0,14.0,21.0,49.5,0.09957486957486954,4,1
random,100,31,84,88.0,97.0,94.0,94.0,96.0,96.0,90.0,49.5,0.09957486957486954,4,1
random,100,31,85,88.0,88.0,98.0,98.0,89.0,89.0,96.0,49.5,0.09957486957486954,4,1
random,100,31,86,7.0,7.0,15.0,15.0,7.0,7.0,8.0,49.5,0.09957486957486954,4,1
random,100,31,87,51.0,61.0,46.0,45.0,62.0,62.0,51.0,49.5,0.09957486957486954,4,1
random,100,31,88,7.0,8.0,6.0,3.0,8.0,8.0,7.0,49.5,0.09957486957486954,4,1
random,100,31,89,67.0,66.0,74.0,71.0,70.0,70.0,80.0,49.5,0.09957486957486954,4,1
random,100,31,90,16.0,38.0,32.0,34.0,29.0,29.0,23.0,49.5,0.09957486957486954,4,1
random,100,31,91,51.0,56.0,53.0,53.0,56.0,56.0,57.0,49.5,0.09957486957486954,4,1
random,100,31,92,31.0,31.0,23.0,23.0,35.0,35.0,34.0,49.5,0.09957486957486954,4,1
random,100,31,93,2.0,6.0,9.0,9.0,6.0,6.0,6.0,49.5,0.09957486957486954,4,1
random,100,31,94,67.0,59.0,70.0,70.0,65.0,65.0,75.0,49.5,0.09957486957486954,4,1
random,100,31,95,31.0,25.0,30.0,27.0,30.0,30.0,35.0,49.5,0.09957486957486954,4,1
random,100,31,96,67.0,59.0,73.0,73.0,62.0,62.0,77.0,49.5,0.09957486957486954,4,1
random,100,31,97,40.0,43.0,57.0,58.0,44.0,44.0,50.0,49.5,0.09957486957486954,4,1
random,100,31,98,31.0,36.0,27.0,25.0,37.0,37.0,31.0,49.5,0.09957486957486954,4,1
random,100,31,99,51.0,68.0,59.0,59.0,67.0,67.0,53.0,49.5,0.09957486957486954,4,1
random,100,32,0,97.0,98.0,97.0,97.0,98.0,98.0,98.0,49.5,0.10624184149184143,4,1
random,100,32,1,28.0,31.0,50.0,50.0,32.0,32.0,41.0,49.5,0.10624184149184143,4,1
random,100,32,2,28.0,25.0,56.0,56.0,29.0,29.0,42.0,49.5,0.10624184149184143,4,1
random,100,32,3,82.0,91.0,95.0,94.0,91.0,91.0,87.0,49.5,0.10624184149184143,4,1
random,100,32,4,17.0,25.0,26.0,25.0,23.0,23.0,24.0,49.5,0.10624184149184143,4,1
random,100,32,5,69.0,84.0,80.0,80.0,83.0,83.0,72.0,49.5,0.10624184149184143,4,1
random,100,32,6,43.0,48.0,68.0,68.0,51.0,51.0,52.0,49.5,0.10624184149184143,4,1
random,100,32,7,58.0,75.0,85.0,86.0,73.0,73.0,68.0,49.5,0.10624184149184143,4,1
random,100,32,8,28.0,43.0,41.0,44.0,41.0,41.0,33.0,49.5,0.10624184149184143,4,1
random,100,32,9,58.0,38.0,64.0,65.0,45.0,45.0,65.0,49.5,0.10624184149184143,4,1
random,100,32,10,43.0,47.0,63.0,62.0,47.0,47.0,54.0,49.5,0.10624184149184143,4,1
random,100,32,11,43.0,59.0,39.0,40.0,59.0,59.0,44.0,49.5,0.10624184149184143,4,1
random,100,32,12,17.0,44.0,10.0,10.0,41.0,41.0,16.0,49.5,0.10624184149184143,4,1
random,100,32,13,97.0,99.0,98.0,98.0,99.0,99.0,97.0,49.5,0.10624184149184143,4,1
random,100,32,14,58.0,54.0,61.0,57.0,56.0,56.0,66.0,49.5,0.10624184149184143,4,1
random,100,32,15,58.0,69.0,45.0,43.0,69.0,69.0,60.0,49.5,0.10624184149184143,4,1
random,100,32,16,43.0,35.0,57.0,60.0,38.0,38.0,56.0,49.5,0.10624184149184143,4,1
random,100,32,17,91.0,93.0,81.0,81.0,92.0,92.0,93.0,49.5,0.10624184149184143,4,1
random,100,32,18,69.0,82.0,70.0,71.0,80.0,80.0,71.0,49.5,0.10624184149184143,4,1
random,100,32,19,58.0,54.0,69.0,69.0,60.0,60.0,64.0,49.5,0.10624184149184143,4,1
random,100,32,20,17.0,10.0,20.0,21.0,16.0,16.0,21.0,49.5,0.10624184149184143,4,1
random,100,32,21,69.0,64.0,93.0,95.0,67.0,67.0,81.0,49.5,0.10624184149184143,4,1
random,100,32,22,82.0,89.0,91.0,91.0,89.0,89.0,88.0,49.5,0.10624184149184143,4,1
random,100,32,23,43.0,78.0,55.0,55.0,66.0,66.0,45.0,49.5,0.10624184149184143,4,1
random,100,32,24,28.0,40.0,17.0,16.0,39.0,39.0,29.0,49.5,0.10624184149184143,4,1
random,100,32,25,28.0,48.0,40.0,37.0,46.0,46.0,32.0,49.5,0.10624184149184143,4,1
random,100,32,26,17.0,36.0,16.0,14.0,35.0,35.0,18.0,49.5,0.10624184149184143,4,1
random,100,32,27,1.0,1.0,1.0,1.0,1.0,1.0,1.0,49.5,0.10624184149184143,4,1
random,100,32,28,28.0,33.0,29.0,28.0,34.0,34.0,36.0,49.5,0.10624184149184143,4,1
random,100,32,29,28.0,44.0,24.0,22.0,44.0,44.0,31.0,49.5,0.10624184149184143,4,1
random,100,32,30,43.0,44.0,59.0,66.0,47.0,47.0,55.0,49.5,0.10624184149184143,4,1
random,100,32,31,82.0,81.0,71.0,70.0,84.0,84.0,83.0,49.5,0.10624184149184143,4,1
random,100,32,32,43.0,54.0,53.0,51.0,53.0,53.0,48.0,49.5,0.10624184149184143,4,1
random,100,32,33,82.0,73.0,78.0,76.0,79.0,79.0,85.0,49.5,0.10624184149184143,4,1
random,100,32,34,43.0,25.0,37.0,36.0,31.0,31.0,50.0,49.5,0.10624184149184143,4,1
random,100,32,35,8.0,10.0,34.0,34.0,9.0,9.0,12.0,49.5,0.10624184149184143,4,1
random,100,32,36,91.0,96.0,94.0,93.0,96.0,96.0,94.0,49.5,0.10624184149184143,4,1
random,100,32,37,82.0,87.0,90.0,90.0,87.0,87.0,89.0,49.5,0.10624184149184143,4,1
random,100,32,38,43.0,40.0,47.0,47.0,43.0,43.0,51.0,49.5,0.10624184149184143,4,1
random,100,32,39,17.0,33.0,31.0,32.0,30.0,30.0,20.0,49.5,0.10624184149184143,4,1
random,100,32,40,5.0,6.0,15.0,17.0,6.0,6.0,7.0,49.5,0.10624184149184143,4,1
random,100,32,41,82.0,69.0,88.0,89.0,77.0,77.0,91.0,49.5,0.10624184149184143,4,1
random,100,32,42,17.0,10.0,27.0,29.0,15.0,15.0,26.0,49.5,0.10624184149184143,4,1
random,100,32,43,43.0,54.0,51.0,53.0,54.0,54.0,47.0,49.5,0.10624184149184143,4,1
random,100,32,44,5.0,2.0,5.0,6.0,5.0,5.0,6.0,49.5,0.10624184149184143,4,1
random,100,32,45,8.0,14.0,28.0,26.0,10.0,11.0,11.0,49.5,0.10624184149184143,4,1
random,100,32,46,58.0,65.0,42.0,41.0,67.0,67.0,59.0,49.5,0.10624184149184143,4,1
random,100,32,47,28.0,17.0,43.0,45.0,25.0,25.0,38.0,49.5,0.10624184149184143,4,1
random,100,32,48,69.0,90.0,65.0,64.0,88.0,88.0,69.0,49.5,0.10624184149184143,4,1
random,100,32,49,82.0,82.0,89.0,88.0,85.0,85.0,90.0,49.5,0.10624184149184143,4,1
random,100,32,50,28.0,36.0,18.0,18.0,36.0,36.0,30.0,49.5,0.10624184149184143,4,1
random,100,32,51,5.0,16.0,6.0,5.0,12.0,12.0,5.0,49.5,0.10624184149184143,4,1
random,100,32,52,100.0,100.0,100.0,100.0,100.0,100.0,100.0,49.5,0.10624184149184143,4,1
random,100,32,53,82.0,80.0,83.0,82.0,82.0,82.0,86.0,49.5,0.10624184149184143,4,1
random,100,32,54,43.0,52.0,72.0,72.0,52.0,52.0,58.0,49.5,0.10624184149184143,4,1
random,100,32,55,13.0,6.0,22.0,27.0,8.0,8.0,17.0,49.5,0.10624184149184143,4,1
random,100,32,56,28.0,31.0,32.0,30.0,33.0,33.0,35.0,49.5,0.10624184149184143,4,1
random,100,32,57,69.0,65.0,84.0,83.0,71.0,71.0,79.0,49.5,0.10624184149184143,4,1
random,100,32,58,28.0,22.0,46.0,46.0,28.0,28.0,40.0,49.5,0.10624184149184143,4,1
random,100,32,59,2.0,5.0,4.0,4.0,4.0,4.0,4.0,49.5,0.10624184149184143,4,1
random,100,32,60,69.0,69.0,74.0,74.0,70.0,70.0,76.0,49.5,0.10624184149184143,4,1
random,100,32,61,8.0,10.0,11.0,11.0,10.0,10.0,9.0,49.5,0.10624184149184143,4,1
random,100,32,62,58.0,51.0,66.0,67.0,54.0,54.0,67.0,49.5,0.10624184149184143,4,1
random,100,32,63,69.0,73.0,76.0,79.0,74.0,74.0,77.0,49.5,0.10624184149184143,4,1
random,100,32,64,97.0,97.0,99.0,99.0,97.0,97.0,99.0,49.5,0.10624184149184143,4,1
random,100,32,65,13.0,22.0,19.0,20.0,19.0,19.0,15.0,49.5,0.10624184149184143,4,1
random,100,32,66,8.0,8.0,7.0,8.0,7.0,7.0,8.0,49.5,0.10624184149184143,4,1
random,100,32,67,43.0,53.0,48.0,49.0,49.0,49.0,53.0,49.5,0.10624184149184143,4,1
random,100,32,68,13.0,14.0,13.0,12.0,14.0,14.0,13.0,49.5,0.10624184149184143,4,1
random,100,32,69,58.0,65.0,67.0,63.0,64.0,64.0,63.0,49.5,0.10624184149184143,4,1
random,100,32,70,28.0,17.0,8.0,7.0,26.0,26.0,28.0,49.5,0.10624184149184143,4,1
random,100,32,71,17.0,25.0,36.0,39.0,22.0,22.0,27.0,49.5,0.10624184149184143,4,1
random,100,32,72,28.0,40.0,33.0,31.0,39.0,39.0,34.0,49.5,0.10624184149184143,4,1
random,100,32,73,17.0,17.0,30.0,33.0,20.0,20.0,23.0,49.5,0.10624184149184143,4,1
random,100,32,74,43.0,54.0,52.0,54.0,57.0,57.0,49.0,49.5,0.10624184149184143,4,1
random,100,32,75,69.0,79.0,75.0,75.0,78.0,78.0,73.0,49.5,0.10624184149184143,4,1
random,100,32,76,69.0,63.0,73.0,73.0,63.0,63.0,74.0,49.5,0.10624184149184143,4,1
random,100,32,77,91.0,94.0,21.0,19.0,94.0,94.0,82.0,49.5,0.10624184149184143,4,1
random,100,32,78,58.0,75.0,44.0,42.0,75.0,75.0,57.0,49.5,0.10624184149184143,4,1
random,100,32,79,13.0,17.0,14.0,15.0,18.0,18.0,14.0,49.5,0.10624184149184143,4,1
random,100,32,80,43.0,59.0,49.0,48.0,58.0,58.0,46.0,49.5,0.10624184149184143,4,1
random,100,32,81,69.0,72.0,77.0,77.0,71.0,71.0,78.0,49.5,0.10624184149184143,4,1
random,100,32,82,69.0,84.0,62.0,58.0,81.0,81.0,70.0,49.5,0.10624184149184143,4,1
random,100,32,83,8.0,25.0,12.0,13.0,17.0,17.0,10.0,49.5,0.10624184149184143,4,1
random,100,32,84,91.0,87.0,96.0,96.0,90.0,90.0,96.0,49.5,0.10624184149184143,4,1
random,100,32,85,43.0,48.0,23.0,24.0,50.0,50.0,43.0,49.5,0.10624184149184143,4,1
random,100,32,86,17.0,25.0,38.0,38.0,23.0,23.0,25.0,49.5,0.10624184149184143,4,1
random,100,32,87,91.0,95.0,86.0,85.0,95.0,95.0,92.0,49.5,0.10624184149184143,4,1
random,100,32,88,28.0,38.0,54.0,52.0,37.0,37.0,39.0,49.5,0.10624184149184143,4,1
random,100,32,89,82.0,86.0,87.0,87.0,86.0,86.0,84.0,49.5,0.10624184149184143,4,1
random,100,32,90,28.0,17.0,35.0,35.0,26.0,26.0,37.0,49.5,0.10624184149184143,4,1
random,100,32,91,91.0,91.0,92.0,92.0,93.0,93.0,95.0,49.5,0.10624184149184143,4,1
random,100,32,92,69.0,59.0,82.0,84.0,62.0,62.0,80.0,49.5,0.10624184149184143,4,1
random,100,32,93,69.0,75.0,79.0,78.0,76.0,76.0,75.0,49.5,0.10624184149184143,4,1
random,100,32,94,2.0,4.0,3.0,3.0,3.0,3.0,3.0,49.5,0.10624184149184143,4,1
random,100,32,95,17.0,22.0,25.0,23.0,21.0,21.0,22.0,49.5,0.10624184149184143,4,1
random,100,32,96,58.0,62.0,60.0,59.0,61.0,61.0,61.0,49.5,0.10624184149184143,4,1
random,100,32,97,2.0,2.0,2.0,2.0,2.0,2.0,2.0,49.5,0.10624184149184143,4,1
random,100,32,98,17.0,9.0,9.0,9.0,13.0,13.0,19.0,49.5,0.10624184149184143,4,1
random,100,32,99,58.0,65.0,58.0,61.0,64.0,64.0,62.0,49.5,0.10624184149184143,4,1
