random,100,37,0,58.0,74.0,72.0,73.0,70.0,70.0,65.0,49.5,0.08007226107226102,4,1
random,100,37,1,44.0,70.0,32.0,32.0,64.0,64.0,44.0,49.5,0.08007226107226102,4,1
random,100,37,2,44.0,58.0,47.0,49.0,55.0,55.0,47.0,49.5,0.08007226107226102,4,1
random,100,37,3,86.0,91.0,88.0,90.0,91.0,91.0,88.0,49.5,0.08007226107226102,4,1
random,100,37,4,44.0,63.0,50.0,46.0,60.0,60.0,45.0,49.5,0.08007226107226102,4,1
random,100,37,5,58.0,78.0,53.0,53.0,73.0,73.0,61.0,49.5,0.08007226107226102,4,1
random,100,37,6,44.0,40.0,57.0,58.0,43.0,43.0,57.0,49.5,0.08007226107226102,4,1
random,100,37,7,15.0,21.0,25.0,26.0,20.0,20.0,22.0,49.5,0.08007226107226102,4,1
random,100,37,8,26.0,55.0,33.0,35.0,50.0,50.0,29.0,49.5,0.08007226107226102,4,1
random,100,37,9,26.0,21.0,24.0,24.0,26.0,26.0,31.0,49.5,0.08007226107226102,4,1
random,100,37,10,72.0,86.0,76.0,75.0,83.0,83.0,76.0,49.5,0.08007226107226102,4,1
random,100,37,11,58.0,61.0,68.0,67.0,61.0,61.0,67.0,49.5,0.08007226107226102,4,1
random,100,37,12,26.0,40.0,51.0,52.0,41.0,41.0,38.0,49.5,0.08007226107226102,4,1
random,100,37,13,58.0,83.0,52.0,51.0,80.0,80.0,58.0,49.5,0.08007226107226102,4,1
random,100,37,14,44.0,33.0,40.0,40.0,40.0,40.0,52.0,49.5,0.08007226107226102,4,1
random,100,37,15,2.0,1.0,2.0,2.0,1.0,1.0,2.0,49.5,0.08007226107226102,4,1
random,100,37,16,26.0,30.0,28.0,28.0,33.0,33.0,33.0,49.5,0.08007226107226102,4,1
random,100,37,17,10.0,27.0,11.0,12.0,18.0,18.0,11.0,49.5,0.08007226107226102,4,1
random,100,37,18,58.0,61.0,73.0,71.0,63.0,63.0,69.0,49.5,0.08007226107226102,4,1
random,100,37,19,72.0,63.0,70.0,70.0,67.0,67.0,78.0,49.5,0.08007226107226102,4,1
random,100,37,20,58.0,83.0,59.0,60.0,78.0,78.0,59.0,49.5,0.08007226107226102,4,1
random,100,37,21,44.0,46.0,55.0,56.0,46.0,46.0,55.0,49.5,0.08007226107226102,4,1
random,100,37,22,10.0,5.0,14.0,14.0,8.0,8.0,14.0,49.5,0.08007226107226102,4,1
random,100,37,23,98.0,96.0,99.0,99.0,97.0,97.0,99.0,49.5,0.08007226107226102,4,1
random,100,37,24,44.0,30.0,31.0,30.0,39.0,39.0,51.0,49.5,0.08007226107226102,4,1
random,100,37,25,26.0,33.0,27.0,25.0,36.0,36.0,32.0,49.5,0.08007226107226102,4,1
random,100,37,26,26.0,39.0,34.0,33.0,38.0,38.0,34.0,49.5,0.08007226107226102,4,1
random,100,37,27,10.0,13.0,9.0,9.0,14.0,14.0,10.0,49.5,0.08007226107226102,4,1
random,100,37,28,58.0,50.0,67.0,69.0,57.0,57.0,71.0,49.5,0.08007226107226102,4,1
random,100,37,29,15.0,13.0,21.0,22.0,16.0,16.0,20.0,49.5,0.08007226107226102,4,1
random,100,37,30,58.0,74.0,71.0,72.0,70.0,70.0,64.0,49.5,0.08007226107226102,4,1
random,100,37,31,26.0,40.0,36.0,36.0,41.0,41.0,28.0,49.5,0.08007226107226102,4,1
random,100,37,32,72.0,63.0,85.0,85.0,69.0,69.0,84.0,49.5,0.08007226107226102,4,1
random,100,37,33,26.0,45.0,17.0,17.0,43.0,43.0,27.0,49.5,0.08007226107226102,4,1
random,100,37,34,58.0,78.0,56.0,54.0,73.0,73.0,60.0,49.5,0.08007226107226102,4,1
random,100,37,35,5.0,16.0,4.0,4.0,15.0,15.0,5.0,49.5,0.08007226107226102,4,1
random,100,37,36,72.0,60.0,87.0,86.0,65.0,65.0,85.0,49.5,0.08007226107226102,4,1
random,100,37,37,26.0,28.0,26.0,27.0,31.0,31.0,36.0,49.5,0.08007226107226102,4,1
random,100,37,38,58.0,50.0,63.0,64.0,56.0,56.0,70.0,49.5,0.08007226107226102,4,1
random,100,37,39,94.0,95.0,93.0,93.0,95.0,95.0,96.0,49.5,0.08007226107226102,4,1
random,100,37,40,26.0,21.0,35.0,34.0,24.0,24.0,37.0,49.5,0.08007226107226102,4,1
random,100,37,41,58.0,55.0,62.0,62.0,58.0,58.0,63.0,49.5,0.08007226107226102,4,1
random,100,37,42,10.0,16.0,13.0,13.0,17.0,17.0,12.0,49.5,0.08007226107226102,4,1
random,100,37,43,26.0,28.0,46.0,50.0,32.0,32.0,39.0,49.5,0.08007226107226102,4,1
random,100,37,44,94.0,92.0,95.0,94.0,93.0,93.0,97.0,49.5,0.08007226107226102,4,1
random,100,37,45,26.0,50.0,30.0,31.0,48.0,48.0,30.0,49.5,0.08007226107226102,4,1
random,100,37,46,86.0,94.0,86.0,87.0,94.0,94.0,86.0,49.5,0.08007226107226102,4,1
random,100,37,47,44.0,40.0,44.0,37.0,43.0,43.0,50.0,49.5,0.08007226107226102,4,1
random,100,37,48,44.0,49.0,54.0,57.0,49.0,49.0,54.0,49.5,0.08007226107226102,4,1
random,100,37,49,5.0,13.0,6.0,6.0,10.0,10.0,6.0,49.5,0.08007226107226102,4,1
random,100,37,50,72.0,68.0,82.0,82.0,72.0,72.0,80.0,49.5,0.08007226107226102,4,1
random,100,37,51,5.0,8.0,8.0,8.0,7.0,7.0,7.0,49.5,0.08007226107226102,4,1
random,100,37,52,58.0,58.0,65.0,66.0,59.0,59.0,68.0,49.5,0.08007226107226102,4,1
random,100,37,53,94.0,97.0,97.0,97.0,96.0,96.0,95.0,49.5,0.08007226107226102,4,1
random,100,37,54,15.0,8.0,20.0,21.0,11.0,11.0,23.0,49.5,0.08007226107226102,4,1
random,100,37,55,72.0,78.0,83.0,83.0,80.0,80.0,79.0,49.5,0.08007226107226102,4,1
random,100,37,56,98.0,99.0,98.0,98.0,99.0,99.0,98.0,49.5,0.08007226107226102,4,1
random,100,37,57,15.0,8.0,22.0,19.0,11.0,11.0,25.0,49.5,0.08007226107226102,4,1
random,100,37,58,26.0,33.0,16.0,16.0,37.0,37.0,26.0,49.5,0.08007226107226102,4,1
random,100,37,59,44.0,50.0,61.0,61.0,52.0,52.0,48.0,49.5,0.08007226107226102,4,1
random,100,37,60,44.0,46.0,43.0,39.0,46.0,46.0,49.0,49.5,0.08007226107226102,4,1
random,100,37,61,58.0,46.0,58.0,55.0,51.0,51.0,66.0,49.5,0.08007226107226102,4,1
random,100,37,62,100.0,100.0,100.0,100.0,100.0,100.0,100.0,49.5,0.08007226107226102,4,1
random,100,37,63,72.0,63.0,80.0,80.0,67.0,67.0,83.0,49.5,0.08007226107226102,4,1
random,100,37,64,72.0,71.0,69.0,68.0,75.0,75.0,74.0,49.5,0.08007226107226102,4,1
random,100,37,65,5.0,5.0,12.0,11.0,5.0,5.0,8.0,49.5,0.08007226107226102,4,1
random,100,37,66,94.0,98.0,94.0,96.0,98.0,98.0,94.0,49.5,0.08007226107226102,4,1
random,100,37,67,86.0,71.0,79.0,79.0,82.0,82.0,87.0,49.5,0.08007226107226102,4,1
random,100,37,68,26.0,16.0,48.0,45.0,22.0,22.0,41.0,49.5,0.08007226107226102,4,1
random,100,37,69,15.0,33.0,29.0,29.0,28.0,28.0,18.0,49.5,0.08007226107226102,4,1
random,100,37,70,44.0,55.0,64.0,63.0,54.0,54.0,53.0,49.5,0.08007226107226102,4,1
random,100,37,71,5.0,5.0,7.0,7.0,5.0,5.0,9.0,49.5,0.08007226107226102,4,1
random,100,37,72,72.0,74.0,81.0,81.0,77.0,77.0,77.0,49.5,0.08007226107226102,4,1
random,100,37,73,15.0,21.0,37.0,42.0,20.0,20.0,24.0,49.5,0.08007226107226102,4,1
random,100,37,74,26.0,21.0,49.0,48.0,24.0,24.0,42.0,49.5,0.08007226107226102,4,1
random,100,37,75,72.0,86.0,84.0,84.0,85.0,85.0,82.0,49.5,0.08007226107226102,4,1
random,100,37,76,3.0,3.0,5.0,5.0,3.0,3.0,4.0,49.5,0.08007226107226102,4,1
random,100,37,77,86.0,81.0,92.0,91.0,86.0,86.0,92.0,49.5,0.08007226107226102,4,1
random,100,37,78,72.0,89.0,78.0,78.0,88.0,88.0,73.0,49.5,0.08007226107226102,4,1
random,100,37,79,26.0,30.0,38.0,38.0,34.0,34.0,35.0,49.5,0.08007226107226102,4,1
random,100,37,80,72.0,71.0,75.0,77.0,76.0,76.0,81.0,49.5,0.08007226107226102,4,1
random,100,37,81,86.0,83.0,90.0,88.0,87.0,87.0,91.0,49.5,0.08007226107226102,4,1
random,100,37,82,15.0,12.0,19.0,20.0,13.0,13.0,19.0,49.5,0.08007226107226102,4,1
random,100,37,83,86.0,88.0,91.0,89.0,89.0,89.0,89.0,49.5,0.08007226107226102,4,1
random,100,37,84,15.0,33.0,18.0,18.0,28.0,28.0,15.0,49.5,0.08007226107226102,4,1
random,100,37,85,86.0,89.0,89.0,92.0,90.0,90.0,90.0,49.5,0.08007226107226102,4,1
random,100,37,86,86.0,81.0,96.0,95.0,84.0,84.0,93.0,49.5,0.08007226107226102,4,1
random,100,37,87,15.0,19.0,15.0,15.0,19.0,19.0,16.0,49.5,0.08007226107226102,4,1
random,100,37,88,72.0,74.0,77.0,74.0,78.0,78.0,75.0,49.5,0.08007226107226102,4,1
random,100,37,89,3.0,4.0,3.0,3.0,4.0,4.0,3.0,49.5,0.08007226107226102,4,1
random,100,37,90,44.0,63.0,41.0,43.0,61.0,61.0,46.0,49.5,0.08007226107226102,4,1
random,100,37,91,15.0,33.0,23.0,23.0,28.0,28.0,17.0,49.5,0.08007226107226102,4,1
random,100,37,92,72.0,92.0,74.0,76.0,92.0,92.0,72.0,49.5,0.08007226107226102,4,1
random,100,37,93,58.0,68.0,60.0,59.0,66.0,66.0,62.0,49.5,0.08007226107226102,4,1
random,100,37,94,26.0,19.0,45.0,47.0,23.0,23.0,43.0,49.5,0.08007226107226102,4,1
random,100,37,95,26.0,21.0,42.0,41.0,26.0,26.0,40.0,49.5,0.08007226107226102,4,1
random,100,37,96,44.0,50.0,66.0,65.0,52.0,52.0,56.0,49.5,0.08007226107226102,4,1
random,100,37,97,1.0,2.0,1.0,1.0,2.0,2.0,1.0,49.5,0.08007226107226102,4,1
random,100,37,98,15.0,40.0,39.0,44.0,35.0,35.0,21.0,49.5,0.08007226107226102,4,1
random,100,37,99,10.0,8.0,10.0,10.0,9.0,9.0,13.0,49.5,0.08007226107226102,4,1
random,100,38,0,42.0,39.0,58.0,56.0,43.0,43.0,48.0,49.5,0.09330619380619375,3,1
random,100,38,1,42.0,33.0,52.0,54.0,34.0,34.0,53.0,49.5,0.09330619380619375,3,1
random,100,38,2,42.0,72.0,38.0,38.0,68.0,68.0,42.0,49.5,0.09330619380619375,3,1
random,100,38,3,55.0,68.0,75.0,77.0,69.0,69.0,63.0,49.5,0.09330619380619375,3,1
random,100,38,4,84.0,87.0,87.0,89.0,87.0,87.0,92.0,49.5,0.09330619380619375,3,1
random,100,38,5,5.0,3.0,11.0,11.0,3.0,3.0,11.0,49.5,0.09330619380619375,3,1
random,100,38,6,12.0,5.0,14.0,15.0,9.0,9.0,13.0,49.5,0.09330619380619375,3,1
random,100,38,7,24.0,19.0,34.0,36.0,24.0,24.0,35.0,49.5,0.09330619380619375,3,1
random,100,38,8,24.0,45.0,24.0,24.0,42.0,42.0,26.0,49.5,0.09330619380619375,3,1
random,100,38,9,55.0,84.0,56.0,57.0,81.0,81.0,56.0,49.5,0.09330619380619375,3,1
random,100,38,10,94.0,95.0,93.0,93.0,95.0,95.0,96.0,49.5,0.09330619380619375,3,1
random,100,38,11,18.0,15.0,13.0,12.0,18.0,18.0,19.0,49.5,0.09330619380619375,3,1
random,100,38,12,55.0,65.0,68.0,71.0,66.0,66.0,65.0,49.5,0.09330619380619375,3,1
random,100,38,13,24.0,30.0,39.0,39.0,31.0,31.0,39.0,49.5,0.09330619380619375,3,1
random,100,38,14,55.0,59.0,70.0,69.0,62.0,62.0,71.0,49.5,0.09330619380619375,3,1
random,100,38,15,42.0,45.0,50.0,50.0,48.0,48.0,47.0,49.5,0.09330619380619375,3,1
random,100,38,16,55.0,68.0,69.0,68.0,69.0,69.0,70.0,49.5,0.09330619380619375,3,1
random,100,38,17,24.0,50.0,33.0,33.0,46.0,46.0,31.0,49.5,0.09330619380619375,3,1
random,100,38,18,12.0,24.0,12.0,13.0,16.0,16.0,12.0,49.5,0.09330619380619375,3,1
random,100,38,19,18.0,19.0,16.0,16.0,20.0,20.0,18.0,49.5,0.09330619380619375,3,1
random,100,38,20,5.0,5.0,3.0,3.0,6.0,6.0,6.0,49.5,0.09330619380619375,3,1
random,100,38,21,5.0,5.0,10.0,10.0,6.0,6.0,10.0,49.5,0.09330619380619375,3,1
random,100,38,22,55.0,65.0,72.0,74.0,67.0,67.0,67.0,49.5,0.09330619380619375,3,1
random,100,38,23,77.0,55.0,77.0,76.0,63.0,63.0,83.0,49.5,0.09330619380619375,3,1
random,100,38,24,77.0,85.0,83.0,83.0,85.0,85.0,81.0,49.5,0.09330619380619375,3,1
random,100,38,25,24.0,19.0,37.0,34.0,24.0,24.0,37.0,49.5,0.09330619380619375,3,1
random,100,38,26,24.0,24.0,29.0,27.0,29.0,29.0,28.0,49.5,0.09330619380619375,3,1
random,100,38,27,42.0,52.0,49.0,52.0,50.0,50.0,49.0,49.5,0.09330619380619375,3,1
random,100,38,28,18.0,27.0,25.0,23.0,23.0,23.0,21.0,49.5,0.09330619380619375,3,1
random,100,38,29,24.0,15.0,32.0,32.0,21.0,21.0,34.0,49.5,0.09330619380619375,3,1
random,100,38,30,77.0,68.0,76.0,73.0,75.0,75.0,80.0,49.5,0.09330619380619375,3,1
random,100,38,31,18.0,30.0,26.0,26.0,24.0,24.0,23.0,49.5,0.09330619380619375,3,1
random,100,38,32,84.0,89.0,98.0,98.0,89.0,89.0,93.0,49.5,0.09330619380619375,3,1
random,100,38,33,84.0,85.0,86.0,86.0,86.0,86.0,86.0,49.5,0.09330619380619375,3,1
random,100,38,34,77.0,76.0,63.0,65.0,77.0,77.0,78.0,49.5,0.09330619380619375,3,1
random,100,38,35,55.0,72.0,64.0,63.0,72.0,72.0,69.0,49.5,0.09330619380619375,3,1
random,100,38,36,5.0,13.0,5.0,5.0,11.0,11.0,7.0,49.5,0.09330619380619375,3,1
random,100,38,37,84.0,97.0,88.0,87.0,96.0,96.0,84.0,49.5,0.09330619380619375,3,1
random,100,38,38,2.0,1.0,4.0,4.0,1.0,1.0,3.0,49.5,0.09330619380619375,3,1
random,100,38,39,5.0,4.0,6.0,6.0,4.0,4.0,9.0,49.5,0.09330619380619375,3,1
random,100,38,40,18.0,27.0,21.0,21.0,22.0,22.0,22.0,49.5,0.09330619380619375,3,1
random,100,38,41,24.0,43.0,53.0,53.0,40.0,40.0,38.0,49.5,0.09330619380619375,3,1
random,100,38,42,84.0,87.0,92.0,92.0,88.0,88.0,88.0,49.5,0.09330619380619375,3,1
random,100,38,43,12.0,10.0,18.0,17.0,14.0,14.0,15.0,49.5,0.09330619380619375,3,1
random,100,38,44,55.0,59.0,82.0,82.0,61.0,61.0,72.0,49.5,0.09330619380619375,3,1
random,100,38,45,55.0,64.0,57.0,58.0,65.0,65.0,58.0,49.5,0.09330619380619375,3,1
random,100,38,46,24.0,39.0,36.0,37.0,38.0,38.0,33.0,49.5,0.09330619380619375,3,1
random,100,38,47,2.0,10.0,2.0,2.0,8.0,8.0,2.0,49.5,0.09330619380619375,3,1
random,100,38,48,77.0,82.0,54.0,51.0,82.0,82.0,77.0,49.5,0.09330619380619375,3,1
random,100,38,49,55.0,65.0,73.0,75.0,71.0,71.0,62.0,49.5,0.09330619380619375,3,1
random,100,38,50,24.0,37.0,35.0,35.0,36.0,36.0,36.0,49.5,0.09330619380619375,3,1
random,100,38,51,84.0,90.0,89.0,88.0,90.0,90.0,89.0,49.5,0.09330619380619375,3,1
random,100,38,52,42.0,35.0,40.0,40.0,37.0,37.0,46.0,49.5,0.09330619380619375,3,1
random,100,38,53,55.0,48.0,60.0,60.0,51.0,51.0,64.0,49.5,0.09330619380619375,3,1
random,100,38,54,12.0,24.0,23.0,25.0,16.0,16.0,16.0,49.5,0.09330619380619375,3,1
random,100,38,55,42.0,39.0,65.0,64.0,44.0,44.0,54.0,49.5,0.09330619380619375,3,1
random,100,38,56,42.0,59.0,42.0,43.0,55.0,55.0,45.0,49.5,0.09330619380619375,3,1
random,100,38,57,77.0,78.0,78.0,79.0,79.0,79.0,79.0,49.5,0.09330619380619375,3,1
random,100,38,58,12.0,15.0,15.0,14.0,15.0,15.0,14.0,49.5,0.09330619380619375,3,1
random,100,38,59,84.0,92.0,85.0,85.0,92.0,92.0,85.0,49.5,0.09330619380619375,3,1
random,100,38,60,84.0,78.0,81.0,81.0,82.0,82.0,87.0,49.5,0.09330619380619375,3,1
random,100,38,61,94.0,94.0,96.0,96.0,93.0,93.0,97.0,49.5,0.09330619380619375,3,1
random,100,38,62,24.0,59.0,30.0,31.0,49.0,49.0,25.0,49.5,0.09330619380619375,3,1
random,100,38,63,94.0,93.0,97.0,97.0,93.0,93.0,98.0,49.5,0.09330619380619375,3,1
random,100,38,64,42.0,55.0,47.0,47.0,53.0,53.0,44.0,49.5,0.09330619380619375,3,1
random,100,38,65,42.0,45.0,48.0,48.0,47.0,47.0,50.0,49.5,0.09330619380619375,3,1
random,100,38,66,55.0,52.0,67.0,66.0,56.0,56.0,74.0,49.5,0.09330619380619375,3,1
random,100,38,67,55.0,76.0,55.0,55.0,76.0,76.0,57.0,49.5,0.09330619380619375,3,1
random,100,38,68,24.0,43.0,27.0,29.0,40.0,40.0,27.0,49.5,0.09330619380619375,3,1
random,100,38,69,55.0,82.0,41.0,41.0,78.0,78.0,55.0,49.5,0.09330619380619375,3,1
random,100,38,70,5.0,13.0,9.0,9.0,11.0,11.0,5.0,49.5,0.09330619380619375,3,1
random,100,38,71,84.0,91.0,94.0,94.0,91.0,91.0,90.0,49.5,0.09330619380619375,3,1
random,100,38,72,24.0,19.0,19.0,19.0,24.0,24.0,30.0,49.5,0.09330619380619375,3,1
random,100,38,73,94.0,98.0,95.0,95.0,98.0,98.0,95.0,49.5,0.09330619380619375,3,1
random,100,38,74,24.0,27.0,46.0,46.0,30.0,30.0,40.0,49.5,0.09330619380619375,3,1
random,100,38,75,55.0,52.0,59.0,59.0,56.0,56.0,66.0,49.5,0.09330619380619375,3,1
random,100,38,76,55.0,74.0,74.0,72.0,74.0,74.0,61.0,49.5,0.09330619380619375,3,1
random,100,38,77,55.0,74.0,66.0,67.0,73.0,73.0,60.0,49.5,0.09330619380619375,3,1
random,100,38,78,55.0,37.0,71.0,70.0,45.0,45.0,76.0,49.5,0.09330619380619375,3,1
random,100,38,79,24.0,30.0,45.0,45.0,32.0,32.0,41.0,49.5,0.09330619380619375,3,1
random,100,38,80,84.0,81.0,91.0,91.0,84.0,84.0,91.0,49.5,0.09330619380619375,3,1
random,100,38,81,42.0,33.0,44.0,44.0,35.0,35.0,52.0,49.5,0.09330619380619375,3,1
random,100,38,82,55.0,55.0,80.0,80.0,59.0,59.0,73.0,49.5,0.09330619380619375,3,1
random,100,38,83,55.0,50.0,79.0,78.0,53.0,53.0,75.0,49.5,0.09330619380619375,3,1
random,100,38,84,18.0,15.0,17.0,18.0,18.0,18.0,20.0,49.5,0.09330619380619375,3,1
random,100,38,85,1.0,2.0,1.0,1.0,2.0,2.0,1.0,49.5,0.09330619380619375,3,1
random,100,38,86,12.0,9.0,20.0,20.0,13.0,13.0,17.0,49.5,0.09330619380619375,3,1
random,100,38,87,99.0,100.0,99.0,99.0,99.0,99.0,99.0,49.5,0.09330619380619375,3,1
random,100,38,88,77.0,78.0,84.0,84.0,80.0,80.0,82.0,49.5,0.09330619380619375,3,1
random,100,38,89,55.0,48.0,51.0,49.0,51.0,51.0,59.0,49.5,0.09330619380619375,3,1
random,100,38,90,24.0,39.0,31.0,30.0,38.0,38.0,29.0,49.5,0.09330619380619375,3,1
random,100,38,91,100.0,99.0,100.0,100.0,100.0,100.0,100.0,49.5,0.09330619380619375,3,1
random,100,38,92,55.0,55.0,62.0,61.0,58.0,58.0,68.0,49.5,0.09330619380619375,3,1
random,100,38,93,5.0,10.0,8.0,8.0,10.0,10.0,8.0,49.5,0.09330619380619375,3,1
random,100,38,94,42.0,63.0,61.0,62.0,60.0,60.0,51.0,49.5,0.09330619380619375,3,1
random,100,38,95,2.0,8.0,7.0,7.0,5.0,5.0,4.0,49.5,0.09330619380619375,3,1
random,100,38,96,24.0,35.0,22.0,22.0,33.0,33.0,24.0,49.5,0.09330619380619375,3,1
random,100,38,97,94.0,95.0,90.0,90.0,96.0,96.0,94.0,49.5,0.09330619380619375,3,1
random,100,38,98,24.0,19.0,28.0,28.0,24.0,24.0,32.0,49.5,0.09330619380619375,3,1
random,100,38,99,42.0,68.0,43.0,42.0,64.0,64.0,43.0,49.5,0.09330619380619375,3,1
