random,100,39,0,26.0,21.0,19.0,19.0,26.0,26.0,27.0,49.5,0.07524594849594846,4,1
random,100,39,1,26.0,30.0,45.0,45.0,31.0,31.0,40.0,49.5,0.07524594849594846,4,1
random,100,39,2,52.0,63.0,50.0,51.0,63.0,63.0,54.0,49.5,0.07524594849594846,4,1
random,100,39,3,11.0,9.0,10.0,13.0,10.0,10.0,13.0,49.5,0.07524594849594846,4,1
random,100,39,4,98.0,100.0,100.0,100.0,100.0,100.0,98.0,49.5,0.07524594849594846,4,1
random,100,39,5,83.0,87.0,94.0,94.0,87.0,87.0,90.0,49.5,0.07524594849594846,4,1
random,100,39,6,26.0,45.0,38.0,41.0,43.0,43.0,37.0,49.5,0.07524594849594846,4,1
random,100,39,7,69.0,73.0,78.0,78.0,74.0,74.0,81.0,49.5,0.07524594849594846,4,1
random,100,39,8,69.0,78.0,73.0,73.0,79.0,79.0,75.0,49.5,0.07524594849594846,4,1
random,100,39,9,44.0,54.0,46.0,48.0,50.0,50.0,48.0,49.5,0.07524594849594846,4,1
random,100,39,10,4.0,6.0,6.0,4.0,5.0,5.0,8.0,49.5,0.07524594849594846,4,1
random,100,39,11,52.0,70.0,59.0,60.0,66.0,66.0,55.0,49.5,0.07524594849594846,4,1
random,100,39,12,26.0,30.0,29.0,27.0,33.0,33.0,35.0,49.5,0.07524594849594846,4,1
random,100,39,13,69.0,82.0,64.0,64.0,82.0,82.0,72.0,49.5,0.07524594849594846,4,1
random,100,39,14,69.0,63.0,85.0,85.0,69.0,69.0,82.0,49.5,0.07524594849594846,4,1
random,100,39,15,52.0,47.0,72.0,70.0,51.0,51.0,64.0,49.5,0.07524594849594846,4,1
random,100,39,16,26.0,21.0,43.0,43.0,25.0,25.0,41.0,49.5,0.07524594849594846,4,1
random,100,39,17,52.0,56.0,55.0,58.0,56.0,56.0,58.0,49.5,0.07524594849594846,4,1
random,100,39,18,92.0,92.0,91.0,91.0,94.0,94.0,94.0,49.5,0.07524594849594846,4,1
random,100,39,19,26.0,46.0,39.0,39.0,45.0,45.0,34.0,49.5,0.07524594849594846,4,1
random,100,39,20,26.0,16.0,65.0,68.0,21.0,21.0,43.0,49.5,0.07524594849594846,4,1
random,100,39,21,17.0,21.0,30.0,31.0,22.0,22.0,24.0,49.5,0.07524594849594846,4,1
random,100,39,22,4.0,3.0,8.0,7.0,3.0,3.0,10.0,49.5,0.07524594849594846,4,1
random,100,39,23,92.0,93.0,84.0,84.0,95.0,95.0,92.0,49.5,0.07524594849594846,4,1
random,100,39,24,44.0,49.0,41.0,37.0,48.0,48.0,44.0,49.5,0.07524594849594846,4,1
random,100,39,25,17.0,41.0,13.0,11.0,38.0,38.0,16.0,49.5,0.07524594849594846,4,1
random,100,39,26,11.0,13.0,14.0,14.0,12.0,12.0,12.0,49.5,0.07524594849594846,4,1
random,100,39,27,98.0,99.0,97.0,97.0,99.0,99.0,99.0,49.5,0.07524594849594846,4,1
random,100,39,28,17.0,10.0,18.0,15.0,13.0,13.0,21.0,49.5,0.07524594849594846,4,1
random,100,39,29,83.0,85.0,93.0,93.0,85.0,85.0,89.0,49.5,0.07524594849594846,4,1
random,100,39,30,11.0,4.0,16.0,17.0,7.0,7.0,14.0,49.5,0.07524594849594846,4,1
random,100,39,31,3.0,10.0,4.0,5.0,9.0,9.0,3.0,49.5,0.07524594849594846,4,1
random,100,39,32,52.0,54.0,77.0,77.0,55.0,55.0,66.0,49.5,0.07524594849594846,4,1
random,100,39,33,52.0,49.0,60.0,57.0,52.0,52.0,59.0,49.5,0.07524594849594846,4,1
random,100,39,34,1.0,1.0,2.0,2.0,1.0,1.0,2.0,49.5,0.07524594849594846,4,1
random,100,39,35,17.0,17.0,17.0,18.0,17.0,17.0,18.0,49.5,0.07524594849594846,4,1
random,100,39,36,26.0,39.0,27.0,30.0,39.0,39.0,31.0,49.5,0.07524594849594846,4,1
random,100,39,37,83.0,82.0,88.0,88.0,83.0,83.0,87.0,49.5,0.07524594849594846,4,1
random,100,39,38,15.0,28.0,26.0,26.0,23.0,23.0,17.0,49.5,0.07524594849594846,4,1
random,100,39,39,69.0,63.0,67.0,65.0,69.0,69.0,78.0,49.5,0.07524594849594846,4,1
random,100,39,40,26.0,26.0,20.0,22.0,28.0,28.0,28.0,49.5,0.07524594849594846,4,1
random,100,39,41,98.0,98.0,99.0,98.0,98.0,98.0,100.0,49.5,0.07524594849594846,4,1
random,100,39,42,69.0,88.0,81.0,80.0,84.0,84.0,74.0,49.5,0.07524594849594846,4,1
random,100,39,43,69.0,74.0,68.0,66.0,76.0,76.0,79.0,49.5,0.07524594849594846,4,1
random,100,39,44,83.0,97.0,92.0,92.0,96.0,96.0,84.0,49.5,0.07524594849594846,4,1
random,100,39,45,4.0,17.0,12.0,12.0,14.0,14.0,4.0,49.5,0.07524594849594846,4,1
random,100,39,46,11.0,21.0,5.0,6.0,16.0,16.0,11.0,49.5,0.07524594849594846,4,1
random,100,39,47,52.0,74.0,57.0,54.0,72.0,72.0,52.0,49.5,0.07524594849594846,4,1
random,100,39,48,26.0,36.0,53.0,59.0,36.0,36.0,42.0,49.5,0.07524594849594846,4,1
random,100,39,49,44.0,41.0,32.0,32.0,46.0,46.0,46.0,49.5,0.07524594849594846,4,1
random,100,39,50,52.0,80.0,54.0,55.0,75.0,75.0,53.0,49.5,0.07524594849594846,4,1
random,100,39,51,69.0,78.0,62.0,61.0,80.0,80.0,70.0,49.5,0.07524594849594846,4,1
random,100,39,52,69.0,66.0,76.0,74.0,71.0,71.0,80.0,49.5,0.07524594849594846,4,1
random,100,39,53,44.0,38.0,34.0,34.0,41.0,41.0,47.0,49.5,0.07524594849594846,4,1
random,100,39,54,52.0,56.0,71.0,71.0,57.0,57.0,63.0,49.5,0.07524594849594846,4,1
random,100,39,55,69.0,80.0,58.0,53.0,80.0,80.0,69.0,49.5,0.07524594849594846,4,1
random,100,39,56,92.0,85.0,96.0,96.0,87.0,87.0,96.0,49.5,0.07524594849594846,4,1
random,100,39,57,26.0,26.0,40.0,42.0,28.0,28.0,39.0,49.5,0.07524594849594846,4,1
random,100,39,58,1.0,2.0,1.0,1.0,2.0,2.0,1.0,49.5,0.07524594849594846,4,1
random,100,39,59,26.0,30.0,25.0,24.0,31.0,31.0,30.0,49.5,0.07524594849594846,4,1
random,100,39,60,52.0,52.0,80.0,82.0,54.0,54.0,68.0,49.5,0.07524594849594846,4,1
random,100,39,61,26.0,47.0,22.0,20.0,47.0,47.0,26.0,49.5,0.07524594849594846,4,1
random,100,39,62,44.0,66.0,44.0,47.0,62.0,62.0,45.0,49.5,0.07524594849594846,4,1
random,100,39,63,17.0,17.0,36.0,36.0,17.0,17.0,25.0,49.5,0.07524594849594846,4,1
random,100,39,64,92.0,91.0,89.0,89.0,91.0,91.0,93.0,49.5,0.07524594849594846,4,1
random,100,39,65,52.0,36.0,63.0,63.0,44.0,44.0,65.0,49.5,0.07524594849594846,4,1
random,100,39,66,92.0,89.0,95.0,95.0,90.0,90.0,95.0,49.5,0.07524594849594846,4,1
random,100,39,67,26.0,14.0,31.0,29.0,19.0,19.0,38.0,49.5,0.07524594849594846,4,1
random,100,39,68,17.0,39.0,24.0,25.0,35.0,35.0,19.0,49.5,0.07524594849594846,4,1
random,100,39,69,83.0,94.0,87.0,87.0,92.0,92.0,86.0,49.5,0.07524594849594846,4,1
random,100,39,70,4.0,8.0,9.0,8.0,8.0,8.0,7.0,49.5,0.07524594849594846,4,1
random,100,39,71,52.0,70.0,74.0,75.0,68.0,68.0,62.0,49.5,0.07524594849594846,4,1
random,100,39,72,26.0,41.0,33.0,33.0,41.0,41.0,32.0,49.5,0.07524594849594846,4,1
random,100,39,73,4.0,4.0,11.0,10.0,4.0,4.0,9.0,49.5,0.07524594849594846,4,1
random,100,39,74,52.0,58.0,48.0,46.0,57.0,57.0,57.0,49.5,0.07524594849594846,4,1
random,100,39,75,17.0,30.0,23.0,23.0,27.0,27.0,20.0,49.5,0.07524594849594846,4,1
random,100,39,76,44.0,52.0,66.0,69.0,49.0,49.0,49.0,49.5,0.07524594849594846,4,1
random,100,39,77,69.0,76.0,75.0,76.0,77.0,77.0,76.0,49.5,0.07524594849594846,4,1
random,100,39,78,44.0,21.0,51.0,50.0,30.0,30.0,51.0,49.5,0.07524594849594846,4,1
random,100,39,79,4.0,7.0,3.0,3.0,6.0,6.0,6.0,49.5,0.07524594849594846,4,1
random,100,39,80,26.0,60.0,42.0,40.0,53.0,53.0,29.0,49.5,0.07524594849594846,4,1
random,100,39,81,69.0,76.0,47.0,44.0,78.0,78.0,71.0,49.5,0.07524594849594846,4,1
random,100,39,82,83.0,49.0,86.0,86.0,60.0,60.0,91.0,49.5,0.07524594849594846,4,1
random,100,39,83,69.0,60.0,49.0,49.0,65.0,65.0,73.0,49.5,0.07524594849594846,4,1
random,100,39,84,17.0,28.0,35.0,35.0,24.0,24.0,23.0,49.5,0.07524594849594846,4,1
random,100,39,85,52.0,66.0,69.0,72.0,66.0,66.0,60.0,49.5,0.07524594849594846,4,1
random,100,39,86,26.0,41.0,37.0,38.0,40.0,40.0,33.0,49.5,0.07524594849594846,4,1
random,100,39,87,52.0,60.0,56.0,52.0,61.0,61.0,56.0,49.5,0.07524594849594846,4,1
random,100,39,88,97.0,96.0,98.0,99.0,97.0,97.0,97.0,49.5,0.07524594849594846,4,1
random,100,39,89,17.0,20.0,21.0,21.0,20.0,20.0,22.0,49.5,0.07524594849594846,4,1
random,100,39,90,15.0,14.0,15.0,16.0,15.0,15.0,15.0,49.5,0.07524594849594846,4,1
random,100,39,91,44.0,34.0,52.0,56.0,37.0,37.0,50.0,49.5,0.07524594849594846,4,1
random,100,39,92,4.0,12.0,7.0,9.0,11.0,11.0,5.0,49.5,0.07524594849594846,4,1
random,100,39,93,69.0,72.0,70.0,67.0,73.0,73.0,77.0,49.5,0.07524594849594846,4,1
random,100,39,94,83.0,89.0,90.0,90.0,89.0,89.0,88.0,49.5,0.07524594849594846,4,1
random,100,39,95,26.0,34.0,28.0,28.0,34.0,34.0,36.0,49.5,0.07524594849594846,4,1
random,100,39,96,83.0,84.0,79.0,79.0,85.0,85.0,85.0,49.5,0.07524594849594846,4,1
random,100,39,97,52.0,58.0,82.0,83.0,57.0,57.0,67.0,49.5,0.07524594849594846,4,1
random,100,39,98,83.0,94.0,83.0,81.0,93.0,93.0,83.0,49.5,0.07524594849594846,4,1
random,100,39,99,52.0,66.0,61.0,62.0,63.0,63.0,61.0,49.5,0.07524594849594846,4,1
random,100,40,0,1.0,4.0,1.0,1.0,2.0,2.0,1.0,49.5,0.09760733710733709,4,1
random,100,40,1,71.0,67.0,77.0,78.0,70.0,70.0,80.0,49.5,0.09760733710733709,4,1
random,100,40,2,3.0,1.0,4.0,4.0,1.0,1.0,4.0,49.5,0.09760733710733709,4,1
random,100,40,3,14.0,22.0,16.0,16.0,24.0,24.0,16.0,49.5,0.09760733710733709,4,1
random,100,40,4,89.0,92.0,92.0,93.0,92.0,92.0,91.0,49.5,0.09760733710733709,4,1
random,100,40,5,71.0,59.0,73.0,70.0,65.0,65.0,81.0,49.5,0.09760733710733709,4,1
random,100,40,6,28.0,29.0,31.0,30.0,29.0,29.0,29.0,49.5,0.09760733710733709,4,1
random,100,40,7,39.0,28.0,35.0,32.0,33.0,33.0,43.0,49.5,0.09760733710733709,4,1
random,100,40,8,39.0,51.0,56.0,55.0,52.0,52.0,50.0,49.5,0.09760733710733709,4,1
random,100,40,9,39.0,44.0,51.0,51.0,45.0,45.0,51.0,49.5,0.09760733710733709,4,1
random,100,40,10,83.0,88.0,82.0,82.0,88.0,88.0,83.0,49.5,0.09760733710733709,4,1
random,100,40,11,3.0,9.0,7.0,6.0,6.0,6.0,3.0,49.5,0.09760733710733709,4,1
random,100,40,12,39.0,48.0,37.0,36.0,48.0,48.0,41.0,49.5,0.09760733710733709,4,1
random,100,40,13,39.0,53.0,53.0,53.0,53.0,53.0,49.0,49.5,0.09760733710733709,4,1
random,100,40,14,57.0,56.0,62.0,60.0,58.0,58.0,63.0,49.5,0.09760733710733709,4,1
random,100,40,15,39.0,36.0,48.0,48.0,39.0,39.0,48.0,49.5,0.09760733710733709,4,1
random,100,40,16,57.0,70.0,59.0,58.0,67.0,67.0,60.0,49.5,0.09760733710733709,4,1
random,100,40,17,71.0,81.0,67.0,65.0,80.0,80.0,73.0,49.5,0.09760733710733709,4,1
random,100,40,18,5.0,22.0,10.0,11.0,16.0,16.0,7.0,49.5,0.09760733710733709,4,1
random,100,40,19,95.0,97.0,98.0,98.0,98.0,98.0,98.0,49.5,0.09760733710733709,4,1
random,100,40,20,71.0,79.0,80.0,79.0,79.0,79.0,75.0,49.5,0.09760733710733709,4,1
random,100,40,21,95.0,92.0,93.0,92.0,95.0,95.0,95.0,49.5,0.09760733710733709,4,1
random,100,40,22,99.0,100.0,99.0,99.0,100.0,100.0,99.0,49.5,0.09760733710733709,4,1
random,100,40,23,71.0,74.0,64.0,64.0,75.0,75.0,72.0,49.5,0.09760733710733709,4,1
random,100,40,24,39.0,61.0,27.0,26.0,61.0,61.0,39.0,49.5,0.09760733710733709,4,1
random,100,40,25,39.0,44.0,60.0,63.0,45.0,45.0,55.0,49.5,0.09760733710733709,4,1
random,100,40,26,1.0,4.0,5.0,5.0,2.0,2.0,2.0,49.5,0.09760733710733709,4,1
random,100,40,27,21.0,16.0,30.0,33.0,18.0,18.0,26.0,49.5,0.09760733710733709,4,1
random,100,40,28,83.0,84.0,83.0,84.0,84.0,84.0,85.0,49.5,0.09760733710733709,4,1
random,100,40,29,89.0,91.0,89.0,88.0,91.0,91.0,92.0,49.5,0.09760733710733709,4,1
random,100,40,30,5.0,3.0,6.0,7.0,5.0,5.0,8.0,49.5,0.09760733710733709,4,1
random,100,40,31,28.0,51.0,38.0,38.0,47.0,47.0,32.0,49.5,0.09760733710733709,4,1
random,100,40,32,9.0,16.0,12.0,12.0,14.0,14.0,11.0,49.5,0.09760733710733709,4,1
random,100,40,33,71.0,67.0,84.0,85.0,70.0,70.0,82.0,49.5,0.09760733710733709,4,1
random,100,40,34,5.0,6.0,3.0,3.0,7.0,7.0,6.0,49.5,0.09760733710733709,4,1
random,100,40,35,28.0,41.0,32.0,28.0,39.0,39.0,30.0,49.5,0.09760733710733709,4,1
random,100,40,36,57.0,74.0,63.0,62.0,74.0,74.0,57.0,49.5,0.09760733710733709,4,1
random,100,40,37,5.0,2.0,2.0,2.0,4.0,4.0,5.0,49.5,0.09760733710733709,4,1
random,100,40,38,89.0,89.0,91.0,91.0,89.0,89.0,93.0,49.5,0.09760733710733709,4,1
random,100,40,39,14.0,13.0,19.0,17.0,13.0,13.0,19.0,49.5,0.09760733710733709,4,1
random,100,40,40,39.0,41.0,34.0,34.0,41.0,41.0,42.0,49.5,0.09760733710733709,4,1
random,100,40,41,83.0,74.0,85.0,83.0,81.0,81.0,84.0,49.5,0.09760733710733709,4,1
random,100,40,42,21.0,29.0,25.0,25.0,28.0,28.0,23.0,49.5,0.09760733710733709,4,1
random,100,40,43,83.0,86.0,97.0,97.0,87.0,87.0,87.0,49.5,0.09760733710733709,4,1
random,100,40,44,21.0,12.0,28.0,31.0,15.0,15.0,27.0,49.5,0.09760733710733709,4,1
random,100,40,45,39.0,44.0,40.0,39.0,44.0,44.0,46.0,49.5,0.09760733710733709,4,1
random,100,40,46,28.0,36.0,43.0,43.0,36.0,36.0,37.0,49.5,0.09760733710733709,4,1
random,100,40,47,9.0,14.0,8.0,8.0,11.0,11.0,9.0,49.5,0.09760733710733709,4,1
random,100,40,48,57.0,61.0,79.0,80.0,63.0,63.0,69.0,49.5,0.09760733710733709,4,1
random,100,40,49,14.0,20.0,15.0,15.0,19.0,19.0,14.0,49.5,0.09760733710733709,4,1
random,100,40,50,39.0,61.0,26.0,27.0,59.0,59.0,40.0,49.5,0.09760733710733709,4,1
random,100,40,51,28.0,29.0,24.0,24.0,30.0,30.0,28.0,49.5,0.09760733710733709,4,1
random,100,40,52,99.0,99.0,100.0,100.0,99.0,99.0,100.0,49.5,0.09760733710733709,4,1
random,100,40,53,39.0,56.0,44.0,44.0,56.0,56.0,44.0,49.5,0.09760733710733709,4,1
random,100,40,54,39.0,29.0,52.0,52.0,34.0,34.0,56.0,49.5,0.09760733710733709,4,1
random,100,40,55,89.0,98.0,88.0,86.0,97.0,97.0,89.0,49.5,0.09760733710733709,4,1
random,100,40,56,28.0,61.0,41.0,41.0,55.0,55.0,34.0,49.5,0.09760733710733709,4,1
random,100,40,57,57.0,70.0,66.0,68.0,69.0,69.0,64.0,49.5,0.09760733710733709,4,1
random,100,40,58,28.0,25.0,29.0,29.0,26.0,26.0,33.0,49.5,0.09760733710733709,4,1
random,100,40,59,57.0,79.0,65.0,66.0,75.0,75.0,62.0,49.5,0.09760733710733709,4,1
random,100,40,60,57.0,53.0,71.0,71.0,57.0,57.0,68.0,49.5,0.09760733710733709,4,1
random,100,40,61,71.0,81.0,78.0,77.0,81.0,81.0,77.0,49.5,0.09760733710733709,4,1
random,100,40,62,89.0,95.0,86.0,87.0,93.0,93.0,90.0,49.5,0.09760733710733709,4,1
random,100,40,63,71.0,70.0,76.0,76.0,73.0,73.0,78.0,49.5,0.09760733710733709,4,1
random,100,40,64,83.0,85.0,90.0,89.0,85.0,85.0,86.0,49.5,0.09760733710733709,4,1
random,100,40,65,71.0,67.0,74.0,73.0,72.0,72.0,76.0,49.5,0.09760733710733709,4,1
random,100,40,66,57.0,70.0,70.0,72.0,68.0,68.0,67.0,49.5,0.09760733710733709,4,1
random,100,40,67,14.0,20.0,14.0,14.0,19.0,19.0,17.0,49.5,0.09760733710733709,4,1
random,100,40,68,57.0,39.0,72.0,74.0,41.0,41.0,70.0,49.5,0.09760733710733709,4,1
random,100,40,69,39.0,29.0,42.0,42.0,34.0,34.0,53.0,49.5,0.09760733710733709,4,1
random,100,40,70,21.0,19.0,18.0,18.0,23.0,23.0,21.0,49.5,0.09760733710733709,4,1
random,100,40,71,14.0,27.0,20.0,20.0,25.0,25.0,15.0,49.5,0.09760733710733709,4,1
random,100,40,72,57.0,61.0,47.0,46.0,63.0,63.0,58.0,49.5,0.09760733710733709,4,1
random,100,40,73,14.0,22.0,17.0,19.0,22.0,22.0,18.0,49.5,0.09760733710733709,4,1
random,100,40,74,57.0,59.0,57.0,59.0,62.0,62.0,61.0,49.5,0.09760733710733709,4,1
random,100,40,75,95.0,92.0,95.0,95.0,94.0,94.0,96.0,49.5,0.09760733710733709,4,1
random,100,40,76,28.0,25.0,36.0,37.0,26.0,26.0,35.0,49.5,0.09760733710733709,4,1
random,100,40,77,14.0,11.0,21.0,23.0,11.0,11.0,20.0,49.5,0.09760733710733709,4,1
random,100,40,78,39.0,53.0,58.0,57.0,53.0,53.0,47.0,49.5,0.09760733710733709,4,1
random,100,40,79,39.0,41.0,50.0,50.0,41.0,41.0,52.0,49.5,0.09760733710733709,4,1
random,100,40,80,89.0,90.0,94.0,94.0,89.0,89.0,94.0,49.5,0.09760733710733709,4,1
random,100,40,81,21.0,15.0,22.0,21.0,17.0,17.0,24.0,49.5,0.09760733710733709,4,1
random,100,40,82,57.0,58.0,69.0,69.0,60.0,60.0,66.0,49.5,0.09760733710733709,4,1
random,100,40,83,71.0,74.0,75.0,75.0,77.0,77.0,79.0,49.5,0.09760733710733709,4,1
random,100,40,84,57.0,39.0,61.0,61.0,48.0,48.0,65.0,49.5,0.09760733710733709,4,1
random,100,40,85,9.0,6.0,11.0,10.0,8.0,8.0,12.0,49.5,0.09760733710733709,4,1
random,100,40,86,9.0,9.0,9.0,9.0,10.0,10.0,10.0,49.5,0.09760733710733709,4,1
random,100,40,87,71.0,86.0,81.0,81.0,86.0,86.0,74.0,49.5,0.09760733710733709,4,1
random,100,40,88,95.0,96.0,96.0,96.0,96.0,96.0,97.0,49.5,0.09760733710733709,4,1
random,100,40,89,83.0,83.0,87.0,90.0,83.0,83.0,88.0,49.5,0.09760733710733709,4,1
random,100,40,90,39.0,48.0,49.0,49.0,51.0,51.0,45.0,49.5,0.09760733710733709,4,1
random,100,40,91,39.0,48.0,54.0,54.0,48.0,48.0,54.0,49.5,0.09760733710733709,4,1
random,100,40,92,57.0,66.0,55.0,56.0,66.0,66.0,59.0,49.5,0.09760733710733709,4,1
random,100,40,93,21.0,44.0,45.0,45.0,38.0,38.0,25.0,49.5,0.09760733710733709,4,1
random,100,40,94,9.0,6.0,13.0,13.0,8.0,8.0,13.0,49.5,0.09760733710733709,4,1
random,100,40,95,21.0,18.0,23.0,22.0,21.0,21.0,22.0,49.5,0.09760733710733709,4,1
random,100,40,96,28.0,34.0,46.0,47.0,31.0,31.0,38.0,49.5,0.09760733710733709,4,1
random,100,40,97,71.0,74.0,68.0,67.0,78.0,78.0,71.0,49.5,0.09760733710733709,4,1
random,100,40,98,28.0,36.0,33.0,35.0,37.0,37.0,31.0,49.5,0.09760733710733709,4,1
random,100,40,99,28.0,34.0,39.0,40.0,31.0,31.0,36.0,49.5,0.09760733710733709,4,1
