random,100,43,0,23.0,35.0,41.0,41.0,34.0,34.0,34.0,49.5,0.07943652099534451,4,1
random,100,43,1,77.0,75.0,83.0,82.0,77.0,77.0,83.0,49.5,0.07943652099534451,4,1
random,100,43,2,43.0,35.0,44.0,43.0,41.0,41.0,49.0,49.5,0.07943652099534451,4,1
random,100,43,3,11.0,28.0,6.0,5.0,26.0,26.0,11.0,49.5,0.07943652099534451,4,1
random,100,43,4,87.0,96.0,90.0,88.0,96.0,96.0,92.0,49.5,0.07943652099534451,4,1
random,100,43,5,58.0,64.0,55.0,56.0,65.0,65.0,60.0,49.5,0.07943652099534451,4,1
random,100,43,6,23.0,6.0,29.0,28.0,11.0,11.0,33.0,49.5,0.07943652099534451,4,1
random,100,43,7,68.0,73.0,63.0,63.0,74.0,74.0,70.0,49.5,0.07943652099534451,4,1
random,100,43,8,11.0,21.0,27.0,27.0,21.0,21.0,18.0,49.5,0.07943652099534451,4,1
random,100,43,9,68.0,71.0,70.0,70.0,73.0,73.0,71.0,49.5,0.07943652099534451,4,1
random,100,43,10,11.0,15.0,28.0,29.0,17.0,17.0,20.0,49.5,0.07943652099534451,4,1
random,100,43,11,58.0,61.0,67.0,69.0,62.0,62.0,67.0,49.5,0.07943652099534451,4,1
random,100,43,12,58.0,57.0,46.0,45.0,58.0,58.0,61.0,49.5,0.07943652099534451,4,1
random,100,43,13,23.0,33.0,12.0,10.0,32.0,32.0,24.0,49.5,0.07943652099534451,4,1
random,100,43,14,43.0,58.0,47.0,47.0,57.0,57.0,45.0,49.5,0.07943652099534451,4,1
random,100,43,15,11.0,15.0,8.0,7.0,17.0,17.0,13.0,49.5,0.07943652099534451,4,1
random,100,43,16,77.0,85.0,87.0,86.0,84.0,84.0,84.0,49.5,0.07943652099534451,4,1
random,100,43,17,4.0,12.0,10.0,11.0,7.0,7.0,4.0,49.5,0.07943652099534451,4,1
random,100,43,18,98.0,99.0,97.0,97.0,98.0,98.0,98.0,49.5,0.07943652099534451,4,1
random,100,43,19,35.0,51.0,31.0,30.0,47.0,47.0,37.0,49.5,0.07943652099534451,4,1
random,100,43,20,87.0,97.0,96.0,96.0,97.0,97.0,89.0,49.5,0.07943652099534451,4,1
random,100,43,21,87.0,94.0,85.0,85.0,93.0,93.0,88.0,49.5,0.07943652099534451,4,1
random,100,43,22,1.0,1.0,1.0,1.0,1.0,1.0,1.0,49.5,0.07943652099534451,4,1
random,100,43,23,77.0,80.0,77.0,77.0,80.0,80.0,80.0,49.5,0.07943652099534451,4,1
random,100,43,24,87.0,93.0,94.0,94.0,94.0,94.0,91.0,49.5,0.07943652099534451,4,1
random,100,43,25,87.0,91.0,86.0,87.0,91.0,91.0,93.0,49.5,0.07943652099534451,4,1
random,100,43,26,11.0,14.0,24.0,25.0,16.0,16.0,19.0,49.5,0.07943652099534451,4,1
random,100,43,27,58.0,58.0,62.0,62.0,60.0,60.0,62.0,49.5,0.07943652099534451,4,1
random,100,43,28,6.0,4.0,7.0,6.0,5.0,5.0,9.0,49.5,0.07943652099534451,4,1
random,100,43,29,11.0,12.0,15.0,15.0,12.0,12.0,16.0,49.5,0.07943652099534451,4,1
random,100,43,30,87.0,89.0,98.0,98.0,90.0,90.0,97.0,49.5,0.07943652099534451,4,1
random,100,43,31,23.0,35.0,32.0,33.0,34.0,34.0,26.0,49.5,0.07943652099534451,4,1
random,100,43,32,6.0,17.0,2.0,2.0,15.0,15.0,5.0,49.5,0.07943652099534451,4,1
random,100,43,33,23.0,33.0,30.0,32.0,33.0,33.0,27.0,49.5,0.07943652099534451,4,1
random,100,43,34,2.0,2.0,5.0,8.0,2.0,2.0,3.0,49.5,0.07943652099534451,4,1
random,100,43,35,87.0,92.0,68.0,65.0,92.0,92.0,87.0,49.5,0.07943652099534451,4,1
random,100,43,36,43.0,35.0,42.0,42.0,41.0,41.0,46.0,49.5,0.07943652099534451,4,1
random,100,43,37,77.0,79.0,93.0,93.0,79.0,79.0,86.0,49.5,0.07943652099534451,4,1
random,100,43,38,2.0,5.0,4.0,4.0,4.0,4.0,2.0,49.5,0.07943652099534451,4,1
random,100,43,39,68.0,76.0,65.0,66.0,76.0,76.0,69.0,49.5,0.07943652099534451,4,1
random,100,43,40,11.0,28.0,22.0,23.0,26.0,26.0,15.0,49.5,0.07943652099534451,4,1
random,100,43,41,87.0,86.0,84.0,84.0,86.0,86.0,95.0,49.5,0.07943652099534451,4,1
random,100,43,42,23.0,25.0,36.0,38.0,28.0,28.0,29.0,49.5,0.07943652099534451,4,1
random,100,43,43,77.0,84.0,78.0,80.0,84.0,84.0,79.0,49.5,0.07943652099534451,4,1
random,100,43,44,6.0,28.0,14.0,13.0,21.0,21.0,7.0,49.5,0.07943652099534451,4,1
random,100,43,45,87.0,87.0,91.0,91.0,87.0,87.0,96.0,49.5,0.07943652099534451,4,1
random,100,43,46,43.0,53.0,45.0,46.0,53.0,53.0,47.0,49.5,0.07943652099534451,4,1
random,100,43,47,23.0,42.0,9.0,9.0,37.0,37.0,23.0,49.5,0.07943652099534451,4,1
random,100,43,48,87.0,87.0,92.0,92.0,88.0,88.0,94.0,49.5,0.07943652099534451,4,1
random,100,43,49,77.0,90.0,79.0,78.0,89.0,89.0,77.0,49.5,0.07943652099534451,4,1
random,100,43,50,43.0,51.0,57.0,58.0,51.0,51.0,50.0,49.5,0.07943652099534451,4,1
random,100,43,51,58.0,61.0,69.0,68.0,62.0,62.0,65.0,49.5,0.07943652099534451,4,1
random,100,43,52,68.0,67.0,88.0,90.0,67.0,67.0,76.0,49.5,0.07943652099534451,4,1
random,100,43,53,11.0,17.0,19.0,19.0,19.0,19.0,17.0,49.5,0.07943652099534451,4,1
random,100,43,54,58.0,63.0,66.0,67.0,64.0,64.0,66.0,49.5,0.07943652099534451,4,1
random,100,43,55,23.0,21.0,26.0,26.0,24.0,24.0,28.0,49.5,0.07943652099534451,4,1
random,100,43,56,35.0,31.0,43.0,44.0,36.0,36.0,40.0,49.5,0.07943652099534451,4,1
random,100,43,57,35.0,58.0,21.0,17.0,56.0,56.0,31.0,49.5,0.07943652099534451,4,1
random,100,43,58,43.0,48.0,53.0,53.0,49.0,49.0,56.0,49.5,0.07943652099534451,4,1
random,100,43,59,43.0,35.0,59.0,55.0,40.0,40.0,55.0,49.5,0.07943652099534451,4,1
random,100,43,60,58.0,71.0,60.0,57.0,68.0,68.0,58.0,49.5,0.07943652099534451,4,1
random,100,43,61,68.0,67.0,76.0,75.0,70.0,70.0,73.0,49.5,0.07943652099534451,4,1
random,100,43,62,43.0,44.0,52.0,49.0,46.0,46.0,52.0,49.5,0.07943652099534451,4,1
random,100,43,63,35.0,64.0,37.0,37.0,59.0,59.0,38.0,49.5,0.07943652099534451,4,1
random,100,43,64,43.0,44.0,71.0,72.0,45.0,45.0,57.0,49.5,0.07943652099534451,4,1
random,100,43,65,58.0,77.0,72.0,71.0,72.0,72.0,63.0,49.5,0.07943652099534451,4,1
random,100,43,66,68.0,66.0,73.0,73.0,66.0,66.0,72.0,49.5,0.07943652099534451,4,1
random,100,43,67,87.0,94.0,95.0,95.0,95.0,95.0,90.0,49.5,0.07943652099534451,4,1
random,100,43,68,11.0,9.0,33.0,31.0,9.0,9.0,22.0,49.5,0.07943652099534451,4,1
random,100,43,69,77.0,80.0,89.0,89.0,81.0,81.0,85.0,49.5,0.07943652099534451,4,1
random,100,43,70,6.0,6.0,18.0,20.0,6.0,6.0,10.0,49.5,0.07943652099534451,4,1
random,100,43,71,43.0,55.0,40.0,39.0,55.0,55.0,43.0,49.5,0.07943652099534451,4,1
random,100,43,72,11.0,9.0,3.0,3.0,10.0,10.0,12.0,49.5,0.07943652099534451,4,1
random,100,43,73,43.0,48.0,51.0,48.0,47.0,47.0,53.0,49.5,0.07943652099534451,4,1
random,100,43,74,35.0,35.0,58.0,61.0,38.0,38.0,41.0,49.5,0.07943652099534451,4,1
random,100,43,75,23.0,17.0,48.0,52.0,20.0,20.0,35.0,49.5,0.07943652099534451,4,1
random,100,43,76,11.0,21.0,16.0,16.0,21.0,21.0,14.0,49.5,0.07943652099534451,4,1
random,100,43,77,43.0,35.0,49.0,50.0,41.0,41.0,54.0,49.5,0.07943652099534451,4,1
random,100,43,78,99.0,98.0,99.0,99.0,99.0,99.0,100.0,49.5,0.07943652099534451,4,1
random,100,43,79,43.0,42.0,56.0,54.0,44.0,44.0,48.0,49.5,0.07943652099534451,4,1
random,100,43,80,43.0,48.0,61.0,59.0,50.0,50.0,51.0,49.5,0.07943652099534451,4,1
random,100,43,81,99.0,100.0,100.0,100.0,100.0,100.0,99.0,49.5,0.07943652099534451,4,1
random,100,43,82,43.0,53.0,35.0,35.0,53.0,53.0,44.0,49.5,0.07943652099534451,4,1
random,100,43,83,77.0,73.0,81.0,81.0,77.0,77.0,82.0,49.5,0.07943652099534451,4,1
random,100,43,84,23.0,9.0,25.0,24.0,13.0,13.0,32.0,49.5,0.07943652099534451,4,1
random,100,43,85,35.0,25.0,38.0,36.0,30.0,30.0,39.0,49.5,0.07943652099534451,4,1
random,100,43,86,23.0,31.0,39.0,40.0,31.0,31.0,30.0,49.5,0.07943652099534451,4,1
random,100,43,87,35.0,25.0,50.0,60.0,29.0,29.0,42.0,49.5,0.07943652099534451,4,1
random,100,43,88,23.0,21.0,20.0,22.0,24.0,24.0,25.0,49.5,0.07943652099534451,4,1
random,100,43,89,35.0,44.0,23.0,21.0,39.0,39.0,36.0,49.5,0.07943652099534451,4,1
random,100,43,90,68.0,56.0,74.0,74.0,61.0,61.0,75.0,49.5,0.07943652099534451,4,1
random,100,43,91,68.0,69.0,75.0,76.0,70.0,70.0,74.0,49.5,0.07943652099534451,4,1
random,100,43,92,58.0,44.0,54.0,51.0,52.0,52.0,64.0,49.5,0.07943652099534451,4,1
random,100,43,93,77.0,82.0,82.0,83.0,82.0,82.0,81.0,49.5,0.07943652099534451,4,1
random,100,43,94,58.0,77.0,64.0,64.0,74.0,74.0,59.0,49.5,0.07943652099534451,4,1
random,100,43,95,6.0,17.0,11.0,12.0,14.0,14.0,8.0,49.5,0.07943652099534451,4,1
random,100,43,96,4.0,3.0,13.0,14.0,3.0,3.0,6.0,49.5,0.07943652099534451,4,1
random,100,43,97,11.0,8.0,17.0,18.0,8.0,8.0,21.0,49.5,0.07943652099534451,4,1
random,100,43,98,68.0,69.0,34.0,34.0,68.0,68.0,68.0,49.5,0.07943652099534451,4,1
random,100,43,99,77.0,82.0,80.0,79.0,83.0,83.0,78.0,49.5,0.07943652099534451,4,1
random,100,44,0,42.0,64.0,53.0,52.0,60.0,60.0,44.0,49.5,0.0780236985236985,4,1
random,100,44,1,54.0,87.0,46.0,47.0,84.0,84.0,54.0,49.5,0.0780236985236985,4,1
random,100,44,2,28.0,23.0,34.0,36.0,29.0,29.0,38.0,49.5,0.0780236985236985,4,1
random,100,44,3,42.0,35.0,72.0,72.0,40.0,40.0,53.0,49.5,0.0780236985236985,4,1
random,100,44,4,54.0,64.0,71.0,71.0,67.0,67.0,66.0,49.5,0.0780236985236985,4,1
random,100,44,5,54.0,47.0,67.0,62.0,49.0,49.0,74.0,49.5,0.0780236985236985,4,1
random,100,44,6,54.0,63.0,59.0,57.0,63.0,63.0,62.0,49.5,0.0780236985236985,4,1
random,100,44,7,19.0,26.0,23.0,23.0,26.0,26.0,23.0,49.5,0.0780236985236985,4,1
random,100,44,8,42.0,38.0,45.0,46.0,41.0,41.0,46.0,49.5,0.0780236985236985,4,1
random,100,44,9,42.0,41.0,55.0,54.0,44.0,44.0,51.0,49.5,0.0780236985236985,4,1
random,100,44,10,19.0,23.0,13.0,12.0,22.0,22.0,20.0,49.5,0.0780236985236985,4,1
random,100,44,11,90.0,98.0,98.0,98.0,98.0,98.0,93.0,49.5,0.0780236985236985,4,1
random,100,44,12,76.0,75.0,81.0,81.0,76.0,76.0,79.0,49.5,0.0780236985236985,4,1
random,100,44,13,28.0,29.0,25.0,26.0,30.0,30.0,33.0,49.5,0.0780236985236985,4,1
random,100,44,14,54.0,49.0,60.0,65.0,51.0,51.0,75.0,49.5,0.0780236985236985,4,1
random,100,44,15,42.0,55.0,40.0,40.0,54.0,54.0,42.0,49.5,0.0780236985236985,4,1
random,100,44,16,90.0,93.0,94.0,95.0,94.0,94.0,94.0,49.5,0.0780236985236985,4,1
random,100,44,17,28.0,38.0,35.0,34.0,36.0,36.0,34.0,49.5,0.0780236985236985,4,1
random,100,44,18,76.0,75.0,79.0,78.0,79.0,79.0,80.0,49.5,0.0780236985236985,4,1
random,100,44,19,19.0,27.0,17.0,18.0,27.0,27.0,19.0,49.5,0.0780236985236985,4,1
random,100,44,20,2.0,5.0,6.0,7.0,4.0,4.0,5.0,49.5,0.0780236985236985,4,1
random,100,44,21,42.0,45.0,56.0,55.0,45.0,45.0,50.0,49.5,0.0780236985236985,4,1
random,100,44,22,9.0,5.0,8.0,8.0,9.0,9.0,12.0,49.5,0.0780236985236985,4,1
random,100,44,23,9.0,18.0,4.0,3.0,19.0,19.0,9.0,49.5,0.0780236985236985,4,1
random,100,44,24,54.0,69.0,58.0,58.0,69.0,69.0,63.0,49.5,0.0780236985236985,4,1
random,100,44,25,54.0,78.0,64.0,66.0,76.0,76.0,57.0,49.5,0.0780236985236985,4,1
random,100,44,26,28.0,41.0,41.0,45.0,38.0,38.0,39.0,49.5,0.0780236985236985,4,1
random,100,44,27,9.0,18.0,14.0,14.0,19.0,19.0,11.0,49.5,0.0780236985236985,4,1
random,100,44,28,1.0,1.0,1.0,1.0,1.0,1.0,1.0,49.5,0.0780236985236985,4,1
random,100,44,29,2.0,5.0,5.0,5.0,4.0,4.0,3.0,49.5,0.0780236985236985,4,1
random,100,44,30,42.0,41.0,42.0,41.0,42.0,42.0,48.0,49.5,0.0780236985236985,4,1
random,100,44,31,90.0,95.0,89.0,89.0,96.0,96.0,90.0,49.5,0.0780236985236985,4,1
random,100,44,32,28.0,52.0,49.0,48.0,48.0,48.0,32.0,49.5,0.0780236985236985,4,1
random,100,44,33,42.0,41.0,47.0,44.0,42.0,42.0,52.0,49.5,0.0780236985236985,4,1
random,100,44,34,19.0,22.0,19.0,19.0,21.0,21.0,21.0,49.5,0.0780236985236985,4,1
random,100,44,35,99.0,100.0,100.0,100.0,100.0,100.0,100.0,49.5,0.0780236985236985,4,1
random,100,44,36,6.0,5.0,12.0,13.0,6.0,6.0,8.0,49.5,0.0780236985236985,4,1
random,100,44,37,54.0,69.0,78.0,80.0,70.0,70.0,71.0,49.5,0.0780236985236985,4,1
random,100,44,38,28.0,55.0,22.0,22.0,53.0,53.0,26.0,49.5,0.0780236985236985,4,1
random,100,44,39,6.0,13.0,7.0,6.0,10.0,10.0,6.0,49.5,0.0780236985236985,4,1
random,100,44,40,90.0,96.0,92.0,92.0,97.0,97.0,91.0,49.5,0.0780236985236985,4,1
random,100,44,41,28.0,29.0,33.0,33.0,32.0,32.0,35.0,49.5,0.0780236985236985,4,1
random,100,44,42,2.0,2.0,3.0,4.0,2.0,2.0,4.0,49.5,0.0780236985236985,4,1
random,100,44,43,42.0,45.0,50.0,51.0,45.0,45.0,47.0,49.5,0.0780236985236985,4,1
random,100,44,44,42.0,55.0,43.0,42.0,54.0,54.0,43.0,49.5,0.0780236985236985,4,1
random,100,44,45,54.0,78.0,80.0,77.0,75.0,75.0,68.0,49.5,0.0780236985236985,4,1
random,100,44,46,90.0,89.0,97.0,97.0,90.0,90.0,96.0,49.5,0.0780236985236985,4,1
random,100,44,47,90.0,89.0,93.0,93.0,89.0,89.0,97.0,49.5,0.0780236985236985,4,1
random,100,44,48,99.0,98.0,99.0,99.0,99.0,99.0,99.0,49.5,0.0780236985236985,4,1
random,100,44,49,19.0,13.0,18.0,16.0,16.0,16.0,22.0,49.5,0.0780236985236985,4,1
random,100,44,50,85.0,81.0,73.0,74.0,83.0,83.0,86.0,49.5,0.0780236985236985,4,1
random,100,44,51,54.0,55.0,68.0,63.0,58.0,58.0,61.0,49.5,0.0780236985236985,4,1
random,100,44,52,85.0,93.0,88.0,90.0,93.0,93.0,87.0,49.5,0.0780236985236985,4,1
random,100,44,53,90.0,92.0,95.0,96.0,91.0,91.0,95.0,49.5,0.0780236985236985,4,1
random,100,44,54,54.0,64.0,74.0,75.0,67.0,67.0,65.0,49.5,0.0780236985236985,4,1
random,100,44,55,54.0,73.0,75.0,76.0,71.0,71.0,67.0,49.5,0.0780236985236985,4,1
random,100,44,56,28.0,18.0,38.0,37.0,24.0,24.0,40.0,49.5,0.0780236985236985,4,1
random,100,44,57,76.0,71.0,57.0,59.0,74.0,74.0,77.0,49.5,0.0780236985236985,4,1
random,100,44,58,42.0,34.0,36.0,35.0,38.0,38.0,45.0,49.5,0.0780236985236985,4,1
random,100,44,59,19.0,23.0,37.0,38.0,22.0,22.0,28.0,49.5,0.0780236985236985,4,1
random,100,44,60,28.0,38.0,39.0,39.0,37.0,37.0,37.0,49.5,0.0780236985236985,4,1
random,100,44,61,2.0,3.0,2.0,2.0,3.0,3.0,2.0,49.5,0.0780236985236985,4,1
random,100,44,62,76.0,74.0,91.0,91.0,78.0,78.0,84.0,49.5,0.0780236985236985,4,1
random,100,44,63,76.0,82.0,76.0,73.0,81.0,81.0,78.0,49.5,0.0780236985236985,4,1
random,100,44,64,28.0,33.0,30.0,30.0,33.0,33.0,36.0,49.5,0.0780236985236985,4,1
random,100,44,65,54.0,47.0,65.0,64.0,50.0,50.0,73.0,49.5,0.0780236985236985,4,1
random,100,44,66,6.0,9.0,9.0,11.0,7.0,7.0,7.0,49.5,0.0780236985236985,4,1
random,100,44,67,85.0,97.0,82.0,82.0,95.0,95.0,85.0,49.5,0.0780236985236985,4,1
random,100,44,68,54.0,55.0,66.0,70.0,58.0,58.0,69.0,49.5,0.0780236985236985,4,1
random,100,44,69,9.0,16.0,20.0,21.0,14.0,14.0,14.0,49.5,0.0780236985236985,4,1
random,100,44,70,76.0,83.0,86.0,87.0,81.0,81.0,82.0,49.5,0.0780236985236985,4,1
random,100,44,71,54.0,55.0,62.0,61.0,61.0,61.0,60.0,49.5,0.0780236985236985,4,1
random,100,44,72,19.0,27.0,28.0,28.0,27.0,27.0,25.0,49.5,0.0780236985236985,4,1
random,100,44,73,28.0,35.0,16.0,17.0,35.0,35.0,29.0,49.5,0.0780236985236985,4,1
random,100,44,74,28.0,35.0,26.0,25.0,34.0,34.0,31.0,49.5,0.0780236985236985,4,1
random,100,44,75,54.0,72.0,70.0,69.0,72.0,72.0,58.0,49.5,0.0780236985236985,4,1
random,100,44,76,54.0,64.0,63.0,67.0,64.0,64.0,64.0,49.5,0.0780236985236985,4,1
random,100,44,77,85.0,84.0,85.0,85.0,86.0,86.0,88.0,49.5,0.0780236985236985,4,1
random,100,44,78,19.0,10.0,21.0,20.0,15.0,15.0,24.0,49.5,0.0780236985236985,4,1
random,100,44,79,90.0,91.0,90.0,88.0,91.0,91.0,92.0,49.5,0.0780236985236985,4,1
random,100,44,80,54.0,75.0,77.0,79.0,73.0,73.0,70.0,49.5,0.0780236985236985,4,1
random,100,44,81,9.0,10.0,15.0,15.0,11.0,11.0,13.0,49.5,0.0780236985236985,4,1
random,100,44,82,54.0,61.0,51.0,50.0,61.0,61.0,59.0,49.5,0.0780236985236985,4,1
random,100,44,83,54.0,64.0,61.0,60.0,66.0,66.0,56.0,49.5,0.0780236985236985,4,1
random,100,44,84,85.0,84.0,87.0,86.0,85.0,85.0,89.0,49.5,0.0780236985236985,4,1
random,100,44,85,19.0,13.0,24.0,24.0,17.0,17.0,27.0,49.5,0.0780236985236985,4,1
random,100,44,86,28.0,29.0,52.0,56.0,30.0,30.0,41.0,49.5,0.0780236985236985,4,1
random,100,44,87,76.0,86.0,54.0,53.0,87.0,87.0,76.0,49.5,0.0780236985236985,4,1
random,100,44,88,9.0,10.0,10.0,10.0,11.0,11.0,15.0,49.5,0.0780236985236985,4,1
random,100,44,89,9.0,16.0,29.0,29.0,13.0,13.0,17.0,49.5,0.0780236985236985,4,1
random,100,44,90,9.0,4.0,32.0,32.0,7.0,8.0,18.0,49.5,0.0780236985236985,4,1
random,100,44,91,9.0,29.0,11.0,9.0,25.0,25.0,10.0,49.5,0.0780236985236985,4,1
random,100,44,92,76.0,61.0,83.0,83.0,65.0,65.0,83.0,49.5,0.0780236985236985,4,1
random,100,44,93,9.0,18.0,27.0,27.0,18.0,18.0,16.0,49.5,0.0780236985236985,4,1
random,100,44,94,42.0,51.0,48.0,49.0,52.0,52.0,49.0,49.5,0.0780236985236985,4,1
random,100,44,95,28.0,50.0,31.0,31.0,47.0,47.0,30.0,49.5,0.0780236985236985,4,1
random,100,44,96,90.0,87.0,96.0,94.0,88.0,88.0,98.0,49.5,0.0780236985236985,4,1
random,100,44,97,54.0,52.0,44.0,43.0,56.0,56.0,55.0,49.5,0.0780236985236985,4,1
random,100,44,98,76.0,78.0,84.0,84.0,80.0,80.0,81.0,49.5,0.0780236985236985,4,1
random,100,44,99,54.0,54.0,69.0,68.0,57.0,57.0,72.0,49.5,0.0780236985236985,4,1
