random,100,45,0,24.0,46.0,27.0,26.0,45.0,45.0,28.0,49.5,0.0812359862359862,3,1
random,100,45,1,70.0,81.0,83.0,82.0,81.0,81.0,84.0,49.5,0.0812359862359862,3,1
random,100,45,2,40.0,45.0,38.0,38.0,48.0,48.0,43.0,49.5,0.0812359862359862,3,1
random,100,45,3,40.0,46.0,50.0,52.0,49.0,49.0,46.0,49.5,0.0812359862359862,3,1
random,100,45,4,40.0,72.0,40.0,41.0,67.0,67.0,42.0,49.5,0.0812359862359862,3,1
random,100,45,5,70.0,91.0,80.0,79.0,91.0,91.0,71.0,49.5,0.0812359862359862,3,1
random,100,45,6,70.0,84.0,85.0,86.0,84.0,84.0,79.0,49.5,0.0812359862359862,3,1
random,100,45,7,53.0,55.0,63.0,62.0,57.0,57.0,59.0,49.5,0.0812359862359862,3,1
random,100,45,8,53.0,69.0,59.0,59.0,70.0,70.0,55.0,49.5,0.0812359862359862,3,1
random,100,45,9,24.0,50.0,19.0,19.0,46.0,46.0,24.0,49.5,0.0812359862359862,3,1
random,100,45,10,70.0,63.0,70.0,69.0,68.0,68.0,80.0,49.5,0.0812359862359862,3,1
random,100,45,11,5.0,16.0,8.0,8.0,11.0,11.0,9.0,49.5,0.0812359862359862,3,1
random,100,45,12,91.0,85.0,97.0,99.0,88.0,88.0,96.0,49.5,0.0812359862359862,3,1
random,100,45,13,40.0,50.0,31.0,29.0,50.0,50.0,40.0,49.5,0.0812359862359862,3,1
random,100,45,14,53.0,58.0,77.0,76.0,60.0,60.0,67.0,49.5,0.0812359862359862,3,1
random,100,45,15,70.0,71.0,84.0,85.0,73.0,73.0,85.0,49.5,0.0812359862359862,3,1
random,100,45,16,70.0,94.0,69.0,68.0,93.0,93.0,70.0,49.5,0.0812359862359862,3,1
random,100,45,17,97.0,92.0,98.0,97.0,95.0,95.0,100.0,49.5,0.0812359862359862,3,1
random,100,45,18,24.0,36.0,30.0,32.0,35.0,35.0,32.0,49.5,0.0812359862359862,3,1
random,100,45,19,91.0,96.0,78.0,78.0,96.0,96.0,92.0,49.5,0.0812359862359862,3,1
random,100,45,20,91.0,97.0,91.0,88.0,97.0,97.0,91.0,49.5,0.0812359862359862,3,1
random,100,45,21,24.0,24.0,34.0,30.0,25.0,25.0,35.0,49.5,0.0812359862359862,3,1
random,100,45,22,5.0,4.0,4.0,4.0,5.0,5.0,5.0,49.5,0.0812359862359862,3,1
random,100,45,23,91.0,93.0,88.0,89.0,94.0,94.0,93.0,49.5,0.0812359862359862,3,1
random,100,45,24,70.0,58.0,87.0,83.0,64.0,64.0,90.0,49.5,0.0812359862359862,3,1
random,100,45,25,70.0,55.0,64.0,64.0,64.0,64.0,81.0,49.5,0.0812359862359862,3,1
random,100,45,26,2.0,4.0,6.0,6.0,3.0,3.0,4.0,49.5,0.0812359862359862,3,1
random,100,45,27,17.0,19.0,26.0,27.0,20.0,20.0,21.0,49.5,0.0812359862359862,3,1
random,100,45,28,2.0,1.0,2.0,2.0,1.0,2.0,3.0,49.5,0.0812359862359862,3,1
random,100,45,29,53.0,69.0,56.0,56.0,70.0,70.0,54.0,49.5,0.0812359862359862,3,1
random,100,45,30,11.0,19.0,5.0,5.0,18.0,18.0,11.0,49.5,0.0812359862359862,3,1
random,100,45,31,40.0,40.0,46.0,46.0,42.0,42.0,47.0,49.5,0.0812359862359862,3,1
random,100,45,32,40.0,33.0,41.0,43.0,36.0,36.0,45.0,49.5,0.0812359862359862,3,1
random,100,45,33,40.0,68.0,43.0,42.0,61.0,61.0,41.0,49.5,0.0812359862359862,3,1
random,100,45,34,53.0,53.0,66.0,67.0,54.0,54.0,66.0,49.5,0.0812359862359862,3,1
random,100,45,35,70.0,82.0,92.0,93.0,82.0,82.0,83.0,49.5,0.0812359862359862,3,1
random,100,45,36,17.0,29.0,32.0,33.0,24.0,24.0,18.0,49.5,0.0812359862359862,3,1
random,100,45,37,24.0,24.0,45.0,45.0,25.0,25.0,39.0,49.5,0.0812359862359862,3,1
random,100,45,38,53.0,55.0,61.0,60.0,56.0,56.0,60.0,49.5,0.0812359862359862,3,1
random,100,45,39,53.0,50.0,65.0,65.0,53.0,53.0,63.0,49.5,0.0812359862359862,3,1
random,100,45,40,5.0,10.0,7.0,7.0,8.0,8.0,6.0,49.5,0.0812359862359862,3,1
random,100,45,41,70.0,95.0,73.0,73.0,92.0,92.0,72.0,49.5,0.0812359862359862,3,1
random,100,45,42,5.0,10.0,13.0,14.0,10.0,10.0,8.0,49.5,0.0812359862359862,3,1
random,100,45,43,53.0,58.0,62.0,61.0,57.0,57.0,61.0,49.5,0.0812359862359862,3,1
random,100,45,44,70.0,77.0,67.0,66.0,77.0,77.0,75.0,49.5,0.0812359862359862,3,1
random,100,45,45,2.0,14.0,3.0,3.0,6.0,6.0,2.0,49.5,0.0812359862359862,3,1
random,100,45,46,24.0,19.0,28.0,28.0,23.0,23.0,31.0,49.5,0.0812359862359862,3,1
random,100,45,47,97.0,98.0,96.0,96.0,98.0,98.0,98.0,49.5,0.0812359862359862,3,1
random,100,45,48,70.0,74.0,81.0,81.0,75.0,75.0,82.0,49.5,0.0812359862359862,3,1
random,100,45,49,24.0,33.0,44.0,44.0,31.0,31.0,38.0,49.5,0.0812359862359862,3,1
random,100,45,50,17.0,17.0,22.0,24.0,19.0,19.0,19.0,49.5,0.0812359862359862,3,1
random,100,45,51,53.0,79.0,52.0,51.0,77.0,77.0,53.0,49.5,0.0812359862359862,3,1
random,100,45,52,24.0,36.0,39.0,39.0,37.0,37.0,33.0,49.5,0.0812359862359862,3,1
random,100,45,53,53.0,58.0,74.0,74.0,57.0,57.0,68.0,49.5,0.0812359862359862,3,1
random,100,45,54,11.0,8.0,10.0,9.0,11.0,11.0,13.0,49.5,0.0812359862359862,3,1
random,100,45,55,11.0,17.0,16.0,17.0,16.0,16.0,14.0,49.5,0.0812359862359862,3,1
random,100,45,56,24.0,36.0,33.0,31.0,37.0,37.0,30.0,49.5,0.0812359862359862,3,1
random,100,45,57,70.0,82.0,72.0,72.0,82.0,82.0,77.0,49.5,0.0812359862359862,3,1
random,100,45,58,70.0,72.0,86.0,87.0,74.0,74.0,88.0,49.5,0.0812359862359862,3,1
random,100,45,59,70.0,89.0,79.0,80.0,88.0,88.0,74.0,49.5,0.0812359862359862,3,1
random,100,45,60,5.0,3.0,9.0,11.0,4.0,4.0,10.0,49.5,0.0812359862359862,3,1
random,100,45,61,17.0,4.0,15.0,15.0,13.0,13.0,20.0,49.5,0.0812359862359862,3,1
random,100,45,62,40.0,58.0,53.0,53.0,52.0,52.0,44.0,49.5,0.0812359862359862,3,1
random,100,45,63,40.0,29.0,54.0,55.0,34.0,34.0,51.0,49.5,0.0812359862359862,3,1
random,100,45,64,53.0,63.0,75.0,77.0,61.0,61.0,69.0,49.5,0.0812359862359862,3,1
random,100,45,65,17.0,46.0,18.0,18.0,41.0,41.0,17.0,49.5,0.0812359862359862,3,1
random,100,45,66,11.0,14.0,20.0,21.0,14.0,14.0,15.0,49.5,0.0812359862359862,3,1
random,100,45,67,91.0,85.0,94.0,94.0,86.0,86.0,94.0,49.5,0.0812359862359862,3,1
random,100,45,68,24.0,41.0,35.0,36.0,40.0,40.0,29.0,49.5,0.0812359862359862,3,1
random,100,45,69,70.0,63.0,82.0,84.0,68.0,68.0,89.0,49.5,0.0812359862359862,3,1
random,100,45,70,24.0,36.0,24.0,22.0,37.0,37.0,27.0,49.5,0.0812359862359862,3,1
random,100,45,71,53.0,41.0,49.0,47.0,47.0,47.0,57.0,49.5,0.0812359862359862,3,1
random,100,45,72,91.0,74.0,95.0,95.0,79.0,79.0,95.0,49.5,0.0812359862359862,3,1
random,100,45,73,70.0,85.0,71.0,70.0,85.0,85.0,78.0,49.5,0.0812359862359862,3,1
random,100,45,74,97.0,100.0,99.0,98.0,100.0,100.0,97.0,49.5,0.0812359862359862,3,1
random,100,45,75,53.0,63.0,68.0,71.0,63.0,63.0,62.0,49.5,0.0812359862359862,3,1
random,100,45,76,11.0,4.0,12.0,13.0,7.0,7.0,16.0,49.5,0.0812359862359862,3,1
random,100,45,77,24.0,29.0,37.0,37.0,30.0,30.0,36.0,49.5,0.0812359862359862,3,1
random,100,45,78,40.0,41.0,47.0,50.0,43.0,43.0,49.0,49.5,0.0812359862359862,3,1
random,100,45,79,53.0,77.0,58.0,58.0,72.0,72.0,58.0,49.5,0.0812359862359862,3,1
random,100,45,80,1.0,2.0,1.0,1.0,1.0,1.0,1.0,49.5,0.0812359862359862,3,1
random,100,45,81,70.0,89.0,89.0,91.0,90.0,90.0,76.0,49.5,0.0812359862359862,3,1
random,100,45,82,70.0,85.0,76.0,75.0,86.0,86.0,73.0,49.5,0.0812359862359862,3,1
random,100,45,83,97.0,99.0,100.0,100.0,99.0,99.0,99.0,49.5,0.0812359862359862,3,1
random,100,45,84,40.0,41.0,48.0,48.0,44.0,44.0,50.0,49.5,0.0812359862359862,3,1
random,100,45,85,11.0,26.0,17.0,16.0,22.0,22.0,12.0,49.5,0.0812359862359862,3,1
random,100,45,86,40.0,26.0,42.0,40.0,33.0,33.0,48.0,49.5,0.0812359862359862,3,1
random,100,45,87,17.0,19.0,29.0,34.0,21.0,21.0,23.0,49.5,0.0812359862359862,3,1
random,100,45,88,53.0,46.0,51.0,49.0,51.0,51.0,56.0,49.5,0.0812359862359862,3,1
random,100,45,89,70.0,74.0,90.0,90.0,75.0,75.0,87.0,49.5,0.0812359862359862,3,1
random,100,45,90,70.0,79.0,93.0,92.0,80.0,80.0,86.0,49.5,0.0812359862359862,3,1
random,100,45,91,17.0,10.0,21.0,20.0,15.0,15.0,22.0,49.5,0.0812359862359862,3,1
random,100,45,92,24.0,26.0,36.0,35.0,28.0,28.0,34.0,49.5,0.0812359862359862,3,1
random,100,45,93,53.0,63.0,60.0,63.0,64.0,64.0,64.0,49.5,0.0812359862359862,3,1
random,100,45,94,53.0,53.0,57.0,57.0,55.0,55.0,65.0,49.5,0.0812359862359862,3,1
random,100,45,95,24.0,29.0,23.0,23.0,29.0,29.0,26.0,49.5,0.0812359862359862,3,1
random,100,45,96,24.0,8.0,25.0,25.0,17.0,17.0,37.0,49.5,0.0812359862359862,3,1
random,100,45,97,40.0,19.0,55.0,54.0,27.0,27.0,52.0,49.5,0.0812359862359862,3,1
random,100,45,98,5.0,10.0,11.0,10.0,8.0,8.0,7.0,49.5,0.0812359862359862,3,1
random,100,45,99,24.0,33.0,14.0,12.0,32.0,32.0,25.0,49.5,0.0812359862359862,3,1
random,100,46,0,55.0,49.0,60.0,59.0,57.0,57.0,64.0,49.5,0.08905594405594403,4,1
random,100,46,1,33.0,30.0,51.0,51.0,32.0,32.0,44.0,49.5,0.08905594405594403,4,1
random,100,46,2,81.0,77.0,91.0,91.0,82.0,82.0,88.0,49.5,0.08905594405594403,4,1
random,100,46,3,81.0,76.0,89.0,88.0,76.0,76.0,86.0,49.5,0.08905594405594403,4,1
random,100,46,4,81.0,89.0,90.0,90.0,88.0,88.0,87.0,49.5,0.08905594405594403,4,1
random,100,46,5,33.0,37.0,39.0,38.0,37.0,37.0,41.0,49.5,0.08905594405594403,4,1
random,100,46,6,6.0,7.0,10.0,10.0,8.0,8.0,7.0,49.5,0.08905594405594403,4,1
random,100,46,7,55.0,59.0,66.0,64.0,59.0,59.0,62.0,49.5,0.08905594405594403,4,1
random,100,46,8,12.0,27.0,3.0,3.0,22.0,22.0,6.0,49.5,0.08905594405594403,4,1
random,100,46,9,70.0,71.0,80.0,81.0,74.0,74.0,78.0,49.5,0.08905594405594403,4,1
random,100,46,10,44.0,43.0,63.0,63.0,44.0,44.0,51.0,49.5,0.08905594405594403,4,1
random,100,46,11,1.0,4.0,6.0,7.0,4.0,4.0,3.0,49.5,0.08905594405594403,4,1
random,100,46,12,70.0,77.0,73.0,75.0,77.0,77.0,73.0,49.5,0.08905594405594403,4,1
random,100,46,13,4.0,10.0,11.0,11.0,7.0,7.0,5.0,49.5,0.08905594405594403,4,1
random,100,46,14,44.0,39.0,68.0,69.0,42.0,42.0,54.0,49.5,0.08905594405594403,4,1
random,100,46,15,12.0,30.0,22.0,23.0,23.0,23.0,19.0,49.5,0.08905594405594403,4,1
random,100,46,16,89.0,91.0,93.0,93.0,91.0,91.0,92.0,49.5,0.08905594405594403,4,1
random,100,46,17,55.0,64.0,47.0,47.0,65.0,65.0,57.0,49.5,0.08905594405594403,4,1
random,100,46,18,6.0,8.0,14.0,15.0,9.0,9.0,9.0,49.5,0.08905594405594403,4,1
random,100,46,19,33.0,22.0,44.0,45.0,29.0,29.0,42.0,49.5,0.08905594405594403,4,1
random,100,46,20,1.0,3.0,2.0,2.0,3.0,3.0,1.0,49.5,0.08905594405594403,4,1
random,100,46,21,12.0,15.0,15.0,17.0,16.0,16.0,17.0,49.5,0.08905594405594403,4,1
random,100,46,22,70.0,73.0,83.0,84.0,73.0,73.0,80.0,49.5,0.08905594405594403,4,1
random,100,46,23,4.0,15.0,8.0,8.0,12.0,12.0,4.0,49.5,0.08905594405594403,4,1
random,100,46,24,55.0,62.0,74.0,76.0,61.0,61.0,67.0,49.5,0.08905594405594403,4,1
random,100,46,25,24.0,34.0,35.0,35.0,34.0,34.0,29.0,49.5,0.08905594405594403,4,1
random,100,46,26,44.0,53.0,62.0,67.0,51.0,51.0,53.0,49.5,0.08905594405594403,4,1
random,100,46,27,24.0,45.0,40.0,40.0,36.0,36.0,28.0,49.5,0.08905594405594403,4,1
random,100,46,28,95.0,96.0,97.0,97.0,97.0,97.0,98.0,49.5,0.08905594405594403,4,1
random,100,46,29,12.0,20.0,36.0,39.0,19.0,19.0,23.0,49.5,0.08905594405594403,4,1
random,100,46,30,44.0,39.0,42.0,41.0,42.0,42.0,46.0,49.5,0.08905594405594403,4,1
random,100,46,31,6.0,12.0,19.0,19.0,10.0,10.0,11.0,49.5,0.08905594405594403,4,1
random,100,46,32,6.0,6.0,18.0,18.0,6.0,6.0,12.0,49.5,0.08905594405594403,4,1
random,100,46,33,44.0,53.0,53.0,54.0,52.0,52.0,48.0,49.5,0.08905594405594403,4,1
random,100,46,34,44.0,60.0,12.0,12.0,59.0,59.0,40.0,49.5,0.08905594405594403,4,1
random,100,46,35,55.0,64.0,70.0,72.0,64.0,64.0,65.0,49.5,0.08905594405594403,4,1
random,100,46,36,55.0,56.0,81.0,80.0,58.0,58.0,69.0,49.5,0.08905594405594403,4,1
random,100,46,37,24.0,22.0,9.0,9.0,27.0,27.0,24.0,49.5,0.08905594405594403,4,1
random,100,46,38,24.0,18.0,31.0,31.0,21.0,21.0,31.0,49.5,0.08905594405594403,4,1
random,100,46,39,12.0,12.0,28.0,30.0,14.0,14.0,22.0,49.5,0.08905594405594403,4,1
random,100,46,40,70.0,68.0,76.0,77.0,69.0,69.0,77.0,49.5,0.08905594405594403,4,1
random,100,46,41,44.0,56.0,30.0,26.0,55.0,55.0,45.0,49.5,0.08905594405594403,4,1
random,100,46,42,24.0,22.0,37.0,37.0,25.0,25.0,30.0,49.5,0.08905594405594403,4,1
random,100,46,43,33.0,49.0,41.0,42.0,46.0,46.0,38.0,49.5,0.08905594405594403,4,1
random,100,46,44,12.0,30.0,20.0,21.0,23.0,23.0,18.0,49.5,0.08905594405594403,4,1
random,100,46,45,89.0,88.0,92.0,92.0,90.0,90.0,93.0,49.5,0.08905594405594403,4,1
random,100,46,46,33.0,39.0,29.0,29.0,40.0,40.0,35.0,49.5,0.08905594405594403,4,1
random,100,46,47,1.0,2.0,1.0,1.0,1.0,1.0,2.0,49.5,0.08905594405594403,4,1
random,100,46,48,12.0,18.0,16.0,13.0,18.0,18.0,15.0,49.5,0.08905594405594403,4,1
random,100,46,49,89.0,84.0,98.0,98.0,87.0,87.0,94.0,49.5,0.08905594405594403,4,1
random,100,46,50,70.0,77.0,84.0,83.0,77.0,77.0,79.0,49.5,0.08905594405594403,4,1
random,100,46,51,81.0,90.0,65.0,66.0,89.0,89.0,81.0,49.5,0.08905594405594403,4,1
random,100,46,52,24.0,34.0,23.0,22.0,34.0,34.0,25.0,49.5,0.08905594405594403,4,1
random,100,46,53,55.0,68.0,49.0,46.0,67.0,67.0,56.0,49.5,0.08905594405594403,4,1
random,100,46,54,55.0,60.0,59.0,62.0,61.0,61.0,61.0,49.5,0.08905594405594403,4,1
random,100,46,55,44.0,46.0,56.0,57.0,47.0,47.0,52.0,49.5,0.08905594405594403,4,1
random,100,46,56,6.0,4.0,13.0,16.0,5.0,5.0,10.0,49.5,0.08905594405594403,4,1
random,100,46,57,55.0,73.0,43.0,43.0,71.0,71.0,55.0,49.5,0.08905594405594403,4,1
random,100,46,58,95.0,94.0,95.0,95.0,95.0,95.0,97.0,49.5,0.08905594405594403,4,1
random,100,46,59,89.0,92.0,85.0,85.0,92.0,92.0,90.0,49.5,0.08905594405594403,4,1
random,100,46,60,24.0,33.0,26.0,27.0,33.0,33.0,26.0,49.5,0.08905594405594403,4,1
random,100,46,61,95.0,94.0,94.0,94.0,94.0,94.0,95.0,49.5,0.08905594405594403,4,1
random,100,46,62,70.0,77.0,71.0,71.0,79.0,79.0,74.0,49.5,0.08905594405594403,4,1
random,100,46,63,70.0,83.0,72.0,70.0,81.0,81.0,71.0,49.5,0.08905594405594403,4,1
random,100,46,64,44.0,49.0,55.0,55.0,47.0,47.0,50.0,49.5,0.08905594405594403,4,1
random,100,46,65,33.0,22.0,25.0,25.0,29.0,29.0,36.0,49.5,0.08905594405594403,4,1
random,100,46,66,70.0,71.0,79.0,79.0,71.0,71.0,75.0,49.5,0.08905594405594403,4,1
random,100,46,67,81.0,87.0,87.0,87.0,86.0,86.0,85.0,49.5,0.08905594405594403,4,1
random,100,46,68,44.0,34.0,50.0,49.0,41.0,41.0,49.0,49.5,0.08905594405594403,4,1
random,100,46,69,55.0,62.0,52.0,53.0,63.0,63.0,60.0,49.5,0.08905594405594403,4,1
random,100,46,70,33.0,27.0,48.0,50.0,31.0,31.0,43.0,49.5,0.08905594405594403,4,1
random,100,46,71,33.0,49.0,21.0,20.0,45.0,45.0,32.0,49.5,0.08905594405594403,4,1
random,100,46,72,89.0,97.0,88.0,86.0,96.0,96.0,89.0,49.5,0.08905594405594403,4,1
random,100,46,73,12.0,14.0,17.0,14.0,15.0,15.0,16.0,49.5,0.08905594405594403,4,1
random,100,46,74,6.0,1.0,5.0,4.0,2.0,2.0,8.0,49.5,0.08905594405594403,4,1
random,100,46,75,81.0,77.0,82.0,82.0,83.0,83.0,84.0,49.5,0.08905594405594403,4,1
random,100,46,76,70.0,77.0,75.0,73.0,79.0,79.0,72.0,49.5,0.08905594405594403,4,1
random,100,46,77,12.0,17.0,32.0,32.0,17.0,17.0,20.0,49.5,0.08905594405594403,4,1
random,100,46,78,89.0,93.0,86.0,89.0,93.0,93.0,91.0,49.5,0.08905594405594403,4,1
random,100,46,79,24.0,22.0,46.0,48.0,25.0,25.0,33.0,49.5,0.08905594405594403,4,1
random,100,46,80,24.0,27.0,27.0,28.0,28.0,28.0,27.0,49.5,0.08905594405594403,4,1
random,100,46,81,55.0,64.0,54.0,52.0,65.0,65.0,59.0,49.5,0.08905594405594403,4,1
random,100,46,82,99.0,100.0,99.0,99.0,100.0,100.0,99.0,49.5,0.08905594405594403,4,1
random,100,46,83,12.0,8.0,7.0,6.0,11.0,11.0,14.0,49.5,0.08905594405594403,4,1
random,100,46,84,95.0,98.0,96.0,96.0,98.0,98.0,96.0,49.5,0.08905594405594403,4,1
random,100,46,85,99.0,99.0,100.0,100.0,99.0,99.0,100.0,49.5,0.08905594405594403,4,1
random,100,46,86,33.0,37.0,34.0,34.0,37.0,37.0,39.0,49.5,0.08905594405594403,4,1
random,100,46,87,81.0,75.0,64.0,61.0,75.0,75.0,83.0,49.5,0.08905594405594403,4,1
random,100,46,88,70.0,64.0,78.0,78.0,68.0,68.0,76.0,49.5,0.08905594405594403,4,1
random,100,46,89,55.0,46.0,67.0,65.0,54.0,54.0,68.0,49.5,0.08905594405594403,4,1
random,100,46,90,55.0,43.0,69.0,68.0,50.0,50.0,66.0,49.5,0.08905594405594403,4,1
random,100,46,91,12.0,10.0,4.0,5.0,13.0,13.0,13.0,49.5,0.08905594405594403,4,1
random,100,46,92,33.0,39.0,24.0,24.0,39.0,39.0,34.0,49.5,0.08905594405594403,4,1
random,100,46,93,81.0,84.0,77.0,74.0,85.0,85.0,82.0,49.5,0.08905594405594403,4,1
random,100,46,94,33.0,53.0,38.0,36.0,47.0,47.0,37.0,49.5,0.08905594405594403,4,1
random,100,46,95,55.0,70.0,57.0,56.0,70.0,70.0,58.0,49.5,0.08905594405594403,4,1
random,100,46,96,44.0,56.0,45.0,44.0,55.0,55.0,47.0,49.5,0.08905594405594403,4,1
random,100,46,97,70.0,86.0,61.0,60.0,84.0,84.0,70.0,49.5,0.08905594405594403,4,1
random,100,46,98,55.0,46.0,58.0,58.0,52.0,52.0,63.0,49.5,0.08905594405594403,4,1
random,100,46,99,12.0,20.0,33.0,33.0,19.0,19.0,21.0,49.5,0.08905594405594403,4,1
