random,100,7,0,84.0,78.0,86.0,86.0,81.0,81.0,92.0,49.5,0.08517327117327117,4,1
random,100,7,1,40.0,35.0,56.0,55.0,38.0,38.0,53.0,49.5,0.08517327117327117,4,1
random,100,7,2,40.0,39.0,39.0,39.0,40.0,40.0,47.0,49.5,0.08517327117327117,4,1
random,100,7,3,18.0,33.0,21.0,21.0,31.0,31.0,20.0,49.5,0.08517327117327117,4,1
random,100,7,4,55.0,56.0,62.0,62.0,58.0,58.0,67.0,49.5,0.08517327117327117,4,1
random,100,7,5,40.0,56.0,36.0,36.0,54.0,54.0,41.0,49.5,0.08517327117327117,4,1
random,100,7,6,95.0,100.0,97.0,97.0,99.0,99.0,95.0,49.5,0.08517327117327117,4,1
random,100,7,7,71.0,71.0,70.0,71.0,73.0,73.0,75.0,49.5,0.08517327117327117,4,1
random,100,7,8,100.0,99.0,99.0,98.0,100.0,100.0,100.0,49.5,0.08517327117327117,4,1
random,100,7,9,84.0,81.0,78.0,78.0,90.0,90.0,85.0,49.5,0.08517327117327117,4,1
random,100,7,10,13.0,17.0,31.0,34.0,16.0,16.0,17.0,49.5,0.08517327117327117,4,1
random,100,7,11,18.0,14.0,14.0,13.0,18.0,18.0,18.0,49.5,0.08517327117327117,4,1
random,100,7,12,40.0,51.0,51.0,50.0,51.0,51.0,45.0,49.5,0.08517327117327117,4,1
random,100,7,13,40.0,60.0,41.0,40.0,55.0,55.0,43.0,49.5,0.08517327117327117,4,1
random,100,7,14,6.0,8.0,9.0,9.0,7.0,7.0,9.0,49.5,0.08517327117327117,4,1
random,100,7,15,71.0,89.0,71.0,69.0,88.0,88.0,71.0,49.5,0.08517327117327117,4,1
random,100,7,16,13.0,17.0,8.0,8.0,16.0,16.0,13.0,49.5,0.08517327117327117,4,1
random,100,7,17,40.0,39.0,49.0,53.0,41.0,41.0,49.0,49.5,0.08517327117327117,4,1
random,100,7,18,2.0,3.0,10.0,10.0,3.0,3.0,5.0,49.5,0.08517327117327117,4,1
random,100,7,19,55.0,46.0,75.0,76.0,51.0,51.0,70.0,49.5,0.08517327117327117,4,1
random,100,7,20,27.0,60.0,30.0,29.0,48.0,48.0,27.0,49.5,0.08517327117327117,4,1
random,100,7,21,71.0,69.0,83.0,85.0,71.0,71.0,81.0,49.5,0.08517327117327117,4,1
random,100,7,22,55.0,56.0,59.0,59.0,61.0,61.0,64.0,49.5,0.08517327117327117,4,1
random,100,7,23,27.0,25.0,20.0,19.0,26.0,26.0,29.0,49.5,0.08517327117327117,4,1
random,100,7,24,27.0,31.0,32.0,31.0,34.0,34.0,31.0,49.5,0.08517327117327117,4,1
random,100,7,25,18.0,33.0,23.0,23.0,31.0,31.0,21.0,49.5,0.08517327117327117,4,1
random,100,7,26,40.0,46.0,48.0,48.0,44.0,44.0,51.0,49.5,0.08517327117327117,4,1
random,100,7,27,27.0,38.0,45.0,45.0,37.0,37.0,35.0,49.5,0.08517327117327117,4,1
random,100,7,28,40.0,46.0,33.0,32.0,46.0,46.0,42.0,49.5,0.08517327117327117,4,1
random,100,7,29,95.0,93.0,93.0,93.0,96.0,96.0,97.0,49.5,0.08517327117327117,4,1
random,100,7,30,40.0,50.0,58.0,58.0,49.0,49.0,48.0,49.5,0.08517327117327117,4,1
random,100,7,31,84.0,81.0,95.0,96.0,87.0,87.0,93.0,49.5,0.08517327117327117,4,1
random,100,7,32,84.0,93.0,94.0,94.0,94.0,94.0,90.0,49.5,0.08517327117327117,4,1
random,100,7,33,2.0,5.0,2.0,2.0,5.0,5.0,2.0,49.5,0.08517327117327117,4,1
random,100,7,34,18.0,14.0,24.0,24.0,18.0,18.0,25.0,49.5,0.08517327117327117,4,1
random,100,7,35,55.0,65.0,47.0,47.0,66.0,66.0,55.0,49.5,0.08517327117327117,4,1
random,100,7,36,13.0,6.0,11.0,11.0,9.0,9.0,16.0,49.5,0.08517327117327117,4,1
random,100,7,37,40.0,43.0,40.0,42.0,43.0,43.0,50.0,49.5,0.08517327117327117,4,1
random,100,7,38,71.0,87.0,74.0,74.0,83.0,83.0,77.0,49.5,0.08517327117327117,4,1
random,100,7,39,40.0,43.0,44.0,44.0,44.0,44.0,46.0,49.5,0.08517327117327117,4,1
random,100,7,40,40.0,19.0,37.0,38.0,29.0,29.0,52.0,49.5,0.08517327117327117,4,1
random,100,7,41,71.0,80.0,85.0,83.0,78.0,78.0,83.0,49.5,0.08517327117327117,4,1
random,100,7,42,27.0,46.0,57.0,57.0,42.0,42.0,36.0,49.5,0.08517327117327117,4,1
random,100,7,43,55.0,43.0,69.0,70.0,49.0,49.0,65.0,49.5,0.08517327117327117,4,1
random,100,7,44,40.0,65.0,43.0,41.0,62.0,62.0,40.0,49.5,0.08517327117327117,4,1
random,100,7,45,2.0,3.0,5.0,5.0,3.0,3.0,4.0,49.5,0.08517327117327117,4,1
random,100,7,46,6.0,2.0,7.0,7.0,2.0,2.0,10.0,49.5,0.08517327117327117,4,1
random,100,7,47,55.0,60.0,60.0,60.0,63.0,63.0,62.0,49.5,0.08517327117327117,4,1
random,100,7,48,55.0,51.0,61.0,61.0,58.0,58.0,61.0,49.5,0.08517327117327117,4,1
random,100,7,49,27.0,30.0,34.0,33.0,33.0,33.0,33.0,49.5,0.08517327117327117,4,1
random,100,7,50,71.0,71.0,77.0,79.0,72.0,72.0,80.0,49.5,0.08517327117327117,4,1
random,100,7,51,84.0,87.0,90.0,90.0,89.0,89.0,94.0,49.5,0.08517327117327117,4,1
random,100,7,52,6.0,8.0,16.0,16.0,7.0,7.0,12.0,49.5,0.08517327117327117,4,1
random,100,7,53,55.0,51.0,50.0,49.0,57.0,57.0,60.0,49.5,0.08517327117327117,4,1
random,100,7,54,95.0,98.0,100.0,100.0,98.0,98.0,99.0,49.5,0.08517327117327117,4,1
random,100,7,55,84.0,93.0,89.0,89.0,92.0,92.0,88.0,49.5,0.08517327117327117,4,1
random,100,7,56,1.0,1.0,1.0,1.0,1.0,1.0,1.0,49.5,0.08517327117327117,4,1
random,100,7,57,55.0,70.0,52.0,51.0,70.0,70.0,56.0,49.5,0.08517327117327117,4,1
random,100,7,58,55.0,39.0,66.0,68.0,47.0,47.0,69.0,49.5,0.08517327117327117,4,1
random,100,7,59,55.0,71.0,54.0,54.0,69.0,69.0,58.0,49.5,0.08517327117327117,4,1
random,100,7,60,55.0,63.0,73.0,73.0,63.0,63.0,66.0,49.5,0.08517327117327117,4,1
random,100,7,61,27.0,25.0,28.0,27.0,26.0,26.0,34.0,49.5,0.08517327117327117,4,1
random,100,7,62,84.0,71.0,82.0,81.0,77.0,77.0,91.0,49.5,0.08517327117327117,4,1
random,100,7,63,13.0,14.0,12.0,12.0,13.0,13.0,15.0,49.5,0.08517327117327117,4,1
random,100,7,64,18.0,10.0,25.0,25.0,14.0,14.0,26.0,49.5,0.08517327117327117,4,1
random,100,7,65,55.0,67.0,76.0,75.0,67.0,67.0,68.0,49.5,0.08517327117327117,4,1
random,100,7,66,95.0,93.0,98.0,99.0,95.0,95.0,98.0,49.5,0.08517327117327117,4,1
random,100,7,67,95.0,97.0,96.0,95.0,97.0,97.0,96.0,49.5,0.08517327117327117,4,1
random,100,7,68,27.0,39.0,27.0,28.0,39.0,39.0,28.0,49.5,0.08517327117327117,4,1
random,100,7,69,13.0,25.0,13.0,15.0,20.0,20.0,14.0,49.5,0.08517327117327117,4,1
random,100,7,70,40.0,51.0,72.0,72.0,51.0,51.0,54.0,49.5,0.08517327117327117,4,1
random,100,7,71,71.0,89.0,81.0,82.0,85.0,85.0,74.0,49.5,0.08517327117327117,4,1
random,100,7,72,27.0,35.0,35.0,35.0,36.0,36.0,30.0,49.5,0.08517327117327117,4,1
random,100,7,73,55.0,63.0,53.0,52.0,65.0,65.0,57.0,49.5,0.08517327117327117,4,1
random,100,7,74,27.0,25.0,26.0,26.0,28.0,28.0,32.0,49.5,0.08517327117327117,4,1
random,100,7,75,6.0,10.0,3.0,3.0,11.0,11.0,6.0,49.5,0.08517327117327117,4,1
random,100,7,76,18.0,37.0,29.0,30.0,35.0,35.0,23.0,49.5,0.08517327117327117,4,1
random,100,7,77,71.0,81.0,79.0,80.0,84.0,84.0,72.0,49.5,0.08517327117327117,4,1
random,100,7,78,71.0,71.0,91.0,91.0,73.0,73.0,82.0,49.5,0.08517327117327117,4,1
random,100,7,79,18.0,29.0,19.0,20.0,25.0,25.0,22.0,49.5,0.08517327117327117,4,1
random,100,7,80,71.0,78.0,65.0,65.0,75.0,75.0,76.0,49.5,0.08517327117327117,4,1
random,100,7,81,84.0,81.0,80.0,77.0,86.0,86.0,86.0,49.5,0.08517327117327117,4,1
random,100,7,82,6.0,7.0,17.0,17.0,6.0,6.0,11.0,49.5,0.08517327117327117,4,1
random,100,7,83,18.0,31.0,18.0,18.0,30.0,30.0,19.0,49.5,0.08517327117327117,4,1
random,100,7,84,71.0,81.0,87.0,87.0,80.0,80.0,78.0,49.5,0.08517327117327117,4,1
random,100,7,85,27.0,21.0,42.0,43.0,23.0,23.0,38.0,49.5,0.08517327117327117,4,1
random,100,7,86,84.0,91.0,67.0,67.0,91.0,91.0,84.0,49.5,0.08517327117327117,4,1
random,100,7,87,27.0,21.0,55.0,56.0,23.0,23.0,39.0,49.5,0.08517327117327117,4,1
random,100,7,88,18.0,21.0,22.0,22.0,21.0,21.0,24.0,49.5,0.08517327117327117,4,1
random,100,7,89,71.0,81.0,88.0,88.0,81.0,81.0,79.0,49.5,0.08517327117327117,4,1
random,100,7,90,27.0,19.0,38.0,37.0,22.0,22.0,37.0,49.5,0.08517327117327117,4,1
random,100,7,91,84.0,92.0,92.0,92.0,92.0,92.0,87.0,49.5,0.08517327117327117,4,1
random,100,7,92,55.0,51.0,64.0,64.0,58.0,58.0,63.0,49.5,0.08517327117327117,4,1
random,100,7,93,6.0,21.0,15.0,14.0,15.0,15.0,8.0,49.5,0.08517327117327117,4,1
random,100,7,94,84.0,76.0,84.0,84.0,79.0,79.0,89.0,49.5,0.08517327117327117,4,1
random,100,7,95,55.0,68.0,63.0,63.0,68.0,68.0,59.0,49.5,0.08517327117327117,4,1
random,100,7,96,2.0,12.0,4.0,4.0,10.0,10.0,3.0,49.5,0.08517327117327117,4,1
random,100,7,97,71.0,76.0,68.0,66.0,76.0,76.0,73.0,49.5,0.08517327117327117,4,1
random,100,7,98,6.0,12.0,6.0,6.0,12.0,12.0,7.0,49.5,0.08517327117327117,4,1
random,100,7,99,40.0,56.0,46.0,46.0,55.0,55.0,44.0,49.5,0.08517327117327117,4,1
random,100,8,0,39.0,67.0,33.0,34.0,65.0,65.0,40.0,49.5,0.07255994005994001,4,1
random,100,8,1,74.0,88.0,71.0,69.0,87.0,87.0,74.0,49.5,0.07255994005994001,4,1
random,100,8,2,39.0,38.0,73.0,73.0,42.0,42.0,57.0,49.5,0.07255994005994001,4,1
random,100,8,3,39.0,41.0,34.0,33.0,44.0,44.0,44.0,49.5,0.07255994005994001,4,1
random,100,8,4,74.0,79.0,67.0,65.0,79.0,79.0,76.0,49.5,0.07255994005994001,4,1
random,100,8,5,20.0,25.0,16.0,16.0,23.0,23.0,21.0,49.5,0.07255994005994001,4,1
random,100,8,6,84.0,77.0,86.0,85.0,80.0,80.0,88.0,49.5,0.07255994005994001,4,1
random,100,8,7,59.0,71.0,51.0,52.0,72.0,72.0,63.0,49.5,0.07255994005994001,4,1
random,100,8,8,39.0,28.0,53.0,53.0,34.0,34.0,55.0,49.5,0.07255994005994001,4,1
random,100,8,9,11.0,19.0,23.0,25.0,18.0,18.0,18.0,49.5,0.07255994005994001,4,1
random,100,8,10,59.0,61.0,76.0,71.0,63.0,63.0,72.0,49.5,0.07255994005994001,4,1
random,100,8,11,59.0,71.0,42.0,40.0,72.0,72.0,59.0,49.5,0.07255994005994001,4,1
random,100,8,12,39.0,38.0,39.0,38.0,41.0,41.0,48.0,49.5,0.07255994005994001,4,1
random,100,8,13,39.0,28.0,45.0,44.0,34.0,34.0,50.0,49.5,0.07255994005994001,4,1
random,100,8,14,96.0,100.0,98.0,98.0,100.0,100.0,97.0,49.5,0.07255994005994001,4,1
random,100,8,15,2.0,3.0,2.0,2.0,3.0,3.0,2.0,49.5,0.07255994005994001,4,1
random,100,8,16,74.0,55.0,82.0,82.0,61.0,61.0,83.0,49.5,0.07255994005994001,4,1
random,100,8,17,11.0,16.0,19.0,19.0,17.0,17.0,16.0,49.5,0.07255994005994001,4,1
random,100,8,18,74.0,64.0,87.0,87.0,69.0,69.0,82.0,49.5,0.07255994005994001,4,1
random,100,8,19,96.0,92.0,99.0,99.0,92.0,92.0,99.0,49.5,0.07255994005994001,4,1
random,100,8,20,39.0,55.0,32.0,31.0,54.0,54.0,39.0,49.5,0.07255994005994001,4,1
random,100,8,21,84.0,86.0,80.0,80.0,88.0,88.0,85.0,49.5,0.07255994005994001,4,1
random,100,8,22,1.0,2.0,1.0,1.0,1.0,1.0,1.0,49.5,0.07255994005994001,4,1
random,100,8,23,59.0,67.0,77.0,77.0,67.0,67.0,70.0,49.5,0.07255994005994001,4,1
random,100,8,24,39.0,45.0,47.0,49.0,47.0,47.0,47.0,49.5,0.07255994005994001,4,1
random,100,8,25,100.0,99.0,100.0,100.0,99.0,99.0,100.0,49.5,0.07255994005994001,4,1
random,100,8,26,74.0,81.0,79.0,78.0,81.0,81.0,79.0,49.5,0.07255994005994001,4,1
random,100,8,27,2.0,5.0,4.0,4.0,4.0,4.0,3.0,49.5,0.07255994005994001,4,1
random,100,8,28,59.0,74.0,68.0,74.0,70.0,70.0,68.0,49.5,0.07255994005994001,4,1
random,100,8,29,11.0,14.0,12.0,12.0,15.0,15.0,12.0,49.5,0.07255994005994001,4,1
random,100,8,30,74.0,82.0,78.0,79.0,82.0,82.0,77.0,49.5,0.07255994005994001,4,1
random,100,8,31,11.0,12.0,14.0,14.0,13.0,13.0,14.0,49.5,0.07255994005994001,4,1
random,100,8,32,59.0,64.0,74.0,70.0,66.0,66.0,66.0,49.5,0.07255994005994001,4,1
random,100,8,33,39.0,47.0,58.0,56.0,50.0,50.0,54.0,49.5,0.07255994005994001,4,1
random,100,8,34,90.0,91.0,88.0,88.0,91.0,91.0,92.0,49.5,0.07255994005994001,4,1
random,100,8,35,39.0,59.0,50.0,50.0,57.0,57.0,43.0,49.5,0.07255994005994001,4,1
random,100,8,36,25.0,54.0,22.0,21.0,51.0,51.0,25.0,49.5,0.07255994005994001,4,1
random,100,8,37,25.0,31.0,29.0,28.0,31.0,31.0,30.0,49.5,0.07255994005994001,4,1
random,100,8,38,74.0,85.0,84.0,84.0,84.0,84.0,80.0,49.5,0.07255994005994001,4,1
random,100,8,39,96.0,98.0,96.0,96.0,98.0,98.0,96.0,49.5,0.07255994005994001,4,1
random,100,8,40,59.0,79.0,62.0,61.0,77.0,77.0,60.0,49.5,0.07255994005994001,4,1
random,100,8,41,25.0,28.0,57.0,57.0,28.0,28.0,38.0,49.5,0.07255994005994001,4,1
random,100,8,42,39.0,47.0,55.0,58.0,48.0,48.0,51.0,49.5,0.07255994005994001,4,1
random,100,8,43,4.0,1.0,8.0,8.0,2.0,2.0,7.0,49.5,0.07255994005994001,4,1
random,100,8,44,25.0,23.0,44.0,47.0,24.0,24.0,36.0,49.5,0.07255994005994001,4,1
random,100,8,45,39.0,41.0,75.0,75.0,43.0,43.0,58.0,49.5,0.07255994005994001,4,1
random,100,8,46,90.0,95.0,93.0,93.0,95.0,95.0,94.0,49.5,0.07255994005994001,4,1
random,100,8,47,25.0,25.0,43.0,43.0,27.0,27.0,35.0,49.5,0.07255994005994001,4,1
random,100,8,48,84.0,90.0,92.0,92.0,89.0,89.0,87.0,49.5,0.07255994005994001,4,1
random,100,8,49,25.0,34.0,37.0,37.0,32.0,32.0,32.0,49.5,0.07255994005994001,4,1
random,100,8,50,11.0,16.0,21.0,23.0,16.0,16.0,15.0,49.5,0.07255994005994001,4,1
random,100,8,51,39.0,47.0,46.0,45.0,49.0,49.0,46.0,49.5,0.07255994005994001,4,1
random,100,8,52,96.0,92.0,95.0,95.0,94.0,94.0,98.0,49.5,0.07255994005994001,4,1
random,100,8,53,59.0,71.0,59.0,60.0,68.0,68.0,64.0,49.5,0.07255994005994001,4,1
random,100,8,54,25.0,41.0,41.0,42.0,39.0,39.0,34.0,49.5,0.07255994005994001,4,1
random,100,8,55,74.0,78.0,61.0,59.0,78.0,78.0,75.0,49.5,0.07255994005994001,4,1
random,100,8,56,59.0,75.0,48.0,48.0,75.0,75.0,61.0,49.5,0.07255994005994001,4,1
random,100,8,57,90.0,97.0,94.0,94.0,97.0,97.0,93.0,49.5,0.07255994005994001,4,1
random,100,8,58,8.0,8.0,7.0,7.0,8.0,8.0,9.0,49.5,0.07255994005994001,4,1
random,100,8,59,90.0,94.0,91.0,91.0,93.0,93.0,90.0,49.5,0.07255994005994001,4,1
random,100,8,60,25.0,31.0,26.0,24.0,29.0,29.0,27.0,49.5,0.07255994005994001,4,1
random,100,8,61,59.0,55.0,56.0,55.0,57.0,57.0,62.0,49.5,0.07255994005994001,4,1
random,100,8,62,59.0,75.0,72.0,76.0,72.0,72.0,67.0,49.5,0.07255994005994001,4,1
random,100,8,63,59.0,61.0,63.0,67.0,61.0,61.0,69.0,49.5,0.07255994005994001,4,1
random,100,8,64,11.0,8.0,17.0,18.0,11.0,11.0,17.0,49.5,0.07255994005994001,4,1
random,100,8,65,20.0,34.0,24.0,22.0,26.0,26.0,22.0,49.5,0.07255994005994001,4,1
random,100,8,66,20.0,20.0,25.0,26.0,21.0,21.0,24.0,49.5,0.07255994005994001,4,1
random,100,8,67,25.0,38.0,30.0,30.0,38.0,38.0,28.0,49.5,0.07255994005994001,4,1
random,100,8,68,84.0,86.0,83.0,83.0,86.0,86.0,84.0,49.5,0.07255994005994001,4,1
random,100,8,69,4.0,6.0,6.0,6.0,6.0,6.0,5.0,49.5,0.07255994005994001,4,1
random,100,8,70,11.0,21.0,15.0,15.0,20.0,20.0,11.0,49.5,0.07255994005994001,4,1
random,100,8,71,20.0,16.0,18.0,20.0,19.0,19.0,23.0,49.5,0.07255994005994001,4,1
random,100,8,72,39.0,50.0,66.0,63.0,53.0,53.0,49.0,49.5,0.07255994005994001,4,1
random,100,8,73,59.0,59.0,70.0,68.0,60.0,60.0,71.0,49.5,0.07255994005994001,4,1
random,100,8,74,8.0,7.0,9.0,9.0,7.0,7.0,10.0,49.5,0.07255994005994001,4,1
random,100,8,75,39.0,55.0,36.0,36.0,56.0,56.0,41.0,49.5,0.07255994005994001,4,1
random,100,8,76,4.0,4.0,3.0,3.0,5.0,5.0,4.0,49.5,0.07255994005994001,4,1
random,100,8,77,84.0,84.0,81.0,81.0,85.0,85.0,86.0,49.5,0.07255994005994001,4,1
random,100,8,78,74.0,82.0,85.0,86.0,83.0,83.0,81.0,49.5,0.07255994005994001,4,1
random,100,8,79,39.0,50.0,31.0,32.0,52.0,52.0,45.0,49.5,0.07255994005994001,4,1
random,100,8,80,39.0,41.0,52.0,51.0,46.0,46.0,53.0,49.5,0.07255994005994001,4,1
random,100,8,81,90.0,96.0,90.0,90.0,96.0,96.0,91.0,49.5,0.07255994005994001,4,1
random,100,8,82,20.0,21.0,13.0,13.0,22.0,22.0,20.0,49.5,0.07255994005994001,4,1
random,100,8,83,39.0,25.0,60.0,62.0,30.0,30.0,56.0,49.5,0.07255994005994001,4,1
random,100,8,84,8.0,10.0,5.0,5.0,10.0,10.0,8.0,49.5,0.07255994005994001,4,1
random,100,8,85,39.0,64.0,35.0,35.0,59.0,59.0,42.0,49.5,0.07255994005994001,4,1
random,100,8,86,11.0,10.0,27.0,27.0,12.0,12.0,19.0,49.5,0.07255994005994001,4,1
random,100,8,87,25.0,45.0,28.0,29.0,40.0,40.0,29.0,49.5,0.07255994005994001,4,1
random,100,8,88,4.0,14.0,10.0,11.0,9.0,9.0,6.0,49.5,0.07255994005994001,4,1
random,100,8,89,59.0,50.0,69.0,72.0,55.0,55.0,73.0,49.5,0.07255994005994001,4,1
random,100,8,90,25.0,50.0,65.0,66.0,45.0,45.0,37.0,49.5,0.07255994005994001,4,1
random,100,8,91,25.0,23.0,20.0,17.0,24.0,24.0,26.0,49.5,0.07255994005994001,4,1
random,100,8,92,39.0,31.0,49.0,46.0,37.0,37.0,52.0,49.5,0.07255994005994001,4,1
random,100,8,93,25.0,34.0,38.0,41.0,33.0,33.0,33.0,49.5,0.07255994005994001,4,1
random,100,8,94,25.0,37.0,40.0,39.0,36.0,36.0,31.0,49.5,0.07255994005994001,4,1
random,100,8,95,84.0,67.0,89.0,89.0,76.0,76.0,89.0,49.5,0.07255994005994001,4,1
random,100,8,96,11.0,12.0,11.0,10.0,13.0,13.0,13.0,49.5,0.07255994005994001,4,1
random,100,8,97,74.0,67.0,64.0,64.0,70.0,70.0,78.0,49.5,0.07255994005994001,4,1
random,100,8,98,90.0,89.0,97.0,97.0,90.0,90.0,95.0,49.5,0.07255994005994001,4,1
random,100,8,99,59.0,61.0,54.0,54.0,64.0,64.0,65.0,49.5,0.07255994005994001,4,1
