random,100,9,0,4.0,11.0,3.0,3.0,7.0,7.0,4.0,49.5,0.08709126984126984,3,1
random,100,9,1,79.0,93.0,84.0,84.0,92.0,92.0,82.0,49.5,0.08709126984126984,3,1
random,100,9,2,30.0,41.0,46.0,46.0,40.0,40.0,36.0,49.5,0.08709126984126984,3,1
random,100,9,3,30.0,45.0,27.0,25.0,40.0,40.0,31.0,49.5,0.08709126984126984,3,1
random,100,9,4,70.0,69.0,82.0,81.0,69.0,69.0,77.0,49.5,0.08709126984126984,3,1
random,100,9,5,30.0,41.0,41.0,41.0,39.0,39.0,35.0,49.5,0.08709126984126984,3,1
random,100,9,6,20.0,22.0,29.0,27.0,23.0,23.0,26.0,49.5,0.08709126984126984,3,1
random,100,9,7,12.0,17.0,5.0,5.0,15.0,15.0,12.0,49.5,0.08709126984126984,3,1
random,100,9,8,12.0,11.0,21.0,22.0,12.0,12.0,19.0,49.5,0.08709126984126984,3,1
random,100,9,9,41.0,58.0,36.0,38.0,56.0,56.0,41.0,49.5,0.08709126984126984,3,1
random,100,9,10,79.0,91.0,80.0,80.0,90.0,90.0,84.0,49.5,0.08709126984126984,3,1
random,100,9,11,56.0,63.0,49.0,48.0,64.0,64.0,60.0,49.5,0.08709126984126984,3,1
random,100,9,12,30.0,52.0,28.0,29.0,46.0,46.0,32.0,49.5,0.08709126984126984,3,1
random,100,9,13,99.0,96.0,99.0,99.0,98.0,98.0,99.0,49.5,0.08709126984126984,3,1
random,100,9,14,41.0,36.0,55.0,56.0,38.0,38.0,53.0,49.5,0.08709126984126984,3,1
random,100,9,15,70.0,72.0,74.0,74.0,72.0,72.0,75.0,49.5,0.08709126984126984,3,1
random,100,9,16,2.0,2.0,2.0,2.0,2.0,2.0,2.0,49.5,0.08709126984126984,3,1
random,100,9,17,20.0,35.0,20.0,20.0,32.0,32.0,20.0,49.5,0.08709126984126984,3,1
random,100,9,18,4.0,4.0,10.0,10.0,4.0,4.0,6.0,49.5,0.08709126984126984,3,1
random,100,9,19,91.0,78.0,89.0,88.0,85.0,85.0,95.0,49.5,0.08709126984126984,3,1
random,100,9,20,7.0,15.0,16.0,17.0,13.0,13.0,9.0,49.5,0.08709126984126984,3,1
random,100,9,21,20.0,13.0,18.0,14.0,16.0,16.0,23.0,49.5,0.08709126984126984,3,1
random,100,9,22,41.0,52.0,45.0,43.0,53.0,53.0,46.0,49.5,0.08709126984126984,3,1
random,100,9,23,79.0,87.0,81.0,82.0,87.0,87.0,83.0,49.5,0.08709126984126984,3,1
random,100,9,24,56.0,58.0,69.0,70.0,61.0,61.0,64.0,49.5,0.08709126984126984,3,1
random,100,9,25,91.0,89.0,95.0,95.0,91.0,91.0,96.0,49.5,0.08709126984126984,3,1
random,100,9,26,20.0,18.0,26.0,28.0,21.0,21.0,24.0,49.5,0.08709126984126984,3,1
random,100,9,27,70.0,76.0,78.0,78.0,77.0,77.0,74.0,49.5,0.08709126984126984,3,1
random,100,9,28,79.0,87.0,71.0,71.0,86.0,86.0,80.0,49.5,0.08709126984126984,3,1
random,100,9,29,30.0,36.0,23.0,23.0,34.0,34.0,34.0,49.5,0.08709126984126984,3,1
random,100,9,30,70.0,84.0,60.0,60.0,84.0,84.0,70.0,49.5,0.08709126984126984,3,1
random,100,9,31,91.0,84.0,98.0,98.0,88.0,88.0,98.0,49.5,0.08709126984126984,3,1
random,100,9,32,20.0,27.0,34.0,32.0,26.0,26.0,22.0,49.5,0.08709126984126984,3,1
random,100,9,33,41.0,52.0,58.0,59.0,52.0,52.0,50.0,49.5,0.08709126984126984,3,1
random,100,9,34,1.0,1.0,1.0,1.0,1.0,1.0,1.0,49.5,0.08709126984126984,3,1
random,100,9,35,79.0,74.0,86.0,86.0,78.0,78.0,87.0,49.5,0.08709126984126984,3,1
random,100,9,36,12.0,23.0,15.0,15.0,22.0,22.0,16.0,49.5,0.08709126984126984,3,1
random,100,9,37,41.0,49.0,52.0,52.0,50.0,50.0,49.0,49.5,0.08709126984126984,3,1
random,100,9,38,20.0,13.0,39.0,40.0,16.0,16.0,29.0,49.5,0.08709126984126984,3,1
random,100,9,39,7.0,9.0,19.0,19.0,10.0,10.0,11.0,49.5,0.08709126984126984,3,1
random,100,9,40,12.0,6.0,12.0,13.0,11.0,11.0,18.0,49.5,0.08709126984126984,3,1
random,100,9,41,70.0,84.0,85.0,85.0,81.0,81.0,76.0,49.5,0.08709126984126984,3,1
random,100,9,42,56.0,58.0,77.0,77.0,60.0,60.0,69.0,49.5,0.08709126984126984,3,1
random,100,9,43,30.0,26.0,33.0,35.0,28.0,28.0,37.0,49.5,0.08709126984126984,3,1
random,100,9,44,79.0,74.0,75.0,73.0,76.0,76.0,85.0,49.5,0.08709126984126984,3,1
random,100,9,45,41.0,34.0,57.0,57.0,36.0,36.0,55.0,49.5,0.08709126984126984,3,1
random,100,9,46,56.0,52.0,62.0,62.0,58.0,58.0,65.0,49.5,0.08709126984126984,3,1
random,100,9,47,70.0,81.0,76.0,76.0,79.0,79.0,73.0,49.5,0.08709126984126984,3,1
random,100,9,48,41.0,41.0,51.0,50.0,45.0,45.0,51.0,49.5,0.08709126984126984,3,1
random,100,9,49,20.0,23.0,24.0,24.0,25.0,25.0,25.0,49.5,0.08709126984126984,3,1
random,100,9,50,30.0,49.0,65.0,65.0,46.0,46.0,39.0,49.5,0.08709126984126984,3,1
random,100,9,51,41.0,61.0,47.0,47.0,58.0,58.0,43.0,49.5,0.08709126984126984,3,1
random,100,9,52,3.0,9.0,9.0,8.0,5.0,5.0,3.0,49.5,0.08709126984126984,3,1
random,100,9,53,12.0,18.0,6.0,7.0,18.0,18.0,13.0,49.5,0.08709126984126984,3,1
random,100,9,54,20.0,27.0,38.0,39.0,26.0,26.0,27.0,49.5,0.08709126984126984,3,1
random,100,9,55,91.0,98.0,90.0,90.0,97.0,97.0,91.0,49.5,0.08709126984126984,3,1
random,100,9,56,70.0,76.0,70.0,68.0,75.0,75.0,71.0,49.5,0.08709126984126984,3,1
random,100,9,57,91.0,92.0,97.0,96.0,93.0,93.0,97.0,49.5,0.08709126984126984,3,1
random,100,9,58,79.0,89.0,73.0,75.0,89.0,89.0,81.0,49.5,0.08709126984126984,3,1
random,100,9,59,20.0,23.0,32.0,33.0,24.0,24.0,28.0,49.5,0.08709126984126984,3,1
random,100,9,60,4.0,3.0,4.0,4.0,3.0,3.0,5.0,49.5,0.08709126984126984,3,1
random,100,9,61,79.0,95.0,79.0,79.0,94.0,94.0,79.0,49.5,0.08709126984126984,3,1
random,100,9,62,41.0,41.0,43.0,45.0,44.0,44.0,48.0,49.5,0.08709126984126984,3,1
random,100,9,63,30.0,29.0,35.0,34.0,30.0,30.0,38.0,49.5,0.08709126984126984,3,1
random,100,9,64,79.0,81.0,91.0,92.0,82.0,82.0,89.0,49.5,0.08709126984126984,3,1
random,100,9,65,79.0,70.0,83.0,83.0,73.0,73.0,88.0,49.5,0.08709126984126984,3,1
random,100,9,66,70.0,67.0,87.0,87.0,67.0,67.0,78.0,49.5,0.08709126984126984,3,1
random,100,9,67,56.0,63.0,56.0,55.0,64.0,64.0,58.0,49.5,0.08709126984126984,3,1
random,100,9,68,56.0,49.0,72.0,72.0,56.0,56.0,68.0,49.5,0.08709126984126984,3,1
random,100,9,69,56.0,78.0,40.0,37.0,74.0,74.0,56.0,49.5,0.08709126984126984,3,1
random,100,9,70,79.0,78.0,94.0,94.0,80.0,80.0,86.0,49.5,0.08709126984126984,3,1
random,100,9,71,7.0,4.0,8.0,9.0,6.0,6.0,8.0,49.5,0.08709126984126984,3,1
random,100,9,72,41.0,45.0,48.0,49.0,48.0,48.0,47.0,49.5,0.08709126984126984,3,1
random,100,9,73,91.0,94.0,93.0,93.0,95.0,95.0,94.0,49.5,0.08709126984126984,3,1
random,100,9,74,70.0,67.0,67.0,67.0,67.0,67.0,72.0,49.5,0.08709126984126984,3,1
random,100,9,75,56.0,63.0,64.0,64.0,64.0,64.0,63.0,49.5,0.08709126984126984,3,1
random,100,9,76,12.0,15.0,13.0,12.0,14.0,14.0,15.0,49.5,0.08709126984126984,3,1
random,100,9,77,91.0,97.0,96.0,97.0,96.0,96.0,93.0,49.5,0.08709126984126984,3,1
random,100,9,78,56.0,70.0,59.0,58.0,69.0,69.0,59.0,49.5,0.08709126984126984,3,1
random,100,9,79,41.0,33.0,30.0,30.0,34.0,34.0,45.0,49.5,0.08709126984126984,3,1
random,100,9,80,56.0,72.0,63.0,63.0,71.0,71.0,57.0,49.5,0.08709126984126984,3,1
random,100,9,81,30.0,31.0,42.0,44.0,31.0,31.0,40.0,49.5,0.08709126984126984,3,1
random,100,9,82,12.0,18.0,17.0,18.0,18.0,18.0,17.0,49.5,0.08709126984126984,3,1
random,100,9,83,56.0,62.0,54.0,53.0,62.0,62.0,62.0,49.5,0.08709126984126984,3,1
random,100,9,84,30.0,39.0,31.0,31.0,37.0,37.0,33.0,49.5,0.08709126984126984,3,1
random,100,9,85,12.0,18.0,11.0,11.0,18.0,18.0,14.0,49.5,0.08709126984126984,3,1
random,100,9,86,79.0,81.0,92.0,91.0,82.0,82.0,90.0,49.5,0.08709126984126984,3,1
random,100,9,87,7.0,6.0,14.0,16.0,8.0,8.0,10.0,49.5,0.08709126984126984,3,1
random,100,9,88,41.0,52.0,44.0,42.0,54.0,54.0,44.0,49.5,0.08709126984126984,3,1
random,100,9,89,91.0,99.0,88.0,89.0,99.0,99.0,92.0,49.5,0.08709126984126984,3,1
random,100,9,90,7.0,6.0,7.0,6.0,8.0,8.0,7.0,49.5,0.08709126984126984,3,1
random,100,9,91,20.0,31.0,25.0,26.0,29.0,29.0,21.0,49.5,0.08709126984126984,3,1
random,100,9,92,41.0,39.0,53.0,54.0,40.0,40.0,54.0,49.5,0.08709126984126984,3,1
random,100,9,93,41.0,29.0,50.0,51.0,33.0,33.0,52.0,49.5,0.08709126984126984,3,1
random,100,9,94,56.0,63.0,61.0,61.0,63.0,63.0,61.0,49.5,0.08709126984126984,3,1
random,100,9,95,30.0,52.0,22.0,21.0,49.0,49.0,30.0,49.5,0.08709126984126984,3,1
random,100,9,96,56.0,45.0,68.0,69.0,54.0,54.0,67.0,49.5,0.08709126984126984,3,1
random,100,9,97,100.0,100.0,100.0,100.0,100.0,100.0,100.0,49.5,0.08709126984126984,3,1
random,100,9,98,56.0,36.0,66.0,66.0,43.0,43.0,66.0,49.5,0.08709126984126984,3,1
random,100,9,99,41.0,45.0,37.0,36.0,50.0,50.0,42.0,49.5,0.08709126984126984,3,1
random,100,10,0,53.0,66.0,40.0,39.0,64.0,64.0,53.0,49.5,0.07187279387279387,3,1
random,100,10,1,53.0,61.0,72.0,73.0,60.0,60.0,68.0,49.5,0.07187279387279387,3,1
random,100,10,2,96.0,97.0,98.0,98.0,98.0,98.0,98.0,49.5,0.07187279387279387,3,1
random,100,10,3,82.0,84.0,84.0,84.0,84.0,84.0,87.0,49.5,0.07187279387279387,3,1
random,100,10,4,42.0,50.0,55.0,55.0,50.0,50.0,48.0,49.5,0.07187279387279387,3,1
random,100,10,5,73.0,87.0,75.0,74.0,88.0,88.0,74.0,49.5,0.07187279387279387,3,1
random,100,10,6,1.0,1.0,1.0,1.0,1.0,1.0,1.0,49.5,0.07187279387279387,3,1
random,100,10,7,82.0,91.0,89.0,89.0,92.0,92.0,86.0,49.5,0.07187279387279387,3,1
random,100,10,8,82.0,87.0,87.0,86.0,89.0,89.0,84.0,49.5,0.07187279387279387,3,1
random,100,10,9,20.0,50.0,26.0,25.0,44.0,44.0,22.0,49.5,0.07187279387279387,3,1
random,100,10,10,53.0,61.0,78.0,79.0,62.0,62.0,67.0,49.5,0.07187279387279387,3,1
random,100,10,11,53.0,71.0,52.0,51.0,71.0,71.0,54.0,49.5,0.07187279387279387,3,1
random,100,10,12,82.0,79.0,92.0,92.0,79.0,79.0,93.0,49.5,0.07187279387279387,3,1
random,100,10,13,82.0,84.0,82.0,81.0,85.0,85.0,85.0,49.5,0.07187279387279387,3,1
random,100,10,14,42.0,23.0,50.0,52.0,33.0,33.0,52.0,49.5,0.07187279387279387,3,1
random,100,10,15,4.0,3.0,4.0,4.0,4.0,4.0,5.0,49.5,0.07187279387279387,3,1
random,100,10,16,30.0,36.0,29.0,30.0,38.0,38.0,32.0,49.5,0.07187279387279387,3,1
random,100,10,17,53.0,53.0,69.0,72.0,55.0,55.0,66.0,49.5,0.07187279387279387,3,1
random,100,10,18,11.0,19.0,16.0,15.0,17.0,17.0,14.0,49.5,0.07187279387279387,3,1
random,100,10,19,30.0,20.0,22.0,23.0,27.0,27.0,36.0,49.5,0.07187279387279387,3,1
random,100,10,20,53.0,56.0,64.0,65.0,59.0,59.0,65.0,49.5,0.07187279387279387,3,1
random,100,10,21,53.0,59.0,66.0,67.0,60.0,60.0,64.0,49.5,0.07187279387279387,3,1
random,100,10,22,82.0,80.0,90.0,91.0,80.0,80.0,91.0,49.5,0.07187279387279387,3,1
random,100,10,23,96.0,94.0,96.0,96.0,95.0,95.0,97.0,49.5,0.07187279387279387,3,1
random,100,10,24,11.0,10.0,25.0,26.0,13.0,13.0,18.0,49.5,0.07187279387279387,3,1
random,100,10,25,4.0,7.0,6.0,6.0,6.0,6.0,4.0,49.5,0.07187279387279387,3,1
random,100,10,26,73.0,77.0,83.0,82.0,77.0,77.0,80.0,49.5,0.07187279387279387,3,1
random,100,10,27,42.0,34.0,28.0,28.0,39.0,39.0,45.0,49.5,0.07187279387279387,3,1
random,100,10,28,100.0,100.0,100.0,100.0,100.0,100.0,100.0,49.5,0.07187279387279387,3,1
random,100,10,29,2.0,2.0,3.0,2.0,2.0,2.0,2.0,49.5,0.07187279387279387,3,1
random,100,10,30,82.0,84.0,79.0,78.0,85.0,85.0,83.0,49.5,0.07187279387279387,3,1
random,100,10,31,42.0,38.0,46.0,46.0,42.0,42.0,49.0,49.5,0.07187279387279387,3,1
random,100,10,32,82.0,87.0,86.0,87.0,89.0,89.0,88.0,49.5,0.07187279387279387,3,1
random,100,10,33,53.0,45.0,73.0,75.0,47.0,47.0,72.0,49.5,0.07187279387279387,3,1
random,100,10,34,73.0,87.0,70.0,70.0,87.0,87.0,76.0,49.5,0.07187279387279387,3,1
random,100,10,35,73.0,71.0,59.0,59.0,76.0,76.0,77.0,49.5,0.07187279387279387,3,1
random,100,10,36,11.0,9.0,19.0,19.0,9.0,9.0,17.0,49.5,0.07187279387279387,3,1
random,100,10,37,53.0,53.0,45.0,41.0,54.0,54.0,56.0,49.5,0.07187279387279387,3,1
random,100,10,38,53.0,48.0,80.0,80.0,52.0,52.0,70.0,49.5,0.07187279387279387,3,1
random,100,10,39,42.0,43.0,63.0,61.0,45.0,45.0,51.0,49.5,0.07187279387279387,3,1
random,100,10,40,96.0,96.0,99.0,99.0,96.0,96.0,99.0,49.5,0.07187279387279387,3,1
random,100,10,41,30.0,41.0,36.0,36.0,40.0,40.0,33.0,49.5,0.07187279387279387,3,1
random,100,10,42,20.0,15.0,23.0,24.0,19.0,19.0,27.0,49.5,0.07187279387279387,3,1
random,100,10,43,73.0,92.0,74.0,69.0,91.0,91.0,73.0,49.5,0.07187279387279387,3,1
random,100,10,44,20.0,7.0,20.0,20.0,10.0,10.0,26.0,49.5,0.07187279387279387,3,1
random,100,10,45,30.0,23.0,34.0,34.0,28.0,28.0,37.0,49.5,0.07187279387279387,3,1
random,100,10,46,42.0,56.0,56.0,56.0,53.0,53.0,46.0,49.5,0.07187279387279387,3,1
random,100,10,47,53.0,64.0,68.0,66.0,66.0,66.0,58.0,49.5,0.07187279387279387,3,1
random,100,10,48,53.0,71.0,76.0,76.0,69.0,69.0,63.0,49.5,0.07187279387279387,3,1
random,100,10,49,53.0,61.0,62.0,63.0,65.0,65.0,57.0,49.5,0.07187279387279387,3,1
random,100,10,50,30.0,34.0,51.0,50.0,35.0,35.0,39.0,49.5,0.07187279387279387,3,1
random,100,10,51,30.0,32.0,42.0,44.0,32.0,32.0,42.0,49.5,0.07187279387279387,3,1
random,100,10,52,82.0,82.0,91.0,90.0,83.0,83.0,90.0,49.5,0.07187279387279387,3,1
random,100,10,53,20.0,15.0,14.0,13.0,19.0,19.0,23.0,49.5,0.07187279387279387,3,1
random,100,10,54,30.0,29.0,41.0,42.0,30.0,30.0,40.0,49.5,0.07187279387279387,3,1
random,100,10,55,53.0,71.0,49.0,49.0,71.0,71.0,55.0,49.5,0.07187279387279387,3,1
random,100,10,56,20.0,23.0,32.0,33.0,25.0,25.0,28.0,49.5,0.07187279387279387,3,1
random,100,10,57,42.0,78.0,30.0,27.0,68.0,68.0,38.0,49.5,0.07187279387279387,3,1
random,100,10,58,73.0,66.0,60.0,62.0,73.0,73.0,78.0,49.5,0.07187279387279387,3,1
random,100,10,59,73.0,82.0,61.0,60.0,82.0,82.0,75.0,49.5,0.07187279387279387,3,1
random,100,10,60,11.0,29.0,10.0,9.0,22.0,22.0,11.0,49.5,0.07187279387279387,3,1
random,100,10,61,30.0,20.0,21.0,21.0,24.0,24.0,35.0,49.5,0.07187279387279387,3,1
random,100,10,62,20.0,38.0,5.0,5.0,34.0,34.0,20.0,49.5,0.07187279387279387,3,1
random,100,10,63,6.0,12.0,9.0,10.0,11.0,11.0,7.0,49.5,0.07187279387279387,3,1
random,100,10,64,53.0,64.0,53.0,53.0,66.0,66.0,59.0,49.5,0.07187279387279387,3,1
random,100,10,65,96.0,99.0,97.0,97.0,99.0,99.0,96.0,49.5,0.07187279387279387,3,1
random,100,10,66,30.0,36.0,24.0,22.0,37.0,37.0,31.0,49.5,0.07187279387279387,3,1
random,100,10,67,73.0,71.0,71.0,71.0,75.0,75.0,79.0,49.5,0.07187279387279387,3,1
random,100,10,68,11.0,20.0,18.0,17.0,18.0,18.0,12.0,49.5,0.07187279387279387,3,1
random,100,10,69,53.0,66.0,65.0,64.0,69.0,69.0,61.0,49.5,0.07187279387279387,3,1
random,100,10,70,42.0,48.0,43.0,43.0,47.0,47.0,43.0,49.5,0.07187279387279387,3,1
random,100,10,71,30.0,43.0,33.0,32.0,43.0,43.0,34.0,49.5,0.07187279387279387,3,1
random,100,10,72,20.0,23.0,39.0,40.0,23.0,23.0,29.0,49.5,0.07187279387279387,3,1
random,100,10,73,82.0,95.0,88.0,88.0,94.0,94.0,82.0,49.5,0.07187279387279387,3,1
random,100,10,74,20.0,41.0,44.0,47.0,36.0,36.0,25.0,49.5,0.07187279387279387,3,1
random,100,10,75,11.0,23.0,27.0,29.0,21.0,21.0,13.0,49.5,0.07187279387279387,3,1
random,100,10,76,73.0,66.0,81.0,83.0,73.0,73.0,81.0,49.5,0.07187279387279387,3,1
random,100,10,77,94.0,98.0,95.0,94.0,97.0,97.0,94.0,49.5,0.07187279387279387,3,1
random,100,10,78,82.0,71.0,85.0,85.0,78.0,78.0,89.0,49.5,0.07187279387279387,3,1
random,100,10,79,11.0,15.0,17.0,18.0,15.0,15.0,15.0,49.5,0.07187279387279387,3,1
random,100,10,80,82.0,81.0,94.0,95.0,81.0,81.0,92.0,49.5,0.07187279387279387,3,1
random,100,10,81,20.0,23.0,7.0,8.0,25.0,25.0,21.0,49.5,0.07187279387279387,3,1
random,100,10,82,94.0,93.0,93.0,93.0,93.0,93.0,95.0,49.5,0.07187279387279387,3,1
random,100,10,83,11.0,15.0,35.0,35.0,16.0,16.0,19.0,49.5,0.07187279387279387,3,1
random,100,10,84,2.0,3.0,2.0,3.0,3.0,3.0,3.0,49.5,0.07187279387279387,3,1
random,100,10,85,42.0,50.0,38.0,38.0,50.0,50.0,44.0,49.5,0.07187279387279387,3,1
random,100,10,86,6.0,12.0,12.0,12.0,11.0,11.0,6.0,49.5,0.07187279387279387,3,1
random,100,10,87,42.0,38.0,54.0,54.0,41.0,41.0,50.0,49.5,0.07187279387279387,3,1
random,100,10,88,42.0,46.0,47.0,45.0,46.0,46.0,47.0,49.5,0.07187279387279387,3,1
random,100,10,89,53.0,53.0,57.0,57.0,57.0,57.0,62.0,49.5,0.07187279387279387,3,1
random,100,10,90,53.0,56.0,77.0,77.0,57.0,57.0,69.0,49.5,0.07187279387279387,3,1
random,100,10,91,6.0,5.0,8.0,7.0,5.0,5.0,8.0,49.5,0.07187279387279387,3,1
random,100,10,92,20.0,33.0,31.0,31.0,29.0,29.0,24.0,49.5,0.07187279387279387,3,1
random,100,10,93,53.0,46.0,67.0,68.0,49.0,49.0,71.0,49.5,0.07187279387279387,3,1
random,100,10,94,6.0,10.0,11.0,11.0,8.0,8.0,9.0,49.5,0.07187279387279387,3,1
random,100,10,95,6.0,6.0,13.0,14.0,7.0,7.0,10.0,49.5,0.07187279387279387,3,1
random,100,10,96,53.0,59.0,58.0,58.0,62.0,62.0,60.0,49.5,0.07187279387279387,3,1
random,100,10,97,11.0,12.0,15.0,16.0,14.0,14.0,16.0,49.5,0.07187279387279387,3,1
random,100,10,98,30.0,29.0,48.0,48.0,30.0,30.0,41.0,49.5,0.07187279387279387,3,1
random,100,10,99,30.0,66.0,37.0,37.0,56.0,56.0,30.0,49.5,0.07187279387279387,3,1
