random,100,15,0,17.0,12.0,16.0,18.0,16.0,16.0,20.0,49.5,0.08306193806193801,4,1
random,100,15,1,1.0,15.0,1.0,1.0,9.0,9.0,1.0,49.5,0.08306193806193801,4,1
random,100,15,2,72.0,78.0,73.0,73.0,77.0,77.0,78.0,49.5,0.08306193806193801,4,1
random,100,15,3,57.0,34.0,62.0,61.0,44.0,44.0,71.0,49.5,0.08306193806193801,4,1
random,100,15,4,17.0,22.0,28.0,28.0,22.0,22.0,26.0,49.5,0.08306193806193801,4,1
random,100,15,5,29.0,28.0,36.0,37.0,37.0,37.0,37.0,49.5,0.08306193806193801,4,1
random,100,15,6,29.0,28.0,24.0,23.0,34.0,34.0,34.0,49.5,0.08306193806193801,4,1
random,100,15,7,57.0,61.0,69.0,68.0,61.0,61.0,64.0,49.5,0.08306193806193801,4,1
random,100,15,8,83.0,93.0,87.0,87.0,91.0,91.0,87.0,49.5,0.08306193806193801,4,1
random,100,15,9,29.0,28.0,48.0,47.0,34.0,34.0,43.0,49.5,0.08306193806193801,4,1
random,100,15,10,29.0,22.0,38.0,38.0,24.0,24.0,46.0,49.5,0.08306193806193801,4,1
random,100,15,11,92.0,90.0,92.0,92.0,92.0,92.0,95.0,49.5,0.08306193806193801,4,1
random,100,15,12,9.0,4.0,9.0,10.0,7.0,7.0,13.0,49.5,0.08306193806193801,4,1
random,100,15,13,17.0,15.0,31.0,30.0,20.0,20.0,23.0,49.5,0.08306193806193801,4,1
random,100,15,14,57.0,55.0,67.0,65.0,59.0,59.0,65.0,49.5,0.08306193806193801,4,1
random,100,15,15,48.0,45.0,44.0,43.0,45.0,45.0,50.0,49.5,0.08306193806193801,4,1
random,100,15,16,29.0,57.0,50.0,50.0,54.0,54.0,36.0,49.5,0.08306193806193801,4,1
random,100,15,17,9.0,11.0,20.0,22.0,12.0,12.0,16.0,49.5,0.08306193806193801,4,1
random,100,15,18,48.0,51.0,55.0,56.0,50.0,50.0,52.0,49.5,0.08306193806193801,4,1
random,100,15,19,17.0,28.0,27.0,27.0,27.0,27.0,25.0,49.5,0.08306193806193801,4,1
random,100,15,20,1.0,2.0,5.0,5.0,1.0,1.0,5.0,49.5,0.08306193806193801,4,1
random,100,15,21,17.0,34.0,22.0,20.0,29.0,29.0,19.0,49.5,0.08306193806193801,4,1
random,100,15,22,72.0,62.0,63.0,62.0,68.0,68.0,77.0,49.5,0.08306193806193801,4,1
random,100,15,23,83.0,87.0,77.0,75.0,88.0,88.0,84.0,49.5,0.08306193806193801,4,1
random,100,15,24,6.0,18.0,21.0,17.0,11.0,11.0,6.0,49.5,0.08306193806193801,4,1
random,100,15,25,72.0,78.0,83.0,81.0,79.0,79.0,76.0,49.5,0.08306193806193801,4,1
random,100,15,26,29.0,25.0,51.0,52.0,26.0,26.0,45.0,49.5,0.08306193806193801,4,1
random,100,15,27,57.0,66.0,74.0,77.0,66.0,66.0,68.0,49.5,0.08306193806193801,4,1
random,100,15,28,100.0,100.0,100.0,100.0,100.0,100.0,100.0,49.5,0.08306193806193801,4,1
random,100,15,29,72.0,83.0,65.0,67.0,79.0,79.0,75.0,49.5,0.08306193806193801,4,1
random,100,15,30,17.0,18.0,32.0,32.0,21.0,21.0,28.0,49.5,0.08306193806193801,4,1
random,100,15,31,29.0,52.0,33.0,33.0,51.0,51.0,31.0,49.5,0.08306193806193801,4,1
random,100,15,32,17.0,34.0,18.0,21.0,32.0,32.0,17.0,49.5,0.08306193806193801,4,1
random,100,15,33,29.0,26.0,39.0,39.0,33.0,33.0,42.0,49.5,0.08306193806193801,4,1
random,100,15,34,6.0,7.0,12.0,11.0,6.0,6.0,8.0,49.5,0.08306193806193801,4,1
random,100,15,35,29.0,26.0,40.0,41.0,31.0,31.0,44.0,49.5,0.08306193806193801,4,1
random,100,15,36,29.0,44.0,45.0,46.0,43.0,43.0,39.0,49.5,0.08306193806193801,4,1
random,100,15,37,48.0,52.0,52.0,51.0,55.0,55.0,49.0,49.5,0.08306193806193801,4,1
random,100,15,38,29.0,55.0,54.0,54.0,53.0,53.0,38.0,49.5,0.08306193806193801,4,1
random,100,15,39,57.0,75.0,59.0,58.0,73.0,73.0,59.0,49.5,0.08306193806193801,4,1
random,100,15,40,17.0,12.0,15.0,15.0,16.0,16.0,21.0,49.5,0.08306193806193801,4,1
random,100,15,41,72.0,66.0,14.0,13.0,70.0,70.0,60.0,49.5,0.08306193806193801,4,1
random,100,15,42,17.0,12.0,17.0,16.0,16.0,16.0,24.0,49.5,0.08306193806193801,4,1
random,100,15,43,57.0,62.0,60.0,60.0,61.0,61.0,63.0,49.5,0.08306193806193801,4,1
random,100,15,44,9.0,18.0,8.0,8.0,15.0,15.0,10.0,49.5,0.08306193806193801,4,1
random,100,15,45,72.0,78.0,64.0,64.0,79.0,79.0,74.0,49.5,0.08306193806193801,4,1
random,100,15,46,83.0,84.0,76.0,76.0,86.0,86.0,85.0,49.5,0.08306193806193801,4,1
random,100,15,47,83.0,84.0,81.0,79.0,85.0,85.0,86.0,49.5,0.08306193806193801,4,1
random,100,15,48,92.0,92.0,94.0,94.0,93.0,93.0,97.0,49.5,0.08306193806193801,4,1
random,100,15,49,29.0,41.0,37.0,36.0,40.0,40.0,35.0,49.5,0.08306193806193801,4,1
random,100,15,50,48.0,75.0,46.0,45.0,71.0,71.0,48.0,49.5,0.08306193806193801,4,1
random,100,15,51,29.0,57.0,34.0,35.0,56.0,56.0,29.0,49.5,0.08306193806193801,4,1
random,100,15,52,48.0,57.0,71.0,71.0,57.0,57.0,54.0,49.5,0.08306193806193801,4,1
random,100,15,53,29.0,42.0,30.0,29.0,42.0,42.0,30.0,49.5,0.08306193806193801,4,1
random,100,15,54,57.0,52.0,61.0,63.0,58.0,58.0,67.0,49.5,0.08306193806193801,4,1
random,100,15,55,9.0,22.0,23.0,26.0,16.0,16.0,15.0,49.5,0.08306193806193801,4,1
random,100,15,56,9.0,9.0,11.0,12.0,10.0,10.0,12.0,49.5,0.08306193806193801,4,1
random,100,15,57,57.0,69.0,57.0,57.0,67.0,67.0,62.0,49.5,0.08306193806193801,4,1
random,100,15,58,29.0,18.0,43.0,44.0,23.0,23.0,47.0,49.5,0.08306193806193801,4,1
random,100,15,59,9.0,6.0,13.0,14.0,8.0,8.0,14.0,49.5,0.08306193806193801,4,1
random,100,15,60,1.0,8.0,3.0,3.0,5.0,5.0,2.0,49.5,0.08306193806193801,4,1
random,100,15,61,48.0,47.0,47.0,49.0,48.0,48.0,51.0,49.5,0.08306193806193801,4,1
random,100,15,62,57.0,57.0,68.0,69.0,60.0,60.0,66.0,49.5,0.08306193806193801,4,1
random,100,15,63,17.0,28.0,25.0,24.0,27.0,27.0,18.0,49.5,0.08306193806193801,4,1
random,100,15,64,83.0,86.0,88.0,88.0,87.0,87.0,89.0,49.5,0.08306193806193801,4,1
random,100,15,65,72.0,70.0,86.0,86.0,74.0,74.0,80.0,49.5,0.08306193806193801,4,1
random,100,15,66,83.0,90.0,95.0,95.0,89.0,89.0,90.0,49.5,0.08306193806193801,4,1
random,100,15,67,92.0,99.0,97.0,97.0,99.0,99.0,92.0,49.5,0.08306193806193801,4,1
random,100,15,68,48.0,47.0,72.0,72.0,48.0,48.0,55.0,49.5,0.08306193806193801,4,1
random,100,15,69,9.0,34.0,7.0,6.0,25.0,25.0,9.0,49.5,0.08306193806193801,4,1
random,100,15,70,83.0,96.0,90.0,89.0,96.0,96.0,83.0,49.5,0.08306193806193801,4,1
random,100,15,71,92.0,94.0,96.0,96.0,94.0,94.0,96.0,49.5,0.08306193806193801,4,1
random,100,15,72,72.0,75.0,75.0,74.0,77.0,77.0,79.0,49.5,0.08306193806193801,4,1
random,100,15,73,72.0,87.0,80.0,78.0,84.0,84.0,73.0,49.5,0.08306193806193801,4,1
random,100,15,74,6.0,1.0,4.0,4.0,4.0,4.0,7.0,49.5,0.08306193806193801,4,1
random,100,15,75,92.0,95.0,91.0,91.0,95.0,95.0,94.0,49.5,0.08306193806193801,4,1
random,100,15,76,99.0,97.0,99.0,99.0,98.0,98.0,99.0,49.5,0.08306193806193801,4,1
random,100,15,77,48.0,45.0,58.0,59.0,45.0,45.0,53.0,49.5,0.08306193806193801,4,1
random,100,15,78,29.0,42.0,35.0,34.0,41.0,41.0,33.0,49.5,0.08306193806193801,4,1
random,100,15,79,83.0,78.0,82.0,80.0,82.0,82.0,88.0,49.5,0.08306193806193801,4,1
random,100,15,80,92.0,89.0,98.0,98.0,90.0,90.0,98.0,49.5,0.08306193806193801,4,1
random,100,15,81,9.0,15.0,10.0,9.0,14.0,14.0,11.0,49.5,0.08306193806193801,4,1
random,100,15,82,29.0,34.0,41.0,40.0,38.0,38.0,40.0,49.5,0.08306193806193801,4,1
random,100,15,83,57.0,70.0,49.0,48.0,69.0,69.0,57.0,49.5,0.08306193806193801,4,1
random,100,15,84,57.0,47.0,66.0,66.0,52.0,52.0,70.0,49.5,0.08306193806193801,4,1
random,100,15,85,83.0,78.0,89.0,90.0,82.0,82.0,91.0,49.5,0.08306193806193801,4,1
random,100,15,86,92.0,97.0,93.0,93.0,97.0,97.0,93.0,49.5,0.08306193806193801,4,1
random,100,15,87,17.0,34.0,29.0,31.0,29.0,29.0,22.0,49.5,0.08306193806193801,4,1
random,100,15,88,57.0,62.0,78.0,82.0,63.0,63.0,72.0,49.5,0.08306193806193801,4,1
random,100,15,89,48.0,47.0,79.0,83.0,45.0,45.0,56.0,49.5,0.08306193806193801,4,1
random,100,15,90,72.0,73.0,85.0,84.0,75.0,75.0,82.0,49.5,0.08306193806193801,4,1
random,100,15,91,72.0,73.0,84.0,85.0,75.0,75.0,81.0,49.5,0.08306193806193801,4,1
random,100,15,92,57.0,62.0,70.0,70.0,63.0,63.0,69.0,49.5,0.08306193806193801,4,1
random,100,15,93,29.0,28.0,26.0,25.0,34.0,34.0,32.0,49.5,0.08306193806193801,4,1
random,100,15,94,57.0,66.0,56.0,55.0,65.0,65.0,61.0,49.5,0.08306193806193801,4,1
random,100,15,95,1.0,2.0,2.0,2.0,1.0,1.0,3.0,49.5,0.08306193806193801,4,1
random,100,15,96,57.0,72.0,53.0,53.0,72.0,72.0,58.0,49.5,0.08306193806193801,4,1
random,100,15,97,17.0,9.0,19.0,19.0,13.0,13.0,27.0,49.5,0.08306193806193801,4,1
random,100,15,98,1.0,4.0,6.0,7.0,3.0,3.0,4.0,49.5,0.08306193806193801,4,1
random,100,15,99,29.0,34.0,42.0,42.0,38.0,38.0,41.0,49.5,0.08306193806193801,4,1
random,100,16,0,27.0,30.0,36.0,40.0,30.0,30.0,39.0,49.5,0.06406443556443554,3,1
random,100,16,1,40.0,55.0,59.0,59.0,53.0,53.0,45.0,49.5,0.06406443556443554,3,1
random,100,16,2,40.0,50.0,54.0,55.0,52.0,52.0,48.0,49.5,0.06406443556443554,3,1
random,100,16,3,84.0,86.0,86.0,85.0,90.0,90.0,85.0,49.5,0.06406443556443554,3,1
random,100,16,4,94.0,94.0,96.0,96.0,94.0,94.0,96.0,49.5,0.06406443556443554,3,1
random,100,16,5,58.0,55.0,55.0,52.0,62.0,62.0,63.0,49.5,0.06406443556443554,3,1
random,100,16,6,27.0,49.0,41.0,41.0,44.0,44.0,32.0,49.5,0.06406443556443554,3,1
random,100,16,7,40.0,55.0,67.0,68.0,53.0,53.0,57.0,49.5,0.06406443556443554,3,1
random,100,16,8,58.0,50.0,57.0,58.0,58.0,58.0,64.0,49.5,0.06406443556443554,3,1
random,100,16,9,11.0,10.0,16.0,18.0,9.0,9.0,14.0,49.5,0.06406443556443554,3,1
random,100,16,10,58.0,39.0,68.0,67.0,47.0,47.0,67.0,49.5,0.06406443556443554,3,1
random,100,16,11,58.0,67.0,73.0,74.0,66.0,66.0,68.0,49.5,0.06406443556443554,3,1
random,100,16,12,58.0,71.0,51.0,49.0,68.0,68.0,61.0,49.5,0.06406443556443554,3,1
random,100,16,13,58.0,77.0,49.0,48.0,75.0,75.0,60.0,49.5,0.06406443556443554,3,1
random,100,16,14,17.0,14.0,17.0,15.0,16.0,16.0,22.0,49.5,0.06406443556443554,3,1
random,100,16,15,71.0,91.0,72.0,72.0,90.0,90.0,72.0,49.5,0.06406443556443554,3,1
random,100,16,16,40.0,26.0,56.0,57.0,31.0,31.0,56.0,49.5,0.06406443556443554,3,1
random,100,16,17,94.0,97.0,95.0,95.0,97.0,97.0,95.0,49.5,0.06406443556443554,3,1
random,100,16,18,6.0,5.0,11.0,12.0,6.0,6.0,8.0,49.5,0.06406443556443554,3,1
random,100,16,19,27.0,32.0,42.0,43.0,32.0,32.0,33.0,49.5,0.06406443556443554,3,1
random,100,16,20,84.0,86.0,94.0,94.0,87.0,87.0,90.0,49.5,0.06406443556443554,3,1
random,100,16,21,6.0,15.0,7.0,8.0,14.0,14.0,7.0,49.5,0.06406443556443554,3,1
random,100,16,22,17.0,30.0,22.0,23.0,26.0,26.0,18.0,49.5,0.06406443556443554,3,1
random,100,16,23,84.0,74.0,87.0,87.0,79.0,79.0,89.0,49.5,0.06406443556443554,3,1
random,100,16,24,40.0,38.0,48.0,50.0,42.0,42.0,46.0,49.5,0.06406443556443554,3,1
random,100,16,25,1.0,1.0,4.0,4.0,1.0,1.0,2.0,49.5,0.06406443556443554,3,1
random,100,16,26,71.0,76.0,70.0,70.0,78.0,78.0,74.0,49.5,0.06406443556443554,3,1
random,100,16,27,84.0,96.0,88.0,88.0,96.0,96.0,84.0,49.5,0.06406443556443554,3,1
random,100,16,28,71.0,66.0,74.0,73.0,67.0,67.0,81.0,49.5,0.06406443556443554,3,1
random,100,16,29,40.0,45.0,47.0,45.0,46.0,46.0,42.0,49.5,0.06406443556443554,3,1
random,100,16,30,17.0,9.0,25.0,25.0,9.0,10.0,26.0,49.5,0.06406443556443554,3,1
random,100,16,31,11.0,20.0,12.0,11.0,18.0,18.0,11.0,49.5,0.06406443556443554,3,1
random,100,16,32,40.0,23.0,37.0,37.0,29.0,29.0,44.0,49.5,0.06406443556443554,3,1
random,100,16,33,40.0,50.0,50.0,51.0,53.0,53.0,47.0,49.5,0.06406443556443554,3,1
random,100,16,34,94.0,83.0,98.0,98.0,86.0,86.0,98.0,49.5,0.06406443556443554,3,1
random,100,16,35,40.0,61.0,34.0,35.0,58.0,58.0,41.0,49.5,0.06406443556443554,3,1
random,100,16,36,40.0,48.0,53.0,53.0,47.0,47.0,49.0,49.5,0.06406443556443554,3,1
random,100,16,37,40.0,26.0,44.0,44.0,34.0,34.0,50.0,49.5,0.06406443556443554,3,1
random,100,16,38,4.0,3.0,3.0,3.0,3.0,3.0,5.0,49.5,0.06406443556443554,3,1
random,100,16,39,40.0,61.0,60.0,61.0,56.0,56.0,51.0,49.5,0.06406443556443554,3,1
random,100,16,40,71.0,71.0,63.0,63.0,72.0,72.0,73.0,49.5,0.06406443556443554,3,1
random,100,16,41,58.0,55.0,85.0,86.0,63.0,63.0,70.0,49.5,0.06406443556443554,3,1
random,100,16,42,27.0,22.0,39.0,38.0,25.0,25.0,38.0,49.5,0.06406443556443554,3,1
random,100,16,43,27.0,36.0,31.0,31.0,35.0,35.0,34.0,49.5,0.06406443556443554,3,1
random,100,16,44,94.0,98.0,93.0,93.0,98.0,98.0,94.0,49.5,0.06406443556443554,3,1
random,100,16,45,27.0,32.0,38.0,39.0,32.0,32.0,31.0,49.5,0.06406443556443554,3,1
random,100,16,46,17.0,23.0,10.0,10.0,22.0,22.0,17.0,49.5,0.06406443556443554,3,1
random,100,16,47,71.0,77.0,71.0,71.0,80.0,80.0,76.0,49.5,0.06406443556443554,3,1
random,100,16,48,17.0,32.0,18.0,20.0,27.0,27.0,21.0,49.5,0.06406443556443554,3,1
random,100,16,49,6.0,12.0,5.0,5.0,12.0,12.0,6.0,49.5,0.06406443556443554,3,1
random,100,16,50,27.0,39.0,27.0,26.0,38.0,38.0,29.0,49.5,0.06406443556443554,3,1
random,100,16,51,71.0,71.0,77.0,76.0,71.0,71.0,79.0,49.5,0.06406443556443554,3,1
random,100,16,52,71.0,61.0,75.0,75.0,65.0,65.0,83.0,49.5,0.06406443556443554,3,1
random,100,16,53,40.0,32.0,52.0,54.0,36.0,36.0,53.0,49.5,0.06406443556443554,3,1
random,100,16,54,27.0,39.0,23.0,24.0,40.0,40.0,28.0,49.5,0.06406443556443554,3,1
random,100,16,55,17.0,17.0,24.0,22.0,19.0,19.0,24.0,49.5,0.06406443556443554,3,1
random,100,16,56,27.0,50.0,21.0,17.0,50.0,50.0,27.0,49.5,0.06406443556443554,3,1
random,100,16,57,84.0,84.0,90.0,91.0,83.0,83.0,92.0,49.5,0.06406443556443554,3,1
random,100,16,58,58.0,80.0,78.0,79.0,77.0,77.0,66.0,49.5,0.06406443556443554,3,1
random,100,16,59,71.0,80.0,79.0,77.0,81.0,81.0,77.0,49.5,0.06406443556443554,3,1
random,100,16,60,84.0,77.0,91.0,90.0,82.0,82.0,93.0,49.5,0.06406443556443554,3,1
random,100,16,61,84.0,95.0,83.0,83.0,94.0,94.0,86.0,49.5,0.06406443556443554,3,1
random,100,16,62,58.0,80.0,64.0,64.0,75.0,75.0,62.0,49.5,0.06406443556443554,3,1
random,100,16,63,71.0,68.0,81.0,82.0,69.0,69.0,82.0,49.5,0.06406443556443554,3,1
random,100,16,64,84.0,89.0,92.0,92.0,92.0,92.0,88.0,49.5,0.06406443556443554,3,1
random,100,16,65,40.0,55.0,66.0,65.0,57.0,57.0,54.0,49.5,0.06406443556443554,3,1
random,100,16,66,4.0,4.0,1.0,1.0,5.0,5.0,4.0,49.5,0.06406443556443554,3,1
random,100,16,67,17.0,45.0,28.0,28.0,37.0,37.0,20.0,49.5,0.06406443556443554,3,1
random,100,16,68,40.0,39.0,65.0,66.0,44.0,44.0,55.0,49.5,0.06406443556443554,3,1
random,100,16,69,17.0,23.0,20.0,19.0,23.0,23.0,19.0,49.5,0.06406443556443554,3,1
random,100,16,70,40.0,36.0,45.0,46.0,38.0,38.0,52.0,49.5,0.06406443556443554,3,1
random,100,16,71,58.0,65.0,62.0,62.0,64.0,64.0,65.0,49.5,0.06406443556443554,3,1
random,100,16,72,11.0,8.0,8.0,7.0,8.0,8.0,12.0,49.5,0.06406443556443554,3,1
random,100,16,73,71.0,68.0,76.0,78.0,70.0,70.0,80.0,49.5,0.06406443556443554,3,1
random,100,16,74,71.0,86.0,61.0,60.0,84.0,84.0,71.0,49.5,0.06406443556443554,3,1
random,100,16,75,1.0,5.0,2.0,2.0,4.0,4.0,1.0,49.5,0.06406443556443554,3,1
random,100,16,76,84.0,85.0,84.0,84.0,85.0,85.0,87.0,49.5,0.06406443556443554,3,1
random,100,16,77,27.0,17.0,29.0,29.0,21.0,21.0,37.0,49.5,0.06406443556443554,3,1
random,100,16,78,6.0,5.0,13.0,13.0,6.0,6.0,10.0,49.5,0.06406443556443554,3,1
random,100,16,79,27.0,55.0,33.0,33.0,51.0,51.0,30.0,49.5,0.06406443556443554,3,1
random,100,16,80,71.0,91.0,80.0,80.0,88.0,88.0,75.0,49.5,0.06406443556443554,3,1
random,100,16,81,17.0,17.0,26.0,27.0,19.0,19.0,23.0,49.5,0.06406443556443554,3,1
random,100,16,82,58.0,39.0,69.0,69.0,47.0,47.0,69.0,49.5,0.06406443556443554,3,1
random,100,16,83,27.0,26.0,40.0,36.0,28.0,28.0,35.0,49.5,0.06406443556443554,3,1
random,100,16,84,58.0,50.0,32.0,32.0,60.0,60.0,59.0,49.5,0.06406443556443554,3,1
random,100,16,85,99.0,99.0,99.0,99.0,100.0,100.0,99.0,49.5,0.06406443556443554,3,1
random,100,16,86,40.0,39.0,43.0,42.0,43.0,43.0,43.0,49.5,0.06406443556443554,3,1
random,100,16,87,1.0,2.0,6.0,6.0,2.0,2.0,3.0,49.5,0.06406443556443554,3,1
random,100,16,88,17.0,26.0,30.0,30.0,24.0,24.0,25.0,49.5,0.06406443556443554,3,1
random,100,16,89,94.0,90.0,97.0,97.0,93.0,93.0,97.0,49.5,0.06406443556443554,3,1
random,100,16,90,11.0,20.0,19.0,21.0,17.0,17.0,15.0,49.5,0.06406443556443554,3,1
random,100,16,91,71.0,91.0,82.0,81.0,88.0,88.0,78.0,49.5,0.06406443556443554,3,1
random,100,16,92,40.0,64.0,35.0,34.0,60.0,60.0,40.0,49.5,0.06406443556443554,3,1
random,100,16,93,58.0,74.0,58.0,56.0,72.0,72.0,58.0,49.5,0.06406443556443554,3,1
random,100,16,94,84.0,68.0,89.0,89.0,74.0,74.0,91.0,49.5,0.06406443556443554,3,1
random,100,16,95,11.0,11.0,15.0,16.0,13.0,13.0,16.0,49.5,0.06406443556443554,3,1
random,100,16,96,11.0,15.0,9.0,9.0,15.0,15.0,13.0,49.5,0.06406443556443554,3,1
random,100,16,97,6.0,12.0,14.0,14.0,11.0,11.0,9.0,49.5,0.06406443556443554,3,1
random,100,16,98,27.0,45.0,46.0,47.0,41.0,41.0,36.0,49.5,0.06406443556443554,3,1
random,100,16,99,99.0,99.0,100.0,100.0,99.0,99.0,100.0,49.5,0.06406443556443554,3,1
