random,100,17,0,28.0,41.0,51.0,49.0,39.0,39.0,43.0,49.5,0.0773365523365523,4,1
random,100,17,1,44.0,41.0,55.0,57.0,44.0,44.0,55.0,49.5,0.0773365523365523,4,1
random,100,17,2,28.0,58.0,32.0,31.0,55.0,55.0,30.0,49.5,0.0773365523365523,4,1
random,100,17,3,15.0,29.0,25.0,23.0,28.0,28.0,21.0,49.5,0.0773365523365523,4,1
random,100,17,4,58.0,70.0,56.0,54.0,70.0,70.0,58.0,49.5,0.0773365523365523,4,1
random,100,17,5,44.0,43.0,41.0,37.0,46.0,46.0,49.0,49.5,0.0773365523365523,4,1
random,100,17,6,44.0,58.0,53.0,53.0,59.0,59.0,48.0,49.5,0.0773365523365523,4,1
random,100,17,7,58.0,66.0,68.0,69.0,68.0,68.0,62.0,49.5,0.0773365523365523,4,1
random,100,17,8,28.0,26.0,44.0,44.0,30.0,30.0,41.0,49.5,0.0773365523365523,4,1
random,100,17,9,58.0,49.0,77.0,78.0,56.0,56.0,72.0,49.5,0.0773365523365523,4,1
random,100,17,10,44.0,58.0,48.0,47.0,57.0,57.0,47.0,49.5,0.0773365523365523,4,1
random,100,17,11,87.0,96.0,83.0,82.0,96.0,96.0,87.0,49.5,0.0773365523365523,4,1
random,100,17,12,87.0,81.0,84.0,85.0,85.0,85.0,90.0,49.5,0.0773365523365523,4,1
random,100,17,13,99.0,99.0,99.0,99.0,99.0,99.0,99.0,49.5,0.0773365523365523,4,1
random,100,17,14,73.0,79.0,90.0,90.0,78.0,78.0,85.0,49.5,0.0773365523365523,4,1
random,100,17,15,94.0,97.0,94.0,94.0,97.0,97.0,94.0,49.5,0.0773365523365523,4,1
random,100,17,16,73.0,85.0,78.0,77.0,83.0,83.0,76.0,49.5,0.0773365523365523,4,1
random,100,17,17,73.0,86.0,59.0,58.0,86.0,86.0,73.0,49.5,0.0773365523365523,4,1
random,100,17,18,10.0,23.0,3.0,1.0,17.0,17.0,10.0,49.5,0.0773365523365523,4,1
random,100,17,19,58.0,64.0,72.0,73.0,63.0,63.0,67.0,49.5,0.0773365523365523,4,1
random,100,17,20,28.0,34.0,20.0,20.0,34.0,34.0,32.0,49.5,0.0773365523365523,4,1
random,100,17,21,73.0,75.0,61.0,62.0,76.0,76.0,75.0,49.5,0.0773365523365523,4,1
random,100,17,22,15.0,24.0,17.0,18.0,21.0,21.0,16.0,49.5,0.0773365523365523,4,1
random,100,17,23,73.0,86.0,63.0,61.0,88.0,88.0,74.0,49.5,0.0773365523365523,4,1
random,100,17,24,15.0,13.0,11.0,10.0,14.0,14.0,15.0,49.5,0.0773365523365523,4,1
random,100,17,25,87.0,91.0,86.0,83.0,91.0,91.0,89.0,49.5,0.0773365523365523,4,1
random,100,17,26,15.0,29.0,29.0,26.0,28.0,28.0,20.0,49.5,0.0773365523365523,4,1
random,100,17,27,94.0,90.0,98.0,98.0,92.0,92.0,97.0,49.5,0.0773365523365523,4,1
random,100,17,28,44.0,52.0,45.0,45.0,52.0,52.0,50.0,49.5,0.0773365523365523,4,1
random,100,17,29,44.0,29.0,43.0,42.0,40.0,40.0,56.0,49.5,0.0773365523365523,4,1
random,100,17,30,58.0,66.0,71.0,71.0,66.0,66.0,60.0,49.5,0.0773365523365523,4,1
random,100,17,31,94.0,92.0,96.0,95.0,93.0,93.0,98.0,49.5,0.0773365523365523,4,1
random,100,17,32,15.0,14.0,24.0,25.0,15.0,15.0,24.0,49.5,0.0773365523365523,4,1
random,100,17,33,3.0,5.0,4.0,3.0,5.0,5.0,4.0,49.5,0.0773365523365523,4,1
random,100,17,34,73.0,79.0,87.0,87.0,81.0,81.0,83.0,49.5,0.0773365523365523,4,1
random,100,17,35,15.0,43.0,42.0,43.0,32.0,32.0,26.0,49.5,0.0773365523365523,4,1
random,100,17,36,28.0,34.0,35.0,35.0,36.0,36.0,39.0,49.5,0.0773365523365523,4,1
random,100,17,37,3.0,6.0,9.0,9.0,7.0,7.0,9.0,49.5,0.0773365523365523,4,1
random,100,17,38,73.0,84.0,80.0,80.0,80.0,80.0,82.0,49.5,0.0773365523365523,4,1
random,100,17,39,87.0,98.0,95.0,96.0,98.0,98.0,88.0,49.5,0.0773365523365523,4,1
random,100,17,40,94.0,94.0,97.0,97.0,94.0,94.0,96.0,49.5,0.0773365523365523,4,1
random,100,17,41,1.0,2.0,2.0,4.0,1.0,1.0,2.0,49.5,0.0773365523365523,4,1
random,100,17,42,44.0,58.0,58.0,56.0,57.0,57.0,45.0,49.5,0.0773365523365523,4,1
random,100,17,43,58.0,56.0,74.0,74.0,60.0,60.0,68.0,49.5,0.0773365523365523,4,1
random,100,17,44,58.0,56.0,69.0,68.0,60.0,60.0,69.0,49.5,0.0773365523365523,4,1
random,100,17,45,15.0,21.0,13.0,14.0,20.0,20.0,17.0,49.5,0.0773365523365523,4,1
random,100,17,46,28.0,17.0,30.0,30.0,21.0,21.0,36.0,49.5,0.0773365523365523,4,1
random,100,17,47,28.0,34.0,21.0,21.0,36.0,36.0,31.0,49.5,0.0773365523365523,4,1
random,100,17,48,3.0,12.0,8.0,7.0,9.0,9.0,3.0,49.5,0.0773365523365523,4,1
random,100,17,49,28.0,54.0,46.0,46.0,50.0,50.0,34.0,49.5,0.0773365523365523,4,1
random,100,17,50,28.0,29.0,34.0,32.0,32.0,32.0,37.0,49.5,0.0773365523365523,4,1
random,100,17,51,28.0,28.0,18.0,16.0,31.0,31.0,29.0,49.5,0.0773365523365523,4,1
random,100,17,52,1.0,6.0,5.0,5.0,6.0,6.0,1.0,49.5,0.0773365523365523,4,1
random,100,17,53,10.0,8.0,12.0,12.0,8.0,8.0,11.0,49.5,0.0773365523365523,4,1
random,100,17,54,28.0,34.0,52.0,52.0,34.0,34.0,42.0,49.5,0.0773365523365523,4,1
random,100,17,55,44.0,43.0,50.0,50.0,48.0,48.0,51.0,49.5,0.0773365523365523,4,1
random,100,17,56,28.0,34.0,28.0,27.0,36.0,36.0,33.0,49.5,0.0773365523365523,4,1
random,100,17,57,44.0,34.0,37.0,41.0,42.0,42.0,46.0,49.5,0.0773365523365523,4,1
random,100,17,58,28.0,49.0,39.0,36.0,47.0,47.0,38.0,49.5,0.0773365523365523,4,1
random,100,17,59,3.0,3.0,6.0,6.0,3.0,3.0,6.0,49.5,0.0773365523365523,4,1
random,100,17,60,58.0,64.0,62.0,63.0,65.0,65.0,63.0,49.5,0.0773365523365523,4,1
random,100,17,61,15.0,17.0,22.0,22.0,18.0,18.0,22.0,49.5,0.0773365523365523,4,1
random,100,17,62,58.0,68.0,65.0,67.0,69.0,69.0,64.0,49.5,0.0773365523365523,4,1
random,100,17,63,15.0,24.0,36.0,39.0,23.0,23.0,27.0,49.5,0.0773365523365523,4,1
random,100,17,64,100.0,100.0,100.0,100.0,100.0,100.0,100.0,49.5,0.0773365523365523,4,1
random,100,17,65,87.0,89.0,91.0,91.0,89.0,89.0,93.0,49.5,0.0773365523365523,4,1
random,100,17,66,15.0,14.0,19.0,19.0,16.0,16.0,18.0,49.5,0.0773365523365523,4,1
random,100,17,67,3.0,14.0,10.0,11.0,13.0,13.0,8.0,49.5,0.0773365523365523,4,1
random,100,17,68,28.0,21.0,33.0,33.0,24.0,24.0,40.0,49.5,0.0773365523365523,4,1
random,100,17,69,28.0,48.0,38.0,40.0,45.0,45.0,35.0,49.5,0.0773365523365523,4,1
random,100,17,70,87.0,70.0,85.0,81.0,76.0,76.0,91.0,49.5,0.0773365523365523,4,1
random,100,17,71,44.0,34.0,49.0,51.0,42.0,42.0,54.0,49.5,0.0773365523365523,4,1
random,100,17,72,44.0,49.0,40.0,38.0,51.0,51.0,44.0,49.5,0.0773365523365523,4,1
random,100,17,73,73.0,92.0,88.0,89.0,90.0,90.0,79.0,49.5,0.0773365523365523,4,1
random,100,17,74,15.0,17.0,31.0,34.0,18.0,18.0,25.0,49.5,0.0773365523365523,4,1
random,100,17,75,3.0,4.0,7.0,8.0,4.0,4.0,7.0,49.5,0.0773365523365523,4,1
random,100,17,76,94.0,95.0,92.0,92.0,95.0,95.0,95.0,49.5,0.0773365523365523,4,1
random,100,17,77,44.0,17.0,47.0,48.0,26.0,26.0,57.0,49.5,0.0773365523365523,4,1
random,100,17,78,15.0,29.0,27.0,28.0,27.0,27.0,19.0,49.5,0.0773365523365523,4,1
random,100,17,79,58.0,68.0,73.0,72.0,66.0,66.0,66.0,49.5,0.0773365523365523,4,1
random,100,17,80,44.0,52.0,57.0,59.0,52.0,52.0,52.0,49.5,0.0773365523365523,4,1
random,100,17,81,10.0,10.0,15.0,15.0,11.0,11.0,13.0,49.5,0.0773365523365523,4,1
random,100,17,82,73.0,81.0,76.0,75.0,81.0,81.0,81.0,49.5,0.0773365523365523,4,1
random,100,17,83,58.0,63.0,67.0,65.0,63.0,63.0,65.0,49.5,0.0773365523365523,4,1
random,100,17,84,73.0,72.0,93.0,93.0,73.0,73.0,86.0,49.5,0.0773365523365523,4,1
random,100,17,85,10.0,9.0,26.0,29.0,10.0,10.0,14.0,49.5,0.0773365523365523,4,1
random,100,17,86,44.0,54.0,54.0,55.0,52.0,52.0,53.0,49.5,0.0773365523365523,4,1
random,100,17,87,58.0,72.0,70.0,70.0,71.0,71.0,59.0,49.5,0.0773365523365523,4,1
random,100,17,88,73.0,88.0,79.0,79.0,86.0,86.0,78.0,49.5,0.0773365523365523,4,1
random,100,17,89,58.0,43.0,64.0,64.0,49.0,49.0,70.0,49.5,0.0773365523365523,4,1
random,100,17,90,28.0,43.0,16.0,17.0,41.0,41.0,28.0,49.5,0.0773365523365523,4,1
random,100,17,91,58.0,58.0,75.0,76.0,62.0,62.0,71.0,49.5,0.0773365523365523,4,1
random,100,17,92,73.0,78.0,60.0,60.0,79.0,79.0,77.0,49.5,0.0773365523365523,4,1
random,100,17,93,3.0,1.0,1.0,2.0,2.0,2.0,5.0,49.5,0.0773365523365523,4,1
random,100,17,94,73.0,72.0,81.0,86.0,73.0,73.0,84.0,49.5,0.0773365523365523,4,1
random,100,17,95,73.0,75.0,82.0,84.0,75.0,75.0,80.0,49.5,0.0773365523365523,4,1
random,100,17,96,15.0,26.0,23.0,24.0,25.0,25.0,23.0,49.5,0.0773365523365523,4,1
random,100,17,97,87.0,81.0,89.0,88.0,83.0,83.0,92.0,49.5,0.0773365523365523,4,1
random,100,17,98,58.0,75.0,66.0,66.0,72.0,72.0,61.0,49.5,0.0773365523365523,4,1
random,100,17,99,10.0,10.0,14.0,13.0,11.0,11.0,12.0,49.5,0.0773365523365523,4,1
random,100,18,0,2.0,2.0,2.0,2.0,3.0,3.0,2.0,49.5,0.0818783161283161,4,1
random,100,18,1,40.0,62.0,51.0,52.0,57.0,57.0,42.0,49.5,0.0818783161283161,4,1
random,100,18,2,93.0,90.0,93.0,93.0,91.0,91.0,96.0,49.5,0.0818783161283161,4,1
random,100,18,3,28.0,30.0,41.0,41.0,30.0,30.0,38.0,49.5,0.0818783161283161,4,1
random,100,18,4,11.0,21.0,9.0,9.0,22.0,22.0,11.0,49.5,0.0818783161283161,4,1
random,100,18,5,11.0,32.0,13.0,13.0,25.0,25.0,12.0,49.5,0.0818783161283161,4,1
random,100,18,6,4.0,10.0,6.0,6.0,7.0,7.0,4.0,49.5,0.0818783161283161,4,1
random,100,18,7,86.0,75.0,92.0,92.0,81.0,81.0,92.0,49.5,0.0818783161283161,4,1
random,100,18,8,93.0,94.0,50.0,50.0,95.0,95.0,93.0,49.5,0.0818783161283161,4,1
random,100,18,9,28.0,30.0,42.0,40.0,31.0,31.0,37.0,49.5,0.0818783161283161,4,1
random,100,18,10,57.0,58.0,72.0,74.0,58.0,58.0,63.0,49.5,0.0818783161283161,4,1
random,100,18,11,40.0,44.0,58.0,58.0,45.0,45.0,54.0,49.5,0.0818783161283161,4,1
random,100,18,12,86.0,84.0,90.0,91.0,85.0,85.0,89.0,49.5,0.0818783161283161,4,1
random,100,18,13,99.0,99.0,99.0,99.0,99.0,99.0,99.0,49.5,0.0818783161283161,4,1
random,100,18,14,21.0,15.0,20.0,18.0,16.0,16.0,24.0,49.5,0.0818783161283161,4,1
random,100,18,15,7.0,8.0,8.0,8.0,8.0,8.0,8.0,49.5,0.0818783161283161,4,1
random,100,18,16,21.0,21.0,27.0,27.0,24.0,24.0,27.0,49.5,0.0818783161283161,4,1
random,100,18,17,21.0,13.0,21.0,21.0,15.0,15.0,25.0,49.5,0.0818783161283161,4,1
random,100,18,18,2.0,1.0,3.0,3.0,1.0,1.0,3.0,49.5,0.0818783161283161,4,1
random,100,18,19,11.0,6.0,24.0,24.0,10.0,10.0,17.0,49.5,0.0818783161283161,4,1
random,100,18,20,11.0,4.0,23.0,23.0,5.0,5.0,20.0,49.5,0.0818783161283161,4,1
random,100,18,21,7.0,4.0,4.0,4.0,4.0,4.0,7.0,49.5,0.0818783161283161,4,1
random,100,18,22,40.0,45.0,55.0,55.0,48.0,48.0,45.0,49.5,0.0818783161283161,4,1
random,100,18,23,11.0,18.0,14.0,16.0,18.0,18.0,15.0,49.5,0.0818783161283161,4,1
random,100,18,24,28.0,36.0,39.0,42.0,38.0,38.0,36.0,49.5,0.0818783161283161,4,1
random,100,18,25,86.0,77.0,79.0,79.0,80.0,80.0,90.0,49.5,0.0818783161283161,4,1
random,100,18,26,5.0,16.0,7.0,7.0,12.0,12.0,5.0,49.5,0.0818783161283161,4,1
random,100,18,27,63.0,75.0,81.0,81.0,76.0,76.0,75.0,49.5,0.0818783161283161,4,1
random,100,18,28,86.0,79.0,73.0,72.0,83.0,83.0,88.0,49.5,0.0818783161283161,4,1
random,100,18,29,40.0,32.0,53.0,53.0,37.0,37.0,53.0,49.5,0.0818783161283161,4,1
random,100,18,30,28.0,35.0,43.0,44.0,36.0,36.0,35.0,49.5,0.0818783161283161,4,1
random,100,18,31,57.0,36.0,66.0,66.0,44.0,44.0,62.0,49.5,0.0818783161283161,4,1
random,100,18,32,1.0,2.0,1.0,1.0,2.0,2.0,1.0,49.5,0.0818783161283161,4,1
random,100,18,33,63.0,58.0,85.0,85.0,62.0,62.0,83.0,49.5,0.0818783161283161,4,1
random,100,18,34,63.0,62.0,56.0,57.0,65.0,65.0,68.0,49.5,0.0818783161283161,4,1
random,100,18,35,28.0,13.0,15.0,14.0,20.0,20.0,30.0,49.5,0.0818783161283161,4,1
random,100,18,36,63.0,67.0,83.0,82.0,70.0,70.0,73.0,49.5,0.0818783161283161,4,1
random,100,18,37,21.0,18.0,25.0,25.0,23.0,23.0,26.0,49.5,0.0818783161283161,4,1
random,100,18,38,28.0,28.0,29.0,28.0,28.0,28.0,32.0,49.5,0.0818783161283161,4,1
random,100,18,39,63.0,62.0,76.0,77.0,65.0,65.0,79.0,49.5,0.0818783161283161,4,1
random,100,18,40,63.0,85.0,63.0,59.0,84.0,84.0,65.0,49.5,0.0818783161283161,4,1
random,100,18,41,40.0,48.0,34.0,33.0,49.0,49.0,43.0,49.5,0.0818783161283161,4,1
random,100,18,42,11.0,11.0,26.0,26.0,13.0,13.0,19.0,49.5,0.0818783161283161,4,1
random,100,18,43,40.0,41.0,52.0,51.0,42.0,42.0,48.0,49.5,0.0818783161283161,4,1
random,100,18,44,28.0,21.0,33.0,35.0,26.0,26.0,34.0,49.5,0.0818783161283161,4,1
random,100,18,45,63.0,72.0,82.0,83.0,74.0,74.0,80.0,49.5,0.0818783161283161,4,1
random,100,18,46,63.0,83.0,89.0,89.0,82.0,82.0,76.0,49.5,0.0818783161283161,4,1
random,100,18,47,40.0,52.0,60.0,63.0,49.0,49.0,52.0,49.5,0.0818783161283161,4,1
random,100,18,48,28.0,41.0,19.0,20.0,39.0,39.0,28.0,49.5,0.0818783161283161,4,1
random,100,18,49,93.0,92.0,95.0,95.0,93.0,93.0,95.0,49.5,0.0818783161283161,4,1
random,100,18,50,57.0,54.0,68.0,68.0,56.0,56.0,61.0,49.5,0.0818783161283161,4,1
random,100,18,51,99.0,100.0,100.0,100.0,100.0,100.0,100.0,49.5,0.0818783161283161,4,1
random,100,18,52,28.0,32.0,36.0,37.0,33.0,33.0,33.0,49.5,0.0818783161283161,4,1
random,100,18,53,57.0,58.0,48.0,48.0,60.0,60.0,59.0,49.5,0.0818783161283161,4,1
random,100,18,54,11.0,16.0,22.0,22.0,14.0,14.0,16.0,49.5,0.0818783161283161,4,1
random,100,18,55,57.0,77.0,54.0,54.0,73.0,73.0,58.0,49.5,0.0818783161283161,4,1
random,100,18,56,93.0,97.0,96.0,96.0,97.0,97.0,94.0,49.5,0.0818783161283161,4,1
random,100,18,57,63.0,56.0,87.0,87.0,59.0,59.0,84.0,49.5,0.0818783161283161,4,1
random,100,18,58,40.0,48.0,49.0,49.0,52.0,52.0,46.0,49.5,0.0818783161283161,4,1
random,100,18,59,63.0,81.0,77.0,76.0,78.0,78.0,78.0,49.5,0.0818783161283161,4,1
random,100,18,60,21.0,36.0,30.0,30.0,35.0,35.0,23.0,49.5,0.0818783161283161,4,1
random,100,18,61,11.0,18.0,28.0,29.0,16.0,16.0,18.0,49.5,0.0818783161283161,4,1
random,100,18,62,11.0,21.0,12.0,12.0,19.0,19.0,13.0,49.5,0.0818783161283161,4,1
random,100,18,63,63.0,91.0,69.0,69.0,89.0,89.0,64.0,49.5,0.0818783161283161,4,1
random,100,18,64,86.0,96.0,91.0,90.0,96.0,96.0,87.0,49.5,0.0818783161283161,4,1
random,100,18,65,40.0,36.0,38.0,38.0,40.0,40.0,49.0,49.5,0.0818783161283161,4,1
random,100,18,66,28.0,28.0,44.0,43.0,28.0,28.0,39.0,49.5,0.0818783161283161,4,1
random,100,18,67,40.0,52.0,37.0,34.0,52.0,52.0,40.0,49.5,0.0818783161283161,4,1
random,100,18,68,57.0,65.0,57.0,56.0,63.0,63.0,60.0,49.5,0.0818783161283161,4,1
random,100,18,69,7.0,8.0,10.0,10.0,8.0,8.0,9.0,49.5,0.0818783161283161,4,1
random,100,18,70,63.0,81.0,80.0,80.0,78.0,78.0,71.0,49.5,0.0818783161283161,4,1
random,100,18,71,28.0,26.0,32.0,32.0,27.0,27.0,31.0,49.5,0.0818783161283161,4,1
random,100,18,72,63.0,70.0,71.0,71.0,72.0,72.0,70.0,49.5,0.0818783161283161,4,1
random,100,18,73,63.0,79.0,64.0,61.0,77.0,77.0,66.0,49.5,0.0818783161283161,4,1
random,100,18,74,5.0,6.0,5.0,5.0,6.0,6.0,6.0,49.5,0.0818783161283161,4,1
random,100,18,75,63.0,92.0,17.0,15.0,92.0,92.0,57.0,49.5,0.0818783161283161,4,1
random,100,18,76,21.0,36.0,11.0,11.0,31.0,31.0,21.0,49.5,0.0818783161283161,4,1
random,100,18,77,40.0,43.0,40.0,39.0,43.0,43.0,47.0,49.5,0.0818783161283161,4,1
random,100,18,78,63.0,87.0,74.0,73.0,87.0,87.0,67.0,49.5,0.0818783161283161,4,1
random,100,18,79,40.0,56.0,47.0,47.0,55.0,55.0,44.0,49.5,0.0818783161283161,4,1
random,100,18,80,63.0,67.0,88.0,88.0,68.0,68.0,85.0,49.5,0.0818783161283161,4,1
random,100,18,81,98.0,98.0,98.0,97.0,98.0,98.0,98.0,49.5,0.0818783161283161,4,1
random,100,18,82,63.0,65.0,62.0,64.0,67.0,67.0,69.0,49.5,0.0818783161283161,4,1
random,100,18,83,86.0,95.0,94.0,94.0,94.0,94.0,91.0,49.5,0.0818783161283161,4,1
random,100,18,84,40.0,48.0,67.0,67.0,49.0,49.0,51.0,49.5,0.0818783161283161,4,1
random,100,18,85,40.0,54.0,65.0,65.0,54.0,54.0,50.0,49.5,0.0818783161283161,4,1
random,100,18,86,40.0,45.0,59.0,60.0,45.0,45.0,56.0,49.5,0.0818783161283161,4,1
random,100,18,87,86.0,87.0,46.0,46.0,90.0,90.0,86.0,49.5,0.0818783161283161,4,1
random,100,18,88,63.0,70.0,75.0,75.0,70.0,70.0,77.0,49.5,0.0818783161283161,4,1
random,100,18,89,63.0,58.0,70.0,70.0,61.0,61.0,81.0,49.5,0.0818783161283161,4,1
random,100,18,90,63.0,72.0,84.0,84.0,75.0,75.0,72.0,49.5,0.0818783161283161,4,1
random,100,18,91,28.0,48.0,35.0,36.0,45.0,45.0,29.0,49.5,0.0818783161283161,4,1
random,100,18,92,11.0,21.0,18.0,17.0,21.0,21.0,14.0,49.5,0.0818783161283161,4,1
random,100,18,93,93.0,85.0,97.0,98.0,88.0,88.0,97.0,49.5,0.0818783161283161,4,1
random,100,18,94,40.0,26.0,61.0,62.0,33.0,33.0,55.0,49.5,0.0818783161283161,4,1
random,100,18,95,21.0,45.0,31.0,31.0,41.0,41.0,22.0,49.5,0.0818783161283161,4,1
random,100,18,96,7.0,11.0,16.0,19.0,11.0,11.0,10.0,49.5,0.0818783161283161,4,1
random,100,18,97,63.0,67.0,78.0,78.0,68.0,68.0,82.0,49.5,0.0818783161283161,4,1
random,100,18,98,63.0,87.0,86.0,86.0,86.0,86.0,74.0,49.5,0.0818783161283161,4,1
random,100,18,99,40.0,72.0,45.0,45.0,64.0,64.0,41.0,49.5,0.0818783161283161,4,1
