random,200,19,0,12.0,13.0,13.0,12.0,14.0,14.0,15.0,99.5,0.04170598845598843,4,1
random,200,19,1,55.0,73.0,71.0,71.0,71.0,71.0,74.0,99.5,0.04170598845598843,4,1
random,200,19,2,170.0,177.0,179.0,179.0,181.0,181.0,174.0,99.5,0.04170598845598843,4,1
random,200,19,3,55.0,47.0,45.0,41.0,61.0,61.0,62.0,99.5,0.04170598845598843,4,1
random,200,19,4,83.0,93.0,92.0,89.0,94.0,94.0,92.0,99.5,0.04170598845598843,4,1
random,200,19,5,114.0,69.0,122.0,118.0,81.0,81.0,137.0,99.5,0.04170598845598843,4,1
random,200,19,6,143.0,159.0,133.0,129.0,160.0,160.0,146.0,99.5,0.04170598845598843,4,1
random,200,19,7,3.0,23.0,6.0,7.0,15.0,15.0,7.0,99.5,0.04170598845598843,4,1
random,200,19,8,83.0,79.0,104.0,106.0,84.0,84.0,109.0,99.5,0.04170598845598843,4,1
random,200,19,9,114.0,165.0,132.0,128.0,158.0,158.0,117.0,99.5,0.04170598845598843,4,1
random,200,19,10,114.0,79.0,130.0,136.0,95.0,95.0,141.0,99.5,0.04170598845598843,4,1
random,200,19,11,83.0,111.0,101.0,101.0,111.0,111.0,95.0,99.5,0.04170598845598843,4,1
random,200,19,12,83.0,73.0,102.0,105.0,79.0,79.0,104.0,99.5,0.04170598845598843,4,1
random,200,19,13,36.0,53.0,35.0,35.0,52.0,52.0,42.0,99.5,0.04170598845598843,4,1
random,200,19,14,83.0,93.0,118.0,120.0,97.0,97.0,108.0,99.5,0.04170598845598843,4,1
random,200,19,15,143.0,180.0,146.0,144.0,176.0,176.0,143.0,99.5,0.04170598845598843,4,1
random,200,19,16,2.0,11.0,12.0,13.0,6.0,6.0,2.0,99.5,0.04170598845598843,4,1
random,200,19,17,183.0,187.0,186.0,186.0,187.0,187.0,186.0,99.5,0.04170598845598843,4,1
random,200,19,18,83.0,115.0,109.0,108.0,116.0,116.0,93.0,99.5,0.04170598845598843,4,1
random,200,19,19,36.0,33.0,60.0,67.0,35.0,35.0,54.0,99.5,0.04170598845598843,4,1
random,200,19,20,83.0,93.0,77.0,74.0,102.0,102.0,90.0,99.5,0.04170598845598843,4,1
random,200,19,21,114.0,144.0,105.0,103.0,144.0,144.0,114.0,99.5,0.04170598845598843,4,1
random,200,19,22,170.0,159.0,170.0,168.0,166.0,166.0,173.0,99.5,0.04170598845598843,4,1
random,200,19,23,36.0,64.0,33.0,31.0,56.0,56.0,39.0,99.5,0.04170598845598843,4,1
random,200,19,24,114.0,150.0,127.0,125.0,142.0,142.0,121.0,99.5,0.04170598845598843,4,1
random,200,19,25,143.0,144.0,138.0,137.0,151.0,151.0,150.0,99.5,0.04170598845598843,4,1
random,200,19,26,170.0,186.0,177.0,175.0,185.0,185.0,171.0,99.5,0.04170598845598843,4,1
random,200,19,27,36.0,108.0,34.0,34.0,90.0,90.0,34.0,99.5,0.04170598845598843,4,1
random,200,19,28,55.0,38.0,70.0,70.0,45.0,45.0,76.0,99.5,0.04170598845598843,4,1
random,200,19,29,12.0,12.0,23.0,24.0,12.0,12.0,22.0,99.5,0.04170598845598843,4,1
random,200,19,30,55.0,84.0,88.0,87.0,84.0,84.0,65.0,99.5,0.04170598845598843,4,1
random,200,19,31,36.0,79.0,51.0,51.0,72.0,72.0,38.0,99.5,0.04170598845598843,4,1
random,200,19,32,3.0,2.0,4.0,4.0,3.0,3.0,9.0,99.5,0.04170598845598843,4,1
random,200,19,33,143.0,147.0,167.0,169.0,153.0,153.0,163.0,99.5,0.04170598845598843,4,1
random,200,19,34,3.0,33.0,9.0,9.0,25.0,25.0,3.0,99.5,0.04170598845598843,4,1
random,200,19,35,143.0,180.0,162.0,161.0,172.0,172.0,147.0,99.5,0.04170598845598843,4,1
random,200,19,36,55.0,38.0,75.0,79.0,42.0,42.0,79.0,99.5,0.04170598845598843,4,1
random,200,19,37,170.0,169.0,181.0,181.0,170.0,170.0,181.0,99.5,0.04170598845598843,4,1
random,200,19,38,83.0,72.0,98.0,98.0,77.0,77.0,102.0,99.5,0.04170598845598843,4,1
random,200,19,39,83.0,42.0,97.0,99.0,54.0,54.0,112.0,99.5,0.04170598845598843,4,1
random,200,19,40,55.0,47.0,59.0,59.0,55.0,55.0,68.0,99.5,0.04170598845598843,4,1
random,200,19,41,55.0,60.0,89.0,92.0,60.0,60.0,81.0,99.5,0.04170598845598843,4,1
random,200,19,42,36.0,37.0,48.0,47.0,36.0,36.0,45.0,99.5,0.04170598845598843,4,1
random,200,19,43,190.0,191.0,192.0,192.0,191.0,191.0,197.0,99.5,0.04170598845598843,4,1
random,200,19,44,55.0,23.0,66.0,68.0,33.0,33.0,80.0,99.5,0.04170598845598843,4,1
random,200,19,45,36.0,25.0,53.0,58.0,31.0,31.0,53.0,99.5,0.04170598845598843,4,1
random,200,19,46,114.0,53.0,121.0,119.0,70.0,70.0,139.0,99.5,0.04170598845598843,4,1
random,200,19,47,114.0,131.0,152.0,152.0,135.0,135.0,136.0,99.5,0.04170598845598843,4,1
random,200,19,48,83.0,121.0,94.0,93.0,117.0,117.0,88.0,99.5,0.04170598845598843,4,1
random,200,19,49,83.0,103.0,85.0,83.0,100.0,100.0,94.0,99.5,0.04170598845598843,4,1
random,200,19,50,183.0,170.0,188.0,189.0,174.0,174.0,189.0,99.5,0.04170598845598843,4,1
random,200,19,51,55.0,93.0,74.0,75.0,89.0,89.0,72.0,99.5,0.04170598845598843,4,1
random,200,19,52,143.0,158.0,148.0,148.0,159.0,159.0,151.0,99.5,0.04170598845598843,4,1
random,200,19,53,24.0,30.0,20.0,19.0,29.0,29.0,25.0,99.5,0.04170598845598843,4,1
random,200,19,54,12.0,15.0,16.0,14.0,16.0,16.0,16.0,99.5,0.04170598845598843,4,1
random,200,19,55,36.0,25.0,50.0,53.0,31.0,31.0,51.0,99.5,0.04170598845598843,4,1
random,200,19,56,170.0,173.0,184.0,184.0,174.0,174.0,182.0,99.5,0.04170598845598843,4,1
random,200,19,57,12.0,25.0,18.0,20.0,22.0,22.0,19.0,99.5,0.04170598845598843,4,1
random,200,19,58,55.0,47.0,63.0,65.0,57.0,57.0,73.0,99.5,0.04170598845598843,4,1
random,200,19,59,190.0,197.0,193.0,194.0,197.0,197.0,190.0,99.5,0.04170598845598843,4,1
random,200,19,60,24.0,47.0,26.0,28.0,43.0,43.0,26.0,99.5,0.04170598845598843,4,1
random,200,19,61,83.0,140.0,134.0,135.0,133.0,133.0,101.0,99.5,0.04170598845598843,4,1
random,200,19,62,198.0,199.0,199.0,199.0,199.0,199.0,200.0,99.5,0.04170598845598843,4,1
random,200,19,63,143.0,101.0,149.0,151.0,124.0,124.0,166.0,99.5,0.04170598845598843,4,1
random,200,19,64,143.0,159.0,168.0,170.0,161.0,161.0,153.0,99.5,0.04170598845598843,4,1
random,200,19,65,55.0,87.0,56.0,56.0,82.0,82.0,57.0,99.5,0.04170598845598843,4,1
random,200,19,66,24.0,25.0,47.0,48.0,29.0,29.0,33.0,99.5,0.04170598845598843,4,1
random,200,19,67,12.0,53.0,21.0,21.0,38.0,38.0,12.0,99.5,0.04170598845598843,4,1
random,200,19,68,114.0,103.0,141.0,141.0,113.0,113.0,138.0,99.5,0.04170598845598843,4,1
random,200,19,69,55.0,64.0,38.0,37.0,65.0,65.0,58.0,99.5,0.04170598845598843,4,1
random,200,19,70,170.0,138.0,154.0,154.0,146.0,146.0,178.0,99.5,0.04170598845598843,4,1
random,200,19,71,12.0,32.0,14.0,15.0,28.0,28.0,14.0,99.5,0.04170598845598843,4,1
random,200,19,72,24.0,47.0,37.0,39.0,40.0,40.0,29.0,99.5,0.04170598845598843,4,1
random,200,19,73,143.0,163.0,180.0,180.0,163.0,163.0,158.0,99.5,0.04170598845598843,4,1
random,200,19,74,83.0,93.0,103.0,100.0,97.0,97.0,96.0,99.5,0.04170598845598843,4,1
random,200,19,75,24.0,13.0,30.0,29.0,18.0,18.0,31.0,99.5,0.04170598845598843,4,1
random,200,19,76,12.0,15.0,27.0,23.0,16.0,16.0,17.0,99.5,0.04170598845598843,4,1
random,200,19,77,12.0,19.0,7.0,8.0,19.0,19.0,13.0,99.5,0.04170598845598843,4,1
random,200,19,78,170.0,188.0,175.0,173.0,188.0,188.0,170.0,99.5,0.04170598845598843,4,1
random,200,19,79,143.0,127.0,164.0,164.0,129.0,129.0,169.0,99.5,0.04170598845598843,4,1
random,200,19,80,143.0,159.0,158.0,155.0,164.0,164.0,148.0,99.5,0.04170598845598843,4,1
random,200,19,81,114.0,119.0,119.0,121.0,122.0,122.0,130.0,99.5,0.04170598845598843,4,1
random,200,19,82,114.0,93.0,143.0,143.0,105.0,105.0,142.0,99.5,0.04170598845598843,4,1
random,200,19,83,3.0,1.0,5.0,5.0,2.0,2.0,11.0,99.5,0.04170598845598843,4,1
random,200,19,84,183.0,184.0,185.0,185.0,184.0,184.0,188.0,99.5,0.04170598845598843,4,1
random,200,19,85,114.0,130.0,100.0,96.0,130.0,130.0,119.0,99.5,0.04170598845598843,4,1
random,200,19,86,24.0,21.0,39.0,44.0,23.0,23.0,35.0,99.5,0.04170598845598843,4,1
random,200,19,87,143.0,135.0,165.0,167.0,140.0,140.0,165.0,99.5,0.04170598845598843,4,1
random,200,19,88,3.0,9.0,3.0,3.0,8.0,8.0,6.0,99.5,0.04170598845598843,4,1
random,200,19,89,83.0,69.0,115.0,115.0,78.0,78.0,106.0,99.5,0.04170598845598843,4,1
random,200,19,90,24.0,19.0,25.0,26.0,21.0,21.0,28.0,99.5,0.04170598845598843,4,1
random,200,19,91,83.0,115.0,114.0,114.0,109.0,109.0,111.0,99.5,0.04170598845598843,4,1
random,200,19,92,83.0,103.0,93.0,94.0,102.0,102.0,100.0,99.5,0.04170598845598843,4,1
random,200,19,93,114.0,127.0,113.0,112.0,126.0,126.0,129.0,99.5,0.04170598845598843,4,1
random,200,19,94,3.0,38.0,8.0,6.0,26.0,26.0,4.0,99.5,0.04170598845598843,4,1
random,200,19,95,83.0,103.0,110.0,109.0,107.0,107.0,98.0,99.5,0.04170598845598843,4,1
random,200,19,96,83.0,62.0,111.0,113.0,67.0,67.0,110.0,99.5,0.04170598845598843,4,1
random,200,19,97,114.0,150.0,136.0,134.0,149.0,149.0,123.0,99.5,0.04170598845598843,4,1
random,200,19,98,83.0,73.0,96.0,97.0,84.0,84.0,105.0,99.5,0.04170598845598843,4,1
random,200,19,99,36.0,79.0,73.0,76.0,69.0,69.0,46.0,99.5,0.04170598845598843,4,1
random,200,19,100,83.0,127.0,95.0,95.0,120.0,120.0,91.0,99.5,0.04170598845598843,4,1
random,200,19,101,114.0,135.0,137.0,138.0,128.0,128.0,132.0,99.5,0.04170598845598843,4,1
random,200,19,102,24.0,68.0,22.0,22.0,51.0,51.0,24.0,99.5,0.04170598845598843,4,1
random,200,19,103,170.0,165.0,174.0,176.0,167.0,167.0,177.0,99.5,0.04170598845598843,4,1
random,200,19,104,114.0,156.0,142.0,145.0,150.0,150.0,128.0,99.5,0.04170598845598843,4,1
random,200,19,105,114.0,131.0,126.0,127.0,135.0,135.0,124.0,99.5,0.04170598845598843,4,1
random,200,19,106,24.0,25.0,32.0,33.0,27.0,27.0,32.0,99.5,0.04170598845598843,4,1
random,200,19,107,143.0,163.0,157.0,157.0,161.0,161.0,154.0,99.5,0.04170598845598843,4,1
random,200,19,108,24.0,33.0,31.0,32.0,34.0,34.0,27.0,99.5,0.04170598845598843,4,1
random,200,19,109,83.0,93.0,107.0,107.0,97.0,97.0,103.0,99.5,0.04170598845598843,4,1
random,200,19,110,183.0,189.0,187.0,187.0,189.0,189.0,184.0,99.5,0.04170598845598843,4,1
random,200,19,111,3.0,5.0,10.0,10.0,5.0,5.0,10.0,99.5,0.04170598845598843,4,1
random,200,19,112,114.0,121.0,129.0,130.0,122.0,122.0,133.0,99.5,0.04170598845598843,4,1
random,200,19,113,143.0,167.0,150.0,149.0,165.0,165.0,149.0,99.5,0.04170598845598843,4,1
random,200,19,114,83.0,101.0,123.0,122.0,105.0,105.0,107.0,99.5,0.04170598845598843,4,1
random,200,19,115,55.0,60.0,67.0,63.0,64.0,64.0,63.0,99.5,0.04170598845598843,4,1
random,200,19,116,24.0,21.0,29.0,30.0,23.0,23.0,30.0,99.5,0.04170598845598843,4,1
random,200,19,117,114.0,108.0,120.0,117.0,118.0,118.0,126.0,99.5,0.04170598845598843,4,1
random,200,19,118,55.0,71.0,68.0,66.0,68.0,68.0,59.0,99.5,0.04170598845598843,4,1
random,200,19,119,12.0,7.0,17.0,17.0,9.0,9.0,20.0,99.5,0.04170598845598843,4,1
random,200,19,120,114.0,147.0,135.0,133.0,145.0,145.0,118.0,99.5,0.04170598845598843,4,1
random,200,19,121,190.0,193.0,194.0,195.0,193.0,193.0,194.0,99.5,0.04170598845598843,4,1
random,200,19,122,143.0,144.0,156.0,158.0,148.0,148.0,162.0,99.5,0.04170598845598843,4,1
random,200,19,123,55.0,33.0,46.0,45.0,41.0,41.0,66.0,99.5,0.04170598845598843,4,1
random,200,19,124,83.0,108.0,78.0,77.0,107.0,107.0,86.0,99.5,0.04170598845598843,4,1
random,200,19,125,143.0,153.0,159.0,159.0,156.0,156.0,159.0,99.5,0.04170598845598843,4,1
random,200,19,126,114.0,141.0,124.0,126.0,139.0,139.0,122.0,99.5,0.04170598845598843,4,1
random,200,19,127,198.0,198.0,196.0,196.0,198.0,198.0,198.0,99.5,0.04170598845598843,4,1
random,200,19,128,183.0,177.0,182.0,182.0,183.0,183.0,183.0,99.5,0.04170598845598843,4,1
random,200,19,129,114.0,143.0,131.0,132.0,141.0,141.0,120.0,99.5,0.04170598845598843,4,1
random,200,19,130,55.0,44.0,64.0,61.0,50.0,50.0,75.0,99.5,0.04170598845598843,4,1
random,200,19,131,55.0,42.0,65.0,69.0,49.0,49.0,77.0,99.5,0.04170598845598843,4,1
random,200,19,132,36.0,41.0,54.0,52.0,39.0,39.0,52.0,99.5,0.04170598845598843,4,1
random,200,19,133,183.0,185.0,189.0,188.0,186.0,186.0,185.0,99.5,0.04170598845598843,4,1
random,200,19,134,190.0,190.0,191.0,191.0,190.0,190.0,193.0,99.5,0.04170598845598843,4,1
random,200,19,135,3.0,4.0,2.0,2.0,4.0,4.0,8.0,99.5,0.04170598845598843,4,1
random,200,19,136,170.0,167.0,172.0,171.0,168.0,168.0,179.0,99.5,0.04170598845598843,4,1
random,200,19,137,170.0,175.0,171.0,172.0,177.0,177.0,175.0,99.5,0.04170598845598843,4,1
random,200,19,138,55.0,66.0,40.0,38.0,63.0,63.0,56.0,99.5,0.04170598845598843,4,1
random,200,19,139,114.0,90.0,84.0,82.0,102.0,102.0,125.0,99.5,0.04170598845598843,4,1
random,200,19,140,55.0,111.0,91.0,91.0,96.0,96.0,69.0,99.5,0.04170598845598843,4,1
random,200,19,141,190.0,194.0,198.0,197.0,194.0,194.0,195.0,99.5,0.04170598845598843,4,1
random,200,19,142,55.0,53.0,108.0,110.0,62.0,62.0,82.0,99.5,0.04170598845598843,4,1
random,200,19,143,190.0,194.0,197.0,198.0,195.0,195.0,196.0,99.5,0.04170598845598843,4,1
random,200,19,144,83.0,125.0,81.0,78.0,121.0,121.0,87.0,99.5,0.04170598845598843,4,1
random,200,19,145,143.0,153.0,161.0,162.0,154.0,154.0,157.0,99.5,0.04170598845598843,4,1
random,200,19,146,83.0,79.0,82.0,80.0,84.0,84.0,97.0,99.5,0.04170598845598843,4,1
random,200,19,147,114.0,84.0,145.0,147.0,110.0,110.0,140.0,99.5,0.04170598845598843,4,1
random,200,19,148,55.0,66.0,49.0,49.0,66.0,66.0,64.0,99.5,0.04170598845598843,4,1
random,200,19,149,143.0,141.0,155.0,156.0,143.0,143.0,161.0,99.5,0.04170598845598843,4,1
random,200,19,150,114.0,135.0,116.0,116.0,137.0,137.0,116.0,99.5,0.04170598845598843,4,1
random,200,19,151,36.0,111.0,42.0,40.0,88.0,88.0,40.0,99.5,0.04170598845598843,4,1
random,200,19,152,36.0,63.0,41.0,43.0,59.0,59.0,43.0,99.5,0.04170598845598843,4,1
random,200,19,153,55.0,90.0,86.0,86.0,82.0,82.0,67.0,99.5,0.04170598845598843,4,1
random,200,19,154,36.0,45.0,69.0,64.0,43.0,43.0,47.0,99.5,0.04170598845598843,4,1
random,200,19,155,55.0,87.0,62.0,60.0,91.0,91.0,60.0,99.5,0.04170598845598843,4,1
random,200,19,156,55.0,73.0,36.0,36.0,74.0,74.0,55.0,99.5,0.04170598845598843,4,1
random,200,19,157,12.0,9.0,24.0,25.0,11.0,11.0,23.0,99.5,0.04170598845598843,4,1
random,200,19,158,183.0,172.0,183.0,183.0,179.0,179.0,187.0,99.5,0.04170598845598843,4,1
random,200,19,159,36.0,45.0,61.0,62.0,46.0,46.0,49.0,99.5,0.04170598845598843,4,1
random,200,19,160,36.0,53.0,28.0,27.0,47.0,47.0,37.0,99.5,0.04170598845598843,4,1
random,200,19,161,114.0,152.0,106.0,104.0,147.0,147.0,115.0,99.5,0.04170598845598843,4,1
random,200,19,162,143.0,170.0,169.0,166.0,169.0,169.0,155.0,99.5,0.04170598845598843,4,1
random,200,19,163,143.0,123.0,173.0,174.0,131.0,131.0,168.0,99.5,0.04170598845598843,4,1
random,200,19,164,170.0,183.0,166.0,165.0,181.0,181.0,172.0,99.5,0.04170598845598843,4,1
random,200,19,165,12.0,7.0,15.0,16.0,9.0,9.0,18.0,99.5,0.04170598845598843,4,1
random,200,19,166,114.0,131.0,125.0,124.0,132.0,132.0,127.0,99.5,0.04170598845598843,4,1
random,200,19,167,83.0,73.0,52.0,50.0,79.0,79.0,85.0,99.5,0.04170598845598843,4,1
random,200,19,168,170.0,177.0,176.0,177.0,177.0,177.0,180.0,99.5,0.04170598845598843,4,1
random,200,19,169,143.0,123.0,144.0,142.0,127.0,127.0,164.0,99.5,0.04170598845598843,4,1
random,200,19,170,114.0,103.0,112.0,111.0,115.0,115.0,131.0,99.5,0.04170598845598843,4,1
random,200,19,171,143.0,126.0,163.0,163.0,138.0,138.0,167.0,99.5,0.04170598845598843,4,1
random,200,19,172,190.0,194.0,195.0,193.0,196.0,196.0,191.0,99.5,0.04170598845598843,4,1
random,200,19,173,1.0,2.0,1.0,1.0,1.0,1.0,1.0,99.5,0.04170598845598843,4,1
random,200,19,174,143.0,176.0,140.0,139.0,173.0,173.0,144.0,99.5,0.04170598845598843,4,1
random,200,19,175,24.0,15.0,43.0,46.0,19.0,19.0,36.0,99.5,0.04170598845598843,4,1
random,200,19,176,83.0,138.0,76.0,73.0,134.0,134.0,83.0,99.5,0.04170598845598843,4,1
random,200,19,177,36.0,90.0,72.0,72.0,73.0,73.0,44.0,99.5,0.04170598845598843,4,1
random,200,19,178,190.0,191.0,190.0,190.0,192.0,192.0,192.0,99.5,0.04170598845598843,4,1
random,200,19,179,83.0,119.0,58.0,55.0,112.0,112.0,84.0,99.5,0.04170598845598843,4,1
random,200,19,180,143.0,147.0,151.0,150.0,152.0,152.0,152.0,99.5,0.04170598845598843,4,1
random,200,19,181,36.0,31.0,57.0,54.0,37.0,37.0,48.0,99.5,0.04170598845598843,4,1
random,200,19,182,36.0,53.0,44.0,42.0,52.0,52.0,41.0,99.5,0.04170598845598843,4,1
random,200,19,183,114.0,111.0,128.0,131.0,119.0,119.0,134.0,99.5,0.04170598845598843,4,1
random,200,19,184,83.0,73.0,117.0,123.0,76.0,76.0,113.0,99.5,0.04170598845598843,4,1
random,200,19,185,36.0,47.0,55.0,57.0,47.0,47.0,50.0,99.5,0.04170598845598843,4,1
random,200,19,186,83.0,131.0,99.0,102.0,125.0,125.0,89.0,99.5,0.04170598845598843,4,1
random,200,19,187,143.0,155.0,153.0,153.0,155.0,155.0,156.0,99.5,0.04170598845598843,4,1
random,200,19,188,143.0,156.0,160.0,160.0,157.0,157.0,160.0,99.5,0.04170598845598843,4,1
random,200,19,189,55.0,84.0,83.0,84.0,74.0,74.0,70.0,99.5,0.04170598845598843,4,1
random,200,19,190,3.0,15.0,11.0,11.0,13.0,13.0,5.0,99.5,0.04170598845598843,4,1
random,200,19,191,198.0,200.0,200.0,200.0,200.0,200.0,199.0,99.5,0.04170598845598843,4,1
random,200,19,192,55.0,53.0,80.0,81.0,57.0,57.0,78.0,99.5,0.04170598845598843,4,1
random,200,19,193,114.0,115.0,139.0,140.0,114.0,114.0,135.0,99.5,0.04170598845598843,4,1
random,200,19,194,143.0,173.0,147.0,146.0,171.0,171.0,145.0,99.5,0.04170598845598843,4,1
random,200,19,195,12.0,5.0,19.0,18.0,7.0,7.0,21.0,99.5,0.04170598845598843,4,1
random,200,19,196,170.0,182.0,178.0,178.0,180.0,180.0,176.0,99.5,0.04170598845598843,4,1
random,200,19,197,55.0,93.0,87.0,88.0,91.0,91.0,71.0,99.5,0.04170598845598843,4,1
random,200,19,198,55.0,115.0,79.0,85.0,100.0,100.0,61.0,99.5,0.04170598845598843,4,1
random,200,19,199,83.0,87.0,90.0,90.0,93.0,93.0,99.0,99.5,0.04170598845598843,4,1
random,200,20,0,146.0,161.0,142.0,140.0,159.0,159.0,149.0,99.5,0.05773128015775073,3,2
random,200,20,1,27.0,33.0,30.0,29.0,35.0,35.0,30.0,99.5,0.05773128015775073,3,2
random,200,20,2,16.0,15.0,7.0,8.0,16.0,16.0,18.0,99.5,0.05773128015775073,3,2
random,200,20,3,87.0,138.0,123.0,122.0,135.0,135.0,97.0,99.5,0.05773128015775073,3,2
random,200,20,4,197.0,191.0,196.0,196.0,192.0,192.0,199.0,99.5,0.05773128015775073,3,2
random,200,20,5,87.0,131.0,119.0,118.0,125.0,125.0,99.0,99.5,0.05773128015775073,3,2
random,200,20,6,187.0,188.0,191.0,191.0,189.0,189.0,192.0,99.5,0.05773128015775073,3,2
random,200,20,7,162.0,182.0,156.0,155.0,181.0,181.0,162.0,99.5,0.05773128015775073,3,2
random,200,20,8,146.0,176.0,153.0,156.0,175.0,175.0,148.0,99.5,0.05773128015775073,3,2
random,200,20,9,146.0,143.0,158.0,157.0,148.0,148.0,159.0,99.5,0.05773128015775073,3,2
random,200,20,10,118.0,106.0,148.0,150.0,108.0,108.0,145.0,99.5,0.05773128015775073,3,2
random,200,20,11,36.0,48.0,41.0,42.0,46.0,46.0,43.0,99.5,0.05773128015775073,3,2
random,200,20,12,49.0,79.0,79.0,82.0,74.0,74.0,67.0,99.5,0.05773128015775073,3,2
random,200,20,13,8.0,5.0,10.0,6.0,5.0,5.0,12.0,99.5,0.05773128015775073,3,2
random,200,20,14,118.0,128.0,159.0,160.0,134.0,134.0,143.0,99.5,0.05773128015775073,3,2
random,200,20,15,49.0,57.0,78.0,79.0,59.0,59.0,77.0,99.5,0.05773128015775073,3,2
random,200,20,16,16.0,4.0,22.0,23.0,7.0,7.0,25.0,99.5,0.05773128015775073,3,2
random,200,20,17,118.0,99.0,101.0,98.0,108.0,108.0,126.0,99.5,0.05773128015775073,3,2
random,200,20,18,49.0,125.0,76.0,77.0,114.0,114.0,52.0,99.5,0.05773128015775073,3,2
random,200,20,19,36.0,43.0,27.0,27.0,41.0,41.0,36.0,99.5,0.05773128015775073,3,2
random,200,20,20,16.0,26.0,19.0,15.0,25.0,25.0,19.0,99.5,0.05773128015775073,3,2
random,200,20,21,146.0,155.0,144.0,142.0,155.0,155.0,153.0,99.5,0.05773128015775073,3,2
random,200,20,22,5.0,6.0,11.0,11.0,4.0,4.0,7.0,99.5,0.05773128015775073,3,2
random,200,20,23,16.0,43.0,21.0,19.0,38.0,38.0,17.0,99.5,0.05773128015775073,3,2
random,200,20,24,118.0,99.0,150.0,151.0,106.0,106.0,144.0,99.5,0.05773128015775073,3,2
random,200,20,25,175.0,178.0,181.0,182.0,178.0,178.0,181.0,99.5,0.05773128015775073,3,2
random,200,20,26,87.0,99.0,124.0,126.0,102.0,102.0,109.0,99.5,0.05773128015775073,3,2
random,200,20,27,49.0,93.0,47.0,46.0,86.0,86.0,51.0,99.5,0.05773128015775073,3,2
random,200,20,28,49.0,53.0,89.0,93.0,55.0,55.0,83.0,99.5,0.05773128015775073,3,2
random,200,20,29,175.0,173.0,184.0,185.0,173.0,173.0,185.0,99.5,0.05773128015775073,3,2
random,200,20,30,8.0,16.0,29.0,31.0,15.0,15.0,15.0,99.5,0.05773128015775073,3,2
random,200,20,31,118.0,106.0,131.0,132.0,115.0,115.0,134.0,99.5,0.05773128015775073,3,2
random,200,20,32,87.0,51.0,102.0,99.0,62.0,62.0,113.0,99.5,0.05773128015775073,3,2
random,200,20,33,27.0,36.0,37.0,37.0,37.0,37.0,33.0,99.5,0.05773128015775073,3,2
random,200,20,34,118.0,119.0,132.0,131.0,126.0,126.0,127.0,99.5,0.05773128015775073,3,2
random,200,20,35,175.0,174.0,189.0,189.0,174.0,174.0,186.0,99.5,0.05773128015775073,3,2
random,200,20,36,49.0,37.0,49.0,48.0,40.0,40.0,81.0,99.5,0.05773128015775073,3,2
random,200,20,37,175.0,161.0,179.0,179.0,168.0,168.0,184.0,99.5,0.05773128015775073,3,2
random,200,20,38,87.0,79.0,114.0,114.0,91.0,91.0,107.0,99.5,0.05773128015775073,3,2
random,200,20,39,87.0,75.0,113.0,115.0,85.0,85.0,110.0,99.5,0.05773128015775073,3,2
random,200,20,40,162.0,163.0,166.0,165.0,164.0,164.0,172.0,99.5,0.05773128015775073,3,2
random,200,20,41,87.0,96.0,99.0,100.0,93.0,93.0,115.0,99.5,0.05773128015775073,3,2
random,200,20,42,87.0,75.0,66.0,68.0,76.0,76.0,100.0,99.5,0.05773128015775073,3,2
random,200,20,43,87.0,79.0,111.0,110.0,82.0,82.0,108.0,99.5,0.05773128015775073,3,2
random,200,20,44,87.0,46.0,125.0,130.0,53.0,53.0,117.0,99.5,0.05773128015775073,3,2
random,200,20,45,8.0,19.0,13.0,13.0,13.0,13.0,10.0,99.5,0.05773128015775073,3,2
random,200,20,46,118.0,116.0,121.0,119.0,119.0,119.0,135.0,99.5,0.05773128015775073,3,2
random,200,20,47,162.0,160.0,169.0,170.0,162.0,162.0,173.0,99.5,0.05773128015775073,3,2
random,200,20,48,49.0,96.0,73.0,67.0,93.0,93.0,56.0,99.5,0.05773128015775073,3,2
random,200,20,49,146.0,146.0,155.0,154.0,147.0,147.0,154.0,99.5,0.05773128015775073,3,2
random,200,20,50,36.0,16.0,42.0,43.0,27.0,27.0,47.0,99.5,0.05773128015775073,3,2
random,200,20,51,175.0,183.0,180.0,180.0,183.0,183.0,177.0,99.5,0.05773128015775073,3,2
random,200,20,52,87.0,88.0,116.0,116.0,98.0,98.0,111.0,99.5,0.05773128015775073,3,2
random,200,20,53,146.0,178.0,146.0,145.0,176.0,176.0,146.0,99.5,0.05773128015775073,3,2
random,200,20,54,187.0,197.0,192.0,192.0,197.0,197.0,189.0,99.5,0.05773128015775073,3,2
random,200,20,55,8.0,23.0,16.0,16.0,18.0,18.0,11.0,99.5,0.05773128015775073,3,2
random,200,20,56,49.0,63.0,53.0,52.0,67.0,67.0,61.0,99.5,0.05773128015775073,3,2
random,200,20,57,49.0,48.0,40.0,41.0,54.0,54.0,55.0,99.5,0.05773128015775073,3,2
random,200,20,58,8.0,8.0,14.0,14.0,6.0,6.0,14.0,99.5,0.05773128015775073,3,2
random,200,20,59,118.0,90.0,96.0,96.0,98.0,98.0,131.0,99.5,0.05773128015775073,3,2
random,200,20,60,197.0,198.0,195.0,195.0,198.0,198.0,197.0,99.5,0.05773128015775073,3,2
random,200,20,61,49.0,68.0,88.0,89.0,68.0,68.0,79.0,99.5,0.05773128015775073,3,2
random,200,20,62,49.0,63.0,98.0,104.0,63.0,63.0,85.0,99.5,0.05773128015775073,3,2
random,200,20,63,87.0,133.0,100.0,101.0,128.0,128.0,93.0,99.5,0.05773128015775073,3,2
random,200,20,64,87.0,137.0,63.0,61.0,132.0,132.0,89.0,99.5,0.05773128015775073,3,2
random,200,20,65,118.0,122.0,136.0,138.0,121.0,121.0,138.0,99.5,0.05773128015775073,3,2
random,200,20,66,49.0,84.0,62.0,62.0,75.0,75.0,66.0,99.5,0.05773128015775073,3,2
random,200,20,67,118.0,131.0,137.0,137.0,129.0,129.0,128.0,99.5,0.05773128015775073,3,2
random,200,20,68,49.0,39.0,92.0,91.0,47.0,47.0,86.0,99.5,0.05773128015775073,3,2
random,200,20,69,16.0,16.0,18.0,20.0,20.0,20.0,20.0,99.5,0.05773128015775073,3,2
random,200,20,70,118.0,143.0,160.0,159.0,142.0,142.0,133.0,99.5,0.05773128015775073,3,2
random,200,20,71,49.0,43.0,61.0,63.0,51.0,51.0,68.0,99.5,0.05773128015775073,3,2
random,200,20,72,27.0,29.0,24.0,26.0,30.0,30.0,28.0,99.5,0.05773128015775073,3,2
random,200,20,73,146.0,158.0,149.0,147.0,157.0,157.0,151.0,99.5,0.05773128015775073,3,2
random,200,20,74,187.0,194.0,185.0,184.0,194.0,194.0,188.0,99.5,0.05773128015775073,3,2
random,200,20,75,27.0,34.0,36.0,35.0,35.0,35.0,34.0,99.5,0.05773128015775073,3,2
random,200,20,76,87.0,150.0,82.0,74.0,145.0,145.0,88.0,99.5,0.05773128015775073,3,2
random,200,20,77,49.0,48.0,56.0,58.0,49.0,49.0,78.0,99.5,0.05773128015775073,3,2
random,200,20,78,87.0,57.0,60.0,60.0,66.0,66.0,101.0,99.5,0.05773128015775073,3,2
random,200,20,79,49.0,11.0,70.0,75.0,24.0,24.0,87.0,99.5,0.05773128015775073,3,2
random,200,20,80,27.0,34.0,38.0,39.0,32.0,32.0,32.0,99.5,0.05773128015775073,3,2
random,200,20,81,36.0,57.0,45.0,44.0,56.0,56.0,40.0,99.5,0.05773128015775073,3,2
random,200,20,82,146.0,148.0,161.0,162.0,150.0,150.0,156.0,99.5,0.05773128015775073,3,2
random,200,20,83,118.0,113.0,118.0,121.0,119.0,119.0,129.0,99.5,0.05773128015775073,3,2
random,200,20,84,87.0,84.0,91.0,94.0,88.0,88.0,102.0,99.5,0.05773128015775073,3,2
random,200,20,85,87.0,104.0,135.0,135.0,108.0,108.0,114.0,99.5,0.05773128015775073,3,2
random,200,20,86,146.0,134.0,143.0,144.0,141.0,141.0,155.0,99.5,0.05773128015775073,3,2
random,200,20,87,87.0,93.0,75.0,72.0,104.0,104.0,92.0,99.5,0.05773128015775073,3,2
random,200,20,88,8.0,6.0,12.0,12.0,8.0,8.0,13.0,99.5,0.05773128015775073,3,2
random,200,20,89,16.0,11.0,33.0,34.0,12.0,12.0,26.0,99.5,0.05773128015775073,3,2
random,200,20,90,118.0,122.0,139.0,141.0,121.0,121.0,136.0,99.5,0.05773128015775073,3,2
random,200,20,91,187.0,194.0,194.0,194.0,196.0,196.0,190.0,99.5,0.05773128015775073,3,2
random,200,20,92,87.0,119.0,105.0,103.0,116.0,116.0,98.0,99.5,0.05773128015775073,3,2
random,200,20,93,5.0,26.0,3.0,3.0,19.0,19.0,5.0,99.5,0.05773128015775073,3,2
random,200,20,94,118.0,73.0,147.0,148.0,96.0,96.0,141.0,99.5,0.05773128015775073,3,2
random,200,20,95,87.0,78.0,95.0,95.0,80.0,80.0,105.0,99.5,0.05773128015775073,3,2
random,200,20,96,36.0,57.0,48.0,49.0,48.0,48.0,44.0,99.5,0.05773128015775073,3,2
random,200,20,97,27.0,24.0,26.0,24.0,29.0,29.0,29.0,99.5,0.05773128015775073,3,2
random,200,20,98,197.0,199.0,199.0,199.0,199.0,199.0,198.0,99.5,0.05773128015775073,3,2
random,200,20,99,36.0,40.0,32.0,33.0,41.0,41.0,37.0,99.5,0.05773128015775073,3,2
random,200,20,100,187.0,181.0,193.0,193.0,182.0,182.0,196.0,99.5,0.05773128015775073,3,2
random,200,20,101,146.0,128.0,151.0,149.0,138.0,138.0,158.0,99.5,0.05773128015775073,3,2
random,200,20,102,175.0,175.0,177.0,176.0,177.0,177.0,183.0,99.5,0.05773128015775073,3,2
random,200,20,103,187.0,193.0,198.0,198.0,193.0,193.0,193.0,99.5,0.05773128015775073,3,2
random,200,20,104,49.0,37.0,46.0,47.0,43.0,43.0,63.0,99.5,0.05773128015775073,3,2
random,200,20,105,87.0,150.0,106.0,102.0,145.0,145.0,90.0,99.5,0.05773128015775073,3,2
random,200,20,106,162.0,170.0,178.0,178.0,172.0,172.0,169.0,99.5,0.05773128015775073,3,2
random,200,20,107,146.0,163.0,138.0,133.0,163.0,163.0,150.0,99.5,0.05773128015775073,3,2
random,200,20,108,16.0,19.0,15.0,17.0,22.0,22.0,22.0,99.5,0.05773128015775073,3,2
random,200,20,109,36.0,88.0,55.0,51.0,77.0,77.0,38.0,99.5,0.05773128015775073,3,2
random,200,20,110,118.0,168.0,115.0,113.0,161.0,161.0,119.0,99.5,0.05773128015775073,3,2
random,200,20,111,49.0,106.0,85.0,80.0,105.0,105.0,50.0,99.5,0.05773128015775073,3,2
random,200,20,112,87.0,134.0,58.0,56.0,130.0,130.0,82.0,99.5,0.05773128015775073,3,2
random,200,20,113,118.0,104.0,145.0,146.0,108.0,108.0,142.0,99.5,0.05773128015775073,3,2
random,200,20,114,49.0,40.0,86.0,88.0,45.0,45.0,84.0,99.5,0.05773128015775073,3,2
random,200,20,115,87.0,113.0,103.0,105.0,112.0,112.0,96.0,99.5,0.05773128015775073,3,2
random,200,20,116,16.0,40.0,31.0,30.0,34.0,34.0,21.0,99.5,0.05773128015775073,3,2
random,200,20,117,118.0,154.0,122.0,117.0,152.0,152.0,120.0,99.5,0.05773128015775073,3,2
random,200,20,118,162.0,146.0,164.0,164.0,151.0,151.0,171.0,99.5,0.05773128015775073,3,2
random,200,20,119,27.0,24.0,23.0,22.0,26.0,26.0,31.0,99.5,0.05773128015775073,3,2
random,200,20,120,118.0,134.0,134.0,136.0,135.0,135.0,132.0,99.5,0.05773128015775073,3,2
random,200,20,121,87.0,138.0,130.0,129.0,137.0,137.0,94.0,99.5,0.05773128015775073,3,2
random,200,20,122,36.0,68.0,57.0,59.0,63.0,63.0,41.0,99.5,0.05773128015775073,3,2
random,200,20,123,200.0,200.0,199.0,199.0,200.0,200.0,200.0,99.5,0.05773128015775073,3,2
random,200,20,124,36.0,29.0,50.0,55.0,32.0,32.0,46.0,99.5,0.05773128015775073,3,2
random,200,20,125,162.0,168.0,167.0,168.0,169.0,169.0,166.0,99.5,0.05773128015775073,3,2
random,200,20,126,118.0,119.0,126.0,128.0,123.0,123.0,130.0,99.5,0.05773128015775073,3,2
random,200,20,127,16.0,9.0,17.0,18.0,9.0,9.0,24.0,99.5,0.05773128015775073,3,2
random,200,20,128,8.0,29.0,9.0,10.0,23.0,23.0,8.0,99.5,0.05773128015775073,3,2
random,200,20,129,49.0,46.0,51.0,50.0,44.0,44.0,75.0,99.5,0.05773128015775073,3,2
random,200,20,130,2.0,2.0,2.0,2.0,2.0,2.0,3.0,99.5,0.05773128015775073,3,2
random,200,20,131,187.0,196.0,186.0,186.0,195.0,195.0,187.0,99.5,0.05773128015775073,3,2
random,200,20,132,5.0,19.0,6.0,7.0,11.0,11.0,6.0,99.5,0.05773128015775073,3,2
random,200,20,133,49.0,57.0,83.0,85.0,59.0,59.0,74.0,99.5,0.05773128015775073,3,2
random,200,20,134,187.0,177.0,190.0,190.0,180.0,180.0,195.0,99.5,0.05773128015775073,3,2
random,200,20,135,49.0,71.0,77.0,76.0,71.0,71.0,64.0,99.5,0.05773128015775073,3,2
random,200,20,136,49.0,68.0,81.0,83.0,69.0,69.0,73.0,99.5,0.05773128015775073,3,2
random,200,20,137,49.0,106.0,43.0,40.0,100.0,100.0,49.0,99.5,0.05773128015775073,3,2
random,200,20,138,87.0,75.0,107.0,106.0,80.0,80.0,106.0,99.5,0.05773128015775073,3,2
random,200,20,139,49.0,103.0,90.0,87.0,97.0,97.0,65.0,99.5,0.05773128015775073,3,2
random,200,20,140,49.0,53.0,84.0,84.0,57.0,57.0,80.0,99.5,0.05773128015775073,3,2
random,200,20,141,36.0,53.0,54.0,53.0,49.0,49.0,42.0,99.5,0.05773128015775073,3,2
random,200,20,142,162.0,165.0,165.0,166.0,165.0,165.0,165.0,99.5,0.05773128015775073,3,2
random,200,20,143,162.0,167.0,163.0,163.0,169.0,169.0,164.0,99.5,0.05773128015775073,3,2
random,200,20,144,27.0,67.0,28.0,28.0,52.0,52.0,27.0,99.5,0.05773128015775073,3,2
random,200,20,145,175.0,184.0,187.0,187.0,185.0,185.0,182.0,99.5,0.05773128015775073,3,2
random,200,20,146,49.0,93.0,44.0,45.0,90.0,90.0,53.0,99.5,0.05773128015775073,3,2
random,200,20,147,146.0,140.0,168.0,172.0,144.0,144.0,161.0,99.5,0.05773128015775073,3,2
random,200,20,148,27.0,13.0,35.0,36.0,21.0,21.0,35.0,99.5,0.05773128015775073,3,2
random,200,20,149,36.0,19.0,52.0,54.0,28.0,28.0,48.0,99.5,0.05773128015775073,3,2
random,200,20,150,146.0,125.0,152.0,152.0,133.0,133.0,160.0,99.5,0.05773128015775073,3,2
random,200,20,151,162.0,152.0,171.0,171.0,156.0,156.0,168.0,99.5,0.05773128015775073,3,2
random,200,20,152,36.0,63.0,34.0,32.0,61.0,61.0,39.0,99.5,0.05773128015775073,3,2
random,200,20,153,118.0,122.0,104.0,108.0,123.0,123.0,123.0,99.5,0.05773128015775073,3,2
random,200,20,154,175.0,180.0,176.0,175.0,179.0,179.0,180.0,99.5,0.05773128015775073,3,2
random,200,20,155,118.0,113.0,127.0,127.0,116.0,116.0,124.0,99.5,0.05773128015775073,3,2
random,200,20,156,162.0,155.0,170.0,167.0,160.0,160.0,170.0,99.5,0.05773128015775073,3,2
random,200,20,157,146.0,170.0,129.0,125.0,167.0,167.0,147.0,99.5,0.05773128015775073,3,2
random,200,20,158,16.0,51.0,25.0,25.0,39.0,39.0,16.0,99.5,0.05773128015775073,3,2
random,200,20,159,49.0,71.0,74.0,71.0,71.0,71.0,72.0,99.5,0.05773128015775073,3,2
random,200,20,160,118.0,128.0,108.0,111.0,130.0,130.0,121.0,99.5,0.05773128015775073,3,2
random,200,20,161,87.0,116.0,109.0,109.0,118.0,118.0,95.0,99.5,0.05773128015775073,3,2
random,200,20,162,187.0,187.0,188.0,188.0,188.0,188.0,191.0,99.5,0.05773128015775073,3,2
random,200,20,163,118.0,143.0,128.0,124.0,142.0,142.0,122.0,99.5,0.05773128015775073,3,2
random,200,20,164,2.0,32.0,4.0,5.0,14.0,14.0,2.0,99.5,0.05773128015775073,3,2
random,200,20,165,162.0,170.0,175.0,177.0,171.0,171.0,167.0,99.5,0.05773128015775073,3,2
random,200,20,166,49.0,57.0,65.0,64.0,65.0,65.0,71.0,99.5,0.05773128015775073,3,2
random,200,20,167,49.0,99.0,64.0,65.0,92.0,92.0,57.0,99.5,0.05773128015775073,3,2
random,200,20,168,49.0,73.0,69.0,69.0,73.0,73.0,70.0,99.5,0.05773128015775073,3,2
random,200,20,169,87.0,90.0,97.0,97.0,88.0,88.0,112.0,99.5,0.05773128015775073,3,2
random,200,20,170,87.0,106.0,112.0,112.0,107.0,107.0,104.0,99.5,0.05773128015775073,3,2
random,200,20,171,49.0,106.0,93.0,92.0,101.0,101.0,60.0,99.5,0.05773128015775073,3,2
random,200,20,172,118.0,140.0,133.0,134.0,140.0,140.0,125.0,99.5,0.05773128015775073,3,2
random,200,20,173,118.0,140.0,154.0,153.0,139.0,139.0,137.0,99.5,0.05773128015775073,3,2
random,200,20,174,162.0,165.0,162.0,161.0,166.0,166.0,163.0,99.5,0.05773128015775073,3,2
random,200,20,175,146.0,149.0,157.0,158.0,149.0,149.0,157.0,99.5,0.05773128015775073,3,2
random,200,20,176,146.0,152.0,140.0,139.0,153.0,153.0,152.0,99.5,0.05773128015775073,3,2
random,200,20,177,187.0,186.0,197.0,197.0,186.0,186.0,194.0,99.5,0.05773128015775073,3,2
random,200,20,178,2.0,3.0,5.0,4.0,3.0,3.0,4.0,99.5,0.05773128015775073,3,2
random,200,20,179,8.0,10.0,8.0,9.0,10.0,10.0,9.0,99.5,0.05773128015775073,3,2
random,200,20,180,118.0,155.0,110.0,107.0,154.0,154.0,118.0,99.5,0.05773128015775073,3,2
random,200,20,181,49.0,96.0,67.0,73.0,86.0,86.0,59.0,99.5,0.05773128015775073,3,2
random,200,20,182,118.0,90.0,120.0,120.0,95.0,95.0,140.0,99.5,0.05773128015775073,3,2
random,200,20,183,175.0,192.0,174.0,173.0,191.0,191.0,176.0,99.5,0.05773128015775073,3,2
random,200,20,184,49.0,84.0,72.0,70.0,77.0,77.0,69.0,99.5,0.05773128015775073,3,2
random,200,20,185,175.0,184.0,182.0,181.0,184.0,184.0,179.0,99.5,0.05773128015775073,3,2
random,200,20,186,87.0,79.0,87.0,86.0,79.0,79.0,103.0,99.5,0.05773128015775073,3,2
random,200,20,187,175.0,190.0,172.0,169.0,190.0,190.0,175.0,99.5,0.05773128015775073,3,2
random,200,20,188,49.0,56.0,59.0,57.0,57.0,57.0,76.0,99.5,0.05773128015775073,3,2
random,200,20,189,49.0,63.0,71.0,78.0,70.0,70.0,62.0,99.5,0.05773128015775073,3,2
random,200,20,190,1.0,1.0,1.0,1.0,1.0,1.0,1.0,99.5,0.05773128015775073,3,2
random,200,20,191,36.0,28.0,39.0,38.0,31.0,31.0,45.0,99.5,0.05773128015775073,3,2
random,200,20,192,16.0,14.0,20.0,21.0,16.0,16.0,23.0,99.5,0.05773128015775073,3,2
random,200,20,193,49.0,79.0,68.0,66.0,83.0,83.0,58.0,99.5,0.05773128015775073,3,2
random,200,20,194,162.0,158.0,173.0,174.0,158.0,158.0,174.0,99.5,0.05773128015775073,3,2
random,200,20,195,118.0,125.0,141.0,143.0,127.0,127.0,139.0,99.5,0.05773128015775073,3,2
random,200,20,196,49.0,112.0,80.0,81.0,103.0,103.0,54.0,99.5,0.05773128015775073,3,2
random,200,20,197,175.0,188.0,183.0,183.0,187.0,187.0,178.0,99.5,0.05773128015775073,3,2
random,200,20,198,87.0,84.0,117.0,123.0,83.0,83.0,116.0,99.5,0.05773128015775073,3,2
random,200,20,199,87.0,116.0,94.0,90.0,113.0,113.0,91.0,99.5,0.05773128015775073,3,2
