random,200,23,0,79.0,96.0,126.0,127.0,94.0,94.0,108.0,99.5,0.04866601454101449,4,1
random,200,23,1,79.0,56.0,114.0,115.0,66.0,66.0,109.0,99.5,0.04866601454101449,4,1
random,200,23,2,79.0,116.0,115.0,111.0,116.0,116.0,89.0,99.5,0.04866601454101449,4,1
random,200,23,3,166.0,182.0,178.0,178.0,179.0,179.0,172.0,99.5,0.04866601454101449,4,1
random,200,23,4,38.0,61.0,38.0,39.0,57.0,57.0,39.0,99.5,0.04866601454101449,4,1
random,200,23,5,166.0,166.0,177.0,176.0,168.0,168.0,179.0,99.5,0.04866601454101449,4,1
random,200,23,6,20.0,28.0,27.0,27.0,25.0,25.0,29.0,99.5,0.04866601454101449,4,1
random,200,23,7,115.0,122.0,155.0,157.0,120.0,120.0,138.0,99.5,0.04866601454101449,4,1
random,200,23,8,79.0,100.0,107.0,106.0,101.0,101.0,102.0,99.5,0.04866601454101449,4,1
random,200,23,9,20.0,55.0,34.0,34.0,51.0,51.0,28.0,99.5,0.04866601454101449,4,1
random,200,23,10,2.0,5.0,1.0,1.0,4.0,4.0,2.0,99.5,0.04866601454101449,4,1
random,200,23,11,53.0,47.0,81.0,85.0,55.0,55.0,70.0,99.5,0.04866601454101449,4,1
random,200,23,12,79.0,83.0,102.0,97.0,87.0,87.0,99.0,99.5,0.04866601454101449,4,1
random,200,23,13,53.0,95.0,78.0,75.0,83.0,83.0,64.0,99.5,0.04866601454101449,4,1
random,200,23,14,166.0,188.0,154.0,148.0,187.0,187.0,166.0,99.5,0.04866601454101449,4,1
random,200,23,15,166.0,161.0,169.0,168.0,166.0,166.0,178.0,99.5,0.04866601454101449,4,1
random,200,23,16,166.0,176.0,179.0,177.0,175.0,175.0,176.0,99.5,0.04866601454101449,4,1
random,200,23,17,7.0,13.0,15.0,15.0,11.0,11.0,12.0,99.5,0.04866601454101449,4,1
random,200,23,18,182.0,194.0,195.0,195.0,194.0,194.0,184.0,99.5,0.04866601454101449,4,1
random,200,23,19,7.0,17.0,5.0,5.0,16.0,16.0,7.0,99.5,0.04866601454101449,4,1
random,200,23,20,139.0,125.0,163.0,164.0,132.0,132.0,163.0,99.5,0.04866601454101449,4,1
random,200,23,21,115.0,166.0,130.0,129.0,160.0,160.0,117.0,99.5,0.04866601454101449,4,1
random,200,23,22,115.0,61.0,83.0,84.0,79.0,79.0,128.0,99.5,0.04866601454101449,4,1
random,200,23,23,115.0,129.0,119.0,116.0,128.0,128.0,125.0,99.5,0.04866601454101449,4,1
random,200,23,24,115.0,101.0,124.0,123.0,117.0,117.0,127.0,99.5,0.04866601454101449,4,1
random,200,23,25,115.0,132.0,137.0,140.0,129.0,129.0,133.0,99.5,0.04866601454101449,4,1
random,200,23,26,38.0,47.0,41.0,42.0,50.0,50.0,44.0,99.5,0.04866601454101449,4,1
random,200,23,27,79.0,116.0,122.0,121.0,110.0,110.0,101.0,99.5,0.04866601454101449,4,1
random,200,23,28,79.0,106.0,112.0,113.0,103.0,103.0,106.0,99.5,0.04866601454101449,4,1
random,200,23,29,20.0,22.0,30.0,29.0,24.0,24.0,30.0,99.5,0.04866601454101449,4,1
random,200,23,30,15.0,23.0,20.0,20.0,23.0,23.0,16.0,99.5,0.04866601454101449,4,1
random,200,23,31,20.0,36.0,39.0,41.0,32.0,32.0,35.0,99.5,0.04866601454101449,4,1
random,200,23,32,79.0,106.0,127.0,128.0,107.0,107.0,104.0,99.5,0.04866601454101449,4,1
random,200,23,33,182.0,196.0,196.0,196.0,196.0,196.0,183.0,99.5,0.04866601454101449,4,1
random,200,23,34,2.0,1.0,3.0,3.0,2.0,2.0,3.0,99.5,0.04866601454101449,4,1
random,200,23,35,166.0,177.0,174.0,173.0,177.0,177.0,170.0,99.5,0.04866601454101449,4,1
random,200,23,36,139.0,153.0,159.0,159.0,154.0,154.0,150.0,99.5,0.04866601454101449,4,1
random,200,23,37,15.0,14.0,22.0,22.0,13.0,13.0,19.0,99.5,0.04866601454101449,4,1
random,200,23,38,115.0,114.0,133.0,136.0,122.0,122.0,130.0,99.5,0.04866601454101449,4,1
random,200,23,39,139.0,140.0,167.0,169.0,138.0,138.0,164.0,99.5,0.04866601454101449,4,1
random,200,23,40,38.0,23.0,40.0,38.0,27.0,27.0,47.0,99.5,0.04866601454101449,4,1
random,200,23,41,53.0,87.0,48.0,46.0,81.0,81.0,54.0,99.5,0.04866601454101449,4,1
random,200,23,42,53.0,78.0,54.0,51.0,75.0,75.0,56.0,99.5,0.04866601454101449,4,1
random,200,23,43,166.0,158.0,160.0,156.0,167.0,167.0,169.0,99.5,0.04866601454101449,4,1
random,200,23,44,115.0,158.0,84.0,81.0,153.0,153.0,115.0,99.5,0.04866601454101449,4,1
random,200,23,45,139.0,161.0,142.0,142.0,164.0,164.0,140.0,99.5,0.04866601454101449,4,1
random,200,23,46,79.0,92.0,118.0,122.0,95.0,95.0,112.0,99.5,0.04866601454101449,4,1
random,200,23,47,79.0,67.0,79.0,77.0,80.0,80.0,94.0,99.5,0.04866601454101449,4,1
random,200,23,48,20.0,52.0,31.0,31.0,46.0,46.0,23.0,99.5,0.04866601454101449,4,1
random,200,23,49,115.0,151.0,128.0,126.0,146.0,146.0,122.0,99.5,0.04866601454101449,4,1
random,200,23,50,15.0,18.0,6.0,6.0,19.0,19.0,15.0,99.5,0.04866601454101449,4,1
random,200,23,51,79.0,122.0,70.0,73.0,115.0,115.0,80.0,99.5,0.04866601454101449,4,1
random,200,23,52,79.0,87.0,69.0,68.0,86.0,86.0,87.0,99.5,0.04866601454101449,4,1
random,200,23,53,166.0,169.0,166.0,165.0,171.0,171.0,173.0,99.5,0.04866601454101449,4,1
random,200,23,54,139.0,145.0,147.0,144.0,149.0,149.0,144.0,99.5,0.04866601454101449,4,1
random,200,23,55,38.0,36.0,60.0,60.0,34.0,34.0,51.0,99.5,0.04866601454101449,4,1
random,200,23,56,53.0,92.0,55.0,56.0,84.0,84.0,55.0,99.5,0.04866601454101449,4,1
random,200,23,57,182.0,189.0,183.0,181.0,189.0,189.0,185.0,99.5,0.04866601454101449,4,1
random,200,23,58,20.0,31.0,16.0,16.0,28.0,28.0,24.0,99.5,0.04866601454101449,4,1
random,200,23,59,53.0,112.0,67.0,65.0,99.0,99.0,57.0,99.5,0.04866601454101449,4,1
random,200,23,60,166.0,127.0,182.0,184.0,133.0,133.0,181.0,99.5,0.04866601454101449,4,1
random,200,23,61,182.0,183.0,186.0,186.0,185.0,185.0,187.0,99.5,0.04866601454101449,4,1
random,200,23,62,139.0,163.0,157.0,158.0,162.0,162.0,156.0,99.5,0.04866601454101449,4,1
random,200,23,63,194.0,191.0,191.0,191.0,191.0,191.0,199.0,99.5,0.04866601454101449,4,1
random,200,23,64,38.0,42.0,46.0,47.0,43.0,43.0,42.0,99.5,0.04866601454101449,4,1
random,200,23,65,53.0,67.0,71.0,70.0,61.0,61.0,71.0,99.5,0.04866601454101449,4,1
random,200,23,66,38.0,23.0,58.0,59.0,30.0,30.0,52.0,99.5,0.04866601454101449,4,1
random,200,23,67,115.0,112.0,143.0,149.0,112.0,112.0,134.0,99.5,0.04866601454101449,4,1
random,200,23,68,182.0,193.0,180.0,180.0,193.0,193.0,182.0,99.5,0.04866601454101449,4,1
random,200,23,69,20.0,29.0,33.0,33.0,29.0,29.0,32.0,99.5,0.04866601454101449,4,1
random,200,23,70,115.0,140.0,121.0,117.0,134.0,134.0,123.0,99.5,0.04866601454101449,4,1
random,200,23,71,139.0,140.0,135.0,135.0,142.0,142.0,147.0,99.5,0.04866601454101449,4,1
random,200,23,72,139.0,172.0,152.0,151.0,170.0,170.0,142.0,99.5,0.04866601454101449,4,1
random,200,23,73,139.0,156.0,175.0,179.0,154.0,154.0,160.0,99.5,0.04866601454101449,4,1
random,200,23,74,79.0,130.0,120.0,118.0,125.0,125.0,96.0,99.5,0.04866601454101449,4,1
random,200,23,75,115.0,106.0,90.0,90.0,112.0,112.0,120.0,99.5,0.04866601454101449,4,1
random,200,23,76,115.0,83.0,132.0,131.0,95.0,95.0,137.0,99.5,0.04866601454101449,4,1
random,200,23,77,115.0,133.0,144.0,143.0,131.0,131.0,131.0,99.5,0.04866601454101449,4,1
random,200,23,78,4.0,3.0,7.0,7.0,3.0,3.0,5.0,99.5,0.04866601454101449,4,1
random,200,23,79,79.0,67.0,68.0,67.0,78.0,78.0,86.0,99.5,0.04866601454101449,4,1
random,200,23,80,15.0,9.0,12.0,10.0,10.0,10.0,18.0,99.5,0.04866601454101449,4,1
random,200,23,81,115.0,166.0,106.0,108.0,160.0,160.0,118.0,99.5,0.04866601454101449,4,1
random,200,23,82,139.0,185.0,140.0,139.0,182.0,182.0,139.0,99.5,0.04866601454101449,4,1
random,200,23,83,139.0,137.0,170.0,170.0,140.0,140.0,165.0,99.5,0.04866601454101449,4,1
random,200,23,84,182.0,180.0,188.0,190.0,183.0,183.0,193.0,99.5,0.04866601454101449,4,1
random,200,23,85,38.0,44.0,37.0,37.0,44.0,44.0,41.0,99.5,0.04866601454101449,4,1
random,200,23,86,20.0,21.0,32.0,32.0,22.0,22.0,36.0,99.5,0.04866601454101449,4,1
random,200,23,87,139.0,145.0,139.0,138.0,148.0,148.0,145.0,99.5,0.04866601454101449,4,1
random,200,23,88,79.0,119.0,109.0,109.0,121.0,121.0,83.0,99.5,0.04866601454101449,4,1
random,200,23,89,166.0,177.0,168.0,167.0,177.0,177.0,167.0,99.5,0.04866601454101449,4,1
random,200,23,90,79.0,65.0,101.0,105.0,73.0,73.0,113.0,99.5,0.04866601454101449,4,1
random,200,23,91,20.0,61.0,14.0,14.0,52.0,52.0,20.0,99.5,0.04866601454101449,4,1
random,200,23,92,115.0,153.0,104.0,102.0,147.0,147.0,116.0,99.5,0.04866601454101449,4,1
random,200,23,93,1.0,1.0,2.0,2.0,1.0,1.0,1.0,99.5,0.04866601454101449,4,1
random,200,23,94,79.0,122.0,100.0,96.0,119.0,119.0,92.0,99.5,0.04866601454101449,4,1
random,200,23,95,200.0,200.0,200.0,200.0,200.0,200.0,200.0,99.5,0.04866601454101449,4,1
random,200,23,96,38.0,40.0,51.0,50.0,39.0,39.0,48.0,99.5,0.04866601454101449,4,1
random,200,23,97,79.0,119.0,91.0,87.0,122.0,122.0,88.0,99.5,0.04866601454101449,4,1
random,200,23,98,20.0,47.0,29.0,30.0,41.0,41.0,25.0,99.5,0.04866601454101449,4,1
random,200,23,99,139.0,137.0,150.0,152.0,137.0,137.0,157.0,99.5,0.04866601454101449,4,1
random,200,23,100,38.0,44.0,63.0,63.0,47.0,47.0,46.0,99.5,0.04866601454101449,4,1
random,200,23,101,53.0,83.0,77.0,76.0,74.0,74.0,68.0,99.5,0.04866601454101449,4,1
random,200,23,102,139.0,158.0,165.0,166.0,159.0,159.0,159.0,99.5,0.04866601454101449,4,1
random,200,23,103,53.0,44.0,72.0,74.0,49.0,49.0,73.0,99.5,0.04866601454101449,4,1
random,200,23,104,79.0,81.0,89.0,86.0,84.0,84.0,95.0,99.5,0.04866601454101449,4,1
random,200,23,105,53.0,106.0,74.0,72.0,99.0,99.0,58.0,99.5,0.04866601454101449,4,1
random,200,23,106,194.0,195.0,197.0,197.0,195.0,195.0,197.0,99.5,0.04866601454101449,4,1
random,200,23,107,166.0,180.0,172.0,172.0,179.0,179.0,171.0,99.5,0.04866601454101449,4,1
random,200,23,108,15.0,16.0,13.0,13.0,17.0,17.0,17.0,99.5,0.04866601454101449,4,1
random,200,23,109,115.0,125.0,148.0,146.0,126.0,126.0,136.0,99.5,0.04866601454101449,4,1
random,200,23,110,115.0,78.0,92.0,88.0,87.0,87.0,129.0,99.5,0.04866601454101449,4,1
random,200,23,111,139.0,116.0,149.0,153.0,126.0,126.0,161.0,99.5,0.04866601454101449,4,1
random,200,23,112,182.0,186.0,189.0,189.0,186.0,186.0,191.0,99.5,0.04866601454101449,4,1
random,200,23,113,53.0,61.0,96.0,103.0,62.0,62.0,76.0,99.5,0.04866601454101449,4,1
random,200,23,114,20.0,50.0,50.0,52.0,41.0,41.0,34.0,99.5,0.04866601454101449,4,1
random,200,23,115,139.0,130.0,161.0,160.0,135.0,135.0,158.0,99.5,0.04866601454101449,4,1
random,200,23,116,38.0,60.0,36.0,36.0,54.0,54.0,43.0,99.5,0.04866601454101449,4,1
random,200,23,117,7.0,4.0,9.0,9.0,5.0,5.0,14.0,99.5,0.04866601454101449,4,1
random,200,23,118,139.0,153.0,162.0,163.0,152.0,152.0,162.0,99.5,0.04866601454101449,4,1
random,200,23,119,79.0,101.0,117.0,120.0,105.0,105.0,100.0,99.5,0.04866601454101449,4,1
random,200,23,120,53.0,26.0,53.0,54.0,33.0,33.0,67.0,99.5,0.04866601454101449,4,1
random,200,23,121,7.0,10.0,11.0,11.0,9.0,9.0,9.0,99.5,0.04866601454101449,4,1
random,200,23,122,115.0,101.0,129.0,130.0,109.0,109.0,135.0,99.5,0.04866601454101449,4,1
random,200,23,123,79.0,114.0,73.0,71.0,117.0,117.0,82.0,99.5,0.04866601454101449,4,1
random,200,23,124,79.0,67.0,98.0,99.0,76.0,76.0,107.0,99.5,0.04866601454101449,4,1
random,200,23,125,38.0,36.0,44.0,44.0,38.0,38.0,45.0,99.5,0.04866601454101449,4,1
random,200,23,126,194.0,192.0,198.0,198.0,192.0,192.0,198.0,99.5,0.04866601454101449,4,1
random,200,23,127,53.0,106.0,85.0,89.0,97.0,97.0,69.0,99.5,0.04866601454101449,4,1
random,200,23,128,53.0,32.0,86.0,92.0,39.0,39.0,74.0,99.5,0.04866601454101449,4,1
random,200,23,129,166.0,171.0,171.0,171.0,172.0,172.0,177.0,99.5,0.04866601454101449,4,1
random,200,23,130,7.0,20.0,19.0,21.0,18.0,18.0,10.0,99.5,0.04866601454101449,4,1
random,200,23,131,166.0,148.0,173.0,174.0,158.0,158.0,180.0,99.5,0.04866601454101449,4,1
random,200,23,132,79.0,106.0,49.0,49.0,107.0,107.0,81.0,99.5,0.04866601454101449,4,1
random,200,23,133,194.0,197.0,199.0,199.0,197.0,197.0,196.0,99.5,0.04866601454101449,4,1
random,200,23,134,79.0,50.0,108.0,107.0,56.0,56.0,110.0,99.5,0.04866601454101449,4,1
random,200,23,135,166.0,183.0,164.0,162.0,179.0,179.0,168.0,99.5,0.04866601454101449,4,1
random,200,23,136,38.0,40.0,42.0,48.0,37.0,37.0,50.0,99.5,0.04866601454101449,4,1
random,200,23,137,38.0,74.0,56.0,58.0,70.0,70.0,40.0,99.5,0.04866601454101449,4,1
random,200,23,138,182.0,163.0,187.0,187.0,169.0,169.0,192.0,99.5,0.04866601454101449,4,1
random,200,23,139,53.0,36.0,76.0,79.0,48.0,48.0,75.0,99.5,0.04866601454101449,4,1
random,200,23,140,79.0,92.0,99.0,95.0,91.0,91.0,93.0,99.5,0.04866601454101449,4,1
random,200,23,141,38.0,78.0,47.0,43.0,72.0,72.0,38.0,99.5,0.04866601454101449,4,1
random,200,23,142,20.0,11.0,24.0,24.0,15.0,15.0,33.0,99.5,0.04866601454101449,4,1
random,200,23,143,79.0,119.0,93.0,94.0,110.0,110.0,90.0,99.5,0.04866601454101449,4,1
random,200,23,144,182.0,173.0,184.0,182.0,176.0,176.0,188.0,99.5,0.04866601454101449,4,1
random,200,23,145,182.0,186.0,193.0,194.0,188.0,188.0,189.0,99.5,0.04866601454101449,4,1
random,200,23,146,194.0,198.0,192.0,192.0,198.0,198.0,195.0,99.5,0.04866601454101449,4,1
random,200,23,147,139.0,151.0,151.0,150.0,156.0,156.0,149.0,99.5,0.04866601454101449,4,1
random,200,23,148,53.0,67.0,66.0,66.0,64.0,64.0,65.0,99.5,0.04866601454101449,4,1
random,200,23,149,79.0,97.0,57.0,55.0,104.0,104.0,79.0,99.5,0.04866601454101449,4,1
random,200,23,150,166.0,175.0,176.0,175.0,174.0,174.0,174.0,99.5,0.04866601454101449,4,1
random,200,23,151,139.0,137.0,145.0,147.0,140.0,140.0,154.0,99.5,0.04866601454101449,4,1
random,200,23,152,20.0,32.0,21.0,19.0,31.0,31.0,21.0,99.5,0.04866601454101449,4,1
random,200,23,153,166.0,173.0,181.0,183.0,173.0,173.0,175.0,99.5,0.04866601454101449,4,1
random,200,23,154,53.0,56.0,59.0,57.0,60.0,60.0,61.0,99.5,0.04866601454101449,4,1
random,200,23,155,115.0,83.0,131.0,133.0,102.0,102.0,132.0,99.5,0.04866601454101449,4,1
random,200,23,156,53.0,32.0,75.0,78.0,35.0,35.0,78.0,99.5,0.04866601454101449,4,1
random,200,23,157,20.0,18.0,23.0,23.0,20.0,20.0,31.0,99.5,0.04866601454101449,4,1
random,200,23,158,194.0,199.0,194.0,193.0,199.0,199.0,194.0,99.5,0.04866601454101449,4,1
random,200,23,159,20.0,56.0,28.0,28.0,53.0,53.0,22.0,99.5,0.04866601454101449,4,1
random,200,23,160,53.0,52.0,45.0,40.0,58.0,58.0,59.0,99.5,0.04866601454101449,4,1
random,200,23,161,79.0,127.0,94.0,93.0,124.0,124.0,85.0,99.5,0.04866601454101449,4,1
random,200,23,162,4.0,6.0,8.0,8.0,6.0,6.0,6.0,99.5,0.04866601454101449,4,1
random,200,23,163,79.0,87.0,87.0,91.0,91.0,91.0,98.0,99.5,0.04866601454101449,4,1
random,200,23,164,79.0,52.0,123.0,124.0,63.0,63.0,114.0,99.5,0.04866601454101449,4,1
random,200,23,165,139.0,135.0,138.0,137.0,139.0,139.0,141.0,99.5,0.04866601454101449,4,1
random,200,23,166,4.0,8.0,4.0,4.0,8.0,8.0,4.0,99.5,0.04866601454101449,4,1
random,200,23,167,139.0,140.0,136.0,134.0,143.0,143.0,148.0,99.5,0.04866601454101449,4,1
random,200,23,168,53.0,97.0,64.0,64.0,90.0,90.0,60.0,99.5,0.04866601454101449,4,1
random,200,23,169,7.0,26.0,17.0,17.0,21.0,21.0,8.0,99.5,0.04866601454101449,4,1
random,200,23,170,53.0,67.0,82.0,82.0,71.0,71.0,72.0,99.5,0.04866601454101449,4,1
random,200,23,171,20.0,29.0,26.0,25.0,26.0,26.0,27.0,99.5,0.04866601454101449,4,1
random,200,23,172,20.0,11.0,25.0,26.0,14.0,14.0,37.0,99.5,0.04866601454101449,4,1
random,200,23,173,139.0,150.0,158.0,161.0,151.0,151.0,155.0,99.5,0.04866601454101449,4,1
random,200,23,174,53.0,74.0,61.0,62.0,67.0,67.0,63.0,99.5,0.04866601454101449,4,1
random,200,23,175,139.0,145.0,134.0,132.0,150.0,150.0,146.0,99.5,0.04866601454101449,4,1
random,200,23,176,53.0,67.0,65.0,69.0,67.0,67.0,66.0,99.5,0.04866601454101449,4,1
random,200,23,177,79.0,56.0,111.0,114.0,65.0,65.0,111.0,99.5,0.04866601454101449,4,1
random,200,23,178,115.0,144.0,103.0,100.0,136.0,136.0,119.0,99.5,0.04866601454101449,4,1
random,200,23,179,79.0,97.0,88.0,83.0,98.0,98.0,84.0,99.5,0.04866601454101449,4,1
random,200,23,180,53.0,76.0,35.0,35.0,77.0,77.0,53.0,99.5,0.04866601454101449,4,1
random,200,23,181,7.0,6.0,10.0,12.0,7.0,7.0,13.0,99.5,0.04866601454101449,4,1
random,200,23,182,182.0,179.0,185.0,185.0,184.0,184.0,190.0,99.5,0.04866601454101449,4,1
random,200,23,183,38.0,32.0,52.0,53.0,35.0,35.0,49.0,99.5,0.04866601454101449,4,1
random,200,23,184,79.0,76.0,95.0,98.0,82.0,82.0,97.0,99.5,0.04866601454101449,4,1
random,200,23,185,115.0,101.0,110.0,110.0,112.0,112.0,126.0,99.5,0.04866601454101449,4,1
random,200,23,186,7.0,14.0,18.0,18.0,12.0,12.0,11.0,99.5,0.04866601454101449,4,1
random,200,23,187,53.0,65.0,62.0,61.0,69.0,69.0,62.0,99.5,0.04866601454101449,4,1
random,200,23,188,139.0,169.0,153.0,154.0,165.0,165.0,152.0,99.5,0.04866601454101449,4,1
random,200,23,189,139.0,163.0,156.0,155.0,162.0,162.0,153.0,99.5,0.04866601454101449,4,1
random,200,23,190,182.0,190.0,190.0,188.0,190.0,190.0,186.0,99.5,0.04866601454101449,4,1
random,200,23,191,79.0,87.0,80.0,80.0,89.0,89.0,91.0,99.5,0.04866601454101449,4,1
random,200,23,192,115.0,133.0,113.0,112.0,130.0,130.0,124.0,99.5,0.04866601454101449,4,1
random,200,23,193,115.0,148.0,125.0,125.0,143.0,143.0,121.0,99.5,0.04866601454101449,4,1
random,200,23,194,79.0,101.0,116.0,119.0,105.0,105.0,105.0,99.5,0.04866601454101449,4,1
random,200,23,195,53.0,42.0,97.0,101.0,44.0,44.0,77.0,99.5,0.04866601454101449,4,1
random,200,23,196,20.0,81.0,43.0,45.0,59.0,59.0,26.0,99.5,0.04866601454101449,4,1
random,200,23,197,139.0,135.0,146.0,145.0,145.0,145.0,151.0,99.5,0.04866601454101449,4,1
random,200,23,198,79.0,87.0,105.0,104.0,91.0,91.0,103.0,99.5,0.04866601454101449,4,1
random,200,23,199,139.0,156.0,141.0,141.0,157.0,157.0,143.0,99.5,0.04866601454101449,4,1
random,200,24,0,59.0,107.0,59.0,58.0,93.0,93.0,59.0,99.5,0.03435969585969584,3,1
random,200,24,1,139.0,138.0,151.0,153.0,142.0,142.0,154.0,99.5,0.03435969585969584,3,1
random,200,24,2,42.0,29.0,37.0,36.0,37.0,37.0,46.0,99.5,0.03435969585969584,3,1
random,200,24,3,117.0,144.0,127.0,127.0,139.0,139.0,121.0,99.5,0.03435969585969584,3,1
random,200,24,4,59.0,55.0,78.0,79.0,55.0,55.0,81.0,99.5,0.03435969585969584,3,1
random,200,24,5,83.0,90.0,100.0,101.0,96.0,96.0,100.0,99.5,0.03435969585969584,3,1
random,200,24,6,83.0,74.0,134.0,134.0,76.0,76.0,114.0,99.5,0.03435969585969584,3,1
random,200,24,7,117.0,107.0,124.0,125.0,114.0,114.0,132.0,99.5,0.03435969585969584,3,1
random,200,24,8,83.0,126.0,84.0,86.0,121.0,121.0,87.0,99.5,0.03435969585969584,3,1
random,200,24,9,83.0,104.0,77.0,77.0,103.0,103.0,92.0,99.5,0.03435969585969584,3,1
random,200,24,10,139.0,135.0,139.0,139.0,138.0,138.0,150.0,99.5,0.03435969585969584,3,1
random,200,24,11,83.0,104.0,68.0,67.0,106.0,106.0,88.0,99.5,0.03435969585969584,3,1
random,200,24,12,1.0,2.0,3.0,3.0,2.0,2.0,1.0,99.5,0.03435969585969584,3,1
random,200,24,13,160.0,169.0,175.0,176.0,168.0,168.0,170.0,99.5,0.03435969585969584,3,1
random,200,24,14,42.0,57.0,44.0,45.0,56.0,56.0,47.0,99.5,0.03435969585969584,3,1
random,200,24,15,10.0,57.0,47.0,47.0,51.0,51.0,22.0,99.5,0.03435969585969584,3,1
random,200,24,16,83.0,149.0,121.0,123.0,140.0,140.0,93.0,99.5,0.03435969585969584,3,1
random,200,24,17,191.0,185.0,196.0,196.0,187.0,187.0,197.0,99.5,0.03435969585969584,3,1
random,200,24,18,83.0,90.0,102.0,100.0,91.0,91.0,106.0,99.5,0.03435969585969584,3,1
random,200,24,19,10.0,19.0,25.0,28.0,22.0,22.0,19.0,99.5,0.03435969585969584,3,1
random,200,24,20,139.0,151.0,158.0,156.0,150.0,150.0,148.0,99.5,0.03435969585969584,3,1
random,200,24,21,160.0,160.0,173.0,175.0,163.0,163.0,173.0,99.5,0.03435969585969584,3,1
random,200,24,22,139.0,128.0,164.0,164.0,132.0,132.0,159.0,99.5,0.03435969585969584,3,1
random,200,24,23,59.0,90.0,105.0,106.0,82.0,82.0,80.0,99.5,0.03435969585969584,3,1
random,200,24,24,160.0,155.0,166.0,167.0,159.0,159.0,169.0,99.5,0.03435969585969584,3,1
random,200,24,25,10.0,13.0,22.0,27.0,14.0,14.0,23.0,99.5,0.03435969585969584,3,1
random,200,24,26,83.0,130.0,73.0,69.0,125.0,125.0,86.0,99.5,0.03435969585969584,3,1
random,200,24,27,177.0,175.0,185.0,185.0,178.0,178.0,184.0,99.5,0.03435969585969584,3,1
random,200,24,28,117.0,149.0,111.0,109.0,145.0,145.0,120.0,99.5,0.03435969585969584,3,1
random,200,24,29,42.0,19.0,40.0,40.0,25.0,25.0,57.0,99.5,0.03435969585969584,3,1
random,200,24,30,160.0,188.0,154.0,154.0,186.0,186.0,160.0,99.5,0.03435969585969584,3,1
random,200,24,31,83.0,57.0,104.0,102.0,67.0,67.0,112.0,99.5,0.03435969585969584,3,1
random,200,24,32,83.0,72.0,94.0,92.0,76.0,76.0,103.0,99.5,0.03435969585969584,3,1
random,200,24,33,83.0,98.0,126.0,126.0,98.0,98.0,110.0,99.5,0.03435969585969584,3,1
random,200,24,34,29.0,53.0,18.0,18.0,50.0,50.0,28.0,99.5,0.03435969585969584,3,1
random,200,24,35,198.0,199.0,198.0,198.0,199.0,199.0,198.0,99.5,0.03435969585969584,3,1
random,200,24,36,3.0,1.0,2.0,2.0,1.0,1.0,3.0,99.5,0.03435969585969584,3,1
random,200,24,37,139.0,173.0,142.0,138.0,168.0,168.0,142.0,99.5,0.03435969585969584,3,1
random,200,24,38,139.0,135.0,149.0,148.0,137.0,137.0,151.0,99.5,0.03435969585969584,3,1
random,200,24,39,83.0,66.0,91.0,93.0,73.0,73.0,101.0,99.5,0.03435969585969584,3,1
random,200,24,40,177.0,178.0,193.0,193.0,181.0,181.0,186.0,99.5,0.03435969585969584,3,1
random,200,24,41,177.0,168.0,179.0,179.0,172.0,172.0,187.0,99.5,0.03435969585969584,3,1
random,200,24,42,3.0,8.0,5.0,6.0,7.0,7.0,4.0,99.5,0.03435969585969584,3,1
random,200,24,43,139.0,116.0,160.0,160.0,122.0,122.0,157.0,99.5,0.03435969585969584,3,1
random,200,24,44,117.0,98.0,112.0,110.0,110.0,110.0,127.0,99.5,0.03435969585969584,3,1
random,200,24,45,117.0,133.0,115.0,114.0,134.0,134.0,124.0,99.5,0.03435969585969584,3,1
random,200,24,46,59.0,55.0,86.0,83.0,61.0,61.0,74.0,99.5,0.03435969585969584,3,1
random,200,24,47,139.0,117.0,141.0,143.0,127.0,127.0,155.0,99.5,0.03435969585969584,3,1
random,200,24,48,42.0,32.0,48.0,44.0,41.0,41.0,49.0,99.5,0.03435969585969584,3,1
random,200,24,49,3.0,2.0,14.0,15.0,4.0,4.0,5.0,99.5,0.03435969585969584,3,1
random,200,24,50,10.0,15.0,32.0,33.0,15.0,15.0,25.0,99.5,0.03435969585969584,3,1
random,200,24,51,10.0,15.0,24.0,24.0,16.0,16.0,17.0,99.5,0.03435969585969584,3,1
random,200,24,52,59.0,124.0,67.0,68.0,115.0,115.0,61.0,99.5,0.03435969585969584,3,1
random,200,24,53,160.0,155.0,174.0,178.0,158.0,158.0,175.0,99.5,0.03435969585969584,3,1
random,200,24,54,139.0,138.0,145.0,146.0,141.0,141.0,152.0,99.5,0.03435969585969584,3,1
random,200,24,55,42.0,74.0,63.0,62.0,71.0,71.0,51.0,99.5,0.03435969585969584,3,1
random,200,24,56,191.0,191.0,197.0,197.0,192.0,192.0,195.0,99.5,0.03435969585969584,3,1
random,200,24,57,117.0,146.0,114.0,115.0,142.0,142.0,119.0,99.5,0.03435969585969584,3,1
random,200,24,58,59.0,89.0,81.0,87.0,80.0,80.0,70.0,99.5,0.03435969585969584,3,1
random,200,24,59,83.0,121.0,109.0,111.0,117.0,117.0,102.0,99.5,0.03435969585969584,3,1
random,200,24,60,191.0,197.0,190.0,188.0,197.0,197.0,191.0,99.5,0.03435969585969584,3,1
random,200,24,61,191.0,195.0,194.0,194.0,196.0,196.0,193.0,99.5,0.03435969585969584,3,1
random,200,24,62,42.0,46.0,50.0,53.0,46.0,46.0,54.0,99.5,0.03435969585969584,3,1
random,200,24,63,83.0,134.0,28.0,26.0,124.0,124.0,60.0,99.5,0.03435969585969584,3,1
random,200,24,64,83.0,98.0,74.0,73.0,98.0,98.0,95.0,99.5,0.03435969585969584,3,1
random,200,24,65,139.0,164.0,153.0,152.0,160.0,160.0,147.0,99.5,0.03435969585969584,3,1
random,200,24,66,160.0,153.0,162.0,162.0,156.0,156.0,167.0,99.5,0.03435969585969584,3,1
random,200,24,67,139.0,148.0,157.0,157.0,148.0,148.0,156.0,99.5,0.03435969585969584,3,1
random,200,24,68,117.0,119.0,107.0,108.0,119.0,119.0,126.0,99.5,0.03435969585969584,3,1
random,200,24,69,10.0,17.0,13.0,13.0,17.0,17.0,14.0,99.5,0.03435969585969584,3,1
random,200,24,70,83.0,66.0,99.0,99.0,78.0,78.0,107.0,99.5,0.03435969585969584,3,1
random,200,24,71,117.0,158.0,116.0,122.0,154.0,154.0,118.0,99.5,0.03435969585969584,3,1
random,200,24,72,117.0,107.0,133.0,137.0,116.0,116.0,135.0,99.5,0.03435969585969584,3,1
random,200,24,73,83.0,96.0,85.0,81.0,96.0,96.0,90.0,99.5,0.03435969585969584,3,1
random,200,24,74,177.0,166.0,187.0,187.0,167.0,167.0,190.0,99.5,0.03435969585969584,3,1
random,200,24,75,177.0,179.0,191.0,191.0,183.0,183.0,185.0,99.5,0.03435969585969584,3,1
random,200,24,76,29.0,27.0,10.0,11.0,27.0,27.0,30.0,99.5,0.03435969585969584,3,1
random,200,24,77,83.0,57.0,118.0,118.0,67.0,67.0,115.0,99.5,0.03435969585969584,3,1
random,200,24,78,42.0,57.0,57.0,60.0,59.0,59.0,45.0,99.5,0.03435969585969584,3,1
random,200,24,79,83.0,77.0,106.0,105.0,87.0,87.0,108.0,99.5,0.03435969585969584,3,1
random,200,24,80,29.0,27.0,45.0,46.0,30.0,30.0,41.0,99.5,0.03435969585969584,3,1
random,200,24,81,59.0,66.0,75.0,75.0,65.0,65.0,76.0,99.5,0.03435969585969584,3,1
random,200,24,82,42.0,73.0,64.0,64.0,64.0,64.0,48.0,99.5,0.03435969585969584,3,1
random,200,24,83,177.0,177.0,178.0,174.0,180.0,180.0,183.0,99.5,0.03435969585969584,3,1
random,200,24,84,59.0,82.0,103.0,104.0,81.0,81.0,73.0,99.5,0.03435969585969584,3,1
random,200,24,85,10.0,23.0,46.0,50.0,23.0,23.0,29.0,99.5,0.03435969585969584,3,1
random,200,24,86,10.0,6.0,31.0,32.0,5.0,5.0,27.0,99.5,0.03435969585969584,3,1
random,200,24,87,83.0,66.0,128.0,130.0,73.0,73.0,113.0,99.5,0.03435969585969584,3,1
random,200,24,88,1.0,4.0,1.0,1.0,3.0,3.0,2.0,99.5,0.03435969585969584,3,1
random,200,24,89,177.0,174.0,192.0,192.0,177.0,177.0,188.0,99.5,0.03435969585969584,3,1
random,200,24,90,42.0,32.0,42.0,43.0,41.0,41.0,53.0,99.5,0.03435969585969584,3,1
random,200,24,91,42.0,32.0,49.0,48.0,41.0,41.0,50.0,99.5,0.03435969585969584,3,1
random,200,24,92,160.0,172.0,167.0,168.0,170.0,170.0,163.0,99.5,0.03435969585969584,3,1
random,200,24,93,10.0,19.0,15.0,14.0,18.0,18.0,15.0,99.5,0.03435969585969584,3,1
random,200,24,94,177.0,183.0,180.0,180.0,184.0,184.0,180.0,99.5,0.03435969585969584,3,1
random,200,24,95,117.0,121.0,150.0,147.0,120.0,120.0,136.0,99.5,0.03435969585969584,3,1
random,200,24,96,160.0,165.0,165.0,165.0,165.0,165.0,168.0,99.5,0.03435969585969584,3,1
random,200,24,97,83.0,90.0,82.0,88.0,89.0,89.0,98.0,99.5,0.03435969585969584,3,1
random,200,24,98,42.0,46.0,62.0,63.0,46.0,46.0,56.0,99.5,0.03435969585969584,3,1
random,200,24,99,59.0,66.0,55.0,54.0,66.0,66.0,67.0,99.5,0.03435969585969584,3,1
random,200,24,100,139.0,144.0,147.0,145.0,147.0,147.0,149.0,99.5,0.03435969585969584,3,1
random,200,24,101,160.0,138.0,163.0,163.0,146.0,146.0,174.0,99.5,0.03435969585969584,3,1
random,200,24,102,83.0,82.0,83.0,82.0,88.0,88.0,104.0,99.5,0.03435969585969584,3,1
random,200,24,103,117.0,90.0,143.0,144.0,101.0,101.0,140.0,99.5,0.03435969585969584,3,1
random,200,24,104,29.0,42.0,41.0,41.0,38.0,38.0,37.0,99.5,0.03435969585969584,3,1
random,200,24,105,177.0,193.0,183.0,182.0,193.0,193.0,178.0,99.5,0.03435969585969584,3,1
random,200,24,106,42.0,79.0,56.0,56.0,70.0,70.0,43.0,99.5,0.03435969585969584,3,1
random,200,24,107,83.0,162.0,92.0,89.0,149.0,149.0,85.0,99.5,0.03435969585969584,3,1
random,200,24,108,117.0,82.0,138.0,140.0,92.0,92.0,137.0,99.5,0.03435969585969584,3,1
random,200,24,109,177.0,179.0,169.0,166.0,182.0,182.0,181.0,99.5,0.03435969585969584,3,1
random,200,24,110,10.0,9.0,17.0,17.0,11.0,11.0,21.0,99.5,0.03435969585969584,3,1
random,200,24,111,29.0,7.0,19.0,19.0,10.0,10.0,36.0,99.5,0.03435969585969584,3,1
random,200,24,112,42.0,42.0,52.0,52.0,45.0,45.0,52.0,99.5,0.03435969585969584,3,1
random,200,24,113,6.0,32.0,8.0,7.0,26.0,26.0,6.0,99.5,0.03435969585969584,3,1
random,200,24,114,29.0,30.0,38.0,38.0,27.0,27.0,38.0,99.5,0.03435969585969584,3,1
random,200,24,115,117.0,124.0,130.0,128.0,127.0,127.0,129.0,99.5,0.03435969585969584,3,1
random,200,24,116,191.0,194.0,189.0,189.0,194.0,194.0,192.0,99.5,0.03435969585969584,3,1
random,200,24,117,160.0,143.0,177.0,177.0,152.0,152.0,176.0,99.5,0.03435969585969584,3,1
random,200,24,118,139.0,151.0,88.0,80.0,153.0,153.0,138.0,99.5,0.03435969585969584,3,1
random,200,24,119,139.0,86.0,156.0,158.0,109.0,109.0,158.0,99.5,0.03435969585969584,3,1
random,200,24,120,177.0,196.0,176.0,172.0,195.0,195.0,177.0,99.5,0.03435969585969584,3,1
random,200,24,121,10.0,5.0,12.0,12.0,5.0,5.0,18.0,99.5,0.03435969585969584,3,1
random,200,24,122,10.0,13.0,30.0,30.0,13.0,13.0,26.0,99.5,0.03435969585969584,3,1
random,200,24,123,200.0,200.0,200.0,200.0,200.0,200.0,200.0,99.5,0.03435969585969584,3,1
random,200,24,124,59.0,64.0,90.0,95.0,62.0,62.0,77.0,99.5,0.03435969585969584,3,1
random,200,24,125,59.0,64.0,80.0,85.0,69.0,69.0,75.0,99.5,0.03435969585969584,3,1
random,200,24,126,117.0,98.0,131.0,129.0,113.0,113.0,130.0,99.5,0.03435969585969584,3,1
random,200,24,127,59.0,82.0,66.0,65.0,83.0,83.0,64.0,99.5,0.03435969585969584,3,1
random,200,24,128,83.0,115.0,95.0,94.0,112.0,112.0,97.0,99.5,0.03435969585969584,3,1
random,200,24,129,117.0,135.0,113.0,112.0,135.0,135.0,123.0,99.5,0.03435969585969584,3,1
random,200,24,130,160.0,170.0,159.0,159.0,170.0,170.0,161.0,99.5,0.03435969585969584,3,1
random,200,24,131,177.0,185.0,188.0,190.0,185.0,185.0,189.0,99.5,0.03435969585969584,3,1
random,200,24,132,10.0,23.0,7.0,8.0,24.0,24.0,11.0,99.5,0.03435969585969584,3,1
random,200,24,133,139.0,153.0,125.0,124.0,154.0,154.0,143.0,99.5,0.03435969585969584,3,1
random,200,24,134,29.0,53.0,34.0,34.0,49.0,49.0,33.0,99.5,0.03435969585969584,3,1
random,200,24,135,177.0,189.0,184.0,184.0,188.0,188.0,182.0,99.5,0.03435969585969584,3,1
random,200,24,136,29.0,32.0,27.0,25.0,34.0,34.0,31.0,99.5,0.03435969585969584,3,1
random,200,24,137,160.0,175.0,171.0,171.0,176.0,176.0,164.0,99.5,0.03435969585969584,3,1
random,200,24,138,59.0,57.0,87.0,84.0,62.0,62.0,72.0,99.5,0.03435969585969584,3,1
random,200,24,139,139.0,138.0,155.0,155.0,144.0,144.0,153.0,99.5,0.03435969585969584,3,1
random,200,24,140,59.0,77.0,89.0,90.0,75.0,75.0,71.0,99.5,0.03435969585969584,3,1
random,200,24,141,59.0,48.0,70.0,72.0,52.0,52.0,82.0,99.5,0.03435969585969584,3,1
random,200,24,142,10.0,19.0,16.0,16.0,20.0,20.0,20.0,99.5,0.03435969585969584,3,1
random,200,24,143,59.0,111.0,117.0,120.0,93.0,93.0,79.0,99.5,0.03435969585969584,3,1
random,200,24,144,117.0,131.0,108.0,107.0,133.0,133.0,122.0,99.5,0.03435969585969584,3,1
random,200,24,145,139.0,179.0,123.0,117.0,175.0,175.0,139.0,99.5,0.03435969585969584,3,1
random,200,24,146,160.0,158.0,161.0,161.0,162.0,162.0,165.0,99.5,0.03435969585969584,3,1
random,200,24,147,59.0,111.0,72.0,71.0,102.0,102.0,63.0,99.5,0.03435969585969584,3,1
random,200,24,148,198.0,198.0,199.0,199.0,198.0,198.0,199.0,99.5,0.03435969585969584,3,1
random,200,24,149,29.0,40.0,26.0,22.0,38.0,38.0,32.0,99.5,0.03435969585969584,3,1
random,200,24,150,139.0,161.0,144.0,142.0,161.0,161.0,146.0,99.5,0.03435969585969584,3,1
random,200,24,151,59.0,86.0,58.0,55.0,83.0,83.0,62.0,99.5,0.03435969585969584,3,1
random,200,24,152,83.0,90.0,93.0,91.0,90.0,90.0,91.0,99.5,0.03435969585969584,3,1
random,200,24,153,160.0,147.0,170.0,170.0,150.0,150.0,172.0,99.5,0.03435969585969584,3,1
random,200,24,154,29.0,32.0,43.0,42.0,33.0,33.0,35.0,99.5,0.03435969585969584,3,1
random,200,24,155,42.0,42.0,35.0,35.0,46.0,46.0,44.0,99.5,0.03435969585969584,3,1
random,200,24,156,83.0,129.0,71.0,70.0,126.0,126.0,84.0,99.5,0.03435969585969584,3,1
random,200,24,157,29.0,17.0,33.0,31.0,21.0,21.0,34.0,99.5,0.03435969585969584,3,1
random,200,24,158,83.0,86.0,132.0,136.0,86.0,86.0,116.0,99.5,0.03435969585969584,3,1
random,200,24,159,6.0,11.0,6.0,5.0,9.0,9.0,9.0,99.5,0.03435969585969584,3,1
random,200,24,160,117.0,138.0,146.0,150.0,136.0,136.0,128.0,99.5,0.03435969585969584,3,1
random,200,24,161,42.0,40.0,53.0,57.0,44.0,44.0,55.0,99.5,0.03435969585969584,3,1
random,200,24,162,59.0,49.0,76.0,76.0,53.0,53.0,83.0,99.5,0.03435969585969584,3,1
random,200,24,163,10.0,66.0,9.0,9.0,56.0,56.0,8.0,99.5,0.03435969585969584,3,1
random,200,24,164,6.0,26.0,11.0,10.0,19.0,19.0,7.0,99.5,0.03435969585969584,3,1
random,200,24,165,59.0,49.0,96.0,97.0,54.0,54.0,78.0,99.5,0.03435969585969584,3,1
random,200,24,166,29.0,42.0,36.0,37.0,36.0,36.0,39.0,99.5,0.03435969585969584,3,1
random,200,24,167,117.0,117.0,136.0,135.0,118.0,118.0,131.0,99.5,0.03435969585969584,3,1
random,200,24,168,29.0,30.0,39.0,39.0,29.0,29.0,40.0,99.5,0.03435969585969584,3,1
random,200,24,169,10.0,38.0,21.0,21.0,34.0,34.0,12.0,99.5,0.03435969585969584,3,1
random,200,24,170,59.0,52.0,65.0,66.0,58.0,58.0,69.0,99.5,0.03435969585969584,3,1
random,200,24,171,83.0,111.0,140.0,141.0,106.0,106.0,111.0,99.5,0.03435969585969584,3,1
random,200,24,172,139.0,167.0,152.0,151.0,166.0,166.0,145.0,99.5,0.03435969585969584,3,1
random,200,24,173,83.0,111.0,119.0,119.0,104.0,104.0,109.0,99.5,0.03435969585969584,3,1
random,200,24,174,6.0,9.0,4.0,4.0,8.0,8.0,10.0,99.5,0.03435969585969584,3,1
random,200,24,175,160.0,170.0,168.0,169.0,173.0,173.0,162.0,99.5,0.03435969585969584,3,1
random,200,24,176,10.0,51.0,29.0,29.0,40.0,40.0,16.0,99.5,0.03435969585969584,3,1
random,200,24,177,59.0,57.0,54.0,49.0,60.0,60.0,68.0,99.5,0.03435969585969584,3,1
random,200,24,178,117.0,104.0,135.0,132.0,110.0,110.0,134.0,99.5,0.03435969585969584,3,1
random,200,24,179,160.0,184.0,181.0,183.0,179.0,179.0,166.0,99.5,0.03435969585969584,3,1
random,200,24,180,59.0,97.0,79.0,78.0,95.0,95.0,65.0,99.5,0.03435969585969584,3,1
random,200,24,181,83.0,74.0,61.0,61.0,85.0,85.0,89.0,99.5,0.03435969585969584,3,1
random,200,24,182,117.0,121.0,129.0,131.0,127.0,127.0,125.0,99.5,0.03435969585969584,3,1
random,200,24,183,139.0,179.0,122.0,121.0,174.0,174.0,141.0,99.5,0.03435969585969584,3,1
random,200,24,184,42.0,79.0,51.0,51.0,72.0,72.0,42.0,99.5,0.03435969585969584,3,1
random,200,24,185,139.0,155.0,137.0,133.0,157.0,157.0,144.0,99.5,0.03435969585969584,3,1
random,200,24,186,117.0,119.0,148.0,149.0,123.0,123.0,133.0,99.5,0.03435969585969584,3,1
random,200,24,187,83.0,98.0,101.0,103.0,106.0,106.0,96.0,99.5,0.03435969585969584,3,1
random,200,24,188,191.0,192.0,195.0,195.0,191.0,191.0,196.0,99.5,0.03435969585969584,3,1
random,200,24,189,83.0,107.0,110.0,113.0,105.0,105.0,105.0,99.5,0.03435969585969584,3,1
random,200,24,190,160.0,162.0,172.0,173.0,164.0,164.0,171.0,99.5,0.03435969585969584,3,1
random,200,24,191,42.0,23.0,69.0,74.0,32.0,32.0,58.0,99.5,0.03435969585969584,3,1
random,200,24,192,191.0,187.0,186.0,186.0,189.0,189.0,194.0,99.5,0.03435969585969584,3,1
random,200,24,193,83.0,131.0,120.0,116.0,130.0,130.0,94.0,99.5,0.03435969585969584,3,1
random,200,24,194,177.0,190.0,182.0,181.0,190.0,190.0,179.0,99.5,0.03435969585969584,3,1
random,200,24,195,117.0,126.0,97.0,96.0,131.0,131.0,117.0,99.5,0.03435969585969584,3,1
random,200,24,196,10.0,12.0,23.0,23.0,12.0,12.0,24.0,99.5,0.03435969585969584,3,1
random,200,24,197,10.0,38.0,20.0,20.0,31.0,31.0,13.0,99.5,0.03435969585969584,3,1
random,200,24,198,83.0,98.0,98.0,98.0,98.0,98.0,99.0,99.5,0.03435969585969584,3,1
random,200,24,199,59.0,79.0,60.0,59.0,79.0,79.0,66.0,99.5,0.03435969585969584,3,1
