random,200,29,0,81.0,101.0,112.0,114.0,101.0,101.0,99.0,99.5,0.03633471430530251,3,1
random,200,29,1,110.0,86.0,130.0,130.0,90.0,90.0,131.0,99.5,0.03633471430530251,3,1
random,200,29,2,110.0,111.0,100.0,100.0,117.0,117.0,115.0,99.5,0.03633471430530251,3,1
random,200,29,3,58.0,75.0,50.0,50.0,70.0,70.0,64.0,99.5,0.03633471430530251,3,1
random,200,29,4,136.0,174.0,135.0,135.0,171.0,171.0,137.0,99.5,0.03633471430530251,3,1
random,200,29,5,136.0,144.0,145.0,150.0,147.0,147.0,163.0,99.5,0.03633471430530251,3,1
random,200,29,6,24.0,15.0,30.0,32.0,19.0,19.0,33.0,99.5,0.03633471430530251,3,1
random,200,29,7,110.0,95.0,128.0,129.0,105.0,105.0,130.0,99.5,0.03633471430530251,3,1
random,200,29,8,58.0,95.0,60.0,62.0,92.0,92.0,61.0,99.5,0.03633471430530251,3,1
random,200,29,9,58.0,63.0,57.0,56.0,64.0,64.0,69.0,99.5,0.03633471430530251,3,1
random,200,29,10,199.0,200.0,199.0,199.0,200.0,200.0,199.0,99.5,0.03633471430530251,3,1
random,200,29,11,183.0,187.0,184.0,182.0,187.0,187.0,187.0,99.5,0.03633471430530251,3,1
random,200,29,12,136.0,135.0,134.0,134.0,137.0,137.0,153.0,99.5,0.03633471430530251,3,1
random,200,29,13,10.0,34.0,12.0,11.0,26.0,26.0,10.0,99.5,0.03633471430530251,3,1
random,200,29,14,81.0,72.0,86.0,85.0,72.0,72.0,105.0,99.5,0.03633471430530251,3,1
random,200,29,15,110.0,152.0,101.0,97.0,146.0,146.0,110.0,99.5,0.03633471430530251,3,1
random,200,29,16,110.0,153.0,125.0,124.0,152.0,152.0,113.0,99.5,0.03633471430530251,3,1
random,200,29,17,81.0,113.0,88.0,90.0,109.0,109.0,91.0,99.5,0.03633471430530251,3,1
random,200,29,18,14.0,15.0,11.0,10.0,13.0,13.0,17.0,99.5,0.03633471430530251,3,1
random,200,29,19,169.0,163.0,170.0,171.0,167.0,167.0,171.0,99.5,0.03633471430530251,3,1
random,200,29,20,183.0,195.0,185.0,183.0,192.0,192.0,183.0,99.5,0.03633471430530251,3,1
random,200,29,21,136.0,167.0,160.0,161.0,164.0,164.0,150.0,99.5,0.03633471430530251,3,1
random,200,29,22,136.0,145.0,146.0,146.0,148.0,148.0,162.0,99.5,0.03633471430530251,3,1
random,200,29,23,110.0,133.0,136.0,137.0,134.0,134.0,123.0,99.5,0.03633471430530251,3,1
random,200,29,24,183.0,177.0,186.0,186.0,178.0,178.0,190.0,99.5,0.03633471430530251,3,1
random,200,29,25,169.0,177.0,180.0,180.0,176.0,176.0,178.0,99.5,0.03633471430530251,3,1
random,200,29,26,81.0,78.0,105.0,108.0,84.0,84.0,103.0,99.5,0.03633471430530251,3,1
random,200,29,27,136.0,122.0,165.0,165.0,130.0,130.0,165.0,99.5,0.03633471430530251,3,1
random,200,29,28,136.0,129.0,149.0,149.0,136.0,136.0,161.0,99.5,0.03633471430530251,3,1
random,200,29,29,36.0,41.0,53.0,53.0,44.0,44.0,51.0,99.5,0.03633471430530251,3,1
random,200,29,30,14.0,41.0,16.0,16.0,32.0,32.0,18.0,99.5,0.03633471430530251,3,1
random,200,29,31,4.0,7.0,8.0,8.0,6.0,6.0,5.0,99.5,0.03633471430530251,3,1
random,200,29,32,24.0,25.0,45.0,47.0,25.0,25.0,34.0,99.5,0.03633471430530251,3,1
random,200,29,33,58.0,74.0,98.0,103.0,73.0,73.0,74.0,99.5,0.03633471430530251,3,1
random,200,29,34,14.0,12.0,14.0,13.0,13.0,13.0,19.0,99.5,0.03633471430530251,3,1
random,200,29,35,81.0,78.0,107.0,110.0,81.0,81.0,106.0,99.5,0.03633471430530251,3,1
random,200,29,36,36.0,53.0,68.0,70.0,54.0,54.0,57.0,99.5,0.03633471430530251,3,1
random,200,29,37,136.0,101.0,148.0,145.0,114.0,114.0,168.0,99.5,0.03633471430530251,3,1
random,200,29,38,169.0,189.0,176.0,176.0,187.0,187.0,170.0,99.5,0.03633471430530251,3,1
random,200,29,39,136.0,127.0,155.0,152.0,132.0,132.0,166.0,99.5,0.03633471430530251,3,1
random,200,29,40,169.0,153.0,169.0,170.0,163.0,163.0,176.0,99.5,0.03633471430530251,3,1
random,200,29,41,81.0,118.0,106.0,107.0,115.0,115.0,94.0,99.5,0.03633471430530251,3,1
random,200,29,42,81.0,92.0,84.0,82.0,93.0,93.0,93.0,99.5,0.03633471430530251,3,1
random,200,29,43,136.0,156.0,131.0,132.0,155.0,155.0,142.0,99.5,0.03633471430530251,3,1
random,200,29,44,169.0,175.0,188.0,188.0,174.0,174.0,182.0,99.5,0.03633471430530251,3,1
random,200,29,45,110.0,110.0,110.0,112.0,113.0,113.0,118.0,99.5,0.03633471430530251,3,1
random,200,29,46,81.0,68.0,65.0,64.0,70.0,70.0,86.0,99.5,0.03633471430530251,3,1
random,200,29,47,136.0,160.0,162.0,160.0,158.0,158.0,140.0,99.5,0.03633471430530251,3,1
random,200,29,48,110.0,150.0,129.0,128.0,151.0,151.0,114.0,99.5,0.03633471430530251,3,1
random,200,29,49,136.0,156.0,144.0,144.0,156.0,156.0,152.0,99.5,0.03633471430530251,3,1
random,200,29,50,58.0,90.0,51.0,51.0,82.0,82.0,62.0,99.5,0.03633471430530251,3,1
random,200,29,51,110.0,63.0,120.0,121.0,79.0,79.0,133.0,99.5,0.03633471430530251,3,1
random,200,29,52,136.0,137.0,158.0,158.0,141.0,141.0,158.0,99.5,0.03633471430530251,3,1
random,200,29,53,110.0,129.0,143.0,143.0,124.0,124.0,127.0,99.5,0.03633471430530251,3,1
random,200,29,54,136.0,142.0,154.0,151.0,143.0,143.0,164.0,99.5,0.03633471430530251,3,1
random,200,29,55,36.0,39.0,28.0,30.0,41.0,41.0,38.0,99.5,0.03633471430530251,3,1
random,200,29,56,81.0,78.0,58.0,55.0,83.0,83.0,83.0,99.5,0.03633471430530251,3,1
random,200,29,57,136.0,142.0,139.0,138.0,145.0,145.0,139.0,99.5,0.03633471430530251,3,1
random,200,29,58,136.0,170.0,166.0,167.0,169.0,169.0,149.0,99.5,0.03633471430530251,3,1
random,200,29,59,36.0,50.0,54.0,59.0,50.0,50.0,53.0,99.5,0.03633471430530251,3,1
random,200,29,60,110.0,88.0,115.0,115.0,96.0,96.0,124.0,99.5,0.03633471430530251,3,1
random,200,29,61,110.0,93.0,113.0,109.0,98.0,98.0,126.0,99.5,0.03633471430530251,3,1
random,200,29,62,58.0,97.0,36.0,35.0,95.0,95.0,58.0,99.5,0.03633471430530251,3,1
random,200,29,63,58.0,72.0,81.0,83.0,67.0,67.0,78.0,99.5,0.03633471430530251,3,1
random,200,29,64,199.0,199.0,199.0,199.0,199.0,199.0,200.0,99.5,0.03633471430530251,3,1
random,200,29,65,110.0,97.0,96.0,93.0,106.0,106.0,121.0,99.5,0.03633471430530251,3,1
random,200,29,66,110.0,158.0,119.0,117.0,154.0,154.0,111.0,99.5,0.03633471430530251,3,1
random,200,29,67,81.0,123.0,89.0,87.0,119.0,119.0,82.0,99.5,0.03633471430530251,3,1
random,200,29,68,81.0,58.0,99.0,98.0,66.0,66.0,107.0,99.5,0.03633471430530251,3,1
random,200,29,69,136.0,170.0,161.0,159.0,168.0,168.0,143.0,99.5,0.03633471430530251,3,1
random,200,29,70,58.0,44.0,64.0,69.0,53.0,53.0,70.0,99.5,0.03633471430530251,3,1
random,200,29,71,136.0,123.0,142.0,141.0,132.0,132.0,159.0,99.5,0.03633471430530251,3,1
random,200,29,72,136.0,132.0,137.0,136.0,138.0,138.0,151.0,99.5,0.03633471430530251,3,1
random,200,29,73,58.0,83.0,74.0,73.0,75.0,75.0,68.0,99.5,0.03633471430530251,3,1
random,200,29,74,169.0,181.0,174.0,174.0,181.0,181.0,173.0,99.5,0.03633471430530251,3,1
random,200,29,75,110.0,115.0,123.0,122.0,121.0,121.0,122.0,99.5,0.03633471430530251,3,1
random,200,29,76,81.0,107.0,94.0,96.0,102.0,102.0,100.0,99.5,0.03633471430530251,3,1
random,200,29,77,136.0,165.0,138.0,140.0,160.0,160.0,138.0,99.5,0.03633471430530251,3,1
random,200,29,78,58.0,48.0,73.0,75.0,56.0,56.0,76.0,99.5,0.03633471430530251,3,1
random,200,29,79,24.0,28.0,29.0,27.0,29.0,29.0,26.0,99.5,0.03633471430530251,3,1
random,200,29,80,169.0,161.0,179.0,179.0,165.0,165.0,180.0,99.5,0.03633471430530251,3,1
random,200,29,81,169.0,169.0,177.0,177.0,172.0,172.0,179.0,99.5,0.03633471430530251,3,1
random,200,29,82,2.0,4.0,2.0,2.0,4.0,4.0,2.0,99.5,0.03633471430530251,3,1
random,200,29,83,58.0,93.0,82.0,84.0,93.0,93.0,67.0,99.5,0.03633471430530251,3,1
random,200,29,84,110.0,118.0,118.0,119.0,120.0,120.0,117.0,99.5,0.03633471430530251,3,1
random,200,29,85,81.0,133.0,97.0,99.0,125.0,125.0,84.0,99.5,0.03633471430530251,3,1
random,200,29,86,110.0,86.0,151.0,157.0,90.0,90.0,135.0,99.5,0.03633471430530251,3,1
random,200,29,87,110.0,123.0,109.0,105.0,122.0,122.0,116.0,99.5,0.03633471430530251,3,1
random,200,29,88,4.0,12.0,5.0,5.0,10.0,10.0,4.0,99.5,0.03633471430530251,3,1
random,200,29,89,24.0,11.0,24.0,24.0,17.0,17.0,29.0,99.5,0.03633471430530251,3,1
random,200,29,90,36.0,25.0,47.0,46.0,28.0,28.0,56.0,99.5,0.03633471430530251,3,1
random,200,29,91,10.0,7.0,13.0,14.0,8.0,8.0,13.0,99.5,0.03633471430530251,3,1
random,200,29,92,14.0,19.0,27.0,28.0,15.0,15.0,23.0,99.5,0.03633471430530251,3,1
random,200,29,93,169.0,183.0,171.0,169.0,183.0,183.0,169.0,99.5,0.03633471430530251,3,1
random,200,29,94,191.0,191.0,192.0,192.0,191.0,191.0,191.0,99.5,0.03633471430530251,3,1
random,200,29,95,14.0,56.0,19.0,18.0,43.0,43.0,15.0,99.5,0.03633471430530251,3,1
random,200,29,96,110.0,103.0,133.0,131.0,110.0,110.0,132.0,99.5,0.03633471430530251,3,1
random,200,29,97,136.0,163.0,153.0,153.0,161.0,161.0,147.0,99.5,0.03633471430530251,3,1
random,200,29,98,191.0,193.0,195.0,195.0,195.0,195.0,192.0,99.5,0.03633471430530251,3,1
random,200,29,99,81.0,115.0,90.0,88.0,112.0,112.0,85.0,99.5,0.03633471430530251,3,1
random,200,29,100,4.0,2.0,4.0,4.0,2.0,2.0,7.0,99.5,0.03633471430530251,3,1
random,200,29,101,110.0,97.0,132.0,133.0,100.0,100.0,134.0,99.5,0.03633471430530251,3,1
random,200,29,102,58.0,44.0,66.0,65.0,50.0,50.0,79.0,99.5,0.03633471430530251,3,1
random,200,29,103,58.0,68.0,69.0,66.0,67.0,67.0,66.0,99.5,0.03633471430530251,3,1
random,200,29,104,169.0,170.0,175.0,175.0,177.0,177.0,174.0,99.5,0.03633471430530251,3,1
random,200,29,105,110.0,145.0,159.0,162.0,140.0,140.0,125.0,99.5,0.03633471430530251,3,1
random,200,29,106,183.0,184.0,181.0,181.0,184.0,184.0,185.0,99.5,0.03633471430530251,3,1
random,200,29,107,24.0,21.0,26.0,26.0,22.0,22.0,32.0,99.5,0.03633471430530251,3,1
random,200,29,108,81.0,68.0,95.0,94.0,78.0,78.0,101.0,99.5,0.03633471430530251,3,1
random,200,29,109,4.0,6.0,6.0,7.0,7.0,7.0,8.0,99.5,0.03633471430530251,3,1
random,200,29,110,14.0,30.0,17.0,17.0,27.0,27.0,14.0,99.5,0.03633471430530251,3,1
random,200,29,111,191.0,190.0,191.0,191.0,190.0,190.0,195.0,99.5,0.03633471430530251,3,1
random,200,29,112,81.0,137.0,126.0,126.0,131.0,131.0,92.0,99.5,0.03633471430530251,3,1
random,200,29,113,196.0,192.0,198.0,198.0,193.0,193.0,198.0,99.5,0.03633471430530251,3,1
random,200,29,114,81.0,111.0,91.0,92.0,108.0,108.0,95.0,99.5,0.03633471430530251,3,1
random,200,29,115,36.0,50.0,42.0,43.0,47.0,47.0,45.0,99.5,0.03633471430530251,3,1
random,200,29,116,81.0,107.0,77.0,74.0,102.0,102.0,87.0,99.5,0.03633471430530251,3,1
random,200,29,117,183.0,184.0,187.0,187.0,186.0,186.0,184.0,99.5,0.03633471430530251,3,1
random,200,29,118,4.0,4.0,9.0,9.0,5.0,5.0,9.0,99.5,0.03633471430530251,3,1
random,200,29,119,136.0,141.0,141.0,139.0,139.0,139.0,156.0,99.5,0.03633471430530251,3,1
random,200,29,120,36.0,58.0,34.0,34.0,57.0,57.0,42.0,99.5,0.03633471430530251,3,1
random,200,29,121,14.0,34.0,22.0,22.0,30.0,30.0,16.0,99.5,0.03633471430530251,3,1
random,200,29,122,81.0,88.0,87.0,89.0,85.0,85.0,98.0,99.5,0.03633471430530251,3,1
random,200,29,123,136.0,137.0,168.0,168.0,141.0,141.0,157.0,99.5,0.03633471430530251,3,1
random,200,29,124,36.0,10.0,46.0,48.0,16.0,16.0,59.0,99.5,0.03633471430530251,3,1
random,200,29,125,81.0,83.0,103.0,101.0,85.0,85.0,104.0,99.5,0.03633471430530251,3,1
random,200,29,126,58.0,67.0,72.0,72.0,63.0,63.0,73.0,99.5,0.03633471430530251,3,1
random,200,29,127,36.0,68.0,48.0,45.0,60.0,60.0,41.0,99.5,0.03633471430530251,3,1
random,200,29,128,58.0,75.0,21.0,20.0,77.0,77.0,37.0,99.5,0.03633471430530251,3,1
random,200,29,129,58.0,118.0,79.0,79.0,107.0,107.0,63.0,99.5,0.03633471430530251,3,1
random,200,29,130,169.0,179.0,173.0,173.0,179.0,179.0,175.0,99.5,0.03633471430530251,3,1
random,200,29,131,58.0,75.0,93.0,95.0,73.0,73.0,72.0,99.5,0.03633471430530251,3,1
random,200,29,132,24.0,37.0,39.0,41.0,37.0,37.0,30.0,99.5,0.03633471430530251,3,1
random,200,29,133,36.0,29.0,44.0,42.0,36.0,36.0,48.0,99.5,0.03633471430530251,3,1
random,200,29,134,14.0,19.0,18.0,19.0,18.0,18.0,21.0,99.5,0.03633471430530251,3,1
random,200,29,135,58.0,30.0,62.0,63.0,40.0,40.0,80.0,99.5,0.03633471430530251,3,1
random,200,29,136,136.0,147.0,122.0,120.0,149.0,149.0,141.0,99.5,0.03633471430530251,3,1
random,200,29,137,81.0,103.0,83.0,81.0,102.0,102.0,89.0,99.5,0.03633471430530251,3,1
random,200,29,138,36.0,39.0,55.0,54.0,41.0,41.0,50.0,99.5,0.03633471430530251,3,1
random,200,29,139,1.0,1.0,3.0,3.0,1.0,1.0,1.0,99.5,0.03633471430530251,3,1
random,200,29,140,136.0,115.0,164.0,166.0,128.0,128.0,167.0,99.5,0.03633471430530251,3,1
random,200,29,141,183.0,166.0,182.0,185.0,175.0,175.0,189.0,99.5,0.03633471430530251,3,1
random,200,29,142,36.0,44.0,41.0,39.0,47.0,47.0,43.0,99.5,0.03633471430530251,3,1
random,200,29,143,81.0,137.0,78.0,76.0,129.0,129.0,81.0,99.5,0.03633471430530251,3,1
random,200,29,144,169.0,153.0,183.0,184.0,157.0,157.0,181.0,99.5,0.03633471430530251,3,1
random,200,29,145,110.0,113.0,124.0,125.0,116.0,116.0,128.0,99.5,0.03633471430530251,3,1
random,200,29,146,136.0,161.0,157.0,156.0,162.0,162.0,144.0,99.5,0.03633471430530251,3,1
random,200,29,147,36.0,53.0,67.0,71.0,52.0,52.0,52.0,99.5,0.03633471430530251,3,1
random,200,29,148,81.0,63.0,85.0,86.0,69.0,69.0,102.0,99.5,0.03633471430530251,3,1
random,200,29,149,24.0,55.0,33.0,31.0,46.0,46.0,27.0,99.5,0.03633471430530251,3,1
random,200,29,150,110.0,147.0,108.0,104.0,144.0,144.0,112.0,99.5,0.03633471430530251,3,1
random,200,29,151,3.0,3.0,1.0,1.0,3.0,3.0,3.0,99.5,0.03633471430530251,3,1
random,200,29,152,191.0,196.0,194.0,194.0,196.0,196.0,194.0,99.5,0.03633471430530251,3,1
random,200,29,153,24.0,24.0,37.0,40.0,23.0,23.0,35.0,99.5,0.03633471430530251,3,1
random,200,29,154,36.0,30.0,52.0,52.0,34.0,34.0,54.0,99.5,0.03633471430530251,3,1
random,200,29,155,183.0,187.0,190.0,190.0,189.0,189.0,186.0,99.5,0.03633471430530251,3,1
random,200,29,156,58.0,61.0,80.0,78.0,62.0,62.0,75.0,99.5,0.03633471430530251,3,1
random,200,29,157,36.0,25.0,31.0,33.0,31.0,31.0,47.0,99.5,0.03633471430530251,3,1
random,200,29,158,10.0,12.0,10.0,12.0,11.0,11.0,12.0,99.5,0.03633471430530251,3,1
random,200,29,159,110.0,103.0,121.0,123.0,110.0,110.0,129.0,99.5,0.03633471430530251,3,1
random,200,29,160,14.0,41.0,35.0,36.0,33.0,33.0,22.0,99.5,0.03633471430530251,3,1
random,200,29,161,191.0,193.0,193.0,193.0,194.0,194.0,193.0,99.5,0.03633471430530251,3,1
random,200,29,162,110.0,123.0,117.0,118.0,123.0,123.0,119.0,99.5,0.03633471430530251,3,1
random,200,29,163,169.0,168.0,178.0,178.0,173.0,173.0,177.0,99.5,0.03633471430530251,3,1
random,200,29,164,36.0,61.0,61.0,58.0,59.0,59.0,44.0,99.5,0.03633471430530251,3,1
random,200,29,165,183.0,186.0,189.0,189.0,185.0,185.0,188.0,99.5,0.03633471430530251,3,1
random,200,29,166,24.0,21.0,38.0,37.0,23.0,23.0,31.0,99.5,0.03633471430530251,3,1
random,200,29,167,136.0,170.0,152.0,154.0,166.0,166.0,146.0,99.5,0.03633471430530251,3,1
random,200,29,168,169.0,181.0,172.0,172.0,182.0,182.0,172.0,99.5,0.03633471430530251,3,1
random,200,29,169,110.0,118.0,111.0,113.0,118.0,118.0,120.0,99.5,0.03633471430530251,3,1
random,200,29,170,136.0,175.0,163.0,164.0,170.0,170.0,148.0,99.5,0.03633471430530251,3,1
random,200,29,171,36.0,30.0,40.0,38.0,34.0,34.0,46.0,99.5,0.03633471430530251,3,1
random,200,29,172,136.0,180.0,167.0,163.0,180.0,180.0,136.0,99.5,0.03633471430530251,3,1
random,200,29,173,14.0,21.0,20.0,21.0,21.0,21.0,20.0,99.5,0.03633471430530251,3,1
random,200,29,174,196.0,197.0,197.0,197.0,197.0,197.0,197.0,99.5,0.03633471430530251,3,1
random,200,29,175,136.0,147.0,156.0,155.0,149.0,149.0,160.0,99.5,0.03633471430530251,3,1
random,200,29,176,58.0,107.0,71.0,67.0,97.0,97.0,60.0,99.5,0.03633471430530251,3,1
random,200,29,177,36.0,63.0,32.0,29.0,58.0,58.0,36.0,99.5,0.03633471430530251,3,1
random,200,29,178,58.0,78.0,75.0,77.0,80.0,80.0,65.0,99.5,0.03633471430530251,3,1
random,200,29,179,36.0,103.0,56.0,57.0,89.0,89.0,39.0,99.5,0.03633471430530251,3,1
random,200,29,180,24.0,48.0,43.0,44.0,44.0,44.0,28.0,99.5,0.03633471430530251,3,1
random,200,29,181,196.0,198.0,196.0,196.0,198.0,198.0,196.0,99.5,0.03633471430530251,3,1
random,200,29,182,81.0,129.0,116.0,116.0,126.0,126.0,90.0,99.5,0.03633471430530251,3,1
random,200,29,183,4.0,17.0,15.0,15.0,12.0,12.0,6.0,99.5,0.03633471430530251,3,1
random,200,29,184,36.0,44.0,76.0,80.0,47.0,47.0,55.0,99.5,0.03633471430530251,3,1
random,200,29,185,81.0,78.0,127.0,127.0,85.0,85.0,108.0,99.5,0.03633471430530251,3,1
random,200,29,186,136.0,151.0,147.0,148.0,153.0,153.0,154.0,99.5,0.03633471430530251,3,1
random,200,29,187,136.0,128.0,140.0,142.0,135.0,135.0,155.0,99.5,0.03633471430530251,3,1
random,200,29,188,136.0,158.0,150.0,147.0,158.0,158.0,145.0,99.5,0.03633471430530251,3,1
random,200,29,189,36.0,90.0,59.0,60.0,75.0,75.0,40.0,99.5,0.03633471430530251,3,1
random,200,29,190,24.0,17.0,23.0,23.0,20.0,20.0,24.0,99.5,0.03633471430530251,3,1
random,200,29,191,81.0,83.0,92.0,91.0,85.0,85.0,96.0,99.5,0.03633471430530251,3,1
random,200,29,192,81.0,97.0,114.0,111.0,99.0,99.0,97.0,99.5,0.03633471430530251,3,1
random,200,29,193,10.0,9.0,7.0,6.0,9.0,9.0,11.0,99.5,0.03633471430530251,3,1
random,200,29,194,58.0,50.0,70.0,68.0,55.0,55.0,77.0,99.5,0.03633471430530251,3,1
random,200,29,195,24.0,37.0,25.0,25.0,37.0,37.0,25.0,99.5,0.03633471430530251,3,1
random,200,29,196,81.0,135.0,104.0,106.0,127.0,127.0,88.0,99.5,0.03633471430530251,3,1
random,200,29,197,81.0,56.0,102.0,102.0,65.0,65.0,109.0,99.5,0.03633471430530251,3,1
random,200,29,198,36.0,34.0,49.0,49.0,39.0,39.0,49.0,99.5,0.03633471430530251,3,1
random,200,29,199,58.0,58.0,63.0,61.0,61.0,61.0,71.0,99.5,0.03633471430530251,3,1
random,200,30,0,22.0,38.0,45.0,46.0,36.0,36.0,36.0,99.5,0.04314030581561537,3,1
random,200,30,1,38.0,34.0,37.0,37.0,38.0,38.0,49.0,99.5,0.04314030581561537,3,1
random,200,30,2,38.0,58.0,31.0,30.0,55.0,55.0,40.0,99.5,0.04314030581561537,3,1
random,200,30,3,38.0,38.0,36.0,35.0,41.0,41.0,45.0,99.5,0.04314030581561537,3,1
random,200,30,4,193.0,188.0,197.0,198.0,193.0,193.0,198.0,99.5,0.04314030581561537,3,1
random,200,30,5,193.0,189.0,194.0,195.0,192.0,192.0,196.0,99.5,0.04314030581561537,3,1
random,200,30,6,109.0,160.0,144.0,146.0,150.0,150.0,131.0,99.5,0.04314030581561537,3,1
random,200,30,7,79.0,98.0,93.0,96.0,102.0,102.0,98.0,99.5,0.04314030581561537,3,1
random,200,30,8,109.0,125.0,121.0,119.0,126.0,126.0,117.0,99.5,0.04314030581561537,3,1
random,200,30,9,140.0,122.0,150.0,150.0,128.0,128.0,160.0,99.5,0.04314030581561537,3,1
random,200,30,10,109.0,117.0,110.0,113.0,121.0,121.0,118.0,99.5,0.04314030581561537,3,1
random,200,30,11,56.0,112.0,60.0,60.0,110.0,110.0,57.0,99.5,0.04314030581561537,3,1
random,200,30,12,22.0,55.0,24.0,24.0,52.0,52.0,24.0,99.5,0.04314030581561537,3,1
random,200,30,13,165.0,181.0,178.0,179.0,179.0,179.0,171.0,99.5,0.04314030581561537,3,1
random,200,30,14,165.0,174.0,175.0,174.0,175.0,175.0,169.0,99.5,0.04314030581561537,3,1
random,200,30,15,179.0,182.0,180.0,180.0,182.0,182.0,186.0,99.5,0.04314030581561537,3,1
random,200,30,16,165.0,157.0,174.0,173.0,161.0,161.0,175.0,99.5,0.04314030581561537,3,1
random,200,30,17,179.0,196.0,188.0,188.0,194.0,194.0,181.0,99.5,0.04314030581561537,3,1
random,200,30,18,165.0,180.0,160.0,160.0,177.0,177.0,166.0,99.5,0.04314030581561537,3,1
random,200,30,19,79.0,110.0,89.0,90.0,111.0,111.0,87.0,99.5,0.04314030581561537,3,1
random,200,30,20,56.0,41.0,70.0,68.0,48.0,48.0,76.0,99.5,0.04314030581561537,3,1
random,200,30,21,179.0,173.0,184.0,184.0,180.0,180.0,191.0,99.5,0.04314030581561537,3,1
random,200,30,22,179.0,174.0,196.0,196.0,178.0,178.0,192.0,99.5,0.04314030581561537,3,1
random,200,30,23,165.0,166.0,170.0,170.0,166.0,166.0,172.0,99.5,0.04314030581561537,3,1
random,200,30,24,79.0,76.0,68.0,66.0,83.0,83.0,80.0,99.5,0.04314030581561537,3,1
random,200,30,25,22.0,64.0,47.0,48.0,51.0,51.0,29.0,99.5,0.04314030581561537,3,1
random,200,30,26,179.0,174.0,187.0,187.0,181.0,181.0,190.0,99.5,0.04314030581561537,3,1
random,200,30,27,79.0,83.0,87.0,86.0,88.0,88.0,86.0,99.5,0.04314030581561537,3,1
random,200,30,28,13.0,33.0,34.0,33.0,29.0,29.0,19.0,99.5,0.04314030581561537,3,1
random,200,30,29,109.0,151.0,111.0,106.0,151.0,151.0,110.0,99.5,0.04314030581561537,3,1
random,200,30,30,7.0,14.0,15.0,16.0,13.0,13.0,9.0,99.5,0.04314030581561537,3,1
random,200,30,31,22.0,34.0,27.0,27.0,37.0,37.0,28.0,99.5,0.04314030581561537,3,1
random,200,30,32,13.0,12.0,19.0,13.0,10.0,10.0,17.0,99.5,0.04314030581561537,3,1
random,200,30,33,165.0,142.0,173.0,171.0,152.0,152.0,177.0,99.5,0.04314030581561537,3,1
random,200,30,34,109.0,132.0,153.0,154.0,132.0,132.0,133.0,99.5,0.04314030581561537,3,1
random,200,30,35,79.0,76.0,78.0,77.0,83.0,83.0,89.0,99.5,0.04314030581561537,3,1
random,200,30,36,179.0,187.0,186.0,185.0,187.0,187.0,180.0,99.5,0.04314030581561537,3,1
random,200,30,37,13.0,4.0,23.0,23.0,6.0,6.0,21.0,99.5,0.04314030581561537,3,1
random,200,30,38,56.0,34.0,61.0,61.0,45.0,45.0,72.0,99.5,0.04314030581561537,3,1
random,200,30,39,56.0,64.0,73.0,72.0,66.0,66.0,69.0,99.5,0.04314030581561537,3,1
random,200,30,40,140.0,136.0,157.0,156.0,138.0,138.0,158.0,99.5,0.04314030581561537,3,1
random,200,30,41,193.0,197.0,192.0,192.0,198.0,198.0,194.0,99.5,0.04314030581561537,3,1
random,200,30,42,38.0,71.0,52.0,53.0,60.0,60.0,42.0,99.5,0.04314030581561537,3,1
random,200,30,43,79.0,83.0,90.0,89.0,87.0,87.0,93.0,99.5,0.04314030581561537,3,1
random,200,30,44,140.0,169.0,161.0,162.0,168.0,168.0,152.0,99.5,0.04314030581561537,3,1
random,200,30,45,140.0,112.0,129.0,130.0,123.0,123.0,151.0,99.5,0.04314030581561537,3,1
random,200,30,46,193.0,194.0,195.0,194.0,196.0,196.0,195.0,99.5,0.04314030581561537,3,1
random,200,30,47,38.0,16.0,49.0,51.0,20.0,20.0,55.0,99.5,0.04314030581561537,3,1
random,200,30,48,140.0,142.0,141.0,139.0,142.0,142.0,159.0,99.5,0.04314030581561537,3,1
random,200,30,49,13.0,19.0,14.0,15.0,17.0,17.0,16.0,99.5,0.04314030581561537,3,1
random,200,30,50,4.0,6.0,5.0,6.0,5.0,5.0,4.0,99.5,0.04314030581561537,3,1
random,200,30,51,79.0,96.0,88.0,88.0,95.0,95.0,83.0,99.5,0.04314030581561537,3,1
random,200,30,52,109.0,130.0,135.0,137.0,131.0,131.0,124.0,99.5,0.04314030581561537,3,1
random,200,30,53,13.0,23.0,9.0,9.0,21.0,21.0,15.0,99.5,0.04314030581561537,3,1
random,200,30,54,56.0,48.0,56.0,56.0,56.0,56.0,66.0,99.5,0.04314030581561537,3,1
random,200,30,55,140.0,161.0,137.0,132.0,159.0,159.0,147.0,99.5,0.04314030581561537,3,1
random,200,30,56,79.0,74.0,106.0,111.0,77.0,77.0,104.0,99.5,0.04314030581561537,3,1
random,200,30,57,109.0,144.0,114.0,104.0,139.0,139.0,113.0,99.5,0.04314030581561537,3,1
random,200,30,58,140.0,151.0,151.0,151.0,158.0,158.0,149.0,99.5,0.04314030581561537,3,1
random,200,30,59,193.0,199.0,193.0,193.0,199.0,199.0,193.0,99.5,0.04314030581561537,3,1
random,200,30,60,165.0,146.0,169.0,169.0,155.0,155.0,174.0,99.5,0.04314030581561537,3,1
random,200,30,61,3.0,3.0,3.0,3.0,3.0,3.0,3.0,99.5,0.04314030581561537,3,1
random,200,30,62,79.0,92.0,71.0,70.0,92.0,92.0,88.0,99.5,0.04314030581561537,3,1
random,200,30,63,56.0,83.0,85.0,87.0,75.0,75.0,70.0,99.5,0.04314030581561537,3,1
random,200,30,64,109.0,149.0,124.0,124.0,144.0,144.0,119.0,99.5,0.04314030581561537,3,1
random,200,30,65,22.0,30.0,7.0,7.0,29.0,29.0,22.0,99.5,0.04314030581561537,3,1
random,200,30,66,109.0,121.0,104.0,98.0,121.0,121.0,115.0,99.5,0.04314030581561537,3,1
random,200,30,67,109.0,112.0,142.0,144.0,114.0,114.0,136.0,99.5,0.04314030581561537,3,1
random,200,30,68,38.0,47.0,66.0,65.0,44.0,44.0,52.0,99.5,0.04314030581561537,3,1
random,200,30,69,179.0,170.0,181.0,181.0,173.0,173.0,189.0,99.5,0.04314030581561537,3,1
random,200,30,70,109.0,105.0,120.0,120.0,116.0,116.0,123.0,99.5,0.04314030581561537,3,1
random,200,30,71,109.0,157.0,96.0,92.0,153.0,153.0,109.0,99.5,0.04314030581561537,3,1
random,200,30,72,38.0,58.0,33.0,29.0,58.0,58.0,39.0,99.5,0.04314030581561537,3,1
random,200,30,73,140.0,105.0,167.0,172.0,117.0,117.0,164.0,99.5,0.04314030581561537,3,1
random,200,30,74,79.0,89.0,112.0,116.0,90.0,90.0,103.0,99.5,0.04314030581561537,3,1
random,200,30,75,56.0,64.0,75.0,76.0,66.0,66.0,64.0,99.5,0.04314030581561537,3,1
random,200,30,76,56.0,45.0,65.0,64.0,54.0,54.0,71.0,99.5,0.04314030581561537,3,1
random,200,30,77,4.0,10.0,12.0,14.0,7.0,7.0,6.0,99.5,0.04314030581561537,3,1
random,200,30,78,56.0,69.0,58.0,58.0,69.0,69.0,61.0,99.5,0.04314030581561537,3,1
random,200,30,79,56.0,62.0,67.0,69.0,63.0,63.0,65.0,99.5,0.04314030581561537,3,1
random,200,30,80,109.0,98.0,155.0,158.0,98.0,98.0,139.0,99.5,0.04314030581561537,3,1
random,200,30,81,140.0,133.0,162.0,161.0,135.0,135.0,162.0,99.5,0.04314030581561537,3,1
random,200,30,82,179.0,189.0,182.0,182.0,188.0,188.0,182.0,99.5,0.04314030581561537,3,1
random,200,30,83,79.0,105.0,95.0,95.0,109.0,109.0,85.0,99.5,0.04314030581561537,3,1
random,200,30,84,179.0,195.0,176.0,176.0,190.0,190.0,179.0,99.5,0.04314030581561537,3,1
random,200,30,85,56.0,48.0,69.0,73.0,50.0,50.0,73.0,99.5,0.04314030581561537,3,1
random,200,30,86,38.0,58.0,50.0,50.0,49.0,49.0,47.0,99.5,0.04314030581561537,3,1
random,200,30,87,200.0,200.0,200.0,200.0,200.0,200.0,200.0,99.5,0.04314030581561537,3,1
random,200,30,88,165.0,136.0,168.0,167.0,148.0,148.0,178.0,99.5,0.04314030581561537,3,1
random,200,30,89,179.0,184.0,190.0,190.0,184.0,184.0,187.0,99.5,0.04314030581561537,3,1
random,200,30,90,22.0,41.0,8.0,8.0,38.0,38.0,23.0,99.5,0.04314030581561537,3,1
random,200,30,91,109.0,112.0,126.0,123.0,115.0,115.0,126.0,99.5,0.04314030581561537,3,1
random,200,30,92,22.0,17.0,30.0,31.0,22.0,22.0,35.0,99.5,0.04314030581561537,3,1
random,200,30,93,165.0,167.0,166.0,166.0,169.0,169.0,167.0,99.5,0.04314030581561537,3,1
random,200,30,94,109.0,136.0,146.0,145.0,135.0,135.0,125.0,99.5,0.04314030581561537,3,1
random,200,30,95,79.0,64.0,116.0,114.0,71.0,71.0,102.0,99.5,0.04314030581561537,3,1
random,200,30,96,109.0,123.0,108.0,109.0,124.0,124.0,127.0,99.5,0.04314030581561537,3,1
random,200,30,97,79.0,103.0,80.0,80.0,106.0,106.0,82.0,99.5,0.04314030581561537,3,1
random,200,30,98,56.0,92.0,74.0,71.0,86.0,86.0,60.0,99.5,0.04314030581561537,3,1
random,200,30,99,7.0,12.0,11.0,12.0,10.0,10.0,11.0,99.5,0.04314030581561537,3,1
random,200,30,100,22.0,14.0,41.0,41.0,18.0,18.0,37.0,99.5,0.04314030581561537,3,1
random,200,30,101,140.0,141.0,164.0,165.0,139.0,139.0,163.0,99.5,0.04314030581561537,3,1
random,200,30,102,79.0,117.0,92.0,93.0,112.0,112.0,91.0,99.5,0.04314030581561537,3,1
random,200,30,103,22.0,26.0,29.0,32.0,25.0,25.0,31.0,99.5,0.04314030581561537,3,1
random,200,30,104,56.0,76.0,55.0,55.0,78.0,78.0,58.0,99.5,0.04314030581561537,3,1
random,200,30,105,38.0,112.0,51.0,49.0,93.0,93.0,38.0,99.5,0.04314030581561537,3,1
random,200,30,106,140.0,165.0,154.0,153.0,165.0,165.0,145.0,99.5,0.04314030581561537,3,1
random,200,30,107,140.0,146.0,158.0,157.0,149.0,149.0,156.0,99.5,0.04314030581561537,3,1
random,200,30,108,140.0,167.0,149.0,149.0,167.0,167.0,144.0,99.5,0.04314030581561537,3,1
random,200,30,109,7.0,10.0,22.0,22.0,9.0,9.0,12.0,99.5,0.04314030581561537,3,1
random,200,30,110,56.0,89.0,81.0,84.0,79.0,79.0,68.0,99.5,0.04314030581561537,3,1
random,200,30,111,56.0,62.0,100.0,103.0,66.0,66.0,77.0,99.5,0.04314030581561537,3,1
random,200,30,112,79.0,101.0,119.0,121.0,100.0,100.0,101.0,99.5,0.04314030581561537,3,1
random,200,30,113,7.0,20.0,6.0,5.0,16.0,16.0,8.0,99.5,0.04314030581561537,3,1
random,200,30,114,109.0,123.0,139.0,142.0,120.0,120.0,135.0,99.5,0.04314030581561537,3,1
random,200,30,115,56.0,80.0,54.0,52.0,74.0,74.0,62.0,99.5,0.04314030581561537,3,1
random,200,30,116,56.0,55.0,107.0,112.0,63.0,63.0,78.0,99.5,0.04314030581561537,3,1
random,200,30,117,109.0,92.0,117.0,117.0,102.0,102.0,130.0,99.5,0.04314030581561537,3,1
random,200,30,118,79.0,69.0,72.0,74.0,69.0,69.0,97.0,99.5,0.04314030581561537,3,1
random,200,30,119,109.0,103.0,134.0,138.0,113.0,113.0,134.0,99.5,0.04314030581561537,3,1
random,200,30,120,79.0,128.0,86.0,83.0,118.0,118.0,81.0,99.5,0.04314030581561537,3,1
random,200,30,121,79.0,105.0,76.0,75.0,100.0,100.0,79.0,99.5,0.04314030581561537,3,1
random,200,30,122,109.0,117.0,83.0,79.0,119.0,119.0,112.0,99.5,0.04314030581561537,3,1
random,200,30,123,13.0,4.0,20.0,20.0,8.0,8.0,20.0,99.5,0.04314030581561537,3,1
random,200,30,124,140.0,145.0,147.0,148.0,146.0,146.0,153.0,99.5,0.04314030581561537,3,1
random,200,30,125,179.0,198.0,185.0,186.0,197.0,197.0,183.0,99.5,0.04314030581561537,3,1
random,200,30,126,22.0,9.0,25.0,25.0,14.0,14.0,34.0,99.5,0.04314030581561537,3,1
random,200,30,127,109.0,151.0,101.0,97.0,145.0,145.0,111.0,99.5,0.04314030581561537,3,1
random,200,30,128,165.0,186.0,172.0,168.0,186.0,186.0,165.0,99.5,0.04314030581561537,3,1
random,200,30,129,109.0,55.0,127.0,127.0,65.0,65.0,137.0,99.5,0.04314030581561537,3,1
random,200,30,130,179.0,185.0,191.0,191.0,185.0,185.0,188.0,99.5,0.04314030581561537,3,1
random,200,30,131,79.0,73.0,64.0,67.0,76.0,76.0,94.0,99.5,0.04314030581561537,3,1
random,200,30,132,193.0,192.0,198.0,197.0,195.0,195.0,197.0,99.5,0.04314030581561537,3,1
random,200,30,133,56.0,76.0,82.0,85.0,73.0,73.0,74.0,99.5,0.04314030581561537,3,1
random,200,30,134,38.0,28.0,35.0,36.0,31.0,31.0,48.0,99.5,0.04314030581561537,3,1
random,200,30,135,79.0,80.0,98.0,101.0,83.0,83.0,100.0,99.5,0.04314030581561537,3,1
random,200,30,136,79.0,109.0,105.0,105.0,105.0,105.0,99.0,99.5,0.04314030581561537,3,1
random,200,30,137,165.0,172.0,163.0,163.0,174.0,174.0,168.0,99.5,0.04314030581561537,3,1
random,200,30,138,56.0,51.0,77.0,78.0,52.0,52.0,75.0,99.5,0.04314030581561537,3,1
random,200,30,139,140.0,136.0,152.0,152.0,139.0,139.0,155.0,99.5,0.04314030581561537,3,1
random,200,30,140,79.0,51.0,122.0,125.0,62.0,62.0,108.0,99.5,0.04314030581561537,3,1
random,200,30,141,13.0,8.0,16.0,17.0,12.0,12.0,18.0,99.5,0.04314030581561537,3,1
random,200,30,142,22.0,40.0,44.0,42.0,34.0,34.0,33.0,99.5,0.04314030581561537,3,1
random,200,30,143,7.0,17.0,17.0,19.0,15.0,15.0,10.0,99.5,0.04314030581561537,3,1
random,200,30,144,22.0,34.0,28.0,28.0,34.0,34.0,27.0,99.5,0.04314030581561537,3,1
random,200,30,145,109.0,87.0,99.0,94.0,96.0,96.0,129.0,99.5,0.04314030581561537,3,1
random,200,30,146,109.0,133.0,145.0,140.0,134.0,134.0,120.0,99.5,0.04314030581561537,3,1
random,200,30,147,140.0,127.0,131.0,129.0,132.0,132.0,143.0,99.5,0.04314030581561537,3,1
random,200,30,148,165.0,170.0,177.0,177.0,171.0,171.0,173.0,99.5,0.04314030581561537,3,1
random,200,30,149,165.0,178.0,189.0,189.0,176.0,176.0,176.0,99.5,0.04314030581561537,3,1
random,200,30,150,38.0,45.0,39.0,39.0,46.0,46.0,43.0,99.5,0.04314030581561537,3,1
random,200,30,151,109.0,125.0,109.0,110.0,126.0,126.0,116.0,99.5,0.04314030581561537,3,1
random,200,30,152,179.0,193.0,183.0,183.0,189.0,189.0,184.0,99.5,0.04314030581561537,3,1
random,200,30,153,38.0,64.0,48.0,47.0,60.0,60.0,41.0,99.5,0.04314030581561537,3,1
random,200,30,154,140.0,157.0,159.0,159.0,160.0,160.0,154.0,99.5,0.04314030581561537,3,1
random,200,30,155,79.0,100.0,102.0,102.0,91.0,91.0,95.0,99.5,0.04314030581561537,3,1
random,200,30,156,79.0,80.0,115.0,115.0,81.0,81.0,107.0,99.5,0.04314030581561537,3,1
random,200,30,157,140.0,162.0,171.0,175.0,162.0,162.0,161.0,99.5,0.04314030581561537,3,1
random,200,30,158,79.0,101.0,94.0,99.0,98.0,98.0,96.0,99.5,0.04314030581561537,3,1
random,200,30,159,22.0,44.0,46.0,45.0,43.0,43.0,30.0,99.5,0.04314030581561537,3,1
random,200,30,160,109.0,96.0,118.0,118.0,104.0,104.0,132.0,99.5,0.04314030581561537,3,1
random,200,30,161,38.0,58.0,42.0,44.0,58.0,58.0,44.0,99.5,0.04314030581561537,3,1
random,200,30,162,109.0,83.0,140.0,143.0,94.0,94.0,138.0,99.5,0.04314030581561537,3,1
random,200,30,163,79.0,74.0,123.0,122.0,81.0,81.0,105.0,99.5,0.04314030581561537,3,1
random,200,30,164,179.0,183.0,179.0,178.0,182.0,182.0,185.0,99.5,0.04314030581561537,3,1
random,200,30,165,38.0,28.0,38.0,38.0,31.0,31.0,50.0,99.5,0.04314030581561537,3,1
random,200,30,166,109.0,128.0,125.0,126.0,125.0,125.0,121.0,99.5,0.04314030581561537,3,1
random,200,30,167,13.0,21.0,10.0,10.0,19.0,19.0,14.0,99.5,0.04314030581561537,3,1
random,200,30,168,140.0,151.0,136.0,134.0,157.0,157.0,150.0,99.5,0.04314030581561537,3,1
random,200,30,169,56.0,117.0,62.0,62.0,107.0,107.0,59.0,99.5,0.04314030581561537,3,1
random,200,30,170,38.0,26.0,43.0,43.0,28.0,28.0,51.0,99.5,0.04314030581561537,3,1
random,200,30,171,79.0,71.0,97.0,100.0,72.0,72.0,106.0,99.5,0.04314030581561537,3,1
random,200,30,172,193.0,189.0,199.0,199.0,191.0,191.0,199.0,99.5,0.04314030581561537,3,1
random,200,30,173,140.0,178.0,143.0,141.0,170.0,170.0,140.0,99.5,0.04314030581561537,3,1
random,200,30,174,38.0,48.0,40.0,40.0,47.0,47.0,46.0,99.5,0.04314030581561537,3,1
random,200,30,175,79.0,92.0,91.0,91.0,97.0,97.0,90.0,99.5,0.04314030581561537,3,1
random,200,30,176,165.0,174.0,165.0,164.0,172.0,172.0,170.0,99.5,0.04314030581561537,3,1
random,200,30,177,7.0,30.0,13.0,11.0,24.0,24.0,7.0,99.5,0.04314030581561537,3,1
random,200,30,178,109.0,130.0,133.0,136.0,130.0,130.0,128.0,99.5,0.04314030581561537,3,1
random,200,30,179,4.0,6.0,4.0,4.0,4.0,4.0,5.0,99.5,0.04314030581561537,3,1
random,200,30,180,22.0,21.0,32.0,34.0,23.0,23.0,32.0,99.5,0.04314030581561537,3,1
random,200,30,181,2.0,2.0,2.0,2.0,2.0,2.0,2.0,99.5,0.04314030581561537,3,1
random,200,30,182,79.0,87.0,84.0,82.0,88.0,88.0,84.0,99.5,0.04314030581561537,3,1
random,200,30,183,56.0,89.0,79.0,81.0,80.0,80.0,67.0,99.5,0.04314030581561537,3,1
random,200,30,184,79.0,110.0,103.0,107.0,107.0,107.0,92.0,99.5,0.04314030581561537,3,1
random,200,30,185,140.0,164.0,128.0,128.0,163.0,163.0,142.0,99.5,0.04314030581561537,3,1
random,200,30,186,1.0,1.0,1.0,1.0,1.0,1.0,1.0,99.5,0.04314030581561537,3,1
random,200,30,187,22.0,51.0,26.0,26.0,42.0,42.0,26.0,99.5,0.04314030581561537,3,1
random,200,30,188,56.0,149.0,59.0,57.0,129.0,129.0,54.0,99.5,0.04314030581561537,3,1
random,200,30,189,140.0,146.0,138.0,135.0,154.0,154.0,148.0,99.5,0.04314030581561537,3,1
random,200,30,190,13.0,41.0,18.0,18.0,38.0,38.0,13.0,99.5,0.04314030581561537,3,1
random,200,30,191,140.0,133.0,156.0,155.0,143.0,143.0,157.0,99.5,0.04314030581561537,3,1
random,200,30,192,38.0,32.0,57.0,59.0,33.0,33.0,56.0,99.5,0.04314030581561537,3,1
random,200,30,193,109.0,151.0,130.0,131.0,147.0,147.0,122.0,99.5,0.04314030581561537,3,1
random,200,30,194,109.0,136.0,113.0,108.0,135.0,135.0,114.0,99.5,0.04314030581561537,3,1
random,200,30,195,22.0,23.0,21.0,21.0,26.0,26.0,25.0,99.5,0.04314030581561537,3,1
random,200,30,196,56.0,54.0,63.0,63.0,57.0,57.0,63.0,99.5,0.04314030581561537,3,1
random,200,30,197,140.0,163.0,148.0,147.0,164.0,164.0,141.0,99.5,0.04314030581561537,3,1
random,200,30,198,140.0,151.0,132.0,133.0,155.0,155.0,146.0,99.5,0.04314030581561537,3,1
random,200,30,199,38.0,23.0,53.0,54.0,27.0,27.0,53.0,99.5,0.04314030581561537,3,1
