random,200,31,0,4.0,10.0,3.0,4.0,10.0,10.0,5.0,99.5,0.04119552996023581,3,1
random,200,31,1,20.0,20.0,33.0,30.0,22.0,22.0,28.0,99.5,0.04119552996023581,3,1
random,200,31,2,56.0,67.0,76.0,79.0,61.0,61.0,81.0,99.5,0.04119552996023581,3,1
random,200,31,3,2.0,2.0,2.0,2.0,2.0,2.0,2.0,99.5,0.04119552996023581,3,1
random,200,31,4,138.0,125.0,168.0,169.0,129.0,129.0,162.0,99.5,0.04119552996023581,3,1
random,200,31,5,194.0,198.0,184.0,182.0,198.0,198.0,194.0,99.5,0.04119552996023581,3,1
random,200,31,6,138.0,173.0,139.0,140.0,170.0,170.0,141.0,99.5,0.04119552996023581,3,1
random,200,31,7,84.0,127.0,106.0,106.0,125.0,125.0,90.0,99.5,0.04119552996023581,3,1
random,200,31,8,164.0,176.0,180.0,180.0,177.0,177.0,172.0,99.5,0.04119552996023581,3,1
random,200,31,9,138.0,139.0,141.0,141.0,144.0,144.0,145.0,99.5,0.04119552996023581,3,1
random,200,31,10,56.0,39.0,74.0,74.0,41.0,41.0,82.0,99.5,0.04119552996023581,3,1
random,200,31,11,56.0,52.0,51.0,52.0,58.0,58.0,65.0,99.5,0.04119552996023581,3,1
random,200,31,12,138.0,141.0,145.0,146.0,145.0,145.0,150.0,99.5,0.04119552996023581,3,1
random,200,31,13,56.0,73.0,48.0,46.0,72.0,72.0,59.0,99.5,0.04119552996023581,3,1
random,200,31,14,84.0,95.0,75.0,73.0,101.0,101.0,86.0,99.5,0.04119552996023581,3,1
random,200,31,15,84.0,109.0,131.0,130.0,106.0,106.0,105.0,99.5,0.04119552996023581,3,1
random,200,31,16,112.0,117.0,130.0,129.0,115.0,115.0,128.0,99.5,0.04119552996023581,3,1
random,200,31,17,35.0,42.0,52.0,54.0,43.0,43.0,48.0,99.5,0.04119552996023581,3,1
random,200,31,18,56.0,61.0,89.0,88.0,63.0,63.0,76.0,99.5,0.04119552996023581,3,1
random,200,31,19,112.0,133.0,157.0,161.0,137.0,137.0,131.0,99.5,0.04119552996023581,3,1
random,200,31,20,138.0,175.0,140.0,139.0,173.0,173.0,144.0,99.5,0.04119552996023581,3,1
random,200,31,21,20.0,32.0,35.0,38.0,30.0,30.0,33.0,99.5,0.04119552996023581,3,1
random,200,31,22,9.0,12.0,10.0,11.0,11.0,11.0,10.0,99.5,0.04119552996023581,3,1
random,200,31,23,56.0,95.0,72.0,71.0,97.0,97.0,58.0,99.5,0.04119552996023581,3,1
random,200,31,24,84.0,104.0,111.0,112.0,104.0,104.0,99.0,99.5,0.04119552996023581,3,1
random,200,31,25,4.0,28.0,4.0,3.0,15.0,15.0,3.0,99.5,0.04119552996023581,3,1
random,200,31,26,56.0,88.0,68.0,68.0,85.0,85.0,63.0,99.5,0.04119552996023581,3,1
random,200,31,27,84.0,64.0,81.0,78.0,71.0,71.0,103.0,99.5,0.04119552996023581,3,1
random,200,31,28,84.0,84.0,98.0,96.0,88.0,88.0,102.0,99.5,0.04119552996023581,3,1
random,200,31,29,84.0,100.0,96.0,95.0,99.0,99.0,95.0,99.5,0.04119552996023581,3,1
random,200,31,30,9.0,9.0,9.0,9.0,9.0,9.0,9.0,99.5,0.04119552996023581,3,1
random,200,31,31,138.0,148.0,163.0,164.0,148.0,148.0,159.0,99.5,0.04119552996023581,3,1
random,200,31,32,164.0,170.0,167.0,167.0,169.0,169.0,174.0,99.5,0.04119552996023581,3,1
random,200,31,33,164.0,196.0,176.0,175.0,195.0,195.0,164.0,99.5,0.04119552996023581,3,1
random,200,31,34,20.0,20.0,32.0,35.0,23.0,23.0,31.0,99.5,0.04119552996023581,3,1
random,200,31,35,112.0,133.0,146.0,145.0,136.0,136.0,123.0,99.5,0.04119552996023581,3,1
random,200,31,36,112.0,128.0,118.0,116.0,126.0,126.0,124.0,99.5,0.04119552996023581,3,1
random,200,31,37,35.0,44.0,38.0,36.0,43.0,43.0,44.0,99.5,0.04119552996023581,3,1
random,200,31,38,84.0,84.0,97.0,101.0,90.0,90.0,100.0,99.5,0.04119552996023581,3,1
random,200,31,39,56.0,44.0,50.0,53.0,51.0,51.0,72.0,99.5,0.04119552996023581,3,1
random,200,31,40,112.0,123.0,138.0,135.0,119.0,119.0,132.0,99.5,0.04119552996023581,3,1
random,200,31,41,35.0,67.0,25.0,24.0,63.0,63.0,35.0,99.5,0.04119552996023581,3,1
random,200,31,42,56.0,58.0,69.0,67.0,61.0,61.0,69.0,99.5,0.04119552996023581,3,1
random,200,31,43,20.0,48.0,27.0,28.0,47.0,47.0,24.0,99.5,0.04119552996023581,3,1
random,200,31,44,138.0,181.0,162.0,159.0,180.0,180.0,148.0,99.5,0.04119552996023581,3,1
random,200,31,45,112.0,104.0,119.0,122.0,105.0,105.0,133.0,99.5,0.04119552996023581,3,1
random,200,31,46,35.0,64.0,30.0,29.0,57.0,57.0,37.0,99.5,0.04119552996023581,3,1
random,200,31,47,35.0,32.0,40.0,41.0,35.0,35.0,47.0,99.5,0.04119552996023581,3,1
random,200,31,48,138.0,154.0,159.0,158.0,154.0,154.0,153.0,99.5,0.04119552996023581,3,1
random,200,31,49,13.0,22.0,23.0,25.0,19.0,19.0,17.0,99.5,0.04119552996023581,3,1
random,200,31,50,138.0,113.0,134.0,134.0,122.0,122.0,155.0,99.5,0.04119552996023581,3,1
random,200,31,51,194.0,186.0,197.0,197.0,192.0,192.0,196.0,99.5,0.04119552996023581,3,1
random,200,31,52,56.0,79.0,82.0,80.0,76.0,76.0,75.0,99.5,0.04119552996023581,3,1
random,200,31,53,84.0,71.0,88.0,87.0,74.0,74.0,104.0,99.5,0.04119552996023581,3,1
random,200,31,54,183.0,182.0,181.0,181.0,183.0,183.0,184.0,99.5,0.04119552996023581,3,1
random,200,31,55,84.0,69.0,104.0,104.0,78.0,78.0,108.0,99.5,0.04119552996023581,3,1
random,200,31,56,56.0,82.0,83.0,85.0,82.0,82.0,68.0,99.5,0.04119552996023581,3,1
random,200,31,57,138.0,130.0,161.0,162.0,132.0,132.0,163.0,99.5,0.04119552996023581,3,1
random,200,31,58,112.0,124.0,112.0,110.0,118.0,118.0,127.0,99.5,0.04119552996023581,3,1
random,200,31,59,164.0,177.0,174.0,174.0,176.0,176.0,176.0,99.5,0.04119552996023581,3,1
random,200,31,60,35.0,35.0,39.0,40.0,37.0,37.0,45.0,99.5,0.04119552996023581,3,1
random,200,31,61,35.0,48.0,44.0,44.0,50.0,50.0,40.0,99.5,0.04119552996023581,3,1
random,200,31,62,164.0,170.0,151.0,150.0,171.0,171.0,167.0,99.5,0.04119552996023581,3,1
random,200,31,63,35.0,46.0,56.0,56.0,45.0,45.0,51.0,99.5,0.04119552996023581,3,1
random,200,31,64,35.0,71.0,28.0,32.0,67.0,67.0,36.0,99.5,0.04119552996023581,3,1
random,200,31,65,164.0,159.0,182.0,183.0,162.0,162.0,180.0,99.5,0.04119552996023581,3,1
random,200,31,66,112.0,120.0,122.0,124.0,124.0,124.0,126.0,99.5,0.04119552996023581,3,1
random,200,31,67,84.0,82.0,103.0,105.0,86.0,86.0,101.0,99.5,0.04119552996023581,3,1
random,200,31,68,183.0,186.0,194.0,194.0,186.0,186.0,188.0,99.5,0.04119552996023581,3,1
random,200,31,69,164.0,141.0,169.0,168.0,152.0,152.0,178.0,99.5,0.04119552996023581,3,1
random,200,31,70,20.0,29.0,15.0,16.0,28.0,28.0,22.0,99.5,0.04119552996023581,3,1
random,200,31,71,138.0,137.0,152.0,152.0,141.0,141.0,154.0,99.5,0.04119552996023581,3,1
random,200,31,72,112.0,147.0,127.0,125.0,140.0,140.0,118.0,99.5,0.04119552996023581,3,1
random,200,31,73,35.0,22.0,57.0,61.0,29.0,29.0,54.0,99.5,0.04119552996023581,3,1
random,200,31,74,112.0,139.0,115.0,117.0,138.0,138.0,115.0,99.5,0.04119552996023581,3,1
random,200,31,75,164.0,174.0,172.0,172.0,175.0,175.0,171.0,99.5,0.04119552996023581,3,1
random,200,31,76,164.0,193.0,177.0,178.0,188.0,188.0,166.0,99.5,0.04119552996023581,3,1
random,200,31,77,13.0,15.0,13.0,13.0,16.0,16.0,15.0,99.5,0.04119552996023581,3,1
random,200,31,78,112.0,104.0,126.0,123.0,116.0,116.0,121.0,99.5,0.04119552996023581,3,1
random,200,31,79,84.0,117.0,109.0,111.0,114.0,114.0,96.0,99.5,0.04119552996023581,3,1
random,200,31,80,164.0,172.0,173.0,173.0,174.0,174.0,173.0,99.5,0.04119552996023581,3,1
random,200,31,81,138.0,164.0,153.0,154.0,164.0,164.0,147.0,99.5,0.04119552996023581,3,1
random,200,31,82,56.0,32.0,70.0,75.0,39.0,39.0,83.0,99.5,0.04119552996023581,3,1
random,200,31,83,183.0,188.0,192.0,192.0,187.0,187.0,189.0,99.5,0.04119552996023581,3,1
random,200,31,84,20.0,22.0,34.0,33.0,21.0,21.0,30.0,99.5,0.04119552996023581,3,1
random,200,31,85,138.0,141.0,110.0,107.0,143.0,143.0,140.0,99.5,0.04119552996023581,3,1
random,200,31,86,56.0,95.0,66.0,64.0,92.0,92.0,56.0,99.5,0.04119552996023581,3,1
random,200,31,87,164.0,133.0,175.0,176.0,147.0,147.0,182.0,99.5,0.04119552996023581,3,1
random,200,31,88,56.0,88.0,62.0,60.0,80.0,80.0,62.0,99.5,0.04119552996023581,3,1
random,200,31,89,35.0,18.0,46.0,48.0,26.0,26.0,52.0,99.5,0.04119552996023581,3,1
random,200,31,90,138.0,109.0,117.0,119.0,120.0,120.0,151.0,99.5,0.04119552996023581,3,1
random,200,31,91,20.0,52.0,20.0,20.0,46.0,46.0,23.0,99.5,0.04119552996023581,3,1
random,200,31,92,35.0,35.0,59.0,58.0,33.0,33.0,53.0,99.5,0.04119552996023581,3,1
random,200,31,93,164.0,164.0,178.0,177.0,166.0,166.0,181.0,99.5,0.04119552996023581,3,1
random,200,31,94,199.0,199.0,199.0,199.0,199.0,199.0,199.0,99.5,0.04119552996023581,3,1
random,200,31,95,112.0,104.0,107.0,109.0,113.0,113.0,120.0,99.5,0.04119552996023581,3,1
random,200,31,96,35.0,30.0,37.0,34.0,35.0,35.0,42.0,99.5,0.04119552996023581,3,1
random,200,31,97,84.0,95.0,129.0,131.0,103.0,103.0,110.0,99.5,0.04119552996023581,3,1
random,200,31,98,112.0,152.0,132.0,132.0,150.0,150.0,116.0,99.5,0.04119552996023581,3,1
random,200,31,99,4.0,6.0,7.0,7.0,6.0,6.0,7.0,99.5,0.04119552996023581,3,1
random,200,31,100,138.0,161.0,154.0,153.0,158.0,158.0,149.0,99.5,0.04119552996023581,3,1
random,200,31,101,84.0,141.0,61.0,57.0,139.0,139.0,79.0,99.5,0.04119552996023581,3,1
random,200,31,102,138.0,157.0,147.0,148.0,157.0,157.0,143.0,99.5,0.04119552996023581,3,1
random,200,31,103,20.0,30.0,41.0,42.0,32.0,32.0,32.0,99.5,0.04119552996023581,3,1
random,200,31,104,56.0,104.0,90.0,90.0,98.0,98.0,64.0,99.5,0.04119552996023581,3,1
random,200,31,105,183.0,184.0,188.0,188.0,184.0,184.0,190.0,99.5,0.04119552996023581,3,1
random,200,31,106,164.0,195.0,185.0,186.0,193.0,193.0,168.0,99.5,0.04119552996023581,3,1
random,200,31,107,112.0,113.0,135.0,136.0,117.0,117.0,135.0,99.5,0.04119552996023581,3,1
random,200,31,108,138.0,133.0,166.0,165.0,142.0,142.0,160.0,99.5,0.04119552996023581,3,1
random,200,31,109,9.0,14.0,11.0,10.0,11.0,11.0,11.0,99.5,0.04119552996023581,3,1
random,200,31,110,35.0,52.0,84.0,89.0,52.0,52.0,50.0,99.5,0.04119552996023581,3,1
random,200,31,111,20.0,42.0,18.0,18.0,34.0,34.0,21.0,99.5,0.04119552996023581,3,1
random,200,31,112,35.0,55.0,45.0,43.0,54.0,54.0,41.0,99.5,0.04119552996023581,3,1
random,200,31,113,112.0,137.0,65.0,63.0,134.0,134.0,112.0,99.5,0.04119552996023581,3,1
random,200,31,114,183.0,179.0,189.0,190.0,181.0,181.0,191.0,99.5,0.04119552996023581,3,1
random,200,31,115,164.0,157.0,160.0,157.0,164.0,164.0,170.0,99.5,0.04119552996023581,3,1
random,200,31,116,164.0,156.0,179.0,179.0,160.0,160.0,179.0,99.5,0.04119552996023581,3,1
random,200,31,117,84.0,90.0,93.0,94.0,93.0,93.0,92.0,99.5,0.04119552996023581,3,1
random,200,31,118,112.0,161.0,143.0,143.0,153.0,153.0,119.0,99.5,0.04119552996023581,3,1
random,200,31,119,84.0,84.0,87.0,84.0,94.0,94.0,88.0,99.5,0.04119552996023581,3,1
random,200,31,120,56.0,94.0,79.0,82.0,87.0,87.0,66.0,99.5,0.04119552996023581,3,1
random,200,31,121,20.0,22.0,22.0,21.0,23.0,23.0,25.0,99.5,0.04119552996023581,3,1
random,200,31,122,3.0,3.0,5.0,6.0,3.0,3.0,4.0,99.5,0.04119552996023581,3,1
random,200,31,123,20.0,64.0,29.0,31.0,53.0,53.0,20.0,99.5,0.04119552996023581,3,1
random,200,31,124,112.0,90.0,116.0,114.0,95.0,95.0,136.0,99.5,0.04119552996023581,3,1
random,200,31,125,112.0,84.0,142.0,142.0,96.0,96.0,138.0,99.5,0.04119552996023581,3,1
random,200,31,126,4.0,8.0,6.0,5.0,7.0,7.0,6.0,99.5,0.04119552996023581,3,1
random,200,31,127,138.0,169.0,165.0,166.0,161.0,161.0,156.0,99.5,0.04119552996023581,3,1
random,200,31,128,164.0,178.0,164.0,163.0,179.0,179.0,165.0,99.5,0.04119552996023581,3,1
random,200,31,129,183.0,194.0,193.0,193.0,195.0,195.0,186.0,99.5,0.04119552996023581,3,1
random,200,31,130,20.0,48.0,43.0,45.0,42.0,42.0,27.0,99.5,0.04119552996023581,3,1
random,200,31,131,84.0,141.0,86.0,86.0,135.0,135.0,85.0,99.5,0.04119552996023581,3,1
random,200,31,132,183.0,185.0,191.0,191.0,185.0,185.0,192.0,99.5,0.04119552996023581,3,1
random,200,31,133,84.0,75.0,95.0,97.0,79.0,79.0,109.0,99.5,0.04119552996023581,3,1
random,200,31,134,56.0,73.0,80.0,83.0,74.0,74.0,70.0,99.5,0.04119552996023581,3,1
random,200,31,135,138.0,179.0,125.0,120.0,178.0,178.0,139.0,99.5,0.04119552996023581,3,1
random,200,31,136,194.0,191.0,198.0,198.0,193.0,193.0,198.0,99.5,0.04119552996023581,3,1
random,200,31,137,13.0,10.0,14.0,15.0,13.0,13.0,16.0,99.5,0.04119552996023581,3,1
random,200,31,138,13.0,35.0,17.0,17.0,27.0,27.0,13.0,99.5,0.04119552996023581,3,1
random,200,31,139,138.0,151.0,155.0,156.0,151.0,151.0,158.0,99.5,0.04119552996023581,3,1
random,200,31,140,20.0,15.0,24.0,23.0,17.0,17.0,29.0,99.5,0.04119552996023581,3,1
random,200,31,141,183.0,188.0,190.0,189.0,189.0,189.0,187.0,99.5,0.04119552996023581,3,1
random,200,31,142,56.0,46.0,71.0,70.0,49.0,49.0,80.0,99.5,0.04119552996023581,3,1
random,200,31,143,84.0,90.0,94.0,91.0,89.0,89.0,93.0,99.5,0.04119552996023581,3,1
random,200,31,144,112.0,113.0,105.0,103.0,120.0,120.0,117.0,99.5,0.04119552996023581,3,1
random,200,31,145,84.0,120.0,101.0,98.0,112.0,112.0,94.0,99.5,0.04119552996023581,3,1
random,200,31,146,20.0,15.0,60.0,66.0,17.0,17.0,34.0,99.5,0.04119552996023581,3,1
random,200,31,147,35.0,39.0,78.0,77.0,38.0,38.0,55.0,99.5,0.04119552996023581,3,1
random,200,31,148,13.0,12.0,19.0,19.0,14.0,14.0,18.0,99.5,0.04119552996023581,3,1
random,200,31,149,84.0,80.0,91.0,92.0,83.0,83.0,97.0,99.5,0.04119552996023581,3,1
random,200,31,150,164.0,148.0,156.0,155.0,155.0,155.0,169.0,99.5,0.04119552996023581,3,1
random,200,31,151,200.0,200.0,200.0,200.0,200.0,200.0,200.0,99.5,0.04119552996023581,3,1
random,200,31,152,112.0,99.0,120.0,115.0,109.0,109.0,130.0,99.5,0.04119552996023581,3,1
random,200,31,153,138.0,128.0,149.0,149.0,130.0,130.0,161.0,99.5,0.04119552996023581,3,1
random,200,31,154,84.0,113.0,128.0,128.0,107.0,107.0,106.0,99.5,0.04119552996023581,3,1
random,200,31,155,56.0,61.0,42.0,39.0,69.0,69.0,61.0,99.5,0.04119552996023581,3,1
random,200,31,156,138.0,161.0,31.0,27.0,159.0,159.0,113.0,99.5,0.04119552996023581,3,1
random,200,31,157,35.0,75.0,53.0,49.0,70.0,70.0,38.0,99.5,0.04119552996023581,3,1
random,200,31,158,112.0,131.0,133.0,133.0,131.0,131.0,122.0,99.5,0.04119552996023581,3,1
random,200,31,159,56.0,41.0,92.0,93.0,48.0,48.0,84.0,99.5,0.04119552996023581,3,1
random,200,31,160,35.0,22.0,36.0,37.0,31.0,31.0,46.0,99.5,0.04119552996023581,3,1
random,200,31,161,35.0,69.0,49.0,47.0,66.0,66.0,39.0,99.5,0.04119552996023581,3,1
random,200,31,162,84.0,55.0,113.0,118.0,68.0,68.0,111.0,99.5,0.04119552996023581,3,1
random,200,31,163,138.0,154.0,144.0,144.0,155.0,155.0,146.0,99.5,0.04119552996023581,3,1
random,200,31,164,9.0,5.0,12.0,12.0,5.0,5.0,12.0,99.5,0.04119552996023581,3,1
random,200,31,165,183.0,191.0,187.0,187.0,191.0,191.0,183.0,99.5,0.04119552996023581,3,1
random,200,31,166,56.0,78.0,85.0,81.0,73.0,73.0,78.0,99.5,0.04119552996023581,3,1
random,200,31,167,138.0,120.0,150.0,151.0,127.0,127.0,157.0,99.5,0.04119552996023581,3,1
random,200,31,168,112.0,131.0,136.0,138.0,128.0,128.0,129.0,99.5,0.04119552996023581,3,1
random,200,31,169,56.0,90.0,77.0,76.0,80.0,80.0,67.0,99.5,0.04119552996023581,3,1
random,200,31,170,56.0,48.0,54.0,55.0,56.0,56.0,77.0,99.5,0.04119552996023581,3,1
random,200,31,171,56.0,75.0,55.0,51.0,77.0,77.0,60.0,99.5,0.04119552996023581,3,1
random,200,31,172,84.0,100.0,108.0,108.0,102.0,102.0,98.0,99.5,0.04119552996023581,3,1
random,200,31,173,13.0,22.0,16.0,14.0,20.0,20.0,14.0,99.5,0.04119552996023581,3,1
random,200,31,174,35.0,58.0,67.0,69.0,54.0,54.0,49.0,99.5,0.04119552996023581,3,1
random,200,31,175,56.0,35.0,47.0,50.0,40.0,40.0,74.0,99.5,0.04119552996023581,3,1
random,200,31,176,56.0,61.0,64.0,65.0,65.0,65.0,73.0,99.5,0.04119552996023581,3,1
random,200,31,177,112.0,141.0,123.0,126.0,133.0,133.0,125.0,99.5,0.04119552996023581,3,1
random,200,31,178,112.0,109.0,124.0,127.0,110.0,110.0,134.0,99.5,0.04119552996023581,3,1
random,200,31,179,164.0,167.0,170.0,170.0,168.0,168.0,175.0,99.5,0.04119552996023581,3,1
random,200,31,180,13.0,7.0,21.0,22.0,8.0,8.0,19.0,99.5,0.04119552996023581,3,1
random,200,31,181,56.0,100.0,63.0,62.0,91.0,91.0,57.0,99.5,0.04119552996023581,3,1
random,200,31,182,112.0,152.0,114.0,113.0,146.0,146.0,114.0,99.5,0.04119552996023581,3,1
random,200,31,183,1.0,1.0,1.0,1.0,1.0,1.0,1.0,99.5,0.04119552996023581,3,1
random,200,31,184,84.0,125.0,102.0,102.0,123.0,123.0,87.0,99.5,0.04119552996023581,3,1
random,200,31,185,112.0,109.0,137.0,137.0,111.0,111.0,137.0,99.5,0.04119552996023581,3,1
random,200,31,186,84.0,81.0,121.0,121.0,84.0,84.0,107.0,99.5,0.04119552996023581,3,1
random,200,31,187,164.0,159.0,171.0,171.0,167.0,167.0,177.0,99.5,0.04119552996023581,3,1
random,200,31,188,20.0,19.0,26.0,26.0,23.0,23.0,26.0,99.5,0.04119552996023581,3,1
random,200,31,189,84.0,117.0,99.0,99.0,107.0,107.0,89.0,99.5,0.04119552996023581,3,1
random,200,31,190,194.0,188.0,196.0,196.0,190.0,190.0,197.0,99.5,0.04119552996023581,3,1
random,200,31,191,194.0,197.0,195.0,195.0,197.0,197.0,195.0,99.5,0.04119552996023581,3,1
random,200,31,192,35.0,55.0,58.0,59.0,58.0,58.0,43.0,99.5,0.04119552996023581,3,1
random,200,31,193,56.0,58.0,73.0,72.0,60.0,60.0,71.0,99.5,0.04119552996023581,3,1
random,200,31,194,183.0,164.0,183.0,184.0,172.0,172.0,193.0,99.5,0.04119552996023581,3,1
random,200,31,195,183.0,182.0,186.0,185.0,182.0,182.0,185.0,99.5,0.04119552996023581,3,1
random,200,31,196,138.0,148.0,158.0,160.0,149.0,149.0,152.0,99.5,0.04119552996023581,3,1
random,200,31,197,138.0,168.0,148.0,147.0,163.0,163.0,142.0,99.5,0.04119552996023581,3,1
random,200,31,198,84.0,100.0,100.0,100.0,100.0,100.0,91.0,99.5,0.04119552996023581,3,1
random,200,31,199,4.0,4.0,8.0,8.0,4.0,4.0,8.0,99.5,0.04119552996023581,3,1
random,200,32,0,32.0,26.0,48.0,46.0,33.0,33.0,45.0,99.5,0.04540626775185597,3,1
random,200,32,1,164.0,162.0,168.0,169.0,162.0,162.0,175.0,99.5,0.04540626775185597,3,1
random,200,32,2,182.0,171.0,192.0,192.0,175.0,175.0,192.0,99.5,0.04540626775185597,3,1
random,200,32,3,32.0,57.0,28.0,28.0,52.0,52.0,35.0,99.5,0.04540626775185597,3,1
random,200,32,4,12.0,29.0,16.0,16.0,24.0,24.0,16.0,99.5,0.04540626775185597,3,1
random,200,32,5,81.0,38.0,90.0,94.0,44.0,44.0,110.0,99.5,0.04540626775185597,3,1
random,200,32,6,111.0,133.0,142.0,138.0,139.0,139.0,123.0,99.5,0.04540626775185597,3,1
random,200,32,7,81.0,139.0,107.0,108.0,128.0,128.0,87.0,99.5,0.04540626775185597,3,1
random,200,32,8,12.0,20.0,21.0,20.0,18.0,18.0,17.0,99.5,0.04540626775185597,3,1
random,200,32,9,111.0,127.0,152.0,154.0,129.0,129.0,140.0,99.5,0.04540626775185597,3,1
random,200,32,10,164.0,165.0,173.0,173.0,169.0,169.0,176.0,99.5,0.04540626775185597,3,1
random,200,32,11,8.0,14.0,12.0,12.0,12.0,12.0,10.0,99.5,0.04540626775185597,3,1
random,200,32,12,32.0,62.0,62.0,63.0,59.0,59.0,38.0,99.5,0.04540626775185597,3,1
random,200,32,13,53.0,107.0,53.0,49.0,95.0,95.0,58.0,99.5,0.04540626775185597,3,1
random,200,32,14,53.0,49.0,54.0,52.0,51.0,51.0,72.0,99.5,0.04540626775185597,3,1
random,200,32,15,81.0,72.0,104.0,103.0,71.0,71.0,108.0,99.5,0.04540626775185597,3,1
random,200,32,16,111.0,115.0,117.0,113.0,116.0,116.0,124.0,99.5,0.04540626775185597,3,1
random,200,32,17,111.0,112.0,138.0,135.0,122.0,122.0,135.0,99.5,0.04540626775185597,3,1
random,200,32,18,81.0,87.0,85.0,87.0,85.0,85.0,94.0,99.5,0.04540626775185597,3,1
random,200,32,19,164.0,172.0,185.0,186.0,171.0,171.0,180.0,99.5,0.04540626775185597,3,1
random,200,32,20,53.0,53.0,80.0,82.0,56.0,56.0,80.0,99.5,0.04540626775185597,3,1
random,200,32,21,53.0,97.0,93.0,93.0,91.0,91.0,75.0,99.5,0.04540626775185597,3,1
random,200,32,22,81.0,80.0,87.0,86.0,85.0,85.0,89.0,99.5,0.04540626775185597,3,1
random,200,32,23,182.0,170.0,194.0,194.0,174.0,174.0,190.0,99.5,0.04540626775185597,3,1
random,200,32,24,32.0,46.0,26.0,25.0,45.0,45.0,33.0,99.5,0.04540626775185597,3,1
random,200,32,25,53.0,62.0,76.0,75.0,61.0,61.0,77.0,99.5,0.04540626775185597,3,1
random,200,32,26,81.0,121.0,89.0,88.0,115.0,115.0,88.0,99.5,0.04540626775185597,3,1
random,200,32,27,143.0,150.0,139.0,136.0,152.0,152.0,149.0,99.5,0.04540626775185597,3,1
random,200,32,28,164.0,165.0,167.0,167.0,167.0,167.0,172.0,99.5,0.04540626775185597,3,1
random,200,32,29,53.0,97.0,37.0,36.0,92.0,92.0,54.0,99.5,0.04540626775185597,3,1
random,200,32,30,12.0,38.0,13.0,14.0,34.0,34.0,14.0,99.5,0.04540626775185597,3,1
random,200,32,31,111.0,133.0,144.0,142.0,134.0,134.0,132.0,99.5,0.04540626775185597,3,1
random,200,32,32,53.0,60.0,66.0,64.0,58.0,58.0,71.0,99.5,0.04540626775185597,3,1
random,200,32,33,32.0,18.0,34.0,32.0,21.0,21.0,44.0,99.5,0.04540626775185597,3,1
random,200,32,34,193.0,194.0,195.0,195.0,194.0,194.0,196.0,99.5,0.04540626775185597,3,1
random,200,32,35,111.0,128.0,146.0,147.0,125.0,125.0,134.0,99.5,0.04540626775185597,3,1
random,200,32,36,81.0,91.0,69.0,68.0,84.0,84.0,82.0,99.5,0.04540626775185597,3,1
random,200,32,37,53.0,77.0,40.0,39.0,75.0,75.0,56.0,99.5,0.04540626775185597,3,1
random,200,32,38,111.0,145.0,140.0,145.0,144.0,144.0,122.0,99.5,0.04540626775185597,3,1
random,200,32,39,143.0,144.0,158.0,158.0,151.0,151.0,157.0,99.5,0.04540626775185597,3,1
random,200,32,40,53.0,87.0,33.0,33.0,85.0,85.0,51.0,99.5,0.04540626775185597,3,1
random,200,32,41,53.0,80.0,78.0,80.0,77.0,77.0,70.0,99.5,0.04540626775185597,3,1
random,200,32,42,20.0,29.0,14.0,13.0,26.0,26.0,21.0,99.5,0.04540626775185597,3,1
random,200,32,43,198.0,198.0,199.0,199.0,198.0,198.0,200.0,99.5,0.04540626775185597,3,1
random,200,32,44,143.0,162.0,165.0,166.0,161.0,161.0,152.0,99.5,0.04540626775185597,3,1
random,200,32,45,164.0,185.0,171.0,171.0,185.0,185.0,164.0,99.5,0.04540626775185597,3,1
random,200,32,46,111.0,94.0,123.0,122.0,99.0,99.0,131.0,99.5,0.04540626775185597,3,1
random,200,32,47,143.0,153.0,163.0,163.0,154.0,154.0,155.0,99.5,0.04540626775185597,3,1
random,200,32,48,182.0,179.0,190.0,190.0,184.0,184.0,188.0,99.5,0.04540626775185597,3,1
random,200,32,49,32.0,49.0,46.0,47.0,49.0,49.0,41.0,99.5,0.04540626775185597,3,1
random,200,32,50,164.0,160.0,180.0,181.0,160.0,160.0,179.0,99.5,0.04540626775185597,3,1
random,200,32,51,12.0,44.0,15.0,15.0,38.0,38.0,13.0,99.5,0.04540626775185597,3,1
random,200,32,52,8.0,8.0,24.0,24.0,8.0,8.0,11.0,99.5,0.04540626775185597,3,1
random,200,32,53,32.0,57.0,45.0,45.0,57.0,57.0,34.0,99.5,0.04540626775185597,3,1
random,200,32,54,143.0,102.0,133.0,133.0,114.0,114.0,158.0,99.5,0.04540626775185597,3,1
random,200,32,55,2.0,4.0,3.0,2.0,3.0,3.0,2.0,99.5,0.04540626775185597,3,1
random,200,32,56,164.0,193.0,177.0,175.0,193.0,193.0,165.0,99.5,0.04540626775185597,3,1
random,200,32,57,143.0,120.0,131.0,131.0,127.0,127.0,159.0,99.5,0.04540626775185597,3,1
random,200,32,58,32.0,33.0,75.0,76.0,36.0,36.0,50.0,99.5,0.04540626775185597,3,1
random,200,32,59,20.0,20.0,23.0,22.0,23.0,23.0,24.0,99.5,0.04540626775185597,3,1
random,200,32,60,32.0,22.0,64.0,62.0,31.0,31.0,47.0,99.5,0.04540626775185597,3,1
random,200,32,61,81.0,91.0,95.0,95.0,97.0,97.0,91.0,99.5,0.04540626775185597,3,1
random,200,32,62,5.0,5.0,6.0,6.0,5.0,5.0,7.0,99.5,0.04540626775185597,3,1
random,200,32,63,143.0,175.0,153.0,151.0,170.0,170.0,145.0,99.5,0.04540626775185597,3,1
random,200,32,64,111.0,86.0,126.0,130.0,102.0,102.0,129.0,99.5,0.04540626775185597,3,1
random,200,32,65,53.0,42.0,58.0,56.0,45.0,45.0,69.0,99.5,0.04540626775185597,3,1
random,200,32,66,20.0,12.0,25.0,26.0,13.0,13.0,30.0,99.5,0.04540626775185597,3,1
random,200,32,67,143.0,147.0,156.0,156.0,153.0,153.0,156.0,99.5,0.04540626775185597,3,1
random,200,32,68,143.0,124.0,147.0,148.0,137.0,137.0,160.0,99.5,0.04540626775185597,3,1
random,200,32,69,111.0,46.0,135.0,137.0,63.0,63.0,142.0,99.5,0.04540626775185597,3,1
random,200,32,70,32.0,107.0,65.0,65.0,90.0,90.0,32.0,99.5,0.04540626775185597,3,1
random,200,32,71,164.0,158.0,169.0,170.0,159.0,159.0,178.0,99.5,0.04540626775185597,3,1
random,200,32,72,53.0,121.0,56.0,57.0,112.0,112.0,55.0,99.5,0.04540626775185597,3,1
random,200,32,73,32.0,15.0,61.0,66.0,17.0,17.0,52.0,99.5,0.04540626775185597,3,1
random,200,32,74,12.0,36.0,11.0,11.0,32.0,32.0,12.0,99.5,0.04540626775185597,3,1
random,200,32,75,32.0,53.0,52.0,55.0,48.0,48.0,42.0,99.5,0.04540626775185597,3,1
random,200,32,76,20.0,19.0,20.0,19.0,20.0,20.0,26.0,99.5,0.04540626775185597,3,1
random,200,32,77,111.0,115.0,128.0,124.0,119.0,119.0,126.0,99.5,0.04540626775185597,3,1
random,200,32,78,32.0,17.0,59.0,59.0,19.0,19.0,49.0,99.5,0.04540626775185597,3,1
random,200,32,79,81.0,106.0,137.0,143.0,106.0,106.0,109.0,99.5,0.04540626775185597,3,1
random,200,32,80,111.0,137.0,108.0,110.0,131.0,131.0,119.0,99.5,0.04540626775185597,3,1
random,200,32,81,111.0,97.0,134.0,139.0,101.0,101.0,136.0,99.5,0.04540626775185597,3,1
random,200,32,82,81.0,80.0,84.0,83.0,81.0,81.0,102.0,99.5,0.04540626775185597,3,1
random,200,32,83,20.0,29.0,38.0,40.0,25.0,25.0,31.0,99.5,0.04540626775185597,3,1
random,200,32,84,143.0,168.0,164.0,165.0,163.0,163.0,147.0,99.5,0.04540626775185597,3,1
random,200,32,85,81.0,124.0,102.0,99.0,120.0,120.0,92.0,99.5,0.04540626775185597,3,1
random,200,32,86,143.0,159.0,148.0,141.0,157.0,157.0,153.0,99.5,0.04540626775185597,3,1
random,200,32,87,111.0,137.0,141.0,140.0,134.0,134.0,127.0,99.5,0.04540626775185597,3,1
random,200,32,88,53.0,118.0,88.0,90.0,104.0,104.0,66.0,99.5,0.04540626775185597,3,1
random,200,32,89,81.0,87.0,97.0,97.0,83.0,83.0,98.0,99.5,0.04540626775185597,3,1
random,200,32,90,111.0,67.0,113.0,116.0,79.0,79.0,138.0,99.5,0.04540626775185597,3,1
random,200,32,91,111.0,133.0,120.0,119.0,133.0,133.0,121.0,99.5,0.04540626775185597,3,1
random,200,32,92,53.0,55.0,36.0,37.0,53.0,53.0,62.0,99.5,0.04540626775185597,3,1
random,200,32,93,193.0,196.0,196.0,196.0,196.0,196.0,194.0,99.5,0.04540626775185597,3,1
random,200,32,94,182.0,190.0,187.0,187.0,190.0,190.0,185.0,99.5,0.04540626775185597,3,1
random,200,32,95,143.0,181.0,159.0,159.0,176.0,176.0,144.0,99.5,0.04540626775185597,3,1
random,200,32,96,111.0,87.0,129.0,129.0,97.0,97.0,139.0,99.5,0.04540626775185597,3,1
random,200,32,97,20.0,22.0,30.0,30.0,28.0,28.0,28.0,99.5,0.04540626775185597,3,1
random,200,32,98,111.0,133.0,124.0,121.0,134.0,134.0,116.0,99.5,0.04540626775185597,3,1
random,200,32,99,12.0,7.0,17.0,17.0,10.0,10.0,18.0,99.5,0.04540626775185597,3,1
random,200,32,100,20.0,38.0,22.0,21.0,37.0,37.0,22.0,99.5,0.04540626775185597,3,1
random,200,32,101,53.0,49.0,31.0,31.0,50.0,50.0,64.0,99.5,0.04540626775185597,3,1
random,200,32,102,81.0,67.0,74.0,72.0,71.0,71.0,96.0,99.5,0.04540626775185597,3,1
random,200,32,103,111.0,128.0,132.0,132.0,132.0,132.0,125.0,99.5,0.04540626775185597,3,1
random,200,32,104,32.0,45.0,42.0,41.0,43.0,43.0,40.0,99.5,0.04540626775185597,3,1
random,200,32,105,53.0,72.0,51.0,48.0,69.0,69.0,60.0,99.5,0.04540626775185597,3,1
random,200,32,106,81.0,131.0,79.0,79.0,125.0,125.0,81.0,99.5,0.04540626775185597,3,1
random,200,32,107,164.0,181.0,179.0,178.0,178.0,178.0,173.0,99.5,0.04540626775185597,3,1
random,200,32,108,81.0,67.0,71.0,70.0,76.0,76.0,85.0,99.5,0.04540626775185597,3,1
random,200,32,109,32.0,22.0,49.0,51.0,28.0,28.0,46.0,99.5,0.04540626775185597,3,1
random,200,32,110,12.0,26.0,10.0,10.0,22.0,22.0,15.0,99.5,0.04540626775185597,3,1
random,200,32,111,32.0,13.0,55.0,58.0,14.0,14.0,53.0,99.5,0.04540626775185597,3,1
random,200,32,112,20.0,42.0,32.0,34.0,41.0,41.0,23.0,99.5,0.04540626775185597,3,1
random,200,32,113,81.0,121.0,125.0,125.0,121.0,121.0,104.0,99.5,0.04540626775185597,3,1
random,200,32,114,53.0,94.0,44.0,44.0,88.0,88.0,57.0,99.5,0.04540626775185597,3,1
random,200,32,115,81.0,105.0,96.0,92.0,105.0,105.0,95.0,99.5,0.04540626775185597,3,1
random,200,32,116,111.0,139.0,110.0,107.0,140.0,140.0,113.0,99.5,0.04540626775185597,3,1
random,200,32,117,182.0,191.0,161.0,157.0,191.0,191.0,182.0,99.5,0.04540626775185597,3,1
random,200,32,118,81.0,153.0,101.0,102.0,147.0,147.0,84.0,99.5,0.04540626775185597,3,1
random,200,32,119,182.0,186.0,183.0,183.0,188.0,188.0,183.0,99.5,0.04540626775185597,3,1
random,200,32,120,111.0,80.0,143.0,146.0,89.0,89.0,141.0,99.5,0.04540626775185597,3,1
random,200,32,121,8.0,8.0,9.0,9.0,8.0,8.0,9.0,99.5,0.04540626775185597,3,1
random,200,32,122,143.0,131.0,151.0,152.0,141.0,141.0,154.0,99.5,0.04540626775185597,3,1
random,200,32,123,2.0,2.0,1.0,1.0,2.0,2.0,3.0,99.5,0.04540626775185597,3,1
random,200,32,124,81.0,78.0,91.0,91.0,78.0,78.0,101.0,99.5,0.04540626775185597,3,1
random,200,32,125,5.0,5.0,5.0,5.0,6.0,6.0,6.0,99.5,0.04540626775185597,3,1
random,200,32,126,164.0,179.0,174.0,174.0,178.0,178.0,171.0,99.5,0.04540626775185597,3,1
random,200,32,127,198.0,200.0,198.0,198.0,200.0,200.0,198.0,99.5,0.04540626775185597,3,1
random,200,32,128,164.0,162.0,145.0,144.0,164.0,164.0,166.0,99.5,0.04540626775185597,3,1
random,200,32,129,1.0,1.0,2.0,3.0,1.0,1.0,1.0,99.5,0.04540626775185597,3,1
random,200,32,130,143.0,115.0,162.0,162.0,124.0,124.0,162.0,99.5,0.04540626775185597,3,1
random,200,32,131,4.0,3.0,4.0,4.0,4.0,4.0,4.0,99.5,0.04540626775185597,3,1
random,200,32,132,111.0,150.0,115.0,118.0,150.0,150.0,112.0,99.5,0.04540626775185597,3,1
random,200,32,133,193.0,189.0,197.0,197.0,192.0,192.0,197.0,99.5,0.04540626775185597,3,1
random,200,32,134,5.0,10.0,7.0,7.0,7.0,7.0,5.0,99.5,0.04540626775185597,3,1
random,200,32,135,32.0,41.0,50.0,54.0,40.0,40.0,48.0,99.5,0.04540626775185597,3,1
random,200,32,136,193.0,197.0,193.0,193.0,197.0,197.0,193.0,99.5,0.04540626775185597,3,1
random,200,32,137,53.0,52.0,73.0,74.0,54.0,54.0,76.0,99.5,0.04540626775185597,3,1
random,200,32,138,32.0,62.0,41.0,38.0,55.0,55.0,39.0,99.5,0.04540626775185597,3,1
random,200,32,139,81.0,102.0,109.0,111.0,96.0,96.0,103.0,99.5,0.04540626775185597,3,1
random,200,32,140,20.0,34.0,29.0,29.0,35.0,35.0,25.0,99.5,0.04540626775185597,3,1
random,200,32,141,53.0,80.0,57.0,53.0,81.0,81.0,61.0,99.5,0.04540626775185597,3,1
random,200,32,142,81.0,112.0,94.0,96.0,110.0,110.0,97.0,99.5,0.04540626775185597,3,1
random,200,32,143,53.0,107.0,63.0,60.0,100.0,100.0,59.0,99.5,0.04540626775185597,3,1
random,200,32,144,32.0,34.0,47.0,50.0,39.0,39.0,43.0,99.5,0.04540626775185597,3,1
random,200,32,145,143.0,107.0,157.0,160.0,118.0,118.0,163.0,99.5,0.04540626775185597,3,1
random,200,32,146,53.0,67.0,82.0,81.0,69.0,69.0,74.0,99.5,0.04540626775185597,3,1
random,200,32,147,164.0,150.0,175.0,176.0,158.0,158.0,181.0,99.5,0.04540626775185597,3,1
random,200,32,148,53.0,36.0,70.0,71.0,42.0,42.0,79.0,99.5,0.04540626775185597,3,1
random,200,32,149,111.0,143.0,112.0,109.0,143.0,143.0,120.0,99.5,0.04540626775185597,3,1
random,200,32,150,53.0,59.0,67.0,67.0,64.0,64.0,65.0,99.5,0.04540626775185597,3,1
random,200,32,151,182.0,160.0,182.0,182.0,165.0,165.0,191.0,99.5,0.04540626775185597,3,1
random,200,32,152,164.0,183.0,160.0,161.0,183.0,183.0,168.0,99.5,0.04540626775185597,3,1
random,200,32,153,182.0,176.0,189.0,189.0,181.0,181.0,189.0,99.5,0.04540626775185597,3,1
random,200,32,154,81.0,118.0,86.0,84.0,113.0,113.0,86.0,99.5,0.04540626775185597,3,1
random,200,32,155,111.0,94.0,122.0,127.0,107.0,107.0,137.0,99.5,0.04540626775185597,3,1
random,200,32,156,81.0,55.0,98.0,98.0,62.0,62.0,107.0,99.5,0.04540626775185597,3,1
random,200,32,157,193.0,195.0,188.0,188.0,195.0,195.0,195.0,99.5,0.04540626775185597,3,1
random,200,32,158,53.0,75.0,105.0,104.0,68.0,68.0,78.0,99.5,0.04540626775185597,3,1
random,200,32,159,111.0,149.0,150.0,150.0,149.0,149.0,118.0,99.5,0.04540626775185597,3,1
random,200,32,160,143.0,183.0,130.0,128.0,180.0,180.0,143.0,99.5,0.04540626775185597,3,1
random,200,32,161,143.0,169.0,154.0,153.0,168.0,168.0,146.0,99.5,0.04540626775185597,3,1
random,200,32,162,111.0,147.0,155.0,155.0,148.0,148.0,133.0,99.5,0.04540626775185597,3,1
random,200,32,163,81.0,128.0,121.0,123.0,123.0,123.0,100.0,99.5,0.04540626775185597,3,1
random,200,32,164,182.0,178.0,184.0,184.0,182.0,182.0,184.0,99.5,0.04540626775185597,3,1
random,200,32,165,182.0,176.0,186.0,185.0,177.0,177.0,187.0,99.5,0.04540626775185597,3,1
random,200,32,166,198.0,199.0,200.0,200.0,199.0,199.0,199.0,99.5,0.04540626775185597,3,1
random,200,32,167,8.0,26.0,8.0,8.0,16.0,16.0,8.0,99.5,0.04540626775185597,3,1
random,200,32,168,20.0,22.0,35.0,35.0,28.0,28.0,29.0,99.5,0.04540626775185597,3,1
random,200,32,169,111.0,107.0,100.0,100.0,117.0,117.0,114.0,99.5,0.04540626775185597,3,1
random,200,32,170,111.0,145.0,116.0,115.0,142.0,142.0,115.0,99.5,0.04540626775185597,3,1
random,200,32,171,164.0,173.0,176.0,180.0,172.0,172.0,174.0,99.5,0.04540626775185597,3,1
random,200,32,172,20.0,29.0,18.0,18.0,26.0,26.0,20.0,99.5,0.04540626775185597,3,1
random,200,32,173,164.0,174.0,166.0,164.0,173.0,173.0,167.0,99.5,0.04540626775185597,3,1
random,200,32,174,164.0,165.0,172.0,172.0,166.0,166.0,177.0,99.5,0.04540626775185597,3,1
random,200,32,175,143.0,139.0,136.0,134.0,145.0,145.0,150.0,99.5,0.04540626775185597,3,1
random,200,32,176,32.0,62.0,39.0,42.0,59.0,59.0,36.0,99.5,0.04540626775185597,3,1
random,200,32,177,111.0,80.0,119.0,120.0,94.0,94.0,130.0,99.5,0.04540626775185597,3,1
random,200,32,178,32.0,46.0,43.0,43.0,47.0,47.0,37.0,99.5,0.04540626775185597,3,1
random,200,32,179,143.0,155.0,178.0,179.0,156.0,156.0,161.0,99.5,0.04540626775185597,3,1
random,200,32,180,53.0,72.0,72.0,73.0,66.0,66.0,68.0,99.5,0.04540626775185597,3,1
random,200,32,181,53.0,60.0,60.0,61.0,67.0,67.0,63.0,99.5,0.04540626775185597,3,1
random,200,32,182,81.0,155.0,111.0,112.0,146.0,146.0,83.0,99.5,0.04540626775185597,3,1
random,200,32,183,12.0,11.0,19.0,23.0,11.0,11.0,19.0,99.5,0.04540626775185597,3,1
random,200,32,184,143.0,157.0,149.0,149.0,155.0,155.0,148.0,99.5,0.04540626775185597,3,1
random,200,32,185,81.0,102.0,81.0,78.0,103.0,103.0,90.0,99.5,0.04540626775185597,3,1
random,200,32,186,81.0,79.0,99.0,101.0,80.0,80.0,106.0,99.5,0.04540626775185597,3,1
random,200,32,187,111.0,97.0,68.0,69.0,111.0,111.0,111.0,99.5,0.04540626775185597,3,1
random,200,32,188,53.0,75.0,77.0,77.0,71.0,71.0,73.0,99.5,0.04540626775185597,3,1
random,200,32,189,81.0,112.0,106.0,105.0,108.0,108.0,99.0,99.5,0.04540626775185597,3,1
random,200,32,190,182.0,186.0,191.0,191.0,187.0,187.0,186.0,99.5,0.04540626775185597,3,1
random,200,32,191,143.0,124.0,118.0,117.0,130.0,130.0,151.0,99.5,0.04540626775185597,3,1
random,200,32,192,81.0,91.0,92.0,89.0,92.0,92.0,93.0,99.5,0.04540626775185597,3,1
random,200,32,193,111.0,101.0,127.0,126.0,109.0,109.0,128.0,99.5,0.04540626775185597,3,1
random,200,32,194,53.0,67.0,83.0,85.0,65.0,65.0,67.0,99.5,0.04540626775185597,3,1
random,200,32,195,20.0,15.0,27.0,27.0,14.0,14.0,27.0,99.5,0.04540626775185597,3,1
random,200,32,196,111.0,142.0,114.0,114.0,138.0,138.0,117.0,99.5,0.04540626775185597,3,1
random,200,32,197,81.0,62.0,103.0,106.0,74.0,74.0,105.0,99.5,0.04540626775185597,3,1
random,200,32,198,164.0,186.0,170.0,168.0,186.0,186.0,169.0,99.5,0.04540626775185597,3,1
random,200,32,199,164.0,191.0,181.0,177.0,189.0,189.0,170.0,99.5,0.04540626775185597,3,1
