random,200,33,0,111.0,111.0,145.0,144.0,114.0,114.0,131.0,99.5,0.045391164391164356,3,1
random,200,33,1,84.0,92.0,92.0,91.0,92.0,92.0,93.0,99.5,0.045391164391164356,3,1
random,200,33,2,136.0,137.0,164.0,164.0,139.0,139.0,158.0,99.5,0.045391164391164356,3,1
random,200,33,3,38.0,40.0,57.0,58.0,39.0,39.0,55.0,99.5,0.045391164391164356,3,1
random,200,33,4,55.0,97.0,87.0,87.0,90.0,90.0,62.0,99.5,0.045391164391164356,3,1
random,200,33,5,84.0,97.0,93.0,94.0,97.0,97.0,91.0,99.5,0.045391164391164356,3,1
random,200,33,6,24.0,11.0,47.0,48.0,17.0,17.0,37.0,99.5,0.045391164391164356,3,1
random,200,33,7,38.0,29.0,29.0,30.0,32.0,32.0,46.0,99.5,0.045391164391164356,3,1
random,200,33,8,183.0,189.0,187.0,187.0,189.0,189.0,188.0,99.5,0.045391164391164356,3,1
random,200,33,9,24.0,35.0,44.0,43.0,35.0,35.0,31.0,99.5,0.045391164391164356,3,1
random,200,33,10,136.0,134.0,155.0,155.0,138.0,138.0,157.0,99.5,0.045391164391164356,3,1
random,200,33,11,55.0,66.0,55.0,55.0,67.0,67.0,67.0,99.5,0.045391164391164356,3,1
random,200,33,12,14.0,70.0,23.0,24.0,54.0,54.0,14.0,99.5,0.045391164391164356,3,1
random,200,33,13,55.0,77.0,64.0,65.0,75.0,75.0,68.0,99.5,0.045391164391164356,3,1
random,200,33,14,167.0,186.0,178.0,175.0,185.0,185.0,169.0,99.5,0.045391164391164356,3,1
random,200,33,15,136.0,145.0,156.0,158.0,146.0,146.0,156.0,99.5,0.045391164391164356,3,1
random,200,33,16,84.0,68.0,98.0,98.0,73.0,73.0,103.0,99.5,0.045391164391164356,3,1
random,200,33,17,167.0,172.0,157.0,154.0,172.0,172.0,170.0,99.5,0.045391164391164356,3,1
random,200,33,18,195.0,197.0,195.0,195.0,197.0,197.0,195.0,99.5,0.045391164391164356,3,1
random,200,33,19,111.0,170.0,91.0,89.0,151.0,151.0,111.0,99.5,0.045391164391164356,3,1
random,200,33,20,183.0,183.0,184.0,186.0,186.0,186.0,187.0,99.5,0.045391164391164356,3,1
random,200,33,21,136.0,138.0,170.0,170.0,140.0,140.0,161.0,99.5,0.045391164391164356,3,1
random,200,33,22,167.0,153.0,176.0,178.0,165.0,165.0,178.0,99.5,0.045391164391164356,3,1
random,200,33,23,136.0,156.0,146.0,147.0,156.0,156.0,154.0,99.5,0.045391164391164356,3,1
random,200,33,24,24.0,20.0,31.0,32.0,22.0,22.0,33.0,99.5,0.045391164391164356,3,1
random,200,33,25,199.0,199.0,199.0,199.0,199.0,199.0,200.0,99.5,0.045391164391164356,3,1
random,200,33,26,111.0,97.0,131.0,131.0,106.0,106.0,132.0,99.5,0.045391164391164356,3,1
random,200,33,27,55.0,60.0,94.0,93.0,61.0,61.0,76.0,99.5,0.045391164391164356,3,1
random,200,33,28,1.0,8.0,1.0,2.0,4.0,4.0,1.0,99.5,0.045391164391164356,3,1
random,200,33,29,7.0,6.0,15.0,19.0,7.0,7.0,12.0,99.5,0.045391164391164356,3,1
random,200,33,30,24.0,43.0,25.0,23.0,41.0,41.0,24.0,99.5,0.045391164391164356,3,1
random,200,33,31,4.0,2.0,4.0,4.0,2.0,2.0,6.0,99.5,0.045391164391164356,3,1
random,200,33,32,136.0,110.0,163.0,163.0,116.0,116.0,165.0,99.5,0.045391164391164356,3,1
random,200,33,33,195.0,193.0,196.0,196.0,193.0,193.0,196.0,99.5,0.045391164391164356,3,1
random,200,33,34,111.0,133.0,113.0,115.0,132.0,132.0,117.0,99.5,0.045391164391164356,3,1
random,200,33,35,24.0,20.0,8.0,10.0,24.0,24.0,25.0,99.5,0.045391164391164356,3,1
random,200,33,36,4.0,9.0,5.0,5.0,9.0,9.0,5.0,99.5,0.045391164391164356,3,1
random,200,33,37,14.0,57.0,38.0,41.0,45.0,45.0,18.0,99.5,0.045391164391164356,3,1
random,200,33,38,84.0,92.0,78.0,77.0,93.0,93.0,96.0,99.5,0.045391164391164356,3,1
random,200,33,39,24.0,23.0,45.0,46.0,25.0,25.0,35.0,99.5,0.045391164391164356,3,1
random,200,33,40,136.0,145.0,148.0,145.0,146.0,146.0,151.0,99.5,0.045391164391164356,3,1
random,200,33,41,84.0,50.0,116.0,121.0,57.0,57.0,110.0,99.5,0.045391164391164356,3,1
random,200,33,42,136.0,150.0,152.0,152.0,155.0,155.0,149.0,99.5,0.045391164391164356,3,1
random,200,33,43,55.0,31.0,79.0,81.0,33.0,33.0,83.0,99.5,0.045391164391164356,3,1
random,200,33,44,55.0,37.0,67.0,71.0,43.0,43.0,77.0,99.5,0.045391164391164356,3,1
random,200,33,45,167.0,181.0,166.0,166.0,181.0,181.0,168.0,99.5,0.045391164391164356,3,1
random,200,33,46,38.0,60.0,58.0,59.0,58.0,58.0,52.0,99.5,0.045391164391164356,3,1
random,200,33,47,24.0,13.0,27.0,27.0,18.0,18.0,29.0,99.5,0.045391164391164356,3,1
random,200,33,48,111.0,140.0,132.0,132.0,137.0,137.0,119.0,99.5,0.045391164391164356,3,1
random,200,33,49,136.0,180.0,124.0,122.0,177.0,177.0,137.0,99.5,0.045391164391164356,3,1
random,200,33,50,183.0,196.0,182.0,182.0,195.0,195.0,183.0,99.5,0.045391164391164356,3,1
random,200,33,51,111.0,153.0,119.0,117.0,149.0,149.0,112.0,99.5,0.045391164391164356,3,1
random,200,33,52,136.0,167.0,135.0,134.0,161.0,161.0,145.0,99.5,0.045391164391164356,3,1
random,200,33,53,111.0,92.0,115.0,116.0,101.0,101.0,125.0,99.5,0.045391164391164356,3,1
random,200,33,54,111.0,134.0,136.0,139.0,128.0,128.0,130.0,99.5,0.045391164391164356,3,1
random,200,33,55,111.0,106.0,122.0,123.0,102.0,102.0,133.0,99.5,0.045391164391164356,3,1
random,200,33,56,136.0,156.0,137.0,136.0,154.0,154.0,150.0,99.5,0.045391164391164356,3,1
random,200,33,57,55.0,48.0,84.0,75.0,56.0,56.0,69.0,99.5,0.045391164391164356,3,1
random,200,33,58,199.0,200.0,199.0,199.0,200.0,200.0,199.0,99.5,0.045391164391164356,3,1
random,200,33,59,55.0,45.0,50.0,47.0,53.0,53.0,57.0,99.5,0.045391164391164356,3,1
random,200,33,60,24.0,23.0,42.0,45.0,26.0,26.0,36.0,99.5,0.045391164391164356,3,1
random,200,33,61,136.0,177.0,141.0,138.0,175.0,175.0,138.0,99.5,0.045391164391164356,3,1
random,200,33,62,55.0,113.0,62.0,57.0,109.0,109.0,56.0,99.5,0.045391164391164356,3,1
random,200,33,63,111.0,148.0,134.0,133.0,146.0,146.0,118.0,99.5,0.045391164391164356,3,1
random,200,33,64,84.0,74.0,72.0,73.0,86.0,86.0,92.0,99.5,0.045391164391164356,3,1
random,200,33,65,14.0,31.0,18.0,17.0,27.0,27.0,17.0,99.5,0.045391164391164356,3,1
random,200,33,66,55.0,86.0,76.0,76.0,87.0,87.0,71.0,99.5,0.045391164391164356,3,1
random,200,33,67,55.0,74.0,88.0,90.0,75.0,75.0,70.0,99.5,0.045391164391164356,3,1
random,200,33,68,167.0,167.0,172.0,171.0,167.0,167.0,179.0,99.5,0.045391164391164356,3,1
random,200,33,69,167.0,160.0,161.0,159.0,168.0,168.0,175.0,99.5,0.045391164391164356,3,1
random,200,33,70,38.0,81.0,41.0,40.0,74.0,74.0,39.0,99.5,0.045391164391164356,3,1
random,200,33,71,183.0,188.0,191.0,191.0,188.0,188.0,190.0,99.5,0.045391164391164356,3,1
random,200,33,72,24.0,31.0,33.0,33.0,31.0,31.0,27.0,99.5,0.045391164391164356,3,1
random,200,33,73,111.0,117.0,139.0,140.0,121.0,121.0,124.0,99.5,0.045391164391164356,3,1
random,200,33,74,136.0,85.0,144.0,148.0,107.0,107.0,160.0,99.5,0.045391164391164356,3,1
random,200,33,75,55.0,66.0,59.0,61.0,71.0,71.0,66.0,99.5,0.045391164391164356,3,1
random,200,33,76,136.0,129.0,158.0,160.0,136.0,136.0,159.0,99.5,0.045391164391164356,3,1
random,200,33,77,7.0,18.0,11.0,11.0,13.0,13.0,9.0,99.5,0.045391164391164356,3,1
random,200,33,78,7.0,15.0,10.0,9.0,11.0,11.0,8.0,99.5,0.045391164391164356,3,1
random,200,33,79,111.0,86.0,117.0,113.0,99.0,99.0,123.0,99.5,0.045391164391164356,3,1
random,200,33,80,55.0,127.0,95.0,95.0,108.0,108.0,64.0,99.5,0.045391164391164356,3,1
random,200,33,81,38.0,97.0,39.0,37.0,82.0,82.0,40.0,99.5,0.045391164391164356,3,1
random,200,33,82,84.0,52.0,90.0,88.0,64.0,64.0,107.0,99.5,0.045391164391164356,3,1
random,200,33,83,111.0,97.0,143.0,143.0,112.0,112.0,135.0,99.5,0.045391164391164356,3,1
random,200,33,84,183.0,187.0,192.0,192.0,187.0,187.0,192.0,99.5,0.045391164391164356,3,1
random,200,33,85,84.0,81.0,107.0,107.0,88.0,88.0,106.0,99.5,0.045391164391164356,3,1
random,200,33,86,55.0,46.0,83.0,80.0,49.0,49.0,82.0,99.5,0.045391164391164356,3,1
random,200,33,87,7.0,3.0,16.0,15.0,5.0,5.0,11.0,99.5,0.045391164391164356,3,1
random,200,33,88,111.0,70.0,128.0,130.0,89.0,89.0,134.0,99.5,0.045391164391164356,3,1
random,200,33,89,136.0,185.0,173.0,172.0,182.0,182.0,142.0,99.5,0.045391164391164356,3,1
random,200,33,90,55.0,57.0,89.0,92.0,58.0,58.0,79.0,99.5,0.045391164391164356,3,1
random,200,33,91,38.0,25.0,34.0,34.0,29.0,29.0,50.0,99.5,0.045391164391164356,3,1
random,200,33,92,111.0,115.0,118.0,120.0,120.0,120.0,122.0,99.5,0.045391164391164356,3,1
random,200,33,93,24.0,11.0,28.0,29.0,16.0,16.0,32.0,99.5,0.045391164391164356,3,1
random,200,33,94,14.0,34.0,19.0,21.0,28.0,28.0,19.0,99.5,0.045391164391164356,3,1
random,200,33,95,111.0,117.0,106.0,100.0,124.0,124.0,115.0,99.5,0.045391164391164356,3,1
random,200,33,96,24.0,16.0,35.0,35.0,20.0,20.0,34.0,99.5,0.045391164391164356,3,1
random,200,33,97,55.0,50.0,81.0,82.0,50.0,50.0,75.0,99.5,0.045391164391164356,3,1
random,200,33,98,136.0,181.0,151.0,151.0,178.0,178.0,139.0,99.5,0.045391164391164356,3,1
random,200,33,99,197.0,198.0,198.0,198.0,198.0,198.0,198.0,99.5,0.045391164391164356,3,1
random,200,33,100,38.0,52.0,77.0,83.0,48.0,48.0,54.0,99.5,0.045391164391164356,3,1
random,200,33,101,111.0,148.0,114.0,112.0,143.0,143.0,114.0,99.5,0.045391164391164356,3,1
random,200,33,102,111.0,129.0,129.0,129.0,134.0,134.0,120.0,99.5,0.045391164391164356,3,1
random,200,33,103,55.0,46.0,66.0,67.0,47.0,47.0,78.0,99.5,0.045391164391164356,3,1
random,200,33,104,55.0,81.0,68.0,68.0,78.0,78.0,73.0,99.5,0.045391164391164356,3,1
random,200,33,105,111.0,113.0,121.0,118.0,115.0,115.0,126.0,99.5,0.045391164391164356,3,1
random,200,33,106,14.0,13.0,26.0,26.0,14.0,14.0,23.0,99.5,0.045391164391164356,3,1
random,200,33,107,7.0,25.0,9.0,8.0,19.0,19.0,7.0,99.5,0.045391164391164356,3,1
random,200,33,108,84.0,55.0,102.0,105.0,65.0,65.0,108.0,99.5,0.045391164391164356,3,1
random,200,33,109,55.0,37.0,54.0,53.0,43.0,43.0,74.0,99.5,0.045391164391164356,3,1
random,200,33,110,84.0,77.0,125.0,125.0,81.0,81.0,109.0,99.5,0.045391164391164356,3,1
random,200,33,111,136.0,141.0,171.0,176.0,144.0,144.0,164.0,99.5,0.045391164391164356,3,1
random,200,33,112,55.0,106.0,63.0,63.0,82.0,82.0,59.0,99.5,0.045391164391164356,3,1
random,200,33,113,55.0,60.0,82.0,79.0,67.0,67.0,63.0,99.5,0.045391164391164356,3,1
random,200,33,114,84.0,92.0,103.0,106.0,94.0,94.0,95.0,99.5,0.045391164391164356,3,1
random,200,33,115,84.0,117.0,108.0,109.0,113.0,113.0,97.0,99.5,0.045391164391164356,3,1
random,200,33,116,136.0,129.0,168.0,169.0,133.0,133.0,163.0,99.5,0.045391164391164356,3,1
random,200,33,117,183.0,178.0,188.0,188.0,183.0,183.0,189.0,99.5,0.045391164391164356,3,1
random,200,33,118,167.0,174.0,174.0,173.0,174.0,174.0,171.0,99.5,0.045391164391164356,3,1
random,200,33,119,167.0,150.0,159.0,157.0,159.0,159.0,176.0,99.5,0.045391164391164356,3,1
random,200,33,120,84.0,124.0,69.0,64.0,125.0,125.0,85.0,99.5,0.045391164391164356,3,1
random,200,33,121,167.0,144.0,180.0,180.0,145.0,145.0,182.0,99.5,0.045391164391164356,3,1
random,200,33,122,167.0,184.0,185.0,185.0,184.0,184.0,173.0,99.5,0.045391164391164356,3,1
random,200,33,123,136.0,156.0,165.0,165.0,162.0,162.0,153.0,99.5,0.045391164391164356,3,1
random,200,33,124,55.0,81.0,75.0,78.0,80.0,80.0,72.0,99.5,0.045391164391164356,3,1
random,200,33,125,14.0,48.0,22.0,20.0,38.0,38.0,15.0,99.5,0.045391164391164356,3,1
random,200,33,126,55.0,86.0,73.0,72.0,84.0,84.0,65.0,99.5,0.045391164391164356,3,1
random,200,33,127,24.0,77.0,49.0,49.0,66.0,66.0,26.0,99.5,0.045391164391164356,3,1
random,200,33,128,183.0,192.0,190.0,190.0,192.0,192.0,186.0,99.5,0.045391164391164356,3,1
random,200,33,129,38.0,29.0,32.0,31.0,34.0,34.0,45.0,99.5,0.045391164391164356,3,1
random,200,33,130,136.0,141.0,130.0,127.0,142.0,142.0,144.0,99.5,0.045391164391164356,3,1
random,200,33,131,183.0,190.0,181.0,181.0,191.0,191.0,185.0,99.5,0.045391164391164356,3,1
random,200,33,132,136.0,166.0,147.0,149.0,153.0,153.0,152.0,99.5,0.045391164391164356,3,1
random,200,33,133,38.0,52.0,36.0,36.0,52.0,52.0,44.0,99.5,0.045391164391164356,3,1
random,200,33,134,24.0,40.0,52.0,54.0,40.0,40.0,30.0,99.5,0.045391164391164356,3,1
random,200,33,135,136.0,86.0,167.0,167.0,111.0,111.0,167.0,99.5,0.045391164391164356,3,1
random,200,33,136,14.0,22.0,20.0,18.0,23.0,23.0,21.0,99.5,0.045391164391164356,3,1
random,200,33,137,167.0,164.0,169.0,168.0,171.0,171.0,172.0,99.5,0.045391164391164356,3,1
random,200,33,138,84.0,103.0,74.0,74.0,104.0,104.0,86.0,99.5,0.045391164391164356,3,1
random,200,33,139,84.0,60.0,80.0,85.0,69.0,69.0,102.0,99.5,0.045391164391164356,3,1
random,200,33,140,38.0,65.0,43.0,42.0,58.0,58.0,42.0,99.5,0.045391164391164356,3,1
random,200,33,141,4.0,9.0,2.0,1.0,9.0,9.0,3.0,99.5,0.045391164391164356,3,1
random,200,33,142,55.0,60.0,97.0,104.0,62.0,62.0,80.0,99.5,0.045391164391164356,3,1
random,200,33,143,14.0,25.0,7.0,7.0,21.0,21.0,16.0,99.5,0.045391164391164356,3,1
random,200,33,144,84.0,117.0,71.0,69.0,118.0,118.0,87.0,99.5,0.045391164391164356,3,1
random,200,33,145,84.0,173.0,110.0,110.0,164.0,164.0,84.0,99.5,0.045391164391164356,3,1
random,200,33,146,84.0,106.0,85.0,84.0,98.0,98.0,89.0,99.5,0.045391164391164356,3,1
random,200,33,147,84.0,117.0,123.0,124.0,119.0,119.0,98.0,99.5,0.045391164391164356,3,1
random,200,33,148,136.0,122.0,160.0,161.0,130.0,130.0,162.0,99.5,0.045391164391164356,3,1
random,200,33,149,55.0,68.0,12.0,12.0,72.0,72.0,43.0,99.5,0.045391164391164356,3,1
random,200,33,150,38.0,55.0,40.0,39.0,51.0,51.0,47.0,99.5,0.045391164391164356,3,1
random,200,33,151,84.0,106.0,112.0,114.0,100.0,100.0,100.0,99.5,0.045391164391164356,3,1
random,200,33,152,111.0,103.0,120.0,119.0,102.0,102.0,129.0,99.5,0.045391164391164356,3,1
random,200,33,153,55.0,77.0,61.0,62.0,78.0,78.0,60.0,99.5,0.045391164391164356,3,1
random,200,33,154,111.0,134.0,126.0,128.0,129.0,129.0,121.0,99.5,0.045391164391164356,3,1
random,200,33,155,55.0,57.0,86.0,86.0,55.0,55.0,81.0,99.5,0.045391164391164356,3,1
random,200,33,156,136.0,164.0,150.0,150.0,163.0,163.0,146.0,99.5,0.045391164391164356,3,1
random,200,33,157,7.0,18.0,24.0,25.0,15.0,15.0,10.0,99.5,0.045391164391164356,3,1
random,200,33,158,167.0,153.0,175.0,177.0,165.0,165.0,174.0,99.5,0.045391164391164356,3,1
random,200,33,159,136.0,160.0,127.0,126.0,152.0,152.0,147.0,99.5,0.045391164391164356,3,1
random,200,33,160,167.0,176.0,177.0,174.0,176.0,176.0,177.0,99.5,0.045391164391164356,3,1
random,200,33,161,14.0,3.0,14.0,16.0,8.0,8.0,22.0,99.5,0.045391164391164356,3,1
random,200,33,162,84.0,103.0,105.0,102.0,104.0,104.0,94.0,99.5,0.045391164391164356,3,1
random,200,33,163,38.0,36.0,51.0,51.0,37.0,37.0,53.0,99.5,0.045391164391164356,3,1
random,200,33,164,14.0,17.0,13.0,13.0,12.0,12.0,20.0,99.5,0.045391164391164356,3,1
random,200,33,165,111.0,129.0,101.0,96.0,126.0,126.0,113.0,99.5,0.045391164391164356,3,1
random,200,33,166,197.0,195.0,197.0,197.0,196.0,196.0,197.0,99.5,0.045391164391164356,3,1
random,200,33,167,24.0,37.0,37.0,38.0,35.0,35.0,28.0,99.5,0.045391164391164356,3,1
random,200,33,168,111.0,139.0,140.0,142.0,135.0,135.0,127.0,99.5,0.045391164391164356,3,1
random,200,33,169,55.0,74.0,70.0,70.0,75.0,75.0,58.0,99.5,0.045391164391164356,3,1
random,200,33,170,167.0,191.0,53.0,52.0,190.0,190.0,136.0,99.5,0.045391164391164356,3,1
random,200,33,171,55.0,70.0,65.0,66.0,70.0,70.0,61.0,99.5,0.045391164391164356,3,1
random,200,33,172,183.0,179.0,194.0,193.0,180.0,180.0,193.0,99.5,0.045391164391164356,3,1
random,200,33,173,84.0,92.0,96.0,97.0,90.0,90.0,105.0,99.5,0.045391164391164356,3,1
random,200,33,174,84.0,97.0,104.0,101.0,96.0,96.0,99.0,99.5,0.045391164391164356,3,1
random,200,33,175,136.0,124.0,162.0,162.0,130.0,130.0,166.0,99.5,0.045391164391164356,3,1
random,200,33,176,38.0,42.0,46.0,44.0,42.0,42.0,51.0,99.5,0.045391164391164356,3,1
random,200,33,177,38.0,28.0,30.0,28.0,30.0,30.0,49.0,99.5,0.045391164391164356,3,1
random,200,33,178,84.0,115.0,100.0,103.0,109.0,109.0,104.0,99.5,0.045391164391164356,3,1
random,200,33,179,38.0,70.0,56.0,60.0,63.0,63.0,48.0,99.5,0.045391164391164356,3,1
random,200,33,180,136.0,160.0,142.0,141.0,160.0,160.0,141.0,99.5,0.045391164391164356,3,1
random,200,33,181,183.0,175.0,186.0,184.0,179.0,179.0,191.0,99.5,0.045391164391164356,3,1
random,200,33,182,167.0,160.0,189.0,189.0,170.0,170.0,181.0,99.5,0.045391164391164356,3,1
random,200,33,183,183.0,194.0,183.0,183.0,194.0,194.0,184.0,99.5,0.045391164391164356,3,1
random,200,33,184,84.0,90.0,60.0,56.0,95.0,95.0,88.0,99.5,0.045391164391164356,3,1
random,200,33,185,183.0,170.0,193.0,194.0,173.0,173.0,194.0,99.5,0.045391164391164356,3,1
random,200,33,186,136.0,147.0,153.0,153.0,150.0,150.0,143.0,99.5,0.045391164391164356,3,1
random,200,33,187,84.0,122.0,99.0,99.0,122.0,122.0,90.0,99.5,0.045391164391164356,3,1
random,200,33,188,167.0,150.0,179.0,179.0,158.0,158.0,180.0,99.5,0.045391164391164356,3,1
random,200,33,189,136.0,141.0,149.0,146.0,141.0,141.0,155.0,99.5,0.045391164391164356,3,1
random,200,33,190,136.0,169.0,138.0,135.0,169.0,169.0,140.0,99.5,0.045391164391164356,3,1
random,200,33,191,38.0,43.0,17.0,14.0,46.0,46.0,38.0,99.5,0.045391164391164356,3,1
random,200,33,192,1.0,6.0,3.0,3.0,3.0,3.0,2.0,99.5,0.045391164391164356,3,1
random,200,33,193,84.0,124.0,111.0,111.0,117.0,117.0,101.0,99.5,0.045391164391164356,3,1
random,200,33,194,111.0,127.0,133.0,137.0,127.0,127.0,128.0,99.5,0.045391164391164356,3,1
random,200,33,195,7.0,5.0,21.0,22.0,6.0,6.0,13.0,99.5,0.045391164391164356,3,1
random,200,33,196,1.0,1.0,6.0,6.0,1.0,1.0,4.0,99.5,0.045391164391164356,3,1
random,200,33,197,38.0,90.0,48.0,50.0,84.0,84.0,41.0,99.5,0.045391164391164356,3,1
random,200,33,198,136.0,156.0,154.0,156.0,157.0,157.0,148.0,99.5,0.045391164391164356,3,1
random,200,33,199,111.0,111.0,109.0,108.0,123.0,123.0,116.0,99.5,0.045391164391164356,3,1
random,200,34,0,179.0,192.0,192.0,192.0,190.0,190.0,187.0,99.5,0.03471286311727485,4,1
random,200,34,1,11.0,29.0,9.0,9.0,29.0,29.0,13.0,99.5,0.03471286311727485,4,1
random,200,34,2,2.0,2.0,3.0,3.0,2.0,2.0,2.0,99.5,0.03471286311727485,4,1
random,200,34,3,179.0,167.0,184.0,184.0,170.0,170.0,193.0,99.5,0.03471286311727485,4,1
random,200,34,4,115.0,118.0,27.0,26.0,124.0,124.0,86.0,99.5,0.03471286311727485,4,1
random,200,34,5,11.0,27.0,39.0,40.0,23.0,23.0,21.0,99.5,0.03471286311727485,4,1
random,200,34,6,142.0,165.0,41.0,41.0,162.0,162.0,116.0,99.5,0.03471286311727485,4,1
random,200,34,7,115.0,129.0,138.0,141.0,127.0,127.0,132.0,99.5,0.03471286311727485,4,1
random,200,34,8,40.0,58.0,46.0,46.0,52.0,52.0,44.0,99.5,0.03471286311727485,4,1
random,200,34,9,85.0,74.0,116.0,115.0,75.0,75.0,112.0,99.5,0.03471286311727485,4,1
random,200,34,10,11.0,6.0,16.0,16.0,7.0,7.0,22.0,99.5,0.03471286311727485,4,1
random,200,34,11,142.0,150.0,127.0,124.0,149.0,149.0,146.0,99.5,0.03471286311727485,4,1
random,200,34,12,142.0,171.0,147.0,146.0,169.0,169.0,144.0,99.5,0.03471286311727485,4,1
random,200,34,13,24.0,33.0,31.0,28.0,31.0,31.0,32.0,99.5,0.03471286311727485,4,1
random,200,34,14,3.0,2.0,2.0,2.0,3.0,3.0,3.0,99.5,0.03471286311727485,4,1
random,200,34,15,160.0,164.0,156.0,157.0,166.0,166.0,167.0,99.5,0.03471286311727485,4,1
random,200,34,16,85.0,105.0,75.0,74.0,105.0,105.0,87.0,99.5,0.03471286311727485,4,1
random,200,34,17,85.0,62.0,99.0,99.0,73.0,73.0,108.0,99.5,0.03471286311727485,4,1
random,200,34,18,24.0,49.0,25.0,25.0,45.0,45.0,25.0,99.5,0.03471286311727485,4,1
random,200,34,19,115.0,101.0,135.0,134.0,112.0,112.0,133.0,99.5,0.03471286311727485,4,1
random,200,34,20,142.0,145.0,150.0,150.0,148.0,148.0,152.0,99.5,0.03471286311727485,4,1
random,200,34,21,179.0,185.0,187.0,189.0,187.0,187.0,186.0,99.5,0.03471286311727485,4,1
random,200,34,22,5.0,30.0,12.0,12.0,18.0,18.0,9.0,99.5,0.03471286311727485,4,1
random,200,34,23,115.0,87.0,113.0,118.0,99.0,99.0,130.0,99.5,0.03471286311727485,4,1
random,200,34,24,11.0,11.0,22.0,22.0,11.0,11.0,20.0,99.5,0.03471286311727485,4,1
random,200,34,25,115.0,108.0,137.0,138.0,115.0,115.0,140.0,99.5,0.03471286311727485,4,1
random,200,34,26,11.0,30.0,13.0,13.0,30.0,30.0,14.0,99.5,0.03471286311727485,4,1
random,200,34,27,57.0,67.0,74.0,75.0,69.0,69.0,72.0,99.5,0.03471286311727485,4,1
random,200,34,28,57.0,49.0,44.0,45.0,61.0,61.0,64.0,99.5,0.03471286311727485,4,1
random,200,34,29,160.0,145.0,177.0,179.0,153.0,153.0,178.0,99.5,0.03471286311727485,4,1
random,200,34,30,160.0,185.0,174.0,173.0,184.0,184.0,162.0,99.5,0.03471286311727485,4,1
random,200,34,31,57.0,43.0,90.0,90.0,53.0,53.0,81.0,99.5,0.03471286311727485,4,1
random,200,34,32,179.0,189.0,181.0,180.0,189.0,189.0,181.0,99.5,0.03471286311727485,4,1
random,200,34,33,85.0,108.0,108.0,108.0,109.0,109.0,105.0,99.5,0.03471286311727485,4,1
random,200,34,34,40.0,58.0,51.0,51.0,59.0,59.0,42.0,99.5,0.03471286311727485,4,1
random,200,34,35,115.0,133.0,109.0,106.0,133.0,133.0,119.0,99.5,0.03471286311727485,4,1
random,200,34,36,40.0,30.0,61.0,64.0,33.0,33.0,54.0,99.5,0.03471286311727485,4,1
random,200,34,37,40.0,23.0,50.0,48.0,27.0,27.0,56.0,99.5,0.03471286311727485,4,1
random,200,34,38,85.0,85.0,73.0,71.0,88.0,88.0,93.0,99.5,0.03471286311727485,4,1
random,200,34,39,24.0,95.0,23.0,23.0,72.0,72.0,24.0,99.5,0.03471286311727485,4,1
random,200,34,40,5.0,10.0,14.0,14.0,9.0,9.0,10.0,99.5,0.03471286311727485,4,1
random,200,34,41,24.0,49.0,47.0,49.0,43.0,43.0,36.0,99.5,0.03471286311727485,4,1
random,200,34,42,57.0,91.0,83.0,80.0,86.0,86.0,65.0,99.5,0.03471286311727485,4,1
random,200,34,43,197.0,197.0,197.0,197.0,197.0,197.0,200.0,99.5,0.03471286311727485,4,1
random,200,34,44,40.0,62.0,56.0,55.0,56.0,56.0,49.0,99.5,0.03471286311727485,4,1
random,200,34,45,40.0,49.0,78.0,83.0,48.0,48.0,55.0,99.5,0.03471286311727485,4,1
random,200,34,46,57.0,40.0,45.0,44.0,51.0,51.0,67.0,99.5,0.03471286311727485,4,1
random,200,34,47,85.0,113.0,86.0,85.0,114.0,114.0,90.0,99.5,0.03471286311727485,4,1
random,200,34,48,115.0,131.0,123.0,126.0,130.0,130.0,127.0,99.5,0.03471286311727485,4,1
random,200,34,49,160.0,174.0,157.0,152.0,174.0,174.0,163.0,99.5,0.03471286311727485,4,1
random,200,34,50,3.0,4.0,6.0,6.0,4.0,4.0,4.0,99.5,0.03471286311727485,4,1
random,200,34,51,11.0,13.0,26.0,31.0,13.0,13.0,23.0,99.5,0.03471286311727485,4,1
random,200,34,52,179.0,176.0,190.0,187.0,176.0,176.0,192.0,99.5,0.03471286311727485,4,1
random,200,34,53,115.0,118.0,151.0,155.0,122.0,122.0,142.0,99.5,0.03471286311727485,4,1
random,200,34,54,57.0,62.0,57.0,59.0,67.0,67.0,73.0,99.5,0.03471286311727485,4,1
random,200,34,55,115.0,140.0,119.0,117.0,137.0,137.0,121.0,99.5,0.03471286311727485,4,1
random,200,34,56,160.0,180.0,182.0,181.0,177.0,177.0,166.0,99.5,0.03471286311727485,4,1
random,200,34,57,85.0,74.0,112.0,113.0,80.0,80.0,109.0,99.5,0.03471286311727485,4,1
random,200,34,58,57.0,36.0,63.0,66.0,49.0,49.0,76.0,99.5,0.03471286311727485,4,1
random,200,34,59,85.0,108.0,102.0,102.0,104.0,104.0,104.0,99.5,0.03471286311727485,4,1
random,200,34,60,57.0,78.0,53.0,50.0,80.0,80.0,61.0,99.5,0.03471286311727485,4,1
random,200,34,61,115.0,144.0,152.0,153.0,141.0,141.0,137.0,99.5,0.03471286311727485,4,1
random,200,34,62,142.0,150.0,139.0,136.0,151.0,151.0,150.0,99.5,0.03471286311727485,4,1
random,200,34,63,142.0,140.0,160.0,163.0,143.0,143.0,159.0,99.5,0.03471286311727485,4,1
random,200,34,64,85.0,113.0,128.0,130.0,107.0,107.0,113.0,99.5,0.03471286311727485,4,1
random,200,34,65,85.0,87.0,93.0,89.0,94.0,94.0,97.0,99.5,0.03471286311727485,4,1
random,200,34,66,115.0,131.0,148.0,149.0,132.0,132.0,138.0,99.5,0.03471286311727485,4,1
random,200,34,67,160.0,170.0,162.0,160.0,173.0,173.0,164.0,99.5,0.03471286311727485,4,1
random,200,34,68,57.0,96.0,92.0,94.0,90.0,90.0,75.0,99.5,0.03471286311727485,4,1
random,200,34,69,197.0,199.0,197.0,197.0,199.0,199.0,198.0,99.5,0.03471286311727485,4,1
random,200,34,70,57.0,23.0,77.0,79.0,32.0,32.0,83.0,99.5,0.03471286311727485,4,1
random,200,34,71,160.0,159.0,166.0,166.0,161.0,161.0,169.0,99.5,0.03471286311727485,4,1
random,200,34,72,115.0,101.0,141.0,139.0,110.0,110.0,141.0,99.5,0.03471286311727485,4,1
random,200,34,73,160.0,182.0,191.0,191.0,182.0,182.0,170.0,99.5,0.03471286311727485,4,1
random,200,34,74,115.0,163.0,114.0,111.0,158.0,158.0,117.0,99.5,0.03471286311727485,4,1
random,200,34,75,85.0,107.0,103.0,101.0,106.0,106.0,96.0,99.5,0.03471286311727485,4,1
random,200,34,76,160.0,158.0,178.0,182.0,158.0,158.0,177.0,99.5,0.03471286311727485,4,1
random,200,34,77,85.0,91.0,107.0,107.0,94.0,94.0,110.0,99.5,0.03471286311727485,4,1
random,200,34,78,40.0,36.0,24.0,24.0,38.0,38.0,41.0,99.5,0.03471286311727485,4,1
random,200,34,79,11.0,5.0,5.0,5.0,6.0,6.0,18.0,99.5,0.03471286311727485,4,1
random,200,34,80,40.0,69.0,49.0,52.0,58.0,58.0,47.0,99.5,0.03471286311727485,4,1
random,200,34,81,24.0,45.0,34.0,35.0,36.0,36.0,30.0,99.5,0.03471286311727485,4,1
random,200,34,82,115.0,127.0,136.0,135.0,126.0,126.0,135.0,99.5,0.03471286311727485,4,1
random,200,34,83,40.0,33.0,60.0,57.0,42.0,42.0,51.0,99.5,0.03471286311727485,4,1
random,200,34,84,179.0,178.0,176.0,174.0,178.0,178.0,185.0,99.5,0.03471286311727485,4,1
random,200,34,85,40.0,40.0,48.0,47.0,39.0,39.0,46.0,99.5,0.03471286311727485,4,1
random,200,34,86,85.0,87.0,100.0,96.0,98.0,98.0,92.0,99.5,0.03471286311727485,4,1
random,200,34,87,85.0,40.0,69.0,69.0,63.0,63.0,95.0,99.5,0.03471286311727485,4,1
random,200,34,88,142.0,168.0,149.0,148.0,165.0,165.0,149.0,99.5,0.03471286311727485,4,1
random,200,34,89,57.0,82.0,81.0,82.0,78.0,78.0,77.0,99.5,0.03471286311727485,4,1
random,200,34,90,85.0,122.0,94.0,93.0,119.0,119.0,88.0,99.5,0.03471286311727485,4,1
random,200,34,91,24.0,16.0,29.0,32.0,19.0,19.0,34.0,99.5,0.03471286311727485,4,1
random,200,34,92,160.0,124.0,173.0,176.0,136.0,136.0,176.0,99.5,0.03471286311727485,4,1
random,200,34,93,115.0,127.0,142.0,147.0,125.0,125.0,136.0,99.5,0.03471286311727485,4,1
random,200,34,94,5.0,16.0,8.0,8.0,12.0,12.0,5.0,99.5,0.03471286311727485,4,1
random,200,34,95,5.0,19.0,10.0,11.0,15.0,15.0,8.0,99.5,0.03471286311727485,4,1
random,200,34,96,160.0,168.0,186.0,188.0,168.0,168.0,175.0,99.5,0.03471286311727485,4,1
random,200,34,97,160.0,159.0,175.0,175.0,163.0,163.0,174.0,99.5,0.03471286311727485,4,1
random,200,34,98,24.0,14.0,20.0,17.0,20.0,20.0,28.0,99.5,0.03471286311727485,4,1
random,200,34,99,24.0,25.0,30.0,29.0,25.0,25.0,35.0,99.5,0.03471286311727485,4,1
random,200,34,100,11.0,36.0,7.0,7.0,33.0,33.0,6.0,99.5,0.03471286311727485,4,1
random,200,34,101,85.0,49.0,80.0,78.0,65.0,65.0,94.0,99.5,0.03471286311727485,4,1
random,200,34,102,142.0,155.0,154.0,151.0,154.0,154.0,155.0,99.5,0.03471286311727485,4,1
random,200,34,103,57.0,96.0,110.0,112.0,93.0,93.0,78.0,99.5,0.03471286311727485,4,1
random,200,34,104,57.0,116.0,54.0,53.0,111.0,111.0,58.0,99.5,0.03471286311727485,4,1
random,200,34,105,160.0,155.0,169.0,169.0,157.0,157.0,172.0,99.5,0.03471286311727485,4,1
random,200,34,106,179.0,193.0,189.0,186.0,193.0,193.0,182.0,99.5,0.03471286311727485,4,1
random,200,34,107,57.0,35.0,58.0,61.0,46.0,46.0,71.0,99.5,0.03471286311727485,4,1
random,200,34,108,11.0,27.0,21.0,21.0,28.0,28.0,16.0,99.5,0.03471286311727485,4,1
random,200,34,109,160.0,173.0,167.0,168.0,172.0,172.0,165.0,99.5,0.03471286311727485,4,1
random,200,34,110,85.0,105.0,104.0,105.0,102.0,102.0,103.0,99.5,0.03471286311727485,4,1
random,200,34,111,5.0,8.0,15.0,15.0,8.0,8.0,11.0,99.5,0.03471286311727485,4,1
random,200,34,112,115.0,129.0,125.0,125.0,129.0,129.0,123.0,99.5,0.03471286311727485,4,1
random,200,34,113,142.0,150.0,155.0,156.0,152.0,152.0,154.0,99.5,0.03471286311727485,4,1
random,200,34,114,142.0,166.0,126.0,123.0,167.0,167.0,143.0,99.5,0.03471286311727485,4,1
random,200,34,115,57.0,69.0,64.0,68.0,69.0,69.0,69.0,99.5,0.03471286311727485,4,1
random,200,34,116,115.0,78.0,118.0,116.0,91.0,91.0,139.0,99.5,0.03471286311727485,4,1
random,200,34,117,115.0,150.0,131.0,129.0,146.0,146.0,124.0,99.5,0.03471286311727485,4,1
random,200,34,118,115.0,108.0,140.0,140.0,118.0,118.0,131.0,99.5,0.03471286311727485,4,1
random,200,34,119,11.0,14.0,18.0,20.0,16.0,16.0,19.0,99.5,0.03471286311727485,4,1
random,200,34,120,142.0,122.0,158.0,158.0,128.0,128.0,158.0,99.5,0.03471286311727485,4,1
random,200,34,121,179.0,179.0,185.0,185.0,180.0,180.0,191.0,99.5,0.03471286311727485,4,1
random,200,34,122,24.0,12.0,33.0,37.0,14.0,14.0,38.0,99.5,0.03471286311727485,4,1
random,200,34,123,57.0,101.0,82.0,86.0,96.0,96.0,62.0,99.5,0.03471286311727485,4,1
random,200,34,124,179.0,177.0,171.0,170.0,179.0,179.0,184.0,99.5,0.03471286311727485,4,1
random,200,34,125,115.0,140.0,120.0,122.0,138.0,138.0,118.0,99.5,0.03471286311727485,4,1
random,200,34,126,179.0,181.0,188.0,190.0,181.0,181.0,190.0,99.5,0.03471286311727485,4,1
random,200,34,127,40.0,62.0,62.0,65.0,56.0,56.0,52.0,99.5,0.03471286311727485,4,1
random,200,34,128,57.0,85.0,89.0,91.0,85.0,85.0,70.0,99.5,0.03471286311727485,4,1
random,200,34,129,11.0,25.0,17.0,18.0,22.0,22.0,17.0,99.5,0.03471286311727485,4,1
random,200,34,130,57.0,99.0,36.0,34.0,89.0,89.0,57.0,99.5,0.03471286311727485,4,1
random,200,34,131,85.0,137.0,59.0,56.0,135.0,135.0,85.0,99.5,0.03471286311727485,4,1
random,200,34,132,142.0,161.0,161.0,162.0,160.0,160.0,151.0,99.5,0.03471286311727485,4,1
random,200,34,133,85.0,136.0,133.0,137.0,133.0,133.0,99.0,99.5,0.03471286311727485,4,1
random,200,34,134,85.0,101.0,98.0,98.0,103.0,103.0,100.0,99.5,0.03471286311727485,4,1
random,200,34,135,115.0,115.0,105.0,104.0,117.0,117.0,126.0,99.5,0.03471286311727485,4,1
random,200,34,136,57.0,83.0,70.0,72.0,74.0,74.0,68.0,99.5,0.03471286311727485,4,1
random,200,34,137,85.0,43.0,66.0,62.0,61.0,61.0,102.0,99.5,0.03471286311727485,4,1
random,200,34,138,24.0,49.0,28.0,27.0,40.0,40.0,29.0,99.5,0.03471286311727485,4,1
random,200,34,139,57.0,117.0,96.0,95.0,108.0,108.0,66.0,99.5,0.03471286311727485,4,1
random,200,34,140,5.0,6.0,11.0,10.0,5.0,5.0,12.0,99.5,0.03471286311727485,4,1
random,200,34,141,85.0,49.0,117.0,120.0,65.0,65.0,114.0,99.5,0.03471286311727485,4,1
random,200,34,142,179.0,194.0,183.0,183.0,194.0,194.0,180.0,99.5,0.03471286311727485,4,1
random,200,34,143,40.0,45.0,72.0,73.0,47.0,47.0,53.0,99.5,0.03471286311727485,4,1
random,200,34,144,194.0,196.0,194.0,194.0,195.0,195.0,194.0,99.5,0.03471286311727485,4,1
random,200,34,145,85.0,99.0,84.0,81.0,101.0,101.0,91.0,99.5,0.03471286311727485,4,1
random,200,34,146,160.0,171.0,168.0,167.0,171.0,171.0,168.0,99.5,0.03471286311727485,4,1
random,200,34,147,142.0,157.0,132.0,132.0,155.0,155.0,147.0,99.5,0.03471286311727485,4,1
random,200,34,148,196.0,195.0,196.0,196.0,196.0,196.0,196.0,99.5,0.03471286311727485,4,1
random,200,34,149,85.0,78.0,101.0,103.0,77.0,77.0,106.0,99.5,0.03471286311727485,4,1
random,200,34,150,179.0,184.0,179.0,178.0,186.0,186.0,183.0,99.5,0.03471286311727485,4,1
random,200,34,151,115.0,108.0,115.0,114.0,116.0,116.0,129.0,99.5,0.03471286311727485,4,1
random,200,34,152,142.0,143.0,145.0,144.0,145.0,145.0,153.0,99.5,0.03471286311727485,4,1
random,200,34,153,57.0,83.0,85.0,92.0,78.0,78.0,74.0,99.5,0.03471286311727485,4,1
random,200,34,154,142.0,147.0,159.0,161.0,150.0,150.0,157.0,99.5,0.03471286311727485,4,1
random,200,34,155,24.0,19.0,55.0,60.0,17.0,17.0,39.0,99.5,0.03471286311727485,4,1
random,200,34,156,160.0,183.0,165.0,165.0,183.0,183.0,161.0,99.5,0.03471286311727485,4,1
random,200,34,157,115.0,139.0,146.0,143.0,138.0,138.0,122.0,99.5,0.03471286311727485,4,1
random,200,34,158,57.0,74.0,87.0,84.0,71.0,71.0,80.0,99.5,0.03471286311727485,4,1
random,200,34,159,24.0,56.0,38.0,36.0,44.0,44.0,26.0,99.5,0.03471286311727485,4,1
random,200,34,160,57.0,118.0,95.0,100.0,113.0,113.0,63.0,99.5,0.03471286311727485,4,1
random,200,34,161,57.0,60.0,91.0,87.0,64.0,64.0,82.0,99.5,0.03471286311727485,4,1
random,200,34,162,160.0,188.0,164.0,159.0,184.0,184.0,160.0,99.5,0.03471286311727485,4,1
random,200,34,163,40.0,22.0,42.0,42.0,26.0,26.0,48.0,99.5,0.03471286311727485,4,1
random,200,34,164,24.0,36.0,35.0,33.0,35.0,35.0,31.0,99.5,0.03471286311727485,4,1
random,200,34,165,160.0,154.0,163.0,164.0,156.0,156.0,173.0,99.5,0.03471286311727485,4,1
random,200,34,166,40.0,67.0,67.0,67.0,54.0,54.0,50.0,99.5,0.03471286311727485,4,1
random,200,34,167,85.0,74.0,65.0,58.0,84.0,84.0,89.0,99.5,0.03471286311727485,4,1
random,200,34,168,85.0,72.0,130.0,131.0,80.0,80.0,115.0,99.5,0.03471286311727485,4,1
random,200,34,169,57.0,45.0,97.0,97.0,55.0,55.0,84.0,99.5,0.03471286311727485,4,1
random,200,34,170,160.0,161.0,170.0,171.0,164.0,164.0,171.0,99.5,0.03471286311727485,4,1
random,200,34,171,142.0,137.0,144.0,145.0,142.0,142.0,148.0,99.5,0.03471286311727485,4,1
random,200,34,172,142.0,147.0,153.0,154.0,147.0,147.0,156.0,99.5,0.03471286311727485,4,1
random,200,34,173,197.0,200.0,197.0,197.0,200.0,200.0,197.0,99.5,0.03471286311727485,4,1
random,200,34,174,197.0,198.0,197.0,197.0,198.0,198.0,199.0,99.5,0.03471286311727485,4,1
random,200,34,175,179.0,190.0,180.0,177.0,191.0,191.0,179.0,99.5,0.03471286311727485,4,1
random,200,34,176,11.0,9.0,4.0,4.0,10.0,10.0,7.0,99.5,0.03471286311727485,4,1
random,200,34,177,85.0,71.0,122.0,121.0,75.0,75.0,111.0,99.5,0.03471286311727485,4,1
random,200,34,178,57.0,134.0,79.0,77.0,121.0,121.0,59.0,99.5,0.03471286311727485,4,1
random,200,34,179,24.0,45.0,52.0,54.0,40.0,40.0,37.0,99.5,0.03471286311727485,4,1
random,200,34,180,40.0,91.0,37.0,38.0,83.0,83.0,40.0,99.5,0.03471286311727485,4,1
random,200,34,181,40.0,72.0,71.0,70.0,68.0,68.0,45.0,99.5,0.03471286311727485,4,1
random,200,34,182,24.0,62.0,32.0,30.0,50.0,50.0,27.0,99.5,0.03471286311727485,4,1
random,200,34,183,115.0,87.0,124.0,127.0,100.0,100.0,134.0,99.5,0.03471286311727485,4,1
random,200,34,184,115.0,126.0,143.0,142.0,131.0,131.0,128.0,99.5,0.03471286311727485,4,1
random,200,34,185,1.0,1.0,1.0,1.0,1.0,1.0,1.0,99.5,0.03471286311727485,4,1
random,200,34,186,179.0,187.0,193.0,193.0,188.0,188.0,189.0,99.5,0.03471286311727485,4,1
random,200,34,187,85.0,78.0,88.0,88.0,87.0,87.0,98.0,99.5,0.03471286311727485,4,1
random,200,34,188,115.0,147.0,134.0,133.0,140.0,140.0,120.0,99.5,0.03471286311727485,4,1
random,200,34,189,85.0,124.0,129.0,128.0,120.0,120.0,101.0,99.5,0.03471286311727485,4,1
random,200,34,190,57.0,96.0,68.0,63.0,92.0,92.0,60.0,99.5,0.03471286311727485,4,1
random,200,34,191,142.0,134.0,121.0,119.0,144.0,144.0,145.0,99.5,0.03471286311727485,4,1
random,200,34,192,194.0,191.0,195.0,195.0,192.0,192.0,195.0,99.5,0.03471286311727485,4,1
random,200,34,193,85.0,91.0,106.0,110.0,97.0,97.0,107.0,99.5,0.03471286311727485,4,1
random,200,34,194,40.0,19.0,40.0,43.0,24.0,24.0,43.0,99.5,0.03471286311727485,4,1
random,200,34,195,57.0,60.0,76.0,76.0,60.0,60.0,79.0,99.5,0.03471286311727485,4,1
random,200,34,196,24.0,16.0,43.0,39.0,21.0,21.0,33.0,99.5,0.03471286311727485,4,1
random,200,34,197,11.0,56.0,19.0,19.0,37.0,37.0,15.0,99.5,0.03471286311727485,4,1
random,200,34,198,179.0,174.0,172.0,172.0,175.0,175.0,188.0,99.5,0.03471286311727485,4,1
random,200,34,199,115.0,118.0,111.0,109.0,123.0,123.0,125.0,99.5,0.03471286311727485,4,1
