random,200,41,0,83.0,69.0,98.0,99.0,74.0,74.0,109.0,99.5,0.04553388278388277,3,1
random,200,41,1,53.0,50.0,74.0,78.0,54.0,54.0,74.0,99.5,0.04553388278388277,3,1
random,200,41,2,83.0,109.0,87.0,86.0,110.0,110.0,97.0,99.5,0.04553388278388277,3,1
random,200,41,3,141.0,130.0,152.0,150.0,136.0,136.0,154.0,99.5,0.04553388278388277,3,1
random,200,41,4,35.0,71.0,55.0,52.0,64.0,64.0,42.0,99.5,0.04553388278388277,3,1
random,200,41,5,53.0,78.0,50.0,50.0,80.0,80.0,57.0,99.5,0.04553388278388277,3,1
random,200,41,6,183.0,186.0,184.0,183.0,187.0,187.0,184.0,99.5,0.04553388278388277,3,1
random,200,41,7,141.0,138.0,168.0,168.0,147.0,147.0,155.0,99.5,0.04553388278388277,3,1
random,200,41,8,27.0,44.0,38.0,39.0,37.0,37.0,29.0,99.5,0.04553388278388277,3,1
random,200,41,9,53.0,78.0,99.0,102.0,76.0,76.0,72.0,99.5,0.04553388278388277,3,1
random,200,41,10,83.0,114.0,105.0,105.0,110.0,110.0,104.0,99.5,0.04553388278388277,3,1
random,200,41,11,116.0,139.0,108.0,108.0,140.0,140.0,123.0,99.5,0.04553388278388277,3,1
random,200,41,12,53.0,66.0,58.0,53.0,69.0,69.0,61.0,99.5,0.04553388278388277,3,1
random,200,41,13,27.0,25.0,32.0,36.0,26.0,26.0,32.0,99.5,0.04553388278388277,3,1
random,200,41,14,35.0,29.0,41.0,41.0,33.0,33.0,43.0,99.5,0.04553388278388277,3,1
random,200,41,15,159.0,196.0,172.0,172.0,193.0,193.0,159.0,99.5,0.04553388278388277,3,1
random,200,41,16,4.0,11.0,26.0,26.0,8.0,8.0,17.0,99.5,0.04553388278388277,3,1
random,200,41,17,35.0,57.0,52.0,56.0,52.0,52.0,45.0,99.5,0.04553388278388277,3,1
random,200,41,18,83.0,102.0,79.0,75.0,101.0,101.0,91.0,99.5,0.04553388278388277,3,1
random,200,41,19,141.0,166.0,154.0,154.0,162.0,162.0,147.0,99.5,0.04553388278388277,3,1
random,200,41,20,116.0,162.0,134.0,130.0,155.0,155.0,121.0,99.5,0.04553388278388277,3,1
random,200,41,21,53.0,39.0,93.0,93.0,44.0,44.0,78.0,99.5,0.04553388278388277,3,1
random,200,41,22,4.0,35.0,14.0,14.0,29.0,29.0,5.0,99.5,0.04553388278388277,3,1
random,200,41,23,53.0,97.0,51.0,51.0,88.0,88.0,56.0,99.5,0.04553388278388277,3,1
random,200,41,24,17.0,27.0,21.0,22.0,27.0,27.0,19.0,99.5,0.04553388278388277,3,1
random,200,41,25,35.0,41.0,40.0,40.0,41.0,41.0,36.0,99.5,0.04553388278388277,3,1
random,200,41,26,17.0,4.0,11.0,11.0,7.0,7.0,22.0,99.5,0.04553388278388277,3,1
random,200,41,27,53.0,47.0,71.0,72.0,47.0,47.0,77.0,99.5,0.04553388278388277,3,1
random,200,41,28,53.0,52.0,100.0,98.0,56.0,56.0,79.0,99.5,0.04553388278388277,3,1
random,200,41,29,141.0,166.0,158.0,156.0,164.0,164.0,145.0,99.5,0.04553388278388277,3,1
random,200,41,30,194.0,191.0,196.0,196.0,192.0,192.0,196.0,99.5,0.04553388278388277,3,1
random,200,41,31,4.0,11.0,10.0,10.0,10.0,10.0,12.0,99.5,0.04553388278388277,3,1
random,200,41,32,159.0,187.0,167.0,167.0,185.0,185.0,160.0,99.5,0.04553388278388277,3,1
random,200,41,33,4.0,21.0,17.0,18.0,18.0,18.0,13.0,99.5,0.04553388278388277,3,1
random,200,41,34,83.0,111.0,123.0,125.0,109.0,109.0,110.0,99.5,0.04553388278388277,3,1
random,200,41,35,116.0,146.0,136.0,136.0,144.0,144.0,124.0,99.5,0.04553388278388277,3,1
random,200,41,36,116.0,164.0,110.0,106.0,161.0,161.0,113.0,99.5,0.04553388278388277,3,1
random,200,41,37,116.0,154.0,131.0,131.0,143.0,143.0,129.0,99.5,0.04553388278388277,3,1
random,200,41,38,116.0,142.0,122.0,122.0,139.0,139.0,126.0,99.5,0.04553388278388277,3,1
random,200,41,39,83.0,127.0,112.0,119.0,122.0,122.0,99.0,99.5,0.04553388278388277,3,1
random,200,41,40,83.0,94.0,90.0,87.0,94.0,94.0,94.0,99.5,0.04553388278388277,3,1
random,200,41,41,159.0,142.0,175.0,175.0,153.0,153.0,180.0,99.5,0.04553388278388277,3,1
random,200,41,42,159.0,189.0,170.0,169.0,188.0,188.0,161.0,99.5,0.04553388278388277,3,1
random,200,41,43,83.0,137.0,96.0,94.0,129.0,129.0,92.0,99.5,0.04553388278388277,3,1
random,200,41,44,159.0,152.0,153.0,153.0,157.0,157.0,166.0,99.5,0.04553388278388277,3,1
random,200,41,45,159.0,157.0,177.0,178.0,160.0,160.0,179.0,99.5,0.04553388278388277,3,1
random,200,41,46,35.0,60.0,62.0,64.0,62.0,62.0,44.0,99.5,0.04553388278388277,3,1
random,200,41,47,159.0,148.0,160.0,160.0,158.0,158.0,173.0,99.5,0.04553388278388277,3,1
random,200,41,48,83.0,85.0,92.0,91.0,85.0,85.0,107.0,99.5,0.04553388278388277,3,1
random,200,41,49,159.0,173.0,180.0,182.0,173.0,173.0,175.0,99.5,0.04553388278388277,3,1
random,200,41,50,83.0,89.0,84.0,82.0,87.0,87.0,95.0,99.5,0.04553388278388277,3,1
random,200,41,51,141.0,134.0,132.0,132.0,134.0,134.0,146.0,99.5,0.04553388278388277,3,1
random,200,41,52,116.0,130.0,141.0,142.0,130.0,130.0,134.0,99.5,0.04553388278388277,3,1
random,200,41,53,17.0,26.0,24.0,24.0,25.0,25.0,21.0,99.5,0.04553388278388277,3,1
random,200,41,54,183.0,184.0,193.0,193.0,184.0,184.0,193.0,99.5,0.04553388278388277,3,1
random,200,41,55,116.0,128.0,117.0,115.0,126.0,126.0,128.0,99.5,0.04553388278388277,3,1
random,200,41,56,2.0,1.0,3.0,3.0,1.0,1.0,3.0,99.5,0.04553388278388277,3,1
random,200,41,57,4.0,6.0,13.0,12.0,9.0,9.0,11.0,99.5,0.04553388278388277,3,1
random,200,41,58,53.0,71.0,57.0,58.0,68.0,68.0,59.0,99.5,0.04553388278388277,3,1
random,200,41,59,183.0,185.0,190.0,190.0,186.0,186.0,189.0,99.5,0.04553388278388277,3,1
random,200,41,60,141.0,99.0,118.0,117.0,114.0,114.0,152.0,99.5,0.04553388278388277,3,1
random,200,41,61,35.0,32.0,59.0,60.0,35.0,35.0,51.0,99.5,0.04553388278388277,3,1
random,200,41,62,4.0,6.0,12.0,13.0,6.0,6.0,16.0,99.5,0.04553388278388277,3,1
random,200,41,63,53.0,52.0,78.0,79.0,56.0,56.0,76.0,99.5,0.04553388278388277,3,1
random,200,41,64,83.0,71.0,106.0,110.0,82.0,82.0,112.0,99.5,0.04553388278388277,3,1
random,200,41,65,35.0,57.0,70.0,69.0,55.0,55.0,49.0,99.5,0.04553388278388277,3,1
random,200,41,66,141.0,111.0,150.0,151.0,118.0,118.0,158.0,99.5,0.04553388278388277,3,1
random,200,41,67,159.0,139.0,169.0,170.0,154.0,154.0,172.0,99.5,0.04553388278388277,3,1
random,200,41,68,27.0,27.0,28.0,28.0,30.0,30.0,30.0,99.5,0.04553388278388277,3,1
random,200,41,69,53.0,97.0,89.0,89.0,88.0,88.0,69.0,99.5,0.04553388278388277,3,1
random,200,41,70,83.0,116.0,72.0,71.0,113.0,113.0,87.0,99.5,0.04553388278388277,3,1
random,200,41,71,4.0,19.0,15.0,15.0,15.0,15.0,10.0,99.5,0.04553388278388277,3,1
random,200,41,72,35.0,52.0,46.0,49.0,50.0,50.0,41.0,99.5,0.04553388278388277,3,1
random,200,41,73,35.0,62.0,54.0,55.0,65.0,65.0,40.0,99.5,0.04553388278388277,3,1
random,200,41,74,159.0,160.0,162.0,161.0,163.0,163.0,167.0,99.5,0.04553388278388277,3,1
random,200,41,75,83.0,77.0,125.0,127.0,81.0,81.0,115.0,99.5,0.04553388278388277,3,1
random,200,41,76,17.0,23.0,27.0,27.0,23.0,23.0,25.0,99.5,0.04553388278388277,3,1
random,200,41,77,53.0,44.0,39.0,33.0,48.0,48.0,60.0,99.5,0.04553388278388277,3,1
random,200,41,78,183.0,188.0,187.0,187.0,189.0,189.0,186.0,99.5,0.04553388278388277,3,1
random,200,41,79,27.0,22.0,36.0,34.0,24.0,24.0,33.0,99.5,0.04553388278388277,3,1
random,200,41,80,183.0,190.0,188.0,188.0,190.0,190.0,187.0,99.5,0.04553388278388277,3,1
random,200,41,81,116.0,146.0,109.0,114.0,141.0,141.0,119.0,99.5,0.04553388278388277,3,1
random,200,41,82,199.0,200.0,200.0,200.0,200.0,200.0,199.0,99.5,0.04553388278388277,3,1
random,200,41,83,17.0,29.0,6.0,6.0,28.0,28.0,15.0,99.5,0.04553388278388277,3,1
random,200,41,84,141.0,118.0,143.0,144.0,124.0,124.0,157.0,99.5,0.04553388278388277,3,1
random,200,41,85,183.0,178.0,186.0,186.0,180.0,180.0,190.0,99.5,0.04553388278388277,3,1
random,200,41,86,159.0,169.0,163.0,164.0,171.0,171.0,170.0,99.5,0.04553388278388277,3,1
random,200,41,87,53.0,52.0,101.0,103.0,53.0,53.0,80.0,99.5,0.04553388278388277,3,1
random,200,41,88,159.0,169.0,159.0,157.0,170.0,170.0,169.0,99.5,0.04553388278388277,3,1
random,200,41,89,141.0,169.0,149.0,149.0,168.0,168.0,144.0,99.5,0.04553388278388277,3,1
random,200,41,90,116.0,141.0,124.0,124.0,138.0,138.0,130.0,99.5,0.04553388278388277,3,1
random,200,41,91,35.0,39.0,33.0,31.0,37.0,37.0,38.0,99.5,0.04553388278388277,3,1
random,200,41,92,4.0,4.0,5.0,5.0,4.0,4.0,6.0,99.5,0.04553388278388277,3,1
random,200,41,93,83.0,123.0,104.0,107.0,119.0,119.0,93.0,99.5,0.04553388278388277,3,1
random,200,41,94,141.0,142.0,155.0,159.0,146.0,146.0,153.0,99.5,0.04553388278388277,3,1
random,200,41,95,116.0,159.0,114.0,109.0,152.0,152.0,117.0,99.5,0.04553388278388277,3,1
random,200,41,96,159.0,183.0,178.0,176.0,181.0,181.0,168.0,99.5,0.04553388278388277,3,1
random,200,41,97,4.0,11.0,9.0,9.0,11.0,11.0,9.0,99.5,0.04553388278388277,3,1
random,200,41,98,35.0,51.0,37.0,38.0,45.0,45.0,47.0,99.5,0.04553388278388277,3,1
random,200,41,99,159.0,155.0,171.0,171.0,156.0,156.0,178.0,99.5,0.04553388278388277,3,1
random,200,41,100,27.0,35.0,22.0,21.0,34.0,34.0,28.0,99.5,0.04553388278388277,3,1
random,200,41,101,83.0,88.0,127.0,128.0,90.0,90.0,114.0,99.5,0.04553388278388277,3,1
random,200,41,102,83.0,111.0,121.0,121.0,112.0,112.0,102.0,99.5,0.04553388278388277,3,1
random,200,41,103,183.0,160.0,183.0,184.0,166.0,166.0,192.0,99.5,0.04553388278388277,3,1
random,200,41,104,17.0,17.0,34.0,35.0,17.0,17.0,26.0,99.5,0.04553388278388277,3,1
random,200,41,105,159.0,176.0,181.0,179.0,177.0,177.0,171.0,99.5,0.04553388278388277,3,1
random,200,41,106,141.0,125.0,161.0,163.0,130.0,130.0,156.0,99.5,0.04553388278388277,3,1
random,200,41,107,83.0,94.0,85.0,83.0,96.0,96.0,96.0,99.5,0.04553388278388277,3,1
random,200,41,108,53.0,66.0,67.0,67.0,66.0,66.0,70.0,99.5,0.04553388278388277,3,1
random,200,41,109,116.0,125.0,130.0,126.0,125.0,125.0,131.0,99.5,0.04553388278388277,3,1
random,200,41,110,53.0,57.0,49.0,46.0,61.0,61.0,65.0,99.5,0.04553388278388277,3,1
random,200,41,111,83.0,83.0,81.0,81.0,85.0,85.0,100.0,99.5,0.04553388278388277,3,1
random,200,41,112,194.0,194.0,198.0,198.0,195.0,195.0,198.0,99.5,0.04553388278388277,3,1
random,200,41,113,53.0,31.0,53.0,54.0,39.0,39.0,63.0,99.5,0.04553388278388277,3,1
random,200,41,114,183.0,198.0,192.0,192.0,198.0,198.0,183.0,99.5,0.04553388278388277,3,1
random,200,41,115,83.0,104.0,126.0,129.0,101.0,101.0,111.0,99.5,0.04553388278388277,3,1
random,200,41,116,141.0,152.0,157.0,158.0,149.0,149.0,150.0,99.5,0.04553388278388277,3,1
random,200,41,117,83.0,90.0,60.0,63.0,98.0,98.0,84.0,99.5,0.04553388278388277,3,1
random,200,41,118,83.0,119.0,66.0,65.0,117.0,117.0,85.0,99.5,0.04553388278388277,3,1
random,200,41,119,83.0,90.0,95.0,92.0,93.0,93.0,103.0,99.5,0.04553388278388277,3,1
random,200,41,120,4.0,11.0,4.0,4.0,14.0,14.0,4.0,99.5,0.04553388278388277,3,1
random,200,41,121,141.0,155.0,166.0,166.0,158.0,158.0,149.0,99.5,0.04553388278388277,3,1
random,200,41,122,116.0,85.0,128.0,123.0,97.0,97.0,135.0,99.5,0.04553388278388277,3,1
random,200,41,123,83.0,109.0,103.0,100.0,108.0,108.0,98.0,99.5,0.04553388278388277,3,1
random,200,41,124,2.0,2.0,2.0,2.0,2.0,2.0,2.0,99.5,0.04553388278388277,3,1
random,200,41,125,35.0,66.0,44.0,44.0,59.0,59.0,39.0,99.5,0.04553388278388277,3,1
random,200,41,126,35.0,47.0,47.0,47.0,41.0,41.0,50.0,99.5,0.04553388278388277,3,1
random,200,41,127,116.0,90.0,137.0,138.0,100.0,100.0,137.0,99.5,0.04553388278388277,3,1
random,200,41,128,83.0,99.0,82.0,80.0,105.0,105.0,86.0,99.5,0.04553388278388277,3,1
random,200,41,129,17.0,11.0,18.0,17.0,15.0,15.0,20.0,99.5,0.04553388278388277,3,1
random,200,41,130,183.0,182.0,174.0,173.0,183.0,183.0,185.0,99.5,0.04553388278388277,3,1
random,200,41,131,83.0,102.0,76.0,76.0,105.0,105.0,88.0,99.5,0.04553388278388277,3,1
random,200,41,132,116.0,128.0,111.0,111.0,127.0,127.0,120.0,99.5,0.04553388278388277,3,1
random,200,41,133,116.0,119.0,119.0,118.0,121.0,121.0,127.0,99.5,0.04553388278388277,3,1
random,200,41,134,1.0,16.0,1.0,1.0,5.0,5.0,1.0,99.5,0.04553388278388277,3,1
random,200,41,135,35.0,62.0,68.0,68.0,59.0,59.0,46.0,99.5,0.04553388278388277,3,1
random,200,41,136,53.0,42.0,88.0,90.0,41.0,41.0,81.0,99.5,0.04553388278388277,3,1
random,200,41,137,159.0,174.0,156.0,155.0,174.0,174.0,164.0,99.5,0.04553388278388277,3,1
random,200,41,138,116.0,148.0,107.0,104.0,144.0,144.0,118.0,99.5,0.04553388278388277,3,1
random,200,41,139,159.0,177.0,148.0,147.0,177.0,177.0,162.0,99.5,0.04553388278388277,3,1
random,200,41,140,35.0,32.0,80.0,84.0,36.0,36.0,52.0,99.5,0.04553388278388277,3,1
random,200,41,141,159.0,122.0,176.0,177.0,132.0,132.0,182.0,99.5,0.04553388278388277,3,1
random,200,41,142,116.0,116.0,144.0,145.0,116.0,116.0,138.0,99.5,0.04553388278388277,3,1
random,200,41,143,53.0,52.0,64.0,61.0,56.0,56.0,73.0,99.5,0.04553388278388277,3,1
random,200,41,144,194.0,197.0,191.0,191.0,197.0,197.0,194.0,99.5,0.04553388278388277,3,1
random,200,41,145,183.0,192.0,189.0,189.0,191.0,191.0,188.0,99.5,0.04553388278388277,3,1
random,200,41,146,83.0,142.0,77.0,74.0,133.0,133.0,83.0,99.5,0.04553388278388277,3,1
random,200,41,147,159.0,163.0,164.0,162.0,168.0,168.0,165.0,99.5,0.04553388278388277,3,1
random,200,41,148,116.0,83.0,146.0,148.0,92.0,92.0,140.0,99.5,0.04553388278388277,3,1
random,200,41,149,159.0,175.0,173.0,174.0,176.0,176.0,174.0,99.5,0.04553388278388277,3,1
random,200,41,150,116.0,158.0,135.0,135.0,151.0,151.0,122.0,99.5,0.04553388278388277,3,1
random,200,41,151,83.0,62.0,120.0,120.0,74.0,74.0,116.0,99.5,0.04553388278388277,3,1
random,200,41,152,141.0,130.0,147.0,146.0,136.0,136.0,148.0,99.5,0.04553388278388277,3,1
random,200,41,153,141.0,168.0,145.0,143.0,167.0,167.0,142.0,99.5,0.04553388278388277,3,1
random,200,41,154,4.0,8.0,16.0,16.0,11.0,11.0,14.0,99.5,0.04553388278388277,3,1
random,200,41,155,183.0,181.0,194.0,194.0,182.0,182.0,191.0,99.5,0.04553388278388277,3,1
random,200,41,156,35.0,47.0,56.0,57.0,46.0,46.0,48.0,99.5,0.04553388278388277,3,1
random,200,41,157,159.0,135.0,185.0,185.0,142.0,142.0,181.0,99.5,0.04553388278388277,3,1
random,200,41,158,141.0,148.0,138.0,137.0,150.0,150.0,143.0,99.5,0.04553388278388277,3,1
random,200,41,159,4.0,8.0,8.0,8.0,11.0,11.0,7.0,99.5,0.04553388278388277,3,1
random,200,41,160,17.0,17.0,25.0,25.0,20.0,20.0,23.0,99.5,0.04553388278388277,3,1
random,200,41,161,83.0,99.0,75.0,73.0,98.0,98.0,90.0,99.5,0.04553388278388277,3,1
random,200,41,162,53.0,78.0,73.0,77.0,78.0,78.0,62.0,99.5,0.04553388278388277,3,1
random,200,41,163,159.0,164.0,179.0,180.0,164.0,164.0,176.0,99.5,0.04553388278388277,3,1
random,200,41,164,27.0,19.0,29.0,29.0,21.0,21.0,35.0,99.5,0.04553388278388277,3,1
random,200,41,165,17.0,23.0,31.0,32.0,22.0,22.0,24.0,99.5,0.04553388278388277,3,1
random,200,41,166,83.0,104.0,116.0,116.0,107.0,107.0,105.0,99.5,0.04553388278388277,3,1
random,200,41,167,53.0,90.0,45.0,48.0,84.0,84.0,53.0,99.5,0.04553388278388277,3,1
random,200,41,168,53.0,42.0,91.0,95.0,48.0,48.0,75.0,99.5,0.04553388278388277,3,1
random,200,41,169,53.0,71.0,43.0,43.0,70.0,70.0,55.0,99.5,0.04553388278388277,3,1
random,200,41,170,53.0,35.0,94.0,96.0,40.0,40.0,82.0,99.5,0.04553388278388277,3,1
random,200,41,171,116.0,85.0,139.0,140.0,95.0,95.0,139.0,99.5,0.04553388278388277,3,1
random,200,41,172,27.0,8.0,19.0,20.0,19.0,19.0,31.0,99.5,0.04553388278388277,3,1
random,200,41,173,194.0,194.0,195.0,195.0,195.0,195.0,195.0,99.5,0.04553388278388277,3,1
random,200,41,174,141.0,148.0,151.0,152.0,148.0,148.0,151.0,99.5,0.04553388278388277,3,1
random,200,41,175,83.0,69.0,86.0,88.0,73.0,73.0,106.0,99.5,0.04553388278388277,3,1
random,200,41,176,53.0,71.0,42.0,42.0,71.0,71.0,58.0,99.5,0.04553388278388277,3,1
random,200,41,177,116.0,136.0,142.0,139.0,135.0,135.0,125.0,99.5,0.04553388278388277,3,1
random,200,41,178,194.0,193.0,197.0,197.0,194.0,194.0,197.0,99.5,0.04553388278388277,3,1
random,200,41,179,35.0,104.0,20.0,19.0,91.0,91.0,27.0,99.5,0.04553388278388277,3,1
random,200,41,180,83.0,124.0,102.0,101.0,123.0,123.0,89.0,99.5,0.04553388278388277,3,1
random,200,41,181,17.0,35.0,23.0,23.0,31.0,31.0,18.0,99.5,0.04553388278388277,3,1
random,200,41,182,53.0,78.0,69.0,70.0,76.0,76.0,64.0,99.5,0.04553388278388277,3,1
random,200,41,183,4.0,3.0,7.0,7.0,3.0,3.0,8.0,99.5,0.04553388278388277,3,1
random,200,41,184,116.0,114.0,115.0,112.0,115.0,115.0,132.0,99.5,0.04553388278388277,3,1
random,200,41,185,199.0,199.0,199.0,199.0,199.0,199.0,200.0,99.5,0.04553388278388277,3,1
random,200,41,186,53.0,78.0,30.0,30.0,78.0,78.0,54.0,99.5,0.04553388278388277,3,1
random,200,41,187,27.0,32.0,35.0,37.0,32.0,32.0,34.0,99.5,0.04553388278388277,3,1
random,200,41,188,53.0,76.0,63.0,62.0,71.0,71.0,66.0,99.5,0.04553388278388277,3,1
random,200,41,189,116.0,130.0,129.0,133.0,128.0,128.0,133.0,99.5,0.04553388278388277,3,1
random,200,41,190,159.0,169.0,182.0,181.0,171.0,171.0,177.0,99.5,0.04553388278388277,3,1
random,200,41,191,83.0,107.0,113.0,113.0,103.0,103.0,108.0,99.5,0.04553388278388277,3,1
random,200,41,192,35.0,60.0,48.0,45.0,62.0,62.0,37.0,99.5,0.04553388278388277,3,1
random,200,41,193,83.0,107.0,97.0,97.0,104.0,104.0,101.0,99.5,0.04553388278388277,3,1
random,200,41,194,53.0,62.0,61.0,59.0,67.0,67.0,68.0,99.5,0.04553388278388277,3,1
random,200,41,195,141.0,179.0,133.0,134.0,175.0,175.0,141.0,99.5,0.04553388278388277,3,1
random,200,41,196,159.0,180.0,165.0,165.0,179.0,179.0,163.0,99.5,0.04553388278388277,3,1
random,200,41,197,53.0,94.0,83.0,85.0,83.0,83.0,67.0,99.5,0.04553388278388277,3,1
random,200,41,198,116.0,119.0,140.0,141.0,120.0,120.0,136.0,99.5,0.04553388278388277,3,1
random,200,41,199,53.0,44.0,65.0,66.0,51.0,51.0,71.0,99.5,0.04553388278388277,3,1
random,200,42,0,59.0,102.0,80.0,87.0,96.0,96.0,68.0,99.5,0.03999386234680349,4,1
random,200,42,1,11.0,19.0,24.0,20.0,17.0,17.0,19.0,99.5,0.03999386234680349,4,1
random,200,42,2,25.0,16.0,18.0,18.0,18.0,18.0,28.0,99.5,0.03999386234680349,4,1
random,200,42,3,36.0,85.0,45.0,46.0,71.0,71.0,37.0,99.5,0.03999386234680349,4,1
random,200,42,4,160.0,162.0,166.0,166.0,169.0,169.0,167.0,99.5,0.03999386234680349,4,1
random,200,42,5,160.0,157.0,163.0,163.0,164.0,164.0,163.0,99.5,0.03999386234680349,4,1
random,200,42,6,139.0,167.0,151.0,150.0,165.0,165.0,142.0,99.5,0.03999386234680349,4,1
random,200,42,7,36.0,39.0,61.0,62.0,42.0,42.0,51.0,99.5,0.03999386234680349,4,1
random,200,42,8,160.0,167.0,184.0,185.0,167.0,167.0,178.0,99.5,0.03999386234680349,4,1
random,200,42,9,113.0,85.0,117.0,115.0,94.0,94.0,131.0,99.5,0.03999386234680349,4,1
random,200,42,10,113.0,101.0,133.0,135.0,104.0,104.0,133.0,99.5,0.03999386234680349,4,1
random,200,42,11,36.0,57.0,42.0,41.0,57.0,57.0,39.0,99.5,0.03999386234680349,4,1
random,200,42,12,139.0,132.0,131.0,133.0,134.0,134.0,149.0,99.5,0.03999386234680349,4,1
random,200,42,13,192.0,195.0,198.0,198.0,195.0,195.0,195.0,99.5,0.03999386234680349,4,1
random,200,42,14,36.0,62.0,49.0,49.0,62.0,62.0,42.0,99.5,0.03999386234680349,4,1
random,200,42,15,82.0,70.0,96.0,97.0,73.0,73.0,111.0,99.5,0.03999386234680349,4,1
random,200,42,16,139.0,127.0,161.0,160.0,131.0,131.0,159.0,99.5,0.03999386234680349,4,1
random,200,42,17,113.0,107.0,115.0,114.0,107.0,107.0,130.0,99.5,0.03999386234680349,4,1
random,200,42,18,113.0,99.0,124.0,127.0,101.0,101.0,129.0,99.5,0.03999386234680349,4,1
random,200,42,19,82.0,90.0,94.0,93.0,95.0,95.0,91.0,99.5,0.03999386234680349,4,1
random,200,42,20,113.0,102.0,137.0,139.0,106.0,106.0,132.0,99.5,0.03999386234680349,4,1
random,200,42,21,82.0,79.0,105.0,100.0,86.0,86.0,104.0,99.5,0.03999386234680349,4,1
random,200,42,22,7.0,8.0,7.0,7.0,8.0,8.0,8.0,99.5,0.03999386234680349,4,1
random,200,42,23,2.0,5.0,2.0,2.0,5.0,5.0,3.0,99.5,0.03999386234680349,4,1
random,200,42,24,113.0,90.0,149.0,152.0,97.0,97.0,138.0,99.5,0.03999386234680349,4,1
random,200,42,25,180.0,173.0,183.0,183.0,176.0,176.0,189.0,99.5,0.03999386234680349,4,1
random,200,42,26,82.0,112.0,103.0,105.0,112.0,112.0,88.0,99.5,0.03999386234680349,4,1
random,200,42,27,25.0,51.0,33.0,32.0,46.0,46.0,26.0,99.5,0.03999386234680349,4,1
random,200,42,28,180.0,185.0,180.0,180.0,186.0,186.0,182.0,99.5,0.03999386234680349,4,1
random,200,42,29,25.0,19.0,43.0,43.0,22.0,22.0,34.0,99.5,0.03999386234680349,4,1
random,200,42,30,36.0,75.0,46.0,47.0,66.0,66.0,38.0,99.5,0.03999386234680349,4,1
random,200,42,31,11.0,11.0,11.0,10.0,12.0,12.0,15.0,99.5,0.03999386234680349,4,1
random,200,42,32,160.0,155.0,168.0,170.0,160.0,160.0,170.0,99.5,0.03999386234680349,4,1
random,200,42,33,36.0,42.0,31.0,29.0,44.0,44.0,36.0,99.5,0.03999386234680349,4,1
random,200,42,34,36.0,23.0,37.0,36.0,28.0,28.0,48.0,99.5,0.03999386234680349,4,1
random,200,42,35,160.0,173.0,169.0,168.0,175.0,175.0,164.0,99.5,0.03999386234680349,4,1
random,200,42,36,36.0,31.0,44.0,45.0,32.0,32.0,54.0,99.5,0.03999386234680349,4,1
random,200,42,37,59.0,57.0,78.0,81.0,68.0,68.0,76.0,99.5,0.03999386234680349,4,1
random,200,42,38,180.0,172.0,186.0,186.0,173.0,173.0,191.0,99.5,0.03999386234680349,4,1
random,200,42,39,160.0,170.0,187.0,187.0,171.0,171.0,176.0,99.5,0.03999386234680349,4,1
random,200,42,40,11.0,39.0,28.0,26.0,33.0,33.0,16.0,99.5,0.03999386234680349,4,1
random,200,42,41,113.0,170.0,125.0,123.0,168.0,168.0,113.0,99.5,0.03999386234680349,4,1
random,200,42,42,139.0,153.0,123.0,122.0,153.0,153.0,140.0,99.5,0.03999386234680349,4,1
random,200,42,43,192.0,182.0,197.0,197.0,185.0,185.0,199.0,99.5,0.03999386234680349,4,1
random,200,42,44,113.0,130.0,135.0,131.0,129.0,129.0,128.0,99.5,0.03999386234680349,4,1
random,200,42,45,160.0,193.0,145.0,146.0,190.0,190.0,160.0,99.5,0.03999386234680349,4,1
random,200,42,46,2.0,12.0,4.0,4.0,7.0,7.0,2.0,99.5,0.03999386234680349,4,1
random,200,42,47,82.0,154.0,110.0,111.0,143.0,143.0,84.0,99.5,0.03999386234680349,4,1
random,200,42,48,113.0,107.0,141.0,141.0,109.0,109.0,137.0,99.5,0.03999386234680349,4,1
random,200,42,49,180.0,182.0,162.0,162.0,182.0,182.0,183.0,99.5,0.03999386234680349,4,1
random,200,42,50,36.0,66.0,54.0,53.0,60.0,60.0,45.0,99.5,0.03999386234680349,4,1
random,200,42,51,7.0,8.0,10.0,11.0,10.0,10.0,11.0,99.5,0.03999386234680349,4,1
random,200,42,52,180.0,180.0,189.0,190.0,180.0,180.0,188.0,99.5,0.03999386234680349,4,1
random,200,42,53,25.0,25.0,34.0,34.0,28.0,28.0,32.0,99.5,0.03999386234680349,4,1
random,200,42,54,36.0,55.0,59.0,61.0,48.0,48.0,53.0,99.5,0.03999386234680349,4,1
random,200,42,55,160.0,179.0,173.0,172.0,179.0,179.0,162.0,99.5,0.03999386234680349,4,1
random,200,42,56,82.0,150.0,119.0,121.0,144.0,144.0,85.0,99.5,0.03999386234680349,4,1
random,200,42,57,82.0,134.0,116.0,116.0,126.0,126.0,90.0,99.5,0.03999386234680349,4,1
random,200,42,58,25.0,25.0,20.0,21.0,25.0,25.0,27.0,99.5,0.03999386234680349,4,1
random,200,42,59,82.0,70.0,100.0,101.0,77.0,77.0,107.0,99.5,0.03999386234680349,4,1
random,200,42,60,82.0,62.0,93.0,95.0,70.0,70.0,110.0,99.5,0.03999386234680349,4,1
random,200,42,61,192.0,189.0,191.0,189.0,192.0,192.0,192.0,99.5,0.03999386234680349,4,1
random,200,42,62,82.0,70.0,132.0,140.0,78.0,78.0,112.0,99.5,0.03999386234680349,4,1
random,200,42,63,59.0,51.0,83.0,85.0,52.0,52.0,78.0,99.5,0.03999386234680349,4,1
random,200,42,64,139.0,160.0,127.0,126.0,156.0,156.0,141.0,99.5,0.03999386234680349,4,1
random,200,42,65,59.0,62.0,98.0,99.0,67.0,67.0,80.0,99.5,0.03999386234680349,4,1
random,200,42,66,160.0,175.0,177.0,177.0,178.0,178.0,165.0,99.5,0.03999386234680349,4,1
random,200,42,67,113.0,117.0,143.0,144.0,117.0,117.0,134.0,99.5,0.03999386234680349,4,1
random,200,42,68,113.0,137.0,120.0,120.0,136.0,136.0,118.0,99.5,0.03999386234680349,4,1
random,200,42,69,36.0,34.0,58.0,58.0,36.0,36.0,56.0,99.5,0.03999386234680349,4,1
random,200,42,70,11.0,23.0,17.0,17.0,20.0,20.0,17.0,99.5,0.03999386234680349,4,1
random,200,42,71,139.0,156.0,155.0,155.0,154.0,154.0,151.0,99.5,0.03999386234680349,4,1
random,200,42,72,25.0,21.0,32.0,31.0,22.0,22.0,29.0,99.5,0.03999386234680349,4,1
random,200,42,73,82.0,127.0,91.0,91.0,124.0,124.0,83.0,99.5,0.03999386234680349,4,1
random,200,42,74,2.0,4.0,5.0,5.0,4.0,4.0,5.0,99.5,0.03999386234680349,4,1
random,200,42,75,36.0,33.0,53.0,54.0,35.0,35.0,50.0,99.5,0.03999386234680349,4,1
random,200,42,76,11.0,7.0,23.0,27.0,9.0,9.0,24.0,99.5,0.03999386234680349,4,1
random,200,42,77,59.0,94.0,52.0,55.0,87.0,87.0,62.0,99.5,0.03999386234680349,4,1
random,200,42,78,11.0,21.0,30.0,30.0,21.0,21.0,22.0,99.5,0.03999386234680349,4,1
random,200,42,79,59.0,51.0,70.0,69.0,58.0,58.0,72.0,99.5,0.03999386234680349,4,1
random,200,42,80,11.0,6.0,21.0,23.0,6.0,6.0,23.0,99.5,0.03999386234680349,4,1
random,200,42,81,36.0,51.0,65.0,64.0,46.0,46.0,57.0,99.5,0.03999386234680349,4,1
random,200,42,82,139.0,145.0,113.0,113.0,147.0,147.0,144.0,99.5,0.03999386234680349,4,1
random,200,42,83,160.0,169.0,172.0,173.0,170.0,170.0,168.0,99.5,0.03999386234680349,4,1
random,200,42,84,160.0,148.0,170.0,169.0,155.0,155.0,169.0,99.5,0.03999386234680349,4,1
random,200,42,85,11.0,25.0,12.0,12.0,24.0,24.0,13.0,99.5,0.03999386234680349,4,1
random,200,42,86,36.0,60.0,39.0,37.0,54.0,54.0,40.0,99.5,0.03999386234680349,4,1
random,200,42,87,139.0,157.0,154.0,154.0,158.0,158.0,148.0,99.5,0.03999386234680349,4,1
random,200,42,88,11.0,10.0,15.0,16.0,11.0,11.0,21.0,99.5,0.03999386234680349,4,1
random,200,42,89,160.0,157.0,176.0,176.0,162.0,162.0,174.0,99.5,0.03999386234680349,4,1
random,200,42,90,180.0,181.0,185.0,184.0,181.0,181.0,187.0,99.5,0.03999386234680349,4,1
random,200,42,91,11.0,18.0,19.0,19.0,18.0,18.0,20.0,99.5,0.03999386234680349,4,1
random,200,42,92,180.0,190.0,188.0,188.0,188.0,188.0,186.0,99.5,0.03999386234680349,4,1
random,200,42,93,25.0,29.0,40.0,42.0,27.0,27.0,35.0,99.5,0.03999386234680349,4,1
random,200,42,94,36.0,42.0,41.0,40.0,42.0,42.0,46.0,99.5,0.03999386234680349,4,1
random,200,42,95,113.0,112.0,107.0,104.0,118.0,118.0,122.0,99.5,0.03999386234680349,4,1
random,200,42,96,192.0,188.0,195.0,195.0,191.0,191.0,197.0,99.5,0.03999386234680349,4,1
random,200,42,97,59.0,70.0,76.0,74.0,69.0,69.0,77.0,99.5,0.03999386234680349,4,1
random,200,42,98,82.0,117.0,101.0,103.0,111.0,111.0,92.0,99.5,0.03999386234680349,4,1
random,200,42,99,113.0,119.0,88.0,88.0,124.0,124.0,116.0,99.5,0.03999386234680349,4,1
random,200,42,100,160.0,162.0,164.0,164.0,161.0,161.0,173.0,99.5,0.03999386234680349,4,1
random,200,42,101,82.0,130.0,102.0,102.0,121.0,121.0,89.0,99.5,0.03999386234680349,4,1
random,200,42,102,113.0,119.0,136.0,134.0,121.0,121.0,124.0,99.5,0.03999386234680349,4,1
random,200,42,103,82.0,66.0,85.0,92.0,83.0,83.0,103.0,99.5,0.03999386234680349,4,1
random,200,42,104,11.0,12.0,13.0,13.0,14.0,14.0,18.0,99.5,0.03999386234680349,4,1
random,200,42,105,139.0,161.0,165.0,165.0,159.0,159.0,158.0,99.5,0.03999386234680349,4,1
random,200,42,106,59.0,79.0,77.0,77.0,76.0,76.0,64.0,99.5,0.03999386234680349,4,1
random,200,42,107,160.0,142.0,159.0,159.0,149.0,149.0,172.0,99.5,0.03999386234680349,4,1
random,200,42,108,160.0,122.0,192.0,192.0,138.0,138.0,179.0,99.5,0.03999386234680349,4,1
random,200,42,109,59.0,48.0,60.0,59.0,55.0,55.0,73.0,99.5,0.03999386234680349,4,1
random,200,42,110,180.0,191.0,178.0,179.0,189.0,189.0,185.0,99.5,0.03999386234680349,4,1
random,200,42,111,180.0,197.0,181.0,181.0,197.0,197.0,181.0,99.5,0.03999386234680349,4,1
random,200,42,112,160.0,175.0,174.0,174.0,177.0,177.0,166.0,99.5,0.03999386234680349,4,1
random,200,42,113,59.0,57.0,106.0,109.0,63.0,63.0,79.0,99.5,0.03999386234680349,4,1
random,200,42,114,82.0,105.0,87.0,80.0,99.0,99.0,94.0,99.5,0.03999386234680349,4,1
random,200,42,115,59.0,87.0,55.0,52.0,84.0,84.0,61.0,99.5,0.03999386234680349,4,1
random,200,42,116,113.0,162.0,114.0,108.0,156.0,156.0,114.0,99.5,0.03999386234680349,4,1
random,200,42,117,160.0,162.0,171.0,171.0,166.0,166.0,171.0,99.5,0.03999386234680349,4,1
random,200,42,118,139.0,175.0,130.0,125.0,172.0,172.0,139.0,99.5,0.03999386234680349,4,1
random,200,42,119,59.0,127.0,62.0,60.0,113.0,113.0,59.0,99.5,0.03999386234680349,4,1
random,200,42,120,192.0,197.0,196.0,196.0,198.0,198.0,193.0,99.5,0.03999386234680349,4,1
random,200,42,121,113.0,142.0,86.0,84.0,141.0,141.0,115.0,99.5,0.03999386234680349,4,1
random,200,42,122,113.0,141.0,147.0,148.0,139.0,139.0,127.0,99.5,0.03999386234680349,4,1
random,200,42,123,139.0,137.0,152.0,149.0,145.0,145.0,150.0,99.5,0.03999386234680349,4,1
random,200,42,124,192.0,194.0,193.0,194.0,194.0,194.0,196.0,99.5,0.03999386234680349,4,1
random,200,42,125,180.0,185.0,190.0,191.0,184.0,184.0,190.0,99.5,0.03999386234680349,4,1
random,200,42,126,25.0,39.0,36.0,38.0,36.0,36.0,31.0,99.5,0.03999386234680349,4,1
random,200,42,127,82.0,84.0,81.0,79.0,85.0,85.0,100.0,99.5,0.03999386234680349,4,1
random,200,42,128,11.0,75.0,8.0,8.0,56.0,56.0,9.0,99.5,0.03999386234680349,4,1
random,200,42,129,82.0,95.0,122.0,124.0,100.0,100.0,108.0,99.5,0.03999386234680349,4,1
random,200,42,130,59.0,31.0,66.0,66.0,39.0,39.0,74.0,99.5,0.03999386234680349,4,1
random,200,42,131,180.0,200.0,179.0,175.0,199.0,199.0,180.0,99.5,0.03999386234680349,4,1
random,200,42,132,36.0,34.0,64.0,65.0,39.0,39.0,58.0,99.5,0.03999386234680349,4,1
random,200,42,133,36.0,38.0,51.0,51.0,41.0,41.0,49.0,99.5,0.03999386234680349,4,1
random,200,42,134,82.0,70.0,92.0,89.0,78.0,78.0,106.0,99.5,0.03999386234680349,4,1
random,200,42,135,59.0,95.0,50.0,50.0,87.0,87.0,60.0,99.5,0.03999386234680349,4,1
random,200,42,136,139.0,150.0,144.0,143.0,148.0,148.0,146.0,99.5,0.03999386234680349,4,1
random,200,42,137,36.0,34.0,26.0,25.0,36.0,36.0,43.0,99.5,0.03999386234680349,4,1
random,200,42,138,1.0,1.0,1.0,1.0,1.0,1.0,1.0,99.5,0.03999386234680349,4,1
random,200,42,139,139.0,95.0,134.0,132.0,110.0,110.0,155.0,99.5,0.03999386234680349,4,1
random,200,42,140,11.0,34.0,14.0,14.0,30.0,30.0,14.0,99.5,0.03999386234680349,4,1
random,200,42,141,82.0,132.0,72.0,71.0,123.0,123.0,82.0,99.5,0.03999386234680349,4,1
random,200,42,142,82.0,87.0,82.0,78.0,91.0,91.0,97.0,99.5,0.03999386234680349,4,1
random,200,42,143,139.0,107.0,126.0,128.0,116.0,116.0,153.0,99.5,0.03999386234680349,4,1
random,200,42,144,59.0,47.0,48.0,48.0,58.0,58.0,63.0,99.5,0.03999386234680349,4,1
random,200,42,145,59.0,75.0,71.0,73.0,73.0,73.0,75.0,99.5,0.03999386234680349,4,1
random,200,42,146,82.0,107.0,89.0,86.0,103.0,103.0,93.0,99.5,0.03999386234680349,4,1
random,200,42,147,139.0,136.0,158.0,158.0,140.0,140.0,156.0,99.5,0.03999386234680349,4,1
random,200,42,148,139.0,178.0,156.0,157.0,174.0,174.0,143.0,99.5,0.03999386234680349,4,1
random,200,42,149,59.0,42.0,99.0,106.0,51.0,51.0,81.0,99.5,0.03999386234680349,4,1
random,200,42,150,59.0,82.0,74.0,76.0,75.0,75.0,71.0,99.5,0.03999386234680349,4,1
random,200,42,151,82.0,122.0,112.0,117.0,119.0,119.0,95.0,99.5,0.03999386234680349,4,1
random,200,42,152,113.0,116.0,139.0,138.0,120.0,120.0,136.0,99.5,0.03999386234680349,4,1
random,200,42,153,36.0,55.0,47.0,44.0,52.0,52.0,44.0,99.5,0.03999386234680349,4,1
random,200,42,154,59.0,66.0,67.0,68.0,72.0,72.0,66.0,99.5,0.03999386234680349,4,1
random,200,42,155,180.0,192.0,182.0,182.0,192.0,192.0,184.0,99.5,0.03999386234680349,4,1
random,200,42,156,59.0,42.0,57.0,57.0,45.0,45.0,70.0,99.5,0.03999386234680349,4,1
random,200,42,157,25.0,25.0,35.0,35.0,25.0,25.0,33.0,99.5,0.03999386234680349,4,1
random,200,42,158,36.0,60.0,63.0,63.0,60.0,60.0,52.0,99.5,0.03999386234680349,4,1
random,200,42,159,82.0,82.0,97.0,96.0,82.0,82.0,109.0,99.5,0.03999386234680349,4,1
random,200,42,160,11.0,42.0,16.0,15.0,34.0,34.0,12.0,99.5,0.03999386234680349,4,1
random,200,42,161,36.0,48.0,38.0,39.0,50.0,50.0,41.0,99.5,0.03999386234680349,4,1
random,200,42,162,200.0,199.0,200.0,200.0,200.0,200.0,200.0,99.5,0.03999386234680349,4,1
random,200,42,163,82.0,87.0,75.0,75.0,91.0,91.0,96.0,99.5,0.03999386234680349,4,1
random,200,42,164,82.0,90.0,90.0,90.0,93.0,93.0,98.0,99.5,0.03999386234680349,4,1
random,200,42,165,82.0,111.0,118.0,119.0,105.0,105.0,101.0,99.5,0.03999386234680349,4,1
random,200,42,166,139.0,119.0,150.0,151.0,133.0,133.0,147.0,99.5,0.03999386234680349,4,1
random,200,42,167,2.0,2.0,6.0,6.0,2.0,2.0,6.0,99.5,0.03999386234680349,4,1
random,200,42,168,113.0,112.0,129.0,129.0,115.0,115.0,126.0,99.5,0.03999386234680349,4,1
random,200,42,169,139.0,150.0,160.0,161.0,152.0,152.0,157.0,99.5,0.03999386234680349,4,1
random,200,42,170,192.0,184.0,199.0,199.0,187.0,187.0,198.0,99.5,0.03999386234680349,4,1
random,200,42,171,7.0,14.0,9.0,9.0,13.0,13.0,7.0,99.5,0.03999386234680349,4,1
random,200,42,172,59.0,99.0,84.0,83.0,90.0,90.0,69.0,99.5,0.03999386234680349,4,1
random,200,42,173,82.0,79.0,69.0,67.0,80.0,80.0,87.0,99.5,0.03999386234680349,4,1
random,200,42,174,113.0,102.0,111.0,107.0,108.0,108.0,121.0,99.5,0.03999386234680349,4,1
random,200,42,175,36.0,48.0,68.0,70.0,49.0,49.0,55.0,99.5,0.03999386234680349,4,1
random,200,42,176,192.0,196.0,194.0,193.0,196.0,196.0,194.0,99.5,0.03999386234680349,4,1
random,200,42,177,25.0,15.0,27.0,24.0,16.0,16.0,30.0,99.5,0.03999386234680349,4,1
random,200,42,178,160.0,162.0,175.0,178.0,163.0,163.0,175.0,99.5,0.03999386234680349,4,1
random,200,42,179,82.0,95.0,121.0,118.0,97.0,97.0,105.0,99.5,0.03999386234680349,4,1
random,200,42,180,113.0,122.0,128.0,130.0,127.0,127.0,123.0,99.5,0.03999386234680349,4,1
random,200,42,181,160.0,142.0,167.0,167.0,146.0,146.0,177.0,99.5,0.03999386234680349,4,1
random,200,42,182,2.0,3.0,3.0,3.0,3.0,3.0,4.0,99.5,0.03999386234680349,4,1
random,200,42,183,59.0,90.0,73.0,72.0,87.0,87.0,65.0,99.5,0.03999386234680349,4,1
random,200,42,184,59.0,62.0,56.0,56.0,65.0,65.0,67.0,99.5,0.03999386234680349,4,1
random,200,42,185,139.0,148.0,146.0,147.0,149.0,149.0,145.0,99.5,0.03999386234680349,4,1
random,200,42,186,25.0,75.0,25.0,28.0,64.0,64.0,25.0,99.5,0.03999386234680349,4,1
random,200,42,187,82.0,105.0,108.0,110.0,102.0,102.0,99.0,99.5,0.03999386234680349,4,1
random,200,42,188,113.0,122.0,104.0,98.0,128.0,128.0,117.0,99.5,0.03999386234680349,4,1
random,200,42,189,113.0,146.0,140.0,137.0,142.0,142.0,120.0,99.5,0.03999386234680349,4,1
random,200,42,190,139.0,122.0,157.0,156.0,132.0,132.0,154.0,99.5,0.03999386234680349,4,1
random,200,42,191,139.0,146.0,153.0,153.0,151.0,151.0,152.0,99.5,0.03999386234680349,4,1
random,200,42,192,113.0,140.0,142.0,142.0,136.0,136.0,125.0,99.5,0.03999386234680349,4,1
random,200,42,193,82.0,66.0,79.0,82.0,81.0,81.0,102.0,99.5,0.03999386234680349,4,1
random,200,42,194,113.0,112.0,138.0,136.0,114.0,114.0,135.0,99.5,0.03999386234680349,4,1
random,200,42,195,113.0,137.0,109.0,112.0,135.0,135.0,119.0,99.5,0.03999386234680349,4,1
random,200,42,196,82.0,135.0,95.0,94.0,130.0,130.0,86.0,99.5,0.03999386234680349,4,1
random,200,42,197,7.0,16.0,22.0,22.0,15.0,15.0,10.0,99.5,0.03999386234680349,4,1
random,200,42,198,36.0,29.0,29.0,33.0,31.0,31.0,47.0,99.5,0.03999386234680349,4,1
random,200,42,199,160.0,187.0,148.0,145.0,183.0,183.0,161.0,99.5,0.03999386234680349,4,1
