random,200,47,0,184.0,193.0,197.0,197.0,193.0,193.0,192.0,99.5,0.03569351481851477,3,1
random,200,47,1,37.0,84.0,48.0,47.0,80.0,80.0,38.0,99.5,0.03569351481851477,3,1
random,200,47,2,58.0,52.0,32.0,35.0,55.0,55.0,62.0,99.5,0.03569351481851477,3,1
random,200,47,3,163.0,155.0,178.0,177.0,163.0,163.0,174.0,99.5,0.03569351481851477,3,1
random,200,47,4,86.0,97.0,112.0,113.0,99.0,99.0,99.0,99.5,0.03569351481851477,3,1
random,200,47,5,4.0,9.0,5.0,5.0,7.0,7.0,4.0,99.5,0.03569351481851477,3,1
random,200,47,6,37.0,70.0,90.0,89.0,60.0,60.0,53.0,99.5,0.03569351481851477,3,1
random,200,47,7,23.0,40.0,65.0,67.0,39.0,39.0,36.0,99.5,0.03569351481851477,3,1
random,200,47,8,86.0,80.0,107.0,108.0,85.0,85.0,101.0,99.5,0.03569351481851477,3,1
random,200,47,9,13.0,23.0,14.0,13.0,23.0,23.0,15.0,99.5,0.03569351481851477,3,1
random,200,47,10,107.0,118.0,108.0,109.0,120.0,120.0,117.0,99.5,0.03569351481851477,3,1
random,200,47,11,107.0,137.0,153.0,156.0,135.0,135.0,124.0,99.5,0.03569351481851477,3,1
random,200,47,12,184.0,173.0,195.0,195.0,177.0,177.0,195.0,99.5,0.03569351481851477,3,1
random,200,47,13,107.0,128.0,116.0,117.0,127.0,127.0,121.0,99.5,0.03569351481851477,3,1
random,200,47,14,136.0,164.0,142.0,141.0,165.0,165.0,138.0,99.5,0.03569351481851477,3,1
random,200,47,15,86.0,114.0,87.0,83.0,112.0,112.0,88.0,99.5,0.03569351481851477,3,1
random,200,47,16,136.0,185.0,161.0,160.0,182.0,182.0,140.0,99.5,0.03569351481851477,3,1
random,200,47,17,23.0,37.0,51.0,50.0,33.0,33.0,34.0,99.5,0.03569351481851477,3,1
random,200,47,18,37.0,28.0,54.0,60.0,32.0,32.0,56.0,99.5,0.03569351481851477,3,1
random,200,47,19,58.0,58.0,56.0,56.0,67.0,67.0,64.0,99.5,0.03569351481851477,3,1
random,200,47,20,37.0,27.0,43.0,45.0,29.0,29.0,52.0,99.5,0.03569351481851477,3,1
random,200,47,21,86.0,76.0,67.0,65.0,79.0,79.0,97.0,99.5,0.03569351481851477,3,1
random,200,47,22,7.0,7.0,11.0,12.0,8.0,8.0,11.0,99.5,0.03569351481851477,3,1
random,200,47,23,136.0,105.0,144.0,145.0,115.0,115.0,162.0,99.5,0.03569351481851477,3,1
random,200,47,24,58.0,78.0,45.0,43.0,83.0,83.0,61.0,99.5,0.03569351481851477,3,1
random,200,47,25,23.0,23.0,27.0,25.0,26.0,26.0,29.0,99.5,0.03569351481851477,3,1
random,200,47,26,58.0,34.0,85.0,90.0,39.0,39.0,85.0,99.5,0.03569351481851477,3,1
random,200,47,27,163.0,164.0,163.0,167.0,167.0,167.0,170.0,99.5,0.03569351481851477,3,1
random,200,47,28,136.0,139.0,152.0,153.0,143.0,143.0,143.0,99.5,0.03569351481851477,3,1
random,200,47,29,107.0,102.0,128.0,129.0,101.0,101.0,134.0,99.5,0.03569351481851477,3,1
random,200,47,30,58.0,58.0,61.0,61.0,61.0,61.0,70.0,99.5,0.03569351481851477,3,1
random,200,47,31,163.0,170.0,174.0,173.0,174.0,174.0,172.0,99.5,0.03569351481851477,3,1
random,200,47,32,13.0,17.0,18.0,18.0,18.0,18.0,14.0,99.5,0.03569351481851477,3,1
random,200,47,33,107.0,133.0,86.0,80.0,134.0,134.0,108.0,99.5,0.03569351481851477,3,1
random,200,47,34,184.0,195.0,192.0,191.0,195.0,195.0,189.0,99.5,0.03569351481851477,3,1
random,200,47,35,37.0,74.0,44.0,42.0,69.0,69.0,39.0,99.5,0.03569351481851477,3,1
random,200,47,36,107.0,145.0,23.0,22.0,142.0,142.0,86.0,99.5,0.03569351481851477,3,1
random,200,47,37,23.0,20.0,31.0,31.0,19.0,19.0,35.0,99.5,0.03569351481851477,3,1
random,200,47,38,86.0,84.0,115.0,115.0,93.0,93.0,103.0,99.5,0.03569351481851477,3,1
random,200,47,39,196.0,198.0,194.0,194.0,198.0,198.0,196.0,99.5,0.03569351481851477,3,1
random,200,47,40,184.0,189.0,188.0,187.0,190.0,190.0,186.0,99.5,0.03569351481851477,3,1
random,200,47,41,37.0,80.0,49.0,49.0,74.0,74.0,45.0,99.5,0.03569351481851477,3,1
random,200,47,42,7.0,25.0,15.0,16.0,20.0,20.0,9.0,99.5,0.03569351481851477,3,1
random,200,47,43,23.0,25.0,24.0,24.0,27.0,27.0,28.0,99.5,0.03569351481851477,3,1
random,200,47,44,37.0,49.0,35.0,36.0,48.0,48.0,42.0,99.5,0.03569351481851477,3,1
random,200,47,45,107.0,92.0,111.0,111.0,102.0,102.0,127.0,99.5,0.03569351481851477,3,1
random,200,47,46,23.0,48.0,38.0,34.0,43.0,43.0,23.0,99.5,0.03569351481851477,3,1
random,200,47,47,86.0,121.0,93.0,91.0,117.0,117.0,87.0,99.5,0.03569351481851477,3,1
random,200,47,48,163.0,139.0,165.0,163.0,149.0,149.0,176.0,99.5,0.03569351481851477,3,1
random,200,47,49,37.0,50.0,62.0,64.0,51.0,51.0,48.0,99.5,0.03569351481851477,3,1
random,200,47,50,136.0,175.0,156.0,155.0,173.0,173.0,139.0,99.5,0.03569351481851477,3,1
random,200,47,51,163.0,166.0,176.0,178.0,169.0,169.0,179.0,99.5,0.03569351481851477,3,1
random,200,47,52,163.0,179.0,172.0,169.0,177.0,177.0,171.0,99.5,0.03569351481851477,3,1
random,200,47,53,86.0,143.0,125.0,126.0,133.0,133.0,96.0,99.5,0.03569351481851477,3,1
random,200,47,54,58.0,40.0,66.0,69.0,47.0,47.0,79.0,99.5,0.03569351481851477,3,1
random,200,47,55,107.0,67.0,113.0,110.0,82.0,82.0,131.0,99.5,0.03569351481851477,3,1
random,200,47,56,86.0,105.0,97.0,96.0,103.0,103.0,91.0,99.5,0.03569351481851477,3,1
random,200,47,57,163.0,183.0,173.0,171.0,181.0,181.0,173.0,99.5,0.03569351481851477,3,1
random,200,47,58,13.0,14.0,16.0,15.0,16.0,16.0,17.0,99.5,0.03569351481851477,3,1
random,200,47,59,107.0,111.0,121.0,121.0,113.0,113.0,122.0,99.5,0.03569351481851477,3,1
random,200,47,60,86.0,50.0,98.0,98.0,54.0,54.0,105.0,99.5,0.03569351481851477,3,1
random,200,47,61,199.0,199.0,199.0,199.0,199.0,199.0,199.0,99.5,0.03569351481851477,3,1
random,200,47,62,136.0,151.0,146.0,143.0,153.0,153.0,141.0,99.5,0.03569351481851477,3,1
random,200,47,63,136.0,147.0,109.0,107.0,148.0,148.0,136.0,99.5,0.03569351481851477,3,1
random,200,47,64,136.0,145.0,159.0,159.0,145.0,145.0,155.0,99.5,0.03569351481851477,3,1
random,200,47,65,23.0,40.0,21.0,21.0,35.0,35.0,24.0,99.5,0.03569351481851477,3,1
random,200,47,66,4.0,3.0,7.0,7.0,3.0,3.0,6.0,99.5,0.03569351481851477,3,1
random,200,47,67,86.0,95.0,104.0,105.0,91.0,91.0,100.0,99.5,0.03569351481851477,3,1
random,200,47,68,107.0,114.0,124.0,124.0,118.0,118.0,123.0,99.5,0.03569351481851477,3,1
random,200,47,69,7.0,19.0,9.0,9.0,14.0,14.0,10.0,99.5,0.03569351481851477,3,1
random,200,47,70,136.0,160.0,149.0,149.0,161.0,161.0,144.0,99.5,0.03569351481851477,3,1
random,200,47,71,184.0,190.0,189.0,189.0,191.0,191.0,190.0,99.5,0.03569351481851477,3,1
random,200,47,72,58.0,78.0,75.0,72.0,77.0,77.0,75.0,99.5,0.03569351481851477,3,1
random,200,47,73,58.0,80.0,79.0,82.0,83.0,83.0,69.0,99.5,0.03569351481851477,3,1
random,200,47,74,107.0,121.0,114.0,114.0,123.0,123.0,115.0,99.5,0.03569351481851477,3,1
random,200,47,75,107.0,105.0,141.0,144.0,109.0,109.0,129.0,99.5,0.03569351481851477,3,1
random,200,47,76,107.0,120.0,131.0,131.0,119.0,119.0,128.0,99.5,0.03569351481851477,3,1
random,200,47,77,37.0,52.0,50.0,55.0,50.0,50.0,49.0,99.5,0.03569351481851477,3,1
random,200,47,78,163.0,170.0,177.0,174.0,170.0,170.0,175.0,99.5,0.03569351481851477,3,1
random,200,47,79,23.0,43.0,41.0,41.0,36.0,36.0,32.0,99.5,0.03569351481851477,3,1
random,200,47,80,58.0,67.0,59.0,58.0,75.0,75.0,68.0,99.5,0.03569351481851477,3,1
random,200,47,81,86.0,91.0,82.0,79.0,91.0,91.0,93.0,99.5,0.03569351481851477,3,1
random,200,47,82,37.0,31.0,42.0,44.0,34.0,34.0,51.0,99.5,0.03569351481851477,3,1
random,200,47,83,136.0,126.0,157.0,158.0,132.0,132.0,157.0,99.5,0.03569351481851477,3,1
random,200,47,84,58.0,110.0,88.0,88.0,97.0,97.0,73.0,99.5,0.03569351481851477,3,1
random,200,47,85,13.0,14.0,17.0,17.0,15.0,15.0,18.0,99.5,0.03569351481851477,3,1
random,200,47,86,163.0,177.0,180.0,180.0,179.0,179.0,168.0,99.5,0.03569351481851477,3,1
random,200,47,87,37.0,74.0,57.0,57.0,69.0,69.0,44.0,99.5,0.03569351481851477,3,1
random,200,47,88,58.0,34.0,73.0,76.0,45.0,45.0,81.0,99.5,0.03569351481851477,3,1
random,200,47,89,13.0,7.0,25.0,28.0,11.0,11.0,21.0,99.5,0.03569351481851477,3,1
random,200,47,90,58.0,55.0,84.0,87.0,55.0,55.0,84.0,99.5,0.03569351481851477,3,1
random,200,47,91,184.0,194.0,190.0,190.0,194.0,194.0,187.0,99.5,0.03569351481851477,3,1
random,200,47,92,136.0,155.0,158.0,161.0,159.0,159.0,153.0,99.5,0.03569351481851477,3,1
random,200,47,93,4.0,4.0,6.0,6.0,4.0,4.0,5.0,99.5,0.03569351481851477,3,1
random,200,47,94,37.0,84.0,46.0,48.0,76.0,76.0,41.0,99.5,0.03569351481851477,3,1
random,200,47,95,58.0,64.0,92.0,95.0,64.0,64.0,83.0,99.5,0.03569351481851477,3,1
random,200,47,96,107.0,130.0,134.0,133.0,129.0,129.0,119.0,99.5,0.03569351481851477,3,1
random,200,47,97,58.0,70.0,63.0,63.0,72.0,72.0,67.0,99.5,0.03569351481851477,3,1
random,200,47,98,163.0,160.0,169.0,172.0,162.0,162.0,177.0,99.5,0.03569351481851477,3,1
random,200,47,99,13.0,9.0,19.0,19.0,9.0,9.0,20.0,99.5,0.03569351481851477,3,1
random,200,47,100,37.0,37.0,53.0,54.0,37.0,37.0,54.0,99.5,0.03569351481851477,3,1
random,200,47,101,58.0,64.0,74.0,73.0,64.0,64.0,78.0,99.5,0.03569351481851477,3,1
random,200,47,102,37.0,43.0,30.0,30.0,44.0,44.0,43.0,99.5,0.03569351481851477,3,1
random,200,47,103,86.0,31.0,99.0,99.0,45.0,45.0,107.0,99.5,0.03569351481851477,3,1
random,200,47,104,184.0,184.0,193.0,193.0,185.0,185.0,194.0,99.5,0.03569351481851477,3,1
random,200,47,105,163.0,174.0,168.0,168.0,175.0,175.0,169.0,99.5,0.03569351481851477,3,1
random,200,47,106,7.0,28.0,8.0,8.0,25.0,25.0,7.0,99.5,0.03569351481851477,3,1
random,200,47,107,200.0,200.0,200.0,200.0,200.0,200.0,200.0,99.5,0.03569351481851477,3,1
random,200,47,108,58.0,111.0,83.0,84.0,103.0,103.0,65.0,99.5,0.03569351481851477,3,1
random,200,47,109,184.0,188.0,183.0,183.0,189.0,189.0,185.0,99.5,0.03569351481851477,3,1
random,200,47,110,58.0,61.0,91.0,93.0,59.0,59.0,82.0,99.5,0.03569351481851477,3,1
random,200,47,111,58.0,58.0,80.0,85.0,57.0,57.0,80.0,99.5,0.03569351481851477,3,1
random,200,47,112,13.0,21.0,10.0,10.0,21.0,21.0,13.0,99.5,0.03569351481851477,3,1
random,200,47,113,23.0,34.0,26.0,27.0,31.0,31.0,26.0,99.5,0.03569351481851477,3,1
random,200,47,114,2.0,6.0,4.0,4.0,5.0,5.0,3.0,99.5,0.03569351481851477,3,1
random,200,47,115,107.0,131.0,122.0,120.0,130.0,130.0,114.0,99.5,0.03569351481851477,3,1
random,200,47,116,136.0,117.0,147.0,148.0,126.0,126.0,159.0,99.5,0.03569351481851477,3,1
random,200,47,117,163.0,170.0,160.0,157.0,170.0,170.0,164.0,99.5,0.03569351481851477,3,1
random,200,47,118,23.0,43.0,36.0,37.0,42.0,42.0,27.0,99.5,0.03569351481851477,3,1
random,200,47,119,37.0,52.0,70.0,77.0,48.0,48.0,55.0,99.5,0.03569351481851477,3,1
random,200,47,120,196.0,197.0,196.0,196.0,197.0,197.0,197.0,99.5,0.03569351481851477,3,1
random,200,47,121,107.0,108.0,135.0,136.0,109.0,109.0,133.0,99.5,0.03569351481851477,3,1
random,200,47,122,163.0,177.0,182.0,182.0,176.0,176.0,167.0,99.5,0.03569351481851477,3,1
random,200,47,123,86.0,72.0,105.0,106.0,78.0,78.0,104.0,99.5,0.03569351481851477,3,1
random,200,47,124,86.0,124.0,94.0,92.0,122.0,122.0,89.0,99.5,0.03569351481851477,3,1
random,200,47,125,107.0,89.0,138.0,138.0,96.0,96.0,135.0,99.5,0.03569351481851477,3,1
random,200,47,126,163.0,192.0,175.0,176.0,188.0,188.0,163.0,99.5,0.03569351481851477,3,1
random,200,47,127,163.0,186.0,167.0,165.0,186.0,186.0,165.0,99.5,0.03569351481851477,3,1
random,200,47,128,107.0,97.0,110.0,112.0,106.0,106.0,120.0,99.5,0.03569351481851477,3,1
random,200,47,129,136.0,155.0,118.0,116.0,150.0,150.0,142.0,99.5,0.03569351481851477,3,1
random,200,47,130,37.0,72.0,34.0,32.0,64.0,64.0,37.0,99.5,0.03569351481851477,3,1
random,200,47,131,184.0,190.0,191.0,192.0,192.0,192.0,188.0,99.5,0.03569351481851477,3,1
random,200,47,132,86.0,108.0,89.0,86.0,103.0,103.0,95.0,99.5,0.03569351481851477,3,1
random,200,47,133,163.0,175.0,162.0,162.0,179.0,179.0,166.0,99.5,0.03569351481851477,3,1
random,200,47,134,23.0,31.0,37.0,38.0,28.0,28.0,33.0,99.5,0.03569351481851477,3,1
random,200,47,135,7.0,12.0,3.0,2.0,12.0,12.0,8.0,99.5,0.03569351481851477,3,1
random,200,47,136,163.0,151.0,186.0,188.0,159.0,159.0,182.0,99.5,0.03569351481851477,3,1
random,200,47,137,136.0,147.0,137.0,135.0,144.0,144.0,146.0,99.5,0.03569351481851477,3,1
random,200,47,138,86.0,126.0,101.0,100.0,121.0,121.0,94.0,99.5,0.03569351481851477,3,1
random,200,47,139,184.0,180.0,187.0,186.0,184.0,184.0,193.0,99.5,0.03569351481851477,3,1
random,200,47,140,136.0,153.0,140.0,139.0,151.0,151.0,151.0,99.5,0.03569351481851477,3,1
random,200,47,141,86.0,92.0,102.0,103.0,95.0,95.0,98.0,99.5,0.03569351481851477,3,1
random,200,47,142,86.0,131.0,96.0,97.0,125.0,125.0,90.0,99.5,0.03569351481851477,3,1
random,200,47,143,58.0,97.0,78.0,78.0,89.0,89.0,63.0,99.5,0.03569351481851477,3,1
random,200,47,144,107.0,124.0,123.0,119.0,128.0,128.0,113.0,99.5,0.03569351481851477,3,1
random,200,47,145,13.0,14.0,22.0,23.0,16.0,16.0,19.0,99.5,0.03569351481851477,3,1
random,200,47,146,107.0,103.0,136.0,137.0,107.0,107.0,132.0,99.5,0.03569351481851477,3,1
random,200,47,147,136.0,166.0,164.0,164.0,166.0,166.0,148.0,99.5,0.03569351481851477,3,1
random,200,47,148,163.0,147.0,179.0,181.0,157.0,157.0,181.0,99.5,0.03569351481851477,3,1
random,200,47,149,184.0,180.0,185.0,184.0,183.0,183.0,191.0,99.5,0.03569351481851477,3,1
random,200,47,150,107.0,121.0,120.0,122.0,124.0,124.0,116.0,99.5,0.03569351481851477,3,1
random,200,47,151,136.0,128.0,155.0,154.0,131.0,131.0,161.0,99.5,0.03569351481851477,3,1
random,200,47,152,2.0,2.0,2.0,3.0,2.0,2.0,2.0,99.5,0.03569351481851477,3,1
random,200,47,153,107.0,180.0,106.0,104.0,172.0,172.0,109.0,99.5,0.03569351481851477,3,1
random,200,47,154,58.0,43.0,60.0,59.0,52.0,52.0,77.0,99.5,0.03569351481851477,3,1
random,200,47,155,107.0,139.0,103.0,102.0,137.0,137.0,110.0,99.5,0.03569351481851477,3,1
random,200,47,156,58.0,61.0,55.0,51.0,57.0,57.0,72.0,99.5,0.03569351481851477,3,1
random,200,47,157,107.0,104.0,129.0,128.0,108.0,108.0,126.0,99.5,0.03569351481851477,3,1
random,200,47,158,58.0,97.0,71.0,70.0,89.0,89.0,66.0,99.5,0.03569351481851477,3,1
random,200,47,159,107.0,97.0,95.0,94.0,99.0,99.0,112.0,99.5,0.03569351481851477,3,1
random,200,47,160,23.0,17.0,28.0,26.0,22.0,22.0,31.0,99.5,0.03569351481851477,3,1
random,200,47,161,58.0,89.0,77.0,74.0,85.0,85.0,71.0,99.5,0.03569351481851477,3,1
random,200,47,162,163.0,143.0,184.0,185.0,146.0,146.0,183.0,99.5,0.03569351481851477,3,1
random,200,47,163,107.0,155.0,126.0,125.0,147.0,147.0,111.0,99.5,0.03569351481851477,3,1
random,200,47,164,58.0,80.0,39.0,39.0,81.0,81.0,58.0,99.5,0.03569351481851477,3,1
random,200,47,165,58.0,55.0,68.0,68.0,63.0,63.0,74.0,99.5,0.03569351481851477,3,1
random,200,47,166,23.0,21.0,29.0,29.0,24.0,24.0,30.0,99.5,0.03569351481851477,3,1
random,200,47,167,136.0,166.0,132.0,130.0,164.0,164.0,137.0,99.5,0.03569351481851477,3,1
random,200,47,168,7.0,11.0,13.0,14.0,10.0,10.0,12.0,99.5,0.03569351481851477,3,1
random,200,47,169,136.0,160.0,151.0,147.0,152.0,152.0,147.0,99.5,0.03569351481851477,3,1
random,200,47,170,107.0,113.0,127.0,127.0,114.0,114.0,125.0,99.5,0.03569351481851477,3,1
random,200,47,171,136.0,154.0,154.0,151.0,156.0,156.0,145.0,99.5,0.03569351481851477,3,1
random,200,47,172,58.0,95.0,47.0,46.0,94.0,94.0,60.0,99.5,0.03569351481851477,3,1
random,200,47,173,136.0,135.0,145.0,142.0,138.0,138.0,158.0,99.5,0.03569351481851477,3,1
random,200,47,174,136.0,163.0,150.0,152.0,158.0,158.0,150.0,99.5,0.03569351481851477,3,1
random,200,47,175,13.0,12.0,12.0,11.0,13.0,13.0,16.0,99.5,0.03569351481851477,3,1
random,200,47,176,86.0,55.0,130.0,132.0,67.0,67.0,106.0,99.5,0.03569351481851477,3,1
random,200,47,177,58.0,64.0,81.0,81.0,71.0,71.0,76.0,99.5,0.03569351481851477,3,1
random,200,47,178,107.0,118.0,117.0,118.0,116.0,116.0,118.0,99.5,0.03569351481851477,3,1
random,200,47,179,136.0,139.0,133.0,134.0,141.0,141.0,149.0,99.5,0.03569351481851477,3,1
random,200,47,180,136.0,155.0,170.0,170.0,155.0,155.0,160.0,99.5,0.03569351481851477,3,1
random,200,47,181,58.0,116.0,72.0,71.0,111.0,111.0,59.0,99.5,0.03569351481851477,3,1
random,200,47,182,107.0,92.0,119.0,123.0,98.0,98.0,130.0,99.5,0.03569351481851477,3,1
random,200,47,183,37.0,28.0,64.0,62.0,30.0,30.0,57.0,99.5,0.03569351481851477,3,1
random,200,47,184,136.0,133.0,148.0,146.0,140.0,140.0,154.0,99.5,0.03569351481851477,3,1
random,200,47,185,13.0,5.0,20.0,20.0,6.0,6.0,22.0,99.5,0.03569351481851477,3,1
random,200,47,186,37.0,67.0,69.0,66.0,61.0,61.0,46.0,99.5,0.03569351481851477,3,1
random,200,47,187,37.0,37.0,40.0,40.0,37.0,37.0,50.0,99.5,0.03569351481851477,3,1
random,200,47,188,163.0,169.0,171.0,175.0,168.0,168.0,180.0,99.5,0.03569351481851477,3,1
random,200,47,189,1.0,1.0,1.0,1.0,1.0,1.0,1.0,99.5,0.03569351481851477,3,1
random,200,47,190,136.0,135.0,139.0,140.0,138.0,138.0,152.0,99.5,0.03569351481851477,3,1
random,200,47,191,37.0,76.0,58.0,52.0,73.0,73.0,40.0,99.5,0.03569351481851477,3,1
random,200,47,192,86.0,84.0,100.0,101.0,87.0,87.0,102.0,99.5,0.03569351481851477,3,1
random,200,47,193,86.0,88.0,76.0,75.0,88.0,88.0,92.0,99.5,0.03569351481851477,3,1
random,200,47,194,196.0,196.0,198.0,198.0,196.0,196.0,198.0,99.5,0.03569351481851477,3,1
random,200,47,195,184.0,187.0,181.0,179.0,187.0,187.0,184.0,99.5,0.03569351481851477,3,1
random,200,47,196,23.0,43.0,33.0,33.0,41.0,41.0,25.0,99.5,0.03569351481851477,3,1
random,200,47,197,136.0,137.0,143.0,150.0,136.0,136.0,156.0,99.5,0.03569351481851477,3,1
random,200,47,198,163.0,147.0,166.0,166.0,153.0,153.0,178.0,99.5,0.03569351481851477,3,1
random,200,47,199,37.0,61.0,52.0,53.0,53.0,53.0,47.0,99.5,0.03569351481851477,3,1
random,200,48,0,136.0,128.0,143.0,143.0,132.0,132.0,151.0,99.5,0.038491133866133835,4,1
random,200,48,1,85.0,78.0,86.0,91.0,80.0,80.0,104.0,99.5,0.038491133866133835,4,1
random,200,48,2,85.0,129.0,77.0,76.0,128.0,128.0,87.0,99.5,0.038491133866133835,4,1
random,200,48,3,192.0,197.0,192.0,192.0,197.0,197.0,196.0,99.5,0.038491133866133835,4,1
random,200,48,4,56.0,107.0,48.0,47.0,101.0,101.0,56.0,99.5,0.038491133866133835,4,1
random,200,48,5,168.0,169.0,177.0,175.0,170.0,170.0,174.0,99.5,0.038491133866133835,4,1
random,200,48,6,118.0,123.0,146.0,146.0,124.0,124.0,134.0,99.5,0.038491133866133835,4,1
random,200,48,7,37.0,32.0,62.0,63.0,34.0,34.0,52.0,99.5,0.038491133866133835,4,1
random,200,48,8,85.0,94.0,92.0,88.0,97.0,97.0,96.0,99.5,0.038491133866133835,4,1
random,200,48,9,37.0,68.0,54.0,55.0,62.0,62.0,45.0,99.5,0.038491133866133835,4,1
random,200,48,10,136.0,161.0,159.0,156.0,162.0,162.0,145.0,99.5,0.038491133866133835,4,1
random,200,48,11,56.0,98.0,71.0,73.0,88.0,88.0,66.0,99.5,0.038491133866133835,4,1
random,200,48,12,136.0,167.0,164.0,165.0,168.0,168.0,148.0,99.5,0.038491133866133835,4,1
random,200,48,13,56.0,66.0,47.0,44.0,68.0,68.0,60.0,99.5,0.038491133866133835,4,1
random,200,48,14,56.0,29.0,83.0,82.0,37.0,37.0,79.0,99.5,0.038491133866133835,4,1
random,200,48,15,85.0,42.0,106.0,106.0,58.0,58.0,116.0,99.5,0.038491133866133835,4,1
random,200,48,16,136.0,140.0,128.0,127.0,144.0,144.0,142.0,99.5,0.038491133866133835,4,1
random,200,48,17,18.0,23.0,36.0,36.0,26.0,26.0,30.0,99.5,0.038491133866133835,4,1
random,200,48,18,18.0,70.0,29.0,30.0,57.0,57.0,21.0,99.5,0.038491133866133835,4,1
random,200,48,19,18.0,55.0,15.0,15.0,38.0,38.0,18.0,99.5,0.038491133866133835,4,1
random,200,48,20,178.0,188.0,184.0,186.0,188.0,188.0,183.0,99.5,0.038491133866133835,4,1
random,200,48,21,85.0,117.0,72.0,72.0,115.0,115.0,86.0,99.5,0.038491133866133835,4,1
random,200,48,22,37.0,56.0,63.0,68.0,54.0,54.0,46.0,99.5,0.038491133866133835,4,1
random,200,48,23,192.0,195.0,194.0,193.0,195.0,195.0,198.0,99.5,0.038491133866133835,4,1
random,200,48,24,136.0,124.0,145.0,145.0,133.0,133.0,156.0,99.5,0.038491133866133835,4,1
random,200,48,25,18.0,32.0,27.0,31.0,31.0,31.0,28.0,99.5,0.038491133866133835,4,1
random,200,48,26,37.0,77.0,41.0,42.0,67.0,67.0,40.0,99.5,0.038491133866133835,4,1
random,200,48,27,3.0,5.0,6.0,7.0,4.0,4.0,5.0,99.5,0.038491133866133835,4,1
random,200,48,28,136.0,162.0,134.0,135.0,161.0,161.0,140.0,99.5,0.038491133866133835,4,1
random,200,48,29,118.0,162.0,135.0,137.0,159.0,159.0,119.0,99.5,0.038491133866133835,4,1
random,200,48,30,136.0,151.0,172.0,172.0,150.0,150.0,166.0,99.5,0.038491133866133835,4,1
random,200,48,31,85.0,68.0,93.0,94.0,77.0,77.0,106.0,99.5,0.038491133866133835,4,1
random,200,48,32,85.0,137.0,129.0,129.0,131.0,131.0,103.0,99.5,0.038491133866133835,4,1
random,200,48,33,18.0,23.0,22.0,22.0,23.0,23.0,23.0,99.5,0.038491133866133835,4,1
random,200,48,34,85.0,42.0,97.0,96.0,61.0,61.0,115.0,99.5,0.038491133866133835,4,1
random,200,48,35,118.0,91.0,127.0,131.0,104.0,104.0,132.0,99.5,0.038491133866133835,4,1
random,200,48,36,118.0,117.0,140.0,139.0,127.0,127.0,127.0,99.5,0.038491133866133835,4,1
random,200,48,37,18.0,46.0,39.0,40.0,40.0,40.0,33.0,99.5,0.038491133866133835,4,1
random,200,48,38,18.0,16.0,34.0,34.0,19.0,19.0,34.0,99.5,0.038491133866133835,4,1
random,200,48,39,18.0,23.0,24.0,24.0,23.0,23.0,31.0,99.5,0.038491133866133835,4,1
random,200,48,40,56.0,72.0,75.0,78.0,71.0,71.0,73.0,99.5,0.038491133866133835,4,1
random,200,48,41,85.0,132.0,111.0,110.0,121.0,121.0,97.0,99.5,0.038491133866133835,4,1
random,200,48,42,85.0,116.0,133.0,133.0,114.0,114.0,111.0,99.5,0.038491133866133835,4,1
random,200,48,43,13.0,17.0,9.0,9.0,15.0,15.0,14.0,99.5,0.038491133866133835,4,1
random,200,48,44,168.0,175.0,169.0,168.0,176.0,176.0,170.0,99.5,0.038491133866133835,4,1
random,200,48,45,118.0,134.0,117.0,114.0,136.0,136.0,118.0,99.5,0.038491133866133835,4,1
random,200,48,46,136.0,167.0,130.0,128.0,169.0,169.0,137.0,99.5,0.038491133866133835,4,1
random,200,48,47,178.0,189.0,185.0,184.0,189.0,189.0,182.0,99.5,0.038491133866133835,4,1
random,200,48,48,37.0,46.0,53.0,53.0,42.0,42.0,48.0,99.5,0.038491133866133835,4,1
random,200,48,49,13.0,32.0,16.0,16.0,27.0,27.0,13.0,99.5,0.038491133866133835,4,1
random,200,48,50,37.0,10.0,46.0,48.0,16.0,16.0,54.0,99.5,0.038491133866133835,4,1
random,200,48,51,18.0,21.0,26.0,26.0,23.0,23.0,27.0,99.5,0.038491133866133835,4,1
random,200,48,52,136.0,155.0,163.0,164.0,153.0,153.0,158.0,99.5,0.038491133866133835,4,1
random,200,48,53,56.0,58.0,40.0,38.0,62.0,62.0,59.0,99.5,0.038491133866133835,4,1
random,200,48,54,37.0,66.0,35.0,35.0,59.0,59.0,39.0,99.5,0.038491133866133835,4,1
random,200,48,55,56.0,58.0,91.0,95.0,62.0,62.0,82.0,99.5,0.038491133866133835,4,1
random,200,48,56,136.0,157.0,160.0,160.0,158.0,158.0,157.0,99.5,0.038491133866133835,4,1
random,200,48,57,7.0,7.0,12.0,12.0,8.0,8.0,9.0,99.5,0.038491133866133835,4,1
random,200,48,58,136.0,169.0,155.0,155.0,167.0,167.0,146.0,99.5,0.038491133866133835,4,1
random,200,48,59,85.0,120.0,94.0,92.0,118.0,118.0,91.0,99.5,0.038491133866133835,4,1
random,200,48,60,18.0,26.0,42.0,41.0,22.0,22.0,37.0,99.5,0.038491133866133835,4,1
random,200,48,61,85.0,58.0,82.0,83.0,70.0,70.0,107.0,99.5,0.038491133866133835,4,1
random,200,48,62,168.0,150.0,171.0,171.0,152.0,152.0,176.0,99.5,0.038491133866133835,4,1
random,200,48,63,118.0,120.0,139.0,140.0,123.0,123.0,126.0,99.5,0.038491133866133835,4,1
random,200,48,64,178.0,193.0,179.0,178.0,191.0,191.0,178.0,99.5,0.038491133866133835,4,1
random,200,48,65,136.0,155.0,124.0,124.0,154.0,154.0,141.0,99.5,0.038491133866133835,4,1
random,200,48,66,85.0,87.0,84.0,80.0,87.0,87.0,101.0,99.5,0.038491133866133835,4,1
random,200,48,67,118.0,112.0,114.0,115.0,116.0,116.0,121.0,99.5,0.038491133866133835,4,1
random,200,48,68,56.0,64.0,96.0,103.0,59.0,59.0,84.0,99.5,0.038491133866133835,4,1
random,200,48,69,118.0,124.0,154.0,154.0,126.0,126.0,133.0,99.5,0.038491133866133835,4,1
random,200,48,70,136.0,176.0,126.0,126.0,173.0,173.0,136.0,99.5,0.038491133866133835,4,1
random,200,48,71,37.0,42.0,60.0,62.0,44.0,44.0,49.0,99.5,0.038491133866133835,4,1
random,200,48,72,56.0,30.0,70.0,70.0,39.0,39.0,80.0,99.5,0.038491133866133835,4,1
random,200,48,73,118.0,104.0,121.0,122.0,110.0,110.0,122.0,99.5,0.038491133866133835,4,1
random,200,48,74,18.0,46.0,33.0,33.0,41.0,41.0,25.0,99.5,0.038491133866133835,4,1
random,200,48,75,178.0,190.0,187.0,188.0,190.0,190.0,179.0,99.5,0.038491133866133835,4,1
random,200,48,76,56.0,58.0,57.0,54.0,62.0,62.0,64.0,99.5,0.038491133866133835,4,1
random,200,48,77,56.0,39.0,99.0,97.0,43.0,43.0,83.0,99.5,0.038491133866133835,4,1
random,200,48,78,118.0,113.0,141.0,142.0,120.0,120.0,131.0,99.5,0.038491133866133835,4,1
random,200,48,79,85.0,84.0,73.0,71.0,91.0,91.0,100.0,99.5,0.038491133866133835,4,1
random,200,48,80,3.0,8.0,5.0,5.0,5.0,5.0,4.0,99.5,0.038491133866133835,4,1
random,200,48,81,192.0,193.0,197.0,197.0,194.0,194.0,199.0,99.5,0.038491133866133835,4,1
random,200,48,82,13.0,14.0,17.0,19.0,12.0,12.0,16.0,99.5,0.038491133866133835,4,1
random,200,48,83,7.0,6.0,10.0,10.0,7.0,7.0,11.0,99.5,0.038491133866133835,4,1
random,200,48,84,168.0,171.0,176.0,177.0,171.0,171.0,172.0,99.5,0.038491133866133835,4,1
random,200,48,85,56.0,46.0,81.0,85.0,52.0,52.0,81.0,99.5,0.038491133866133835,4,1
random,200,48,86,18.0,10.0,18.0,18.0,13.0,13.0,29.0,99.5,0.038491133866133835,4,1
random,200,48,87,7.0,18.0,3.0,3.0,14.0,14.0,7.0,99.5,0.038491133866133835,4,1
random,200,48,88,37.0,26.0,88.0,90.0,28.0,28.0,55.0,99.5,0.038491133866133835,4,1
random,200,48,89,85.0,72.0,113.0,113.0,73.0,73.0,117.0,99.5,0.038491133866133835,4,1
random,200,48,90,136.0,142.0,131.0,130.0,143.0,143.0,143.0,99.5,0.038491133866133835,4,1
random,200,48,91,85.0,94.0,98.0,102.0,95.0,95.0,108.0,99.5,0.038491133866133835,4,1
random,200,48,92,136.0,134.0,153.0,152.0,139.0,139.0,163.0,99.5,0.038491133866133835,4,1
random,200,48,93,136.0,129.0,157.0,158.0,135.0,135.0,161.0,99.5,0.038491133866133835,4,1
random,200,48,94,18.0,64.0,28.0,27.0,49.0,49.0,24.0,99.5,0.038491133866133835,4,1
random,200,48,95,136.0,137.0,162.0,162.0,142.0,142.0,164.0,99.5,0.038491133866133835,4,1
random,200,48,96,85.0,58.0,107.0,107.0,69.0,69.0,114.0,99.5,0.038491133866133835,4,1
random,200,48,97,192.0,199.0,198.0,198.0,199.0,199.0,194.0,99.5,0.038491133866133835,4,1
random,200,48,98,18.0,32.0,21.0,20.0,29.0,29.0,26.0,99.5,0.038491133866133835,4,1
random,200,48,99,18.0,54.0,30.0,28.0,47.0,47.0,22.0,99.5,0.038491133866133835,4,1
random,200,48,100,85.0,104.0,52.0,49.0,102.0,102.0,89.0,99.5,0.038491133866133835,4,1
random,200,48,101,85.0,72.0,102.0,105.0,80.0,80.0,110.0,99.5,0.038491133866133835,4,1
random,200,48,102,136.0,132.0,149.0,150.0,137.0,137.0,159.0,99.5,0.038491133866133835,4,1
random,200,48,103,37.0,30.0,50.0,52.0,33.0,33.0,50.0,99.5,0.038491133866133835,4,1
random,200,48,104,136.0,137.0,142.0,141.0,140.0,140.0,154.0,99.5,0.038491133866133835,4,1
random,200,48,105,56.0,42.0,58.0,58.0,55.0,55.0,78.0,99.5,0.038491133866133835,4,1
random,200,48,106,168.0,151.0,180.0,181.0,154.0,154.0,177.0,99.5,0.038491133866133835,4,1
random,200,48,107,1.0,1.0,1.0,1.0,1.0,1.0,1.0,99.5,0.038491133866133835,4,1
random,200,48,108,85.0,91.0,109.0,109.0,92.0,92.0,105.0,99.5,0.038491133866133835,4,1
random,200,48,109,37.0,38.0,56.0,56.0,35.0,35.0,51.0,99.5,0.038491133866133835,4,1
random,200,48,110,136.0,153.0,147.0,148.0,149.0,149.0,147.0,99.5,0.038491133866133835,4,1
random,200,48,111,3.0,13.0,4.0,4.0,10.0,10.0,3.0,99.5,0.038491133866133835,4,1
random,200,48,112,168.0,144.0,156.0,157.0,151.0,151.0,173.0,99.5,0.038491133866133835,4,1
random,200,48,113,85.0,104.0,80.0,81.0,106.0,106.0,92.0,99.5,0.038491133866133835,4,1
random,200,48,114,7.0,21.0,7.0,6.0,20.0,20.0,8.0,99.5,0.038491133866133835,4,1
random,200,48,115,136.0,144.0,168.0,169.0,146.0,146.0,167.0,99.5,0.038491133866133835,4,1
random,200,48,116,85.0,94.0,108.0,108.0,96.0,96.0,109.0,99.5,0.038491133866133835,4,1
random,200,48,117,118.0,91.0,122.0,120.0,100.0,100.0,135.0,99.5,0.038491133866133835,4,1
random,200,48,118,56.0,70.0,87.0,86.0,73.0,73.0,77.0,99.5,0.038491133866133835,4,1
random,200,48,119,85.0,94.0,123.0,123.0,94.0,94.0,112.0,99.5,0.038491133866133835,4,1
random,200,48,120,85.0,90.0,76.0,74.0,97.0,97.0,95.0,99.5,0.038491133866133835,4,1
random,200,48,121,136.0,153.0,158.0,159.0,157.0,157.0,152.0,99.5,0.038491133866133835,4,1
random,200,48,122,178.0,160.0,196.0,196.0,166.0,166.0,191.0,99.5,0.038491133866133835,4,1
random,200,48,123,168.0,174.0,167.0,167.0,175.0,175.0,171.0,99.5,0.038491133866133835,4,1
random,200,48,124,56.0,87.0,74.0,77.0,85.0,85.0,62.0,99.5,0.038491133866133835,4,1
random,200,48,125,85.0,87.0,105.0,99.0,92.0,92.0,98.0,99.5,0.038491133866133835,4,1
random,200,48,126,85.0,113.0,112.0,112.0,112.0,112.0,102.0,99.5,0.038491133866133835,4,1
random,200,48,127,18.0,15.0,32.0,32.0,18.0,18.0,32.0,99.5,0.038491133866133835,4,1
random,200,48,128,56.0,78.0,51.0,51.0,80.0,80.0,58.0,99.5,0.038491133866133835,4,1
random,200,48,129,136.0,164.0,175.0,176.0,163.0,163.0,165.0,99.5,0.038491133866133835,4,1
random,200,48,130,13.0,12.0,25.0,25.0,11.0,11.0,17.0,99.5,0.038491133866133835,4,1
random,200,48,131,56.0,81.0,78.0,75.0,78.0,78.0,67.0,99.5,0.038491133866133835,4,1
random,200,48,132,56.0,72.0,95.0,93.0,73.0,73.0,75.0,99.5,0.038491133866133835,4,1
random,200,48,133,3.0,3.0,8.0,8.0,3.0,3.0,6.0,99.5,0.038491133866133835,4,1
random,200,48,134,178.0,176.0,190.0,191.0,178.0,178.0,188.0,99.5,0.038491133866133835,4,1
random,200,48,135,136.0,178.0,138.0,132.0,174.0,174.0,138.0,99.5,0.038491133866133835,4,1
random,200,48,136,37.0,46.0,37.0,37.0,52.0,52.0,42.0,99.5,0.038491133866133835,4,1
random,200,48,137,118.0,101.0,115.0,116.0,108.0,108.0,125.0,99.5,0.038491133866133835,4,1
random,200,48,138,37.0,26.0,55.0,59.0,30.0,30.0,53.0,99.5,0.038491133866133835,4,1
random,200,48,139,18.0,32.0,13.0,13.0,32.0,32.0,19.0,99.5,0.038491133866133835,4,1
random,200,48,140,118.0,107.0,120.0,119.0,109.0,109.0,130.0,99.5,0.038491133866133835,4,1
random,200,48,141,178.0,186.0,174.0,174.0,185.0,185.0,181.0,99.5,0.038491133866133835,4,1
random,200,48,142,85.0,148.0,79.0,79.0,134.0,134.0,85.0,99.5,0.038491133866133835,4,1
random,200,48,143,56.0,98.0,90.0,87.0,88.0,88.0,71.0,99.5,0.038491133866133835,4,1
random,200,48,144,7.0,4.0,14.0,14.0,6.0,6.0,12.0,99.5,0.038491133866133835,4,1
random,200,48,145,192.0,200.0,191.0,190.0,200.0,200.0,192.0,99.5,0.038491133866133835,4,1
random,200,48,146,37.0,81.0,20.0,17.0,71.0,71.0,36.0,99.5,0.038491133866133835,4,1
random,200,48,147,136.0,142.0,116.0,117.0,145.0,145.0,139.0,99.5,0.038491133866133835,4,1
random,200,48,148,85.0,136.0,103.0,101.0,125.0,125.0,93.0,99.5,0.038491133866133835,4,1
random,200,48,149,2.0,1.0,2.0,2.0,2.0,2.0,2.0,99.5,0.038491133866133835,4,1
random,200,48,150,192.0,196.0,200.0,199.0,196.0,196.0,195.0,99.5,0.038491133866133835,4,1
random,200,48,151,56.0,84.0,68.0,66.0,83.0,83.0,69.0,99.5,0.038491133866133835,4,1
random,200,48,152,168.0,183.0,165.0,163.0,181.0,181.0,169.0,99.5,0.038491133866133835,4,1
random,200,48,153,56.0,40.0,44.0,46.0,51.0,51.0,72.0,99.5,0.038491133866133835,4,1
random,200,48,154,37.0,46.0,45.0,43.0,48.0,48.0,43.0,99.5,0.038491133866133835,4,1
random,200,48,155,85.0,124.0,67.0,65.0,119.0,119.0,88.0,99.5,0.038491133866133835,4,1
random,200,48,156,136.0,165.0,161.0,161.0,164.0,164.0,153.0,99.5,0.038491133866133835,4,1
random,200,48,157,85.0,120.0,85.0,84.0,117.0,117.0,90.0,99.5,0.038491133866133835,4,1
random,200,48,158,118.0,129.0,132.0,136.0,130.0,130.0,124.0,99.5,0.038491133866133835,4,1
random,200,48,159,85.0,72.0,118.0,118.0,84.0,84.0,113.0,99.5,0.038491133866133835,4,1
random,200,48,160,178.0,184.0,182.0,182.0,184.0,184.0,185.0,99.5,0.038491133866133835,4,1
random,200,48,161,85.0,124.0,110.0,111.0,122.0,122.0,94.0,99.5,0.038491133866133835,4,1
random,200,48,162,56.0,110.0,101.0,104.0,105.0,105.0,68.0,99.5,0.038491133866133835,4,1
random,200,48,163,18.0,20.0,38.0,39.0,21.0,21.0,35.0,99.5,0.038491133866133835,4,1
random,200,48,164,37.0,32.0,31.0,29.0,35.0,35.0,41.0,99.5,0.038491133866133835,4,1
random,200,48,165,178.0,184.0,189.0,187.0,185.0,185.0,180.0,99.5,0.038491133866133835,4,1
random,200,48,166,37.0,46.0,59.0,61.0,44.0,44.0,47.0,99.5,0.038491133866133835,4,1
random,200,48,167,136.0,159.0,170.0,170.0,159.0,159.0,162.0,99.5,0.038491133866133835,4,1
random,200,48,168,178.0,182.0,186.0,185.0,181.0,181.0,189.0,99.5,0.038491133866133835,4,1
random,200,48,169,178.0,186.0,193.0,195.0,187.0,187.0,186.0,99.5,0.038491133866133835,4,1
random,200,48,170,178.0,171.0,181.0,180.0,177.0,177.0,190.0,99.5,0.038491133866133835,4,1
random,200,48,171,118.0,110.0,119.0,121.0,112.0,112.0,120.0,99.5,0.038491133866133835,4,1
random,200,48,172,168.0,171.0,178.0,179.0,172.0,172.0,175.0,99.5,0.038491133866133835,4,1
random,200,48,173,37.0,117.0,65.0,69.0,107.0,107.0,38.0,99.5,0.038491133866133835,4,1
random,200,48,174,192.0,191.0,195.0,194.0,192.0,192.0,200.0,99.5,0.038491133866133835,4,1
random,200,48,175,56.0,84.0,64.0,64.0,86.0,86.0,63.0,99.5,0.038491133866133835,4,1
random,200,48,176,56.0,46.0,43.0,45.0,56.0,56.0,61.0,99.5,0.038491133866133835,4,1
random,200,48,177,13.0,18.0,23.0,23.0,17.0,17.0,15.0,99.5,0.038491133866133835,4,1
random,200,48,178,118.0,140.0,144.0,144.0,138.0,138.0,128.0,99.5,0.038491133866133835,4,1
random,200,48,179,136.0,144.0,151.0,151.0,146.0,146.0,160.0,99.5,0.038491133866133835,4,1
random,200,48,180,136.0,113.0,137.0,134.0,129.0,129.0,155.0,99.5,0.038491133866133835,4,1
random,200,48,181,118.0,109.0,125.0,125.0,111.0,111.0,129.0,99.5,0.038491133866133835,4,1
random,200,48,182,178.0,180.0,188.0,189.0,183.0,183.0,184.0,99.5,0.038491133866133835,4,1
random,200,48,183,56.0,58.0,66.0,60.0,62.0,62.0,70.0,99.5,0.038491133866133835,4,1
random,200,48,184,56.0,98.0,61.0,57.0,88.0,88.0,57.0,99.5,0.038491133866133835,4,1
random,200,48,185,136.0,158.0,152.0,153.0,156.0,156.0,150.0,99.5,0.038491133866133835,4,1
random,200,48,186,178.0,180.0,183.0,183.0,180.0,180.0,187.0,99.5,0.038491133866133835,4,1
random,200,48,187,56.0,78.0,69.0,67.0,76.0,76.0,74.0,99.5,0.038491133866133835,4,1
random,200,48,188,18.0,56.0,19.0,21.0,50.0,50.0,20.0,99.5,0.038491133866133835,4,1
random,200,48,189,136.0,144.0,148.0,147.0,148.0,148.0,149.0,99.5,0.038491133866133835,4,1
random,200,48,190,192.0,198.0,199.0,200.0,198.0,198.0,197.0,99.5,0.038491133866133835,4,1
random,200,48,191,118.0,148.0,136.0,138.0,141.0,141.0,123.0,99.5,0.038491133866133835,4,1
random,200,48,192,56.0,103.0,100.0,100.0,99.0,99.0,65.0,99.5,0.038491133866133835,4,1
random,200,48,193,7.0,9.0,11.0,11.0,9.0,9.0,10.0,99.5,0.038491133866133835,4,1
random,200,48,194,136.0,165.0,150.0,149.0,165.0,165.0,144.0,99.5,0.038491133866133835,4,1
random,200,48,195,85.0,101.0,104.0,98.0,102.0,102.0,99.0,99.5,0.038491133866133835,4,1
random,200,48,196,192.0,192.0,173.0,173.0,193.0,193.0,193.0,99.5,0.038491133866133835,4,1
random,200,48,197,56.0,81.0,89.0,89.0,78.0,78.0,76.0,99.5,0.038491133866133835,4,1
random,200,48,198,37.0,41.0,49.0,50.0,44.0,44.0,44.0,99.5,0.038491133866133835,4,1
random,200,48,199,168.0,179.0,166.0,166.0,179.0,179.0,168.0,99.5,0.038491133866133835,4,1
