random,200,7,0,81.0,83.0,112.0,114.0,90.0,90.0,109.0,99.5,0.03717791930291929,3,2
random,200,7,1,110.0,98.0,119.0,120.0,98.0,98.0,129.0,99.5,0.03717791930291929,3,2
random,200,7,2,81.0,82.0,105.0,108.0,83.0,83.0,107.0,99.5,0.03717791930291929,3,2
random,200,7,3,110.0,90.0,124.0,124.0,101.0,101.0,125.0,99.5,0.03717791930291929,3,2
random,200,7,4,172.0,159.0,163.0,161.0,160.0,160.0,177.0,99.5,0.03717791930291929,3,2
random,200,7,5,110.0,113.0,122.0,121.0,116.0,116.0,122.0,99.5,0.03717791930291929,3,2
random,200,7,6,31.0,83.0,23.0,22.0,74.0,74.0,32.0,99.5,0.03717791930291929,3,2
random,200,7,7,31.0,42.0,69.0,73.0,39.0,39.0,56.0,99.5,0.03717791930291929,3,2
random,200,7,8,81.0,76.0,84.0,82.0,79.0,79.0,105.0,99.5,0.03717791930291929,3,2
random,200,7,9,31.0,13.0,75.0,79.0,17.0,17.0,60.0,99.5,0.03717791930291929,3,2
random,200,7,10,110.0,122.0,120.0,119.0,124.0,124.0,120.0,99.5,0.03717791930291929,3,2
random,200,7,11,110.0,146.0,96.0,91.0,144.0,144.0,110.0,99.5,0.03717791930291929,3,2
random,200,7,12,11.0,10.0,28.0,33.0,11.0,11.0,15.0,99.5,0.03717791930291929,3,2
random,200,7,13,172.0,187.0,180.0,182.0,187.0,187.0,176.0,99.5,0.03717791930291929,3,2
random,200,7,14,136.0,131.0,135.0,132.0,136.0,136.0,154.0,99.5,0.03717791930291929,3,2
random,200,7,15,189.0,192.0,184.0,184.0,193.0,193.0,193.0,99.5,0.03717791930291929,3,2
random,200,7,16,31.0,51.0,58.0,60.0,49.0,49.0,50.0,99.5,0.03717791930291929,3,2
random,200,7,17,81.0,79.0,71.0,71.0,80.0,80.0,100.0,99.5,0.03717791930291929,3,2
random,200,7,18,110.0,98.0,133.0,135.0,102.0,102.0,131.0,99.5,0.03717791930291929,3,2
random,200,7,19,189.0,191.0,188.0,188.0,191.0,191.0,194.0,99.5,0.03717791930291929,3,2
random,200,7,20,136.0,151.0,160.0,160.0,150.0,150.0,165.0,99.5,0.03717791930291929,3,2
random,200,7,21,62.0,88.0,70.0,69.0,88.0,88.0,62.0,99.5,0.03717791930291929,3,2
random,200,7,22,172.0,173.0,171.0,170.0,176.0,176.0,180.0,99.5,0.03717791930291929,3,2
random,200,7,23,62.0,73.0,68.0,68.0,71.0,71.0,70.0,99.5,0.03717791930291929,3,2
random,200,7,24,136.0,171.0,138.0,137.0,173.0,173.0,137.0,99.5,0.03717791930291929,3,2
random,200,7,25,31.0,98.0,21.0,21.0,89.0,89.0,31.0,99.5,0.03717791930291929,3,2
random,200,7,26,31.0,46.0,35.0,34.0,47.0,47.0,40.0,99.5,0.03717791930291929,3,2
random,200,7,27,31.0,46.0,64.0,67.0,45.0,45.0,46.0,99.5,0.03717791930291929,3,2
random,200,7,28,31.0,54.0,49.0,48.0,57.0,57.0,42.0,99.5,0.03717791930291929,3,2
random,200,7,29,62.0,62.0,73.0,74.0,63.0,63.0,73.0,99.5,0.03717791930291929,3,2
random,200,7,30,11.0,5.0,19.0,20.0,7.0,7.0,14.0,99.5,0.03717791930291929,3,2
random,200,7,31,62.0,29.0,60.0,56.0,37.0,37.0,77.0,99.5,0.03717791930291929,3,2
random,200,7,32,136.0,168.0,165.0,165.0,159.0,159.0,163.0,99.5,0.03717791930291929,3,2
random,200,7,33,189.0,185.0,182.0,181.0,190.0,190.0,191.0,99.5,0.03717791930291929,3,2
random,200,7,34,81.0,76.0,95.0,97.0,86.0,86.0,99.0,99.5,0.03717791930291929,3,2
random,200,7,35,4.0,16.0,9.0,8.0,12.0,12.0,4.0,99.5,0.03717791930291929,3,2
random,200,7,36,110.0,111.0,109.0,104.0,119.0,119.0,119.0,99.5,0.03717791930291929,3,2
random,200,7,37,31.0,36.0,43.0,41.0,36.0,36.0,52.0,99.5,0.03717791930291929,3,2
random,200,7,38,81.0,71.0,77.0,78.0,76.0,76.0,102.0,99.5,0.03717791930291929,3,2
random,200,7,39,16.0,60.0,20.0,18.0,55.0,55.0,16.0,99.5,0.03717791930291929,3,2
random,200,7,40,81.0,92.0,93.0,92.0,95.0,95.0,94.0,99.5,0.03717791930291929,3,2
random,200,7,41,136.0,173.0,176.0,176.0,171.0,171.0,164.0,99.5,0.03717791930291929,3,2
random,200,7,42,110.0,54.0,126.0,130.0,70.0,70.0,135.0,99.5,0.03717791930291929,3,2
random,200,7,43,110.0,101.0,151.0,151.0,100.0,100.0,133.0,99.5,0.03717791930291929,3,2
random,200,7,44,136.0,94.0,153.0,157.0,103.0,103.0,170.0,99.5,0.03717791930291929,3,2
random,200,7,45,16.0,23.0,14.0,14.0,21.0,21.0,18.0,99.5,0.03717791930291929,3,2
random,200,7,46,136.0,134.0,142.0,141.0,142.0,142.0,158.0,99.5,0.03717791930291929,3,2
random,200,7,47,110.0,76.0,110.0,112.0,86.0,86.0,127.0,99.5,0.03717791930291929,3,2
random,200,7,48,11.0,9.0,17.0,19.0,10.0,10.0,13.0,99.5,0.03717791930291929,3,2
random,200,7,49,110.0,122.0,123.0,122.0,123.0,123.0,121.0,99.5,0.03717791930291929,3,2
random,200,7,50,4.0,8.0,6.0,6.0,8.0,8.0,5.0,99.5,0.03717791930291929,3,2
random,200,7,51,31.0,53.0,88.0,93.0,54.0,54.0,59.0,99.5,0.03717791930291929,3,2
random,200,7,52,136.0,166.0,164.0,164.0,163.0,163.0,148.0,99.5,0.03717791930291929,3,2
random,200,7,53,136.0,126.0,161.0,163.0,129.0,129.0,169.0,99.5,0.03717791930291929,3,2
random,200,7,54,189.0,195.0,191.0,191.0,194.0,194.0,192.0,99.5,0.03717791930291929,3,2
random,200,7,55,31.0,68.0,52.0,50.0,61.0,61.0,45.0,99.5,0.03717791930291929,3,2
random,200,7,56,136.0,173.0,167.0,166.0,175.0,175.0,150.0,99.5,0.03717791930291929,3,2
random,200,7,57,11.0,17.0,8.0,9.0,16.0,16.0,11.0,99.5,0.03717791930291929,3,2
random,200,7,58,81.0,134.0,107.0,106.0,126.0,126.0,91.0,99.5,0.03717791930291929,3,2
random,200,7,59,81.0,113.0,114.0,113.0,106.0,106.0,98.0,99.5,0.03717791930291929,3,2
random,200,7,60,110.0,105.0,134.0,143.0,111.0,111.0,126.0,99.5,0.03717791930291929,3,2
random,200,7,61,16.0,23.0,16.0,15.0,28.0,28.0,19.0,99.5,0.03717791930291929,3,2
random,200,7,62,16.0,25.0,24.0,24.0,24.0,24.0,25.0,99.5,0.03717791930291929,3,2
random,200,7,63,81.0,88.0,103.0,100.0,92.0,92.0,103.0,99.5,0.03717791930291929,3,2
random,200,7,64,81.0,101.0,99.0,99.0,96.0,96.0,106.0,99.5,0.03717791930291929,3,2
random,200,7,65,172.0,184.0,186.0,186.0,185.0,185.0,178.0,99.5,0.03717791930291929,3,2
random,200,7,66,31.0,28.0,90.0,96.0,32.0,32.0,61.0,99.5,0.03717791930291929,3,2
random,200,7,67,4.0,3.0,3.0,3.0,3.0,3.0,7.0,99.5,0.03717791930291929,3,2
random,200,7,68,136.0,169.0,144.0,145.0,168.0,168.0,141.0,99.5,0.03717791930291929,3,2
random,200,7,69,62.0,79.0,91.0,90.0,74.0,74.0,75.0,99.5,0.03717791930291929,3,2
random,200,7,70,110.0,152.0,106.0,110.0,147.0,147.0,112.0,99.5,0.03717791930291929,3,2
random,200,7,71,62.0,68.0,82.0,85.0,68.0,68.0,76.0,99.5,0.03717791930291929,3,2
random,200,7,72,31.0,90.0,38.0,37.0,84.0,84.0,34.0,99.5,0.03717791930291929,3,2
random,200,7,73,136.0,117.0,172.0,175.0,122.0,122.0,171.0,99.5,0.03717791930291929,3,2
random,200,7,74,110.0,106.0,113.0,111.0,114.0,114.0,118.0,99.5,0.03717791930291929,3,2
random,200,7,75,172.0,171.0,183.0,183.0,174.0,174.0,184.0,99.5,0.03717791930291929,3,2
random,200,7,76,31.0,29.0,74.0,75.0,29.0,29.0,58.0,99.5,0.03717791930291929,3,2
random,200,7,77,110.0,143.0,115.0,117.0,139.0,139.0,116.0,99.5,0.03717791930291929,3,2
random,200,7,78,4.0,17.0,10.0,10.0,14.0,14.0,8.0,99.5,0.03717791930291929,3,2
random,200,7,79,136.0,94.0,145.0,144.0,107.0,107.0,167.0,99.5,0.03717791930291929,3,2
random,200,7,80,31.0,29.0,22.0,23.0,35.0,35.0,36.0,99.5,0.03717791930291929,3,2
random,200,7,81,31.0,62.0,42.0,42.0,62.0,62.0,37.0,99.5,0.03717791930291929,3,2
random,200,7,82,31.0,46.0,39.0,39.0,50.0,50.0,41.0,99.5,0.03717791930291929,3,2
random,200,7,83,62.0,54.0,44.0,40.0,58.0,58.0,68.0,99.5,0.03717791930291929,3,2
random,200,7,84,189.0,194.0,193.0,193.0,194.0,194.0,190.0,99.5,0.03717791930291929,3,2
random,200,7,85,62.0,65.0,57.0,57.0,66.0,66.0,67.0,99.5,0.03717791930291929,3,2
random,200,7,86,136.0,169.0,136.0,134.0,162.0,162.0,140.0,99.5,0.03717791930291929,3,2
random,200,7,87,136.0,162.0,166.0,168.0,161.0,161.0,160.0,99.5,0.03717791930291929,3,2
random,200,7,88,136.0,152.0,170.0,172.0,149.0,149.0,166.0,99.5,0.03717791930291929,3,2
random,200,7,89,172.0,146.0,190.0,189.0,157.0,157.0,185.0,99.5,0.03717791930291929,3,2
random,200,7,90,110.0,141.0,104.0,103.0,143.0,143.0,111.0,99.5,0.03717791930291929,3,2
random,200,7,91,31.0,65.0,18.0,17.0,60.0,60.0,33.0,99.5,0.03717791930291929,3,2
random,200,7,92,110.0,146.0,118.0,118.0,145.0,145.0,113.0,99.5,0.03717791930291929,3,2
random,200,7,93,197.0,197.0,196.0,195.0,197.0,197.0,199.0,99.5,0.03717791930291929,3,2
random,200,7,94,136.0,152.0,156.0,154.0,152.0,152.0,162.0,99.5,0.03717791930291929,3,2
random,200,7,95,16.0,12.0,15.0,16.0,15.0,15.0,26.0,99.5,0.03717791930291929,3,2
random,200,7,96,136.0,126.0,148.0,147.0,137.0,137.0,151.0,99.5,0.03717791930291929,3,2
random,200,7,97,31.0,62.0,45.0,44.0,64.0,64.0,35.0,99.5,0.03717791930291929,3,2
random,200,7,98,81.0,94.0,92.0,89.0,93.0,93.0,104.0,99.5,0.03717791930291929,3,2
random,200,7,99,16.0,25.0,36.0,32.0,24.0,24.0,27.0,99.5,0.03717791930291929,3,2
random,200,7,100,31.0,46.0,59.0,61.0,41.0,41.0,53.0,99.5,0.03717791930291929,3,2
random,200,7,101,16.0,17.0,30.0,36.0,19.0,19.0,30.0,99.5,0.03717791930291929,3,2
random,200,7,102,62.0,71.0,53.0,52.0,69.0,69.0,65.0,99.5,0.03717791930291929,3,2
random,200,7,103,136.0,183.0,174.0,173.0,182.0,182.0,143.0,99.5,0.03717791930291929,3,2
random,200,7,104,136.0,138.0,146.0,146.0,146.0,146.0,159.0,99.5,0.03717791930291929,3,2
random,200,7,105,31.0,42.0,41.0,43.0,44.0,44.0,44.0,99.5,0.03717791930291929,3,2
random,200,7,106,4.0,6.0,7.0,7.0,5.0,5.0,9.0,99.5,0.03717791930291929,3,2
random,200,7,107,110.0,132.0,117.0,115.0,130.0,130.0,115.0,99.5,0.03717791930291929,3,2
random,200,7,108,172.0,165.0,177.0,177.0,169.0,169.0,179.0,99.5,0.03717791930291929,3,2
random,200,7,109,136.0,189.0,143.0,139.0,184.0,184.0,136.0,99.5,0.03717791930291929,3,2
random,200,7,110,62.0,92.0,67.0,64.0,91.0,91.0,63.0,99.5,0.03717791930291929,3,2
random,200,7,111,136.0,134.0,150.0,150.0,138.0,138.0,161.0,99.5,0.03717791930291929,3,2
random,200,7,112,62.0,54.0,86.0,88.0,58.0,58.0,79.0,99.5,0.03717791930291929,3,2
random,200,7,113,16.0,35.0,12.0,12.0,31.0,31.0,17.0,99.5,0.03717791930291929,3,2
random,200,7,114,81.0,129.0,94.0,94.0,121.0,121.0,85.0,99.5,0.03717791930291929,3,2
random,200,7,115,172.0,155.0,194.0,197.0,167.0,167.0,188.0,99.5,0.03717791930291929,3,2
random,200,7,116,81.0,101.0,80.0,77.0,94.0,94.0,90.0,99.5,0.03717791930291929,3,2
random,200,7,117,16.0,46.0,25.0,25.0,38.0,38.0,22.0,99.5,0.03717791930291929,3,2
random,200,7,118,16.0,38.0,37.0,38.0,34.0,34.0,23.0,99.5,0.03717791930291929,3,2
random,200,7,119,172.0,159.0,157.0,155.0,165.0,165.0,175.0,99.5,0.03717791930291929,3,2
random,200,7,120,62.0,73.0,62.0,59.0,73.0,73.0,69.0,99.5,0.03717791930291929,3,2
random,200,7,121,110.0,125.0,155.0,156.0,120.0,120.0,132.0,99.5,0.03717791930291929,3,2
random,200,7,122,31.0,36.0,55.0,54.0,40.0,40.0,51.0,99.5,0.03717791930291929,3,2
random,200,7,123,81.0,94.0,78.0,72.0,98.0,98.0,89.0,99.5,0.03717791930291929,3,2
random,200,7,124,172.0,155.0,175.0,174.0,165.0,165.0,181.0,99.5,0.03717791930291929,3,2
random,200,7,125,62.0,85.0,98.0,98.0,81.0,81.0,74.0,99.5,0.03717791930291929,3,2
random,200,7,126,110.0,129.0,137.0,138.0,127.0,127.0,123.0,99.5,0.03717791930291929,3,2
random,200,7,127,81.0,117.0,76.0,81.0,108.0,108.0,84.0,99.5,0.03717791930291929,3,2
random,200,7,128,136.0,180.0,169.0,169.0,179.0,179.0,153.0,99.5,0.03717791930291929,3,2
random,200,7,129,81.0,106.0,83.0,84.0,96.0,96.0,97.0,99.5,0.03717791930291929,3,2
random,200,7,130,110.0,104.0,128.0,129.0,105.0,105.0,130.0,99.5,0.03717791930291929,3,2
random,200,7,131,31.0,29.0,13.0,13.0,29.0,29.0,38.0,99.5,0.03717791930291929,3,2
random,200,7,132,31.0,51.0,47.0,53.0,51.0,51.0,49.0,99.5,0.03717791930291929,3,2
random,200,7,133,16.0,25.0,29.0,27.0,27.0,27.0,24.0,99.5,0.03717791930291929,3,2
random,200,7,134,110.0,133.0,116.0,116.0,135.0,135.0,114.0,99.5,0.03717791930291929,3,2
random,200,7,135,136.0,117.0,131.0,133.0,128.0,128.0,146.0,99.5,0.03717791930291929,3,2
random,200,7,136,31.0,42.0,54.0,55.0,48.0,48.0,48.0,99.5,0.03717791930291929,3,2
random,200,7,137,81.0,85.0,79.0,80.0,85.0,85.0,101.0,99.5,0.03717791930291929,3,2
random,200,7,138,81.0,143.0,97.0,95.0,131.0,131.0,88.0,99.5,0.03717791930291929,3,2
random,200,7,139,136.0,177.0,159.0,158.0,177.0,177.0,144.0,99.5,0.03717791930291929,3,2
random,200,7,140,62.0,38.0,102.0,107.0,46.0,46.0,80.0,99.5,0.03717791930291929,3,2
random,200,7,141,31.0,21.0,56.0,58.0,24.0,24.0,54.0,99.5,0.03717791930291929,3,2
random,200,7,142,81.0,139.0,89.0,87.0,134.0,134.0,81.0,99.5,0.03717791930291929,3,2
random,200,7,143,81.0,140.0,81.0,76.0,132.0,132.0,83.0,99.5,0.03717791930291929,3,2
random,200,7,144,62.0,73.0,65.0,65.0,71.0,71.0,71.0,99.5,0.03717791930291929,3,2
random,200,7,145,81.0,111.0,111.0,109.0,112.0,112.0,93.0,99.5,0.03717791930291929,3,2
random,200,7,146,136.0,143.0,132.0,131.0,153.0,153.0,145.0,99.5,0.03717791930291929,3,2
random,200,7,147,136.0,159.0,147.0,149.0,154.0,154.0,152.0,99.5,0.03717791930291929,3,2
random,200,7,148,136.0,162.0,152.0,152.0,155.0,155.0,156.0,99.5,0.03717791930291929,3,2
random,200,7,149,110.0,155.0,127.0,128.0,148.0,148.0,117.0,99.5,0.03717791930291929,3,2
random,200,7,150,136.0,178.0,168.0,167.0,178.0,178.0,147.0,99.5,0.03717791930291929,3,2
random,200,7,151,110.0,113.0,125.0,125.0,116.0,116.0,124.0,99.5,0.03717791930291929,3,2
random,200,7,152,136.0,146.0,154.0,153.0,151.0,151.0,157.0,99.5,0.03717791930291929,3,2
random,200,7,153,172.0,186.0,187.0,187.0,186.0,186.0,183.0,99.5,0.03717791930291929,3,2
random,200,7,154,136.0,155.0,158.0,159.0,157.0,157.0,149.0,99.5,0.03717791930291929,3,2
random,200,7,155,31.0,42.0,34.0,29.0,41.0,41.0,39.0,99.5,0.03717791930291929,3,2
random,200,7,156,172.0,146.0,189.0,190.0,156.0,156.0,187.0,99.5,0.03717791930291929,3,2
random,200,7,157,136.0,181.0,140.0,136.0,180.0,180.0,138.0,99.5,0.03717791930291929,3,2
random,200,7,158,81.0,117.0,101.0,102.0,108.0,108.0,95.0,99.5,0.03717791930291929,3,2
random,200,7,159,62.0,79.0,61.0,62.0,78.0,78.0,64.0,99.5,0.03717791930291929,3,2
random,200,7,160,4.0,6.0,4.0,4.0,6.0,6.0,6.0,99.5,0.03717791930291929,3,2
random,200,7,161,172.0,193.0,185.0,185.0,192.0,192.0,173.0,99.5,0.03717791930291929,3,2
random,200,7,162,172.0,187.0,173.0,171.0,188.0,188.0,172.0,99.5,0.03717791930291929,3,2
random,200,7,163,31.0,20.0,46.0,46.0,20.0,20.0,55.0,99.5,0.03717791930291929,3,2
random,200,7,164,136.0,134.0,129.0,127.0,140.0,140.0,155.0,99.5,0.03717791930291929,3,2
random,200,7,165,16.0,10.0,33.0,31.0,13.0,13.0,29.0,99.5,0.03717791930291929,3,2
random,200,7,166,81.0,106.0,87.0,83.0,104.0,104.0,87.0,99.5,0.03717791930291929,3,2
random,200,7,167,81.0,122.0,85.0,86.0,116.0,116.0,86.0,99.5,0.03717791930291929,3,2
random,200,7,168,11.0,33.0,27.0,30.0,23.0,23.0,12.0,99.5,0.03717791930291929,3,2
random,200,7,169,81.0,141.0,121.0,123.0,132.0,132.0,96.0,99.5,0.03717791930291929,3,2
random,200,7,170,81.0,113.0,108.0,105.0,108.0,108.0,92.0,99.5,0.03717791930291929,3,2
random,200,7,171,197.0,198.0,198.0,198.0,198.0,198.0,198.0,99.5,0.03717791930291929,3,2
random,200,7,172,31.0,60.0,51.0,49.0,56.0,56.0,43.0,99.5,0.03717791930291929,3,2
random,200,7,173,189.0,181.0,195.0,194.0,183.0,183.0,195.0,99.5,0.03717791930291929,3,2
random,200,7,174,200.0,200.0,200.0,200.0,200.0,200.0,200.0,99.5,0.03717791930291929,3,2
random,200,7,175,3.0,13.0,5.0,5.0,9.0,9.0,3.0,99.5,0.03717791930291929,3,2
random,200,7,176,62.0,38.0,63.0,66.0,51.0,51.0,78.0,99.5,0.03717791930291929,3,2
random,200,7,177,189.0,196.0,192.0,192.0,196.0,196.0,189.0,99.5,0.03717791930291929,3,2
random,200,7,178,110.0,106.0,141.0,142.0,115.0,115.0,128.0,99.5,0.03717791930291929,3,2
random,200,7,179,172.0,126.0,179.0,179.0,141.0,141.0,186.0,99.5,0.03717791930291929,3,2
random,200,7,180,1.0,1.0,2.0,2.0,1.0,1.0,2.0,99.5,0.03717791930291929,3,2
random,200,7,181,4.0,3.0,11.0,11.0,4.0,4.0,10.0,99.5,0.03717791930291929,3,2
random,200,7,182,81.0,106.0,66.0,63.0,113.0,113.0,82.0,99.5,0.03717791930291929,3,2
random,200,7,183,62.0,68.0,48.0,47.0,66.0,66.0,66.0,99.5,0.03717791930291929,3,2
random,200,7,184,136.0,166.0,130.0,126.0,163.0,163.0,139.0,99.5,0.03717791930291929,3,2
random,200,7,185,197.0,199.0,199.0,199.0,199.0,199.0,197.0,99.5,0.03717791930291929,3,2
random,200,7,186,172.0,190.0,178.0,178.0,188.0,188.0,174.0,99.5,0.03717791930291929,3,2
random,200,7,187,62.0,85.0,72.0,70.0,81.0,81.0,72.0,99.5,0.03717791930291929,3,2
random,200,7,188,136.0,176.0,149.0,148.0,172.0,172.0,142.0,99.5,0.03717791930291929,3,2
random,200,7,189,110.0,65.0,139.0,140.0,77.0,77.0,134.0,99.5,0.03717791930291929,3,2
random,200,7,190,136.0,117.0,162.0,162.0,124.0,124.0,168.0,99.5,0.03717791930291929,3,2
random,200,7,191,189.0,178.0,197.0,196.0,181.0,181.0,196.0,99.5,0.03717791930291929,3,2
random,200,7,192,16.0,15.0,32.0,35.0,17.0,17.0,28.0,99.5,0.03717791930291929,3,2
random,200,7,193,16.0,58.0,26.0,26.0,53.0,53.0,20.0,99.5,0.03717791930291929,3,2
random,200,7,194,16.0,33.0,31.0,28.0,33.0,33.0,21.0,99.5,0.03717791930291929,3,2
random,200,7,195,1.0,2.0,1.0,1.0,2.0,2.0,1.0,99.5,0.03717791930291929,3,2
random,200,7,196,172.0,162.0,181.0,180.0,170.0,170.0,182.0,99.5,0.03717791930291929,3,2
random,200,7,197,81.0,58.0,100.0,101.0,65.0,65.0,108.0,99.5,0.03717791930291929,3,2
random,200,7,198,31.0,38.0,40.0,45.0,41.0,41.0,47.0,99.5,0.03717791930291929,3,2
random,200,7,199,31.0,21.0,50.0,51.0,22.0,22.0,57.0,99.5,0.03717791930291929,3,2
random,200,8,0,137.0,149.0,137.0,134.0,151.0,151.0,146.0,99.5,0.04667170003199412,4,1
random,200,8,1,6.0,19.0,8.0,8.0,12.0,12.0,8.0,99.5,0.04667170003199412,4,1
random,200,8,2,182.0,181.0,184.0,183.0,184.0,184.0,188.0,99.5,0.04667170003199412,4,1
random,200,8,3,81.0,101.0,98.0,97.0,104.0,104.0,89.0,99.5,0.04667170003199412,4,1
random,200,8,4,81.0,72.0,97.0,96.0,78.0,78.0,103.0,99.5,0.04667170003199412,4,1
random,200,8,5,55.0,72.0,93.0,92.0,72.0,72.0,75.0,99.5,0.04667170003199412,4,1
random,200,8,6,16.0,7.0,24.0,24.0,15.0,15.0,19.0,99.5,0.04667170003199412,4,1
random,200,8,7,110.0,101.0,145.0,150.0,106.0,106.0,132.0,99.5,0.04667170003199412,4,1
random,200,8,8,25.0,28.0,25.0,25.0,30.0,30.0,27.0,99.5,0.04667170003199412,4,1
random,200,8,9,55.0,86.0,84.0,83.0,86.0,86.0,69.0,99.5,0.04667170003199412,4,1
random,200,8,10,198.0,199.0,199.0,199.0,199.0,199.0,200.0,99.5,0.04667170003199412,4,1
random,200,8,11,16.0,29.0,28.0,28.0,28.0,28.0,20.0,99.5,0.04667170003199412,4,1
random,200,8,12,137.0,162.0,130.0,128.0,160.0,160.0,142.0,99.5,0.04667170003199412,4,1
random,200,8,13,33.0,55.0,40.0,41.0,59.0,59.0,35.0,99.5,0.04667170003199412,4,1
random,200,8,14,33.0,29.0,30.0,29.0,33.0,33.0,48.0,99.5,0.04667170003199412,4,1
random,200,8,15,137.0,142.0,120.0,118.0,144.0,144.0,147.0,99.5,0.04667170003199412,4,1
random,200,8,16,10.0,7.0,10.0,10.0,9.0,9.0,13.0,99.5,0.04667170003199412,4,1
random,200,8,17,137.0,132.0,125.0,125.0,139.0,139.0,150.0,99.5,0.04667170003199412,4,1
random,200,8,18,110.0,135.0,89.0,88.0,137.0,137.0,113.0,99.5,0.04667170003199412,4,1
random,200,8,19,137.0,101.0,153.0,155.0,113.0,113.0,161.0,99.5,0.04667170003199412,4,1
random,200,8,20,163.0,172.0,179.0,180.0,173.0,173.0,171.0,99.5,0.04667170003199412,4,1
random,200,8,21,33.0,14.0,38.0,39.0,22.0,22.0,53.0,99.5,0.04667170003199412,4,1
random,200,8,22,16.0,7.0,14.0,14.0,15.0,15.0,18.0,99.5,0.04667170003199412,4,1
random,200,8,23,2.0,14.0,11.0,11.0,6.0,6.0,4.0,99.5,0.04667170003199412,4,1
random,200,8,24,25.0,25.0,51.0,51.0,27.0,27.0,32.0,99.5,0.04667170003199412,4,1
random,200,8,25,110.0,43.0,133.0,135.0,50.0,50.0,137.0,99.5,0.04667170003199412,4,1
random,200,8,26,163.0,155.0,157.0,156.0,158.0,158.0,172.0,99.5,0.04667170003199412,4,1
random,200,8,27,182.0,179.0,194.0,194.0,180.0,180.0,193.0,99.5,0.04667170003199412,4,1
random,200,8,28,25.0,29.0,32.0,32.0,32.0,32.0,30.0,99.5,0.04667170003199412,4,1
random,200,8,29,137.0,170.0,150.0,147.0,170.0,170.0,145.0,99.5,0.04667170003199412,4,1
random,200,8,30,33.0,58.0,49.0,48.0,55.0,55.0,36.0,99.5,0.04667170003199412,4,1
random,200,8,31,81.0,155.0,91.0,87.0,142.0,142.0,81.0,99.5,0.04667170003199412,4,1
random,200,8,32,2.0,1.0,2.0,2.0,1.0,1.0,5.0,99.5,0.04667170003199412,4,1
random,200,8,33,137.0,184.0,148.0,146.0,178.0,178.0,140.0,99.5,0.04667170003199412,4,1
random,200,8,34,81.0,108.0,79.0,79.0,97.0,97.0,91.0,99.5,0.04667170003199412,4,1
random,200,8,35,2.0,4.0,4.0,5.0,4.0,4.0,2.0,99.5,0.04667170003199412,4,1
random,200,8,36,110.0,121.0,132.0,130.0,123.0,123.0,123.0,99.5,0.04667170003199412,4,1
random,200,8,37,81.0,97.0,66.0,64.0,97.0,97.0,84.0,99.5,0.04667170003199412,4,1
random,200,8,38,10.0,25.0,16.0,16.0,23.0,23.0,14.0,99.5,0.04667170003199412,4,1
random,200,8,39,81.0,89.0,82.0,80.0,91.0,91.0,93.0,99.5,0.04667170003199412,4,1
random,200,8,40,163.0,146.0,168.0,168.0,156.0,156.0,174.0,99.5,0.04667170003199412,4,1
random,200,8,41,81.0,79.0,95.0,98.0,86.0,86.0,104.0,99.5,0.04667170003199412,4,1
random,200,8,42,81.0,123.0,102.0,106.0,117.0,117.0,95.0,99.5,0.04667170003199412,4,1
random,200,8,43,110.0,149.0,111.0,109.0,143.0,143.0,112.0,99.5,0.04667170003199412,4,1
random,200,8,44,81.0,125.0,96.0,94.0,126.0,126.0,83.0,99.5,0.04667170003199412,4,1
random,200,8,45,110.0,146.0,131.0,131.0,146.0,146.0,120.0,99.5,0.04667170003199412,4,1
random,200,8,46,137.0,149.0,143.0,144.0,148.0,148.0,148.0,99.5,0.04667170003199412,4,1
random,200,8,47,55.0,55.0,77.0,76.0,57.0,57.0,76.0,99.5,0.04667170003199412,4,1
random,200,8,48,137.0,116.0,172.0,176.0,124.0,124.0,162.0,99.5,0.04667170003199412,4,1
random,200,8,49,110.0,114.0,138.0,140.0,116.0,116.0,125.0,99.5,0.04667170003199412,4,1
random,200,8,50,182.0,170.0,186.0,186.0,176.0,176.0,191.0,99.5,0.04667170003199412,4,1
random,200,8,51,33.0,81.0,63.0,66.0,71.0,71.0,38.0,99.5,0.04667170003199412,4,1
random,200,8,52,163.0,165.0,174.0,174.0,165.0,165.0,170.0,99.5,0.04667170003199412,4,1
random,200,8,53,33.0,42.0,65.0,68.0,42.0,42.0,51.0,99.5,0.04667170003199412,4,1
random,200,8,54,33.0,5.0,54.0,56.0,18.0,18.0,57.0,99.5,0.04667170003199412,4,1
random,200,8,55,81.0,97.0,74.0,70.0,100.0,100.0,82.0,99.5,0.04667170003199412,4,1
random,200,8,56,163.0,181.0,159.0,158.0,182.0,182.0,165.0,99.5,0.04667170003199412,4,1
random,200,8,57,182.0,181.0,193.0,193.0,183.0,183.0,192.0,99.5,0.04667170003199412,4,1
random,200,8,58,10.0,21.0,12.0,12.0,19.0,19.0,11.0,99.5,0.04667170003199412,4,1
random,200,8,59,33.0,52.0,23.0,23.0,48.0,48.0,33.0,99.5,0.04667170003199412,4,1
random,200,8,60,163.0,175.0,166.0,166.0,177.0,177.0,166.0,99.5,0.04667170003199412,4,1
random,200,8,61,55.0,81.0,41.0,38.0,79.0,79.0,59.0,99.5,0.04667170003199412,4,1
random,200,8,62,55.0,77.0,47.0,47.0,76.0,76.0,61.0,99.5,0.04667170003199412,4,1
random,200,8,63,182.0,184.0,180.0,179.0,188.0,188.0,186.0,99.5,0.04667170003199412,4,1
random,200,8,64,137.0,154.0,158.0,159.0,150.0,150.0,153.0,99.5,0.04667170003199412,4,1
random,200,8,65,33.0,37.0,43.0,46.0,39.0,39.0,46.0,99.5,0.04667170003199412,4,1
random,200,8,66,110.0,104.0,134.0,137.0,109.0,109.0,129.0,99.5,0.04667170003199412,4,1
random,200,8,67,182.0,192.0,176.0,175.0,192.0,192.0,183.0,99.5,0.04667170003199412,4,1
random,200,8,68,110.0,108.0,76.0,75.0,110.0,110.0,110.0,99.5,0.04667170003199412,4,1
random,200,8,69,81.0,72.0,100.0,102.0,82.0,82.0,99.0,99.5,0.04667170003199412,4,1
random,200,8,70,33.0,86.0,59.0,55.0,75.0,75.0,34.0,99.5,0.04667170003199412,4,1
random,200,8,71,55.0,67.0,68.0,71.0,66.0,66.0,73.0,99.5,0.04667170003199412,4,1
random,200,8,72,81.0,92.0,106.0,104.0,95.0,95.0,92.0,99.5,0.04667170003199412,4,1
random,200,8,73,55.0,58.0,56.0,53.0,61.0,61.0,60.0,99.5,0.04667170003199412,4,1
random,200,8,74,182.0,190.0,185.0,184.0,190.0,190.0,185.0,99.5,0.04667170003199412,4,1
random,200,8,75,10.0,24.0,9.0,9.0,21.0,21.0,10.0,99.5,0.04667170003199412,4,1
random,200,8,76,137.0,135.0,154.0,152.0,145.0,145.0,154.0,99.5,0.04667170003199412,4,1
random,200,8,77,55.0,110.0,57.0,57.0,96.0,96.0,58.0,99.5,0.04667170003199412,4,1
random,200,8,78,163.0,163.0,149.0,148.0,163.0,163.0,167.0,99.5,0.04667170003199412,4,1
random,200,8,79,6.0,5.0,15.0,15.0,5.0,5.0,9.0,99.5,0.04667170003199412,4,1
random,200,8,80,137.0,146.0,163.0,163.0,149.0,149.0,156.0,99.5,0.04667170003199412,4,1
random,200,8,81,110.0,125.0,126.0,129.0,125.0,125.0,121.0,99.5,0.04667170003199412,4,1
random,200,8,82,182.0,184.0,189.0,189.0,187.0,187.0,187.0,99.5,0.04667170003199412,4,1
random,200,8,83,163.0,169.0,183.0,185.0,171.0,171.0,177.0,99.5,0.04667170003199412,4,1
random,200,8,84,1.0,3.0,1.0,1.0,2.0,2.0,1.0,99.5,0.04667170003199412,4,1
random,200,8,85,33.0,29.0,61.0,61.0,35.0,35.0,54.0,99.5,0.04667170003199412,4,1
random,200,8,86,137.0,174.0,136.0,132.0,175.0,175.0,139.0,99.5,0.04667170003199412,4,1
random,200,8,87,110.0,130.0,117.0,117.0,130.0,130.0,116.0,99.5,0.04667170003199412,4,1
random,200,8,88,55.0,52.0,44.0,42.0,57.0,57.0,64.0,99.5,0.04667170003199412,4,1
random,200,8,89,33.0,58.0,37.0,36.0,52.0,52.0,41.0,99.5,0.04667170003199412,4,1
random,200,8,90,110.0,145.0,108.0,101.0,141.0,141.0,111.0,99.5,0.04667170003199412,4,1
random,200,8,91,110.0,110.0,135.0,136.0,115.0,115.0,127.0,99.5,0.04667170003199412,4,1
random,200,8,92,110.0,132.0,147.0,149.0,135.0,135.0,124.0,99.5,0.04667170003199412,4,1
random,200,8,93,55.0,49.0,62.0,62.0,51.0,51.0,74.0,99.5,0.04667170003199412,4,1
random,200,8,94,81.0,63.0,88.0,90.0,66.0,66.0,101.0,99.5,0.04667170003199412,4,1
random,200,8,95,81.0,104.0,99.0,99.0,104.0,104.0,90.0,99.5,0.04667170003199412,4,1
random,200,8,96,10.0,7.0,7.0,7.0,9.0,9.0,12.0,99.5,0.04667170003199412,4,1
random,200,8,97,137.0,172.0,122.0,122.0,169.0,169.0,141.0,99.5,0.04667170003199412,4,1
random,200,8,98,33.0,40.0,71.0,77.0,40.0,40.0,52.0,99.5,0.04667170003199412,4,1
random,200,8,99,33.0,58.0,39.0,43.0,54.0,54.0,39.0,99.5,0.04667170003199412,4,1
random,200,8,100,110.0,52.0,123.0,124.0,65.0,65.0,135.0,99.5,0.04667170003199412,4,1
random,200,8,101,16.0,13.0,21.0,22.0,13.0,13.0,23.0,99.5,0.04667170003199412,4,1
random,200,8,102,25.0,39.0,27.0,27.0,38.0,38.0,26.0,99.5,0.04667170003199412,4,1
random,200,8,103,137.0,116.0,152.0,151.0,127.0,127.0,158.0,99.5,0.04667170003199412,4,1
random,200,8,104,55.0,62.0,55.0,54.0,60.0,60.0,62.0,99.5,0.04667170003199412,4,1
random,200,8,105,81.0,86.0,116.0,116.0,89.0,89.0,106.0,99.5,0.04667170003199412,4,1
random,200,8,106,110.0,92.0,119.0,121.0,102.0,102.0,128.0,99.5,0.04667170003199412,4,1
random,200,8,107,55.0,81.0,42.0,45.0,79.0,79.0,56.0,99.5,0.04667170003199412,4,1
random,200,8,108,33.0,70.0,53.0,58.0,63.0,63.0,40.0,99.5,0.04667170003199412,4,1
random,200,8,109,137.0,158.0,155.0,153.0,155.0,155.0,151.0,99.5,0.04667170003199412,4,1
random,200,8,110,137.0,153.0,164.0,162.0,154.0,154.0,152.0,99.5,0.04667170003199412,4,1
random,200,8,111,81.0,140.0,90.0,93.0,130.0,130.0,88.0,99.5,0.04667170003199412,4,1
random,200,8,112,55.0,79.0,78.0,78.0,77.0,77.0,71.0,99.5,0.04667170003199412,4,1
random,200,8,113,198.0,200.0,200.0,200.0,200.0,200.0,198.0,99.5,0.04667170003199412,4,1
random,200,8,114,33.0,37.0,35.0,34.0,37.0,37.0,44.0,99.5,0.04667170003199412,4,1
random,200,8,115,81.0,50.0,128.0,133.0,62.0,62.0,109.0,99.5,0.04667170003199412,4,1
random,200,8,116,81.0,110.0,101.0,105.0,103.0,103.0,96.0,99.5,0.04667170003199412,4,1
random,200,8,117,55.0,72.0,69.0,67.0,73.0,73.0,65.0,99.5,0.04667170003199412,4,1
random,200,8,118,55.0,97.0,45.0,44.0,92.0,92.0,55.0,99.5,0.04667170003199412,4,1
random,200,8,119,163.0,159.0,178.0,178.0,161.0,161.0,176.0,99.5,0.04667170003199412,4,1
random,200,8,120,137.0,167.0,146.0,145.0,164.0,164.0,144.0,99.5,0.04667170003199412,4,1
random,200,8,121,16.0,14.0,29.0,33.0,14.0,14.0,24.0,99.5,0.04667170003199412,4,1
random,200,8,122,55.0,110.0,94.0,95.0,99.0,99.0,67.0,99.5,0.04667170003199412,4,1
random,200,8,123,25.0,33.0,26.0,26.0,31.0,31.0,28.0,99.5,0.04667170003199412,4,1
random,200,8,124,81.0,63.0,110.0,108.0,74.0,74.0,105.0,99.5,0.04667170003199412,4,1
random,200,8,125,55.0,81.0,72.0,72.0,84.0,84.0,68.0,99.5,0.04667170003199412,4,1
random,200,8,126,137.0,177.0,104.0,103.0,174.0,174.0,130.0,99.5,0.04667170003199412,4,1
random,200,8,127,163.0,180.0,177.0,177.0,179.0,179.0,169.0,99.5,0.04667170003199412,4,1
random,200,8,128,33.0,63.0,60.0,60.0,56.0,56.0,42.0,99.5,0.04667170003199412,4,1
random,200,8,129,163.0,143.0,173.0,172.0,153.0,153.0,178.0,99.5,0.04667170003199412,4,1
random,200,8,130,55.0,46.0,52.0,50.0,49.0,49.0,70.0,99.5,0.04667170003199412,4,1
random,200,8,131,81.0,92.0,109.0,112.0,92.0,92.0,102.0,99.5,0.04667170003199412,4,1
random,200,8,132,81.0,72.0,70.0,69.0,85.0,85.0,87.0,99.5,0.04667170003199412,4,1
random,200,8,133,110.0,143.0,115.0,115.0,138.0,138.0,115.0,99.5,0.04667170003199412,4,1
random,200,8,134,182.0,193.0,188.0,187.0,194.0,194.0,184.0,99.5,0.04667170003199412,4,1
random,200,8,135,33.0,55.0,50.0,52.0,53.0,53.0,45.0,99.5,0.04667170003199412,4,1
random,200,8,136,81.0,77.0,86.0,86.0,81.0,81.0,97.0,99.5,0.04667170003199412,4,1
random,200,8,137,137.0,132.0,92.0,91.0,140.0,140.0,138.0,99.5,0.04667170003199412,4,1
random,200,8,138,81.0,89.0,118.0,119.0,89.0,89.0,107.0,99.5,0.04667170003199412,4,1
random,200,8,139,16.0,14.0,20.0,20.0,17.0,17.0,21.0,99.5,0.04667170003199412,4,1
random,200,8,140,182.0,197.0,191.0,190.0,197.0,197.0,182.0,99.5,0.04667170003199412,4,1
random,200,8,141,110.0,95.0,127.0,126.0,107.0,107.0,126.0,99.5,0.04667170003199412,4,1
random,200,8,142,137.0,160.0,165.0,167.0,159.0,159.0,155.0,99.5,0.04667170003199412,4,1
random,200,8,143,81.0,97.0,114.0,113.0,100.0,100.0,100.0,99.5,0.04667170003199412,4,1
random,200,8,144,81.0,129.0,103.0,107.0,118.0,118.0,94.0,99.5,0.04667170003199412,4,1
random,200,8,145,110.0,127.0,112.0,110.0,128.0,128.0,114.0,99.5,0.04667170003199412,4,1
random,200,8,146,10.0,7.0,13.0,13.0,8.0,8.0,15.0,99.5,0.04667170003199412,4,1
random,200,8,147,25.0,23.0,31.0,31.0,25.0,25.0,31.0,99.5,0.04667170003199412,4,1
random,200,8,148,55.0,69.0,83.0,84.0,63.0,63.0,77.0,99.5,0.04667170003199412,4,1
random,200,8,149,163.0,193.0,171.0,170.0,193.0,193.0,163.0,99.5,0.04667170003199412,4,1
random,200,8,150,55.0,135.0,46.0,40.0,121.0,121.0,47.0,99.5,0.04667170003199412,4,1
random,200,8,151,163.0,155.0,175.0,173.0,157.0,157.0,180.0,99.5,0.04667170003199412,4,1
random,200,8,152,110.0,104.0,151.0,154.0,108.0,108.0,134.0,99.5,0.04667170003199412,4,1
random,200,8,153,137.0,121.0,139.0,138.0,129.0,129.0,157.0,99.5,0.04667170003199412,4,1
random,200,8,154,81.0,67.0,113.0,114.0,68.0,68.0,108.0,99.5,0.04667170003199412,4,1
random,200,8,155,137.0,135.0,160.0,161.0,136.0,136.0,160.0,99.5,0.04667170003199412,4,1
random,200,8,156,182.0,177.0,190.0,191.0,180.0,180.0,190.0,99.5,0.04667170003199412,4,1
random,200,8,157,55.0,45.0,85.0,89.0,47.0,47.0,79.0,99.5,0.04667170003199412,4,1
random,200,8,158,137.0,116.0,144.0,143.0,122.0,122.0,159.0,99.5,0.04667170003199412,4,1
random,200,8,159,163.0,168.0,161.0,160.0,167.0,167.0,168.0,99.5,0.04667170003199412,4,1
random,200,8,160,16.0,35.0,33.0,37.0,29.0,29.0,22.0,99.5,0.04667170003199412,4,1
random,200,8,161,55.0,46.0,87.0,85.0,45.0,45.0,80.0,99.5,0.04667170003199412,4,1
random,200,8,162,55.0,44.0,64.0,63.0,44.0,44.0,78.0,99.5,0.04667170003199412,4,1
random,200,8,163,110.0,116.0,124.0,123.0,119.0,119.0,122.0,99.5,0.04667170003199412,4,1
random,200,8,164,81.0,123.0,105.0,100.0,120.0,120.0,85.0,99.5,0.04667170003199412,4,1
random,200,8,165,33.0,50.0,58.0,59.0,46.0,46.0,43.0,99.5,0.04667170003199412,4,1
random,200,8,166,110.0,95.0,140.0,139.0,94.0,94.0,136.0,99.5,0.04667170003199412,4,1
random,200,8,167,198.0,198.0,198.0,198.0,198.0,198.0,199.0,99.5,0.04667170003199412,4,1
random,200,8,168,163.0,163.0,169.0,169.0,166.0,166.0,173.0,99.5,0.04667170003199412,4,1
random,200,8,169,25.0,21.0,19.0,19.0,24.0,24.0,29.0,99.5,0.04667170003199412,4,1
random,200,8,170,16.0,19.0,18.0,17.0,20.0,20.0,16.0,99.5,0.04667170003199412,4,1
random,200,8,171,33.0,33.0,36.0,35.0,33.0,33.0,49.0,99.5,0.04667170003199412,4,1
random,200,8,172,55.0,89.0,73.0,73.0,88.0,88.0,66.0,99.5,0.04667170003199412,4,1
random,200,8,173,55.0,71.0,75.0,74.0,69.0,69.0,72.0,99.5,0.04667170003199412,4,1
random,200,8,174,6.0,7.0,6.0,6.0,7.0,7.0,7.0,99.5,0.04667170003199412,4,1
random,200,8,175,81.0,63.0,81.0,82.0,70.0,70.0,98.0,99.5,0.04667170003199412,4,1
random,200,8,176,163.0,165.0,182.0,181.0,168.0,168.0,175.0,99.5,0.04667170003199412,4,1
random,200,8,177,195.0,191.0,197.0,197.0,191.0,191.0,197.0,99.5,0.04667170003199412,4,1
random,200,8,178,195.0,196.0,196.0,196.0,196.0,196.0,196.0,99.5,0.04667170003199412,4,1
random,200,8,179,110.0,140.0,107.0,111.0,134.0,134.0,117.0,99.5,0.04667170003199412,4,1
random,200,8,180,137.0,175.0,141.0,141.0,172.0,172.0,143.0,99.5,0.04667170003199412,4,1
random,200,8,181,16.0,27.0,17.0,18.0,25.0,25.0,17.0,99.5,0.04667170003199412,4,1
random,200,8,182,33.0,41.0,48.0,49.0,41.0,41.0,50.0,99.5,0.04667170003199412,4,1
random,200,8,183,33.0,48.0,34.0,30.0,43.0,43.0,37.0,99.5,0.04667170003199412,4,1
random,200,8,184,195.0,195.0,195.0,195.0,195.0,195.0,195.0,99.5,0.04667170003199412,4,1
random,200,8,185,110.0,104.0,162.0,164.0,113.0,113.0,131.0,99.5,0.04667170003199412,4,1
random,200,8,186,163.0,189.0,167.0,165.0,186.0,186.0,164.0,99.5,0.04667170003199412,4,1
random,200,8,187,137.0,149.0,142.0,142.0,151.0,151.0,149.0,99.5,0.04667170003199412,4,1
random,200,8,188,163.0,135.0,181.0,182.0,147.0,147.0,181.0,99.5,0.04667170003199412,4,1
random,200,8,189,182.0,184.0,192.0,192.0,185.0,185.0,194.0,99.5,0.04667170003199412,4,1
random,200,8,190,81.0,116.0,80.0,81.0,111.0,111.0,86.0,99.5,0.04667170003199412,4,1
random,200,8,191,163.0,161.0,170.0,171.0,162.0,162.0,179.0,99.5,0.04667170003199412,4,1
random,200,8,192,110.0,130.0,121.0,120.0,132.0,132.0,118.0,99.5,0.04667170003199412,4,1
random,200,8,193,25.0,36.0,22.0,21.0,36.0,36.0,25.0,99.5,0.04667170003199412,4,1
random,200,8,194,6.0,18.0,5.0,4.0,11.0,11.0,6.0,99.5,0.04667170003199412,4,1
random,200,8,195,110.0,127.0,129.0,127.0,133.0,133.0,119.0,99.5,0.04667170003199412,4,1
random,200,8,196,2.0,2.0,3.0,3.0,3.0,3.0,3.0,99.5,0.04667170003199412,4,1
random,200,8,197,182.0,188.0,187.0,188.0,189.0,189.0,189.0,99.5,0.04667170003199412,4,1
random,200,8,198,55.0,81.0,67.0,65.0,82.0,82.0,63.0,99.5,0.04667170003199412,4,1
random,200,8,199,110.0,114.0,156.0,157.0,111.0,111.0,133.0,99.5,0.04667170003199412,4,1
