random,200,9,0,112.0,155.0,112.0,109.0,155.0,155.0,113.0,99.5,0.04248353933648047,3,1
random,200,9,1,165.0,172.0,177.0,178.0,171.0,171.0,176.0,99.5,0.04248353933648047,3,1
random,200,9,2,186.0,195.0,187.0,187.0,195.0,195.0,187.0,99.5,0.04248353933648047,3,1
random,200,9,3,40.0,68.0,41.0,38.0,65.0,65.0,46.0,99.5,0.04248353933648047,3,1
random,200,9,4,186.0,193.0,189.0,188.0,192.0,192.0,189.0,99.5,0.04248353933648047,3,1
random,200,9,5,77.0,59.0,117.0,116.0,68.0,68.0,107.0,99.5,0.04248353933648047,3,1
random,200,9,6,77.0,111.0,64.0,64.0,104.0,104.0,81.0,99.5,0.04248353933648047,3,1
random,200,9,7,142.0,145.0,159.0,161.0,147.0,147.0,157.0,99.5,0.04248353933648047,3,1
random,200,9,8,54.0,52.0,73.0,75.0,58.0,58.0,67.0,99.5,0.04248353933648047,3,1
random,200,9,9,165.0,171.0,168.0,171.0,171.0,171.0,174.0,99.5,0.04248353933648047,3,1
random,200,9,10,112.0,139.0,143.0,144.0,141.0,141.0,136.0,99.5,0.04248353933648047,3,1
random,200,9,11,142.0,165.0,144.0,142.0,162.0,162.0,146.0,99.5,0.04248353933648047,3,1
random,200,9,12,77.0,123.0,101.0,99.0,117.0,117.0,86.0,99.5,0.04248353933648047,3,1
random,200,9,13,77.0,123.0,87.0,85.0,115.0,115.0,80.0,99.5,0.04248353933648047,3,1
random,200,9,14,165.0,164.0,179.0,179.0,164.0,164.0,181.0,99.5,0.04248353933648047,3,1
random,200,9,15,194.0,191.0,197.0,197.0,194.0,194.0,198.0,99.5,0.04248353933648047,3,1
random,200,9,16,54.0,46.0,51.0,48.0,49.0,49.0,66.0,99.5,0.04248353933648047,3,1
random,200,9,17,142.0,182.0,153.0,152.0,180.0,180.0,142.0,99.5,0.04248353933648047,3,1
random,200,9,18,10.0,9.0,16.0,16.0,9.0,9.0,15.0,99.5,0.04248353933648047,3,1
random,200,9,19,22.0,23.0,40.0,40.0,26.0,26.0,37.0,99.5,0.04248353933648047,3,1
random,200,9,20,112.0,149.0,109.0,108.0,149.0,149.0,116.0,99.5,0.04248353933648047,3,1
random,200,9,21,40.0,43.0,49.0,49.0,39.0,39.0,51.0,99.5,0.04248353933648047,3,1
random,200,9,22,112.0,99.0,127.0,132.0,105.0,105.0,139.0,99.5,0.04248353933648047,3,1
random,200,9,23,40.0,61.0,38.0,41.0,57.0,57.0,45.0,99.5,0.04248353933648047,3,1
random,200,9,24,54.0,46.0,59.0,58.0,53.0,53.0,70.0,99.5,0.04248353933648047,3,1
random,200,9,25,194.0,197.0,196.0,196.0,197.0,197.0,196.0,99.5,0.04248353933648047,3,1
random,200,9,26,77.0,115.0,114.0,115.0,107.0,107.0,97.0,99.5,0.04248353933648047,3,1
random,200,9,27,186.0,193.0,176.0,173.0,193.0,193.0,186.0,99.5,0.04248353933648047,3,1
random,200,9,28,54.0,39.0,47.0,46.0,41.0,41.0,62.0,99.5,0.04248353933648047,3,1
random,200,9,29,165.0,174.0,175.0,177.0,176.0,176.0,171.0,99.5,0.04248353933648047,3,1
random,200,9,30,112.0,121.0,128.0,125.0,122.0,122.0,133.0,99.5,0.04248353933648047,3,1
random,200,9,31,54.0,64.0,65.0,65.0,66.0,66.0,65.0,99.5,0.04248353933648047,3,1
random,200,9,32,112.0,157.0,123.0,120.0,154.0,154.0,119.0,99.5,0.04248353933648047,3,1
random,200,9,33,54.0,61.0,56.0,55.0,63.0,63.0,59.0,99.5,0.04248353933648047,3,1
random,200,9,34,165.0,172.0,166.0,165.0,174.0,174.0,173.0,99.5,0.04248353933648047,3,1
random,200,9,35,54.0,45.0,93.0,95.0,47.0,47.0,78.0,99.5,0.04248353933648047,3,1
random,200,9,36,77.0,54.0,115.0,119.0,64.0,64.0,105.0,99.5,0.04248353933648047,3,1
random,200,9,37,77.0,39.0,122.0,122.0,51.0,51.0,111.0,99.5,0.04248353933648047,3,1
random,200,9,38,165.0,181.0,184.0,184.0,182.0,182.0,175.0,99.5,0.04248353933648047,3,1
random,200,9,39,10.0,48.0,19.0,19.0,38.0,38.0,11.0,99.5,0.04248353933648047,3,1
random,200,9,40,54.0,52.0,98.0,106.0,59.0,59.0,76.0,99.5,0.04248353933648047,3,1
random,200,9,41,186.0,182.0,194.0,194.0,185.0,185.0,191.0,99.5,0.04248353933648047,3,1
random,200,9,42,22.0,39.0,9.0,8.0,31.0,31.0,19.0,99.5,0.04248353933648047,3,1
random,200,9,43,54.0,70.0,44.0,42.0,69.0,69.0,54.0,99.5,0.04248353933648047,3,1
random,200,9,44,54.0,34.0,84.0,88.0,43.0,43.0,73.0,99.5,0.04248353933648047,3,1
random,200,9,45,77.0,76.0,79.0,78.0,77.0,77.0,99.0,99.5,0.04248353933648047,3,1
random,200,9,46,77.0,129.0,61.0,59.0,122.0,122.0,77.0,99.5,0.04248353933648047,3,1
random,200,9,47,54.0,28.0,58.0,60.0,37.0,37.0,72.0,99.5,0.04248353933648047,3,1
random,200,9,48,77.0,107.0,90.0,90.0,100.0,100.0,88.0,99.5,0.04248353933648047,3,1
random,200,9,49,10.0,30.0,10.0,10.0,27.0,27.0,10.0,99.5,0.04248353933648047,3,1
random,200,9,50,54.0,34.0,74.0,77.0,40.0,40.0,74.0,99.5,0.04248353933648047,3,1
random,200,9,51,165.0,182.0,162.0,162.0,183.0,183.0,169.0,99.5,0.04248353933648047,3,1
random,200,9,52,40.0,61.0,66.0,68.0,61.0,61.0,50.0,99.5,0.04248353933648047,3,1
random,200,9,53,142.0,176.0,140.0,138.0,170.0,170.0,143.0,99.5,0.04248353933648047,3,1
random,200,9,54,112.0,111.0,110.0,111.0,111.0,111.0,127.0,99.5,0.04248353933648047,3,1
random,200,9,55,77.0,143.0,55.0,53.0,136.0,136.0,71.0,99.5,0.04248353933648047,3,1
random,200,9,56,40.0,51.0,27.0,26.0,44.0,44.0,41.0,99.5,0.04248353933648047,3,1
random,200,9,57,112.0,137.0,120.0,114.0,140.0,140.0,123.0,99.5,0.04248353933648047,3,1
random,200,9,58,40.0,90.0,70.0,70.0,83.0,83.0,44.0,99.5,0.04248353933648047,3,1
random,200,9,59,142.0,107.0,141.0,141.0,127.0,127.0,150.0,99.5,0.04248353933648047,3,1
random,200,9,60,112.0,129.0,95.0,92.0,132.0,132.0,117.0,99.5,0.04248353933648047,3,1
random,200,9,61,77.0,84.0,82.0,83.0,88.0,88.0,89.0,99.5,0.04248353933648047,3,1
random,200,9,62,142.0,149.0,173.0,172.0,152.0,152.0,153.0,99.5,0.04248353933648047,3,1
random,200,9,63,40.0,56.0,60.0,62.0,54.0,54.0,52.0,99.5,0.04248353933648047,3,1
random,200,9,64,112.0,145.0,99.0,98.0,144.0,144.0,118.0,99.5,0.04248353933648047,3,1
random,200,9,65,142.0,123.0,157.0,157.0,129.0,129.0,160.0,99.5,0.04248353933648047,3,1
random,200,9,66,112.0,119.0,118.0,121.0,114.0,114.0,132.0,99.5,0.04248353933648047,3,1
random,200,9,67,10.0,10.0,28.0,31.0,12.0,12.0,22.0,99.5,0.04248353933648047,3,1
random,200,9,68,22.0,55.0,30.0,28.0,46.0,46.0,25.0,99.5,0.04248353933648047,3,1
random,200,9,69,165.0,185.0,182.0,181.0,186.0,186.0,168.0,99.5,0.04248353933648047,3,1
random,200,9,70,40.0,19.0,50.0,50.0,25.0,25.0,53.0,99.5,0.04248353933648047,3,1
random,200,9,71,10.0,10.0,18.0,21.0,10.0,10.0,20.0,99.5,0.04248353933648047,3,1
random,200,9,72,165.0,159.0,183.0,183.0,166.0,166.0,182.0,99.5,0.04248353933648047,3,1
random,200,9,73,22.0,23.0,26.0,25.0,23.0,23.0,27.0,99.5,0.04248353933648047,3,1
random,200,9,74,7.0,8.0,11.0,11.0,8.0,8.0,9.0,99.5,0.04248353933648047,3,1
random,200,9,75,142.0,107.0,134.0,133.0,120.0,120.0,151.0,99.5,0.04248353933648047,3,1
random,200,9,76,40.0,48.0,45.0,45.0,47.0,47.0,49.0,99.5,0.04248353933648047,3,1
random,200,9,77,77.0,64.0,86.0,84.0,67.0,67.0,103.0,99.5,0.04248353933648047,3,1
random,200,9,78,194.0,199.0,193.0,193.0,199.0,199.0,194.0,99.5,0.04248353933648047,3,1
random,200,9,79,77.0,144.0,131.0,135.0,135.0,135.0,93.0,99.5,0.04248353933648047,3,1
random,200,9,80,112.0,153.0,148.0,149.0,150.0,150.0,128.0,99.5,0.04248353933648047,3,1
random,200,9,81,22.0,34.0,46.0,47.0,33.0,33.0,36.0,99.5,0.04248353933648047,3,1
random,200,9,82,22.0,30.0,33.0,34.0,33.0,33.0,32.0,99.5,0.04248353933648047,3,1
random,200,9,83,77.0,131.0,72.0,69.0,125.0,125.0,79.0,99.5,0.04248353933648047,3,1
random,200,9,84,112.0,115.0,125.0,128.0,112.0,112.0,135.0,99.5,0.04248353933648047,3,1
random,200,9,85,112.0,168.0,136.0,130.0,161.0,161.0,115.0,99.5,0.04248353933648047,3,1
random,200,9,86,54.0,84.0,68.0,73.0,81.0,81.0,61.0,99.5,0.04248353933648047,3,1
random,200,9,87,142.0,115.0,164.0,166.0,134.0,134.0,161.0,99.5,0.04248353933648047,3,1
random,200,9,88,194.0,185.0,198.0,199.0,187.0,187.0,199.0,99.5,0.04248353933648047,3,1
random,200,9,89,112.0,131.0,116.0,117.0,130.0,130.0,126.0,99.5,0.04248353933648047,3,1
random,200,9,90,112.0,101.0,96.0,94.0,108.0,108.0,120.0,99.5,0.04248353933648047,3,1
random,200,9,91,77.0,78.0,104.0,101.0,84.0,84.0,95.0,99.5,0.04248353933648047,3,1
random,200,9,92,40.0,48.0,32.0,32.0,49.0,49.0,43.0,99.5,0.04248353933648047,3,1
random,200,9,93,22.0,22.0,31.0,29.0,23.0,23.0,30.0,99.5,0.04248353933648047,3,1
random,200,9,94,77.0,93.0,100.0,107.0,93.0,93.0,104.0,99.5,0.04248353933648047,3,1
random,200,9,95,112.0,121.0,133.0,126.0,119.0,119.0,129.0,99.5,0.04248353933648047,3,1
random,200,9,96,112.0,107.0,132.0,131.0,110.0,110.0,137.0,99.5,0.04248353933648047,3,1
random,200,9,97,112.0,119.0,106.0,103.0,117.0,117.0,125.0,99.5,0.04248353933648047,3,1
random,200,9,98,2.0,2.0,2.0,2.0,2.0,2.0,3.0,99.5,0.04248353933648047,3,1
random,200,9,99,54.0,101.0,89.0,93.0,90.0,90.0,60.0,99.5,0.04248353933648047,3,1
random,200,9,100,2.0,3.0,6.0,7.0,4.0,4.0,4.0,99.5,0.04248353933648047,3,1
random,200,9,101,77.0,101.0,105.0,104.0,97.0,97.0,94.0,99.5,0.04248353933648047,3,1
random,200,9,102,165.0,158.0,186.0,186.0,160.0,160.0,183.0,99.5,0.04248353933648047,3,1
random,200,9,103,112.0,104.0,121.0,118.0,113.0,113.0,130.0,99.5,0.04248353933648047,3,1
random,200,9,104,112.0,145.0,145.0,146.0,142.0,142.0,134.0,99.5,0.04248353933648047,3,1
random,200,9,105,54.0,72.0,54.0,56.0,70.0,70.0,57.0,99.5,0.04248353933648047,3,1
random,200,9,106,10.0,19.0,14.0,13.0,15.0,15.0,16.0,99.5,0.04248353933648047,3,1
random,200,9,107,142.0,153.0,155.0,156.0,158.0,158.0,149.0,99.5,0.04248353933648047,3,1
random,200,9,108,112.0,123.0,138.0,137.0,122.0,122.0,131.0,99.5,0.04248353933648047,3,1
random,200,9,109,112.0,131.0,107.0,112.0,132.0,132.0,122.0,99.5,0.04248353933648047,3,1
random,200,9,110,22.0,26.0,21.0,20.0,28.0,28.0,24.0,99.5,0.04248353933648047,3,1
random,200,9,111,77.0,76.0,119.0,123.0,77.0,77.0,109.0,99.5,0.04248353933648047,3,1
random,200,9,112,165.0,115.0,154.0,153.0,138.0,138.0,178.0,99.5,0.04248353933648047,3,1
random,200,9,113,54.0,70.0,71.0,67.0,72.0,72.0,64.0,99.5,0.04248353933648047,3,1
random,200,9,114,165.0,162.0,170.0,168.0,164.0,164.0,179.0,99.5,0.04248353933648047,3,1
random,200,9,115,142.0,139.0,147.0,148.0,144.0,144.0,155.0,99.5,0.04248353933648047,3,1
random,200,9,116,142.0,167.0,151.0,150.0,162.0,162.0,147.0,99.5,0.04248353933648047,3,1
random,200,9,117,54.0,79.0,67.0,71.0,75.0,75.0,63.0,99.5,0.04248353933648047,3,1
random,200,9,118,2.0,6.0,3.0,3.0,6.0,6.0,2.0,99.5,0.04248353933648047,3,1
random,200,9,119,77.0,81.0,108.0,105.0,88.0,88.0,98.0,99.5,0.04248353933648047,3,1
random,200,9,120,40.0,23.0,37.0,36.0,30.0,30.0,48.0,99.5,0.04248353933648047,3,1
random,200,9,121,165.0,165.0,174.0,175.0,169.0,169.0,177.0,99.5,0.04248353933648047,3,1
random,200,9,122,10.0,14.0,15.0,15.0,17.0,17.0,13.0,99.5,0.04248353933648047,3,1
random,200,9,123,54.0,84.0,57.0,57.0,82.0,82.0,55.0,99.5,0.04248353933648047,3,1
random,200,9,124,142.0,152.0,156.0,155.0,151.0,151.0,154.0,99.5,0.04248353933648047,3,1
random,200,9,125,40.0,56.0,36.0,35.0,54.0,54.0,47.0,99.5,0.04248353933648047,3,1
random,200,9,126,77.0,88.0,129.0,134.0,91.0,91.0,110.0,99.5,0.04248353933648047,3,1
random,200,9,127,77.0,90.0,135.0,139.0,91.0,91.0,108.0,99.5,0.04248353933648047,3,1
random,200,9,128,22.0,59.0,52.0,52.0,52.0,52.0,34.0,99.5,0.04248353933648047,3,1
random,200,9,129,142.0,159.0,146.0,145.0,159.0,159.0,148.0,99.5,0.04248353933648047,3,1
random,200,9,130,77.0,93.0,77.0,80.0,95.0,95.0,90.0,99.5,0.04248353933648047,3,1
random,200,9,131,22.0,14.0,24.0,27.0,19.0,19.0,31.0,99.5,0.04248353933648047,3,1
random,200,9,132,142.0,177.0,163.0,163.0,175.0,175.0,145.0,99.5,0.04248353933648047,3,1
random,200,9,133,186.0,168.0,195.0,195.0,176.0,176.0,193.0,99.5,0.04248353933648047,3,1
random,200,9,134,165.0,174.0,181.0,182.0,173.0,173.0,180.0,99.5,0.04248353933648047,3,1
random,200,9,135,77.0,96.0,76.0,72.0,96.0,96.0,85.0,99.5,0.04248353933648047,3,1
random,200,9,136,194.0,196.0,192.0,192.0,196.0,196.0,195.0,99.5,0.04248353933648047,3,1
random,200,9,137,142.0,90.0,150.0,154.0,103.0,103.0,163.0,99.5,0.04248353933648047,3,1
random,200,9,138,142.0,104.0,142.0,143.0,115.0,115.0,156.0,99.5,0.04248353933648047,3,1
random,200,9,139,186.0,189.0,188.0,189.0,191.0,191.0,188.0,99.5,0.04248353933648047,3,1
random,200,9,140,77.0,99.0,78.0,76.0,97.0,97.0,83.0,99.5,0.04248353933648047,3,1
random,200,9,141,10.0,10.0,17.0,18.0,11.0,11.0,21.0,99.5,0.04248353933648047,3,1
random,200,9,142,2.0,3.0,5.0,5.0,3.0,3.0,6.0,99.5,0.04248353933648047,3,1
random,200,9,143,112.0,145.0,94.0,96.0,139.0,139.0,114.0,99.5,0.04248353933648047,3,1
random,200,9,144,77.0,81.0,88.0,87.0,85.0,85.0,92.0,99.5,0.04248353933648047,3,1
random,200,9,145,142.0,131.0,172.0,174.0,143.0,143.0,159.0,99.5,0.04248353933648047,3,1
random,200,9,146,112.0,137.0,97.0,97.0,131.0,131.0,121.0,99.5,0.04248353933648047,3,1
random,200,9,147,40.0,84.0,53.0,54.0,80.0,80.0,42.0,99.5,0.04248353933648047,3,1
random,200,9,148,142.0,139.0,165.0,170.0,146.0,146.0,162.0,99.5,0.04248353933648047,3,1
random,200,9,149,165.0,189.0,171.0,167.0,189.0,189.0,167.0,99.5,0.04248353933648047,3,1
random,200,9,150,22.0,34.0,42.0,43.0,35.0,35.0,35.0,99.5,0.04248353933648047,3,1
random,200,9,151,22.0,30.0,39.0,39.0,32.0,32.0,29.0,99.5,0.04248353933648047,3,1
random,200,9,152,22.0,13.0,25.0,24.0,16.0,16.0,28.0,99.5,0.04248353933648047,3,1
random,200,9,153,77.0,96.0,103.0,102.0,94.0,94.0,101.0,99.5,0.04248353933648047,3,1
random,200,9,154,54.0,79.0,63.0,61.0,75.0,75.0,58.0,99.5,0.04248353933648047,3,1
random,200,9,155,77.0,64.0,83.0,82.0,74.0,74.0,100.0,99.5,0.04248353933648047,3,1
random,200,9,156,10.0,14.0,13.0,14.0,14.0,14.0,12.0,99.5,0.04248353933648047,3,1
random,200,9,157,54.0,39.0,62.0,63.0,41.0,41.0,68.0,99.5,0.04248353933648047,3,1
random,200,9,158,112.0,159.0,92.0,89.0,157.0,157.0,112.0,99.5,0.04248353933648047,3,1
random,200,9,159,22.0,56.0,20.0,17.0,54.0,54.0,23.0,99.5,0.04248353933648047,3,1
random,200,9,160,165.0,191.0,178.0,176.0,190.0,190.0,165.0,99.5,0.04248353933648047,3,1
random,200,9,161,194.0,198.0,199.0,198.0,198.0,198.0,197.0,99.5,0.04248353933648047,3,1
random,200,9,162,77.0,75.0,124.0,124.0,79.0,79.0,106.0,99.5,0.04248353933648047,3,1
random,200,9,163,10.0,21.0,12.0,12.0,19.0,19.0,18.0,99.5,0.04248353933648047,3,1
random,200,9,164,10.0,30.0,23.0,23.0,22.0,22.0,14.0,99.5,0.04248353933648047,3,1
random,200,9,165,77.0,131.0,111.0,113.0,121.0,121.0,91.0,99.5,0.04248353933648047,3,1
random,200,9,166,165.0,179.0,160.0,159.0,178.0,178.0,172.0,99.5,0.04248353933648047,3,1
random,200,9,167,112.0,155.0,137.0,136.0,152.0,152.0,124.0,99.5,0.04248353933648047,3,1
random,200,9,168,142.0,111.0,158.0,158.0,128.0,128.0,158.0,99.5,0.04248353933648047,3,1
random,200,9,169,77.0,111.0,130.0,127.0,109.0,109.0,96.0,99.5,0.04248353933648047,3,1
random,200,9,170,142.0,168.0,149.0,147.0,168.0,168.0,144.0,99.5,0.04248353933648047,3,1
random,200,9,171,112.0,93.0,126.0,129.0,97.0,97.0,140.0,99.5,0.04248353933648047,3,1
random,200,9,172,200.0,200.0,200.0,200.0,200.0,200.0,200.0,99.5,0.04248353933648047,3,1
random,200,9,173,165.0,185.0,161.0,160.0,184.0,184.0,166.0,99.5,0.04248353933648047,3,1
random,200,9,174,77.0,88.0,81.0,79.0,87.0,87.0,87.0,99.5,0.04248353933648047,3,1
random,200,9,175,10.0,27.0,22.0,22.0,21.0,21.0,17.0,99.5,0.04248353933648047,3,1
random,200,9,176,7.0,14.0,7.0,6.0,13.0,13.0,7.0,99.5,0.04248353933648047,3,1
random,200,9,177,54.0,123.0,69.0,66.0,102.0,102.0,56.0,99.5,0.04248353933648047,3,1
random,200,9,178,142.0,128.0,180.0,180.0,137.0,137.0,164.0,99.5,0.04248353933648047,3,1
random,200,9,179,165.0,149.0,167.0,164.0,156.0,156.0,184.0,99.5,0.04248353933648047,3,1
random,200,9,180,54.0,43.0,85.0,86.0,45.0,45.0,75.0,99.5,0.04248353933648047,3,1
random,200,9,181,40.0,68.0,29.0,30.0,60.0,60.0,40.0,99.5,0.04248353933648047,3,1
random,200,9,182,77.0,64.0,91.0,91.0,73.0,73.0,102.0,99.5,0.04248353933648047,3,1
random,200,9,183,186.0,178.0,185.0,185.0,179.0,179.0,192.0,99.5,0.04248353933648047,3,1
random,200,9,184,1.0,1.0,1.0,1.0,1.0,1.0,1.0,99.5,0.04248353933648047,3,1
random,200,9,185,22.0,34.0,34.0,33.0,36.0,36.0,33.0,99.5,0.04248353933648047,3,1
random,200,9,186,186.0,188.0,191.0,190.0,188.0,188.0,190.0,99.5,0.04248353933648047,3,1
random,200,9,187,112.0,81.0,113.0,110.0,86.0,86.0,138.0,99.5,0.04248353933648047,3,1
random,200,9,188,77.0,104.0,80.0,81.0,105.0,105.0,82.0,99.5,0.04248353933648047,3,1
random,200,9,189,22.0,14.0,43.0,44.0,18.0,18.0,39.0,99.5,0.04248353933648047,3,1
random,200,9,190,7.0,6.0,4.0,4.0,7.0,7.0,8.0,99.5,0.04248353933648047,3,1
random,200,9,191,77.0,131.0,102.0,100.0,125.0,125.0,84.0,99.5,0.04248353933648047,3,1
random,200,9,192,142.0,139.0,152.0,151.0,148.0,148.0,152.0,99.5,0.04248353933648047,3,1
random,200,9,193,2.0,5.0,8.0,9.0,5.0,5.0,5.0,99.5,0.04248353933648047,3,1
random,200,9,194,165.0,162.0,190.0,191.0,167.0,167.0,185.0,99.5,0.04248353933648047,3,1
random,200,9,195,165.0,180.0,169.0,169.0,181.0,181.0,170.0,99.5,0.04248353933648047,3,1
random,200,9,196,112.0,96.0,139.0,140.0,101.0,101.0,141.0,99.5,0.04248353933648047,3,1
random,200,9,197,54.0,72.0,75.0,74.0,71.0,71.0,69.0,99.5,0.04248353933648047,3,1
random,200,9,198,22.0,74.0,35.0,37.0,62.0,62.0,26.0,99.5,0.04248353933648047,3,1
random,200,9,199,22.0,29.0,48.0,51.0,29.0,29.0,38.0,99.5,0.04248353933648047,3,1
random,200,10,0,56.0,28.0,99.0,104.0,38.0,38.0,88.0,99.5,0.04490094382741438,4,1
random,200,10,1,56.0,78.0,66.0,64.0,79.0,79.0,73.0,99.5,0.04490094382741438,4,1
random,200,10,2,116.0,110.0,150.0,155.0,115.0,115.0,137.0,99.5,0.04490094382741438,4,1
random,200,10,3,89.0,94.0,93.0,90.0,100.0,100.0,100.0,99.5,0.04490094382741438,4,1
random,200,10,4,56.0,34.0,107.0,108.0,40.0,40.0,87.0,99.5,0.04490094382741438,4,1
random,200,10,5,36.0,28.0,68.0,71.0,31.0,31.0,55.0,99.5,0.04490094382741438,4,1
random,200,10,6,116.0,99.0,130.0,128.0,105.0,105.0,134.0,99.5,0.04490094382741438,4,1
random,200,10,7,89.0,102.0,114.0,114.0,102.0,102.0,106.0,99.5,0.04490094382741438,4,1
random,200,10,8,56.0,53.0,116.0,117.0,55.0,55.0,86.0,99.5,0.04490094382741438,4,1
random,200,10,9,21.0,19.0,46.0,54.0,22.0,22.0,34.0,99.5,0.04490094382741438,4,1
random,200,10,10,56.0,82.0,50.0,45.0,82.0,82.0,58.0,99.5,0.04490094382741438,4,1
random,200,10,11,116.0,103.0,139.0,141.0,113.0,113.0,135.0,99.5,0.04490094382741438,4,1
random,200,10,12,137.0,148.0,174.0,175.0,149.0,149.0,159.0,99.5,0.04490094382741438,4,1
random,200,10,13,56.0,97.0,92.0,91.0,91.0,91.0,70.0,99.5,0.04490094382741438,4,1
random,200,10,14,36.0,69.0,42.0,41.0,64.0,64.0,40.0,99.5,0.04490094382741438,4,1
random,200,10,15,137.0,143.0,35.0,33.0,141.0,141.0,125.0,99.5,0.04490094382741438,4,1
random,200,10,16,89.0,58.0,113.0,115.0,68.0,68.0,112.0,99.5,0.04490094382741438,4,1
random,200,10,17,180.0,165.0,190.0,191.0,171.0,171.0,186.0,99.5,0.04490094382741438,4,1
random,200,10,18,116.0,131.0,126.0,125.0,132.0,132.0,120.0,99.5,0.04490094382741438,4,1
random,200,10,19,13.0,15.0,15.0,16.0,14.0,14.0,18.0,99.5,0.04490094382741438,4,1
random,200,10,20,21.0,28.0,48.0,52.0,31.0,31.0,29.0,99.5,0.04490094382741438,4,1
random,200,10,21,162.0,188.0,170.0,170.0,185.0,185.0,164.0,99.5,0.04490094382741438,4,1
random,200,10,22,89.0,103.0,104.0,98.0,108.0,108.0,97.0,99.5,0.04490094382741438,4,1
random,200,10,23,116.0,134.0,101.0,101.0,130.0,130.0,118.0,99.5,0.04490094382741438,4,1
random,200,10,24,162.0,164.0,166.0,168.0,164.0,164.0,175.0,99.5,0.04490094382741438,4,1
random,200,10,25,89.0,50.0,123.0,124.0,60.0,60.0,115.0,99.5,0.04490094382741438,4,1
random,200,10,26,89.0,110.0,121.0,123.0,106.0,106.0,111.0,99.5,0.04490094382741438,4,1
random,200,10,27,21.0,16.0,33.0,34.0,17.0,17.0,35.0,99.5,0.04490094382741438,4,1
random,200,10,28,56.0,74.0,58.0,59.0,72.0,72.0,65.0,99.5,0.04490094382741438,4,1
random,200,10,29,56.0,118.0,70.0,69.0,109.0,109.0,60.0,99.5,0.04490094382741438,4,1
random,200,10,30,137.0,124.0,161.0,163.0,131.0,131.0,158.0,99.5,0.04490094382741438,4,1
random,200,10,31,56.0,108.0,51.0,43.0,94.0,94.0,59.0,99.5,0.04490094382741438,4,1
random,200,10,32,162.0,177.0,172.0,171.0,177.0,177.0,168.0,99.5,0.04490094382741438,4,1
random,200,10,33,180.0,172.0,178.0,178.0,175.0,175.0,183.0,99.5,0.04490094382741438,4,1
random,200,10,34,36.0,69.0,55.0,58.0,61.0,61.0,42.0,99.5,0.04490094382741438,4,1
random,200,10,35,21.0,23.0,23.0,23.0,24.0,24.0,25.0,99.5,0.04490094382741438,4,1
random,200,10,36,162.0,155.0,182.0,183.0,158.0,158.0,178.0,99.5,0.04490094382741438,4,1
random,200,10,37,89.0,90.0,111.0,112.0,95.0,95.0,105.0,99.5,0.04490094382741438,4,1
random,200,10,38,137.0,122.0,165.0,166.0,125.0,125.0,154.0,99.5,0.04490094382741438,4,1
random,200,10,39,188.0,189.0,196.0,196.0,189.0,189.0,195.0,99.5,0.04490094382741438,4,1
random,200,10,40,56.0,80.0,53.0,53.0,74.0,74.0,74.0,99.5,0.04490094382741438,4,1
random,200,10,41,56.0,44.0,90.0,93.0,52.0,52.0,83.0,99.5,0.04490094382741438,4,1
random,200,10,42,13.0,38.0,6.0,6.0,27.0,27.0,13.0,99.5,0.04490094382741438,4,1
random,200,10,43,188.0,198.0,195.0,195.0,198.0,198.0,188.0,99.5,0.04490094382741438,4,1
random,200,10,44,56.0,84.0,75.0,78.0,80.0,80.0,75.0,99.5,0.04490094382741438,4,1
random,200,10,45,13.0,19.0,17.0,18.0,19.0,19.0,15.0,99.5,0.04490094382741438,4,1
random,200,10,46,21.0,18.0,24.0,24.0,21.0,21.0,23.0,99.5,0.04490094382741438,4,1
random,200,10,47,116.0,127.0,120.0,119.0,128.0,128.0,124.0,99.5,0.04490094382741438,4,1
random,200,10,48,137.0,157.0,152.0,149.0,157.0,157.0,149.0,99.5,0.04490094382741438,4,1
random,200,10,49,137.0,131.0,169.0,169.0,139.0,139.0,155.0,99.5,0.04490094382741438,4,1
random,200,10,50,36.0,44.0,37.0,35.0,42.0,42.0,45.0,99.5,0.04490094382741438,4,1
random,200,10,51,89.0,94.0,119.0,121.0,98.0,98.0,107.0,99.5,0.04490094382741438,4,1
random,200,10,52,116.0,108.0,136.0,137.0,119.0,119.0,131.0,99.5,0.04490094382741438,4,1
random,200,10,53,89.0,65.0,100.0,100.0,77.0,77.0,108.0,99.5,0.04490094382741438,4,1
random,200,10,54,137.0,140.0,164.0,165.0,143.0,143.0,157.0,99.5,0.04490094382741438,4,1
random,200,10,55,89.0,99.0,86.0,85.0,98.0,98.0,98.0,99.5,0.04490094382741438,4,1
random,200,10,56,4.0,6.0,11.0,12.0,6.0,6.0,9.0,99.5,0.04490094382741438,4,1
random,200,10,57,116.0,94.0,133.0,133.0,103.0,103.0,133.0,99.5,0.04490094382741438,4,1
random,200,10,58,2.0,1.0,2.0,2.0,1.0,1.0,3.0,99.5,0.04490094382741438,4,1
random,200,10,59,116.0,116.0,137.0,134.0,116.0,116.0,132.0,99.5,0.04490094382741438,4,1
random,200,10,60,89.0,153.0,109.0,107.0,140.0,140.0,94.0,99.5,0.04490094382741438,4,1
random,200,10,61,89.0,90.0,63.0,65.0,90.0,90.0,91.0,99.5,0.04490094382741438,4,1
random,200,10,62,188.0,192.0,187.0,188.0,192.0,192.0,192.0,99.5,0.04490094382741438,4,1
random,200,10,63,21.0,40.0,30.0,32.0,39.0,39.0,26.0,99.5,0.04490094382741438,4,1
random,200,10,64,13.0,12.0,14.0,14.0,12.0,12.0,17.0,99.5,0.04490094382741438,4,1
random,200,10,65,36.0,24.0,59.0,63.0,29.0,29.0,53.0,99.5,0.04490094382741438,4,1
random,200,10,66,137.0,165.0,144.0,145.0,162.0,162.0,145.0,99.5,0.04490094382741438,4,1
random,200,10,67,89.0,55.0,102.0,106.0,62.0,62.0,114.0,99.5,0.04490094382741438,4,1
random,200,10,68,180.0,184.0,184.0,184.0,184.0,184.0,185.0,99.5,0.04490094382741438,4,1
random,200,10,69,36.0,55.0,21.0,21.0,55.0,55.0,37.0,99.5,0.04490094382741438,4,1
random,200,10,70,56.0,118.0,82.0,80.0,110.0,110.0,63.0,99.5,0.04490094382741438,4,1
random,200,10,71,116.0,84.0,96.0,97.0,89.0,89.0,128.0,99.5,0.04490094382741438,4,1
random,200,10,72,21.0,34.0,20.0,22.0,31.0,31.0,24.0,99.5,0.04490094382741438,4,1
random,200,10,73,56.0,80.0,76.0,75.0,82.0,82.0,68.0,99.5,0.04490094382741438,4,1
random,200,10,74,36.0,74.0,47.0,50.0,70.0,70.0,41.0,99.5,0.04490094382741438,4,1
random,200,10,75,137.0,172.0,143.0,143.0,168.0,168.0,138.0,99.5,0.04490094382741438,4,1
random,200,10,76,162.0,167.0,157.0,160.0,168.0,168.0,170.0,99.5,0.04490094382741438,4,1
random,200,10,77,180.0,184.0,177.0,174.0,186.0,186.0,180.0,99.5,0.04490094382741438,4,1
random,200,10,78,180.0,177.0,180.0,180.0,182.0,182.0,181.0,99.5,0.04490094382741438,4,1
random,200,10,79,36.0,88.0,26.0,26.0,84.0,84.0,32.0,99.5,0.04490094382741438,4,1
random,200,10,80,137.0,181.0,159.0,157.0,176.0,176.0,143.0,99.5,0.04490094382741438,4,1
random,200,10,81,116.0,145.0,118.0,118.0,144.0,144.0,122.0,99.5,0.04490094382741438,4,1
random,200,10,82,162.0,182.0,149.0,150.0,181.0,181.0,163.0,99.5,0.04490094382741438,4,1
random,200,10,83,188.0,196.0,189.0,190.0,196.0,196.0,189.0,99.5,0.04490094382741438,4,1
random,200,10,84,89.0,99.0,97.0,94.0,103.0,103.0,99.0,99.5,0.04490094382741438,4,1
random,200,10,85,116.0,118.0,95.0,102.0,121.0,121.0,123.0,99.5,0.04490094382741438,4,1
random,200,10,86,56.0,65.0,73.0,73.0,67.0,67.0,78.0,99.5,0.04490094382741438,4,1
random,200,10,87,89.0,115.0,77.0,74.0,112.0,112.0,92.0,99.5,0.04490094382741438,4,1
random,200,10,88,36.0,28.0,79.0,81.0,28.0,28.0,56.0,99.5,0.04490094382741438,4,1
random,200,10,89,56.0,64.0,78.0,76.0,65.0,65.0,81.0,99.5,0.04490094382741438,4,1
random,200,10,90,10.0,21.0,7.0,7.0,16.0,16.0,10.0,99.5,0.04490094382741438,4,1
random,200,10,91,21.0,32.0,22.0,20.0,36.0,36.0,22.0,99.5,0.04490094382741438,4,1
random,200,10,92,56.0,127.0,85.0,83.0,120.0,120.0,61.0,99.5,0.04490094382741438,4,1
random,200,10,93,56.0,87.0,71.0,70.0,86.0,86.0,66.0,99.5,0.04490094382741438,4,1
random,200,10,94,137.0,153.0,141.0,140.0,154.0,154.0,146.0,99.5,0.04490094382741438,4,1
random,200,10,95,21.0,24.0,41.0,42.0,25.0,25.0,33.0,99.5,0.04490094382741438,4,1
random,200,10,96,36.0,50.0,29.0,29.0,47.0,47.0,38.0,99.5,0.04490094382741438,4,1
random,200,10,97,4.0,12.0,10.0,10.0,10.0,10.0,6.0,99.5,0.04490094382741438,4,1
random,200,10,98,116.0,110.0,128.0,127.0,118.0,118.0,129.0,99.5,0.04490094382741438,4,1
random,200,10,99,21.0,17.0,43.0,46.0,18.0,18.0,36.0,99.5,0.04490094382741438,4,1
random,200,10,100,137.0,126.0,135.0,136.0,136.0,136.0,147.0,99.5,0.04490094382741438,4,1
random,200,10,101,56.0,117.0,57.0,51.0,114.0,114.0,54.0,99.5,0.04490094382741438,4,1
random,200,10,102,137.0,149.0,134.0,132.0,148.0,148.0,144.0,99.5,0.04490094382741438,4,1
random,200,10,103,137.0,140.0,158.0,159.0,138.0,138.0,156.0,99.5,0.04490094382741438,4,1
random,200,10,104,4.0,3.0,5.0,5.0,5.0,5.0,5.0,99.5,0.04490094382741438,4,1
random,200,10,105,162.0,168.0,160.0,158.0,172.0,172.0,169.0,99.5,0.04490094382741438,4,1
random,200,10,106,162.0,175.0,155.0,156.0,174.0,174.0,165.0,99.5,0.04490094382741438,4,1
random,200,10,107,89.0,78.0,125.0,129.0,85.0,85.0,113.0,99.5,0.04490094382741438,4,1
random,200,10,108,137.0,124.0,175.0,176.0,129.0,129.0,161.0,99.5,0.04490094382741438,4,1
random,200,10,109,137.0,155.0,148.0,148.0,155.0,155.0,148.0,99.5,0.04490094382741438,4,1
random,200,10,110,116.0,134.0,112.0,111.0,135.0,135.0,119.0,99.5,0.04490094382741438,4,1
random,200,10,111,56.0,74.0,84.0,89.0,76.0,76.0,77.0,99.5,0.04490094382741438,4,1
random,200,10,112,188.0,193.0,188.0,187.0,193.0,193.0,193.0,99.5,0.04490094382741438,4,1
random,200,10,113,162.0,145.0,154.0,153.0,153.0,153.0,176.0,99.5,0.04490094382741438,4,1
random,200,10,114,56.0,72.0,64.0,66.0,73.0,73.0,69.0,99.5,0.04490094382741438,4,1
random,200,10,115,4.0,7.0,9.0,9.0,7.0,7.0,7.0,99.5,0.04490094382741438,4,1
random,200,10,116,188.0,184.0,197.0,197.0,188.0,188.0,197.0,99.5,0.04490094382741438,4,1
random,200,10,117,2.0,5.0,4.0,4.0,3.0,3.0,2.0,99.5,0.04490094382741438,4,1
random,200,10,118,137.0,152.0,163.0,162.0,152.0,152.0,152.0,99.5,0.04490094382741438,4,1
random,200,10,119,89.0,77.0,89.0,86.0,81.0,81.0,104.0,99.5,0.04490094382741438,4,1
random,200,10,120,137.0,160.0,138.0,139.0,158.0,158.0,141.0,99.5,0.04490094382741438,4,1
random,200,10,121,1.0,2.0,1.0,1.0,2.0,2.0,1.0,99.5,0.04490094382741438,4,1
random,200,10,122,56.0,40.0,87.0,88.0,48.0,48.0,84.0,99.5,0.04490094382741438,4,1
random,200,10,123,89.0,127.0,81.0,79.0,122.0,122.0,89.0,99.5,0.04490094382741438,4,1
random,200,10,124,180.0,175.0,181.0,181.0,179.0,179.0,184.0,99.5,0.04490094382741438,4,1
random,200,10,125,116.0,121.0,132.0,138.0,123.0,123.0,130.0,99.5,0.04490094382741438,4,1
random,200,10,126,89.0,110.0,131.0,131.0,111.0,111.0,110.0,99.5,0.04490094382741438,4,1
random,200,10,127,137.0,139.0,147.0,147.0,142.0,142.0,151.0,99.5,0.04490094382741438,4,1
random,200,10,128,21.0,55.0,16.0,15.0,51.0,51.0,21.0,99.5,0.04490094382741438,4,1
random,200,10,129,137.0,172.0,162.0,164.0,170.0,170.0,150.0,99.5,0.04490094382741438,4,1
random,200,10,130,116.0,110.0,115.0,110.0,116.0,116.0,121.0,99.5,0.04490094382741438,4,1
random,200,10,131,13.0,21.0,19.0,19.0,20.0,20.0,14.0,99.5,0.04490094382741438,4,1
random,200,10,132,188.0,191.0,193.0,193.0,191.0,191.0,194.0,99.5,0.04490094382741438,4,1
random,200,10,133,89.0,134.0,122.0,120.0,124.0,124.0,103.0,99.5,0.04490094382741438,4,1
random,200,10,134,198.0,199.0,199.0,199.0,199.0,199.0,198.0,99.5,0.04490094382741438,4,1
random,200,10,135,21.0,10.0,25.0,25.0,15.0,15.0,31.0,99.5,0.04490094382741438,4,1
random,200,10,136,56.0,40.0,69.0,68.0,48.0,48.0,80.0,99.5,0.04490094382741438,4,1
random,200,10,137,56.0,58.0,65.0,62.0,59.0,59.0,76.0,99.5,0.04490094382741438,4,1
random,200,10,138,56.0,103.0,83.0,84.0,97.0,97.0,71.0,99.5,0.04490094382741438,4,1
random,200,10,139,137.0,168.0,145.0,144.0,166.0,166.0,140.0,99.5,0.04490094382741438,4,1
random,200,10,140,188.0,184.0,194.0,194.0,187.0,187.0,196.0,99.5,0.04490094382741438,4,1
random,200,10,141,89.0,140.0,129.0,130.0,126.0,126.0,102.0,99.5,0.04490094382741438,4,1
random,200,10,142,13.0,12.0,28.0,28.0,13.0,13.0,19.0,99.5,0.04490094382741438,4,1
random,200,10,143,162.0,190.0,167.0,161.0,190.0,190.0,162.0,99.5,0.04490094382741438,4,1
random,200,10,144,137.0,122.0,176.0,177.0,134.0,134.0,160.0,99.5,0.04490094382741438,4,1
random,200,10,145,180.0,130.0,186.0,185.0,151.0,151.0,187.0,99.5,0.04490094382741438,4,1
random,200,10,146,162.0,162.0,185.0,186.0,160.0,160.0,179.0,99.5,0.04490094382741438,4,1
random,200,10,147,36.0,24.0,34.0,36.0,34.0,34.0,47.0,99.5,0.04490094382741438,4,1
random,200,10,148,162.0,157.0,153.0,152.0,161.0,161.0,171.0,99.5,0.04490094382741438,4,1
random,200,10,149,116.0,149.0,106.0,103.0,147.0,147.0,116.0,99.5,0.04490094382741438,4,1
random,200,10,150,188.0,194.0,192.0,192.0,194.0,194.0,191.0,99.5,0.04490094382741438,4,1
random,200,10,151,200.0,200.0,200.0,200.0,200.0,200.0,200.0,99.5,0.04490094382741438,4,1
random,200,10,152,13.0,38.0,27.0,27.0,26.0,26.0,16.0,99.5,0.04490094382741438,4,1
random,200,10,153,36.0,48.0,61.0,55.0,44.0,44.0,48.0,99.5,0.04490094382741438,4,1
random,200,10,154,198.0,197.0,198.0,198.0,197.0,197.0,199.0,99.5,0.04490094382741438,4,1
random,200,10,155,56.0,50.0,49.0,47.0,53.0,53.0,67.0,99.5,0.04490094382741438,4,1
random,200,10,156,36.0,34.0,32.0,31.0,37.0,37.0,49.0,99.5,0.04490094382741438,4,1
random,200,10,157,36.0,82.0,110.0,113.0,78.0,78.0,52.0,99.5,0.04490094382741438,4,1
random,200,10,158,21.0,58.0,45.0,44.0,46.0,46.0,28.0,99.5,0.04490094382741438,4,1
random,200,10,159,137.0,170.0,140.0,135.0,167.0,167.0,139.0,99.5,0.04490094382741438,4,1
random,200,10,160,36.0,40.0,60.0,60.0,43.0,43.0,51.0,99.5,0.04490094382741438,4,1
random,200,10,161,21.0,44.0,39.0,40.0,41.0,41.0,27.0,99.5,0.04490094382741438,4,1
random,200,10,162,56.0,72.0,94.0,96.0,75.0,75.0,82.0,99.5,0.04490094382741438,4,1
random,200,10,163,13.0,8.0,18.0,17.0,8.0,8.0,20.0,99.5,0.04490094382741438,4,1
random,200,10,164,89.0,90.0,88.0,87.0,93.0,93.0,101.0,99.5,0.04490094382741438,4,1
random,200,10,165,10.0,32.0,12.0,13.0,23.0,23.0,11.0,99.5,0.04490094382741438,4,1
random,200,10,166,56.0,58.0,74.0,77.0,62.0,62.0,72.0,99.5,0.04490094382741438,4,1
random,200,10,167,56.0,48.0,31.0,30.0,54.0,54.0,62.0,99.5,0.04490094382741438,4,1
random,200,10,168,36.0,65.0,67.0,67.0,71.0,71.0,46.0,99.5,0.04490094382741438,4,1
random,200,10,169,137.0,160.0,142.0,142.0,156.0,156.0,142.0,99.5,0.04490094382741438,4,1
random,200,10,170,10.0,9.0,13.0,11.0,9.0,9.0,12.0,99.5,0.04490094382741438,4,1
random,200,10,171,56.0,103.0,62.0,61.0,92.0,92.0,64.0,99.5,0.04490094382741438,4,1
random,200,10,172,116.0,131.0,98.0,95.0,132.0,132.0,117.0,99.5,0.04490094382741438,4,1
random,200,10,173,116.0,90.0,127.0,126.0,100.0,100.0,136.0,99.5,0.04490094382741438,4,1
random,200,10,174,36.0,44.0,56.0,56.0,45.0,45.0,44.0,99.5,0.04490094382741438,4,1
random,200,10,175,36.0,24.0,38.0,38.0,34.0,34.0,50.0,99.5,0.04490094382741438,4,1
random,200,10,176,162.0,180.0,156.0,154.0,177.0,177.0,167.0,99.5,0.04490094382741438,4,1
random,200,10,177,36.0,65.0,36.0,37.0,57.0,57.0,39.0,99.5,0.04490094382741438,4,1
random,200,10,178,116.0,144.0,124.0,122.0,137.0,137.0,127.0,99.5,0.04490094382741438,4,1
random,200,10,179,89.0,97.0,80.0,82.0,95.0,95.0,96.0,99.5,0.04490094382741438,4,1
random,200,10,180,56.0,69.0,72.0,72.0,66.0,66.0,79.0,99.5,0.04490094382741438,4,1
random,200,10,181,56.0,58.0,108.0,109.0,58.0,58.0,85.0,99.5,0.04490094382741438,4,1
random,200,10,182,162.0,170.0,146.0,146.0,173.0,173.0,166.0,99.5,0.04490094382741438,4,1
random,200,10,183,116.0,134.0,117.0,116.0,127.0,127.0,126.0,99.5,0.04490094382741438,4,1
random,200,10,184,162.0,162.0,171.0,172.0,165.0,165.0,174.0,99.5,0.04490094382741438,4,1
random,200,10,185,162.0,134.0,173.0,173.0,145.0,145.0,177.0,99.5,0.04490094382741438,4,1
random,200,10,186,137.0,145.0,151.0,151.0,150.0,150.0,153.0,99.5,0.04490094382741438,4,1
random,200,10,187,162.0,157.0,168.0,167.0,163.0,163.0,173.0,99.5,0.04490094382741438,4,1
random,200,10,188,56.0,89.0,54.0,49.0,88.0,88.0,57.0,99.5,0.04490094382741438,4,1
random,200,10,189,180.0,183.0,183.0,182.0,183.0,183.0,182.0,99.5,0.04490094382741438,4,1
random,200,10,190,21.0,34.0,44.0,48.0,29.0,29.0,30.0,99.5,0.04490094382741438,4,1
random,200,10,191,89.0,151.0,105.0,99.0,146.0,146.0,90.0,99.5,0.04490094382741438,4,1
random,200,10,192,36.0,54.0,40.0,39.0,50.0,50.0,43.0,99.5,0.04490094382741438,4,1
random,200,10,193,89.0,103.0,91.0,92.0,107.0,107.0,95.0,99.5,0.04490094382741438,4,1
random,200,10,194,89.0,84.0,52.0,57.0,87.0,87.0,93.0,99.5,0.04490094382741438,4,1
random,200,10,195,4.0,11.0,3.0,3.0,11.0,11.0,4.0,99.5,0.04490094382741438,4,1
random,200,10,196,89.0,58.0,103.0,105.0,68.0,68.0,109.0,99.5,0.04490094382741438,4,1
random,200,10,197,4.0,3.0,8.0,8.0,4.0,4.0,8.0,99.5,0.04490094382741438,4,1
random,200,10,198,188.0,195.0,191.0,189.0,195.0,195.0,190.0,99.5,0.04490094382741438,4,1
random,200,10,199,162.0,177.0,179.0,179.0,179.0,179.0,172.0,99.5,0.04490094382741438,4,1
