random,200,17,0,58.0,80.0,89.0,89.0,82.0,82.0,73.0,99.5,0.03948887223887218,3,1
random,200,17,1,142.0,158.0,139.0,137.0,158.0,158.0,146.0,99.5,0.03948887223887218,3,1
random,200,17,2,108.0,110.0,128.0,126.0,116.0,116.0,126.0,99.5,0.03948887223887218,3,1
random,200,17,3,12.0,27.0,10.0,8.0,22.0,22.0,12.0,99.5,0.03948887223887218,3,1
random,200,17,4,165.0,147.0,166.0,166.0,153.0,153.0,181.0,99.5,0.03948887223887218,3,1
random,200,17,5,108.0,123.0,122.0,119.0,129.0,129.0,117.0,99.5,0.03948887223887218,3,1
random,200,17,6,165.0,162.0,170.0,172.0,166.0,166.0,175.0,99.5,0.03948887223887218,3,1
random,200,17,7,22.0,73.0,29.0,28.0,57.0,57.0,22.0,99.5,0.03948887223887218,3,1
random,200,17,8,58.0,123.0,66.0,63.0,105.0,105.0,60.0,99.5,0.03948887223887218,3,1
random,200,17,9,142.0,153.0,133.0,131.0,154.0,154.0,148.0,99.5,0.03948887223887218,3,1
random,200,17,10,58.0,73.0,65.0,62.0,68.0,68.0,65.0,99.5,0.03948887223887218,3,1
random,200,17,11,108.0,127.0,125.0,124.0,134.0,134.0,120.0,99.5,0.03948887223887218,3,1
random,200,17,12,22.0,29.0,35.0,36.0,28.0,28.0,31.0,99.5,0.03948887223887218,3,1
random,200,17,13,108.0,110.0,83.0,80.0,120.0,120.0,110.0,99.5,0.03948887223887218,3,1
random,200,17,14,142.0,166.0,153.0,149.0,163.0,163.0,144.0,99.5,0.03948887223887218,3,1
random,200,17,15,108.0,94.0,113.0,113.0,96.0,96.0,135.0,99.5,0.03948887223887218,3,1
random,200,17,16,108.0,123.0,145.0,147.0,118.0,118.0,139.0,99.5,0.03948887223887218,3,1
random,200,17,17,58.0,110.0,71.0,71.0,101.0,101.0,63.0,99.5,0.03948887223887218,3,1
random,200,17,18,4.0,13.0,6.0,6.0,12.0,12.0,5.0,99.5,0.03948887223887218,3,1
random,200,17,19,83.0,88.0,104.0,104.0,89.0,89.0,101.0,99.5,0.03948887223887218,3,1
random,200,17,20,22.0,4.0,21.0,19.0,7.0,7.0,34.0,99.5,0.03948887223887218,3,1
random,200,17,21,22.0,38.0,49.0,50.0,36.0,36.0,36.0,99.5,0.03948887223887218,3,1
random,200,17,22,38.0,63.0,68.0,68.0,55.0,55.0,58.0,99.5,0.03948887223887218,3,1
random,200,17,23,108.0,147.0,123.0,127.0,144.0,144.0,127.0,99.5,0.03948887223887218,3,1
random,200,17,24,142.0,127.0,162.0,165.0,137.0,137.0,162.0,99.5,0.03948887223887218,3,1
random,200,17,25,142.0,162.0,154.0,154.0,164.0,164.0,149.0,99.5,0.03948887223887218,3,1
random,200,17,26,108.0,161.0,117.0,117.0,157.0,157.0,109.0,99.5,0.03948887223887218,3,1
random,200,17,27,4.0,6.0,7.0,7.0,5.0,5.0,7.0,99.5,0.03948887223887218,3,1
random,200,17,28,83.0,94.0,138.0,140.0,97.0,97.0,108.0,99.5,0.03948887223887218,3,1
random,200,17,29,142.0,156.0,159.0,161.0,155.0,155.0,153.0,99.5,0.03948887223887218,3,1
random,200,17,30,142.0,143.0,141.0,142.0,146.0,146.0,154.0,99.5,0.03948887223887218,3,1
random,200,17,31,58.0,44.0,56.0,58.0,44.0,44.0,72.0,99.5,0.03948887223887218,3,1
random,200,17,32,108.0,110.0,140.0,139.0,114.0,114.0,131.0,99.5,0.03948887223887218,3,1
random,200,17,33,142.0,119.0,160.0,163.0,138.0,138.0,161.0,99.5,0.03948887223887218,3,1
random,200,17,34,108.0,110.0,109.0,110.0,111.0,111.0,118.0,99.5,0.03948887223887218,3,1
random,200,17,35,108.0,127.0,97.0,92.0,128.0,128.0,111.0,99.5,0.03948887223887218,3,1
random,200,17,36,108.0,123.0,137.0,138.0,124.0,124.0,134.0,99.5,0.03948887223887218,3,1
random,200,17,37,165.0,166.0,181.0,182.0,169.0,169.0,182.0,99.5,0.03948887223887218,3,1
random,200,17,38,83.0,106.0,78.0,78.0,107.0,107.0,87.0,99.5,0.03948887223887218,3,1
random,200,17,39,12.0,7.0,11.0,11.0,9.0,9.0,20.0,99.5,0.03948887223887218,3,1
random,200,17,40,184.0,172.0,187.0,187.0,173.0,173.0,191.0,99.5,0.03948887223887218,3,1
random,200,17,41,22.0,36.0,30.0,31.0,34.0,34.0,30.0,99.5,0.03948887223887218,3,1
random,200,17,42,58.0,58.0,85.0,85.0,64.0,64.0,74.0,99.5,0.03948887223887218,3,1
random,200,17,43,165.0,186.0,174.0,170.0,185.0,185.0,165.0,99.5,0.03948887223887218,3,1
random,200,17,44,108.0,138.0,59.0,56.0,136.0,136.0,98.0,99.5,0.03948887223887218,3,1
random,200,17,45,108.0,86.0,120.0,121.0,92.0,92.0,136.0,99.5,0.03948887223887218,3,1
random,200,17,46,108.0,63.0,132.0,134.0,80.0,80.0,141.0,99.5,0.03948887223887218,3,1
random,200,17,47,108.0,106.0,143.0,141.0,113.0,113.0,137.0,99.5,0.03948887223887218,3,1
random,200,17,48,108.0,152.0,115.0,114.0,143.0,143.0,114.0,99.5,0.03948887223887218,3,1
random,200,17,49,4.0,14.0,4.0,4.0,13.0,13.0,6.0,99.5,0.03948887223887218,3,1
random,200,17,50,108.0,135.0,142.0,143.0,133.0,133.0,130.0,99.5,0.03948887223887218,3,1
random,200,17,51,184.0,195.0,189.0,189.0,195.0,195.0,186.0,99.5,0.03948887223887218,3,1
random,200,17,52,83.0,106.0,84.0,82.0,107.0,107.0,88.0,99.5,0.03948887223887218,3,1
random,200,17,53,83.0,117.0,101.0,100.0,107.0,107.0,90.0,99.5,0.03948887223887218,3,1
random,200,17,54,22.0,18.0,19.0,21.0,21.0,21.0,26.0,99.5,0.03948887223887218,3,1
random,200,17,55,83.0,69.0,82.0,83.0,77.0,77.0,97.0,99.5,0.03948887223887218,3,1
random,200,17,56,83.0,104.0,77.0,72.0,103.0,103.0,85.0,99.5,0.03948887223887218,3,1
random,200,17,57,83.0,88.0,93.0,94.0,92.0,92.0,94.0,99.5,0.03948887223887218,3,1
random,200,17,58,58.0,99.0,48.0,48.0,91.0,91.0,59.0,99.5,0.03948887223887218,3,1
random,200,17,59,83.0,88.0,98.0,99.0,88.0,88.0,95.0,99.5,0.03948887223887218,3,1
random,200,17,60,58.0,58.0,92.0,93.0,58.0,58.0,80.0,99.5,0.03948887223887218,3,1
random,200,17,61,108.0,157.0,116.0,116.0,152.0,152.0,113.0,99.5,0.03948887223887218,3,1
random,200,17,62,142.0,127.0,163.0,160.0,140.0,140.0,163.0,99.5,0.03948887223887218,3,1
random,200,17,63,83.0,94.0,102.0,101.0,95.0,95.0,91.0,99.5,0.03948887223887218,3,1
random,200,17,64,12.0,24.0,14.0,12.0,26.0,26.0,13.0,99.5,0.03948887223887218,3,1
random,200,17,65,199.0,200.0,199.0,199.0,200.0,200.0,199.0,99.5,0.03948887223887218,3,1
random,200,17,66,184.0,172.0,185.0,185.0,173.0,173.0,192.0,99.5,0.03948887223887218,3,1
random,200,17,67,12.0,41.0,36.0,37.0,35.0,35.0,17.0,99.5,0.03948887223887218,3,1
random,200,17,68,83.0,86.0,106.0,107.0,86.0,86.0,104.0,99.5,0.03948887223887218,3,1
random,200,17,69,83.0,135.0,91.0,88.0,117.0,117.0,86.0,99.5,0.03948887223887218,3,1
random,200,17,70,165.0,182.0,184.0,184.0,183.0,183.0,169.0,99.5,0.03948887223887218,3,1
random,200,17,71,58.0,58.0,70.0,70.0,63.0,63.0,70.0,99.5,0.03948887223887218,3,1
random,200,17,72,165.0,174.0,173.0,174.0,172.0,172.0,168.0,99.5,0.03948887223887218,3,1
random,200,17,73,38.0,44.0,28.0,27.0,46.0,46.0,40.0,99.5,0.03948887223887218,3,1
random,200,17,74,165.0,176.0,182.0,180.0,177.0,177.0,176.0,99.5,0.03948887223887218,3,1
random,200,17,75,83.0,110.0,81.0,81.0,111.0,111.0,84.0,99.5,0.03948887223887218,3,1
random,200,17,76,108.0,150.0,114.0,115.0,144.0,144.0,116.0,99.5,0.03948887223887218,3,1
random,200,17,77,108.0,127.0,124.0,122.0,130.0,130.0,123.0,99.5,0.03948887223887218,3,1
random,200,17,78,83.0,88.0,112.0,112.0,89.0,89.0,99.0,99.5,0.03948887223887218,3,1
random,200,17,79,12.0,10.0,9.0,10.0,11.0,11.0,16.0,99.5,0.03948887223887218,3,1
random,200,17,80,38.0,38.0,46.0,45.0,39.0,39.0,48.0,99.5,0.03948887223887218,3,1
random,200,17,81,184.0,188.0,191.0,191.0,188.0,188.0,189.0,99.5,0.03948887223887218,3,1
random,200,17,82,108.0,139.0,118.0,118.0,141.0,141.0,121.0,99.5,0.03948887223887218,3,1
random,200,17,83,83.0,51.0,103.0,103.0,65.0,65.0,105.0,99.5,0.03948887223887218,3,1
random,200,17,84,22.0,41.0,33.0,33.0,40.0,40.0,27.0,99.5,0.03948887223887218,3,1
random,200,17,85,38.0,48.0,62.0,60.0,49.0,49.0,54.0,99.5,0.03948887223887218,3,1
random,200,17,86,58.0,58.0,86.0,91.0,61.0,61.0,77.0,99.5,0.03948887223887218,3,1
random,200,17,87,165.0,160.0,176.0,176.0,162.0,162.0,183.0,99.5,0.03948887223887218,3,1
random,200,17,88,22.0,34.0,38.0,41.0,31.0,31.0,32.0,99.5,0.03948887223887218,3,1
random,200,17,89,165.0,181.0,165.0,162.0,181.0,181.0,166.0,99.5,0.03948887223887218,3,1
random,200,17,90,38.0,81.0,40.0,39.0,78.0,78.0,39.0,99.5,0.03948887223887218,3,1
random,200,17,91,83.0,63.0,95.0,95.0,68.0,68.0,103.0,99.5,0.03948887223887218,3,1
random,200,17,92,142.0,147.0,151.0,152.0,151.0,151.0,151.0,99.5,0.03948887223887218,3,1
random,200,17,93,165.0,170.0,178.0,183.0,171.0,171.0,180.0,99.5,0.03948887223887218,3,1
random,200,17,94,58.0,51.0,131.0,132.0,58.0,58.0,83.0,99.5,0.03948887223887218,3,1
random,200,17,95,108.0,101.0,130.0,130.0,106.0,106.0,132.0,99.5,0.03948887223887218,3,1
random,200,17,96,142.0,104.0,150.0,150.0,123.0,123.0,159.0,99.5,0.03948887223887218,3,1
random,200,17,97,22.0,20.0,57.0,66.0,27.0,27.0,37.0,99.5,0.03948887223887218,3,1
random,200,17,98,38.0,34.0,37.0,35.0,38.0,38.0,45.0,99.5,0.03948887223887218,3,1
random,200,17,99,12.0,17.0,27.0,29.0,16.0,16.0,19.0,99.5,0.03948887223887218,3,1
random,200,17,100,199.0,198.0,200.0,200.0,199.0,199.0,200.0,99.5,0.03948887223887218,3,1
random,200,17,101,165.0,159.0,167.0,169.0,165.0,165.0,174.0,99.5,0.03948887223887218,3,1
random,200,17,102,142.0,139.0,148.0,148.0,147.0,147.0,155.0,99.5,0.03948887223887218,3,1
random,200,17,103,58.0,92.0,60.0,57.0,87.0,87.0,62.0,99.5,0.03948887223887218,3,1
random,200,17,104,58.0,106.0,75.0,76.0,99.0,99.0,64.0,99.5,0.03948887223887218,3,1
random,200,17,105,4.0,29.0,5.0,5.0,17.0,17.0,4.0,99.5,0.03948887223887218,3,1
random,200,17,106,83.0,46.0,94.0,96.0,60.0,60.0,107.0,99.5,0.03948887223887218,3,1
random,200,17,107,83.0,67.0,108.0,109.0,73.0,73.0,106.0,99.5,0.03948887223887218,3,1
random,200,17,108,22.0,16.0,23.0,23.0,19.0,19.0,29.0,99.5,0.03948887223887218,3,1
random,200,17,109,4.0,10.0,12.0,13.0,10.0,10.0,8.0,99.5,0.03948887223887218,3,1
random,200,17,110,58.0,51.0,88.0,90.0,61.0,61.0,78.0,99.5,0.03948887223887218,3,1
random,200,17,111,165.0,183.0,179.0,181.0,181.0,181.0,178.0,99.5,0.03948887223887218,3,1
random,200,17,112,58.0,78.0,96.0,97.0,75.0,75.0,79.0,99.5,0.03948887223887218,3,1
random,200,17,113,193.0,197.0,194.0,194.0,197.0,197.0,194.0,99.5,0.03948887223887218,3,1
random,200,17,114,83.0,146.0,64.0,65.0,132.0,132.0,82.0,99.5,0.03948887223887218,3,1
random,200,17,115,142.0,110.0,164.0,164.0,127.0,127.0,164.0,99.5,0.03948887223887218,3,1
random,200,17,116,38.0,51.0,54.0,53.0,52.0,52.0,56.0,99.5,0.03948887223887218,3,1
random,200,17,117,108.0,97.0,110.0,108.0,102.0,102.0,125.0,99.5,0.03948887223887218,3,1
random,200,17,118,38.0,63.0,63.0,61.0,55.0,55.0,52.0,99.5,0.03948887223887218,3,1
random,200,17,119,58.0,76.0,61.0,64.0,72.0,72.0,66.0,99.5,0.03948887223887218,3,1
random,200,17,120,58.0,85.0,79.0,79.0,81.0,81.0,69.0,99.5,0.03948887223887218,3,1
random,200,17,121,165.0,180.0,175.0,175.0,179.0,179.0,171.0,99.5,0.03948887223887218,3,1
random,200,17,122,2.0,2.0,2.0,3.0,2.0,2.0,2.0,99.5,0.03948887223887218,3,1
random,200,17,123,165.0,153.0,155.0,155.0,159.0,159.0,170.0,99.5,0.03948887223887218,3,1
random,200,17,124,142.0,153.0,147.0,146.0,156.0,156.0,150.0,99.5,0.03948887223887218,3,1
random,200,17,125,165.0,175.0,171.0,171.0,175.0,175.0,172.0,99.5,0.03948887223887218,3,1
random,200,17,126,12.0,15.0,26.0,26.0,15.0,15.0,21.0,99.5,0.03948887223887218,3,1
random,200,17,127,58.0,78.0,80.0,84.0,75.0,75.0,75.0,99.5,0.03948887223887218,3,1
random,200,17,128,108.0,117.0,129.0,125.0,120.0,120.0,124.0,99.5,0.03948887223887218,3,1
random,200,17,129,83.0,69.0,74.0,74.0,70.0,70.0,102.0,99.5,0.03948887223887218,3,1
random,200,17,130,193.0,190.0,196.0,196.0,193.0,193.0,196.0,99.5,0.03948887223887218,3,1
random,200,17,131,184.0,176.0,186.0,186.0,180.0,180.0,190.0,99.5,0.03948887223887218,3,1
random,200,17,132,38.0,58.0,42.0,46.0,52.0,52.0,46.0,99.5,0.03948887223887218,3,1
random,200,17,133,108.0,144.0,119.0,120.0,139.0,139.0,115.0,99.5,0.03948887223887218,3,1
random,200,17,134,4.0,7.0,8.0,9.0,5.0,5.0,9.0,99.5,0.03948887223887218,3,1
random,200,17,135,38.0,40.0,32.0,32.0,42.0,42.0,41.0,99.5,0.03948887223887218,3,1
random,200,17,136,4.0,5.0,18.0,20.0,4.0,4.0,11.0,99.5,0.03948887223887218,3,1
random,200,17,137,193.0,190.0,193.0,193.0,194.0,194.0,195.0,99.5,0.03948887223887218,3,1
random,200,17,138,108.0,73.0,121.0,128.0,85.0,85.0,138.0,99.5,0.03948887223887218,3,1
random,200,17,139,108.0,127.0,127.0,129.0,134.0,134.0,119.0,99.5,0.03948887223887218,3,1
random,200,17,140,38.0,48.0,55.0,55.0,45.0,45.0,57.0,99.5,0.03948887223887218,3,1
random,200,17,141,38.0,36.0,47.0,49.0,37.0,37.0,50.0,99.5,0.03948887223887218,3,1
random,200,17,142,38.0,81.0,51.0,52.0,71.0,71.0,43.0,99.5,0.03948887223887218,3,1
random,200,17,143,58.0,98.0,39.0,38.0,98.0,98.0,51.0,99.5,0.03948887223887218,3,1
random,200,17,144,165.0,179.0,177.0,178.0,177.0,177.0,179.0,99.5,0.03948887223887218,3,1
random,200,17,145,38.0,48.0,45.0,42.0,51.0,51.0,44.0,99.5,0.03948887223887218,3,1
random,200,17,146,38.0,67.0,44.0,43.0,66.0,66.0,42.0,99.5,0.03948887223887218,3,1
random,200,17,147,22.0,51.0,31.0,30.0,43.0,43.0,23.0,99.5,0.03948887223887218,3,1
random,200,17,148,108.0,119.0,134.0,136.0,125.0,125.0,129.0,99.5,0.03948887223887218,3,1
random,200,17,149,58.0,69.0,67.0,67.0,67.0,67.0,68.0,99.5,0.03948887223887218,3,1
random,200,17,150,22.0,20.0,16.0,15.0,23.0,23.0,28.0,99.5,0.03948887223887218,3,1
random,200,17,151,22.0,12.0,34.0,34.0,14.0,14.0,35.0,99.5,0.03948887223887218,3,1
random,200,17,152,83.0,127.0,99.0,105.0,119.0,119.0,89.0,99.5,0.03948887223887218,3,1
random,200,17,153,4.0,9.0,13.0,16.0,8.0,8.0,10.0,99.5,0.03948887223887218,3,1
random,200,17,154,184.0,193.0,183.0,179.0,192.0,192.0,184.0,99.5,0.03948887223887218,3,1
random,200,17,155,38.0,24.0,41.0,40.0,29.0,29.0,47.0,99.5,0.03948887223887218,3,1
random,200,17,156,108.0,135.0,100.0,98.0,130.0,130.0,112.0,99.5,0.03948887223887218,3,1
random,200,17,157,83.0,92.0,87.0,86.0,94.0,94.0,93.0,99.5,0.03948887223887218,3,1
random,200,17,158,108.0,101.0,111.0,111.0,110.0,110.0,122.0,99.5,0.03948887223887218,3,1
random,200,17,159,58.0,43.0,90.0,87.0,50.0,50.0,81.0,99.5,0.03948887223887218,3,1
random,200,17,160,58.0,32.0,69.0,69.0,41.0,41.0,76.0,99.5,0.03948887223887218,3,1
random,200,17,161,184.0,190.0,192.0,192.0,190.0,190.0,188.0,99.5,0.03948887223887218,3,1
random,200,17,162,142.0,139.0,149.0,151.0,147.0,147.0,156.0,99.5,0.03948887223887218,3,1
random,200,17,163,22.0,29.0,20.0,18.0,29.0,29.0,24.0,99.5,0.03948887223887218,3,1
random,200,17,164,165.0,178.0,168.0,167.0,176.0,176.0,167.0,99.5,0.03948887223887218,3,1
random,200,17,165,12.0,20.0,17.0,17.0,18.0,18.0,14.0,99.5,0.03948887223887218,3,1
random,200,17,166,165.0,165.0,172.0,173.0,170.0,170.0,173.0,99.5,0.03948887223887218,3,1
random,200,17,167,142.0,145.0,156.0,156.0,149.0,149.0,157.0,99.5,0.03948887223887218,3,1
random,200,17,168,193.0,189.0,198.0,198.0,191.0,191.0,198.0,99.5,0.03948887223887218,3,1
random,200,17,169,83.0,101.0,105.0,102.0,100.0,100.0,96.0,99.5,0.03948887223887218,3,1
random,200,17,170,142.0,194.0,169.0,168.0,189.0,189.0,142.0,99.5,0.03948887223887218,3,1
random,200,17,171,58.0,81.0,76.0,75.0,82.0,82.0,67.0,99.5,0.03948887223887218,3,1
random,200,17,172,184.0,184.0,180.0,177.0,186.0,186.0,187.0,99.5,0.03948887223887218,3,1
random,200,17,173,38.0,46.0,58.0,59.0,47.0,47.0,53.0,99.5,0.03948887223887218,3,1
random,200,17,174,142.0,150.0,157.0,158.0,150.0,150.0,158.0,99.5,0.03948887223887218,3,1
random,200,17,175,108.0,119.0,126.0,123.0,125.0,125.0,128.0,99.5,0.03948887223887218,3,1
random,200,17,176,184.0,196.0,190.0,190.0,196.0,196.0,185.0,99.5,0.03948887223887218,3,1
random,200,17,177,83.0,127.0,107.0,106.0,115.0,115.0,92.0,99.5,0.03948887223887218,3,1
random,200,17,178,38.0,24.0,43.0,44.0,33.0,33.0,55.0,99.5,0.03948887223887218,3,1
random,200,17,179,1.0,1.0,1.0,1.0,1.0,1.0,1.0,99.5,0.03948887223887218,3,1
random,200,17,180,38.0,51.0,25.0,25.0,52.0,52.0,38.0,99.5,0.03948887223887218,3,1
random,200,17,181,22.0,32.0,52.0,54.0,31.0,31.0,33.0,99.5,0.03948887223887218,3,1
random,200,17,182,142.0,166.0,152.0,153.0,168.0,168.0,145.0,99.5,0.03948887223887218,3,1
random,200,17,183,142.0,139.0,161.0,159.0,142.0,142.0,160.0,99.5,0.03948887223887218,3,1
random,200,17,184,2.0,3.0,3.0,2.0,3.0,3.0,3.0,99.5,0.03948887223887218,3,1
random,200,17,185,12.0,27.0,22.0,24.0,25.0,25.0,18.0,99.5,0.03948887223887218,3,1
random,200,17,186,193.0,185.0,195.0,195.0,187.0,187.0,197.0,99.5,0.03948887223887218,3,1
random,200,17,187,142.0,169.0,136.0,135.0,161.0,161.0,143.0,99.5,0.03948887223887218,3,1
random,200,17,188,38.0,51.0,53.0,51.0,48.0,48.0,49.0,99.5,0.03948887223887218,3,1
random,200,17,189,58.0,69.0,50.0,47.0,73.0,73.0,61.0,99.5,0.03948887223887218,3,1
random,200,17,190,22.0,18.0,24.0,22.0,23.0,23.0,25.0,99.5,0.03948887223887218,3,1
random,200,17,191,58.0,81.0,72.0,77.0,84.0,84.0,71.0,99.5,0.03948887223887218,3,1
random,200,17,192,142.0,164.0,158.0,157.0,160.0,160.0,152.0,99.5,0.03948887223887218,3,1
random,200,17,193,108.0,99.0,144.0,144.0,104.0,104.0,140.0,99.5,0.03948887223887218,3,1
random,200,17,194,12.0,20.0,15.0,14.0,20.0,20.0,15.0,99.5,0.03948887223887218,3,1
random,200,17,195,108.0,122.0,135.0,133.0,122.0,122.0,133.0,99.5,0.03948887223887218,3,1
random,200,17,196,83.0,76.0,73.0,73.0,79.0,79.0,100.0,99.5,0.03948887223887218,3,1
random,200,17,197,165.0,186.0,188.0,188.0,184.0,184.0,177.0,99.5,0.03948887223887218,3,1
random,200,17,198,193.0,199.0,197.0,197.0,198.0,198.0,193.0,99.5,0.03948887223887218,3,1
random,200,17,199,142.0,171.0,146.0,145.0,167.0,167.0,147.0,99.5,0.03948887223887218,3,1
random,200,18,0,134.0,113.0,154.0,155.0,121.0,121.0,154.0,99.5,0.03193012543012542,3,2
random,200,18,1,160.0,149.0,146.0,145.0,160.0,160.0,165.0,99.5,0.03193012543012542,3,2
random,200,18,2,7.0,6.0,4.0,4.0,6.0,6.0,8.0,99.5,0.03193012543012542,3,2
random,200,18,3,134.0,144.0,142.0,141.0,150.0,150.0,139.0,99.5,0.03193012543012542,3,2
random,200,18,4,28.0,31.0,39.0,39.0,30.0,30.0,32.0,99.5,0.03193012543012542,3,2
random,200,18,5,75.0,84.0,96.0,102.0,82.0,82.0,102.0,99.5,0.03193012543012542,3,2
random,200,18,6,134.0,162.0,114.0,114.0,162.0,162.0,135.0,99.5,0.03193012543012542,3,2
random,200,18,7,110.0,106.0,130.0,127.0,109.0,109.0,128.0,99.5,0.03193012543012542,3,2
random,200,18,8,134.0,133.0,160.0,160.0,138.0,138.0,158.0,99.5,0.03193012543012542,3,2
random,200,18,9,75.0,116.0,83.0,81.0,112.0,112.0,82.0,99.5,0.03193012543012542,3,2
random,200,18,10,160.0,130.0,181.0,181.0,144.0,144.0,180.0,99.5,0.03193012543012542,3,2
random,200,18,11,75.0,91.0,82.0,82.0,87.0,87.0,92.0,99.5,0.03193012543012542,3,2
random,200,18,12,59.0,64.0,90.0,89.0,64.0,64.0,73.0,99.5,0.03193012543012542,3,2
random,200,18,13,17.0,17.0,21.0,20.0,15.0,15.0,26.0,99.5,0.03193012543012542,3,2
random,200,18,14,75.0,118.0,87.0,94.0,111.0,111.0,90.0,99.5,0.03193012543012542,3,2
random,200,18,15,160.0,157.0,176.0,175.0,159.0,159.0,177.0,99.5,0.03193012543012542,3,2
random,200,18,16,134.0,169.0,147.0,148.0,164.0,164.0,137.0,99.5,0.03193012543012542,3,2
random,200,18,17,134.0,133.0,152.0,152.0,140.0,140.0,147.0,99.5,0.03193012543012542,3,2
random,200,18,18,36.0,78.0,50.0,51.0,73.0,73.0,42.0,99.5,0.03193012543012542,3,2
random,200,18,19,195.0,197.0,198.0,198.0,197.0,197.0,196.0,99.5,0.03193012543012542,3,2
random,200,18,20,134.0,110.0,141.0,143.0,117.0,117.0,155.0,99.5,0.03193012543012542,3,2
random,200,18,21,110.0,130.0,128.0,125.0,131.0,131.0,123.0,99.5,0.03193012543012542,3,2
random,200,18,22,75.0,125.0,76.0,74.0,119.0,119.0,80.0,99.5,0.03193012543012542,3,2
random,200,18,23,3.0,4.0,7.0,8.0,3.0,3.0,5.0,99.5,0.03193012543012542,3,2
random,200,18,24,59.0,116.0,43.0,41.0,104.0,104.0,58.0,99.5,0.03193012543012542,3,2
random,200,18,25,182.0,195.0,196.0,196.0,195.0,195.0,185.0,99.5,0.03193012543012542,3,2
random,200,18,26,110.0,86.0,119.0,122.0,94.0,94.0,130.0,99.5,0.03193012543012542,3,2
random,200,18,27,75.0,69.0,78.0,78.0,74.0,74.0,94.0,99.5,0.03193012543012542,3,2
random,200,18,28,75.0,57.0,88.0,93.0,65.0,65.0,108.0,99.5,0.03193012543012542,3,2
random,200,18,29,160.0,182.0,168.0,168.0,181.0,181.0,164.0,99.5,0.03193012543012542,3,2
random,200,18,30,59.0,69.0,77.0,77.0,70.0,70.0,71.0,99.5,0.03193012543012542,3,2
random,200,18,31,160.0,165.0,171.0,169.0,169.0,169.0,170.0,99.5,0.03193012543012542,3,2
random,200,18,32,160.0,174.0,174.0,173.0,173.0,173.0,176.0,99.5,0.03193012543012542,3,2
random,200,18,33,28.0,25.0,25.0,25.0,27.0,27.0,30.0,99.5,0.03193012543012542,3,2
random,200,18,34,110.0,141.0,95.0,90.0,136.0,136.0,114.0,99.5,0.03193012543012542,3,2
random,200,18,35,75.0,107.0,105.0,107.0,101.0,101.0,91.0,99.5,0.03193012543012542,3,2
random,200,18,36,182.0,190.0,192.0,193.0,190.0,190.0,191.0,99.5,0.03193012543012542,3,2
random,200,18,37,160.0,184.0,144.0,144.0,184.0,184.0,161.0,99.5,0.03193012543012542,3,2
random,200,18,38,160.0,175.0,157.0,157.0,177.0,177.0,162.0,99.5,0.03193012543012542,3,2
random,200,18,39,59.0,86.0,52.0,52.0,81.0,81.0,60.0,99.5,0.03193012543012542,3,2
random,200,18,40,36.0,51.0,45.0,44.0,57.0,57.0,47.0,99.5,0.03193012543012542,3,2
random,200,18,41,59.0,61.0,65.0,68.0,63.0,63.0,67.0,99.5,0.03193012543012542,3,2
random,200,18,42,75.0,78.0,75.0,73.0,79.0,79.0,89.0,99.5,0.03193012543012542,3,2
random,200,18,43,1.0,2.0,2.0,2.0,2.0,2.0,2.0,99.5,0.03193012543012542,3,2
random,200,18,44,160.0,147.0,172.0,172.0,152.0,152.0,178.0,99.5,0.03193012543012542,3,2
random,200,18,45,36.0,47.0,73.0,75.0,45.0,45.0,57.0,99.5,0.03193012543012542,3,2
random,200,18,46,36.0,53.0,47.0,46.0,50.0,50.0,46.0,99.5,0.03193012543012542,3,2
random,200,18,47,59.0,95.0,71.0,71.0,88.0,88.0,61.0,99.5,0.03193012543012542,3,2
random,200,18,48,182.0,194.0,182.0,182.0,194.0,194.0,183.0,99.5,0.03193012543012542,3,2
random,200,18,49,134.0,118.0,145.0,147.0,123.0,123.0,153.0,99.5,0.03193012543012542,3,2
random,200,18,50,134.0,84.0,159.0,159.0,91.0,91.0,160.0,99.5,0.03193012543012542,3,2
random,200,18,51,36.0,33.0,29.0,26.0,34.0,34.0,43.0,99.5,0.03193012543012542,3,2
random,200,18,52,75.0,130.0,115.0,113.0,125.0,125.0,84.0,99.5,0.03193012543012542,3,2
random,200,18,53,75.0,103.0,70.0,67.0,102.0,102.0,75.0,99.5,0.03193012543012542,3,2
random,200,18,54,75.0,74.0,108.0,109.0,80.0,80.0,105.0,99.5,0.03193012543012542,3,2
random,200,18,55,59.0,47.0,69.0,70.0,54.0,54.0,72.0,99.5,0.03193012543012542,3,2
random,200,18,56,110.0,139.0,132.0,131.0,132.0,132.0,126.0,99.5,0.03193012543012542,3,2
random,200,18,57,75.0,109.0,57.0,58.0,105.0,105.0,77.0,99.5,0.03193012543012542,3,2
random,200,18,58,110.0,103.0,127.0,128.0,105.0,105.0,129.0,99.5,0.03193012543012542,3,2
random,200,18,59,36.0,31.0,53.0,54.0,32.0,32.0,55.0,99.5,0.03193012543012542,3,2
random,200,18,60,36.0,45.0,37.0,37.0,42.0,42.0,44.0,99.5,0.03193012543012542,3,2
random,200,18,61,36.0,56.0,40.0,40.0,50.0,50.0,45.0,99.5,0.03193012543012542,3,2
random,200,18,62,59.0,41.0,79.0,79.0,47.0,47.0,74.0,99.5,0.03193012543012542,3,2
random,200,18,63,36.0,69.0,44.0,47.0,66.0,66.0,40.0,99.5,0.03193012543012542,3,2
random,200,18,64,110.0,149.0,122.0,121.0,145.0,145.0,111.0,99.5,0.03193012543012542,3,2
random,200,18,65,75.0,95.0,106.0,110.0,96.0,96.0,97.0,99.5,0.03193012543012542,3,2
random,200,18,66,200.0,200.0,200.0,200.0,200.0,200.0,200.0,99.5,0.03193012543012542,3,2
random,200,18,67,134.0,171.0,161.0,161.0,167.0,167.0,144.0,99.5,0.03193012543012542,3,2
random,200,18,68,199.0,198.0,199.0,199.0,198.0,198.0,199.0,99.5,0.03193012543012542,3,2
random,200,18,69,160.0,165.0,178.0,176.0,166.0,166.0,169.0,99.5,0.03193012543012542,3,2
random,200,18,70,59.0,47.0,61.0,61.0,58.0,58.0,68.0,99.5,0.03193012543012542,3,2
random,200,18,71,182.0,185.0,153.0,153.0,185.0,185.0,182.0,99.5,0.03193012543012542,3,2
random,200,18,72,134.0,152.0,134.0,130.0,156.0,156.0,134.0,99.5,0.03193012543012542,3,2
random,200,18,73,110.0,121.0,125.0,123.0,120.0,120.0,122.0,99.5,0.03193012543012542,3,2
random,200,18,74,28.0,26.0,35.0,35.0,29.0,29.0,35.0,99.5,0.03193012543012542,3,2
random,200,18,75,36.0,29.0,49.0,50.0,32.0,32.0,54.0,99.5,0.03193012543012542,3,2
random,200,18,76,182.0,188.0,184.0,184.0,188.0,188.0,187.0,99.5,0.03193012543012542,3,2
random,200,18,77,75.0,92.0,81.0,80.0,90.0,90.0,86.0,99.5,0.03193012543012542,3,2
random,200,18,78,110.0,88.0,112.0,115.0,95.0,95.0,127.0,99.5,0.03193012543012542,3,2
random,200,18,79,182.0,188.0,186.0,185.0,189.0,189.0,189.0,99.5,0.03193012543012542,3,2
random,200,18,80,17.0,15.0,20.0,22.0,16.0,16.0,21.0,99.5,0.03193012543012542,3,2
random,200,18,81,17.0,26.0,28.0,30.0,26.0,26.0,24.0,99.5,0.03193012543012542,3,2
random,200,18,82,75.0,113.0,67.0,65.0,108.0,108.0,79.0,99.5,0.03193012543012542,3,2
random,200,18,83,28.0,35.0,30.0,27.0,34.0,34.0,29.0,99.5,0.03193012543012542,3,2
random,200,18,84,59.0,47.0,60.0,57.0,59.0,59.0,66.0,99.5,0.03193012543012542,3,2
random,200,18,85,182.0,175.0,190.0,191.0,178.0,178.0,193.0,99.5,0.03193012543012542,3,2
random,200,18,86,75.0,97.0,74.0,76.0,96.0,96.0,87.0,99.5,0.03193012543012542,3,2
random,200,18,87,75.0,93.0,100.0,100.0,89.0,89.0,98.0,99.5,0.03193012543012542,3,2
random,200,18,88,75.0,149.0,85.0,84.0,137.0,137.0,76.0,99.5,0.03193012543012542,3,2
random,200,18,89,134.0,165.0,164.0,164.0,161.0,161.0,150.0,99.5,0.03193012543012542,3,2
random,200,18,90,17.0,23.0,17.0,13.0,22.0,22.0,17.0,99.5,0.03193012543012542,3,2
random,200,18,91,17.0,26.0,16.0,16.0,27.0,27.0,18.0,99.5,0.03193012543012542,3,2
random,200,18,92,110.0,74.0,133.0,133.0,86.0,86.0,132.0,99.5,0.03193012543012542,3,2
random,200,18,93,17.0,17.0,22.0,23.0,19.0,19.0,23.0,99.5,0.03193012543012542,3,2
random,200,18,94,36.0,57.0,48.0,49.0,56.0,56.0,48.0,99.5,0.03193012543012542,3,2
random,200,18,95,195.0,190.0,197.0,197.0,191.0,191.0,198.0,99.5,0.03193012543012542,3,2
random,200,18,96,134.0,162.0,138.0,139.0,158.0,158.0,138.0,99.5,0.03193012543012542,3,2
random,200,18,97,160.0,144.0,158.0,156.0,152.0,152.0,168.0,99.5,0.03193012543012542,3,2
random,200,18,98,75.0,72.0,84.0,83.0,77.0,77.0,99.0,99.5,0.03193012543012542,3,2
random,200,18,99,160.0,171.0,169.0,170.0,175.0,175.0,172.0,99.5,0.03193012543012542,3,2
random,200,18,100,134.0,147.0,143.0,142.0,148.0,148.0,145.0,99.5,0.03193012543012542,3,2
random,200,18,101,110.0,136.0,101.0,99.0,133.0,133.0,112.0,99.5,0.03193012543012542,3,2
random,200,18,102,28.0,57.0,42.0,42.0,49.0,49.0,31.0,99.5,0.03193012543012542,3,2
random,200,18,103,160.0,159.0,165.0,165.0,170.0,170.0,167.0,99.5,0.03193012543012542,3,2
random,200,18,104,160.0,152.0,167.0,166.0,163.0,163.0,173.0,99.5,0.03193012543012542,3,2
random,200,18,105,110.0,110.0,118.0,116.0,115.0,115.0,117.0,99.5,0.03193012543012542,3,2
random,200,18,106,59.0,83.0,66.0,64.0,77.0,77.0,63.0,99.5,0.03193012543012542,3,2
random,200,18,107,59.0,57.0,54.0,56.0,60.0,60.0,62.0,99.5,0.03193012543012542,3,2
random,200,18,108,3.0,12.0,10.0,9.0,9.0,9.0,4.0,99.5,0.03193012543012542,3,2
random,200,18,109,11.0,9.0,8.0,7.0,11.0,11.0,15.0,99.5,0.03193012543012542,3,2
random,200,18,110,59.0,36.0,56.0,53.0,44.0,44.0,64.0,99.5,0.03193012543012542,3,2
random,200,18,111,195.0,199.0,193.0,192.0,199.0,199.0,195.0,99.5,0.03193012543012542,3,2
random,200,18,112,182.0,192.0,188.0,188.0,192.0,192.0,184.0,99.5,0.03193012543012542,3,2
random,200,18,113,28.0,13.0,32.0,32.0,18.0,18.0,33.0,99.5,0.03193012543012542,3,2
random,200,18,114,3.0,4.0,9.0,10.0,4.0,4.0,6.0,99.5,0.03193012543012542,3,2
random,200,18,115,7.0,10.0,13.0,12.0,10.0,10.0,9.0,99.5,0.03193012543012542,3,2
random,200,18,116,110.0,97.0,104.0,103.0,100.0,100.0,125.0,99.5,0.03193012543012542,3,2
random,200,18,117,160.0,103.0,185.0,186.0,115.0,115.0,181.0,99.5,0.03193012543012542,3,2
random,200,18,118,110.0,88.0,126.0,132.0,92.0,92.0,133.0,99.5,0.03193012543012542,3,2
random,200,18,119,75.0,94.0,91.0,87.0,93.0,93.0,95.0,99.5,0.03193012543012542,3,2
random,200,18,120,160.0,159.0,140.0,140.0,165.0,165.0,163.0,99.5,0.03193012543012542,3,2
random,200,18,121,110.0,102.0,110.0,108.0,109.0,109.0,121.0,99.5,0.03193012543012542,3,2
random,200,18,122,134.0,162.0,136.0,137.0,155.0,155.0,141.0,99.5,0.03193012543012542,3,2
random,200,18,123,36.0,39.0,63.0,66.0,38.0,38.0,56.0,99.5,0.03193012543012542,3,2
random,200,18,124,75.0,78.0,94.0,97.0,83.0,83.0,100.0,99.5,0.03193012543012542,3,2
random,200,18,125,134.0,110.0,170.0,171.0,117.0,117.0,159.0,99.5,0.03193012543012542,3,2
random,200,18,126,17.0,19.0,33.0,36.0,19.0,19.0,27.0,99.5,0.03193012543012542,3,2
random,200,18,127,75.0,97.0,117.0,118.0,98.0,98.0,96.0,99.5,0.03193012543012542,3,2
random,200,18,128,75.0,65.0,92.0,88.0,71.0,71.0,106.0,99.5,0.03193012543012542,3,2
random,200,18,129,160.0,183.0,179.0,179.0,182.0,182.0,171.0,99.5,0.03193012543012542,3,2
random,200,18,130,134.0,179.0,137.0,136.0,174.0,174.0,136.0,99.5,0.03193012543012542,3,2
random,200,18,131,75.0,128.0,103.0,98.0,122.0,122.0,81.0,99.5,0.03193012543012542,3,2
random,200,18,132,11.0,20.0,12.0,15.0,17.0,17.0,12.0,99.5,0.03193012543012542,3,2
random,200,18,133,75.0,78.0,102.0,106.0,84.0,84.0,101.0,99.5,0.03193012543012542,3,2
random,200,18,134,110.0,158.0,135.0,135.0,147.0,147.0,115.0,99.5,0.03193012543012542,3,2
random,200,18,135,11.0,13.0,6.0,5.0,13.0,13.0,13.0,99.5,0.03193012543012542,3,2
random,200,18,136,11.0,15.0,18.0,18.0,14.0,14.0,14.0,99.5,0.03193012543012542,3,2
random,200,18,137,134.0,178.0,166.0,167.0,172.0,172.0,140.0,99.5,0.03193012543012542,3,2
random,200,18,138,75.0,113.0,98.0,96.0,113.0,113.0,85.0,99.5,0.03193012543012542,3,2
random,200,18,139,3.0,8.0,5.0,6.0,7.0,7.0,3.0,99.5,0.03193012543012542,3,2
random,200,18,140,110.0,97.0,123.0,124.0,103.0,103.0,131.0,99.5,0.03193012543012542,3,2
random,200,18,141,160.0,141.0,180.0,180.0,148.0,148.0,179.0,99.5,0.03193012543012542,3,2
random,200,18,142,7.0,7.0,3.0,3.0,8.0,8.0,7.0,99.5,0.03193012543012542,3,2
random,200,18,143,36.0,65.0,36.0,33.0,62.0,62.0,36.0,99.5,0.03193012543012542,3,2
random,200,18,144,17.0,23.0,19.0,19.0,22.0,22.0,19.0,99.5,0.03193012543012542,3,2
random,200,18,145,28.0,22.0,38.0,38.0,24.0,24.0,34.0,99.5,0.03193012543012542,3,2
random,200,18,146,36.0,53.0,41.0,43.0,53.0,53.0,49.0,99.5,0.03193012543012542,3,2
random,200,18,147,75.0,152.0,113.0,111.0,135.0,135.0,88.0,99.5,0.03193012543012542,3,2
random,200,18,148,28.0,51.0,27.0,28.0,40.0,40.0,28.0,99.5,0.03193012543012542,3,2
random,200,18,149,36.0,53.0,31.0,29.0,50.0,50.0,38.0,99.5,0.03193012543012542,3,2
random,200,18,150,36.0,45.0,80.0,86.0,46.0,46.0,59.0,99.5,0.03193012543012542,3,2
random,200,18,151,36.0,68.0,46.0,45.0,68.0,68.0,39.0,99.5,0.03193012543012542,3,2
random,200,18,152,110.0,141.0,109.0,104.0,143.0,143.0,110.0,99.5,0.03193012543012542,3,2
random,200,18,153,134.0,123.0,139.0,138.0,128.0,128.0,152.0,99.5,0.03193012543012542,3,2
random,200,18,154,182.0,193.0,187.0,187.0,193.0,193.0,186.0,99.5,0.03193012543012542,3,2
random,200,18,155,160.0,159.0,177.0,178.0,168.0,168.0,174.0,99.5,0.03193012543012542,3,2
random,200,18,156,134.0,136.0,151.0,151.0,146.0,146.0,143.0,99.5,0.03193012543012542,3,2
random,200,18,157,110.0,124.0,121.0,120.0,126.0,126.0,116.0,99.5,0.03193012543012542,3,2
random,200,18,158,75.0,88.0,111.0,112.0,85.0,85.0,103.0,99.5,0.03193012543012542,3,2
random,200,18,159,134.0,136.0,148.0,149.0,142.0,142.0,148.0,99.5,0.03193012543012542,3,2
random,200,18,160,134.0,169.0,156.0,158.0,157.0,157.0,146.0,99.5,0.03193012543012542,3,2
random,200,18,161,17.0,21.0,23.0,21.0,21.0,21.0,25.0,99.5,0.03193012543012542,3,2
random,200,18,162,75.0,97.0,97.0,95.0,98.0,98.0,93.0,99.5,0.03193012543012542,3,2
random,200,18,163,59.0,37.0,64.0,62.0,48.0,48.0,70.0,99.5,0.03193012543012542,3,2
random,200,18,164,17.0,29.0,26.0,31.0,25.0,25.0,22.0,99.5,0.03193012543012542,3,2
random,200,18,165,75.0,74.0,99.0,101.0,76.0,76.0,107.0,99.5,0.03193012543012542,3,2
random,200,18,166,11.0,10.0,15.0,17.0,12.0,12.0,16.0,99.5,0.03193012543012542,3,2
random,200,18,167,36.0,72.0,51.0,48.0,69.0,69.0,41.0,99.5,0.03193012543012542,3,2
random,200,18,168,134.0,152.0,163.0,163.0,151.0,151.0,149.0,99.5,0.03193012543012542,3,2
random,200,18,169,1.0,1.0,1.0,1.0,1.0,1.0,1.0,99.5,0.03193012543012542,3,2
random,200,18,170,11.0,61.0,14.0,11.0,37.0,37.0,10.0,99.5,0.03193012543012542,3,2
random,200,18,171,36.0,37.0,58.0,60.0,39.0,39.0,53.0,99.5,0.03193012543012542,3,2
random,200,18,172,182.0,181.0,183.0,183.0,183.0,183.0,190.0,99.5,0.03193012543012542,3,2
random,200,18,173,182.0,173.0,194.0,194.0,179.0,179.0,194.0,99.5,0.03193012543012542,3,2
random,200,18,174,36.0,74.0,34.0,34.0,66.0,66.0,37.0,99.5,0.03193012543012542,3,2
random,200,18,175,36.0,33.0,59.0,59.0,36.0,36.0,50.0,99.5,0.03193012543012542,3,2
random,200,18,176,110.0,118.0,93.0,91.0,114.0,114.0,119.0,99.5,0.03193012543012542,3,2
random,200,18,177,75.0,65.0,86.0,85.0,71.0,71.0,104.0,99.5,0.03193012543012542,3,2
random,200,18,178,59.0,78.0,68.0,69.0,75.0,75.0,65.0,99.5,0.03193012543012542,3,2
random,200,18,179,134.0,125.0,149.0,150.0,134.0,134.0,151.0,99.5,0.03193012543012542,3,2
random,200,18,180,160.0,175.0,175.0,177.0,176.0,176.0,175.0,99.5,0.03193012543012542,3,2
random,200,18,181,134.0,133.0,173.0,174.0,139.0,139.0,156.0,99.5,0.03193012543012542,3,2
random,200,18,182,134.0,152.0,155.0,154.0,152.0,152.0,142.0,99.5,0.03193012543012542,3,2
random,200,18,183,36.0,39.0,55.0,55.0,41.0,41.0,51.0,99.5,0.03193012543012542,3,2
random,200,18,184,160.0,196.0,150.0,146.0,196.0,196.0,157.0,99.5,0.03193012543012542,3,2
random,200,18,185,182.0,180.0,189.0,189.0,180.0,180.0,192.0,99.5,0.03193012543012542,3,2
random,200,18,186,110.0,144.0,120.0,119.0,141.0,141.0,113.0,99.5,0.03193012543012542,3,2
random,200,18,187,110.0,122.0,124.0,126.0,123.0,123.0,120.0,99.5,0.03193012543012542,3,2
random,200,18,188,36.0,41.0,62.0,63.0,42.0,42.0,52.0,99.5,0.03193012543012542,3,2
random,200,18,189,195.0,186.0,195.0,195.0,187.0,187.0,197.0,99.5,0.03193012543012542,3,2
random,200,18,190,59.0,61.0,72.0,72.0,60.0,60.0,69.0,99.5,0.03193012543012542,3,2
random,200,18,191,17.0,41.0,24.0,24.0,31.0,31.0,20.0,99.5,0.03193012543012542,3,2
random,200,18,192,7.0,3.0,11.0,14.0,5.0,5.0,11.0,99.5,0.03193012543012542,3,2
random,200,18,193,182.0,187.0,191.0,190.0,186.0,186.0,188.0,99.5,0.03193012543012542,3,2
random,200,18,194,75.0,41.0,116.0,117.0,54.0,54.0,109.0,99.5,0.03193012543012542,3,2
random,200,18,195,75.0,107.0,89.0,92.0,105.0,105.0,83.0,99.5,0.03193012543012542,3,2
random,200,18,196,160.0,165.0,162.0,162.0,171.0,171.0,166.0,99.5,0.03193012543012542,3,2
random,200,18,197,75.0,139.0,107.0,105.0,130.0,130.0,78.0,99.5,0.03193012543012542,3,2
random,200,18,198,110.0,128.0,129.0,129.0,129.0,129.0,118.0,99.5,0.03193012543012542,3,2
random,200,18,199,110.0,125.0,131.0,134.0,127.0,127.0,124.0,99.5,0.03193012543012542,3,2
