small-world/scale-free,400,21,0,7.0,9.0,7.0,7.0,9.0,9.0,8.0,199.5,0.3065783446464408,4,1
small-world/scale-free,400,21,1,4.0,4.0,4.0,4.0,4.0,4.0,5.0,199.5,0.3065783446464408,4,1
small-world/scale-free,400,21,2,7.0,6.0,8.0,8.0,7.0,7.0,7.0,199.5,0.3065783446464408,4,1
small-world/scale-free,400,21,3,1.0,1.0,1.0,1.0,1.0,1.0,1.0,199.5,0.3065783446464408,4,1
small-world/scale-free,400,21,4,3.0,2.0,2.0,2.0,2.0,2.0,3.0,199.5,0.3065783446464408,4,1
small-world/scale-free,400,21,5,22.0,10.0,29.0,29.0,12.0,12.0,27.0,199.5,0.3065783446464408,4,1
small-world/scale-free,400,21,6,16.0,14.0,16.0,16.0,14.0,14.0,19.0,199.5,0.3065783446464408,4,1
small-world/scale-free,400,21,7,168.0,28.0,317.0,332.0,35.0,35.0,241.0,199.5,0.3065783446464408,4,1
small-world/scale-free,400,21,8,6.0,8.0,6.0,6.0,6.0,6.0,6.0,199.5,0.3065783446464408,4,1
small-world/scale-free,400,21,9,22.0,13.0,19.0,19.0,13.0,13.0,23.0,199.5,0.3065783446464408,4,1
small-world/scale-free,400,21,10,10.0,6.0,9.0,9.0,8.0,8.0,10.0,199.5,0.3065783446464408,4,1
small-world/scale-free,400,21,11,14.0,15.0,15.0,15.0,15.0,15.0,14.0,199.5,0.3065783446464408,4,1
small-world/scale-free,400,21,12,44.0,51.0,59.0,58.0,53.0,53.0,49.0,199.5,0.3065783446464408,4,1
small-world/scale-free,400,21,13,51.0,89.0,90.0,93.0,75.0,75.0,62.0,199.5,0.3065783446464408,4,1
small-world/scale-free,400,21,14,44.0,21.0,93.0,96.0,25.0,25.0,48.0,199.5,0.3065783446464408,4,1
small-world/scale-free,400,21,15,44.0,46.0,44.0,46.0,44.0,44.0,47.0,199.5,0.3065783446464408,4,1
small-world/scale-free,400,21,16,15.0,16.0,17.0,17.0,16.0,16.0,15.0,199.5,0.3065783446464408,4,1
small-world/scale-free,400,21,17,2.0,3.0,3.0,3.0,3.0,3.0,2.0,199.5,0.3065783446464408,4,1
small-world/scale-free,400,21,18,12.0,11.0,13.0,13.0,10.0,10.0,13.0,199.5,0.3065783446464408,4,1
small-world/scale-free,400,21,19,11.0,19.0,12.0,11.0,17.0,17.0,11.0,199.5,0.3065783446464408,4,1
small-world/scale-free,400,21,20,63.0,132.0,135.0,131.0,124.0,124.0,80.0,199.5,0.3065783446464408,4,1
small-world/scale-free,400,21,21,38.0,17.0,41.0,43.0,19.0,19.0,43.0,199.5,0.3065783446464408,4,1
small-world/scale-free,400,21,22,116.0,184.0,160.0,169.0,177.0,177.0,167.0,199.5,0.3065783446464408,4,1
small-world/scale-free,400,21,23,51.0,169.0,62.0,62.0,156.0,156.0,59.0,199.5,0.3065783446464408,4,1
small-world/scale-free,400,21,24,51.0,76.0,47.0,47.0,72.0,72.0,61.0,199.5,0.3065783446464408,4,1
small-world/scale-free,400,21,25,4.0,5.0,5.0,5.0,5.0,5.0,4.0,199.5,0.3065783446464408,4,1
small-world/scale-free,400,21,26,38.0,23.0,43.0,45.0,24.0,24.0,42.0,199.5,0.3065783446464408,4,1
small-world/scale-free,400,21,27,25.0,59.0,34.0,32.0,47.0,47.0,28.0,199.5,0.3065783446464408,4,1
small-world/scale-free,400,21,28,19.0,65.0,23.0,22.0,43.0,43.0,21.0,199.5,0.3065783446464408,4,1
small-world/scale-free,400,21,29,25.0,40.0,22.0,23.0,31.0,31.0,26.0,199.5,0.3065783446464408,4,1
small-world/scale-free,400,21,30,44.0,20.0,40.0,40.0,23.0,23.0,46.0,199.5,0.3065783446464408,4,1
small-world/scale-free,400,21,31,81.0,58.0,99.0,103.0,58.0,58.0,115.0,199.5,0.3065783446464408,4,1
small-world/scale-free,400,21,32,9.0,21.0,10.0,10.0,18.0,18.0,9.0,199.5,0.3065783446464408,4,1
small-world/scale-free,400,21,33,81.0,34.0,191.0,188.0,39.0,39.0,109.0,199.5,0.3065783446464408,4,1
small-world/scale-free,400,21,34,30.0,65.0,27.0,27.0,56.0,56.0,32.0,199.5,0.3065783446464408,4,1
small-world/scale-free,400,21,35,63.0,62.0,57.0,56.0,62.0,62.0,70.0,199.5,0.3065783446464408,4,1
small-world/scale-free,400,21,36,44.0,67.0,42.0,41.0,64.0,64.0,45.0,199.5,0.3065783446464408,4,1
small-world/scale-free,400,21,37,81.0,115.0,89.0,90.0,113.0,113.0,107.0,199.5,0.3065783446464408,4,1
small-world/scale-free,400,21,38,63.0,119.0,105.0,107.0,117.0,117.0,76.0,199.5,0.3065783446464408,4,1
small-world/scale-free,400,21,39,168.0,166.0,240.0,233.0,178.0,178.0,229.0,199.5,0.3065783446464408,4,1
small-world/scale-free,400,21,40,38.0,111.0,37.0,37.0,96.0,96.0,40.0,199.5,0.3065783446464408,4,1
small-world/scale-free,400,21,41,63.0,153.0,120.0,123.0,144.0,144.0,79.0,199.5,0.3065783446464408,4,1
small-world/scale-free,400,21,42,12.0,30.0,14.0,14.0,21.0,21.0,12.0,199.5,0.3065783446464408,4,1
small-world/scale-free,400,21,43,63.0,182.0,81.0,81.0,169.0,169.0,77.0,199.5,0.3065783446464408,4,1
small-world/scale-free,400,21,44,63.0,49.0,48.0,49.0,51.0,51.0,69.0,199.5,0.3065783446464408,4,1
small-world/scale-free,400,21,45,30.0,28.0,20.0,20.0,26.0,26.0,31.0,199.5,0.3065783446464408,4,1
small-world/scale-free,400,21,46,242.0,246.0,318.0,324.0,260.0,260.0,378.0,199.5,0.3065783446464408,4,1
small-world/scale-free,400,21,47,63.0,204.0,82.0,79.0,188.0,188.0,71.0,199.5,0.3065783446464408,4,1
small-world/scale-free,400,21,48,25.0,25.0,24.0,24.0,22.0,22.0,25.0,199.5,0.3065783446464408,4,1
small-world/scale-free,400,21,49,81.0,49.0,149.0,152.0,55.0,55.0,114.0,199.5,0.3065783446464408,4,1
small-world/scale-free,400,21,50,81.0,118.0,153.0,156.0,120.0,120.0,113.0,199.5,0.3065783446464408,4,1
small-world/scale-free,400,21,51,33.0,213.0,60.0,60.0,173.0,173.0,35.0,199.5,0.3065783446464408,4,1
small-world/scale-free,400,21,52,16.0,12.0,11.0,12.0,11.0,11.0,16.0,199.5,0.3065783446464408,4,1
small-world/scale-free,400,21,53,51.0,63.0,38.0,38.0,60.0,60.0,58.0,199.5,0.3065783446464408,4,1
small-world/scale-free,400,21,54,81.0,60.0,61.0,63.0,67.0,67.0,99.0,199.5,0.3065783446464408,4,1
small-world/scale-free,400,21,55,81.0,45.0,129.0,129.0,45.0,45.0,96.0,199.5,0.3065783446464408,4,1
small-world/scale-free,400,21,56,63.0,18.0,84.0,89.0,20.0,20.0,75.0,199.5,0.3065783446464408,4,1
small-world/scale-free,400,21,57,168.0,166.0,161.0,171.0,171.0,171.0,220.0,199.5,0.3065783446464408,4,1
small-world/scale-free,400,21,58,51.0,102.0,55.0,55.0,95.0,95.0,57.0,199.5,0.3065783446464408,4,1
small-world/scale-free,400,21,59,44.0,149.0,51.0,50.0,136.0,136.0,44.0,199.5,0.3065783446464408,4,1
small-world/scale-free,400,21,60,44.0,38.0,58.0,59.0,37.0,37.0,50.0,199.5,0.3065783446464408,4,1
small-world/scale-free,400,21,61,33.0,105.0,35.0,33.0,85.0,85.0,37.0,199.5,0.3065783446464408,4,1
small-world/scale-free,400,21,62,242.0,169.0,216.0,226.0,180.0,180.0,377.0,199.5,0.3065783446464408,4,1
small-world/scale-free,400,21,63,81.0,137.0,71.0,67.0,130.0,130.0,102.0,199.5,0.3065783446464408,4,1
small-world/scale-free,400,21,64,19.0,108.0,18.0,18.0,63.0,63.0,18.0,199.5,0.3065783446464408,4,1
small-world/scale-free,400,21,65,19.0,60.0,28.0,28.0,32.0,32.0,20.0,199.5,0.3065783446464408,4,1
small-world/scale-free,400,21,66,242.0,105.0,230.0,251.0,116.0,116.0,397.0,199.5,0.3065783446464408,4,1
small-world/scale-free,400,21,67,168.0,296.0,167.0,170.0,288.0,288.0,203.0,199.5,0.3065783446464408,4,1
small-world/scale-free,400,21,68,168.0,204.0,338.0,333.0,204.0,204.0,215.0,199.5,0.3065783446464408,4,1
small-world/scale-free,400,21,69,51.0,274.0,54.0,53.0,243.0,243.0,52.0,199.5,0.3065783446464408,4,1
small-world/scale-free,400,21,70,242.0,332.0,382.0,383.0,336.0,336.0,347.0,199.5,0.3065783446464408,4,1
small-world/scale-free,400,21,71,25.0,103.0,36.0,35.0,71.0,71.0,29.0,199.5,0.3065783446464408,4,1
small-world/scale-free,400,21,72,51.0,36.0,33.0,34.0,38.0,38.0,54.0,199.5,0.3065783446464408,4,1
small-world/scale-free,400,21,73,30.0,166.0,39.0,39.0,132.0,132.0,30.0,199.5,0.3065783446464408,4,1
small-world/scale-free,400,21,74,242.0,128.0,307.0,328.0,138.0,138.0,393.0,199.5,0.3065783446464408,4,1
small-world/scale-free,400,21,75,33.0,26.0,45.0,44.0,27.0,27.0,34.0,199.5,0.3065783446464408,4,1
small-world/scale-free,400,21,76,63.0,93.0,68.0,69.0,81.0,81.0,78.0,199.5,0.3065783446464408,4,1
small-world/scale-free,400,21,77,116.0,124.0,148.0,146.0,126.0,126.0,165.0,199.5,0.3065783446464408,4,1
small-world/scale-free,400,21,78,63.0,119.0,63.0,64.0,110.0,110.0,72.0,199.5,0.3065783446464408,4,1
small-world/scale-free,400,21,79,168.0,317.0,208.0,204.0,316.0,316.0,178.0,199.5,0.3065783446464408,4,1
small-world/scale-free,400,21,80,81.0,178.0,126.0,127.0,166.0,166.0,108.0,199.5,0.3065783446464408,4,1
small-world/scale-free,400,21,81,168.0,123.0,188.0,194.0,140.0,140.0,239.0,199.5,0.3065783446464408,4,1
small-world/scale-free,400,21,82,33.0,86.0,46.0,42.0,70.0,70.0,36.0,199.5,0.3065783446464408,4,1
small-world/scale-free,400,21,83,116.0,330.0,205.0,200.0,329.0,329.0,124.0,199.5,0.3065783446464408,4,1
small-world/scale-free,400,21,84,116.0,48.0,102.0,113.0,54.0,54.0,163.0,199.5,0.3065783446464408,4,1
small-world/scale-free,400,21,85,38.0,135.0,30.0,30.0,109.0,109.0,41.0,199.5,0.3065783446464408,4,1
small-world/scale-free,400,21,86,116.0,323.0,111.0,106.0,319.0,319.0,118.0,199.5,0.3065783446464408,4,1
small-world/scale-free,400,21,87,168.0,164.0,248.0,250.0,174.0,174.0,237.0,199.5,0.3065783446464408,4,1
small-world/scale-free,400,21,88,22.0,110.0,25.0,25.0,74.0,74.0,22.0,199.5,0.3065783446464408,4,1
small-world/scale-free,400,21,89,38.0,197.0,52.0,51.0,175.0,175.0,39.0,199.5,0.3065783446464408,4,1
small-world/scale-free,400,21,90,242.0,314.0,351.0,351.0,315.0,315.0,345.0,199.5,0.3065783446464408,4,1
small-world/scale-free,400,21,91,51.0,262.0,98.0,98.0,242.0,242.0,51.0,199.5,0.3065783446464408,4,1
small-world/scale-free,400,21,92,168.0,193.0,178.0,176.0,189.0,189.0,227.0,199.5,0.3065783446464408,4,1
small-world/scale-free,400,21,93,116.0,143.0,94.0,97.0,145.0,145.0,161.0,199.5,0.3065783446464408,4,1
small-world/scale-free,400,21,94,116.0,251.0,108.0,101.0,241.0,241.0,139.0,199.5,0.3065783446464408,4,1
small-world/scale-free,400,21,95,242.0,122.0,265.0,278.0,146.0,146.0,372.0,199.5,0.3065783446464408,4,1
small-world/scale-free,400,21,96,16.0,57.0,21.0,21.0,29.0,29.0,17.0,199.5,0.3065783446464408,4,1
small-world/scale-free,400,21,97,63.0,236.0,95.0,92.0,213.0,213.0,67.0,199.5,0.3065783446464408,4,1
small-world/scale-free,400,21,98,81.0,176.0,125.0,125.0,164.0,164.0,90.0,199.5,0.3065783446464408,4,1
small-world/scale-free,400,21,99,168.0,160.0,158.0,154.0,165.0,165.0,226.0,199.5,0.3065783446464408,4,1
small-world/scale-free,400,21,100,116.0,77.0,79.0,83.0,80.0,80.0,136.0,199.5,0.3065783446464408,4,1
small-world/scale-free,400,21,101,168.0,140.0,290.0,292.0,141.0,141.0,238.0,199.5,0.3065783446464408,4,1
small-world/scale-free,400,21,102,81.0,128.0,96.0,91.0,129.0,129.0,103.0,199.5,0.3065783446464408,4,1
small-world/scale-free,400,21,103,81.0,128.0,122.0,122.0,121.0,121.0,111.0,199.5,0.3065783446464408,4,1
small-world/scale-free,400,21,104,81.0,225.0,110.0,110.0,220.0,220.0,98.0,199.5,0.3065783446464408,4,1
small-world/scale-free,400,21,105,168.0,274.0,322.0,313.0,279.0,279.0,210.0,199.5,0.3065783446464408,4,1
small-world/scale-free,400,21,106,242.0,84.0,281.0,300.0,97.0,97.0,374.0,199.5,0.3065783446464408,4,1
small-world/scale-free,400,21,107,116.0,342.0,169.0,159.0,335.0,335.0,123.0,199.5,0.3065783446464408,4,1
small-world/scale-free,400,21,108,242.0,126.0,304.0,304.0,143.0,143.0,394.0,199.5,0.3065783446464408,4,1
small-world/scale-free,400,21,109,81.0,55.0,131.0,141.0,59.0,59.0,110.0,199.5,0.3065783446464408,4,1
small-world/scale-free,400,21,110,116.0,36.0,86.0,87.0,41.0,41.0,157.0,199.5,0.3065783446464408,4,1
small-world/scale-free,400,21,111,168.0,347.0,280.0,286.0,342.0,342.0,218.0,199.5,0.3065783446464408,4,1
small-world/scale-free,400,21,112,33.0,203.0,50.0,48.0,168.0,168.0,33.0,199.5,0.3065783446464408,4,1
small-world/scale-free,400,21,113,168.0,290.0,222.0,228.0,284.0,284.0,235.0,199.5,0.3065783446464408,4,1
small-world/scale-free,400,21,114,168.0,71.0,197.0,198.0,79.0,79.0,217.0,199.5,0.3065783446464408,4,1
small-world/scale-free,400,21,115,81.0,173.0,138.0,140.0,153.0,153.0,101.0,199.5,0.3065783446464408,4,1
small-world/scale-free,400,21,116,242.0,355.0,313.0,307.0,359.0,359.0,254.0,199.5,0.3065783446464408,4,1
small-world/scale-free,400,21,117,116.0,292.0,174.0,178.0,293.0,293.0,135.0,199.5,0.3065783446464408,4,1
small-world/scale-free,400,21,118,168.0,69.0,66.0,68.0,77.0,77.0,194.0,199.5,0.3065783446464408,4,1
small-world/scale-free,400,21,119,242.0,153.0,392.0,392.0,172.0,172.0,383.0,199.5,0.3065783446464408,4,1
small-world/scale-free,400,21,120,81.0,292.0,133.0,130.0,282.0,282.0,104.0,199.5,0.3065783446464408,4,1
small-world/scale-free,400,21,121,63.0,245.0,112.0,115.0,223.0,223.0,65.0,199.5,0.3065783446464408,4,1
small-world/scale-free,400,21,122,51.0,241.0,92.0,95.0,228.0,228.0,55.0,199.5,0.3065783446464408,4,1
small-world/scale-free,400,21,123,51.0,31.0,69.0,72.0,30.0,30.0,60.0,199.5,0.3065783446464408,4,1
small-world/scale-free,400,21,124,63.0,215.0,162.0,155.0,201.0,201.0,74.0,199.5,0.3065783446464408,4,1
small-world/scale-free,400,21,125,81.0,236.0,151.0,143.0,218.0,218.0,95.0,199.5,0.3065783446464408,4,1
small-world/scale-free,400,21,126,116.0,133.0,100.0,99.0,142.0,142.0,153.0,199.5,0.3065783446464408,4,1
small-world/scale-free,400,21,127,116.0,42.0,56.0,57.0,46.0,46.0,162.0,199.5,0.3065783446464408,4,1
small-world/scale-free,400,21,128,116.0,339.0,139.0,136.0,334.0,334.0,129.0,199.5,0.3065783446464408,4,1
small-world/scale-free,400,21,129,81.0,31.0,113.0,114.0,36.0,36.0,112.0,199.5,0.3065783446464408,4,1
small-world/scale-free,400,21,130,81.0,339.0,187.0,187.0,330.0,330.0,84.0,199.5,0.3065783446464408,4,1
small-world/scale-free,400,21,131,116.0,225.0,173.0,168.0,227.0,227.0,166.0,199.5,0.3065783446464408,4,1
small-world/scale-free,400,21,132,51.0,67.0,49.0,52.0,65.0,65.0,53.0,199.5,0.3065783446464408,4,1
small-world/scale-free,400,21,133,81.0,189.0,123.0,121.0,186.0,186.0,87.0,199.5,0.3065783446464408,4,1
small-world/scale-free,400,21,134,116.0,161.0,97.0,94.0,155.0,155.0,164.0,199.5,0.3065783446464408,4,1
small-world/scale-free,400,21,135,81.0,375.0,170.0,167.0,363.0,363.0,85.0,199.5,0.3065783446464408,4,1
small-world/scale-free,400,21,136,168.0,239.0,241.0,237.0,239.0,239.0,224.0,199.5,0.3065783446464408,4,1
small-world/scale-free,400,21,137,25.0,109.0,26.0,26.0,69.0,69.0,24.0,199.5,0.3065783446464408,4,1
small-world/scale-free,400,21,138,168.0,372.0,344.0,339.0,373.0,373.0,179.0,199.5,0.3065783446464408,4,1
small-world/scale-free,400,21,139,116.0,204.0,91.0,86.0,210.0,210.0,137.0,199.5,0.3065783446464408,4,1
small-world/scale-free,400,21,140,116.0,194.0,106.0,100.0,187.0,187.0,150.0,199.5,0.3065783446464408,4,1
small-world/scale-free,400,21,141,168.0,213.0,189.0,177.0,215.0,215.0,232.0,199.5,0.3065783446464408,4,1
small-world/scale-free,400,21,142,116.0,323.0,183.0,172.0,320.0,320.0,122.0,199.5,0.3065783446464408,4,1
small-world/scale-free,400,21,143,168.0,255.0,260.0,248.0,270.0,270.0,200.0,199.5,0.3065783446464408,4,1
small-world/scale-free,400,21,144,51.0,145.0,75.0,74.0,139.0,139.0,56.0,199.5,0.3065783446464408,4,1
small-world/scale-free,400,21,145,168.0,385.0,297.0,296.0,384.0,384.0,191.0,199.5,0.3065783446464408,4,1
small-world/scale-free,400,21,146,63.0,145.0,87.0,88.0,137.0,137.0,68.0,199.5,0.3065783446464408,4,1
small-world/scale-free,400,21,147,242.0,320.0,299.0,306.0,321.0,321.0,343.0,199.5,0.3065783446464408,4,1
small-world/scale-free,400,21,148,116.0,189.0,141.0,137.0,194.0,194.0,138.0,199.5,0.3065783446464408,4,1
small-world/scale-free,400,21,149,116.0,71.0,154.0,160.0,77.0,77.0,155.0,199.5,0.3065783446464408,4,1
small-world/scale-free,400,21,150,116.0,219.0,118.0,117.0,214.0,214.0,149.0,199.5,0.3065783446464408,4,1
small-world/scale-free,400,21,151,242.0,63.0,234.0,263.0,73.0,73.0,389.0,199.5,0.3065783446464408,4,1
small-world/scale-free,400,21,152,168.0,282.0,327.0,327.0,276.0,276.0,234.0,199.5,0.3065783446464408,4,1
small-world/scale-free,400,21,153,168.0,223.0,267.0,279.0,212.0,212.0,228.0,199.5,0.3065783446464408,4,1
small-world/scale-free,400,21,154,81.0,93.0,184.0,191.0,94.0,94.0,106.0,199.5,0.3065783446464408,4,1
small-world/scale-free,400,21,155,168.0,231.0,194.0,190.0,237.0,237.0,209.0,199.5,0.3065783446464408,4,1
small-world/scale-free,400,21,156,81.0,148.0,76.0,76.0,147.0,147.0,89.0,199.5,0.3065783446464408,4,1
small-world/scale-free,400,21,157,242.0,186.0,228.0,230.0,197.0,197.0,370.0,199.5,0.3065783446464408,4,1
small-world/scale-free,400,21,158,242.0,141.0,288.0,303.0,149.0,149.0,396.0,199.5,0.3065783446464408,4,1
small-world/scale-free,400,21,159,242.0,251.0,213.0,212.0,251.0,251.0,301.0,199.5,0.3065783446464408,4,1
small-world/scale-free,400,21,160,116.0,255.0,182.0,179.0,254.0,254.0,145.0,199.5,0.3065783446464408,4,1
small-world/scale-free,400,21,161,81.0,301.0,136.0,135.0,296.0,296.0,91.0,199.5,0.3065783446464408,4,1
small-world/scale-free,400,21,162,116.0,200.0,117.0,112.0,205.0,205.0,141.0,199.5,0.3065783446464408,4,1
small-world/scale-free,400,21,163,116.0,331.0,276.0,272.0,324.0,324.0,140.0,199.5,0.3065783446464408,4,1
small-world/scale-free,400,21,164,168.0,318.0,279.0,276.0,322.0,322.0,177.0,199.5,0.3065783446464408,4,1
small-world/scale-free,400,21,165,81.0,47.0,72.0,73.0,50.0,50.0,94.0,199.5,0.3065783446464408,4,1
small-world/scale-free,400,21,166,81.0,135.0,65.0,65.0,128.0,128.0,105.0,199.5,0.3065783446464408,4,1
small-world/scale-free,400,21,167,116.0,133.0,104.0,105.0,131.0,131.0,158.0,199.5,0.3065783446464408,4,1
small-world/scale-free,400,21,168,116.0,169.0,137.0,138.0,163.0,163.0,154.0,199.5,0.3065783446464408,4,1
small-world/scale-free,400,21,169,168.0,82.0,210.0,214.0,93.0,93.0,219.0,199.5,0.3065783446464408,4,1
small-world/scale-free,400,21,170,242.0,321.0,319.0,312.0,331.0,331.0,303.0,199.5,0.3065783446464408,4,1
small-world/scale-free,400,21,171,168.0,80.0,180.0,185.0,86.0,86.0,211.0,199.5,0.3065783446464408,4,1
small-world/scale-free,400,21,172,242.0,351.0,392.0,392.0,352.0,352.0,328.0,199.5,0.3065783446464408,4,1
small-world/scale-free,400,21,173,116.0,210.0,176.0,180.0,208.0,208.0,151.0,199.5,0.3065783446464408,4,1
small-world/scale-free,400,21,174,168.0,215.0,203.0,201.0,230.0,230.0,208.0,199.5,0.3065783446464408,4,1
small-world/scale-free,400,21,175,242.0,69.0,374.0,374.0,82.0,82.0,356.0,199.5,0.3065783446464408,4,1
small-world/scale-free,400,21,176,116.0,197.0,181.0,174.0,195.0,195.0,148.0,199.5,0.3065783446464408,4,1
small-world/scale-free,400,21,177,116.0,276.0,357.0,356.0,268.0,268.0,146.0,199.5,0.3065783446464408,4,1
small-world/scale-free,400,21,178,168.0,242.0,211.0,206.0,240.0,240.0,186.0,199.5,0.3065783446464408,4,1
small-world/scale-free,400,21,179,63.0,38.0,121.0,120.0,40.0,40.0,66.0,199.5,0.3065783446464408,4,1
small-world/scale-free,400,21,180,168.0,264.0,204.0,203.0,257.0,257.0,180.0,199.5,0.3065783446464408,4,1
small-world/scale-free,400,21,181,242.0,54.0,336.0,343.0,68.0,68.0,399.0,199.5,0.3065783446464408,4,1
small-world/scale-free,400,21,182,116.0,86.0,67.0,71.0,89.0,89.0,143.0,199.5,0.3065783446464408,4,1
small-world/scale-free,400,21,183,168.0,208.0,224.0,217.0,219.0,219.0,221.0,199.5,0.3065783446464408,4,1
small-world/scale-free,400,21,184,116.0,301.0,152.0,145.0,298.0,298.0,132.0,199.5,0.3065783446464408,4,1
small-world/scale-free,400,21,185,242.0,269.0,372.0,378.0,267.0,267.0,351.0,199.5,0.3065783446464408,4,1
small-world/scale-free,400,21,186,168.0,55.0,175.0,182.0,66.0,66.0,233.0,199.5,0.3065783446464408,4,1
small-world/scale-free,400,21,187,116.0,35.0,128.0,128.0,42.0,42.0,159.0,199.5,0.3065783446464408,4,1
small-world/scale-free,400,21,188,116.0,155.0,77.0,75.0,159.0,159.0,133.0,199.5,0.3065783446464408,4,1
small-world/scale-free,400,21,189,81.0,128.0,116.0,111.0,125.0,125.0,93.0,199.5,0.3065783446464408,4,1
small-world/scale-free,400,21,190,116.0,296.0,310.0,301.0,292.0,292.0,156.0,199.5,0.3065783446464408,4,1
small-world/scale-free,400,21,191,242.0,254.0,332.0,329.0,261.0,261.0,325.0,199.5,0.3065783446464408,4,1
small-world/scale-free,400,21,192,81.0,126.0,74.0,77.0,123.0,123.0,92.0,199.5,0.3065783446464408,4,1
small-world/scale-free,400,21,193,81.0,208.0,85.0,84.0,190.0,190.0,86.0,199.5,0.3065783446464408,4,1
small-world/scale-free,400,21,194,242.0,244.0,329.0,331.0,262.0,262.0,339.0,199.5,0.3065783446464408,4,1
small-world/scale-free,400,21,195,168.0,255.0,232.0,227.0,259.0,259.0,212.0,199.5,0.3065783446464408,4,1
small-world/scale-free,400,21,196,116.0,352.0,249.0,258.0,349.0,349.0,125.0,199.5,0.3065783446464408,4,1
small-world/scale-free,400,21,197,168.0,175.0,243.0,245.0,180.0,180.0,213.0,199.5,0.3065783446464408,4,1
small-world/scale-free,400,21,198,116.0,82.0,171.0,175.0,87.0,87.0,147.0,199.5,0.3065783446464408,4,1
small-world/scale-free,400,21,199,242.0,43.0,272.0,267.0,52.0,52.0,364.0,199.5,0.3065783446464408,4,1
small-world/scale-free,400,21,200,81.0,180.0,73.0,70.0,176.0,176.0,83.0,199.5,0.3065783446464408,4,1
small-world/scale-free,400,21,201,168.0,207.0,239.0,239.0,216.0,216.0,202.0,199.5,0.3065783446464408,4,1
small-world/scale-free,400,21,202,242.0,51.0,202.0,211.0,61.0,61.0,387.0,199.5,0.3065783446464408,4,1
small-world/scale-free,400,21,203,242.0,305.0,212.0,210.0,309.0,309.0,279.0,199.5,0.3065783446464408,4,1
small-world/scale-free,400,21,204,168.0,366.0,359.0,360.0,364.0,364.0,185.0,199.5,0.3065783446464408,4,1
small-world/scale-free,400,21,205,242.0,305.0,392.0,392.0,308.0,308.0,324.0,199.5,0.3065783446464408,4,1
small-world/scale-free,400,21,206,242.0,117.0,185.0,196.0,122.0,122.0,398.0,199.5,0.3065783446464408,4,1
small-world/scale-free,400,21,207,242.0,233.0,312.0,302.0,247.0,247.0,335.0,199.5,0.3065783446464408,4,1
small-world/scale-free,400,21,208,242.0,342.0,264.0,261.0,348.0,348.0,309.0,199.5,0.3065783446464408,4,1
small-world/scale-free,400,21,209,168.0,159.0,64.0,61.0,157.0,157.0,204.0,199.5,0.3065783446464408,4,1
small-world/scale-free,400,21,210,63.0,201.0,70.0,66.0,182.0,182.0,64.0,199.5,0.3065783446464408,4,1
small-world/scale-free,400,21,211,81.0,301.0,270.0,257.0,299.0,299.0,82.0,199.5,0.3065783446464408,4,1
small-world/scale-free,400,21,212,63.0,31.0,32.0,36.0,34.0,34.0,73.0,199.5,0.3065783446464408,4,1
small-world/scale-free,400,21,213,168.0,185.0,227.0,223.0,198.0,198.0,216.0,199.5,0.3065783446464408,4,1
small-world/scale-free,400,21,214,242.0,215.0,268.0,271.0,226.0,226.0,334.0,199.5,0.3065783446464408,4,1
small-world/scale-free,400,21,215,116.0,113.0,198.0,189.0,115.0,115.0,160.0,199.5,0.3065783446464408,4,1
small-world/scale-free,400,21,216,38.0,149.0,31.0,31.0,127.0,127.0,38.0,199.5,0.3065783446464408,4,1
small-world/scale-free,400,21,217,116.0,71.0,78.0,78.0,76.0,76.0,134.0,199.5,0.3065783446464408,4,1
small-world/scale-free,400,21,218,242.0,261.0,346.0,352.0,255.0,255.0,386.0,199.5,0.3065783446464408,4,1
small-world/scale-free,400,21,219,242.0,182.0,250.0,255.0,206.0,206.0,379.0,199.5,0.3065783446464408,4,1
small-world/scale-free,400,21,220,242.0,358.0,350.0,348.0,366.0,366.0,262.0,199.5,0.3065783446464408,4,1
small-world/scale-free,400,21,221,116.0,379.0,292.0,293.0,374.0,374.0,116.0,199.5,0.3065783446464408,4,1
small-world/scale-free,400,21,222,242.0,145.0,130.0,132.0,154.0,154.0,388.0,199.5,0.3065783446464408,4,1
small-world/scale-free,400,21,223,242.0,77.0,231.0,240.0,88.0,88.0,348.0,199.5,0.3065783446464408,4,1
small-world/scale-free,400,21,224,168.0,360.0,237.0,234.0,356.0,356.0,170.0,199.5,0.3065783446464408,4,1
small-world/scale-free,400,21,225,81.0,224.0,83.0,82.0,217.0,217.0,97.0,199.5,0.3065783446464408,4,1
small-world/scale-free,400,21,226,168.0,348.0,163.0,166.0,341.0,341.0,181.0,199.5,0.3065783446464408,4,1
small-world/scale-free,400,21,227,168.0,84.0,150.0,165.0,90.0,90.0,230.0,199.5,0.3065783446464408,4,1
small-world/scale-free,400,21,228,242.0,179.0,193.0,192.0,196.0,196.0,293.0,199.5,0.3065783446464408,4,1
small-world/scale-free,400,21,229,116.0,236.0,144.0,148.0,231.0,231.0,128.0,199.5,0.3065783446464408,4,1
small-world/scale-free,400,21,230,168.0,338.0,220.0,216.0,339.0,339.0,184.0,199.5,0.3065783446464408,4,1
small-world/scale-free,400,21,231,242.0,380.0,298.0,290.0,379.0,379.0,257.0,199.5,0.3065783446464408,4,1
small-world/scale-free,400,21,232,168.0,247.0,156.0,149.0,250.0,250.0,197.0,199.5,0.3065783446464408,4,1
small-world/scale-free,400,21,233,116.0,372.0,218.0,220.0,369.0,369.0,121.0,199.5,0.3065783446464408,4,1
small-world/scale-free,400,21,234,242.0,325.0,361.0,362.0,327.0,327.0,315.0,199.5,0.3065783446464408,4,1
small-world/scale-free,400,21,235,81.0,229.0,114.0,116.0,211.0,211.0,88.0,199.5,0.3065783446464408,4,1
small-world/scale-free,400,21,236,242.0,215.0,341.0,338.0,222.0,222.0,333.0,199.5,0.3065783446464408,4,1
small-world/scale-free,400,21,237,168.0,99.0,101.0,104.0,105.0,105.0,199.0,199.5,0.3065783446464408,4,1
small-world/scale-free,400,21,238,242.0,314.0,254.0,243.0,317.0,317.0,308.0,199.5,0.3065783446464408,4,1
small-world/scale-free,400,21,239,116.0,305.0,166.0,157.0,302.0,302.0,130.0,199.5,0.3065783446464408,4,1
small-world/scale-free,400,21,240,168.0,294.0,172.0,164.0,295.0,295.0,195.0,199.5,0.3065783446464408,4,1
small-world/scale-free,400,21,241,242.0,267.0,262.0,275.0,263.0,263.0,376.0,199.5,0.3065783446464408,4,1
small-world/scale-free,400,21,242,242.0,394.0,379.0,377.0,394.0,394.0,247.0,199.5,0.3065783446464408,4,1
small-world/scale-free,400,21,243,242.0,391.0,389.0,389.0,391.0,391.0,271.0,199.5,0.3065783446464408,4,1
small-world/scale-free,400,21,244,63.0,319.0,103.0,108.0,311.0,311.0,63.0,199.5,0.3065783446464408,4,1
small-world/scale-free,400,21,245,242.0,395.0,376.0,376.0,395.0,395.0,270.0,199.5,0.3065783446464408,4,1
small-world/scale-free,400,21,246,242.0,151.0,301.0,305.0,162.0,162.0,385.0,199.5,0.3065783446464408,4,1
small-world/scale-free,400,21,247,242.0,390.0,355.0,349.0,392.0,392.0,242.0,199.5,0.3065783446464408,4,1
small-world/scale-free,400,21,248,168.0,349.0,369.0,369.0,351.0,351.0,182.0,199.5,0.3065783446464408,4,1
small-world/scale-free,400,21,249,242.0,77.0,342.0,357.0,91.0,91.0,400.0,199.5,0.3065783446464408,4,1
small-world/scale-free,400,21,250,242.0,309.0,364.0,365.0,304.0,304.0,358.0,199.5,0.3065783446464408,4,1
small-world/scale-free,400,21,251,81.0,24.0,53.0,54.0,28.0,28.0,100.0,199.5,0.3065783446464408,4,1
small-world/scale-free,400,21,252,242.0,163.0,159.0,161.0,179.0,179.0,316.0,199.5,0.3065783446464408,4,1
small-world/scale-free,400,21,253,242.0,86.0,368.0,368.0,98.0,98.0,363.0,199.5,0.3065783446464408,4,1
small-world/scale-free,400,21,254,242.0,276.0,380.0,381.0,278.0,278.0,340.0,199.5,0.3065783446464408,4,1
small-world/scale-free,400,21,255,168.0,249.0,132.0,134.0,253.0,253.0,188.0,199.5,0.3065783446464408,4,1
small-world/scale-free,400,21,256,168.0,176.0,196.0,209.0,185.0,185.0,207.0,199.5,0.3065783446464408,4,1
small-world/scale-free,400,21,257,242.0,186.0,358.0,358.0,203.0,203.0,336.0,199.5,0.3065783446464408,4,1
small-world/scale-free,400,21,258,242.0,384.0,371.0,371.0,386.0,386.0,263.0,199.5,0.3065783446464408,4,1
small-world/scale-free,400,21,259,168.0,285.0,157.0,158.0,294.0,294.0,193.0,199.5,0.3065783446464408,4,1
small-world/scale-free,400,21,260,242.0,242.0,256.0,249.0,249.0,249.0,371.0,199.5,0.3065783446464408,4,1
small-world/scale-free,400,21,261,116.0,354.0,246.0,235.0,353.0,353.0,126.0,199.5,0.3065783446464408,4,1
small-world/scale-free,400,21,262,168.0,173.0,119.0,118.0,183.0,183.0,190.0,199.5,0.3065783446464408,4,1
small-world/scale-free,400,21,263,81.0,341.0,88.0,85.0,328.0,328.0,81.0,199.5,0.3065783446464408,4,1
small-world/scale-free,400,21,264,242.0,282.0,238.0,236.0,289.0,289.0,321.0,199.5,0.3065783446464408,4,1
small-world/scale-free,400,21,265,242.0,201.0,275.0,282.0,221.0,221.0,354.0,199.5,0.3065783446464408,4,1
small-world/scale-free,400,21,266,242.0,89.0,219.0,224.0,102.0,102.0,307.0,199.5,0.3065783446464408,4,1
small-world/scale-free,400,21,267,242.0,251.0,285.0,294.0,256.0,256.0,375.0,199.5,0.3065783446464408,4,1
small-world/scale-free,400,21,268,242.0,266.0,352.0,353.0,273.0,273.0,362.0,199.5,0.3065783446464408,4,1
small-world/scale-free,400,21,269,242.0,111.0,269.0,291.0,119.0,119.0,392.0,199.5,0.3065783446464408,4,1
small-world/scale-free,400,21,270,168.0,27.0,326.0,317.0,33.0,33.0,240.0,199.5,0.3065783446464408,4,1
small-world/scale-free,400,21,271,242.0,375.0,337.0,330.0,377.0,377.0,256.0,199.5,0.3065783446464408,4,1
small-world/scale-free,400,21,272,168.0,298.0,320.0,319.0,303.0,303.0,183.0,199.5,0.3065783446464408,4,1
small-world/scale-free,400,21,273,116.0,151.0,80.0,80.0,158.0,158.0,131.0,199.5,0.3065783446464408,4,1
small-world/scale-free,400,21,274,242.0,327.0,328.0,325.0,325.0,325.0,297.0,199.5,0.3065783446464408,4,1
small-world/scale-free,400,21,275,116.0,255.0,168.0,162.0,246.0,246.0,144.0,199.5,0.3065783446464408,4,1
small-world/scale-free,400,21,276,168.0,365.0,284.0,270.0,361.0,361.0,175.0,199.5,0.3065783446464408,4,1
small-world/scale-free,400,21,277,242.0,169.0,324.0,318.0,161.0,161.0,352.0,199.5,0.3065783446464408,4,1
small-world/scale-free,400,21,278,168.0,143.0,291.0,277.0,151.0,151.0,223.0,199.5,0.3065783446464408,4,1
small-world/scale-free,400,21,279,242.0,388.0,366.0,366.0,387.0,387.0,280.0,199.5,0.3065783446464408,4,1
small-world/scale-free,400,21,280,168.0,270.0,226.0,229.0,272.0,272.0,222.0,199.5,0.3065783446464408,4,1
small-world/scale-free,400,21,281,168.0,234.0,293.0,287.0,233.0,233.0,189.0,199.5,0.3065783446464408,4,1
small-world/scale-free,400,21,282,242.0,105.0,390.0,390.0,114.0,114.0,329.0,199.5,0.3065783446464408,4,1
small-world/scale-free,400,21,283,242.0,345.0,373.0,375.0,347.0,347.0,289.0,199.5,0.3065783446464408,4,1
small-world/scale-free,400,21,284,116.0,51.0,142.0,151.0,57.0,57.0,152.0,199.5,0.3065783446464408,4,1
small-world/scale-free,400,21,285,242.0,392.0,347.0,345.0,389.0,389.0,261.0,199.5,0.3065783446464408,4,1
small-world/scale-free,400,21,286,168.0,333.0,360.0,359.0,340.0,340.0,173.0,199.5,0.3065783446464408,4,1
small-world/scale-free,400,21,287,116.0,229.0,140.0,133.0,235.0,235.0,127.0,199.5,0.3065783446464408,4,1
small-world/scale-free,400,21,288,242.0,89.0,259.0,260.0,99.0,99.0,346.0,199.5,0.3065783446464408,4,1
small-world/scale-free,400,21,289,116.0,310.0,186.0,184.0,306.0,306.0,119.0,199.5,0.3065783446464408,4,1
small-world/scale-free,400,21,290,168.0,362.0,257.0,259.0,354.0,354.0,174.0,199.5,0.3065783446464408,4,1
small-world/scale-free,400,21,291,242.0,189.0,296.0,308.0,200.0,200.0,390.0,199.5,0.3065783446464408,4,1
small-world/scale-free,400,21,292,242.0,232.0,263.0,262.0,245.0,245.0,327.0,199.5,0.3065783446464408,4,1
small-world/scale-free,400,21,293,242.0,194.0,258.0,254.0,207.0,207.0,313.0,199.5,0.3065783446464408,4,1
small-world/scale-free,400,21,294,242.0,387.0,325.0,315.0,388.0,388.0,248.0,199.5,0.3065783446464408,4,1
small-world/scale-free,400,21,295,242.0,287.0,387.0,385.0,285.0,285.0,290.0,199.5,0.3065783446464408,4,1
small-world/scale-free,400,21,296,242.0,334.0,365.0,364.0,346.0,346.0,284.0,199.5,0.3065783446464408,4,1
small-world/scale-free,400,21,297,116.0,368.0,164.0,173.0,370.0,370.0,117.0,199.5,0.3065783446464408,4,1
small-world/scale-free,400,21,298,242.0,259.0,363.0,363.0,252.0,252.0,337.0,199.5,0.3065783446464408,4,1
small-world/scale-free,400,21,299,242.0,357.0,356.0,350.0,358.0,358.0,287.0,199.5,0.3065783446464408,4,1
small-world/scale-free,400,21,300,242.0,335.0,252.0,244.0,338.0,338.0,273.0,199.5,0.3065783446464408,4,1
small-world/scale-free,400,21,301,242.0,397.0,386.0,387.0,397.0,397.0,253.0,199.5,0.3065783446464408,4,1
small-world/scale-free,400,21,302,242.0,304.0,271.0,266.0,307.0,307.0,323.0,199.5,0.3065783446464408,4,1
small-world/scale-free,400,21,303,242.0,93.0,124.0,126.0,101.0,101.0,272.0,199.5,0.3065783446464408,4,1
small-world/scale-free,400,21,304,116.0,186.0,221.0,219.0,193.0,193.0,142.0,199.5,0.3065783446464408,4,1
small-world/scale-free,400,21,305,242.0,121.0,353.0,355.0,135.0,135.0,381.0,199.5,0.3065783446464408,4,1
small-world/scale-free,400,21,306,168.0,43.0,305.0,297.0,49.0,49.0,231.0,199.5,0.3065783446464408,4,1
small-world/scale-free,400,21,307,168.0,113.0,192.0,208.0,112.0,112.0,225.0,199.5,0.3065783446464408,4,1
small-world/scale-free,400,21,308,242.0,287.0,333.0,334.0,283.0,283.0,305.0,199.5,0.3065783446464408,4,1
small-world/scale-free,400,21,309,168.0,81.0,209.0,213.0,92.0,92.0,196.0,199.5,0.3065783446464408,4,1
small-world/scale-free,400,21,310,242.0,268.0,321.0,323.0,264.0,264.0,338.0,199.5,0.3065783446464408,4,1
small-world/scale-free,400,21,311,242.0,137.0,242.0,247.0,150.0,150.0,380.0,199.5,0.3065783446464408,4,1
small-world/scale-free,400,21,312,168.0,40.0,143.0,144.0,48.0,48.0,214.0,199.5,0.3065783446464408,4,1
small-world/scale-free,400,21,313,168.0,363.0,177.0,181.0,362.0,362.0,171.0,199.5,0.3065783446464408,4,1
small-world/scale-free,400,21,314,242.0,312.0,286.0,284.0,310.0,310.0,292.0,199.5,0.3065783446464408,4,1
small-world/scale-free,400,21,315,242.0,155.0,339.0,341.0,152.0,152.0,366.0,199.5,0.3065783446464408,4,1
small-world/scale-free,400,21,316,242.0,249.0,147.0,147.0,248.0,248.0,326.0,199.5,0.3065783446464408,4,1
small-world/scale-free,400,21,317,168.0,220.0,155.0,153.0,223.0,223.0,198.0,199.5,0.3065783446464408,4,1
small-world/scale-free,400,21,318,242.0,386.0,362.0,361.0,385.0,385.0,319.0,199.5,0.3065783446464408,4,1
small-world/scale-free,400,21,319,242.0,389.0,323.0,322.0,390.0,390.0,252.0,199.5,0.3065783446464408,4,1
small-world/scale-free,400,21,320,242.0,294.0,277.0,268.0,301.0,301.0,295.0,199.5,0.3065783446464408,4,1
small-world/scale-free,400,21,321,168.0,137.0,115.0,119.0,134.0,134.0,205.0,199.5,0.3065783446464408,4,1
small-world/scale-free,400,21,322,116.0,349.0,217.0,207.0,343.0,343.0,120.0,199.5,0.3065783446464408,4,1
small-world/scale-free,400,21,323,242.0,299.0,229.0,218.0,297.0,297.0,360.0,199.5,0.3065783446464408,4,1
small-world/scale-free,400,21,324,242.0,393.0,345.0,344.0,393.0,393.0,250.0,199.5,0.3065783446464408,4,1
small-world/scale-free,400,21,325,168.0,104.0,255.0,256.0,111.0,111.0,192.0,199.5,0.3065783446464408,4,1
small-world/scale-free,400,21,326,242.0,369.0,375.0,373.0,372.0,372.0,260.0,199.5,0.3065783446464408,4,1
small-world/scale-free,400,21,327,242.0,280.0,348.0,346.0,287.0,287.0,355.0,199.5,0.3065783446464408,4,1
small-world/scale-free,400,21,328,242.0,282.0,316.0,316.0,291.0,291.0,299.0,199.5,0.3065783446464408,4,1
small-world/scale-free,400,21,329,168.0,374.0,367.0,367.0,376.0,376.0,169.0,199.5,0.3065783446464408,4,1
small-world/scale-free,400,21,330,168.0,272.0,287.0,280.0,274.0,274.0,201.0,199.5,0.3065783446464408,4,1
small-world/scale-free,400,21,331,242.0,161.0,215.0,225.0,167.0,167.0,357.0,199.5,0.3065783446464408,4,1
small-world/scale-free,400,21,332,168.0,310.0,165.0,163.0,313.0,313.0,172.0,199.5,0.3065783446464408,4,1
small-world/scale-free,400,21,333,242.0,89.0,109.0,109.0,99.0,99.0,266.0,199.5,0.3065783446464408,4,1
small-world/scale-free,400,21,334,242.0,265.0,235.0,242.0,266.0,266.0,298.0,199.5,0.3065783446464408,4,1
small-world/scale-free,400,21,335,242.0,346.0,308.0,299.0,350.0,350.0,300.0,199.5,0.3065783446464408,4,1
small-world/scale-free,400,21,336,242.0,197.0,392.0,392.0,202.0,202.0,350.0,199.5,0.3065783446464408,4,1
small-world/scale-free,400,21,337,242.0,239.0,349.0,347.0,244.0,244.0,318.0,199.5,0.3065783446464408,4,1
small-world/scale-free,400,21,338,242.0,93.0,134.0,139.0,103.0,103.0,296.0,199.5,0.3065783446464408,4,1
small-world/scale-free,400,21,339,242.0,194.0,200.0,197.0,192.0,192.0,367.0,199.5,0.3065783446464408,4,1
small-world/scale-free,400,21,340,242.0,370.0,381.0,380.0,375.0,375.0,294.0,199.5,0.3065783446464408,4,1
small-world/scale-free,400,21,341,168.0,157.0,251.0,253.0,160.0,160.0,236.0,199.5,0.3065783446464408,4,1
small-world/scale-free,400,21,342,242.0,358.0,391.0,391.0,367.0,367.0,259.0,199.5,0.3065783446464408,4,1
small-world/scale-free,400,21,343,242.0,227.0,223.0,222.0,236.0,236.0,365.0,199.5,0.3065783446464408,4,1
small-world/scale-free,400,21,344,242.0,124.0,146.0,150.0,133.0,133.0,373.0,199.5,0.3065783446464408,4,1
small-world/scale-free,400,21,345,242.0,276.0,378.0,372.0,281.0,281.0,282.0,199.5,0.3065783446464408,4,1
small-world/scale-free,400,21,346,242.0,370.0,383.0,382.0,368.0,368.0,267.0,199.5,0.3065783446464408,4,1
small-world/scale-free,400,21,347,242.0,157.0,206.0,195.0,170.0,170.0,382.0,199.5,0.3065783446464408,4,1
small-world/scale-free,400,21,348,242.0,367.0,354.0,354.0,371.0,371.0,277.0,199.5,0.3065783446464408,4,1
small-world/scale-free,400,21,349,168.0,378.0,179.0,193.0,378.0,378.0,168.0,199.5,0.3065783446464408,4,1
small-world/scale-free,400,21,350,242.0,381.0,331.0,326.0,380.0,380.0,249.0,199.5,0.3065783446464408,4,1
small-world/scale-free,400,21,351,242.0,377.0,385.0,386.0,382.0,382.0,246.0,199.5,0.3065783446464408,4,1
small-world/scale-free,400,21,352,242.0,93.0,392.0,392.0,106.0,106.0,322.0,199.5,0.3065783446464408,4,1
small-world/scale-free,400,21,353,242.0,263.0,245.0,246.0,265.0,265.0,320.0,199.5,0.3065783446464408,4,1
small-world/scale-free,400,21,354,168.0,259.0,145.0,142.0,258.0,258.0,206.0,199.5,0.3065783446464408,4,1
small-world/scale-free,400,21,355,242.0,300.0,309.0,309.0,305.0,305.0,332.0,199.5,0.3065783446464408,4,1
small-world/scale-free,400,21,356,242.0,220.0,294.0,295.0,238.0,238.0,349.0,199.5,0.3065783446464408,4,1
small-world/scale-free,400,21,357,242.0,328.0,253.0,241.0,332.0,332.0,265.0,199.5,0.3065783446464408,4,1
small-world/scale-free,400,21,358,242.0,271.0,334.0,340.0,279.0,279.0,361.0,199.5,0.3065783446464408,4,1
small-world/scale-free,400,21,359,242.0,247.0,289.0,283.0,269.0,269.0,314.0,199.5,0.3065783446464408,4,1
small-world/scale-free,400,21,360,242.0,321.0,282.0,281.0,323.0,323.0,302.0,199.5,0.3065783446464408,4,1
small-world/scale-free,400,21,361,242.0,98.0,388.0,388.0,103.0,103.0,395.0,199.5,0.3065783446464408,4,1
small-world/scale-free,400,21,362,242.0,314.0,343.0,342.0,318.0,318.0,281.0,199.5,0.3065783446464408,4,1
small-world/scale-free,400,21,363,168.0,220.0,107.0,102.0,225.0,225.0,176.0,199.5,0.3065783446464408,4,1
small-world/scale-free,400,21,364,168.0,285.0,195.0,183.0,290.0,290.0,187.0,199.5,0.3065783446464408,4,1
small-world/scale-free,400,21,365,242.0,227.0,261.0,264.0,229.0,229.0,310.0,199.5,0.3065783446464408,4,1
small-world/scale-free,400,21,366,242.0,396.0,306.0,273.0,398.0,398.0,245.0,199.5,0.3065783446464408,4,1
small-world/scale-free,400,21,367,242.0,74.0,392.0,392.0,83.0,83.0,391.0,199.5,0.3065783446464408,4,1
small-world/scale-free,400,21,368,242.0,234.0,302.0,298.0,234.0,234.0,312.0,199.5,0.3065783446464408,4,1
small-world/scale-free,400,21,369,242.0,305.0,274.0,269.0,314.0,314.0,276.0,199.5,0.3065783446464408,4,1
small-world/scale-free,400,21,370,242.0,276.0,244.0,232.0,275.0,275.0,288.0,199.5,0.3065783446464408,4,1
small-world/scale-free,400,21,371,242.0,210.0,247.0,252.0,232.0,232.0,330.0,199.5,0.3065783446464408,4,1
small-world/scale-free,400,21,372,242.0,383.0,370.0,370.0,383.0,383.0,255.0,199.5,0.3065783446464408,4,1
small-world/scale-free,400,21,373,242.0,164.0,214.0,215.0,184.0,184.0,342.0,199.5,0.3065783446464408,4,1
small-world/scale-free,400,21,374,242.0,99.0,283.0,289.0,107.0,107.0,311.0,199.5,0.3065783446464408,4,1
small-world/scale-free,400,21,375,242.0,291.0,236.0,238.0,300.0,300.0,304.0,199.5,0.3065783446464408,4,1
small-world/scale-free,400,21,376,242.0,280.0,127.0,124.0,277.0,277.0,344.0,199.5,0.3065783446464408,4,1
small-world/scale-free,400,21,377,242.0,272.0,392.0,392.0,271.0,271.0,341.0,199.5,0.3065783446464408,4,1
small-world/scale-free,400,21,378,242.0,75.0,315.0,335.0,83.0,83.0,368.0,199.5,0.3065783446464408,4,1
small-world/scale-free,400,21,379,242.0,189.0,303.0,310.0,199.0,199.0,359.0,199.5,0.3065783446464408,4,1
small-world/scale-free,400,21,380,242.0,353.0,392.0,392.0,355.0,355.0,278.0,199.5,0.3065783446464408,4,1
small-world/scale-free,400,21,381,242.0,337.0,330.0,321.0,344.0,344.0,291.0,199.5,0.3065783446464408,4,1
small-world/scale-free,400,21,382,242.0,325.0,295.0,288.0,326.0,326.0,269.0,199.5,0.3065783446464408,4,1
small-world/scale-free,400,21,383,242.0,141.0,190.0,205.0,148.0,148.0,353.0,199.5,0.3065783446464408,4,1
small-world/scale-free,400,21,384,242.0,115.0,266.0,311.0,118.0,118.0,384.0,199.5,0.3065783446464408,4,1
small-world/scale-free,400,21,385,242.0,398.0,278.0,274.0,396.0,396.0,251.0,199.5,0.3065783446464408,4,1
small-world/scale-free,400,21,386,242.0,364.0,311.0,320.0,365.0,365.0,274.0,199.5,0.3065783446464408,4,1
small-world/scale-free,400,21,387,242.0,399.0,314.0,314.0,399.0,399.0,244.0,199.5,0.3065783446464408,4,1
small-world/scale-free,400,21,388,242.0,180.0,233.0,231.0,191.0,191.0,331.0,199.5,0.3065783446464408,4,1
small-world/scale-free,400,21,389,242.0,382.0,335.0,336.0,381.0,381.0,258.0,199.5,0.3065783446464408,4,1
small-world/scale-free,400,21,390,242.0,342.0,199.0,199.0,337.0,337.0,283.0,199.5,0.3065783446464408,4,1
small-world/scale-free,400,21,391,242.0,356.0,377.0,379.0,357.0,357.0,268.0,199.5,0.3065783446464408,4,1
small-world/scale-free,400,21,392,242.0,360.0,273.0,265.0,360.0,360.0,275.0,199.5,0.3065783446464408,4,1
small-world/scale-free,400,21,393,242.0,210.0,392.0,392.0,209.0,209.0,369.0,199.5,0.3065783446464408,4,1
small-world/scale-free,400,21,394,242.0,312.0,225.0,221.0,312.0,312.0,264.0,199.5,0.3065783446464408,4,1
small-world/scale-free,400,21,395,242.0,336.0,300.0,285.0,345.0,345.0,285.0,199.5,0.3065783446464408,4,1
small-world/scale-free,400,21,396,242.0,400.0,384.0,384.0,400.0,400.0,243.0,199.5,0.3065783446464408,4,1
small-world/scale-free,400,21,397,242.0,329.0,340.0,337.0,333.0,333.0,286.0,199.5,0.3065783446464408,4,1
small-world/scale-free,400,21,398,242.0,287.0,207.0,186.0,286.0,286.0,317.0,199.5,0.3065783446464408,4,1
small-world/scale-free,400,21,399,242.0,101.0,201.0,202.0,108.0,108.0,306.0,199.5,0.3065783446464408,4,1
small-world/scale-free,400,22,0,2.0,3.0,2.0,2.0,3.0,3.0,2.0,199.5,0.3158166781969128,4,1
small-world/scale-free,400,22,1,3.0,2.0,3.0,3.0,2.0,2.0,3.0,199.5,0.3158166781969128,4,1
small-world/scale-free,400,22,2,19.0,57.0,30.0,31.0,43.0,43.0,20.0,199.5,0.3158166781969128,4,1
small-world/scale-free,400,22,3,1.0,1.0,1.0,1.0,1.0,1.0,1.0,199.5,0.3158166781969128,4,1
small-world/scale-free,400,22,4,68.0,28.0,95.0,97.0,31.0,31.0,85.0,199.5,0.3158166781969128,4,1
small-world/scale-free,400,22,5,19.0,12.0,16.0,16.0,13.0,13.0,22.0,199.5,0.3158166781969128,4,1
small-world/scale-free,400,22,6,43.0,16.0,46.0,49.0,19.0,19.0,47.0,199.5,0.3158166781969128,4,1
small-world/scale-free,400,22,7,157.0,137.0,317.0,315.0,141.0,141.0,239.0,199.5,0.3158166781969128,4,1
small-world/scale-free,400,22,8,4.0,4.0,4.0,4.0,4.0,4.0,4.0,199.5,0.3158166781969128,4,1
small-world/scale-free,400,22,9,8.0,9.0,7.0,8.0,8.0,8.0,9.0,199.5,0.3158166781969128,4,1
small-world/scale-free,400,22,10,10.0,10.0,9.0,10.0,9.0,9.0,11.0,199.5,0.3158166781969128,4,1
small-world/scale-free,400,22,11,86.0,30.0,51.0,52.0,32.0,32.0,103.0,199.5,0.3158166781969128,4,1
small-world/scale-free,400,22,12,19.0,8.0,18.0,18.0,10.0,10.0,21.0,199.5,0.3158166781969128,4,1
small-world/scale-free,400,22,13,24.0,36.0,28.0,26.0,30.0,30.0,28.0,199.5,0.3158166781969128,4,1
small-world/scale-free,400,22,14,48.0,165.0,57.0,56.0,138.0,138.0,64.0,199.5,0.3158166781969128,4,1
small-world/scale-free,400,22,15,12.0,7.0,11.0,11.0,7.0,7.0,12.0,199.5,0.3158166781969128,4,1
small-world/scale-free,400,22,16,6.0,6.0,6.0,6.0,6.0,6.0,6.0,199.5,0.3158166781969128,4,1
small-world/scale-free,400,22,17,5.0,5.0,5.0,5.0,5.0,5.0,5.0,199.5,0.3158166781969128,4,1
small-world/scale-free,400,22,18,7.0,14.0,10.0,9.0,12.0,12.0,7.0,199.5,0.3158166781969128,4,1
small-world/scale-free,400,22,19,37.0,56.0,42.0,42.0,50.0,50.0,41.0,199.5,0.3158166781969128,4,1
small-world/scale-free,400,22,20,31.0,131.0,49.0,48.0,107.0,107.0,36.0,199.5,0.3158166781969128,4,1
small-world/scale-free,400,22,21,110.0,205.0,157.0,154.0,203.0,203.0,153.0,199.5,0.3158166781969128,4,1
small-world/scale-free,400,22,22,68.0,43.0,63.0,64.0,39.0,39.0,81.0,199.5,0.3158166781969128,4,1
small-world/scale-free,400,22,23,86.0,92.0,97.0,99.0,85.0,85.0,109.0,199.5,0.3158166781969128,4,1
small-world/scale-free,400,22,24,16.0,58.0,25.0,25.0,36.0,36.0,16.0,199.5,0.3158166781969128,4,1
small-world/scale-free,400,22,25,10.0,27.0,12.0,12.0,18.0,18.0,10.0,199.5,0.3158166781969128,4,1
small-world/scale-free,400,22,26,23.0,31.0,24.0,24.0,27.0,27.0,23.0,199.5,0.3158166781969128,4,1
small-world/scale-free,400,22,27,8.0,13.0,8.0,7.0,11.0,11.0,8.0,199.5,0.3158166781969128,4,1
small-world/scale-free,400,22,28,110.0,101.0,136.0,137.0,105.0,105.0,155.0,199.5,0.3158166781969128,4,1
small-world/scale-free,400,22,29,86.0,101.0,128.0,132.0,94.0,94.0,108.0,199.5,0.3158166781969128,4,1
small-world/scale-free,400,22,30,48.0,50.0,66.0,63.0,53.0,53.0,66.0,199.5,0.3158166781969128,4,1
small-world/scale-free,400,22,31,110.0,76.0,89.0,91.0,78.0,78.0,142.0,199.5,0.3158166781969128,4,1
small-world/scale-free,400,22,32,14.0,61.0,23.0,22.0,40.0,40.0,14.0,199.5,0.3158166781969128,4,1
small-world/scale-free,400,22,33,29.0,11.0,22.0,23.0,14.0,14.0,30.0,199.5,0.3158166781969128,4,1
small-world/scale-free,400,22,34,48.0,193.0,90.0,85.0,198.0,198.0,56.0,199.5,0.3158166781969128,4,1
small-world/scale-free,400,22,35,29.0,67.0,35.0,35.0,55.0,55.0,29.0,199.5,0.3158166781969128,4,1
small-world/scale-free,400,22,36,245.0,29.0,168.0,170.0,38.0,38.0,399.0,199.5,0.3158166781969128,4,1
small-world/scale-free,400,22,37,37.0,58.0,76.0,75.0,52.0,52.0,42.0,199.5,0.3158166781969128,4,1
small-world/scale-free,400,22,38,68.0,141.0,118.0,115.0,127.0,127.0,78.0,199.5,0.3158166781969128,4,1
small-world/scale-free,400,22,39,68.0,43.0,61.0,60.0,47.0,47.0,80.0,199.5,0.3158166781969128,4,1
small-world/scale-free,400,22,40,157.0,213.0,297.0,289.0,216.0,216.0,237.0,199.5,0.3158166781969128,4,1
small-world/scale-free,400,22,41,19.0,53.0,21.0,21.0,42.0,42.0,19.0,199.5,0.3158166781969128,4,1
small-world/scale-free,400,22,42,31.0,48.0,32.0,32.0,41.0,41.0,33.0,199.5,0.3158166781969128,4,1
small-world/scale-free,400,22,43,13.0,20.0,13.0,13.0,16.0,16.0,13.0,199.5,0.3158166781969128,4,1
small-world/scale-free,400,22,44,48.0,15.0,43.0,47.0,17.0,17.0,67.0,199.5,0.3158166781969128,4,1
small-world/scale-free,400,22,45,14.0,23.0,15.0,14.0,20.0,20.0,15.0,199.5,0.3158166781969128,4,1
small-world/scale-free,400,22,46,110.0,231.0,214.0,213.0,215.0,215.0,137.0,199.5,0.3158166781969128,4,1
small-world/scale-free,400,22,47,68.0,69.0,94.0,93.0,68.0,68.0,82.0,199.5,0.3158166781969128,4,1
small-world/scale-free,400,22,48,37.0,66.0,55.0,58.0,61.0,61.0,39.0,199.5,0.3158166781969128,4,1
small-world/scale-free,400,22,49,31.0,25.0,27.0,27.0,23.0,23.0,34.0,199.5,0.3158166781969128,4,1
small-world/scale-free,400,22,50,24.0,22.0,26.0,28.0,21.0,21.0,24.0,199.5,0.3158166781969128,4,1
small-world/scale-free,400,22,51,37.0,26.0,38.0,39.0,28.0,28.0,40.0,199.5,0.3158166781969128,4,1
small-world/scale-free,400,22,52,157.0,249.0,176.0,165.0,249.0,249.0,219.0,199.5,0.3158166781969128,4,1
small-world/scale-free,400,22,53,48.0,118.0,70.0,67.0,108.0,108.0,59.0,199.5,0.3158166781969128,4,1
small-world/scale-free,400,22,54,157.0,299.0,249.0,239.0,291.0,291.0,220.0,199.5,0.3158166781969128,4,1
small-world/scale-free,400,22,55,68.0,61.0,50.0,51.0,63.0,63.0,75.0,199.5,0.3158166781969128,4,1
small-world/scale-free,400,22,56,24.0,115.0,34.0,34.0,73.0,73.0,27.0,199.5,0.3158166781969128,4,1
small-world/scale-free,400,22,57,31.0,19.0,17.0,17.0,22.0,22.0,35.0,199.5,0.3158166781969128,4,1
small-world/scale-free,400,22,58,43.0,272.0,68.0,70.0,254.0,254.0,43.0,199.5,0.3158166781969128,4,1
small-world/scale-free,400,22,59,157.0,45.0,149.0,163.0,51.0,51.0,244.0,199.5,0.3158166781969128,4,1
small-world/scale-free,400,22,60,17.0,17.0,14.0,15.0,15.0,15.0,18.0,199.5,0.3158166781969128,4,1
small-world/scale-free,400,22,61,110.0,225.0,84.0,90.0,220.0,220.0,136.0,199.5,0.3158166781969128,4,1
small-world/scale-free,400,22,62,245.0,283.0,293.0,297.0,281.0,281.0,347.0,199.5,0.3158166781969128,4,1
small-world/scale-free,400,22,63,68.0,154.0,59.0,61.0,146.0,146.0,71.0,199.5,0.3158166781969128,4,1
small-world/scale-free,400,22,64,157.0,38.0,177.0,184.0,49.0,49.0,243.0,199.5,0.3158166781969128,4,1
small-world/scale-free,400,22,65,110.0,90.0,92.0,92.0,93.0,93.0,139.0,199.5,0.3158166781969128,4,1
small-world/scale-free,400,22,66,86.0,216.0,124.0,120.0,214.0,214.0,104.0,199.5,0.3158166781969128,4,1
small-world/scale-free,400,22,67,17.0,34.0,20.0,20.0,24.0,24.0,17.0,199.5,0.3158166781969128,4,1
small-world/scale-free,400,22,68,68.0,150.0,80.0,81.0,124.0,124.0,76.0,199.5,0.3158166781969128,4,1
small-world/scale-free,400,22,69,110.0,42.0,186.0,189.0,44.0,44.0,151.0,199.5,0.3158166781969128,4,1
small-world/scale-free,400,22,70,68.0,64.0,75.0,73.0,60.0,60.0,83.0,199.5,0.3158166781969128,4,1
small-world/scale-free,400,22,71,245.0,255.0,221.0,225.0,250.0,250.0,387.0,199.5,0.3158166781969128,4,1
small-world/scale-free,400,22,72,86.0,97.0,100.0,101.0,98.0,98.0,107.0,199.5,0.3158166781969128,4,1
small-world/scale-free,400,22,73,48.0,177.0,40.0,40.0,163.0,163.0,53.0,199.5,0.3158166781969128,4,1
small-world/scale-free,400,22,74,245.0,215.0,290.0,300.0,227.0,227.0,386.0,199.5,0.3158166781969128,4,1
small-world/scale-free,400,22,75,48.0,92.0,53.0,53.0,75.0,75.0,62.0,199.5,0.3158166781969128,4,1
small-world/scale-free,400,22,76,24.0,120.0,29.0,29.0,84.0,84.0,26.0,199.5,0.3158166781969128,4,1
small-world/scale-free,400,22,77,86.0,355.0,196.0,198.0,339.0,339.0,92.0,199.5,0.3158166781969128,4,1
small-world/scale-free,400,22,78,245.0,310.0,376.0,377.0,309.0,309.0,379.0,199.5,0.3158166781969128,4,1
small-world/scale-free,400,22,79,157.0,178.0,143.0,141.0,176.0,176.0,190.0,199.5,0.3158166781969128,4,1
small-world/scale-free,400,22,80,24.0,83.0,31.0,30.0,66.0,66.0,25.0,199.5,0.3158166781969128,4,1
small-world/scale-free,400,22,81,157.0,125.0,121.0,128.0,128.0,128.0,235.0,199.5,0.3158166781969128,4,1
small-world/scale-free,400,22,82,43.0,245.0,72.0,71.0,231.0,231.0,45.0,199.5,0.3158166781969128,4,1
small-world/scale-free,400,22,83,68.0,97.0,87.0,84.0,96.0,96.0,77.0,199.5,0.3158166781969128,4,1
small-world/scale-free,400,22,84,48.0,72.0,36.0,37.0,72.0,72.0,58.0,199.5,0.3158166781969128,4,1
small-world/scale-free,400,22,85,245.0,123.0,394.0,394.0,125.0,125.0,374.0,199.5,0.3158166781969128,4,1
small-world/scale-free,400,22,86,68.0,105.0,79.0,82.0,100.0,100.0,74.0,199.5,0.3158166781969128,4,1
small-world/scale-free,400,22,87,157.0,250.0,208.0,217.0,248.0,248.0,227.0,199.5,0.3158166781969128,4,1
small-world/scale-free,400,22,88,48.0,33.0,103.0,106.0,33.0,33.0,65.0,199.5,0.3158166781969128,4,1
small-world/scale-free,400,22,89,31.0,24.0,19.0,19.0,25.0,25.0,32.0,199.5,0.3158166781969128,4,1
small-world/scale-free,400,22,90,48.0,159.0,67.0,65.0,155.0,155.0,57.0,199.5,0.3158166781969128,4,1
small-world/scale-free,400,22,91,43.0,41.0,33.0,33.0,34.0,34.0,46.0,199.5,0.3158166781969128,4,1
small-world/scale-free,400,22,92,31.0,242.0,45.0,44.0,217.0,217.0,31.0,199.5,0.3158166781969128,4,1
small-world/scale-free,400,22,93,245.0,315.0,371.0,371.0,315.0,315.0,352.0,199.5,0.3158166781969128,4,1
small-world/scale-free,400,22,94,157.0,109.0,232.0,240.0,112.0,112.0,238.0,199.5,0.3158166781969128,4,1
small-world/scale-free,400,22,95,68.0,170.0,58.0,54.0,159.0,159.0,70.0,199.5,0.3158166781969128,4,1
small-world/scale-free,400,22,96,68.0,94.0,39.0,38.0,87.0,87.0,69.0,199.5,0.3158166781969128,4,1
small-world/scale-free,400,22,97,157.0,303.0,235.0,229.0,303.0,303.0,191.0,199.5,0.3158166781969128,4,1
small-world/scale-free,400,22,98,157.0,239.0,134.0,125.0,243.0,243.0,211.0,199.5,0.3158166781969128,4,1
small-world/scale-free,400,22,99,48.0,218.0,78.0,77.0,196.0,196.0,52.0,199.5,0.3158166781969128,4,1
small-world/scale-free,400,22,100,110.0,227.0,135.0,130.0,223.0,223.0,138.0,199.5,0.3158166781969128,4,1
small-world/scale-free,400,22,101,245.0,146.0,379.0,379.0,162.0,162.0,391.0,199.5,0.3158166781969128,4,1
small-world/scale-free,400,22,102,37.0,112.0,47.0,45.0,90.0,90.0,38.0,199.5,0.3158166781969128,4,1
small-world/scale-free,400,22,103,110.0,334.0,158.0,155.0,319.0,319.0,120.0,199.5,0.3158166781969128,4,1
small-world/scale-free,400,22,104,68.0,193.0,74.0,76.0,199.0,199.0,79.0,199.5,0.3158166781969128,4,1
small-world/scale-free,400,22,105,110.0,147.0,150.0,159.0,144.0,144.0,134.0,199.5,0.3158166781969128,4,1
small-world/scale-free,400,22,106,110.0,225.0,125.0,124.0,218.0,218.0,126.0,199.5,0.3158166781969128,4,1
small-world/scale-free,400,22,107,245.0,381.0,389.0,389.0,381.0,381.0,286.0,199.5,0.3158166781969128,4,1
small-world/scale-free,400,22,108,68.0,40.0,71.0,74.0,37.0,37.0,84.0,199.5,0.3158166781969128,4,1
small-world/scale-free,400,22,109,157.0,368.0,271.0,270.0,368.0,368.0,158.0,199.5,0.3158166781969128,4,1
small-world/scale-free,400,22,110,110.0,143.0,130.0,123.0,151.0,151.0,150.0,199.5,0.3158166781969128,4,1
small-world/scale-free,400,22,111,86.0,190.0,115.0,119.0,168.0,168.0,93.0,199.5,0.3158166781969128,4,1
small-world/scale-free,400,22,112,68.0,116.0,54.0,57.0,113.0,113.0,73.0,199.5,0.3158166781969128,4,1
small-world/scale-free,400,22,113,86.0,291.0,145.0,143.0,285.0,285.0,89.0,199.5,0.3158166781969128,4,1
small-world/scale-free,400,22,114,110.0,268.0,193.0,194.0,264.0,264.0,146.0,199.5,0.3158166781969128,4,1
small-world/scale-free,400,22,115,86.0,61.0,73.0,72.0,67.0,67.0,94.0,199.5,0.3158166781969128,4,1
small-world/scale-free,400,22,116,110.0,20.0,173.0,182.0,29.0,29.0,156.0,199.5,0.3158166781969128,4,1
small-world/scale-free,400,22,117,157.0,208.0,192.0,190.0,210.0,210.0,242.0,199.5,0.3158166781969128,4,1
small-world/scale-free,400,22,118,110.0,241.0,104.0,107.0,226.0,226.0,118.0,199.5,0.3158166781969128,4,1
small-world/scale-free,400,22,119,157.0,233.0,339.0,339.0,232.0,232.0,200.0,199.5,0.3158166781969128,4,1
small-world/scale-free,400,22,120,86.0,168.0,88.0,86.0,165.0,165.0,106.0,199.5,0.3158166781969128,4,1
small-world/scale-free,400,22,121,245.0,85.0,203.0,204.0,106.0,106.0,394.0,199.5,0.3158166781969128,4,1
small-world/scale-free,400,22,122,86.0,280.0,228.0,224.0,271.0,271.0,100.0,199.5,0.3158166781969128,4,1
small-world/scale-free,400,22,123,48.0,134.0,48.0,46.0,104.0,104.0,48.0,199.5,0.3158166781969128,4,1
small-world/scale-free,400,22,124,68.0,79.0,62.0,66.0,79.0,79.0,72.0,199.5,0.3158166781969128,4,1
small-world/scale-free,400,22,125,157.0,199.0,165.0,169.0,200.0,200.0,233.0,199.5,0.3158166781969128,4,1
small-world/scale-free,400,22,126,48.0,105.0,56.0,55.0,90.0,90.0,61.0,199.5,0.3158166781969128,4,1
small-world/scale-free,400,22,127,245.0,256.0,353.0,352.0,267.0,267.0,366.0,199.5,0.3158166781969128,4,1
small-world/scale-free,400,22,128,48.0,87.0,96.0,94.0,86.0,86.0,60.0,199.5,0.3158166781969128,4,1
small-world/scale-free,400,22,129,245.0,338.0,345.0,345.0,348.0,348.0,279.0,199.5,0.3158166781969128,4,1
small-world/scale-free,400,22,130,110.0,118.0,107.0,110.0,120.0,120.0,143.0,199.5,0.3158166781969128,4,1
small-world/scale-free,400,22,131,245.0,51.0,344.0,353.0,58.0,58.0,396.0,199.5,0.3158166781969128,4,1
small-world/scale-free,400,22,132,86.0,239.0,160.0,158.0,238.0,238.0,101.0,199.5,0.3158166781969128,4,1
small-world/scale-free,400,22,133,110.0,258.0,114.0,109.0,253.0,253.0,121.0,199.5,0.3158166781969128,4,1
small-world/scale-free,400,22,134,110.0,165.0,81.0,80.0,158.0,158.0,135.0,199.5,0.3158166781969128,4,1
small-world/scale-free,400,22,135,157.0,275.0,265.0,269.0,274.0,274.0,221.0,199.5,0.3158166781969128,4,1
small-world/scale-free,400,22,136,245.0,203.0,257.0,266.0,212.0,212.0,340.0,199.5,0.3158166781969128,4,1
small-world/scale-free,400,22,137,157.0,290.0,284.0,286.0,292.0,292.0,196.0,199.5,0.3158166781969128,4,1
small-world/scale-free,400,22,138,68.0,286.0,213.0,215.0,273.0,273.0,68.0,199.5,0.3158166781969128,4,1
small-world/scale-free,400,22,139,245.0,323.0,337.0,344.0,328.0,328.0,331.0,199.5,0.3158166781969128,4,1
small-world/scale-free,400,22,140,110.0,164.0,140.0,140.0,148.0,148.0,133.0,199.5,0.3158166781969128,4,1
small-world/scale-free,400,22,141,245.0,224.0,242.0,244.0,242.0,242.0,371.0,199.5,0.3158166781969128,4,1
small-world/scale-free,400,22,142,86.0,136.0,77.0,78.0,129.0,129.0,91.0,199.5,0.3158166781969128,4,1
small-world/scale-free,400,22,143,110.0,91.0,82.0,79.0,101.0,101.0,147.0,199.5,0.3158166781969128,4,1
small-world/scale-free,400,22,144,110.0,81.0,111.0,112.0,92.0,92.0,145.0,199.5,0.3158166781969128,4,1
small-world/scale-free,400,22,145,86.0,341.0,123.0,116.0,318.0,318.0,86.0,199.5,0.3158166781969128,4,1
small-world/scale-free,400,22,146,110.0,313.0,109.0,108.0,300.0,300.0,114.0,199.5,0.3158166781969128,4,1
small-world/scale-free,400,22,147,157.0,251.0,245.0,231.0,259.0,259.0,202.0,199.5,0.3158166781969128,4,1
small-world/scale-free,400,22,148,110.0,227.0,202.0,202.0,219.0,219.0,127.0,199.5,0.3158166781969128,4,1
small-world/scale-free,400,22,149,110.0,154.0,122.0,118.0,160.0,160.0,124.0,199.5,0.3158166781969128,4,1
small-world/scale-free,400,22,150,245.0,323.0,364.0,358.0,331.0,331.0,348.0,199.5,0.3158166781969128,4,1
small-world/scale-free,400,22,151,157.0,238.0,260.0,265.0,233.0,233.0,223.0,199.5,0.3158166781969128,4,1
small-world/scale-free,400,22,152,110.0,87.0,99.0,96.0,99.0,99.0,129.0,199.5,0.3158166781969128,4,1
small-world/scale-free,400,22,153,245.0,279.0,333.0,329.0,288.0,288.0,313.0,199.5,0.3158166781969128,4,1
small-world/scale-free,400,22,154,245.0,125.0,261.0,272.0,134.0,134.0,358.0,199.5,0.3158166781969128,4,1
small-world/scale-free,400,22,155,48.0,71.0,44.0,43.0,71.0,71.0,55.0,199.5,0.3158166781969128,4,1
small-world/scale-free,400,22,156,48.0,229.0,65.0,68.0,229.0,229.0,50.0,199.5,0.3158166781969128,4,1
small-world/scale-free,400,22,157,157.0,219.0,142.0,135.0,211.0,211.0,197.0,199.5,0.3158166781969128,4,1
small-world/scale-free,400,22,158,110.0,38.0,132.0,139.0,46.0,46.0,152.0,199.5,0.3158166781969128,4,1
small-world/scale-free,400,22,159,157.0,32.0,268.0,257.0,45.0,45.0,241.0,199.5,0.3158166781969128,4,1
small-world/scale-free,400,22,160,86.0,81.0,52.0,50.0,81.0,81.0,96.0,199.5,0.3158166781969128,4,1
small-world/scale-free,400,22,161,157.0,49.0,170.0,179.0,57.0,57.0,236.0,199.5,0.3158166781969128,4,1
small-world/scale-free,400,22,162,157.0,101.0,163.0,160.0,111.0,111.0,234.0,199.5,0.3158166781969128,4,1
small-world/scale-free,400,22,163,245.0,358.0,320.0,322.0,358.0,358.0,289.0,199.5,0.3158166781969128,4,1
small-world/scale-free,400,22,164,245.0,364.0,262.0,250.0,364.0,364.0,278.0,199.5,0.3158166781969128,4,1
small-world/scale-free,400,22,165,110.0,60.0,211.0,210.0,64.0,64.0,154.0,199.5,0.3158166781969128,4,1
small-world/scale-free,400,22,166,157.0,288.0,313.0,307.0,287.0,287.0,188.0,199.5,0.3158166781969128,4,1
small-world/scale-free,400,22,167,86.0,256.0,179.0,175.0,257.0,257.0,97.0,199.5,0.3158166781969128,4,1
small-world/scale-free,400,22,168,110.0,137.0,147.0,152.0,136.0,136.0,130.0,199.5,0.3158166781969128,4,1
small-world/scale-free,400,22,169,110.0,326.0,180.0,174.0,322.0,322.0,113.0,199.5,0.3158166781969128,4,1
small-world/scale-free,400,22,170,110.0,162.0,102.0,98.0,156.0,156.0,128.0,199.5,0.3158166781969128,4,1
small-world/scale-free,400,22,171,110.0,18.0,83.0,88.0,26.0,26.0,149.0,199.5,0.3158166781969128,4,1
small-world/scale-free,400,22,172,157.0,168.0,299.0,304.0,166.0,166.0,232.0,199.5,0.3158166781969128,4,1
small-world/scale-free,400,22,173,157.0,371.0,287.0,280.0,370.0,370.0,167.0,199.5,0.3158166781969128,4,1
small-world/scale-free,400,22,174,245.0,87.0,191.0,209.0,102.0,102.0,368.0,199.5,0.3158166781969128,4,1
small-world/scale-free,400,22,175,86.0,183.0,205.0,206.0,157.0,157.0,98.0,199.5,0.3158166781969128,4,1
small-world/scale-free,400,22,176,157.0,191.0,172.0,176.0,187.0,187.0,195.0,199.5,0.3158166781969128,4,1
small-world/scale-free,400,22,177,43.0,219.0,108.0,105.0,206.0,206.0,44.0,199.5,0.3158166781969128,4,1
small-world/scale-free,400,22,178,48.0,36.0,60.0,59.0,35.0,35.0,63.0,199.5,0.3158166781969128,4,1
small-world/scale-free,400,22,179,110.0,73.0,101.0,104.0,77.0,77.0,144.0,199.5,0.3158166781969128,4,1
small-world/scale-free,400,22,180,245.0,357.0,387.0,387.0,359.0,359.0,306.0,199.5,0.3158166781969128,4,1
small-world/scale-free,400,22,181,86.0,144.0,91.0,89.0,145.0,145.0,88.0,199.5,0.3158166781969128,4,1
small-world/scale-free,400,22,182,245.0,193.0,258.0,278.0,195.0,195.0,354.0,199.5,0.3158166781969128,4,1
small-world/scale-free,400,22,183,157.0,160.0,164.0,161.0,167.0,167.0,217.0,199.5,0.3158166781969128,4,1
small-world/scale-free,400,22,184,157.0,85.0,117.0,122.0,88.0,88.0,218.0,199.5,0.3158166781969128,4,1
small-world/scale-free,400,22,185,245.0,313.0,259.0,261.0,311.0,311.0,325.0,199.5,0.3158166781969128,4,1
small-world/scale-free,400,22,186,157.0,292.0,303.0,294.0,296.0,296.0,172.0,199.5,0.3158166781969128,4,1
small-world/scale-free,400,22,187,157.0,34.0,133.0,149.0,48.0,48.0,240.0,199.5,0.3158166781969128,4,1
small-world/scale-free,400,22,188,245.0,338.0,275.0,264.0,344.0,344.0,284.0,199.5,0.3158166781969128,4,1
small-world/scale-free,400,22,189,157.0,294.0,229.0,226.0,293.0,293.0,204.0,199.5,0.3158166781969128,4,1
small-world/scale-free,400,22,190,86.0,201.0,105.0,102.0,190.0,190.0,105.0,199.5,0.3158166781969128,4,1
small-world/scale-free,400,22,191,157.0,245.0,295.0,302.0,240.0,240.0,201.0,199.5,0.3158166781969128,4,1
small-world/scale-free,400,22,192,48.0,76.0,64.0,62.0,74.0,74.0,54.0,199.5,0.3158166781969128,4,1
small-world/scale-free,400,22,193,245.0,372.0,309.0,311.0,374.0,374.0,314.0,199.5,0.3158166781969128,4,1
small-world/scale-free,400,22,194,245.0,153.0,204.0,214.0,161.0,161.0,357.0,199.5,0.3158166781969128,4,1
small-world/scale-free,400,22,195,157.0,342.0,319.0,308.0,347.0,347.0,169.0,199.5,0.3158166781969128,4,1
small-world/scale-free,400,22,196,245.0,243.0,385.0,383.0,246.0,246.0,307.0,199.5,0.3158166781969128,4,1
small-world/scale-free,400,22,197,245.0,107.0,329.0,332.0,116.0,116.0,383.0,199.5,0.3158166781969128,4,1
small-world/scale-free,400,22,198,157.0,284.0,248.0,243.0,286.0,286.0,180.0,199.5,0.3158166781969128,4,1
small-world/scale-free,400,22,199,245.0,111.0,226.0,235.0,117.0,117.0,380.0,199.5,0.3158166781969128,4,1
small-world/scale-free,400,22,200,48.0,263.0,106.0,103.0,256.0,256.0,49.0,199.5,0.3158166781969128,4,1
small-world/scale-free,400,22,201,110.0,65.0,120.0,126.0,70.0,70.0,140.0,199.5,0.3158166781969128,4,1
small-world/scale-free,400,22,202,245.0,47.0,138.0,138.0,56.0,56.0,385.0,199.5,0.3158166781969128,4,1
small-world/scale-free,400,22,203,110.0,296.0,195.0,195.0,290.0,290.0,132.0,199.5,0.3158166781969128,4,1
small-world/scale-free,400,22,204,157.0,127.0,252.0,251.0,126.0,126.0,215.0,199.5,0.3158166781969128,4,1
small-world/scale-free,400,22,205,245.0,216.0,279.0,277.0,224.0,224.0,328.0,199.5,0.3158166781969128,4,1
small-world/scale-free,400,22,206,245.0,343.0,394.0,394.0,345.0,345.0,323.0,199.5,0.3158166781969128,4,1
small-world/scale-free,400,22,207,245.0,95.0,304.0,334.0,97.0,97.0,397.0,199.5,0.3158166781969128,4,1
small-world/scale-free,400,22,208,245.0,316.0,367.0,369.0,310.0,310.0,362.0,199.5,0.3158166781969128,4,1
small-world/scale-free,400,22,209,110.0,196.0,93.0,95.0,189.0,189.0,122.0,199.5,0.3158166781969128,4,1
small-world/scale-free,400,22,210,245.0,183.0,185.0,183.0,182.0,182.0,388.0,199.5,0.3158166781969128,4,1
small-world/scale-free,400,22,211,157.0,269.0,181.0,178.0,270.0,270.0,189.0,199.5,0.3158166781969128,4,1
small-world/scale-free,400,22,212,110.0,73.0,116.0,117.0,80.0,80.0,141.0,199.5,0.3158166781969128,4,1
small-world/scale-free,400,22,213,86.0,316.0,113.0,113.0,308.0,308.0,87.0,199.5,0.3158166781969128,4,1
small-world/scale-free,400,22,214,157.0,365.0,178.0,172.0,357.0,357.0,163.0,199.5,0.3158166781969128,4,1
small-world/scale-free,400,22,215,245.0,395.0,302.0,295.0,397.0,397.0,248.0,199.5,0.3158166781969128,4,1
small-world/scale-free,400,22,216,86.0,80.0,126.0,129.0,81.0,81.0,99.0,199.5,0.3158166781969128,4,1
small-world/scale-free,400,22,217,245.0,53.0,278.0,292.0,59.0,59.0,395.0,199.5,0.3158166781969128,4,1
small-world/scale-free,400,22,218,157.0,219.0,156.0,148.0,228.0,228.0,168.0,199.5,0.3158166781969128,4,1
small-world/scale-free,400,22,219,245.0,150.0,233.0,241.0,171.0,171.0,360.0,199.5,0.3158166781969128,4,1
small-world/scale-free,400,22,220,86.0,148.0,98.0,100.0,149.0,149.0,95.0,199.5,0.3158166781969128,4,1
small-world/scale-free,400,22,221,157.0,378.0,190.0,188.0,369.0,369.0,173.0,199.5,0.3158166781969128,4,1
small-world/scale-free,400,22,222,245.0,253.0,239.0,228.0,262.0,262.0,330.0,199.5,0.3158166781969128,4,1
small-world/scale-free,400,22,223,110.0,73.0,139.0,136.0,76.0,76.0,148.0,199.5,0.3158166781969128,4,1
small-world/scale-free,400,22,224,157.0,187.0,372.0,363.0,185.0,185.0,186.0,199.5,0.3158166781969128,4,1
small-world/scale-free,400,22,225,48.0,69.0,41.0,41.0,69.0,69.0,51.0,199.5,0.3158166781969128,4,1
small-world/scale-free,400,22,226,245.0,112.0,357.0,360.0,118.0,118.0,393.0,199.5,0.3158166781969128,4,1
small-world/scale-free,400,22,227,157.0,188.0,131.0,127.0,188.0,188.0,206.0,199.5,0.3158166781969128,4,1
small-world/scale-free,400,22,228,245.0,165.0,369.0,367.0,169.0,169.0,346.0,199.5,0.3158166781969128,4,1
small-world/scale-free,400,22,229,157.0,282.0,289.0,288.0,275.0,275.0,214.0,199.5,0.3158166781969128,4,1
small-world/scale-free,400,22,230,245.0,130.0,270.0,273.0,142.0,142.0,333.0,199.5,0.3158166781969128,4,1
small-world/scale-free,400,22,231,245.0,387.0,361.0,361.0,385.0,385.0,265.0,199.5,0.3158166781969128,4,1
small-world/scale-free,400,22,232,86.0,137.0,86.0,87.0,133.0,133.0,102.0,199.5,0.3158166781969128,4,1
small-world/scale-free,400,22,233,157.0,277.0,350.0,346.0,278.0,278.0,194.0,199.5,0.3158166781969128,4,1
small-world/scale-free,400,22,234,157.0,393.0,246.0,247.0,391.0,391.0,157.0,199.5,0.3158166781969128,4,1
small-world/scale-free,400,22,235,157.0,361.0,184.0,185.0,360.0,360.0,162.0,199.5,0.3158166781969128,4,1
small-world/scale-free,400,22,236,245.0,343.0,370.0,374.0,341.0,341.0,345.0,199.5,0.3158166781969128,4,1
small-world/scale-free,400,22,237,110.0,350.0,148.0,142.0,343.0,343.0,117.0,199.5,0.3158166781969128,4,1
small-world/scale-free,400,22,238,245.0,128.0,189.0,187.0,135.0,135.0,369.0,199.5,0.3158166781969128,4,1
small-world/scale-free,400,22,239,157.0,46.0,137.0,134.0,54.0,54.0,225.0,199.5,0.3158166781969128,4,1
small-world/scale-free,400,22,240,157.0,174.0,151.0,153.0,173.0,173.0,184.0,199.5,0.3158166781969128,4,1
small-world/scale-free,400,22,241,245.0,277.0,342.0,338.0,289.0,289.0,305.0,199.5,0.3158166781969128,4,1
small-world/scale-free,400,22,242,157.0,154.0,159.0,156.0,152.0,152.0,228.0,199.5,0.3158166781969128,4,1
small-world/scale-free,400,22,243,157.0,287.0,207.0,200.0,283.0,283.0,183.0,199.5,0.3158166781969128,4,1
small-world/scale-free,400,22,244,110.0,270.0,110.0,111.0,268.0,268.0,123.0,199.5,0.3158166781969128,4,1
small-world/scale-free,400,22,245,245.0,97.0,312.0,318.0,109.0,109.0,390.0,199.5,0.3158166781969128,4,1
small-world/scale-free,400,22,246,245.0,302.0,308.0,309.0,302.0,302.0,343.0,199.5,0.3158166781969128,4,1
small-world/scale-free,400,22,247,245.0,296.0,305.0,305.0,298.0,298.0,293.0,199.5,0.3158166781969128,4,1
small-world/scale-free,400,22,248,37.0,157.0,37.0,36.0,143.0,143.0,37.0,199.5,0.3158166781969128,4,1
small-world/scale-free,400,22,249,157.0,100.0,144.0,144.0,110.0,110.0,231.0,199.5,0.3158166781969128,4,1
small-world/scale-free,400,22,250,86.0,131.0,85.0,83.0,122.0,122.0,90.0,199.5,0.3158166781969128,4,1
small-world/scale-free,400,22,251,157.0,309.0,216.0,207.0,313.0,313.0,178.0,199.5,0.3158166781969128,4,1
small-world/scale-free,400,22,252,157.0,310.0,316.0,310.0,320.0,320.0,176.0,199.5,0.3158166781969128,4,1
small-world/scale-free,400,22,253,157.0,109.0,224.0,227.0,121.0,121.0,210.0,199.5,0.3158166781969128,4,1
small-world/scale-free,400,22,254,245.0,316.0,291.0,287.0,317.0,317.0,291.0,199.5,0.3158166781969128,4,1
small-world/scale-free,400,22,255,245.0,223.0,222.0,222.0,239.0,239.0,344.0,199.5,0.3158166781969128,4,1
small-world/scale-free,400,22,256,245.0,196.0,240.0,236.0,204.0,204.0,300.0,199.5,0.3158166781969128,4,1
small-world/scale-free,400,22,257,245.0,304.0,276.0,274.0,306.0,306.0,287.0,199.5,0.3158166781969128,4,1
small-world/scale-free,400,22,258,157.0,231.0,194.0,191.0,251.0,251.0,187.0,199.5,0.3158166781969128,4,1
small-world/scale-free,400,22,259,245.0,67.0,230.0,233.0,83.0,83.0,367.0,199.5,0.3158166781969128,4,1
small-world/scale-free,400,22,260,245.0,211.0,323.0,325.0,207.0,207.0,334.0,199.5,0.3158166781969128,4,1
small-world/scale-free,400,22,261,245.0,76.0,277.0,299.0,89.0,89.0,389.0,199.5,0.3158166781969128,4,1
small-world/scale-free,400,22,262,245.0,202.0,220.0,218.0,213.0,213.0,365.0,199.5,0.3158166781969128,4,1
small-world/scale-free,400,22,263,245.0,384.0,375.0,372.0,383.0,383.0,263.0,199.5,0.3158166781969128,4,1
small-world/scale-free,400,22,264,157.0,305.0,306.0,303.0,316.0,316.0,166.0,199.5,0.3158166781969128,4,1
small-world/scale-free,400,22,265,245.0,320.0,365.0,362.0,325.0,325.0,308.0,199.5,0.3158166781969128,4,1
small-world/scale-free,400,22,266,110.0,332.0,112.0,114.0,327.0,327.0,111.0,199.5,0.3158166781969128,4,1
small-world/scale-free,400,22,267,245.0,128.0,183.0,186.0,140.0,140.0,359.0,199.5,0.3158166781969128,4,1
small-world/scale-free,400,22,268,157.0,300.0,166.0,157.0,294.0,294.0,179.0,199.5,0.3158166781969128,4,1
small-world/scale-free,400,22,269,245.0,374.0,354.0,354.0,371.0,371.0,301.0,199.5,0.3158166781969128,4,1
small-world/scale-free,400,22,270,157.0,108.0,174.0,181.0,118.0,118.0,205.0,199.5,0.3158166781969128,4,1
small-world/scale-free,400,22,271,245.0,183.0,251.0,246.0,192.0,192.0,364.0,199.5,0.3158166781969128,4,1
small-world/scale-free,400,22,272,245.0,346.0,394.0,394.0,346.0,346.0,310.0,199.5,0.3158166781969128,4,1
small-world/scale-free,400,22,273,157.0,229.0,237.0,234.0,237.0,237.0,213.0,199.5,0.3158166781969128,4,1
small-world/scale-free,400,22,274,157.0,199.0,162.0,151.0,197.0,197.0,212.0,199.5,0.3158166781969128,4,1
small-world/scale-free,400,22,275,157.0,162.0,310.0,320.0,177.0,177.0,216.0,199.5,0.3158166781969128,4,1
small-world/scale-free,400,22,276,157.0,265.0,209.0,212.0,258.0,258.0,209.0,199.5,0.3158166781969128,4,1
small-world/scale-free,400,22,277,157.0,345.0,217.0,208.0,338.0,338.0,161.0,199.5,0.3158166781969128,4,1
small-world/scale-free,400,22,278,110.0,186.0,119.0,121.0,170.0,170.0,125.0,199.5,0.3158166781969128,4,1
small-world/scale-free,400,22,279,245.0,301.0,298.0,296.0,304.0,304.0,329.0,199.5,0.3158166781969128,4,1
small-world/scale-free,400,22,280,157.0,234.0,285.0,290.0,230.0,230.0,230.0,199.5,0.3158166781969128,4,1
small-world/scale-free,400,22,281,157.0,263.0,250.0,253.0,261.0,261.0,198.0,199.5,0.3158166781969128,4,1
small-world/scale-free,400,22,282,245.0,386.0,351.0,349.0,387.0,387.0,259.0,199.5,0.3158166781969128,4,1
small-world/scale-free,400,22,283,245.0,400.0,331.0,327.0,400.0,400.0,249.0,199.5,0.3158166781969128,4,1
small-world/scale-free,400,22,284,245.0,346.0,359.0,355.0,350.0,350.0,309.0,199.5,0.3158166781969128,4,1
small-world/scale-free,400,22,285,157.0,267.0,182.0,171.0,269.0,269.0,177.0,199.5,0.3158166781969128,4,1
small-world/scale-free,400,22,286,245.0,236.0,343.0,340.0,255.0,255.0,370.0,199.5,0.3158166781969128,4,1
small-world/scale-free,400,22,287,245.0,325.0,390.0,390.0,324.0,324.0,294.0,199.5,0.3158166781969128,4,1
small-world/scale-free,400,22,288,110.0,243.0,171.0,173.0,241.0,241.0,131.0,199.5,0.3158166781969128,4,1
small-world/scale-free,400,22,289,157.0,272.0,247.0,238.0,279.0,279.0,175.0,199.5,0.3158166781969128,4,1
small-world/scale-free,400,22,290,110.0,114.0,69.0,69.0,115.0,115.0,112.0,199.5,0.3158166781969128,4,1
small-world/scale-free,400,22,291,110.0,305.0,201.0,203.0,307.0,307.0,115.0,199.5,0.3158166781969128,4,1
small-world/scale-free,400,22,292,245.0,327.0,324.0,316.0,337.0,337.0,258.0,199.5,0.3158166781969128,4,1
small-world/scale-free,400,22,293,245.0,310.0,327.0,324.0,314.0,314.0,341.0,199.5,0.3158166781969128,4,1
small-world/scale-free,400,22,294,245.0,352.0,264.0,256.0,352.0,352.0,318.0,199.5,0.3158166781969128,4,1
small-world/scale-free,400,22,295,245.0,362.0,352.0,342.0,373.0,373.0,253.0,199.5,0.3158166781969128,4,1
small-world/scale-free,400,22,296,157.0,321.0,255.0,249.0,323.0,323.0,182.0,199.5,0.3158166781969128,4,1
small-world/scale-free,400,22,297,245.0,289.0,328.0,321.0,297.0,297.0,312.0,199.5,0.3158166781969128,4,1
small-world/scale-free,400,22,298,245.0,330.0,283.0,276.0,334.0,334.0,283.0,199.5,0.3158166781969128,4,1
small-world/scale-free,400,22,299,245.0,252.0,188.0,192.0,245.0,245.0,285.0,199.5,0.3158166781969128,4,1
small-world/scale-free,400,22,300,110.0,397.0,218.0,211.0,396.0,396.0,110.0,199.5,0.3158166781969128,4,1
small-world/scale-free,400,22,301,245.0,236.0,225.0,219.0,247.0,247.0,361.0,199.5,0.3158166781969128,4,1
small-world/scale-free,400,22,302,245.0,245.0,381.0,380.0,244.0,244.0,280.0,199.5,0.3158166781969128,4,1
small-world/scale-free,400,22,303,245.0,157.0,394.0,394.0,174.0,174.0,376.0,199.5,0.3158166781969128,4,1
small-world/scale-free,400,22,304,245.0,172.0,391.0,391.0,183.0,183.0,327.0,199.5,0.3158166781969128,4,1
small-world/scale-free,400,22,305,400.0,358.0,394.0,394.0,363.0,363.0,400.0,199.5,0.3158166781969128,4,1
small-world/scale-free,400,22,306,245.0,192.0,167.0,166.0,205.0,205.0,317.0,199.5,0.3158166781969128,4,1
small-world/scale-free,400,22,307,245.0,337.0,318.0,314.0,336.0,336.0,282.0,199.5,0.3158166781969128,4,1
small-world/scale-free,400,22,308,157.0,135.0,175.0,177.0,139.0,139.0,208.0,199.5,0.3158166781969128,4,1
small-world/scale-free,400,22,309,157.0,179.0,152.0,167.0,179.0,179.0,192.0,199.5,0.3158166781969128,4,1
small-world/scale-free,400,22,310,245.0,338.0,346.0,347.0,342.0,342.0,299.0,199.5,0.3158166781969128,4,1
small-world/scale-free,400,22,311,110.0,208.0,155.0,150.0,208.0,208.0,119.0,199.5,0.3158166781969128,4,1
small-world/scale-free,400,22,312,245.0,271.0,286.0,281.0,282.0,282.0,311.0,199.5,0.3158166781969128,4,1
small-world/scale-free,400,22,313,245.0,298.0,326.0,326.0,301.0,301.0,320.0,199.5,0.3158166781969128,4,1
small-world/scale-free,400,22,314,245.0,261.0,274.0,275.0,260.0,260.0,275.0,199.5,0.3158166781969128,4,1
small-world/scale-free,400,22,315,245.0,376.0,273.0,271.0,365.0,365.0,326.0,199.5,0.3158166781969128,4,1
small-world/scale-free,400,22,316,157.0,336.0,198.0,196.0,329.0,329.0,171.0,199.5,0.3158166781969128,4,1
small-world/scale-free,400,22,317,245.0,123.0,281.0,284.0,137.0,137.0,316.0,199.5,0.3158166781969128,4,1
small-world/scale-free,400,22,318,157.0,327.0,362.0,366.0,330.0,330.0,159.0,199.5,0.3158166781969128,4,1
small-world/scale-free,400,22,319,245.0,307.0,388.0,388.0,312.0,312.0,302.0,199.5,0.3158166781969128,4,1
small-world/scale-free,400,22,320,157.0,333.0,238.0,230.0,335.0,335.0,164.0,199.5,0.3158166781969128,4,1
small-world/scale-free,400,22,321,157.0,207.0,129.0,133.0,201.0,201.0,181.0,199.5,0.3158166781969128,4,1
small-world/scale-free,400,22,322,245.0,53.0,348.0,350.0,65.0,65.0,392.0,199.5,0.3158166781969128,4,1
small-world/scale-free,400,22,323,245.0,308.0,360.0,359.0,305.0,305.0,353.0,199.5,0.3158166781969128,4,1
small-world/scale-free,400,22,324,157.0,133.0,141.0,145.0,129.0,129.0,222.0,199.5,0.3158166781969128,4,1
small-world/scale-free,400,22,325,245.0,260.0,358.0,364.0,265.0,265.0,384.0,199.5,0.3158166781969128,4,1
small-world/scale-free,400,22,326,157.0,176.0,210.0,205.0,181.0,181.0,207.0,199.5,0.3158166781969128,4,1
small-world/scale-free,400,22,327,245.0,179.0,322.0,328.0,184.0,184.0,378.0,199.5,0.3158166781969128,4,1
small-world/scale-free,400,22,328,245.0,374.0,355.0,351.0,377.0,377.0,281.0,199.5,0.3158166781969128,4,1
small-world/scale-free,400,22,329,245.0,171.0,234.0,252.0,178.0,178.0,381.0,199.5,0.3158166781969128,4,1
small-world/scale-free,400,22,330,245.0,179.0,392.0,392.0,193.0,193.0,315.0,199.5,0.3158166781969128,4,1
small-world/scale-free,400,22,331,245.0,373.0,335.0,333.0,376.0,376.0,264.0,199.5,0.3158166781969128,4,1
small-world/scale-free,400,22,332,245.0,399.0,374.0,373.0,399.0,399.0,247.0,199.5,0.3158166781969128,4,1
small-world/scale-free,400,22,333,245.0,360.0,384.0,385.0,366.0,366.0,272.0,199.5,0.3158166781969128,4,1
small-world/scale-free,400,22,334,245.0,330.0,349.0,348.0,333.0,333.0,298.0,199.5,0.3158166781969128,4,1
small-world/scale-free,400,22,335,157.0,149.0,236.0,242.0,154.0,154.0,229.0,199.5,0.3158166781969128,4,1
small-world/scale-free,400,22,336,157.0,174.0,146.0,146.0,164.0,164.0,224.0,199.5,0.3158166781969128,4,1
small-world/scale-free,400,22,337,157.0,179.0,152.0,167.0,179.0,179.0,192.0,199.5,0.3158166781969128,4,1
small-world/scale-free,400,22,338,245.0,321.0,336.0,335.0,326.0,326.0,324.0,199.5,0.3158166781969128,4,1
small-world/scale-free,400,22,339,157.0,83.0,243.0,254.0,95.0,95.0,226.0,199.5,0.3158166781969128,4,1
small-world/scale-free,400,22,340,157.0,266.0,227.0,237.0,265.0,265.0,185.0,199.5,0.3158166781969128,4,1
small-world/scale-free,400,22,341,245.0,275.0,363.0,365.0,277.0,277.0,375.0,199.5,0.3158166781969128,4,1
small-world/scale-free,400,22,342,245.0,348.0,307.0,301.0,351.0,351.0,276.0,199.5,0.3158166781969128,4,1
small-world/scale-free,400,22,343,245.0,392.0,314.0,312.0,392.0,392.0,269.0,199.5,0.3158166781969128,4,1
small-world/scale-free,400,22,344,245.0,294.0,296.0,291.0,299.0,299.0,292.0,199.5,0.3158166781969128,4,1
small-world/scale-free,400,22,345,110.0,245.0,161.0,162.0,236.0,236.0,116.0,199.5,0.3158166781969128,4,1
small-world/scale-free,400,22,346,157.0,274.0,187.0,180.0,276.0,276.0,174.0,199.5,0.3158166781969128,4,1
small-world/scale-free,400,22,347,245.0,211.0,386.0,386.0,209.0,209.0,321.0,199.5,0.3158166781969128,4,1
small-world/scale-free,400,22,348,245.0,51.0,212.0,216.0,62.0,62.0,373.0,199.5,0.3158166781969128,4,1
small-world/scale-free,400,22,349,245.0,101.0,340.0,356.0,114.0,114.0,398.0,199.5,0.3158166781969128,4,1
small-world/scale-free,400,22,350,245.0,370.0,378.0,378.0,375.0,375.0,288.0,199.5,0.3158166781969128,4,1
small-world/scale-free,400,22,351,245.0,160.0,200.0,201.0,175.0,175.0,355.0,199.5,0.3158166781969128,4,1
small-world/scale-free,400,22,352,157.0,196.0,199.0,199.0,194.0,194.0,199.0,199.5,0.3158166781969128,4,1
small-world/scale-free,400,22,353,245.0,383.0,366.0,368.0,384.0,384.0,261.0,199.5,0.3158166781969128,4,1
small-world/scale-free,400,22,354,245.0,356.0,377.0,375.0,362.0,362.0,277.0,199.5,0.3158166781969128,4,1
small-world/scale-free,400,22,355,245.0,380.0,267.0,262.0,380.0,380.0,251.0,199.5,0.3158166781969128,4,1
small-world/scale-free,400,22,356,157.0,398.0,347.0,341.0,398.0,398.0,160.0,199.5,0.3158166781969128,4,1
small-world/scale-free,400,22,357,245.0,385.0,393.0,393.0,388.0,388.0,256.0,199.5,0.3158166781969128,4,1
small-world/scale-free,400,22,358,245.0,329.0,338.0,337.0,332.0,332.0,266.0,199.5,0.3158166781969128,4,1
small-world/scale-free,400,22,359,245.0,234.0,269.0,267.0,234.0,234.0,337.0,199.5,0.3158166781969128,4,1
small-world/scale-free,400,22,360,245.0,335.0,383.0,384.0,340.0,340.0,268.0,199.5,0.3158166781969128,4,1
small-world/scale-free,400,22,361,157.0,116.0,127.0,131.0,123.0,123.0,203.0,199.5,0.3158166781969128,4,1
small-world/scale-free,400,22,362,245.0,382.0,356.0,343.0,382.0,382.0,254.0,199.5,0.3158166781969128,4,1
small-world/scale-free,400,22,363,245.0,208.0,241.0,245.0,221.0,221.0,342.0,199.5,0.3158166781969128,4,1
small-world/scale-free,400,22,364,245.0,293.0,231.0,232.0,295.0,295.0,296.0,199.5,0.3158166781969128,4,1
small-world/scale-free,400,22,365,245.0,354.0,382.0,381.0,355.0,355.0,290.0,199.5,0.3158166781969128,4,1
small-world/scale-free,400,22,366,245.0,396.0,334.0,336.0,395.0,395.0,262.0,199.5,0.3158166781969128,4,1
small-world/scale-free,400,22,367,245.0,144.0,244.0,258.0,150.0,150.0,356.0,199.5,0.3158166781969128,4,1
small-world/scale-free,400,22,368,245.0,120.0,292.0,298.0,132.0,132.0,349.0,199.5,0.3158166781969128,4,1
small-world/scale-free,400,22,369,245.0,389.0,288.0,283.0,390.0,390.0,255.0,199.5,0.3158166781969128,4,1
small-world/scale-free,400,22,370,157.0,316.0,197.0,193.0,321.0,321.0,165.0,199.5,0.3158166781969128,4,1
small-world/scale-free,400,22,371,245.0,142.0,340.0,356.0,153.0,153.0,377.0,199.5,0.3158166781969128,4,1
small-world/scale-free,400,22,372,245.0,172.0,263.0,260.0,186.0,186.0,322.0,199.5,0.3158166781969128,4,1
small-world/scale-free,400,22,373,245.0,258.0,321.0,317.0,272.0,272.0,332.0,199.5,0.3158166781969128,4,1
small-world/scale-free,400,22,374,157.0,366.0,154.0,147.0,356.0,356.0,170.0,199.5,0.3158166781969128,4,1
small-world/scale-free,400,22,375,245.0,150.0,215.0,223.0,171.0,171.0,336.0,199.5,0.3158166781969128,4,1
small-world/scale-free,400,22,376,245.0,387.0,373.0,376.0,386.0,386.0,270.0,199.5,0.3158166781969128,4,1
small-world/scale-free,400,22,377,245.0,140.0,253.0,263.0,147.0,147.0,335.0,199.5,0.3158166781969128,4,1
small-world/scale-free,400,22,378,245.0,363.0,254.0,248.0,372.0,372.0,250.0,199.5,0.3158166781969128,4,1
small-world/scale-free,400,22,379,245.0,376.0,294.0,293.0,378.0,378.0,267.0,199.5,0.3158166781969128,4,1
small-world/scale-free,400,22,380,245.0,351.0,206.0,197.0,354.0,354.0,257.0,199.5,0.3158166781969128,4,1
small-world/scale-free,400,22,381,245.0,120.0,315.0,319.0,131.0,131.0,372.0,199.5,0.3158166781969128,4,1
small-world/scale-free,400,22,382,245.0,391.0,394.0,394.0,393.0,393.0,252.0,199.5,0.3158166781969128,4,1
small-world/scale-free,400,22,383,245.0,349.0,332.0,331.0,349.0,349.0,271.0,199.5,0.3158166781969128,4,1
small-world/scale-free,400,22,384,245.0,188.0,169.0,164.0,191.0,191.0,350.0,199.5,0.3158166781969128,4,1
small-world/scale-free,400,22,385,245.0,261.0,272.0,268.0,263.0,263.0,339.0,199.5,0.3158166781969128,4,1
small-world/scale-free,400,22,386,245.0,203.0,380.0,382.0,202.0,202.0,319.0,199.5,0.3158166781969128,4,1
small-world/scale-free,400,22,387,245.0,353.0,282.0,282.0,353.0,353.0,297.0,199.5,0.3158166781969128,4,1
small-world/scale-free,400,22,388,245.0,280.0,256.0,255.0,284.0,284.0,338.0,199.5,0.3158166781969128,4,1
small-world/scale-free,400,22,389,245.0,284.0,368.0,370.0,280.0,280.0,351.0,199.5,0.3158166781969128,4,1
small-world/scale-free,400,22,390,245.0,394.0,223.0,221.0,394.0,394.0,246.0,199.5,0.3158166781969128,4,1
small-world/scale-free,400,22,391,245.0,253.0,301.0,306.0,252.0,252.0,273.0,199.5,0.3158166781969128,4,1
small-world/scale-free,400,22,392,245.0,205.0,311.0,313.0,225.0,225.0,382.0,199.5,0.3158166781969128,4,1
small-world/scale-free,400,22,393,245.0,222.0,266.0,259.0,235.0,235.0,304.0,199.5,0.3158166781969128,4,1
small-world/scale-free,400,22,394,245.0,368.0,280.0,285.0,367.0,367.0,274.0,199.5,0.3158166781969128,4,1
small-world/scale-free,400,22,395,245.0,96.0,325.0,323.0,103.0,103.0,363.0,199.5,0.3158166781969128,4,1
small-world/scale-free,400,22,396,245.0,379.0,300.0,279.0,379.0,379.0,245.0,199.5,0.3158166781969128,4,1
small-world/scale-free,400,22,397,245.0,366.0,394.0,394.0,361.0,361.0,303.0,199.5,0.3158166781969128,4,1
small-world/scale-free,400,22,398,245.0,390.0,330.0,330.0,389.0,389.0,260.0,199.5,0.3158166781969128,4,1
small-world/scale-free,400,22,399,245.0,214.0,219.0,220.0,222.0,222.0,295.0,199.5,0.3158166781969128,4,1
