small-world/scale-free,400,25,0,4.0,5.0,4.0,4.0,5.0,5.0,4.0,199.5,0.3001073141979677,4,1
small-world/scale-free,400,25,1,2.0,3.0,3.0,3.0,3.0,3.0,2.0,199.5,0.3001073141979677,4,1
small-world/scale-free,400,25,2,1.0,1.0,1.0,1.0,1.0,1.0,1.0,199.5,0.3001073141979677,4,1
small-world/scale-free,400,25,3,2.0,2.0,2.0,2.0,2.0,2.0,3.0,199.5,0.3001073141979677,4,1
small-world/scale-free,400,25,4,5.0,4.0,5.0,5.0,4.0,4.0,5.0,199.5,0.3001073141979677,4,1
small-world/scale-free,400,25,5,14.0,10.0,14.0,13.0,12.0,12.0,16.0,199.5,0.3001073141979677,4,1
small-world/scale-free,400,25,6,40.0,17.0,31.0,31.0,17.0,17.0,47.0,199.5,0.3001073141979677,4,1
small-world/scale-free,400,25,7,33.0,19.0,29.0,29.0,18.0,18.0,37.0,199.5,0.3001073141979677,4,1
small-world/scale-free,400,25,8,6.0,7.0,6.0,6.0,6.0,6.0,6.0,199.5,0.3001073141979677,4,1
small-world/scale-free,400,25,9,14.0,9.0,13.0,14.0,10.0,10.0,17.0,199.5,0.3001073141979677,4,1
small-world/scale-free,400,25,10,7.0,11.0,8.0,8.0,9.0,9.0,7.0,199.5,0.3001073141979677,4,1
small-world/scale-free,400,25,11,8.0,6.0,7.0,7.0,7.0,7.0,8.0,199.5,0.3001073141979677,4,1
small-world/scale-free,400,25,12,89.0,27.0,97.0,102.0,30.0,30.0,115.0,199.5,0.3001073141979677,4,1
small-world/scale-free,400,25,13,51.0,37.0,67.0,68.0,35.0,35.0,61.0,199.5,0.3001073141979677,4,1
small-world/scale-free,400,25,14,116.0,25.0,146.0,156.0,29.0,29.0,157.0,199.5,0.3001073141979677,4,1
small-world/scale-free,400,25,15,63.0,22.0,60.0,65.0,25.0,25.0,88.0,199.5,0.3001073141979677,4,1
small-world/scale-free,400,25,16,9.0,16.0,9.0,9.0,11.0,11.0,9.0,199.5,0.3001073141979677,4,1
small-world/scale-free,400,25,17,22.0,26.0,28.0,27.0,24.0,24.0,24.0,199.5,0.3001073141979677,4,1
small-world/scale-free,400,25,18,14.0,15.0,12.0,12.0,16.0,16.0,19.0,199.5,0.3001073141979677,4,1
small-world/scale-free,400,25,19,10.0,8.0,10.0,10.0,8.0,8.0,10.0,199.5,0.3001073141979677,4,1
small-world/scale-free,400,25,20,11.0,12.0,11.0,11.0,13.0,13.0,12.0,199.5,0.3001073141979677,4,1
small-world/scale-free,400,25,21,20.0,76.0,27.0,25.0,53.0,53.0,21.0,199.5,0.3001073141979677,4,1
small-world/scale-free,400,25,22,51.0,120.0,94.0,95.0,97.0,97.0,62.0,199.5,0.3001073141979677,4,1
small-world/scale-free,400,25,23,116.0,57.0,117.0,120.0,58.0,58.0,156.0,199.5,0.3001073141979677,4,1
small-world/scale-free,400,25,24,158.0,163.0,308.0,309.0,167.0,167.0,235.0,199.5,0.3001073141979677,4,1
small-world/scale-free,400,25,25,14.0,54.0,19.0,19.0,38.0,38.0,14.0,199.5,0.3001073141979677,4,1
small-world/scale-free,400,25,26,25.0,29.0,21.0,21.0,27.0,27.0,25.0,199.5,0.3001073141979677,4,1
small-world/scale-free,400,25,27,27.0,90.0,50.0,48.0,69.0,69.0,32.0,199.5,0.3001073141979677,4,1
small-world/scale-free,400,25,28,25.0,23.0,25.0,26.0,19.0,19.0,26.0,199.5,0.3001073141979677,4,1
small-world/scale-free,400,25,29,89.0,203.0,115.0,111.0,198.0,198.0,113.0,199.5,0.3001073141979677,4,1
small-world/scale-free,400,25,30,89.0,41.0,161.0,157.0,44.0,44.0,111.0,199.5,0.3001073141979677,4,1
small-world/scale-free,400,25,31,40.0,44.0,35.0,34.0,40.0,40.0,50.0,199.5,0.3001073141979677,4,1
small-world/scale-free,400,25,32,20.0,30.0,18.0,18.0,26.0,26.0,20.0,199.5,0.3001073141979677,4,1
small-world/scale-free,400,25,33,14.0,12.0,15.0,15.0,14.0,14.0,18.0,199.5,0.3001073141979677,4,1
small-world/scale-free,400,25,34,40.0,256.0,71.0,72.0,233.0,233.0,43.0,199.5,0.3001073141979677,4,1
small-world/scale-free,400,25,35,11.0,14.0,16.0,16.0,15.0,15.0,13.0,199.5,0.3001073141979677,4,1
small-world/scale-free,400,25,36,51.0,38.0,68.0,70.0,36.0,36.0,60.0,199.5,0.3001073141979677,4,1
small-world/scale-free,400,25,37,116.0,180.0,151.0,154.0,168.0,168.0,149.0,199.5,0.3001073141979677,4,1
small-world/scale-free,400,25,38,63.0,153.0,120.0,118.0,139.0,139.0,84.0,199.5,0.3001073141979677,4,1
small-world/scale-free,400,25,39,116.0,100.0,106.0,106.0,93.0,93.0,148.0,199.5,0.3001073141979677,4,1
small-world/scale-free,400,25,40,14.0,133.0,23.0,23.0,88.0,88.0,15.0,199.5,0.3001073141979677,4,1
small-world/scale-free,400,25,41,27.0,109.0,33.0,32.0,84.0,84.0,31.0,199.5,0.3001073141979677,4,1
small-world/scale-free,400,25,42,27.0,23.0,22.0,22.0,20.0,20.0,29.0,199.5,0.3001073141979677,4,1
small-world/scale-free,400,25,43,116.0,208.0,149.0,148.0,210.0,210.0,130.0,199.5,0.3001073141979677,4,1
small-world/scale-free,400,25,44,63.0,160.0,105.0,104.0,151.0,151.0,85.0,199.5,0.3001073141979677,4,1
small-world/scale-free,400,25,45,63.0,180.0,134.0,136.0,175.0,175.0,83.0,199.5,0.3001073141979677,4,1
small-world/scale-free,400,25,46,11.0,60.0,17.0,17.0,39.0,39.0,11.0,199.5,0.3001073141979677,4,1
small-world/scale-free,400,25,47,116.0,59.0,86.0,89.0,61.0,61.0,147.0,199.5,0.3001073141979677,4,1
small-world/scale-free,400,25,48,27.0,84.0,56.0,54.0,67.0,67.0,28.0,199.5,0.3001073141979677,4,1
small-world/scale-free,400,25,49,22.0,36.0,24.0,24.0,31.0,31.0,23.0,199.5,0.3001073141979677,4,1
small-world/scale-free,400,25,50,51.0,82.0,41.0,43.0,64.0,64.0,57.0,199.5,0.3001073141979677,4,1
small-world/scale-free,400,25,51,63.0,178.0,58.0,58.0,161.0,161.0,77.0,199.5,0.3001073141979677,4,1
small-world/scale-free,400,25,52,116.0,201.0,181.0,179.0,209.0,209.0,154.0,199.5,0.3001073141979677,4,1
small-world/scale-free,400,25,53,51.0,210.0,51.0,53.0,188.0,188.0,55.0,199.5,0.3001073141979677,4,1
small-world/scale-free,400,25,54,89.0,109.0,89.0,88.0,105.0,105.0,101.0,199.5,0.3001073141979677,4,1
small-world/scale-free,400,25,55,89.0,68.0,77.0,79.0,66.0,66.0,112.0,199.5,0.3001073141979677,4,1
small-world/scale-free,400,25,56,40.0,20.0,47.0,47.0,22.0,22.0,49.0,199.5,0.3001073141979677,4,1
small-world/scale-free,400,25,57,116.0,102.0,189.0,190.0,100.0,100.0,152.0,199.5,0.3001073141979677,4,1
small-world/scale-free,400,25,58,40.0,62.0,32.0,33.0,56.0,56.0,45.0,199.5,0.3001073141979677,4,1
small-world/scale-free,400,25,59,51.0,201.0,81.0,73.0,203.0,203.0,58.0,199.5,0.3001073141979677,4,1
small-world/scale-free,400,25,60,89.0,107.0,78.0,77.0,108.0,108.0,98.0,199.5,0.3001073141979677,4,1
small-world/scale-free,400,25,61,116.0,155.0,156.0,150.0,154.0,154.0,153.0,199.5,0.3001073141979677,4,1
small-world/scale-free,400,25,62,63.0,47.0,147.0,147.0,47.0,47.0,86.0,199.5,0.3001073141979677,4,1
small-world/scale-free,400,25,63,158.0,35.0,165.0,174.0,41.0,41.0,238.0,199.5,0.3001073141979677,4,1
small-world/scale-free,400,25,64,40.0,166.0,46.0,45.0,150.0,150.0,48.0,199.5,0.3001073141979677,4,1
small-world/scale-free,400,25,65,33.0,113.0,57.0,57.0,80.0,80.0,39.0,199.5,0.3001073141979677,4,1
small-world/scale-free,400,25,66,63.0,33.0,52.0,56.0,32.0,32.0,87.0,199.5,0.3001073141979677,4,1
small-world/scale-free,400,25,67,33.0,46.0,45.0,42.0,45.0,45.0,36.0,199.5,0.3001073141979677,4,1
small-world/scale-free,400,25,68,33.0,21.0,20.0,20.0,22.0,22.0,34.0,199.5,0.3001073141979677,4,1
small-world/scale-free,400,25,69,158.0,183.0,183.0,192.0,187.0,187.0,232.0,199.5,0.3001073141979677,4,1
small-world/scale-free,400,25,70,63.0,170.0,96.0,92.0,162.0,162.0,81.0,199.5,0.3001073141979677,4,1
small-world/scale-free,400,25,71,158.0,154.0,137.0,128.0,159.0,159.0,231.0,199.5,0.3001073141979677,4,1
small-world/scale-free,400,25,72,27.0,28.0,26.0,28.0,28.0,28.0,30.0,199.5,0.3001073141979677,4,1
small-world/scale-free,400,25,73,33.0,130.0,36.0,37.0,111.0,111.0,38.0,199.5,0.3001073141979677,4,1
small-world/scale-free,400,25,74,63.0,207.0,143.0,137.0,200.0,200.0,78.0,199.5,0.3001073141979677,4,1
small-world/scale-free,400,25,75,63.0,50.0,87.0,87.0,48.0,48.0,76.0,199.5,0.3001073141979677,4,1
small-world/scale-free,400,25,76,33.0,199.0,38.0,36.0,182.0,182.0,35.0,199.5,0.3001073141979677,4,1
small-world/scale-free,400,25,77,158.0,87.0,169.0,169.0,94.0,94.0,214.0,199.5,0.3001073141979677,4,1
small-world/scale-free,400,25,78,116.0,254.0,140.0,139.0,244.0,244.0,126.0,199.5,0.3001073141979677,4,1
small-world/scale-free,400,25,79,116.0,60.0,74.0,78.0,62.0,62.0,140.0,199.5,0.3001073141979677,4,1
small-world/scale-free,400,25,80,158.0,123.0,125.0,124.0,133.0,133.0,237.0,199.5,0.3001073141979677,4,1
small-world/scale-free,400,25,81,63.0,41.0,40.0,40.0,46.0,46.0,66.0,199.5,0.3001073141979677,4,1
small-world/scale-free,400,25,82,158.0,150.0,363.0,364.0,156.0,156.0,236.0,199.5,0.3001073141979677,4,1
small-world/scale-free,400,25,83,40.0,53.0,43.0,44.0,50.0,50.0,42.0,199.5,0.3001073141979677,4,1
small-world/scale-free,400,25,84,158.0,175.0,180.0,171.0,185.0,185.0,224.0,199.5,0.3001073141979677,4,1
small-world/scale-free,400,25,85,158.0,113.0,198.0,216.0,117.0,117.0,233.0,199.5,0.3001073141979677,4,1
small-world/scale-free,400,25,86,239.0,302.0,390.0,390.0,302.0,302.0,367.0,199.5,0.3001073141979677,4,1
small-world/scale-free,400,25,87,158.0,305.0,312.0,318.0,297.0,297.0,220.0,199.5,0.3001073141979677,4,1
small-world/scale-free,400,25,88,116.0,260.0,349.0,347.0,255.0,255.0,139.0,199.5,0.3001073141979677,4,1
small-world/scale-free,400,25,89,51.0,176.0,55.0,50.0,178.0,178.0,56.0,199.5,0.3001073141979677,4,1
small-world/scale-free,400,25,90,40.0,226.0,39.0,39.0,217.0,217.0,40.0,199.5,0.3001073141979677,4,1
small-world/scale-free,400,25,91,89.0,272.0,127.0,127.0,256.0,256.0,103.0,199.5,0.3001073141979677,4,1
small-world/scale-free,400,25,92,63.0,166.0,92.0,90.0,157.0,157.0,74.0,199.5,0.3001073141979677,4,1
small-world/scale-free,400,25,93,116.0,278.0,167.0,168.0,257.0,257.0,143.0,199.5,0.3001073141979677,4,1
small-world/scale-free,400,25,94,239.0,93.0,256.0,291.0,103.0,103.0,375.0,199.5,0.3001073141979677,4,1
small-world/scale-free,400,25,95,116.0,239.0,232.0,217.0,225.0,225.0,144.0,199.5,0.3001073141979677,4,1
small-world/scale-free,400,25,96,158.0,239.0,174.0,178.0,245.0,245.0,216.0,199.5,0.3001073141979677,4,1
small-world/scale-free,400,25,97,40.0,193.0,109.0,105.0,180.0,180.0,46.0,199.5,0.3001073141979677,4,1
small-world/scale-free,400,25,98,158.0,127.0,190.0,189.0,136.0,136.0,225.0,199.5,0.3001073141979677,4,1
small-world/scale-free,400,25,99,158.0,248.0,325.0,330.0,262.0,262.0,223.0,199.5,0.3001073141979677,4,1
small-world/scale-free,400,25,100,89.0,86.0,118.0,121.0,79.0,79.0,110.0,199.5,0.3001073141979677,4,1
small-world/scale-free,400,25,101,239.0,68.0,390.0,390.0,81.0,81.0,389.0,199.5,0.3001073141979677,4,1
small-world/scale-free,400,25,102,89.0,178.0,116.0,110.0,185.0,185.0,105.0,199.5,0.3001073141979677,4,1
small-world/scale-free,400,25,103,116.0,63.0,95.0,97.0,65.0,65.0,151.0,199.5,0.3001073141979677,4,1
small-world/scale-free,400,25,104,27.0,262.0,88.0,82.0,226.0,226.0,27.0,199.5,0.3001073141979677,4,1
small-world/scale-free,400,25,105,51.0,123.0,30.0,30.0,116.0,116.0,52.0,199.5,0.3001073141979677,4,1
small-world/scale-free,400,25,106,51.0,208.0,90.0,91.0,204.0,204.0,51.0,199.5,0.3001073141979677,4,1
small-world/scale-free,400,25,107,89.0,94.0,84.0,86.0,92.0,92.0,114.0,199.5,0.3001073141979677,4,1
small-world/scale-free,400,25,108,63.0,287.0,157.0,161.0,265.0,265.0,64.0,199.5,0.3001073141979677,4,1
small-world/scale-free,400,25,109,51.0,186.0,66.0,62.0,177.0,177.0,54.0,199.5,0.3001073141979677,4,1
small-world/scale-free,400,25,110,158.0,204.0,221.0,211.0,202.0,202.0,194.0,199.5,0.3001073141979677,4,1
small-world/scale-free,400,25,111,63.0,168.0,76.0,75.0,155.0,155.0,82.0,199.5,0.3001073141979677,4,1
small-world/scale-free,400,25,112,239.0,91.0,271.0,267.0,101.0,101.0,378.0,199.5,0.3001073141979677,4,1
small-world/scale-free,400,25,113,40.0,158.0,42.0,41.0,129.0,129.0,44.0,199.5,0.3001073141979677,4,1
small-world/scale-free,400,25,114,40.0,213.0,107.0,98.0,206.0,206.0,41.0,199.5,0.3001073141979677,4,1
small-world/scale-free,400,25,115,89.0,243.0,141.0,134.0,239.0,239.0,109.0,199.5,0.3001073141979677,4,1
small-world/scale-free,400,25,116,63.0,51.0,37.0,38.0,52.0,52.0,70.0,199.5,0.3001073141979677,4,1
small-world/scale-free,400,25,117,51.0,151.0,113.0,113.0,138.0,138.0,53.0,199.5,0.3001073141979677,4,1
small-world/scale-free,400,25,118,158.0,189.0,382.0,381.0,192.0,192.0,211.0,199.5,0.3001073141979677,4,1
small-world/scale-free,400,25,119,158.0,324.0,289.0,280.0,321.0,321.0,197.0,199.5,0.3001073141979677,4,1
small-world/scale-free,400,25,120,158.0,292.0,222.0,212.0,296.0,296.0,210.0,199.5,0.3001073141979677,4,1
small-world/scale-free,400,25,121,116.0,18.0,110.0,115.0,21.0,21.0,155.0,199.5,0.3001073141979677,4,1
small-world/scale-free,400,25,122,158.0,231.0,152.0,152.0,237.0,237.0,192.0,199.5,0.3001073141979677,4,1
small-world/scale-free,400,25,123,158.0,258.0,354.0,352.0,263.0,263.0,203.0,199.5,0.3001073141979677,4,1
small-world/scale-free,400,25,124,89.0,82.0,44.0,46.0,76.0,76.0,102.0,199.5,0.3001073141979677,4,1
small-world/scale-free,400,25,125,51.0,118.0,69.0,69.0,108.0,108.0,59.0,199.5,0.3001073141979677,4,1
small-world/scale-free,400,25,126,116.0,57.0,93.0,96.0,58.0,58.0,136.0,199.5,0.3001073141979677,4,1
small-world/scale-free,400,25,127,116.0,280.0,223.0,223.0,270.0,270.0,150.0,199.5,0.3001073141979677,4,1
small-world/scale-free,400,25,128,63.0,77.0,61.0,59.0,71.0,71.0,75.0,199.5,0.3001073141979677,4,1
small-world/scale-free,400,25,129,239.0,375.0,390.0,390.0,373.0,373.0,280.0,199.5,0.3001073141979677,4,1
small-world/scale-free,400,25,130,158.0,68.0,234.0,222.0,72.0,72.0,222.0,199.5,0.3001073141979677,4,1
small-world/scale-free,400,25,131,116.0,314.0,186.0,177.0,312.0,312.0,125.0,199.5,0.3001073141979677,4,1
small-world/scale-free,400,25,132,89.0,218.0,166.0,160.0,229.0,229.0,108.0,199.5,0.3001073141979677,4,1
small-world/scale-free,400,25,133,239.0,55.0,265.0,268.0,70.0,70.0,382.0,199.5,0.3001073141979677,4,1
small-world/scale-free,400,25,134,239.0,128.0,302.0,321.0,137.0,137.0,386.0,199.5,0.3001073141979677,4,1
small-world/scale-free,400,25,135,239.0,308.0,248.0,236.0,309.0,309.0,344.0,199.5,0.3001073141979677,4,1
small-world/scale-free,400,25,136,89.0,31.0,63.0,66.0,33.0,33.0,104.0,199.5,0.3001073141979677,4,1
small-world/scale-free,400,25,137,239.0,319.0,368.0,371.0,315.0,315.0,341.0,199.5,0.3001073141979677,4,1
small-world/scale-free,400,25,138,116.0,266.0,178.0,180.0,260.0,260.0,142.0,199.5,0.3001073141979677,4,1
small-world/scale-free,400,25,139,89.0,343.0,153.0,151.0,336.0,336.0,92.0,199.5,0.3001073141979677,4,1
small-world/scale-free,400,25,140,158.0,174.0,243.0,237.0,172.0,172.0,234.0,199.5,0.3001073141979677,4,1
small-world/scale-free,400,25,141,158.0,233.0,212.0,215.0,235.0,235.0,227.0,199.5,0.3001073141979677,4,1
small-world/scale-free,400,25,142,63.0,266.0,54.0,55.0,252.0,252.0,65.0,199.5,0.3001073141979677,4,1
small-world/scale-free,400,25,143,239.0,198.0,301.0,317.0,216.0,216.0,397.0,199.5,0.3001073141979677,4,1
small-world/scale-free,400,25,144,116.0,359.0,351.0,349.0,356.0,356.0,127.0,199.5,0.3001073141979677,4,1
small-world/scale-free,400,25,145,33.0,314.0,48.0,49.0,288.0,288.0,33.0,199.5,0.3001073141979677,4,1
small-world/scale-free,400,25,146,63.0,325.0,65.0,61.0,311.0,311.0,63.0,199.5,0.3001073141979677,4,1
small-world/scale-free,400,25,147,116.0,213.0,108.0,107.0,218.0,218.0,137.0,199.5,0.3001073141979677,4,1
small-world/scale-free,400,25,148,239.0,287.0,386.0,386.0,279.0,279.0,330.0,199.5,0.3001073141979677,4,1
small-world/scale-free,400,25,149,116.0,306.0,144.0,144.0,302.0,302.0,129.0,199.5,0.3001073141979677,4,1
small-world/scale-free,400,25,150,116.0,263.0,119.0,117.0,249.0,249.0,135.0,199.5,0.3001073141979677,4,1
small-world/scale-free,400,25,151,89.0,162.0,64.0,64.0,163.0,163.0,100.0,199.5,0.3001073141979677,4,1
small-world/scale-free,400,25,152,89.0,184.0,214.0,197.0,173.0,173.0,107.0,199.5,0.3001073141979677,4,1
small-world/scale-free,400,25,153,22.0,249.0,34.0,35.0,219.0,219.0,22.0,199.5,0.3001073141979677,4,1
small-world/scale-free,400,25,154,89.0,77.0,79.0,84.0,74.0,74.0,106.0,199.5,0.3001073141979677,4,1
small-world/scale-free,400,25,155,158.0,377.0,339.0,337.0,377.0,377.0,169.0,199.5,0.3001073141979677,4,1
small-world/scale-free,400,25,156,239.0,307.0,389.0,389.0,306.0,306.0,340.0,199.5,0.3001073141979677,4,1
small-world/scale-free,400,25,157,239.0,97.0,260.0,261.0,107.0,107.0,379.0,199.5,0.3001073141979677,4,1
small-world/scale-free,400,25,158,239.0,161.0,331.0,335.0,171.0,171.0,374.0,199.5,0.3001073141979677,4,1
small-world/scale-free,400,25,159,158.0,34.0,70.0,74.0,37.0,37.0,193.0,199.5,0.3001073141979677,4,1
small-world/scale-free,400,25,160,63.0,176.0,72.0,71.0,174.0,174.0,80.0,199.5,0.3001073141979677,4,1
small-world/scale-free,400,25,161,116.0,278.0,160.0,155.0,280.0,280.0,119.0,199.5,0.3001073141979677,4,1
small-world/scale-free,400,25,162,158.0,246.0,171.0,170.0,246.0,246.0,199.0,199.5,0.3001073141979677,4,1
small-world/scale-free,400,25,163,89.0,361.0,126.0,119.0,347.0,347.0,90.0,199.5,0.3001073141979677,4,1
small-world/scale-free,400,25,164,158.0,226.0,218.0,213.0,238.0,238.0,209.0,199.5,0.3001073141979677,4,1
small-world/scale-free,400,25,165,239.0,334.0,230.0,231.0,335.0,335.0,274.0,199.5,0.3001073141979677,4,1
small-world/scale-free,400,25,166,239.0,149.0,277.0,285.0,146.0,146.0,333.0,199.5,0.3001073141979677,4,1
small-world/scale-free,400,25,167,239.0,233.0,336.0,346.0,242.0,242.0,348.0,199.5,0.3001073141979677,4,1
small-world/scale-free,400,25,168,63.0,68.0,85.0,80.0,68.0,68.0,71.0,199.5,0.3001073141979677,4,1
small-world/scale-free,400,25,169,158.0,335.0,177.0,172.0,327.0,327.0,171.0,199.5,0.3001073141979677,4,1
small-world/scale-free,400,25,170,63.0,126.0,59.0,63.0,106.0,106.0,68.0,199.5,0.3001073141979677,4,1
small-world/scale-free,400,25,171,116.0,115.0,135.0,138.0,121.0,121.0,145.0,199.5,0.3001073141979677,4,1
small-world/scale-free,400,25,172,63.0,40.0,49.0,51.0,43.0,43.0,73.0,199.5,0.3001073141979677,4,1
small-world/scale-free,400,25,173,158.0,173.0,128.0,129.0,170.0,170.0,217.0,199.5,0.3001073141979677,4,1
small-world/scale-free,400,25,174,116.0,384.0,267.0,260.0,379.0,379.0,121.0,199.5,0.3001073141979677,4,1
small-world/scale-free,400,25,175,158.0,196.0,216.0,214.0,205.0,205.0,230.0,199.5,0.3001073141979677,4,1
small-world/scale-free,400,25,176,158.0,133.0,226.0,240.0,126.0,126.0,205.0,199.5,0.3001073141979677,4,1
small-world/scale-free,400,25,177,158.0,263.0,130.0,141.0,278.0,278.0,173.0,199.5,0.3001073141979677,4,1
small-world/scale-free,400,25,178,89.0,143.0,91.0,93.0,144.0,144.0,96.0,199.5,0.3001073141979677,4,1
small-world/scale-free,400,25,179,239.0,229.0,261.0,265.0,241.0,241.0,312.0,199.5,0.3001073141979677,4,1
small-world/scale-free,400,25,180,239.0,355.0,213.0,202.0,353.0,353.0,281.0,199.5,0.3001073141979677,4,1
small-world/scale-free,400,25,181,63.0,212.0,114.0,114.0,215.0,215.0,79.0,199.5,0.3001073141979677,4,1
small-world/scale-free,400,25,182,239.0,378.0,299.0,294.0,378.0,378.0,292.0,199.5,0.3001073141979677,4,1
small-world/scale-free,400,25,183,89.0,195.0,101.0,101.0,195.0,195.0,94.0,199.5,0.3001073141979677,4,1
small-world/scale-free,400,25,184,63.0,125.0,75.0,76.0,122.0,122.0,72.0,199.5,0.3001073141979677,4,1
small-world/scale-free,400,25,185,239.0,169.0,384.0,383.0,181.0,181.0,331.0,199.5,0.3001073141979677,4,1
small-world/scale-free,400,25,186,89.0,106.0,104.0,109.0,98.0,98.0,95.0,199.5,0.3001073141979677,4,1
small-world/scale-free,400,25,187,239.0,367.0,329.0,327.0,366.0,366.0,267.0,199.5,0.3001073141979677,4,1
small-world/scale-free,400,25,188,239.0,349.0,370.0,370.0,354.0,354.0,295.0,199.5,0.3001073141979677,4,1
small-world/scale-free,400,25,189,89.0,64.0,53.0,52.0,62.0,62.0,97.0,199.5,0.3001073141979677,4,1
small-world/scale-free,400,25,190,89.0,96.0,111.0,112.0,91.0,91.0,99.0,199.5,0.3001073141979677,4,1
small-world/scale-free,400,25,191,158.0,395.0,239.0,239.0,391.0,391.0,185.0,199.5,0.3001073141979677,4,1
small-world/scale-free,400,25,192,239.0,120.0,270.0,271.0,125.0,125.0,349.0,199.5,0.3001073141979677,4,1
small-world/scale-free,400,25,193,158.0,277.0,197.0,196.0,277.0,277.0,180.0,199.5,0.3001073141979677,4,1
small-world/scale-free,400,25,194,158.0,254.0,309.0,308.0,243.0,243.0,228.0,199.5,0.3001073141979677,4,1
small-world/scale-free,400,25,195,116.0,158.0,103.0,99.0,165.0,165.0,132.0,199.5,0.3001073141979677,4,1
small-world/scale-free,400,25,196,239.0,330.0,359.0,361.0,333.0,333.0,297.0,199.5,0.3001073141979677,4,1
small-world/scale-free,400,25,197,239.0,239.0,193.0,191.0,254.0,254.0,350.0,199.5,0.3001073141979677,4,1
small-world/scale-free,400,25,198,239.0,147.0,208.0,219.0,145.0,145.0,342.0,199.5,0.3001073141979677,4,1
small-world/scale-free,400,25,199,158.0,221.0,195.0,194.0,221.0,221.0,191.0,199.5,0.3001073141979677,4,1
small-world/scale-free,400,25,200,158.0,383.0,254.0,244.0,380.0,380.0,164.0,199.5,0.3001073141979677,4,1
small-world/scale-free,400,25,201,239.0,392.0,300.0,296.0,395.0,395.0,242.0,199.5,0.3001073141979677,4,1
small-world/scale-free,400,25,202,158.0,314.0,123.0,126.0,317.0,317.0,160.0,199.5,0.3001073141979677,4,1
small-world/scale-free,400,25,203,158.0,130.0,259.0,257.0,134.0,134.0,177.0,199.5,0.3001073141979677,4,1
small-world/scale-free,400,25,204,239.0,118.0,282.0,276.0,130.0,130.0,363.0,199.5,0.3001073141979677,4,1
small-world/scale-free,400,25,205,239.0,341.0,292.0,286.0,341.0,341.0,275.0,199.5,0.3001073141979677,4,1
small-world/scale-free,400,25,206,116.0,331.0,335.0,329.0,330.0,330.0,122.0,199.5,0.3001073141979677,4,1
small-world/scale-free,400,25,207,239.0,45.0,251.0,283.0,51.0,51.0,383.0,199.5,0.3001073141979677,4,1
small-world/scale-free,400,25,208,239.0,107.0,288.0,307.0,123.0,123.0,395.0,199.5,0.3001073141979677,4,1
small-world/scale-free,400,25,209,158.0,328.0,252.0,247.0,324.0,324.0,195.0,199.5,0.3001073141979677,4,1
small-world/scale-free,400,25,210,116.0,224.0,112.0,116.0,230.0,230.0,138.0,199.5,0.3001073141979677,4,1
small-world/scale-free,400,25,211,158.0,55.0,138.0,142.0,60.0,60.0,229.0,199.5,0.3001073141979677,4,1
small-world/scale-free,400,25,212,239.0,391.0,245.0,242.0,392.0,392.0,268.0,199.5,0.3001073141979677,4,1
small-world/scale-free,400,25,213,116.0,295.0,192.0,195.0,287.0,287.0,124.0,199.5,0.3001073141979677,4,1
small-world/scale-free,400,25,214,158.0,366.0,255.0,250.0,359.0,359.0,187.0,199.5,0.3001073141979677,4,1
small-world/scale-free,400,25,215,239.0,141.0,357.0,360.0,153.0,153.0,361.0,199.5,0.3001073141979677,4,1
small-world/scale-free,400,25,216,239.0,233.0,281.0,277.0,248.0,248.0,359.0,199.5,0.3001073141979677,4,1
small-world/scale-free,400,25,217,239.0,308.0,240.0,229.0,310.0,310.0,310.0,199.5,0.3001073141979677,4,1
small-world/scale-free,400,25,218,239.0,79.0,227.0,245.0,90.0,90.0,370.0,199.5,0.3001073141979677,4,1
small-world/scale-free,400,25,219,239.0,292.0,306.0,290.0,305.0,305.0,305.0,199.5,0.3001073141979677,4,1
small-world/scale-free,400,25,220,239.0,308.0,369.0,372.0,313.0,313.0,307.0,199.5,0.3001073141979677,4,1
small-world/scale-free,400,25,221,116.0,102.0,83.0,81.0,115.0,115.0,146.0,199.5,0.3001073141979677,4,1
small-world/scale-free,400,25,222,158.0,91.0,229.0,228.0,96.0,96.0,221.0,199.5,0.3001073141979677,4,1
small-world/scale-free,400,25,223,239.0,343.0,320.0,320.0,346.0,346.0,306.0,199.5,0.3001073141979677,4,1
small-world/scale-free,400,25,224,63.0,219.0,99.0,94.0,213.0,213.0,69.0,199.5,0.3001073141979677,4,1
small-world/scale-free,400,25,225,239.0,213.0,290.0,289.0,227.0,227.0,362.0,199.5,0.3001073141979677,4,1
small-world/scale-free,400,25,226,158.0,141.0,150.0,159.0,135.0,135.0,201.0,199.5,0.3001073141979677,4,1
small-world/scale-free,400,25,227,239.0,102.0,361.0,357.0,112.0,112.0,353.0,199.5,0.3001073141979677,4,1
small-world/scale-free,400,25,228,116.0,285.0,136.0,133.0,291.0,291.0,118.0,199.5,0.3001073141979677,4,1
small-world/scale-free,400,25,229,239.0,136.0,279.0,293.0,147.0,147.0,372.0,199.5,0.3001073141979677,4,1
small-world/scale-free,400,25,230,239.0,311.0,305.0,298.0,314.0,314.0,323.0,199.5,0.3001073141979677,4,1
small-world/scale-free,400,25,231,239.0,321.0,365.0,366.0,326.0,326.0,322.0,199.5,0.3001073141979677,4,1
small-world/scale-free,400,25,232,239.0,87.0,196.0,209.0,102.0,102.0,385.0,199.5,0.3001073141979677,4,1
small-world/scale-free,400,25,233,116.0,351.0,268.0,270.0,345.0,345.0,117.0,199.5,0.3001073141979677,4,1
small-world/scale-free,400,25,234,158.0,102.0,131.0,132.0,110.0,110.0,196.0,199.5,0.3001073141979677,4,1
small-world/scale-free,400,25,235,63.0,49.0,62.0,60.0,54.0,54.0,67.0,199.5,0.3001073141979677,4,1
small-world/scale-free,400,25,236,158.0,364.0,294.0,287.0,364.0,364.0,170.0,199.5,0.3001073141979677,4,1
small-world/scale-free,400,25,237,239.0,295.0,235.0,224.0,307.0,307.0,290.0,199.5,0.3001073141979677,4,1
small-world/scale-free,400,25,238,158.0,302.0,247.0,254.0,294.0,294.0,219.0,199.5,0.3001073141979677,4,1
small-world/scale-free,400,25,239,116.0,333.0,170.0,164.0,332.0,332.0,116.0,199.5,0.3001073141979677,4,1
small-world/scale-free,400,25,240,239.0,79.0,275.0,310.0,86.0,86.0,394.0,199.5,0.3001073141979677,4,1
small-world/scale-free,400,25,241,239.0,222.0,209.0,218.0,228.0,228.0,343.0,199.5,0.3001073141979677,4,1
small-world/scale-free,400,25,242,239.0,359.0,380.0,379.0,363.0,363.0,299.0,199.5,0.3001073141979677,4,1
small-world/scale-free,400,25,243,158.0,81.0,82.0,83.0,89.0,89.0,212.0,199.5,0.3001073141979677,4,1
small-world/scale-free,400,25,244,158.0,269.0,132.0,131.0,276.0,276.0,178.0,199.5,0.3001073141979677,4,1
small-world/scale-free,400,25,245,239.0,332.0,328.0,325.0,334.0,334.0,278.0,199.5,0.3001073141979677,4,1
small-world/scale-free,400,25,246,239.0,381.0,352.0,353.0,381.0,381.0,264.0,199.5,0.3001073141979677,4,1
small-world/scale-free,400,25,247,239.0,338.0,345.0,343.0,338.0,338.0,315.0,199.5,0.3001073141979677,4,1
small-world/scale-free,400,25,248,239.0,338.0,362.0,358.0,349.0,349.0,263.0,199.5,0.3001073141979677,4,1
small-world/scale-free,400,25,249,158.0,186.0,236.0,220.0,189.0,189.0,189.0,199.5,0.3001073141979677,4,1
small-world/scale-free,400,25,250,158.0,157.0,199.0,198.0,166.0,166.0,198.0,199.5,0.3001073141979677,4,1
small-world/scale-free,400,25,251,239.0,47.0,264.0,295.0,55.0,55.0,365.0,199.5,0.3001073141979677,4,1
small-world/scale-free,400,25,252,158.0,136.0,142.0,143.0,149.0,149.0,215.0,199.5,0.3001073141979677,4,1
small-world/scale-free,400,25,253,239.0,376.0,310.0,301.0,376.0,376.0,248.0,199.5,0.3001073141979677,4,1
small-world/scale-free,400,25,254,239.0,128.0,121.0,123.0,128.0,128.0,294.0,199.5,0.3001073141979677,4,1
small-world/scale-free,400,25,255,158.0,237.0,206.0,200.0,251.0,251.0,181.0,199.5,0.3001073141979677,4,1
small-world/scale-free,400,25,256,158.0,348.0,162.0,162.0,339.0,339.0,167.0,199.5,0.3001073141979677,4,1
small-world/scale-free,400,25,257,158.0,318.0,257.0,248.0,316.0,316.0,184.0,199.5,0.3001073141979677,4,1
small-world/scale-free,400,25,258,158.0,75.0,133.0,140.0,85.0,85.0,206.0,199.5,0.3001073141979677,4,1
small-world/scale-free,400,25,259,239.0,155.0,262.0,264.0,169.0,169.0,308.0,199.5,0.3001073141979677,4,1
small-world/scale-free,400,25,260,158.0,143.0,200.0,210.0,152.0,152.0,218.0,199.5,0.3001073141979677,4,1
small-world/scale-free,400,25,261,89.0,193.0,220.0,208.0,190.0,190.0,91.0,199.5,0.3001073141979677,4,1
small-world/scale-free,400,25,262,239.0,143.0,390.0,390.0,141.0,141.0,357.0,199.5,0.3001073141979677,4,1
small-world/scale-free,400,25,263,239.0,292.0,353.0,355.0,298.0,298.0,369.0,199.5,0.3001073141979677,4,1
small-world/scale-free,400,25,264,158.0,295.0,371.0,369.0,283.0,283.0,183.0,199.5,0.3001073141979677,4,1
small-world/scale-free,400,25,265,158.0,233.0,337.0,341.0,224.0,224.0,204.0,199.5,0.3001073141979677,4,1
small-world/scale-free,400,25,266,116.0,220.0,187.0,185.0,232.0,232.0,128.0,199.5,0.3001073141979677,4,1
small-world/scale-free,400,25,267,239.0,210.0,326.0,326.0,212.0,212.0,336.0,199.5,0.3001073141979677,4,1
small-world/scale-free,400,25,268,89.0,249.0,73.0,67.0,236.0,236.0,93.0,199.5,0.3001073141979677,4,1
small-world/scale-free,400,25,269,239.0,394.0,324.0,322.0,393.0,393.0,257.0,199.5,0.3001073141979677,4,1
small-world/scale-free,400,25,270,158.0,273.0,242.0,238.0,281.0,281.0,188.0,199.5,0.3001073141979677,4,1
small-world/scale-free,400,25,271,239.0,398.0,297.0,304.0,398.0,398.0,260.0,199.5,0.3001073141979677,4,1
small-world/scale-free,400,25,272,239.0,346.0,304.0,303.0,351.0,351.0,265.0,199.5,0.3001073141979677,4,1
small-world/scale-free,400,25,273,239.0,130.0,201.0,226.0,131.0,131.0,345.0,199.5,0.3001073141979677,4,1
small-world/scale-free,400,25,274,116.0,269.0,172.0,176.0,259.0,259.0,133.0,199.5,0.3001073141979677,4,1
small-world/scale-free,400,25,275,158.0,216.0,122.0,125.0,208.0,208.0,200.0,199.5,0.3001073141979677,4,1
small-world/scale-free,400,25,276,158.0,283.0,383.0,385.0,286.0,286.0,168.0,199.5,0.3001073141979677,4,1
small-world/scale-free,400,25,277,239.0,399.0,258.0,256.0,399.0,399.0,239.0,199.5,0.3001073141979677,4,1
small-world/scale-free,400,25,278,239.0,371.0,390.0,390.0,374.0,374.0,273.0,199.5,0.3001073141979677,4,1
small-world/scale-free,400,25,279,239.0,216.0,316.0,331.0,211.0,211.0,388.0,199.5,0.3001073141979677,4,1
small-world/scale-free,400,25,280,116.0,231.0,124.0,122.0,247.0,247.0,123.0,199.5,0.3001073141979677,4,1
small-world/scale-free,400,25,281,239.0,64.0,350.0,350.0,78.0,78.0,373.0,199.5,0.3001073141979677,4,1
small-world/scale-free,400,25,282,239.0,225.0,204.0,193.0,234.0,234.0,355.0,199.5,0.3001073141979677,4,1
small-world/scale-free,400,25,283,239.0,388.0,377.0,378.0,387.0,387.0,272.0,199.5,0.3001073141979677,4,1
small-world/scale-free,400,25,284,239.0,269.0,334.0,334.0,293.0,293.0,371.0,199.5,0.3001073141979677,4,1
small-world/scale-free,400,25,285,239.0,120.0,341.0,348.0,124.0,124.0,337.0,199.5,0.3001073141979677,4,1
small-world/scale-free,400,25,286,239.0,285.0,390.0,390.0,282.0,282.0,360.0,199.5,0.3001073141979677,4,1
small-world/scale-free,400,25,287,239.0,321.0,360.0,359.0,329.0,329.0,285.0,199.5,0.3001073141979677,4,1
small-world/scale-free,400,25,288,239.0,191.0,203.0,205.0,193.0,193.0,329.0,199.5,0.3001073141979677,4,1
small-world/scale-free,400,25,289,89.0,356.0,164.0,167.0,343.0,343.0,89.0,199.5,0.3001073141979677,4,1
small-world/scale-free,400,25,290,158.0,300.0,286.0,266.0,308.0,308.0,172.0,199.5,0.3001073141979677,4,1
small-world/scale-free,400,25,291,239.0,326.0,318.0,312.0,325.0,325.0,351.0,199.5,0.3001073141979677,4,1
small-world/scale-free,400,25,292,239.0,266.0,293.0,313.0,274.0,274.0,380.0,199.5,0.3001073141979677,4,1
small-world/scale-free,400,25,293,239.0,291.0,296.0,281.0,304.0,304.0,311.0,199.5,0.3001073141979677,4,1
small-world/scale-free,400,25,294,239.0,258.0,314.0,333.0,273.0,273.0,352.0,199.5,0.3001073141979677,4,1
small-world/scale-free,400,25,295,239.0,341.0,311.0,299.0,340.0,340.0,271.0,199.5,0.3001073141979677,4,1
small-world/scale-free,400,25,296,158.0,393.0,276.0,263.0,394.0,394.0,159.0,199.5,0.3001073141979677,4,1
small-world/scale-free,400,25,297,239.0,163.0,272.0,282.0,160.0,160.0,358.0,199.5,0.3001073141979677,4,1
small-world/scale-free,400,25,298,239.0,170.0,280.0,284.0,183.0,183.0,321.0,199.5,0.3001073141979677,4,1
small-world/scale-free,400,25,299,116.0,39.0,98.0,103.0,42.0,42.0,134.0,199.5,0.3001073141979677,4,1
small-world/scale-free,400,25,300,239.0,109.0,219.0,232.0,118.0,118.0,381.0,199.5,0.3001073141979677,4,1
small-world/scale-free,400,25,301,239.0,243.0,205.0,199.0,258.0,258.0,269.0,199.5,0.3001073141979677,4,1
small-world/scale-free,400,25,302,239.0,64.0,184.0,183.0,73.0,73.0,377.0,199.5,0.3001073141979677,4,1
small-world/scale-free,400,25,303,158.0,387.0,313.0,311.0,386.0,386.0,158.0,199.5,0.3001073141979677,4,1
small-world/scale-free,400,25,304,158.0,371.0,249.0,243.0,371.0,371.0,161.0,199.5,0.3001073141979677,4,1
small-world/scale-free,400,25,305,158.0,89.0,145.0,146.0,94.0,94.0,213.0,199.5,0.3001073141979677,4,1
small-world/scale-free,400,25,306,239.0,326.0,263.0,258.0,323.0,323.0,338.0,199.5,0.3001073141979677,4,1
small-world/scale-free,400,25,307,239.0,136.0,390.0,390.0,147.0,147.0,392.0,199.5,0.3001073141979677,4,1
small-world/scale-free,400,25,308,239.0,243.0,188.0,184.0,250.0,250.0,325.0,199.5,0.3001073141979677,4,1
small-world/scale-free,400,25,309,158.0,284.0,173.0,181.0,275.0,275.0,176.0,199.5,0.3001073141979677,4,1
small-world/scale-free,400,25,310,239.0,139.0,159.0,158.0,158.0,158.0,313.0,199.5,0.3001073141979677,4,1
small-world/scale-free,400,25,311,239.0,295.0,340.0,339.0,289.0,289.0,300.0,199.5,0.3001073141979677,4,1
small-world/scale-free,400,25,312,116.0,115.0,102.0,108.0,120.0,120.0,131.0,199.5,0.3001073141979677,4,1
small-world/scale-free,400,25,313,239.0,349.0,330.0,324.0,357.0,357.0,253.0,199.5,0.3001073141979677,4,1
small-world/scale-free,400,25,314,158.0,247.0,225.0,221.0,264.0,264.0,207.0,199.5,0.3001073141979677,4,1
small-world/scale-free,400,25,315,158.0,84.0,215.0,201.0,87.0,87.0,208.0,199.5,0.3001073141979677,4,1
small-world/scale-free,400,25,316,158.0,347.0,291.0,278.0,348.0,348.0,166.0,199.5,0.3001073141979677,4,1
small-world/scale-free,400,25,317,158.0,41.0,129.0,130.0,49.0,49.0,226.0,199.5,0.3001073141979677,4,1
small-world/scale-free,400,25,318,239.0,358.0,390.0,390.0,362.0,362.0,291.0,199.5,0.3001073141979677,4,1
small-world/scale-free,400,25,319,239.0,68.0,390.0,390.0,81.0,81.0,389.0,199.5,0.3001073141979677,4,1
small-world/scale-free,400,25,320,239.0,228.0,379.0,382.0,222.0,222.0,328.0,199.5,0.3001073141979677,4,1
small-world/scale-free,400,25,321,239.0,143.0,390.0,390.0,140.0,140.0,400.0,199.5,0.3001073141979677,4,1
small-world/scale-free,400,25,322,239.0,68.0,158.0,166.0,81.0,81.0,368.0,199.5,0.3001073141979677,4,1
small-world/scale-free,400,25,323,116.0,280.0,155.0,153.0,272.0,272.0,120.0,199.5,0.3001073141979677,4,1
small-world/scale-free,400,25,324,239.0,190.0,228.0,235.0,199.0,199.0,356.0,199.5,0.3001073141979677,4,1
small-world/scale-free,400,25,325,239.0,382.0,274.0,269.0,383.0,383.0,247.0,199.5,0.3001073141979677,4,1
small-world/scale-free,400,25,326,239.0,273.0,322.0,305.0,285.0,285.0,270.0,199.5,0.3001073141979677,4,1
small-world/scale-free,400,25,327,239.0,188.0,241.0,252.0,194.0,194.0,354.0,199.5,0.3001073141979677,4,1
small-world/scale-free,400,25,328,158.0,385.0,283.0,275.0,385.0,385.0,163.0,199.5,0.3001073141979677,4,1
small-world/scale-free,400,25,329,239.0,328.0,358.0,363.0,331.0,331.0,287.0,199.5,0.3001073141979677,4,1
small-world/scale-free,400,25,330,239.0,312.0,319.0,319.0,319.0,319.0,279.0,199.5,0.3001073141979677,4,1
small-world/scale-free,400,25,331,158.0,369.0,346.0,342.0,369.0,369.0,175.0,199.5,0.3001073141979677,4,1
small-world/scale-free,400,25,332,239.0,345.0,342.0,340.0,350.0,350.0,259.0,199.5,0.3001073141979677,4,1
small-world/scale-free,400,25,333,239.0,249.0,387.0,387.0,240.0,240.0,276.0,199.5,0.3001073141979677,4,1
small-world/scale-free,400,25,334,239.0,357.0,194.0,187.0,355.0,355.0,261.0,199.5,0.3001073141979677,4,1
small-world/scale-free,400,25,335,239.0,351.0,366.0,367.0,360.0,360.0,262.0,199.5,0.3001073141979677,4,1
small-world/scale-free,400,25,336,239.0,68.0,269.0,273.0,76.0,76.0,387.0,199.5,0.3001073141979677,4,1
small-world/scale-free,400,25,337,239.0,191.0,210.0,207.0,197.0,197.0,283.0,199.5,0.3001073141979677,4,1
small-world/scale-free,400,25,338,239.0,172.0,182.0,186.0,179.0,179.0,309.0,199.5,0.3001073141979677,4,1
small-world/scale-free,400,25,339,239.0,313.0,317.0,323.0,320.0,320.0,327.0,199.5,0.3001073141979677,4,1
small-world/scale-free,400,25,340,239.0,256.0,231.0,233.0,267.0,267.0,334.0,199.5,0.3001073141979677,4,1
small-world/scale-free,400,25,341,158.0,273.0,185.0,182.0,290.0,290.0,179.0,199.5,0.3001073141979677,4,1
small-world/scale-free,400,25,342,239.0,97.0,191.0,206.0,104.0,104.0,391.0,199.5,0.3001073141979677,4,1
small-world/scale-free,400,25,343,158.0,260.0,175.0,173.0,266.0,266.0,174.0,199.5,0.3001073141979677,4,1
small-world/scale-free,400,25,344,239.0,67.0,343.0,344.0,75.0,75.0,393.0,199.5,0.3001073141979677,4,1
small-world/scale-free,400,25,345,239.0,373.0,355.0,356.0,375.0,375.0,254.0,199.5,0.3001073141979677,4,1
small-world/scale-free,400,25,346,239.0,205.0,176.0,175.0,214.0,214.0,320.0,199.5,0.3001073141979677,4,1
small-world/scale-free,400,25,347,116.0,31.0,80.0,85.0,34.0,34.0,141.0,199.5,0.3001073141979677,4,1
small-world/scale-free,400,25,348,239.0,109.0,224.0,246.0,127.0,127.0,396.0,199.5,0.3001073141979677,4,1
small-world/scale-free,400,25,349,239.0,282.0,233.0,225.0,284.0,284.0,288.0,199.5,0.3001073141979677,4,1
small-world/scale-free,400,25,350,239.0,239.0,347.0,351.0,231.0,231.0,302.0,199.5,0.3001073141979677,4,1
small-world/scale-free,400,25,351,239.0,396.0,344.0,338.0,396.0,396.0,249.0,199.5,0.3001073141979677,4,1
small-world/scale-free,400,25,352,158.0,135.0,163.0,165.0,132.0,132.0,182.0,199.5,0.3001073141979677,4,1
small-world/scale-free,400,25,353,239.0,51.0,217.0,234.0,57.0,57.0,346.0,199.5,0.3001073141979677,4,1
small-world/scale-free,400,25,354,239.0,374.0,266.0,259.0,370.0,370.0,289.0,199.5,0.3001073141979677,4,1
small-world/scale-free,400,25,355,239.0,299.0,284.0,272.0,299.0,299.0,376.0,199.5,0.3001073141979677,4,1
small-world/scale-free,400,25,356,158.0,265.0,211.0,203.0,271.0,271.0,165.0,199.5,0.3001073141979677,4,1
small-world/scale-free,400,25,357,239.0,379.0,367.0,368.0,382.0,382.0,250.0,199.5,0.3001073141979677,4,1
small-world/scale-free,400,25,358,158.0,273.0,139.0,135.0,269.0,269.0,186.0,199.5,0.3001073141979677,4,1
small-world/scale-free,400,25,359,239.0,362.0,373.0,365.0,367.0,367.0,245.0,199.5,0.3001073141979677,4,1
small-world/scale-free,400,25,360,239.0,389.0,278.0,262.0,389.0,389.0,256.0,199.5,0.3001073141979677,4,1
small-world/scale-free,400,25,361,239.0,337.0,332.0,328.0,342.0,342.0,251.0,199.5,0.3001073141979677,4,1
small-world/scale-free,400,25,362,239.0,368.0,381.0,380.0,365.0,365.0,303.0,199.5,0.3001073141979677,4,1
small-world/scale-free,400,25,363,239.0,249.0,250.0,241.0,268.0,268.0,314.0,199.5,0.3001073141979677,4,1
small-world/scale-free,400,25,364,158.0,317.0,303.0,292.0,317.0,317.0,202.0,199.5,0.3001073141979677,4,1
small-world/scale-free,400,25,365,239.0,323.0,307.0,297.0,328.0,328.0,277.0,199.5,0.3001073141979677,4,1
small-world/scale-free,400,25,366,239.0,205.0,168.0,163.0,207.0,207.0,298.0,199.5,0.3001073141979677,4,1
small-world/scale-free,400,25,367,239.0,290.0,273.0,279.0,292.0,292.0,326.0,199.5,0.3001073141979677,4,1
small-world/scale-free,400,25,368,239.0,301.0,372.0,374.0,300.0,300.0,347.0,199.5,0.3001073141979677,4,1
small-world/scale-free,400,25,369,239.0,380.0,356.0,354.0,384.0,384.0,244.0,199.5,0.3001073141979677,4,1
small-world/scale-free,400,25,370,158.0,115.0,100.0,100.0,119.0,119.0,162.0,199.5,0.3001073141979677,4,1
small-world/scale-free,400,25,371,239.0,397.0,388.0,388.0,397.0,397.0,282.0,199.5,0.3001073141979677,4,1
small-world/scale-free,400,25,372,239.0,386.0,376.0,376.0,388.0,388.0,258.0,199.5,0.3001073141979677,4,1
small-world/scale-free,400,25,373,239.0,370.0,364.0,362.0,372.0,372.0,243.0,199.5,0.3001073141979677,4,1
small-world/scale-free,400,25,374,239.0,97.0,287.0,300.0,114.0,114.0,366.0,199.5,0.3001073141979677,4,1
small-world/scale-free,400,25,375,239.0,238.0,295.0,288.0,253.0,253.0,364.0,199.5,0.3001073141979677,4,1
small-world/scale-free,400,25,376,239.0,340.0,238.0,227.0,344.0,344.0,255.0,199.5,0.3001073141979677,4,1
small-world/scale-free,400,25,377,239.0,163.0,253.0,253.0,176.0,176.0,304.0,199.5,0.3001073141979677,4,1
small-world/scale-free,400,25,378,239.0,100.0,298.0,306.0,113.0,113.0,384.0,199.5,0.3001073141979677,4,1
small-world/scale-free,400,25,379,239.0,140.0,378.0,377.0,142.0,142.0,318.0,199.5,0.3001073141979677,4,1
small-world/scale-free,400,25,380,239.0,229.0,348.0,345.0,223.0,223.0,332.0,199.5,0.3001073141979677,4,1
small-world/scale-free,400,25,381,239.0,354.0,323.0,315.0,361.0,361.0,246.0,199.5,0.3001073141979677,4,1
small-world/scale-free,400,25,382,239.0,320.0,338.0,336.0,322.0,322.0,286.0,199.5,0.3001073141979677,4,1
small-world/scale-free,400,25,383,239.0,287.0,375.0,373.0,295.0,295.0,296.0,199.5,0.3001073141979677,4,1
small-world/scale-free,400,25,384,239.0,390.0,321.0,314.0,390.0,390.0,240.0,199.5,0.3001073141979677,4,1
small-world/scale-free,400,25,385,239.0,249.0,202.0,204.0,261.0,261.0,339.0,199.5,0.3001073141979677,4,1
small-world/scale-free,400,25,386,239.0,336.0,333.0,332.0,337.0,337.0,284.0,199.5,0.3001073141979677,4,1
small-world/scale-free,400,25,387,239.0,180.0,237.0,255.0,191.0,191.0,399.0,199.5,0.3001073141979677,4,1
small-world/scale-free,400,25,388,239.0,351.0,327.0,316.0,352.0,352.0,293.0,199.5,0.3001073141979677,4,1
small-world/scale-free,400,25,389,239.0,400.0,285.0,274.0,400.0,400.0,241.0,199.5,0.3001073141979677,4,1
small-world/scale-free,400,25,390,239.0,223.0,374.0,375.0,220.0,220.0,316.0,199.5,0.3001073141979677,4,1
small-world/scale-free,400,25,391,239.0,304.0,246.0,249.0,301.0,301.0,266.0,199.5,0.3001073141979677,4,1
small-world/scale-free,400,25,392,239.0,94.0,207.0,230.0,98.0,98.0,398.0,199.5,0.3001073141979677,4,1
small-world/scale-free,400,25,393,158.0,184.0,154.0,149.0,184.0,184.0,190.0,199.5,0.3001073141979677,4,1
small-world/scale-free,400,25,394,239.0,196.0,148.0,145.0,196.0,196.0,301.0,199.5,0.3001073141979677,4,1
small-world/scale-free,400,25,395,239.0,362.0,390.0,390.0,358.0,358.0,324.0,199.5,0.3001073141979677,4,1
small-world/scale-free,400,25,396,239.0,199.0,385.0,384.0,201.0,201.0,335.0,199.5,0.3001073141979677,4,1
small-world/scale-free,400,25,397,239.0,147.0,179.0,188.0,142.0,142.0,317.0,199.5,0.3001073141979677,4,1
small-world/scale-free,400,25,398,239.0,151.0,244.0,251.0,164.0,164.0,319.0,199.5,0.3001073141979677,4,1
small-world/scale-free,400,25,399,239.0,365.0,315.0,302.0,368.0,368.0,252.0,199.5,0.3001073141979677,4,1
small-world/scale-free,400,26,0,8.0,15.0,11.0,11.0,14.0,14.0,9.0,199.5,0.32288080713892725,4,1
small-world/scale-free,400,26,1,2.0,4.0,2.0,2.0,2.0,2.0,2.0,199.5,0.32288080713892725,4,1
small-world/scale-free,400,26,2,1.0,1.0,1.0,1.0,1.0,1.0,1.0,199.5,0.32288080713892725,4,1
small-world/scale-free,400,26,3,5.0,2.0,4.0,4.0,4.0,4.0,5.0,199.5,0.32288080713892725,4,1
small-world/scale-free,400,26,4,15.0,7.0,12.0,12.0,8.0,8.0,17.0,199.5,0.32288080713892725,4,1
small-world/scale-free,400,26,5,32.0,24.0,30.0,30.0,25.0,25.0,36.0,199.5,0.32288080713892725,4,1
small-world/scale-free,400,26,6,27.0,20.0,27.0,27.0,19.0,19.0,29.0,199.5,0.32288080713892725,4,1
small-world/scale-free,400,26,7,27.0,8.0,24.0,24.0,10.0,10.0,32.0,199.5,0.32288080713892725,4,1
small-world/scale-free,400,26,8,3.0,3.0,3.0,3.0,3.0,3.0,3.0,199.5,0.32288080713892725,4,1
small-world/scale-free,400,26,9,8.0,12.0,8.0,8.0,11.0,11.0,8.0,199.5,0.32288080713892725,4,1
small-world/scale-free,400,26,10,23.0,64.0,26.0,26.0,44.0,44.0,25.0,199.5,0.32288080713892725,4,1
small-world/scale-free,400,26,11,4.0,5.0,5.0,5.0,5.0,5.0,4.0,199.5,0.32288080713892725,4,1
small-world/scale-free,400,26,12,10.0,14.0,10.0,10.0,12.0,12.0,12.0,199.5,0.32288080713892725,4,1
small-world/scale-free,400,26,13,10.0,16.0,9.0,9.0,16.0,16.0,10.0,199.5,0.32288080713892725,4,1
small-world/scale-free,400,26,14,32.0,27.0,35.0,35.0,28.0,28.0,38.0,199.5,0.32288080713892725,4,1
small-world/scale-free,400,26,15,90.0,48.0,96.0,101.0,51.0,51.0,117.0,199.5,0.32288080713892725,4,1
small-world/scale-free,400,26,16,6.0,9.0,6.0,6.0,7.0,7.0,6.0,199.5,0.32288080713892725,4,1
small-world/scale-free,400,26,17,90.0,33.0,59.0,59.0,35.0,35.0,104.0,199.5,0.32288080713892725,4,1
small-world/scale-free,400,26,18,13.0,11.0,13.0,13.0,9.0,9.0,13.0,199.5,0.32288080713892725,4,1
small-world/scale-free,400,26,19,39.0,145.0,74.0,73.0,135.0,135.0,42.0,199.5,0.32288080713892725,4,1
small-world/scale-free,400,26,20,10.0,16.0,14.0,14.0,15.0,15.0,11.0,199.5,0.32288080713892725,4,1
small-world/scale-free,400,26,21,27.0,23.0,36.0,37.0,22.0,22.0,30.0,199.5,0.32288080713892725,4,1
small-world/scale-free,400,26,22,118.0,114.0,136.0,136.0,116.0,116.0,164.0,199.5,0.32288080713892725,4,1
small-world/scale-free,400,26,23,68.0,22.0,62.0,67.0,24.0,24.0,89.0,199.5,0.32288080713892725,4,1
small-world/scale-free,400,26,24,7.0,6.0,7.0,7.0,6.0,6.0,7.0,199.5,0.32288080713892725,4,1
small-world/scale-free,400,26,25,23.0,48.0,29.0,29.0,36.0,36.0,26.0,199.5,0.32288080713892725,4,1
small-world/scale-free,400,26,26,46.0,68.0,50.0,50.0,66.0,66.0,51.0,199.5,0.32288080713892725,4,1
small-world/scale-free,400,26,27,14.0,10.0,15.0,15.0,13.0,13.0,14.0,199.5,0.32288080713892725,4,1
small-world/scale-free,400,26,28,39.0,28.0,53.0,52.0,29.0,29.0,45.0,199.5,0.32288080713892725,4,1
small-world/scale-free,400,26,29,68.0,152.0,111.0,113.0,140.0,140.0,83.0,199.5,0.32288080713892725,4,1
small-world/scale-free,400,26,30,19.0,18.0,18.0,18.0,18.0,18.0,22.0,199.5,0.32288080713892725,4,1
small-world/scale-free,400,26,31,46.0,63.0,34.0,33.0,47.0,47.0,53.0,199.5,0.32288080713892725,4,1
small-world/scale-free,400,26,32,23.0,13.0,22.0,22.0,17.0,17.0,24.0,199.5,0.32288080713892725,4,1
small-world/scale-free,400,26,33,90.0,100.0,105.0,103.0,117.0,117.0,116.0,199.5,0.32288080713892725,4,1
small-world/scale-free,400,26,34,19.0,65.0,21.0,21.0,48.0,48.0,21.0,199.5,0.32288080713892725,4,1
small-world/scale-free,400,26,35,90.0,142.0,68.0,69.0,141.0,141.0,94.0,199.5,0.32288080713892725,4,1
small-world/scale-free,400,26,36,39.0,19.0,32.0,34.0,20.0,20.0,44.0,199.5,0.32288080713892725,4,1
small-world/scale-free,400,26,37,46.0,73.0,138.0,133.0,63.0,63.0,54.0,199.5,0.32288080713892725,4,1
small-world/scale-free,400,26,38,46.0,97.0,56.0,56.0,82.0,82.0,55.0,199.5,0.32288080713892725,4,1
small-world/scale-free,400,26,39,56.0,157.0,110.0,109.0,142.0,142.0,63.0,199.5,0.32288080713892725,4,1
small-world/scale-free,400,26,40,15.0,48.0,20.0,20.0,34.0,34.0,15.0,199.5,0.32288080713892725,4,1
small-world/scale-free,400,26,41,19.0,45.0,17.0,17.0,37.0,37.0,19.0,199.5,0.32288080713892725,4,1
small-world/scale-free,400,26,42,39.0,130.0,38.0,40.0,107.0,107.0,43.0,199.5,0.32288080713892725,4,1
small-world/scale-free,400,26,43,32.0,74.0,43.0,44.0,60.0,60.0,37.0,199.5,0.32288080713892725,4,1
small-world/scale-free,400,26,44,56.0,28.0,91.0,89.0,30.0,30.0,64.0,199.5,0.32288080713892725,4,1
small-world/scale-free,400,26,45,56.0,87.0,78.0,77.0,79.0,79.0,67.0,199.5,0.32288080713892725,4,1
small-world/scale-free,400,26,46,118.0,240.0,249.0,247.0,244.0,244.0,160.0,199.5,0.32288080713892725,4,1
small-world/scale-free,400,26,47,166.0,196.0,291.0,285.0,199.0,199.0,224.0,199.5,0.32288080713892725,4,1
small-world/scale-free,400,26,48,15.0,26.0,16.0,16.0,21.0,21.0,16.0,199.5,0.32288080713892725,4,1
small-world/scale-free,400,26,49,118.0,170.0,174.0,179.0,167.0,167.0,149.0,199.5,0.32288080713892725,4,1
small-world/scale-free,400,26,50,68.0,163.0,67.0,65.0,164.0,164.0,71.0,199.5,0.32288080713892725,4,1
small-world/scale-free,400,26,51,166.0,215.0,251.0,259.0,215.0,215.0,233.0,199.5,0.32288080713892725,4,1
small-world/scale-free,400,26,52,166.0,280.0,337.0,333.0,276.0,276.0,226.0,199.5,0.32288080713892725,4,1
small-world/scale-free,400,26,53,239.0,187.0,387.0,387.0,204.0,204.0,392.0,199.5,0.32288080713892725,4,1
small-world/scale-free,400,26,54,18.0,140.0,31.0,31.0,99.0,99.0,18.0,199.5,0.32288080713892725,4,1
small-world/scale-free,400,26,55,56.0,54.0,79.0,79.0,53.0,53.0,66.0,199.5,0.32288080713892725,4,1
small-world/scale-free,400,26,56,46.0,52.0,28.0,28.0,46.0,46.0,52.0,199.5,0.32288080713892725,4,1
small-world/scale-free,400,26,57,32.0,72.0,41.0,42.0,57.0,57.0,33.0,199.5,0.32288080713892725,4,1
small-world/scale-free,400,26,58,46.0,277.0,52.0,54.0,259.0,259.0,46.0,199.5,0.32288080713892725,4,1
small-world/scale-free,400,26,59,46.0,134.0,65.0,63.0,108.0,108.0,47.0,199.5,0.32288080713892725,4,1
small-world/scale-free,400,26,60,90.0,21.0,51.0,55.0,23.0,23.0,112.0,199.5,0.32288080713892725,4,1
small-world/scale-free,400,26,61,118.0,295.0,175.0,174.0,292.0,292.0,130.0,199.5,0.32288080713892725,4,1
small-world/scale-free,400,26,62,166.0,45.0,146.0,154.0,61.0,61.0,237.0,199.5,0.32288080713892725,4,1
small-world/scale-free,400,26,63,239.0,105.0,387.0,387.0,102.0,102.0,397.0,199.5,0.32288080713892725,4,1
small-world/scale-free,400,26,64,118.0,107.0,209.0,211.0,97.0,97.0,165.0,199.5,0.32288080713892725,4,1
small-world/scale-free,400,26,65,68.0,167.0,69.0,68.0,150.0,150.0,69.0,199.5,0.32288080713892725,4,1
small-world/scale-free,400,26,66,56.0,157.0,106.0,102.0,154.0,154.0,61.0,199.5,0.32288080713892725,4,1
small-world/scale-free,400,26,67,90.0,36.0,75.0,81.0,39.0,39.0,114.0,199.5,0.32288080713892725,4,1
small-world/scale-free,400,26,68,90.0,101.0,97.0,97.0,100.0,100.0,106.0,199.5,0.32288080713892725,4,1
small-world/scale-free,400,26,69,118.0,137.0,107.0,106.0,143.0,143.0,150.0,199.5,0.32288080713892725,4,1
small-world/scale-free,400,26,70,118.0,242.0,257.0,254.0,239.0,239.0,147.0,199.5,0.32288080713892725,4,1
small-world/scale-free,400,26,71,166.0,35.0,225.0,232.0,41.0,41.0,238.0,199.5,0.32288080713892725,4,1
small-world/scale-free,400,26,72,39.0,59.0,39.0,38.0,56.0,56.0,41.0,199.5,0.32288080713892725,4,1
small-world/scale-free,400,26,73,68.0,66.0,93.0,92.0,67.0,67.0,88.0,199.5,0.32288080713892725,4,1
small-world/scale-free,400,26,74,68.0,71.0,98.0,96.0,69.0,69.0,85.0,199.5,0.32288080713892725,4,1
small-world/scale-free,400,26,75,46.0,117.0,63.0,61.0,113.0,113.0,48.0,199.5,0.32288080713892725,4,1
small-world/scale-free,400,26,76,166.0,122.0,227.0,239.0,130.0,130.0,231.0,199.5,0.32288080713892725,4,1
small-world/scale-free,400,26,77,239.0,36.0,387.0,387.0,42.0,42.0,400.0,199.5,0.32288080713892725,4,1
small-world/scale-free,400,26,78,68.0,178.0,117.0,117.0,162.0,162.0,87.0,199.5,0.32288080713892725,4,1
small-world/scale-free,400,26,79,118.0,77.0,180.0,186.0,75.0,75.0,163.0,199.5,0.32288080713892725,4,1
small-world/scale-free,400,26,80,19.0,38.0,23.0,23.0,27.0,27.0,20.0,199.5,0.32288080713892725,4,1
small-world/scale-free,400,26,81,23.0,38.0,25.0,25.0,33.0,33.0,23.0,199.5,0.32288080713892725,4,1
small-world/scale-free,400,26,82,68.0,59.0,44.0,45.0,58.0,58.0,81.0,199.5,0.32288080713892725,4,1
small-world/scale-free,400,26,83,90.0,92.0,151.0,157.0,94.0,94.0,113.0,199.5,0.32288080713892725,4,1
small-world/scale-free,400,26,84,68.0,149.0,86.0,83.0,133.0,133.0,82.0,199.5,0.32288080713892725,4,1
small-world/scale-free,400,26,85,118.0,275.0,176.0,176.0,266.0,266.0,153.0,199.5,0.32288080713892725,4,1
small-world/scale-free,400,26,86,239.0,261.0,312.0,307.0,270.0,270.0,339.0,199.5,0.32288080713892725,4,1
small-world/scale-free,400,26,87,90.0,149.0,70.0,70.0,148.0,148.0,111.0,199.5,0.32288080713892725,4,1
small-world/scale-free,400,26,88,32.0,119.0,45.0,43.0,90.0,90.0,31.0,199.5,0.32288080713892725,4,1
small-world/scale-free,400,26,89,166.0,114.0,120.0,123.0,128.0,128.0,223.0,199.5,0.32288080713892725,4,1
small-world/scale-free,400,26,90,239.0,68.0,265.0,286.0,76.0,76.0,393.0,199.5,0.32288080713892725,4,1
small-world/scale-free,400,26,91,239.0,161.0,207.0,223.0,170.0,170.0,377.0,199.5,0.32288080713892725,4,1
small-world/scale-free,400,26,92,46.0,95.0,83.0,80.0,72.0,72.0,50.0,199.5,0.32288080713892725,4,1
small-world/scale-free,400,26,93,68.0,132.0,87.0,86.0,124.0,124.0,86.0,199.5,0.32288080713892725,4,1
small-world/scale-free,400,26,94,90.0,51.0,108.0,110.0,54.0,54.0,115.0,199.5,0.32288080713892725,4,1
small-world/scale-free,400,26,95,166.0,212.0,287.0,288.0,223.0,223.0,236.0,199.5,0.32288080713892725,4,1
small-world/scale-free,400,26,96,118.0,155.0,168.0,168.0,154.0,154.0,154.0,199.5,0.32288080713892725,4,1
small-world/scale-free,400,26,97,46.0,131.0,37.0,36.0,122.0,122.0,49.0,199.5,0.32288080713892725,4,1
small-world/scale-free,400,26,98,166.0,41.0,102.0,104.0,50.0,50.0,235.0,199.5,0.32288080713892725,4,1
small-world/scale-free,400,26,99,32.0,34.0,46.0,46.0,31.0,31.0,35.0,199.5,0.32288080713892725,4,1
small-world/scale-free,400,26,100,166.0,207.0,293.0,297.0,207.0,207.0,202.0,199.5,0.32288080713892725,4,1
small-world/scale-free,400,26,101,90.0,260.0,124.0,122.0,260.0,260.0,96.0,199.5,0.32288080713892725,4,1
small-world/scale-free,400,26,102,118.0,32.0,73.0,72.0,40.0,40.0,162.0,199.5,0.32288080713892725,4,1
small-world/scale-free,400,26,103,166.0,221.0,188.0,185.0,220.0,220.0,222.0,199.5,0.32288080713892725,4,1
small-world/scale-free,400,26,104,32.0,54.0,40.0,39.0,45.0,45.0,34.0,199.5,0.32288080713892725,4,1
small-world/scale-free,400,26,105,118.0,286.0,299.0,299.0,278.0,278.0,151.0,199.5,0.32288080713892725,4,1
small-world/scale-free,400,26,106,166.0,223.0,214.0,219.0,208.0,208.0,234.0,199.5,0.32288080713892725,4,1
small-world/scale-free,400,26,107,90.0,145.0,125.0,120.0,152.0,152.0,100.0,199.5,0.32288080713892725,4,1
small-world/scale-free,400,26,108,90.0,147.0,85.0,82.0,149.0,149.0,98.0,199.5,0.32288080713892725,4,1
small-world/scale-free,400,26,109,68.0,334.0,203.0,195.0,315.0,315.0,74.0,199.5,0.32288080713892725,4,1
small-world/scale-free,400,26,110,68.0,252.0,99.0,99.0,246.0,246.0,75.0,199.5,0.32288080713892725,4,1
small-world/scale-free,400,26,111,166.0,267.0,335.0,331.0,267.0,267.0,221.0,199.5,0.32288080713892725,4,1
small-world/scale-free,400,26,112,68.0,287.0,100.0,98.0,265.0,265.0,73.0,199.5,0.32288080713892725,4,1
small-world/scale-free,400,26,113,90.0,59.0,71.0,75.0,62.0,62.0,103.0,199.5,0.32288080713892725,4,1
small-world/scale-free,400,26,114,68.0,257.0,60.0,62.0,236.0,236.0,79.0,199.5,0.32288080713892725,4,1
small-world/scale-free,400,26,115,90.0,134.0,66.0,66.0,134.0,134.0,109.0,199.5,0.32288080713892725,4,1
small-world/scale-free,400,26,116,118.0,133.0,135.0,144.0,144.0,144.0,156.0,199.5,0.32288080713892725,4,1
small-world/scale-free,400,26,117,118.0,42.0,221.0,241.0,52.0,52.0,161.0,199.5,0.32288080713892725,4,1
small-world/scale-free,400,26,118,118.0,24.0,159.0,163.0,26.0,26.0,158.0,199.5,0.32288080713892725,4,1
small-world/scale-free,400,26,119,118.0,183.0,224.0,213.0,185.0,185.0,145.0,199.5,0.32288080713892725,4,1
small-world/scale-free,400,26,120,56.0,67.0,54.0,51.0,68.0,68.0,59.0,199.5,0.32288080713892725,4,1
small-world/scale-free,400,26,121,90.0,315.0,161.0,159.0,309.0,309.0,108.0,199.5,0.32288080713892725,4,1
small-world/scale-free,400,26,122,56.0,89.0,77.0,74.0,84.0,84.0,60.0,199.5,0.32288080713892725,4,1
small-world/scale-free,400,26,123,118.0,289.0,160.0,152.0,272.0,272.0,141.0,199.5,0.32288080713892725,4,1
small-world/scale-free,400,26,124,118.0,322.0,126.0,126.0,312.0,312.0,128.0,199.5,0.32288080713892725,4,1
small-world/scale-free,400,26,125,118.0,334.0,235.0,233.0,325.0,325.0,131.0,199.5,0.32288080713892725,4,1
small-world/scale-free,400,26,126,56.0,345.0,122.0,119.0,328.0,328.0,56.0,199.5,0.32288080713892725,4,1
small-world/scale-free,400,26,127,118.0,251.0,129.0,137.0,258.0,258.0,125.0,199.5,0.32288080713892725,4,1
small-world/scale-free,400,26,128,27.0,137.0,33.0,32.0,112.0,112.0,27.0,199.5,0.32288080713892725,4,1
small-world/scale-free,400,26,129,39.0,196.0,48.0,48.0,184.0,184.0,39.0,199.5,0.32288080713892725,4,1
small-world/scale-free,400,26,130,56.0,30.0,57.0,57.0,32.0,32.0,65.0,199.5,0.32288080713892725,4,1
small-world/scale-free,400,26,131,239.0,261.0,363.0,366.0,268.0,268.0,374.0,199.5,0.32288080713892725,4,1
small-world/scale-free,400,26,132,166.0,242.0,158.0,156.0,245.0,245.0,206.0,199.5,0.32288080713892725,4,1
small-world/scale-free,400,26,133,68.0,142.0,89.0,93.0,137.0,137.0,78.0,199.5,0.32288080713892725,4,1
small-world/scale-free,400,26,134,166.0,310.0,243.0,243.0,306.0,306.0,184.0,199.5,0.32288080713892725,4,1
small-world/scale-free,400,26,135,118.0,390.0,204.0,196.0,387.0,387.0,122.0,199.5,0.32288080713892725,4,1
small-world/scale-free,400,26,136,56.0,88.0,61.0,60.0,77.0,77.0,62.0,199.5,0.32288080713892725,4,1
small-world/scale-free,400,26,137,27.0,45.0,19.0,19.0,38.0,38.0,28.0,199.5,0.32288080713892725,4,1
small-world/scale-free,400,26,138,68.0,203.0,80.0,78.0,197.0,197.0,72.0,199.5,0.32288080713892725,4,1
small-world/scale-free,400,26,139,166.0,111.0,212.0,217.0,121.0,121.0,203.0,199.5,0.32288080713892725,4,1
small-world/scale-free,400,26,140,166.0,342.0,334.0,334.0,343.0,343.0,192.0,199.5,0.32288080713892725,4,1
small-world/scale-free,400,26,141,239.0,31.0,324.0,336.0,43.0,43.0,399.0,199.5,0.32288080713892725,4,1
small-world/scale-free,400,26,142,166.0,211.0,147.0,142.0,212.0,212.0,191.0,199.5,0.32288080713892725,4,1
small-world/scale-free,400,26,143,166.0,103.0,149.0,153.0,110.0,110.0,196.0,199.5,0.32288080713892725,4,1
small-world/scale-free,400,26,144,39.0,173.0,49.0,49.0,151.0,151.0,40.0,199.5,0.32288080713892725,4,1
small-world/scale-free,400,26,145,239.0,167.0,230.0,227.0,177.0,177.0,354.0,199.5,0.32288080713892725,4,1
small-world/scale-free,400,26,146,239.0,103.0,366.0,365.0,114.0,114.0,381.0,199.5,0.32288080713892725,4,1
small-world/scale-free,400,26,147,56.0,220.0,64.0,64.0,198.0,198.0,57.0,199.5,0.32288080713892725,4,1
small-world/scale-free,400,26,148,166.0,305.0,242.0,235.0,303.0,303.0,187.0,199.5,0.32288080713892725,4,1
small-world/scale-free,400,26,149,166.0,147.0,255.0,255.0,145.0,145.0,228.0,199.5,0.32288080713892725,4,1
small-world/scale-free,400,26,150,239.0,258.0,253.0,257.0,253.0,253.0,355.0,199.5,0.32288080713892725,4,1
small-world/scale-free,400,26,151,118.0,264.0,153.0,148.0,257.0,257.0,133.0,199.5,0.32288080713892725,4,1
small-world/scale-free,400,26,152,90.0,123.0,150.0,151.0,126.0,126.0,110.0,199.5,0.32288080713892725,4,1
small-world/scale-free,400,26,153,118.0,212.0,205.0,197.0,216.0,216.0,146.0,199.5,0.32288080713892725,4,1
small-world/scale-free,400,26,154,166.0,290.0,163.0,166.0,301.0,301.0,173.0,199.5,0.32288080713892725,4,1
small-world/scale-free,400,26,155,239.0,290.0,358.0,351.0,297.0,297.0,328.0,199.5,0.32288080713892725,4,1
small-world/scale-free,400,26,156,239.0,153.0,365.0,370.0,156.0,156.0,388.0,199.5,0.32288080713892725,4,1
small-world/scale-free,400,26,157,166.0,370.0,279.0,280.0,364.0,364.0,174.0,199.5,0.32288080713892725,4,1
small-world/scale-free,400,26,158,239.0,221.0,385.0,385.0,225.0,225.0,290.0,199.5,0.32288080713892725,4,1
small-world/scale-free,400,26,159,90.0,97.0,55.0,53.0,95.0,95.0,105.0,199.5,0.32288080713892725,4,1
small-world/scale-free,400,26,160,118.0,165.0,90.0,88.0,159.0,159.0,134.0,199.5,0.32288080713892725,4,1
small-world/scale-free,400,26,161,166.0,68.0,228.0,230.0,78.0,78.0,229.0,199.5,0.32288080713892725,4,1
small-world/scale-free,400,26,162,118.0,248.0,144.0,138.0,248.0,248.0,135.0,199.5,0.32288080713892725,4,1
small-world/scale-free,400,26,163,118.0,215.0,115.0,124.0,188.0,188.0,152.0,199.5,0.32288080713892725,4,1
small-world/scale-free,400,26,164,68.0,230.0,128.0,129.0,222.0,222.0,84.0,199.5,0.32288080713892725,4,1
small-world/scale-free,400,26,165,68.0,123.0,76.0,76.0,119.0,119.0,76.0,199.5,0.32288080713892725,4,1
small-world/scale-free,400,26,166,166.0,126.0,133.0,140.0,138.0,138.0,217.0,199.5,0.32288080713892725,4,1
small-world/scale-free,400,26,167,239.0,373.0,387.0,387.0,369.0,369.0,324.0,199.5,0.32288080713892725,4,1
small-world/scale-free,400,26,168,118.0,43.0,84.0,87.0,49.0,49.0,159.0,199.5,0.32288080713892725,4,1
small-world/scale-free,400,26,169,90.0,114.0,104.0,105.0,104.0,104.0,95.0,199.5,0.32288080713892725,4,1
small-world/scale-free,400,26,170,90.0,157.0,81.0,84.0,158.0,158.0,99.0,199.5,0.32288080713892725,4,1
small-world/scale-free,400,26,171,239.0,358.0,348.0,345.0,362.0,362.0,264.0,199.5,0.32288080713892725,4,1
small-world/scale-free,400,26,172,239.0,299.0,215.0,207.0,299.0,299.0,297.0,199.5,0.32288080713892725,4,1
small-world/scale-free,400,26,173,90.0,246.0,132.0,125.0,241.0,241.0,97.0,199.5,0.32288080713892725,4,1
small-world/scale-free,400,26,174,166.0,360.0,206.0,205.0,350.0,350.0,185.0,199.5,0.32288080713892725,4,1
small-world/scale-free,400,26,175,239.0,329.0,281.0,283.0,329.0,329.0,301.0,199.5,0.32288080713892725,4,1
small-world/scale-free,400,26,176,68.0,111.0,58.0,58.0,109.0,109.0,80.0,199.5,0.32288080713892725,4,1
small-world/scale-free,400,26,177,118.0,86.0,101.0,100.0,88.0,88.0,155.0,199.5,0.32288080713892725,4,1
small-world/scale-free,400,26,178,90.0,327.0,142.0,139.0,318.0,318.0,91.0,199.5,0.32288080713892725,4,1
small-world/scale-free,400,26,179,239.0,264.0,309.0,310.0,282.0,282.0,352.0,199.5,0.32288080713892725,4,1
small-world/scale-free,400,26,180,239.0,317.0,191.0,191.0,320.0,320.0,298.0,199.5,0.32288080713892725,4,1
small-world/scale-free,400,26,181,90.0,85.0,72.0,71.0,81.0,81.0,101.0,199.5,0.32288080713892725,4,1
small-world/scale-free,400,26,182,166.0,54.0,275.0,275.0,64.0,64.0,227.0,199.5,0.32288080713892725,4,1
small-world/scale-free,400,26,183,166.0,77.0,244.0,249.0,80.0,80.0,232.0,199.5,0.32288080713892725,4,1
small-world/scale-free,400,26,184,118.0,81.0,211.0,210.0,74.0,74.0,157.0,199.5,0.32288080713892725,4,1
small-world/scale-free,400,26,185,118.0,313.0,210.0,216.0,304.0,304.0,140.0,199.5,0.32288080713892725,4,1
small-world/scale-free,400,26,186,239.0,81.0,143.0,145.0,93.0,93.0,334.0,199.5,0.32288080713892725,4,1
small-world/scale-free,400,26,187,118.0,308.0,166.0,162.0,305.0,305.0,126.0,199.5,0.32288080713892725,4,1
small-world/scale-free,400,26,188,166.0,74.0,130.0,131.0,86.0,86.0,213.0,199.5,0.32288080713892725,4,1
small-world/scale-free,400,26,189,166.0,250.0,182.0,182.0,254.0,254.0,211.0,199.5,0.32288080713892725,4,1
small-world/scale-free,400,26,190,239.0,301.0,376.0,378.0,298.0,298.0,323.0,199.5,0.32288080713892725,4,1
small-world/scale-free,400,26,191,166.0,375.0,200.0,198.0,375.0,375.0,193.0,199.5,0.32288080713892725,4,1
small-world/scale-free,400,26,192,90.0,377.0,178.0,175.0,374.0,374.0,90.0,199.5,0.32288080713892725,4,1
small-world/scale-free,400,26,193,68.0,227.0,109.0,108.0,224.0,224.0,77.0,199.5,0.32288080713892725,4,1
small-world/scale-free,400,26,194,166.0,52.0,139.0,147.0,65.0,65.0,225.0,199.5,0.32288080713892725,4,1
small-world/scale-free,400,26,195,166.0,317.0,266.0,267.0,317.0,317.0,190.0,199.5,0.32288080713892725,4,1
small-world/scale-free,400,26,196,239.0,81.0,241.0,250.0,91.0,91.0,380.0,199.5,0.32288080713892725,4,1
small-world/scale-free,400,26,197,118.0,207.0,113.0,114.0,201.0,201.0,138.0,199.5,0.32288080713892725,4,1
small-world/scale-free,400,26,198,239.0,107.0,238.0,251.0,118.0,118.0,366.0,199.5,0.32288080713892725,4,1
small-world/scale-free,400,26,199,239.0,367.0,329.0,323.0,373.0,373.0,270.0,199.5,0.32288080713892725,4,1
small-world/scale-free,400,26,200,166.0,99.0,234.0,237.0,105.0,105.0,230.0,199.5,0.32288080713892725,4,1
small-world/scale-free,400,26,201,90.0,214.0,162.0,161.0,190.0,190.0,107.0,199.5,0.32288080713892725,4,1
small-world/scale-free,400,26,202,166.0,355.0,164.0,158.0,349.0,349.0,175.0,199.5,0.32288080713892725,4,1
small-world/scale-free,400,26,203,118.0,101.0,88.0,91.0,105.0,105.0,148.0,199.5,0.32288080713892725,4,1
small-world/scale-free,400,26,204,166.0,167.0,331.0,327.0,160.0,160.0,212.0,199.5,0.32288080713892725,4,1
small-world/scale-free,400,26,205,166.0,375.0,314.0,319.0,372.0,372.0,195.0,199.5,0.32288080713892725,4,1
small-world/scale-free,400,26,206,166.0,311.0,198.0,204.0,310.0,310.0,198.0,199.5,0.32288080713892725,4,1
small-world/scale-free,400,26,207,118.0,304.0,131.0,130.0,302.0,302.0,119.0,199.5,0.32288080713892725,4,1
small-world/scale-free,400,26,208,166.0,62.0,217.0,229.0,73.0,73.0,214.0,199.5,0.32288080713892725,4,1
small-world/scale-free,400,26,209,166.0,218.0,286.0,282.0,232.0,232.0,215.0,199.5,0.32288080713892725,4,1
small-world/scale-free,400,26,210,166.0,268.0,156.0,160.0,264.0,264.0,188.0,199.5,0.32288080713892725,4,1
small-world/scale-free,400,26,211,118.0,231.0,103.0,107.0,221.0,221.0,137.0,199.5,0.32288080713892725,4,1
small-world/scale-free,400,26,212,239.0,196.0,330.0,342.0,203.0,203.0,395.0,199.5,0.32288080713892725,4,1
small-world/scale-free,400,26,213,166.0,225.0,247.0,238.0,230.0,230.0,216.0,199.5,0.32288080713892725,4,1
small-world/scale-free,400,26,214,166.0,76.0,354.0,348.0,85.0,85.0,218.0,199.5,0.32288080713892725,4,1
small-world/scale-free,400,26,215,118.0,247.0,95.0,94.0,243.0,243.0,129.0,199.5,0.32288080713892725,4,1
small-world/scale-free,400,26,216,166.0,295.0,173.0,173.0,283.0,283.0,189.0,199.5,0.32288080713892725,4,1
small-world/scale-free,400,26,217,166.0,338.0,137.0,132.0,340.0,340.0,182.0,199.5,0.32288080713892725,4,1
small-world/scale-free,400,26,218,118.0,189.0,145.0,141.0,201.0,201.0,142.0,199.5,0.32288080713892725,4,1
small-world/scale-free,400,26,219,90.0,185.0,302.0,296.0,176.0,176.0,102.0,199.5,0.32288080713892725,4,1
small-world/scale-free,400,26,220,239.0,215.0,307.0,317.0,226.0,226.0,309.0,199.5,0.32288080713892725,4,1
small-world/scale-free,400,26,221,239.0,227.0,387.0,387.0,227.0,227.0,372.0,199.5,0.32288080713892725,4,1
small-world/scale-free,400,26,222,166.0,134.0,127.0,127.0,146.0,146.0,194.0,199.5,0.32288080713892725,4,1
small-world/scale-free,400,26,223,239.0,371.0,278.0,272.0,376.0,376.0,248.0,199.5,0.32288080713892725,4,1
small-world/scale-free,400,26,224,239.0,347.0,339.0,335.0,355.0,355.0,277.0,199.5,0.32288080713892725,4,1
small-world/scale-free,400,26,225,166.0,89.0,340.0,341.0,96.0,96.0,220.0,199.5,0.32288080713892725,4,1
small-world/scale-free,400,26,226,166.0,84.0,116.0,121.0,83.0,83.0,209.0,199.5,0.32288080713892725,4,1
small-world/scale-free,400,26,227,166.0,397.0,190.0,187.0,396.0,396.0,169.0,199.5,0.32288080713892725,4,1
small-world/scale-free,400,26,228,239.0,299.0,322.0,318.0,300.0,300.0,336.0,199.5,0.32288080713892725,4,1
small-world/scale-free,400,26,229,166.0,283.0,195.0,183.0,271.0,271.0,201.0,199.5,0.32288080713892725,4,1
small-world/scale-free,400,26,230,118.0,309.0,183.0,177.0,307.0,307.0,121.0,199.5,0.32288080713892725,4,1
small-world/scale-free,400,26,231,166.0,174.0,172.0,172.0,169.0,169.0,207.0,199.5,0.32288080713892725,4,1
small-world/scale-free,400,26,232,166.0,165.0,315.0,312.0,168.0,168.0,208.0,199.5,0.32288080713892725,4,1
small-world/scale-free,400,26,233,118.0,337.0,192.0,190.0,330.0,330.0,127.0,199.5,0.32288080713892725,4,1
small-world/scale-free,400,26,234,239.0,279.0,377.0,377.0,273.0,273.0,326.0,199.5,0.32288080713892725,4,1
small-world/scale-free,400,26,235,239.0,283.0,262.0,268.0,284.0,284.0,362.0,199.5,0.32288080713892725,4,1
small-world/scale-free,400,26,236,239.0,373.0,357.0,358.0,370.0,370.0,286.0,199.5,0.32288080713892725,4,1
small-world/scale-free,400,26,237,239.0,280.0,356.0,354.0,287.0,287.0,357.0,199.5,0.32288080713892725,4,1
small-world/scale-free,400,26,238,239.0,126.0,229.0,221.0,139.0,139.0,396.0,199.5,0.32288080713892725,4,1
small-world/scale-free,400,26,239,239.0,192.0,268.0,279.0,205.0,205.0,306.0,199.5,0.32288080713892725,4,1
small-world/scale-free,400,26,240,166.0,234.0,170.0,167.0,231.0,231.0,186.0,199.5,0.32288080713892725,4,1
small-world/scale-free,400,26,241,166.0,189.0,364.0,361.0,194.0,194.0,204.0,199.5,0.32288080713892725,4,1
small-world/scale-free,400,26,242,90.0,271.0,216.0,206.0,274.0,274.0,92.0,199.5,0.32288080713892725,4,1
small-world/scale-free,400,26,243,239.0,194.0,321.0,329.0,206.0,206.0,359.0,199.5,0.32288080713892725,4,1
small-world/scale-free,400,26,244,239.0,121.0,273.0,281.0,129.0,129.0,351.0,199.5,0.32288080713892725,4,1
small-world/scale-free,400,26,245,68.0,232.0,92.0,90.0,228.0,228.0,70.0,199.5,0.32288080713892725,4,1
small-world/scale-free,400,26,246,56.0,105.0,42.0,41.0,89.0,89.0,58.0,199.5,0.32288080713892725,4,1
small-world/scale-free,400,26,247,239.0,342.0,383.0,383.0,347.0,347.0,307.0,199.5,0.32288080713892725,4,1
small-world/scale-free,400,26,248,166.0,153.0,186.0,194.0,161.0,161.0,210.0,199.5,0.32288080713892725,4,1
small-world/scale-free,400,26,249,239.0,181.0,361.0,362.0,180.0,180.0,335.0,199.5,0.32288080713892725,4,1
small-world/scale-free,400,26,250,166.0,287.0,157.0,149.0,293.0,293.0,199.0,199.5,0.32288080713892725,4,1
small-world/scale-free,400,26,251,166.0,340.0,171.0,171.0,338.0,338.0,177.0,199.5,0.32288080713892725,4,1
small-world/scale-free,400,26,252,166.0,176.0,218.0,234.0,175.0,175.0,200.0,199.5,0.32288080713892725,4,1
small-world/scale-free,400,26,253,166.0,347.0,259.0,260.0,344.0,344.0,180.0,199.5,0.32288080713892725,4,1
small-world/scale-free,400,26,254,239.0,176.0,226.0,231.0,182.0,182.0,341.0,199.5,0.32288080713892725,4,1
small-world/scale-free,400,26,255,118.0,179.0,119.0,118.0,173.0,173.0,132.0,199.5,0.32288080713892725,4,1
small-world/scale-free,400,26,256,239.0,285.0,342.0,344.0,294.0,294.0,331.0,199.5,0.32288080713892725,4,1
small-world/scale-free,400,26,257,166.0,364.0,323.0,325.0,366.0,366.0,170.0,199.5,0.32288080713892725,4,1
small-world/scale-free,400,26,258,239.0,200.0,246.0,248.0,195.0,195.0,312.0,199.5,0.32288080713892725,4,1
small-world/scale-free,400,26,259,239.0,364.0,368.0,368.0,368.0,368.0,292.0,199.5,0.32288080713892725,4,1
small-world/scale-free,400,26,260,68.0,227.0,47.0,47.0,211.0,211.0,68.0,199.5,0.32288080713892725,4,1
small-world/scale-free,400,26,261,118.0,323.0,152.0,150.0,323.0,323.0,120.0,199.5,0.32288080713892725,4,1
small-world/scale-free,400,26,262,239.0,314.0,333.0,321.0,321.0,321.0,303.0,199.5,0.32288080713892725,4,1
small-world/scale-free,400,26,263,239.0,157.0,325.0,338.0,165.0,165.0,398.0,199.5,0.32288080713892725,4,1
small-world/scale-free,400,26,264,239.0,183.0,359.0,356.0,191.0,191.0,288.0,199.5,0.32288080713892725,4,1
small-world/scale-free,400,26,265,239.0,54.0,213.0,222.0,70.0,70.0,382.0,199.5,0.32288080713892725,4,1
small-world/scale-free,400,26,266,166.0,109.0,189.0,199.0,115.0,115.0,197.0,199.5,0.32288080713892725,4,1
small-world/scale-free,400,26,267,118.0,232.0,223.0,214.0,235.0,235.0,143.0,199.5,0.32288080713892725,4,1
small-world/scale-free,400,26,268,239.0,92.0,154.0,165.0,103.0,103.0,364.0,199.5,0.32288080713892725,4,1
small-world/scale-free,400,26,269,239.0,236.0,184.0,184.0,237.0,237.0,300.0,199.5,0.32288080713892725,4,1
small-world/scale-free,400,26,270,239.0,297.0,220.0,225.0,280.0,280.0,313.0,199.5,0.32288080713892725,4,1
small-world/scale-free,400,26,271,239.0,253.0,237.0,226.0,251.0,251.0,299.0,199.5,0.32288080713892725,4,1
small-world/scale-free,400,26,272,118.0,282.0,114.0,111.0,279.0,279.0,123.0,199.5,0.32288080713892725,4,1
small-world/scale-free,400,26,273,239.0,381.0,387.0,387.0,382.0,382.0,295.0,199.5,0.32288080713892725,4,1
small-world/scale-free,400,26,274,239.0,144.0,196.0,189.0,157.0,157.0,346.0,199.5,0.32288080713892725,4,1
small-world/scale-free,400,26,275,166.0,192.0,155.0,155.0,209.0,209.0,219.0,199.5,0.32288080713892725,4,1
small-world/scale-free,400,26,276,239.0,391.0,310.0,308.0,392.0,392.0,242.0,199.5,0.32288080713892725,4,1
small-world/scale-free,400,26,277,239.0,77.0,387.0,387.0,91.0,91.0,383.0,199.5,0.32288080713892725,4,1
small-world/scale-free,400,26,278,239.0,387.0,387.0,387.0,388.0,388.0,272.0,199.5,0.32288080713892725,4,1
small-world/scale-free,400,26,279,239.0,207.0,290.0,291.0,219.0,219.0,337.0,199.5,0.32288080713892725,4,1
small-world/scale-free,400,26,280,239.0,244.0,308.0,313.0,255.0,255.0,360.0,199.5,0.32288080713892725,4,1
small-world/scale-free,400,26,281,239.0,292.0,369.0,369.0,289.0,289.0,322.0,199.5,0.32288080713892725,4,1
small-world/scale-free,400,26,282,239.0,393.0,261.0,261.0,393.0,393.0,252.0,199.5,0.32288080713892725,4,1
small-world/scale-free,400,26,283,118.0,268.0,169.0,170.0,261.0,261.0,139.0,199.5,0.32288080713892725,4,1
small-world/scale-free,400,26,284,239.0,181.0,271.0,263.0,186.0,186.0,353.0,199.5,0.32288080713892725,4,1
small-world/scale-free,400,26,285,239.0,319.0,313.0,301.0,334.0,334.0,274.0,199.5,0.32288080713892725,4,1
small-world/scale-free,400,26,286,239.0,254.0,297.0,295.0,263.0,263.0,332.0,199.5,0.32288080713892725,4,1
small-world/scale-free,400,26,287,239.0,385.0,222.0,212.0,383.0,383.0,261.0,199.5,0.32288080713892725,4,1
small-world/scale-free,400,26,288,239.0,203.0,374.0,372.0,217.0,217.0,311.0,199.5,0.32288080713892725,4,1
small-world/scale-free,400,26,289,239.0,321.0,345.0,343.0,319.0,319.0,365.0,199.5,0.32288080713892725,4,1
small-world/scale-free,400,26,290,239.0,272.0,372.0,374.0,295.0,295.0,347.0,199.5,0.32288080713892725,4,1
small-world/scale-free,400,26,291,118.0,191.0,94.0,95.0,181.0,181.0,124.0,199.5,0.32288080713892725,4,1
small-world/scale-free,400,26,292,239.0,326.0,316.0,320.0,327.0,327.0,258.0,199.5,0.32288080713892725,4,1
small-world/scale-free,400,26,293,239.0,237.0,362.0,363.0,240.0,240.0,363.0,199.5,0.32288080713892725,4,1
small-world/scale-free,400,26,294,239.0,298.0,194.0,181.0,296.0,296.0,308.0,199.5,0.32288080713892725,4,1
small-world/scale-free,400,26,295,166.0,344.0,285.0,274.0,356.0,356.0,167.0,199.5,0.32288080713892725,4,1
small-world/scale-free,400,26,296,239.0,180.0,387.0,387.0,192.0,192.0,379.0,199.5,0.32288080713892725,4,1
small-world/scale-free,400,26,297,239.0,307.0,367.0,364.0,311.0,311.0,296.0,199.5,0.32288080713892725,4,1
small-world/scale-free,400,26,298,239.0,54.0,123.0,128.0,71.0,71.0,371.0,199.5,0.32288080713892725,4,1
small-world/scale-free,400,26,299,239.0,347.0,387.0,387.0,345.0,345.0,320.0,199.5,0.32288080713892725,4,1
small-world/scale-free,400,26,300,239.0,92.0,121.0,116.0,101.0,101.0,302.0,199.5,0.32288080713892725,4,1
small-world/scale-free,400,26,301,239.0,140.0,202.0,208.0,153.0,153.0,327.0,199.5,0.32288080713892725,4,1
small-world/scale-free,400,26,302,239.0,378.0,327.0,330.0,378.0,378.0,266.0,199.5,0.32288080713892725,4,1
small-world/scale-free,400,26,303,239.0,186.0,165.0,164.0,174.0,174.0,376.0,199.5,0.32288080713892725,4,1
small-world/scale-free,400,26,304,239.0,234.0,378.0,375.0,242.0,242.0,321.0,199.5,0.32288080713892725,4,1
small-world/scale-free,400,26,305,239.0,126.0,317.0,322.0,132.0,132.0,304.0,199.5,0.32288080713892725,4,1
small-world/scale-free,400,26,306,166.0,372.0,254.0,253.0,377.0,377.0,166.0,199.5,0.32288080713892725,4,1
small-world/scale-free,400,26,307,239.0,239.0,360.0,350.0,247.0,247.0,343.0,199.5,0.32288080713892725,4,1
small-world/scale-free,400,26,308,239.0,205.0,193.0,203.0,199.0,199.0,344.0,199.5,0.32288080713892725,4,1
small-world/scale-free,400,26,309,239.0,174.0,267.0,273.0,187.0,187.0,394.0,199.5,0.32288080713892725,4,1
small-world/scale-free,400,26,310,239.0,126.0,381.0,379.0,131.0,131.0,310.0,199.5,0.32288080713892725,4,1
small-world/scale-free,400,26,311,239.0,381.0,326.0,324.0,381.0,381.0,265.0,199.5,0.32288080713892725,4,1
small-world/scale-free,400,26,312,239.0,389.0,232.0,218.0,389.0,389.0,245.0,199.5,0.32288080713892725,4,1
small-world/scale-free,400,26,313,118.0,301.0,118.0,115.0,286.0,286.0,118.0,199.5,0.32288080713892725,4,1
small-world/scale-free,400,26,314,239.0,328.0,250.0,244.0,333.0,333.0,276.0,199.5,0.32288080713892725,4,1
small-world/scale-free,400,26,315,239.0,263.0,351.0,352.0,262.0,262.0,318.0,199.5,0.32288080713892725,4,1
small-world/scale-free,400,26,316,239.0,194.0,349.0,347.0,189.0,189.0,345.0,199.5,0.32288080713892725,4,1
small-world/scale-free,400,26,317,239.0,332.0,248.0,240.0,331.0,331.0,282.0,199.5,0.32288080713892725,4,1
small-world/scale-free,400,26,318,239.0,333.0,298.0,298.0,341.0,341.0,275.0,199.5,0.32288080713892725,4,1
small-world/scale-free,400,26,319,239.0,319.0,387.0,387.0,326.0,326.0,317.0,199.5,0.32288080713892725,4,1
small-world/scale-free,400,26,320,239.0,117.0,380.0,380.0,123.0,123.0,350.0,199.5,0.32288080713892725,4,1
small-world/scale-free,400,26,321,166.0,398.0,311.0,316.0,398.0,398.0,168.0,199.5,0.32288080713892725,4,1
small-world/scale-free,400,26,322,166.0,254.0,179.0,178.0,249.0,249.0,179.0,199.5,0.32288080713892725,4,1
small-world/scale-free,400,26,323,239.0,360.0,280.0,276.0,360.0,361.0,271.0,199.5,0.32288080713892725,4,1
small-world/scale-free,400,26,324,90.0,293.0,140.0,143.0,290.0,290.0,93.0,199.5,0.32288080713892725,4,1
small-world/scale-free,400,26,325,239.0,351.0,185.0,180.0,352.0,352.0,269.0,199.5,0.32288080713892725,4,1
small-world/scale-free,400,26,326,239.0,399.0,387.0,387.0,399.0,399.0,239.0,199.5,0.32288080713892725,4,1
small-world/scale-free,400,26,327,166.0,336.0,199.0,193.0,335.0,335.0,178.0,199.5,0.32288080713892725,4,1
small-world/scale-free,400,26,328,166.0,156.0,112.0,112.0,163.0,163.0,205.0,199.5,0.32288080713892725,4,1
small-world/scale-free,400,26,329,166.0,187.0,134.0,135.0,178.0,178.0,183.0,199.5,0.32288080713892725,4,1
small-world/scale-free,400,26,330,239.0,345.0,320.0,311.0,354.0,354.0,254.0,199.5,0.32288080713892725,4,1
small-world/scale-free,400,26,331,239.0,347.0,276.0,266.0,358.0,358.0,263.0,199.5,0.32288080713892725,4,1
small-world/scale-free,400,26,332,239.0,196.0,373.0,373.0,196.0,196.0,340.0,199.5,0.32288080713892725,4,1
small-world/scale-free,400,26,333,239.0,330.0,252.0,246.0,336.0,336.0,279.0,199.5,0.32288080713892725,4,1
small-world/scale-free,400,26,334,118.0,223.0,148.0,146.0,210.0,210.0,144.0,199.5,0.32288080713892725,4,1
small-world/scale-free,400,26,335,239.0,95.0,370.0,367.0,111.0,111.0,342.0,199.5,0.32288080713892725,4,1
small-world/scale-free,400,26,336,239.0,305.0,355.0,359.0,314.0,314.0,333.0,199.5,0.32288080713892725,4,1
small-world/scale-free,400,26,337,239.0,248.0,338.0,337.0,256.0,256.0,314.0,199.5,0.32288080713892725,4,1
small-world/scale-free,400,26,338,239.0,268.0,240.0,236.0,285.0,285.0,305.0,199.5,0.32288080713892725,4,1
small-world/scale-free,400,26,339,239.0,272.0,289.0,290.0,277.0,277.0,356.0,199.5,0.32288080713892725,4,1
small-world/scale-free,400,26,340,239.0,380.0,292.0,292.0,380.0,380.0,259.0,199.5,0.32288080713892725,4,1
small-world/scale-free,400,26,341,239.0,119.0,177.0,188.0,127.0,127.0,384.0,199.5,0.32288080713892725,4,1
small-world/scale-free,400,26,342,239.0,254.0,344.0,349.0,252.0,252.0,370.0,199.5,0.32288080713892725,4,1
small-world/scale-free,400,26,343,239.0,316.0,384.0,384.0,316.0,316.0,367.0,199.5,0.32288080713892725,4,1
small-world/scale-free,400,26,344,166.0,356.0,305.0,309.0,351.0,351.0,181.0,199.5,0.32288080713892725,4,1
small-world/scale-free,400,26,345,239.0,395.0,274.0,264.0,395.0,395.0,243.0,199.5,0.32288080713892725,4,1
small-world/scale-free,400,26,346,239.0,244.0,181.0,192.0,234.0,234.0,358.0,199.5,0.32288080713892725,4,1
small-world/scale-free,400,26,347,239.0,388.0,352.0,355.0,390.0,390.0,253.0,199.5,0.32288080713892725,4,1
small-world/scale-free,400,26,348,239.0,312.0,387.0,387.0,324.0,324.0,294.0,199.5,0.32288080713892725,4,1
small-world/scale-free,400,26,349,239.0,205.0,350.0,353.0,214.0,214.0,386.0,199.5,0.32288080713892725,4,1
small-world/scale-free,400,26,350,239.0,277.0,264.0,262.0,281.0,281.0,348.0,199.5,0.32288080713892725,4,1
small-world/scale-free,400,26,351,239.0,200.0,375.0,376.0,193.0,193.0,338.0,199.5,0.32288080713892725,4,1
small-world/scale-free,400,26,352,239.0,384.0,319.0,315.0,384.0,384.0,257.0,199.5,0.32288080713892725,4,1
small-world/scale-free,400,26,353,166.0,369.0,201.0,201.0,367.0,367.0,171.0,199.5,0.32288080713892725,4,1
small-world/scale-free,400,26,354,239.0,363.0,343.0,340.0,365.0,365.0,278.0,199.5,0.32288080713892725,4,1
small-world/scale-free,400,26,355,239.0,225.0,387.0,387.0,233.0,233.0,291.0,199.5,0.32288080713892725,4,1
small-world/scale-free,400,26,356,166.0,357.0,256.0,252.0,353.0,353.0,176.0,199.5,0.32288080713892725,4,1
small-world/scale-free,400,26,357,239.0,210.0,306.0,314.0,218.0,218.0,281.0,199.5,0.32288080713892725,4,1
small-world/scale-free,400,26,358,239.0,266.0,219.0,209.0,274.0,275.0,267.0,199.5,0.32288080713892725,4,1
small-world/scale-free,400,26,359,239.0,383.0,386.0,386.0,385.0,385.0,250.0,199.5,0.32288080713892725,4,1
small-world/scale-free,400,26,360,239.0,137.0,263.0,284.0,136.0,136.0,391.0,199.5,0.32288080713892725,4,1
small-world/scale-free,400,26,361,239.0,367.0,296.0,302.0,363.0,363.0,262.0,199.5,0.32288080713892725,4,1
small-world/scale-free,400,26,362,239.0,331.0,332.0,328.0,339.0,339.0,268.0,199.5,0.32288080713892725,4,1
small-world/scale-free,400,26,363,239.0,91.0,288.0,294.0,98.0,98.0,369.0,199.5,0.32288080713892725,4,1
small-world/scale-free,400,26,364,239.0,386.0,301.0,300.0,386.0,386.0,247.0,199.5,0.32288080713892725,4,1
small-world/scale-free,400,26,365,239.0,77.0,187.0,202.0,87.0,87.0,385.0,199.5,0.32288080713892725,4,1
small-world/scale-free,400,26,366,239.0,123.0,231.0,215.0,147.0,147.0,389.0,199.5,0.32288080713892725,4,1
small-world/scale-free,400,26,367,239.0,338.0,328.0,326.0,337.0,337.0,284.0,199.5,0.32288080713892725,4,1
small-world/scale-free,400,26,368,239.0,161.0,207.0,223.0,170.0,170.0,377.0,199.5,0.32288080713892725,4,1
small-world/scale-free,400,26,369,239.0,396.0,239.0,228.0,397.0,397.0,244.0,199.5,0.32288080713892725,4,1
small-world/scale-free,400,26,370,239.0,111.0,233.0,245.0,120.0,120.0,349.0,199.5,0.32288080713892725,4,1
small-world/scale-free,400,26,371,239.0,358.0,270.0,271.0,359.0,359.0,256.0,199.5,0.32288080713892725,4,1
small-world/scale-free,400,26,372,239.0,366.0,353.0,357.0,371.0,371.0,251.0,199.5,0.32288080713892725,4,1
small-world/scale-free,400,26,373,239.0,360.0,269.0,265.0,357.0,357.0,273.0,199.5,0.32288080713892725,4,1
small-world/scale-free,400,26,374,239.0,241.0,346.0,346.0,250.0,250.0,329.0,199.5,0.32288080713892725,4,1
small-world/scale-free,400,26,375,239.0,218.0,304.0,306.0,229.0,229.0,280.0,199.5,0.32288080713892725,4,1
small-world/scale-free,400,26,376,118.0,44.0,82.0,85.0,59.0,59.0,136.0,199.5,0.32288080713892725,4,1
small-world/scale-free,400,26,377,239.0,170.0,295.0,293.0,178.0,178.0,285.0,199.5,0.32288080713892725,4,1
small-world/scale-free,400,26,378,239.0,170.0,141.0,134.0,183.0,183.0,319.0,199.5,0.32288080713892725,4,1
small-world/scale-free,400,26,379,239.0,353.0,300.0,305.0,342.0,342.0,325.0,199.5,0.32288080713892725,4,1
small-world/scale-free,400,26,380,239.0,149.0,167.0,169.0,166.0,166.0,375.0,199.5,0.32288080713892725,4,1
small-world/scale-free,400,26,381,239.0,238.0,379.0,382.0,238.0,238.0,387.0,199.5,0.32288080713892725,4,1
small-world/scale-free,400,26,382,239.0,378.0,236.0,220.0,379.0,379.0,240.0,199.5,0.32288080713892725,4,1
small-world/scale-free,400,26,383,239.0,274.0,258.0,258.0,288.0,288.0,361.0,199.5,0.32288080713892725,4,1
small-world/scale-free,400,26,384,239.0,293.0,341.0,339.0,308.0,308.0,315.0,199.5,0.32288080713892725,4,1
small-world/scale-free,400,26,385,239.0,301.0,277.0,270.0,313.0,313.0,289.0,199.5,0.32288080713892725,4,1
small-world/scale-free,400,26,386,239.0,393.0,283.0,277.0,394.0,394.0,255.0,199.5,0.32288080713892725,4,1
small-world/scale-free,400,26,387,239.0,323.0,303.0,304.0,332.0,332.0,283.0,199.5,0.32288080713892725,4,1
small-world/scale-free,400,26,388,239.0,164.0,197.0,200.0,172.0,172.0,368.0,199.5,0.32288080713892725,4,1
small-world/scale-free,400,26,389,239.0,109.0,347.0,360.0,125.0,125.0,373.0,199.5,0.32288080713892725,4,1
small-world/scale-free,400,26,390,239.0,400.0,371.0,371.0,400.0,400.0,246.0,199.5,0.32288080713892725,4,1
small-world/scale-free,400,26,391,239.0,40.0,282.0,289.0,55.0,55.0,390.0,199.5,0.32288080713892725,4,1
small-world/scale-free,400,26,392,166.0,352.0,318.0,303.0,348.0,348.0,172.0,199.5,0.32288080713892725,4,1
small-world/scale-free,400,26,393,239.0,353.0,284.0,278.0,360.0,360.0,249.0,199.5,0.32288080713892725,4,1
small-world/scale-free,400,26,394,239.0,325.0,245.0,242.0,322.0,322.0,287.0,199.5,0.32288080713892725,4,1
small-world/scale-free,400,26,395,239.0,341.0,272.0,269.0,346.0,346.0,260.0,199.5,0.32288080713892725,4,1
small-world/scale-free,400,26,396,239.0,275.0,260.0,256.0,291.0,291.0,316.0,199.5,0.32288080713892725,4,1
small-world/scale-free,400,26,397,239.0,202.0,382.0,381.0,213.0,213.0,330.0,199.5,0.32288080713892725,4,1
small-world/scale-free,400,26,398,239.0,392.0,336.0,332.0,391.0,391.0,241.0,199.5,0.32288080713892725,4,1
small-world/scale-free,400,26,399,239.0,259.0,294.0,287.0,269.0,269.0,293.0,199.5,0.32288080713892725,4,1
