small-world/scale-free,400,35,0,3.0,3.0,3.0,3.0,3.0,3.0,2.0,199.5,0.2904907000186317,4,1
small-world/scale-free,400,35,1,1.0,2.0,1.0,1.0,1.0,1.0,1.0,199.5,0.2904907000186317,4,1
small-world/scale-free,400,35,2,5.0,9.0,6.0,6.0,8.0,8.0,5.0,199.5,0.2904907000186317,4,1
small-world/scale-free,400,35,3,2.0,1.0,2.0,2.0,2.0,2.0,3.0,199.5,0.2904907000186317,4,1
small-world/scale-free,400,35,4,12.0,8.0,11.0,11.0,10.0,10.0,14.0,199.5,0.2904907000186317,4,1
small-world/scale-free,400,35,5,10.0,4.0,9.0,9.0,4.0,4.0,13.0,199.5,0.2904907000186317,4,1
small-world/scale-free,400,35,6,65.0,13.0,56.0,59.0,15.0,15.0,85.0,199.5,0.2904907000186317,4,1
small-world/scale-free,400,35,7,8.0,5.0,8.0,8.0,6.0,6.0,9.0,199.5,0.2904907000186317,4,1
small-world/scale-free,400,35,8,15.0,25.0,12.0,12.0,19.0,19.0,15.0,199.5,0.2904907000186317,4,1
small-world/scale-free,400,35,9,4.0,6.0,4.0,4.0,5.0,5.0,4.0,199.5,0.2904907000186317,4,1
small-world/scale-free,400,35,10,29.0,17.0,28.0,31.0,20.0,20.0,33.0,199.5,0.2904907000186317,4,1
small-world/scale-free,400,35,11,7.0,7.0,7.0,7.0,7.0,7.0,7.0,199.5,0.2904907000186317,4,1
small-world/scale-free,400,35,12,105.0,39.0,131.0,131.0,45.0,45.0,133.0,199.5,0.2904907000186317,4,1
small-world/scale-free,400,35,13,18.0,35.0,23.0,23.0,26.0,26.0,18.0,199.5,0.2904907000186317,4,1
small-world/scale-free,400,35,14,37.0,18.0,30.0,30.0,21.0,21.0,42.0,199.5,0.2904907000186317,4,1
small-world/scale-free,400,35,15,105.0,20.0,105.0,108.0,31.0,31.0,147.0,199.5,0.2904907000186317,4,1
small-world/scale-free,400,35,16,6.0,10.0,5.0,5.0,9.0,9.0,6.0,199.5,0.2904907000186317,4,1
small-world/scale-free,400,35,17,12.0,15.0,16.0,15.0,14.0,14.0,11.0,199.5,0.2904907000186317,4,1
small-world/scale-free,400,35,18,17.0,38.0,29.0,28.0,24.0,24.0,17.0,199.5,0.2904907000186317,4,1
small-world/scale-free,400,35,19,15.0,21.0,17.0,17.0,18.0,18.0,16.0,199.5,0.2904907000186317,4,1
small-world/scale-free,400,35,20,65.0,90.0,78.0,75.0,86.0,86.0,83.0,199.5,0.2904907000186317,4,1
small-world/scale-free,400,35,21,105.0,62.0,103.0,105.0,69.0,69.0,140.0,199.5,0.2904907000186317,4,1
small-world/scale-free,400,35,22,105.0,194.0,91.0,92.0,196.0,196.0,131.0,199.5,0.2904907000186317,4,1
small-world/scale-free,400,35,23,246.0,31.0,252.0,280.0,42.0,42.0,400.0,199.5,0.2904907000186317,4,1
small-world/scale-free,400,35,24,10.0,22.0,14.0,14.0,16.0,16.0,10.0,199.5,0.2904907000186317,4,1
small-world/scale-free,400,35,25,34.0,46.0,22.0,22.0,41.0,41.0,35.0,199.5,0.2904907000186317,4,1
small-world/scale-free,400,35,26,37.0,18.0,33.0,35.0,22.0,22.0,43.0,199.5,0.2904907000186317,4,1
small-world/scale-free,400,35,27,44.0,41.0,32.0,32.0,36.0,36.0,47.0,199.5,0.2904907000186317,4,1
small-world/scale-free,400,35,28,65.0,23.0,49.0,49.0,33.0,33.0,84.0,199.5,0.2904907000186317,4,1
small-world/scale-free,400,35,29,12.0,43.0,15.0,16.0,30.0,30.0,12.0,199.5,0.2904907000186317,4,1
small-world/scale-free,400,35,30,105.0,165.0,188.0,191.0,150.0,150.0,145.0,199.5,0.2904907000186317,4,1
small-world/scale-free,400,35,31,86.0,214.0,157.0,160.0,203.0,203.0,104.0,199.5,0.2904907000186317,4,1
small-world/scale-free,400,35,32,23.0,75.0,37.0,37.0,64.0,64.0,28.0,199.5,0.2904907000186317,4,1
small-world/scale-free,400,35,33,18.0,37.0,25.0,24.0,27.0,27.0,21.0,199.5,0.2904907000186317,4,1
small-world/scale-free,400,35,34,37.0,156.0,43.0,43.0,136.0,136.0,39.0,199.5,0.2904907000186317,4,1
small-world/scale-free,400,35,35,18.0,11.0,24.0,25.0,11.0,11.0,22.0,199.5,0.2904907000186317,4,1
small-world/scale-free,400,35,36,18.0,109.0,40.0,40.0,75.0,75.0,20.0,199.5,0.2904907000186317,4,1
small-world/scale-free,400,35,37,105.0,49.0,97.0,103.0,53.0,53.0,137.0,199.5,0.2904907000186317,4,1
small-world/scale-free,400,35,38,65.0,23.0,81.0,82.0,34.0,34.0,80.0,199.5,0.2904907000186317,4,1
small-world/scale-free,400,35,39,48.0,55.0,52.0,53.0,51.0,51.0,54.0,199.5,0.2904907000186317,4,1
small-world/scale-free,400,35,40,8.0,14.0,10.0,10.0,12.0,12.0,8.0,199.5,0.2904907000186317,4,1
small-world/scale-free,400,35,41,23.0,30.0,19.0,21.0,25.0,25.0,27.0,199.5,0.2904907000186317,4,1
small-world/scale-free,400,35,42,55.0,64.0,84.0,84.0,66.0,66.0,64.0,199.5,0.2904907000186317,4,1
small-world/scale-free,400,35,43,44.0,211.0,67.0,60.0,191.0,191.0,45.0,199.5,0.2904907000186317,4,1
small-world/scale-free,400,35,44,34.0,51.0,42.0,42.0,48.0,48.0,36.0,199.5,0.2904907000186317,4,1
small-world/scale-free,400,35,45,148.0,58.0,213.0,221.0,67.0,67.0,244.0,199.5,0.2904907000186317,4,1
small-world/scale-free,400,35,46,148.0,300.0,292.0,290.0,304.0,304.0,166.0,199.5,0.2904907000186317,4,1
small-world/scale-free,400,35,47,105.0,172.0,158.0,155.0,176.0,176.0,146.0,199.5,0.2904907000186317,4,1
small-world/scale-free,400,35,48,29.0,75.0,41.0,41.0,62.0,62.0,32.0,199.5,0.2904907000186317,4,1
small-world/scale-free,400,35,49,55.0,95.0,57.0,57.0,81.0,81.0,63.0,199.5,0.2904907000186317,4,1
small-world/scale-free,400,35,50,48.0,28.0,44.0,46.0,28.0,28.0,53.0,199.5,0.2904907000186317,4,1
small-world/scale-free,400,35,51,23.0,16.0,13.0,13.0,17.0,17.0,25.0,199.5,0.2904907000186317,4,1
small-world/scale-free,400,35,52,29.0,31.0,34.0,33.0,29.0,29.0,31.0,199.5,0.2904907000186317,4,1
small-world/scale-free,400,35,53,65.0,106.0,74.0,78.0,90.0,90.0,77.0,199.5,0.2904907000186317,4,1
small-world/scale-free,400,35,54,148.0,146.0,239.0,248.0,166.0,166.0,243.0,199.5,0.2904907000186317,4,1
small-world/scale-free,400,35,55,105.0,112.0,150.0,151.0,119.0,119.0,136.0,199.5,0.2904907000186317,4,1
small-world/scale-free,400,35,56,23.0,53.0,20.0,19.0,46.0,46.0,26.0,199.5,0.2904907000186317,4,1
small-world/scale-free,400,35,57,65.0,26.0,53.0,55.0,32.0,32.0,82.0,199.5,0.2904907000186317,4,1
small-world/scale-free,400,35,58,18.0,67.0,21.0,20.0,52.0,52.0,19.0,199.5,0.2904907000186317,4,1
small-world/scale-free,400,35,59,148.0,49.0,107.0,112.0,54.0,54.0,230.0,199.5,0.2904907000186317,4,1
small-world/scale-free,400,35,60,148.0,90.0,126.0,132.0,102.0,102.0,241.0,199.5,0.2904907000186317,4,1
small-world/scale-free,400,35,61,65.0,147.0,70.0,72.0,140.0,140.0,78.0,199.5,0.2904907000186317,4,1
small-world/scale-free,400,35,62,65.0,78.0,87.0,86.0,74.0,74.0,81.0,199.5,0.2904907000186317,4,1
small-world/scale-free,400,35,63,105.0,246.0,277.0,273.0,248.0,248.0,135.0,199.5,0.2904907000186317,4,1
small-world/scale-free,400,35,64,37.0,276.0,46.0,48.0,241.0,241.0,38.0,199.5,0.2904907000186317,4,1
small-world/scale-free,400,35,65,148.0,55.0,204.0,232.0,59.0,59.0,240.0,199.5,0.2904907000186317,4,1
small-world/scale-free,400,35,66,55.0,102.0,71.0,69.0,91.0,91.0,58.0,199.5,0.2904907000186317,4,1
small-world/scale-free,400,35,67,37.0,67.0,38.0,38.0,57.0,57.0,40.0,199.5,0.2904907000186317,4,1
small-world/scale-free,400,35,68,55.0,114.0,63.0,66.0,99.0,99.0,59.0,199.5,0.2904907000186317,4,1
small-world/scale-free,400,35,69,148.0,214.0,281.0,278.0,212.0,212.0,242.0,199.5,0.2904907000186317,4,1
small-world/scale-free,400,35,70,105.0,59.0,118.0,122.0,61.0,61.0,144.0,199.5,0.2904907000186317,4,1
small-world/scale-free,400,35,71,148.0,201.0,214.0,213.0,218.0,218.0,232.0,199.5,0.2904907000186317,4,1
small-world/scale-free,400,35,72,48.0,241.0,72.0,71.0,230.0,230.0,49.0,199.5,0.2904907000186317,4,1
small-world/scale-free,400,35,73,55.0,96.0,47.0,47.0,84.0,84.0,57.0,199.5,0.2904907000186317,4,1
small-world/scale-free,400,35,74,65.0,206.0,94.0,91.0,189.0,189.0,79.0,199.5,0.2904907000186317,4,1
small-world/scale-free,400,35,75,148.0,218.0,182.0,178.0,225.0,225.0,209.0,199.5,0.2904907000186317,4,1
small-world/scale-free,400,35,76,105.0,96.0,115.0,113.0,98.0,98.0,118.0,199.5,0.2904907000186317,4,1
small-world/scale-free,400,35,77,148.0,296.0,231.0,225.0,297.0,297.0,197.0,199.5,0.2904907000186317,4,1
small-world/scale-free,400,35,78,246.0,120.0,362.0,366.0,126.0,126.0,398.0,199.5,0.2904907000186317,4,1
small-world/scale-free,400,35,79,86.0,144.0,60.0,61.0,123.0,123.0,92.0,199.5,0.2904907000186317,4,1
small-world/scale-free,400,35,80,29.0,258.0,39.0,39.0,227.0,227.0,29.0,199.5,0.2904907000186317,4,1
small-world/scale-free,400,35,81,86.0,336.0,215.0,217.0,320.0,320.0,93.0,199.5,0.2904907000186317,4,1
small-world/scale-free,400,35,82,23.0,44.0,26.0,26.0,39.0,39.0,24.0,199.5,0.2904907000186317,4,1
small-world/scale-free,400,35,83,105.0,99.0,96.0,97.0,95.0,95.0,121.0,199.5,0.2904907000186317,4,1
small-world/scale-free,400,35,84,148.0,83.0,248.0,252.0,94.0,94.0,227.0,199.5,0.2904907000186317,4,1
small-world/scale-free,400,35,85,246.0,114.0,297.0,314.0,115.0,115.0,351.0,199.5,0.2904907000186317,4,1
small-world/scale-free,400,35,86,37.0,12.0,36.0,36.0,13.0,13.0,41.0,199.5,0.2904907000186317,4,1
small-world/scale-free,400,35,87,48.0,69.0,45.0,44.0,63.0,63.0,52.0,199.5,0.2904907000186317,4,1
small-world/scale-free,400,35,88,34.0,57.0,35.0,34.0,55.0,55.0,34.0,199.5,0.2904907000186317,4,1
small-world/scale-free,400,35,89,23.0,46.0,31.0,29.0,37.0,37.0,23.0,199.5,0.2904907000186317,4,1
small-world/scale-free,400,35,90,148.0,314.0,331.0,328.0,312.0,312.0,183.0,199.5,0.2904907000186317,4,1
small-world/scale-free,400,35,91,105.0,29.0,75.0,81.0,35.0,35.0,141.0,199.5,0.2904907000186317,4,1
small-world/scale-free,400,35,92,148.0,110.0,155.0,162.0,103.0,103.0,237.0,199.5,0.2904907000186317,4,1
small-world/scale-free,400,35,93,148.0,80.0,178.0,188.0,89.0,89.0,228.0,199.5,0.2904907000186317,4,1
small-world/scale-free,400,35,94,105.0,221.0,88.0,88.0,217.0,217.0,123.0,199.5,0.2904907000186317,4,1
small-world/scale-free,400,35,95,148.0,181.0,265.0,267.0,186.0,186.0,220.0,199.5,0.2904907000186317,4,1
small-world/scale-free,400,35,96,148.0,312.0,256.0,250.0,315.0,315.0,155.0,199.5,0.2904907000186317,4,1
small-world/scale-free,400,35,97,86.0,40.0,127.0,126.0,44.0,44.0,99.0,199.5,0.2904907000186317,4,1
small-world/scale-free,400,35,98,105.0,217.0,61.0,68.0,226.0,226.0,109.0,199.5,0.2904907000186317,4,1
small-world/scale-free,400,35,99,44.0,283.0,69.0,73.0,258.0,258.0,44.0,199.5,0.2904907000186317,4,1
small-world/scale-free,400,35,100,44.0,26.0,18.0,18.0,23.0,23.0,46.0,199.5,0.2904907000186317,4,1
small-world/scale-free,400,35,101,55.0,45.0,48.0,45.0,43.0,43.0,62.0,199.5,0.2904907000186317,4,1
small-world/scale-free,400,35,102,246.0,342.0,370.0,371.0,336.0,336.0,335.0,199.5,0.2904907000186317,4,1
small-world/scale-free,400,35,103,246.0,93.0,301.0,299.0,106.0,106.0,387.0,199.5,0.2904907000186317,4,1
small-world/scale-free,400,35,104,65.0,153.0,102.0,104.0,136.0,136.0,73.0,199.5,0.2904907000186317,4,1
small-world/scale-free,400,35,105,246.0,163.0,257.0,257.0,156.0,156.0,347.0,199.5,0.2904907000186317,4,1
small-world/scale-free,400,35,106,148.0,241.0,280.0,271.0,254.0,254.0,204.0,199.5,0.2904907000186317,4,1
small-world/scale-free,400,35,107,55.0,197.0,86.0,85.0,202.0,202.0,60.0,199.5,0.2904907000186317,4,1
small-world/scale-free,400,35,108,86.0,261.0,124.0,120.0,261.0,261.0,88.0,199.5,0.2904907000186317,4,1
small-world/scale-free,400,35,109,148.0,174.0,173.0,176.0,175.0,175.0,218.0,199.5,0.2904907000186317,4,1
small-world/scale-free,400,35,110,148.0,264.0,295.0,288.0,271.0,271.0,217.0,199.5,0.2904907000186317,4,1
small-world/scale-free,400,35,111,246.0,281.0,175.0,175.0,280.0,280.0,268.0,199.5,0.2904907000186317,4,1
small-world/scale-free,400,35,112,55.0,255.0,54.0,52.0,239.0,239.0,56.0,199.5,0.2904907000186317,4,1
small-world/scale-free,400,35,113,48.0,136.0,65.0,58.0,133.0,133.0,51.0,199.5,0.2904907000186317,4,1
small-world/scale-free,400,35,114,148.0,88.0,148.0,154.0,88.0,88.0,212.0,199.5,0.2904907000186317,4,1
small-world/scale-free,400,35,115,65.0,74.0,117.0,114.0,71.0,71.0,75.0,199.5,0.2904907000186317,4,1
small-world/scale-free,400,35,116,37.0,218.0,58.0,56.0,193.0,193.0,37.0,199.5,0.2904907000186317,4,1
small-world/scale-free,400,35,117,105.0,42.0,116.0,118.0,50.0,50.0,139.0,199.5,0.2904907000186317,4,1
small-world/scale-free,400,35,118,48.0,209.0,51.0,51.0,184.0,184.0,48.0,199.5,0.2904907000186317,4,1
small-world/scale-free,400,35,119,105.0,69.0,211.0,215.0,77.0,77.0,142.0,199.5,0.2904907000186317,4,1
small-world/scale-free,400,35,120,105.0,118.0,112.0,119.0,104.0,104.0,124.0,199.5,0.2904907000186317,4,1
small-world/scale-free,400,35,121,86.0,318.0,138.0,129.0,305.0,305.0,95.0,199.5,0.2904907000186317,4,1
small-world/scale-free,400,35,122,86.0,270.0,111.0,107.0,260.0,260.0,91.0,199.5,0.2904907000186317,4,1
small-world/scale-free,400,35,123,48.0,149.0,76.0,70.0,122.0,122.0,50.0,199.5,0.2904907000186317,4,1
small-world/scale-free,400,35,124,148.0,195.0,209.0,209.0,207.0,207.0,225.0,199.5,0.2904907000186317,4,1
small-world/scale-free,400,35,125,65.0,102.0,62.0,62.0,97.0,97.0,72.0,199.5,0.2904907000186317,4,1
small-world/scale-free,400,35,126,65.0,136.0,90.0,87.0,125.0,125.0,74.0,199.5,0.2904907000186317,4,1
small-world/scale-free,400,35,127,86.0,192.0,66.0,63.0,190.0,190.0,96.0,199.5,0.2904907000186317,4,1
small-world/scale-free,400,35,128,148.0,83.0,154.0,157.0,93.0,93.0,231.0,199.5,0.2904907000186317,4,1
small-world/scale-free,400,35,129,65.0,304.0,203.0,194.0,298.0,298.0,68.0,199.5,0.2904907000186317,4,1
small-world/scale-free,400,35,130,246.0,61.0,233.0,253.0,65.0,65.0,399.0,199.5,0.2904907000186317,4,1
small-world/scale-free,400,35,131,148.0,151.0,381.0,373.0,167.0,167.0,189.0,199.5,0.2904907000186317,4,1
small-world/scale-free,400,35,132,148.0,266.0,136.0,136.0,268.0,268.0,172.0,199.5,0.2904907000186317,4,1
small-world/scale-free,400,35,133,148.0,269.0,164.0,156.0,269.0,269.0,186.0,199.5,0.2904907000186317,4,1
small-world/scale-free,400,35,134,86.0,284.0,229.0,219.0,279.0,279.0,102.0,199.5,0.2904907000186317,4,1
small-world/scale-free,400,35,135,86.0,136.0,121.0,127.0,114.0,114.0,90.0,199.5,0.2904907000186317,4,1
small-world/scale-free,400,35,136,29.0,54.0,27.0,27.0,49.0,49.0,30.0,199.5,0.2904907000186317,4,1
small-world/scale-free,400,35,137,105.0,361.0,139.0,138.0,343.0,343.0,112.0,199.5,0.2904907000186317,4,1
small-world/scale-free,400,35,138,148.0,122.0,334.0,331.0,120.0,120.0,199.0,199.5,0.2904907000186317,4,1
small-world/scale-free,400,35,139,246.0,310.0,357.0,353.0,316.0,316.0,352.0,199.5,0.2904907000186317,4,1
small-world/scale-free,400,35,140,105.0,234.0,130.0,124.0,240.0,240.0,119.0,199.5,0.2904907000186317,4,1
small-world/scale-free,400,35,141,65.0,238.0,123.0,121.0,234.0,234.0,69.0,199.5,0.2904907000186317,4,1
small-world/scale-free,400,35,142,246.0,377.0,347.0,350.0,378.0,378.0,305.0,199.5,0.2904907000186317,4,1
small-world/scale-free,400,35,143,148.0,278.0,174.0,168.0,275.0,275.0,195.0,199.5,0.2904907000186317,4,1
small-world/scale-free,400,35,144,55.0,80.0,77.0,74.0,68.0,68.0,61.0,199.5,0.2904907000186317,4,1
small-world/scale-free,400,35,145,105.0,253.0,146.0,128.0,253.0,253.0,129.0,199.5,0.2904907000186317,4,1
small-world/scale-free,400,35,146,246.0,36.0,170.0,174.0,47.0,47.0,376.0,199.5,0.2904907000186317,4,1
small-world/scale-free,400,35,147,65.0,227.0,104.0,100.0,228.0,228.0,71.0,199.5,0.2904907000186317,4,1
small-world/scale-free,400,35,148,86.0,203.0,100.0,96.0,197.0,197.0,97.0,199.5,0.2904907000186317,4,1
small-world/scale-free,400,35,149,246.0,249.0,341.0,345.0,262.0,262.0,377.0,199.5,0.2904907000186317,4,1
small-world/scale-free,400,35,150,246.0,232.0,353.0,358.0,243.0,243.0,385.0,199.5,0.2904907000186317,4,1
small-world/scale-free,400,35,151,148.0,197.0,253.0,256.0,194.0,194.0,222.0,199.5,0.2904907000186317,4,1
small-world/scale-free,400,35,152,148.0,231.0,168.0,167.0,233.0,233.0,192.0,199.5,0.2904907000186317,4,1
small-world/scale-free,400,35,153,86.0,355.0,169.0,158.0,350.0,350.0,87.0,199.5,0.2904907000186317,4,1
small-world/scale-free,400,35,154,246.0,128.0,120.0,116.0,129.0,129.0,318.0,199.5,0.2904907000186317,4,1
small-world/scale-free,400,35,155,105.0,112.0,95.0,95.0,117.0,117.0,127.0,199.5,0.2904907000186317,4,1
small-world/scale-free,400,35,156,246.0,196.0,166.0,161.0,213.0,213.0,370.0,199.5,0.2904907000186317,4,1
small-world/scale-free,400,35,157,105.0,287.0,191.0,180.0,284.0,284.0,125.0,199.5,0.2904907000186317,4,1
small-world/scale-free,400,35,158,148.0,176.0,184.0,186.0,168.0,168.0,213.0,199.5,0.2904907000186317,4,1
small-world/scale-free,400,35,159,148.0,170.0,226.0,230.0,155.0,155.0,196.0,199.5,0.2904907000186317,4,1
small-world/scale-free,400,35,160,246.0,330.0,368.0,369.0,342.0,342.0,316.0,199.5,0.2904907000186317,4,1
small-world/scale-free,400,35,161,55.0,189.0,68.0,65.0,178.0,178.0,55.0,199.5,0.2904907000186317,4,1
small-world/scale-free,400,35,162,86.0,60.0,73.0,77.0,60.0,60.0,103.0,199.5,0.2904907000186317,4,1
small-world/scale-free,400,35,163,65.0,83.0,50.0,50.0,80.0,80.0,76.0,199.5,0.2904907000186317,4,1
small-world/scale-free,400,35,164,86.0,192.0,167.0,163.0,205.0,205.0,101.0,199.5,0.2904907000186317,4,1
small-world/scale-free,400,35,165,246.0,99.0,378.0,376.0,107.0,107.0,386.0,199.5,0.2904907000186317,4,1
small-world/scale-free,400,35,166,148.0,52.0,128.0,145.0,56.0,56.0,238.0,199.5,0.2904907000186317,4,1
small-world/scale-free,400,35,167,246.0,126.0,290.0,311.0,128.0,128.0,381.0,199.5,0.2904907000186317,4,1
small-world/scale-free,400,35,168,105.0,257.0,181.0,184.0,249.0,249.0,134.0,199.5,0.2904907000186317,4,1
small-world/scale-free,400,35,169,148.0,294.0,271.0,266.0,294.0,294.0,185.0,199.5,0.2904907000186317,4,1
small-world/scale-free,400,35,170,148.0,216.0,125.0,123.0,219.0,219.0,201.0,199.5,0.2904907000186317,4,1
small-world/scale-free,400,35,171,86.0,123.0,113.0,117.0,131.0,131.0,94.0,199.5,0.2904907000186317,4,1
small-world/scale-free,400,35,172,148.0,218.0,251.0,240.0,223.0,223.0,215.0,199.5,0.2904907000186317,4,1
small-world/scale-free,400,35,173,105.0,311.0,109.0,106.0,309.0,309.0,111.0,199.5,0.2904907000186317,4,1
small-world/scale-free,400,35,174,148.0,341.0,285.0,276.0,339.0,339.0,182.0,199.5,0.2904907000186317,4,1
small-world/scale-free,400,35,175,246.0,273.0,348.0,349.0,274.0,274.0,371.0,199.5,0.2904907000186317,4,1
small-world/scale-free,400,35,176,246.0,245.0,337.0,339.0,246.0,246.0,363.0,199.5,0.2904907000186317,4,1
small-world/scale-free,400,35,177,105.0,386.0,276.0,269.0,386.0,386.0,106.0,199.5,0.2904907000186317,4,1
small-world/scale-free,400,35,178,246.0,94.0,365.0,361.0,112.0,112.0,390.0,199.5,0.2904907000186317,4,1
small-world/scale-free,400,35,179,105.0,309.0,98.0,99.0,308.0,308.0,108.0,199.5,0.2904907000186317,4,1
small-world/scale-free,400,35,180,148.0,197.0,349.0,344.0,216.0,216.0,226.0,199.5,0.2904907000186317,4,1
small-world/scale-free,400,35,181,86.0,307.0,106.0,102.0,301.0,301.0,86.0,199.5,0.2904907000186317,4,1
small-world/scale-free,400,35,182,148.0,395.0,222.0,216.0,390.0,390.0,148.0,199.5,0.2904907000186317,4,1
small-world/scale-free,400,35,183,246.0,272.0,296.0,294.0,286.0,286.0,315.0,199.5,0.2904907000186317,4,1
small-world/scale-free,400,35,184,148.0,229.0,133.0,148.0,237.0,237.0,193.0,199.5,0.2904907000186317,4,1
small-world/scale-free,400,35,185,148.0,120.0,246.0,251.0,116.0,116.0,202.0,199.5,0.2904907000186317,4,1
small-world/scale-free,400,35,186,65.0,34.0,55.0,54.0,40.0,40.0,70.0,199.5,0.2904907000186317,4,1
small-world/scale-free,400,35,187,246.0,213.0,326.0,326.0,214.0,214.0,339.0,199.5,0.2904907000186317,4,1
small-world/scale-free,400,35,188,148.0,389.0,254.0,242.0,388.0,388.0,159.0,199.5,0.2904907000186317,4,1
small-world/scale-free,400,35,189,65.0,247.0,82.0,80.0,236.0,236.0,67.0,199.5,0.2904907000186317,4,1
small-world/scale-free,400,35,190,246.0,399.0,342.0,341.0,399.0,399.0,246.0,199.5,0.2904907000186317,4,1
small-world/scale-free,400,35,191,246.0,161.0,394.0,394.0,181.0,181.0,310.0,199.5,0.2904907000186317,4,1
small-world/scale-free,400,35,192,148.0,172.0,110.0,111.0,180.0,180.0,235.0,199.5,0.2904907000186317,4,1
small-world/scale-free,400,35,193,105.0,206.0,199.0,195.0,199.0,199.0,138.0,199.5,0.2904907000186317,4,1
small-world/scale-free,400,35,194,148.0,243.0,242.0,234.0,245.0,245.0,210.0,199.5,0.2904907000186317,4,1
small-world/scale-free,400,35,195,148.0,264.0,185.0,182.0,257.0,257.0,171.0,199.5,0.2904907000186317,4,1
small-world/scale-free,400,35,196,148.0,125.0,255.0,255.0,134.0,134.0,234.0,199.5,0.2904907000186317,4,1
small-world/scale-free,400,35,197,246.0,326.0,321.0,315.0,338.0,338.0,271.0,199.5,0.2904907000186317,4,1
small-world/scale-free,400,35,198,105.0,114.0,64.0,64.0,108.0,108.0,126.0,199.5,0.2904907000186317,4,1
small-world/scale-free,400,35,199,246.0,337.0,363.0,363.0,333.0,333.0,372.0,199.5,0.2904907000186317,4,1
small-world/scale-free,400,35,200,65.0,235.0,80.0,76.0,221.0,221.0,65.0,199.5,0.2904907000186317,4,1
small-world/scale-free,400,35,201,148.0,232.0,144.0,134.0,238.0,238.0,175.0,199.5,0.2904907000186317,4,1
small-world/scale-free,400,35,202,148.0,280.0,322.0,319.0,283.0,283.0,198.0,199.5,0.2904907000186317,4,1
small-world/scale-free,400,35,203,148.0,184.0,189.0,190.0,185.0,185.0,169.0,199.5,0.2904907000186317,4,1
small-world/scale-free,400,35,204,246.0,371.0,364.0,359.0,372.0,372.0,292.0,199.5,0.2904907000186317,4,1
small-world/scale-free,400,35,205,246.0,123.0,336.0,352.0,124.0,124.0,392.0,199.5,0.2904907000186317,4,1
small-world/scale-free,400,35,206,148.0,326.0,195.0,196.0,325.0,325.0,163.0,199.5,0.2904907000186317,4,1
small-world/scale-free,400,35,207,148.0,250.0,141.0,139.0,252.0,252.0,203.0,199.5,0.2904907000186317,4,1
small-world/scale-free,400,35,208,148.0,287.0,309.0,298.0,291.0,291.0,190.0,199.5,0.2904907000186317,4,1
small-world/scale-free,400,35,209,246.0,236.0,374.0,384.0,242.0,242.0,389.0,199.5,0.2904907000186317,4,1
small-world/scale-free,400,35,210,105.0,176.0,143.0,147.0,170.0,170.0,128.0,199.5,0.2904907000186317,4,1
small-world/scale-free,400,35,211,105.0,31.0,132.0,150.0,38.0,38.0,143.0,199.5,0.2904907000186317,4,1
small-world/scale-free,400,35,212,246.0,243.0,325.0,323.0,263.0,263.0,364.0,199.5,0.2904907000186317,4,1
small-world/scale-free,400,35,213,65.0,101.0,59.0,67.0,101.0,101.0,66.0,199.5,0.2904907000186317,4,1
small-world/scale-free,400,35,214,148.0,333.0,315.0,310.0,341.0,341.0,150.0,199.5,0.2904907000186317,4,1
small-world/scale-free,400,35,215,148.0,114.0,140.0,140.0,111.0,111.0,187.0,199.5,0.2904907000186317,4,1
small-world/scale-free,400,35,216,105.0,337.0,216.0,205.0,327.0,327.0,120.0,199.5,0.2904907000186317,4,1
small-world/scale-free,400,35,217,148.0,180.0,201.0,198.0,187.0,187.0,229.0,199.5,0.2904907000186317,4,1
small-world/scale-free,400,35,218,148.0,225.0,161.0,165.0,232.0,232.0,216.0,199.5,0.2904907000186317,4,1
small-world/scale-free,400,35,219,148.0,372.0,373.0,378.0,368.0,368.0,170.0,199.5,0.2904907000186317,4,1
small-world/scale-free,400,35,220,246.0,303.0,391.0,391.0,300.0,300.0,345.0,199.5,0.2904907000186317,4,1
small-world/scale-free,400,35,221,105.0,110.0,99.0,101.0,100.0,100.0,130.0,199.5,0.2904907000186317,4,1
small-world/scale-free,400,35,222,148.0,108.0,163.0,169.0,113.0,113.0,214.0,199.5,0.2904907000186317,4,1
small-world/scale-free,400,35,223,246.0,150.0,165.0,172.0,146.0,146.0,384.0,199.5,0.2904907000186317,4,1
small-world/scale-free,400,35,224,105.0,322.0,156.0,146.0,319.0,319.0,107.0,199.5,0.2904907000186317,4,1
small-world/scale-free,400,35,225,148.0,380.0,344.0,342.0,375.0,375.0,162.0,199.5,0.2904907000186317,4,1
small-world/scale-free,400,35,226,148.0,312.0,275.0,277.0,313.0,313.0,164.0,199.5,0.2904907000186317,4,1
small-world/scale-free,400,35,227,105.0,206.0,83.0,83.0,206.0,206.0,113.0,199.5,0.2904907000186317,4,1
small-world/scale-free,400,35,228,105.0,129.0,85.0,89.0,118.0,118.0,117.0,199.5,0.2904907000186317,4,1
small-world/scale-free,400,35,229,148.0,343.0,259.0,254.0,334.0,334.0,165.0,199.5,0.2904907000186317,4,1
small-world/scale-free,400,35,230,246.0,340.0,352.0,354.0,329.0,329.0,366.0,199.5,0.2904907000186317,4,1
small-world/scale-free,400,35,231,246.0,147.0,160.0,164.0,141.0,141.0,312.0,199.5,0.2904907000186317,4,1
small-world/scale-free,400,35,232,148.0,239.0,187.0,189.0,235.0,235.0,208.0,199.5,0.2904907000186317,4,1
small-world/scale-free,400,35,233,148.0,253.0,205.0,197.0,250.0,250.0,211.0,199.5,0.2904907000186317,4,1
small-world/scale-free,400,35,234,86.0,184.0,92.0,90.0,188.0,188.0,100.0,199.5,0.2904907000186317,4,1
small-world/scale-free,400,35,235,246.0,329.0,367.0,367.0,337.0,337.0,380.0,199.5,0.2904907000186317,4,1
small-world/scale-free,400,35,236,148.0,182.0,305.0,306.0,169.0,169.0,236.0,199.5,0.2904907000186317,4,1
small-world/scale-free,400,35,237,246.0,136.0,258.0,262.0,158.0,158.0,353.0,199.5,0.2904907000186317,4,1
small-world/scale-free,400,35,238,246.0,178.0,129.0,125.0,182.0,182.0,308.0,199.5,0.2904907000186317,4,1
small-world/scale-free,400,35,239,148.0,153.0,153.0,152.0,139.0,139.0,188.0,199.5,0.2904907000186317,4,1
small-world/scale-free,400,35,240,105.0,69.0,108.0,109.0,76.0,76.0,132.0,199.5,0.2904907000186317,4,1
small-world/scale-free,400,35,241,246.0,367.0,392.0,392.0,370.0,370.0,270.0,199.5,0.2904907000186317,4,1
small-world/scale-free,400,35,242,246.0,385.0,268.0,263.0,383.0,383.0,273.0,199.5,0.2904907000186317,4,1
small-world/scale-free,400,35,243,148.0,158.0,212.0,224.0,173.0,173.0,245.0,199.5,0.2904907000186317,4,1
small-world/scale-free,400,35,244,148.0,355.0,264.0,258.0,359.0,359.0,176.0,199.5,0.2904907000186317,4,1
small-world/scale-free,400,35,245,246.0,129.0,236.0,241.0,149.0,149.0,338.0,199.5,0.2904907000186317,4,1
small-world/scale-free,400,35,246,148.0,297.0,294.0,286.0,293.0,293.0,205.0,199.5,0.2904907000186317,4,1
small-world/scale-free,400,35,247,105.0,63.0,93.0,94.0,70.0,70.0,122.0,199.5,0.2904907000186317,4,1
small-world/scale-free,400,35,248,148.0,165.0,134.0,130.0,145.0,145.0,178.0,199.5,0.2904907000186317,4,1
small-world/scale-free,400,35,249,246.0,239.0,202.0,200.0,247.0,247.0,299.0,199.5,0.2904907000186317,4,1
small-world/scale-free,400,35,250,105.0,306.0,135.0,135.0,306.0,306.0,110.0,199.5,0.2904907000186317,4,1
small-world/scale-free,400,35,251,246.0,302.0,282.0,275.0,295.0,295.0,333.0,199.5,0.2904907000186317,4,1
small-world/scale-free,400,35,252,246.0,106.0,274.0,283.0,109.0,109.0,362.0,199.5,0.2904907000186317,4,1
small-world/scale-free,400,35,253,246.0,307.0,293.0,285.0,311.0,311.0,314.0,199.5,0.2904907000186317,4,1
small-world/scale-free,400,35,254,148.0,298.0,354.0,348.0,292.0,292.0,173.0,199.5,0.2904907000186317,4,1
small-world/scale-free,400,35,255,148.0,151.0,225.0,226.0,162.0,162.0,177.0,199.5,0.2904907000186317,4,1
small-world/scale-free,400,35,256,246.0,211.0,235.0,239.0,211.0,211.0,287.0,199.5,0.2904907000186317,4,1
small-world/scale-free,400,35,257,148.0,323.0,220.0,206.0,318.0,318.0,158.0,199.5,0.2904907000186317,4,1
small-world/scale-free,400,35,258,246.0,400.0,399.0,399.0,400.0,400.0,253.0,199.5,0.2904907000186317,4,1
small-world/scale-free,400,35,259,148.0,271.0,240.0,244.0,256.0,256.0,221.0,199.5,0.2904907000186317,4,1
small-world/scale-free,400,35,260,148.0,119.0,79.0,79.0,132.0,132.0,152.0,199.5,0.2904907000186317,4,1
small-world/scale-free,400,35,261,246.0,383.0,299.0,291.0,384.0,384.0,248.0,199.5,0.2904907000186317,4,1
small-world/scale-free,400,35,262,105.0,355.0,244.0,235.0,352.0,352.0,115.0,199.5,0.2904907000186317,4,1
small-world/scale-free,400,35,263,148.0,387.0,250.0,237.0,387.0,387.0,157.0,199.5,0.2904907000186317,4,1
small-world/scale-free,400,35,264,246.0,373.0,350.0,347.0,373.0,373.0,259.0,199.5,0.2904907000186317,4,1
small-world/scale-free,400,35,265,246.0,187.0,395.0,395.0,183.0,183.0,290.0,199.5,0.2904907000186317,4,1
small-world/scale-free,400,35,266,246.0,224.0,316.0,329.0,231.0,231.0,382.0,199.5,0.2904907000186317,4,1
small-world/scale-free,400,35,267,148.0,134.0,221.0,222.0,153.0,153.0,239.0,199.5,0.2904907000186317,4,1
small-world/scale-free,400,35,268,246.0,168.0,377.0,377.0,157.0,157.0,361.0,199.5,0.2904907000186317,4,1
small-world/scale-free,400,35,269,148.0,156.0,230.0,231.0,165.0,165.0,200.0,199.5,0.2904907000186317,4,1
small-world/scale-free,400,35,270,246.0,189.0,190.0,187.0,208.0,208.0,343.0,199.5,0.2904907000186317,4,1
small-world/scale-free,400,35,271,105.0,259.0,101.0,98.0,255.0,255.0,116.0,199.5,0.2904907000186317,4,1
small-world/scale-free,400,35,272,148.0,369.0,371.0,374.0,364.0,364.0,160.0,199.5,0.2904907000186317,4,1
small-world/scale-free,400,35,273,86.0,80.0,89.0,93.0,79.0,79.0,98.0,199.5,0.2904907000186317,4,1
small-world/scale-free,400,35,274,246.0,161.0,208.0,227.0,158.0,158.0,397.0,199.5,0.2904907000186317,4,1
small-world/scale-free,400,35,275,246.0,290.0,335.0,338.0,287.0,287.0,383.0,199.5,0.2904907000186317,4,1
small-world/scale-free,400,35,276,148.0,332.0,180.0,173.0,330.0,330.0,151.0,199.5,0.2904907000186317,4,1
small-world/scale-free,400,35,277,246.0,261.0,303.0,301.0,273.0,273.0,349.0,199.5,0.2904907000186317,4,1
small-world/scale-free,400,35,278,246.0,89.0,310.0,312.0,105.0,105.0,378.0,199.5,0.2904907000186317,4,1
small-world/scale-free,400,35,279,148.0,189.0,320.0,316.0,208.0,208.0,224.0,199.5,0.2904907000186317,4,1
small-world/scale-free,400,35,280,246.0,292.0,263.0,264.0,302.0,302.0,337.0,199.5,0.2904907000186317,4,1
small-world/scale-free,400,35,281,246.0,205.0,346.0,357.0,198.0,198.0,396.0,199.5,0.2904907000186317,4,1
small-world/scale-free,400,35,282,148.0,129.0,217.0,204.0,154.0,154.0,167.0,199.5,0.2904907000186317,4,1
small-world/scale-free,400,35,283,246.0,159.0,224.0,220.0,172.0,172.0,332.0,199.5,0.2904907000186317,4,1
small-world/scale-free,400,35,284,246.0,381.0,266.0,265.0,380.0,380.0,260.0,199.5,0.2904907000186317,4,1
small-world/scale-free,400,35,285,148.0,230.0,172.0,170.0,229.0,229.0,191.0,199.5,0.2904907000186317,4,1
small-world/scale-free,400,35,286,246.0,316.0,333.0,334.0,317.0,317.0,313.0,199.5,0.2904907000186317,4,1
small-world/scale-free,400,35,287,246.0,355.0,390.0,390.0,369.0,369.0,269.0,199.5,0.2904907000186317,4,1
small-world/scale-free,400,35,288,246.0,183.0,237.0,236.0,174.0,174.0,276.0,199.5,0.2904907000186317,4,1
small-world/scale-free,400,35,289,148.0,227.0,306.0,296.0,220.0,220.0,194.0,199.5,0.2904907000186317,4,1
small-world/scale-free,400,35,290,148.0,362.0,219.0,212.0,358.0,358.0,149.0,199.5,0.2904907000186317,4,1
small-world/scale-free,400,35,291,246.0,351.0,198.0,201.0,349.0,349.0,330.0,199.5,0.2904907000186317,4,1
small-world/scale-free,400,35,292,246.0,136.0,238.0,249.0,130.0,130.0,355.0,199.5,0.2904907000186317,4,1
small-world/scale-free,400,35,293,246.0,186.0,317.0,332.0,195.0,195.0,374.0,199.5,0.2904907000186317,4,1
small-world/scale-free,400,35,294,148.0,86.0,122.0,133.0,78.0,78.0,207.0,199.5,0.2904907000186317,4,1
small-world/scale-free,400,35,295,148.0,174.0,171.0,177.0,161.0,161.0,179.0,199.5,0.2904907000186317,4,1
small-world/scale-free,400,35,296,148.0,333.0,273.0,274.0,332.0,332.0,153.0,199.5,0.2904907000186317,4,1
small-world/scale-free,400,35,297,246.0,337.0,355.0,364.0,331.0,331.0,341.0,199.5,0.2904907000186317,4,1
small-world/scale-free,400,35,298,246.0,375.0,361.0,355.0,376.0,376.0,264.0,199.5,0.2904907000186317,4,1
small-world/scale-free,400,35,299,148.0,314.0,196.0,199.0,314.0,314.0,156.0,199.5,0.2904907000186317,4,1
small-world/scale-free,400,35,300,246.0,203.0,192.0,193.0,204.0,204.0,329.0,199.5,0.2904907000186317,4,1
small-world/scale-free,400,35,301,246.0,364.0,311.0,309.0,356.0,356.0,357.0,199.5,0.2904907000186317,4,1
small-world/scale-free,400,35,302,246.0,320.0,314.0,320.0,321.0,321.0,295.0,199.5,0.2904907000186317,4,1
small-world/scale-free,400,35,303,246.0,365.0,372.0,370.0,365.0,365.0,267.0,199.5,0.2904907000186317,4,1
small-world/scale-free,400,35,304,246.0,376.0,386.0,381.0,382.0,382.0,254.0,199.5,0.2904907000186317,4,1
small-world/scale-free,400,35,305,246.0,201.0,289.0,295.0,200.0,200.0,324.0,199.5,0.2904907000186317,4,1
small-world/scale-free,400,35,306,246.0,197.0,147.0,144.0,201.0,201.0,296.0,199.5,0.2904907000186317,4,1
small-world/scale-free,400,35,307,246.0,382.0,379.0,383.0,381.0,381.0,336.0,199.5,0.2904907000186317,4,1
small-world/scale-free,400,35,308,148.0,348.0,218.0,211.0,348.0,348.0,161.0,199.5,0.2904907000186317,4,1
small-world/scale-free,400,35,309,246.0,286.0,249.0,245.0,296.0,296.0,279.0,199.5,0.2904907000186317,4,1
small-world/scale-free,400,35,310,246.0,134.0,183.0,185.0,163.0,163.0,288.0,199.5,0.2904907000186317,4,1
small-world/scale-free,400,35,311,246.0,389.0,284.0,272.0,392.0,392.0,247.0,199.5,0.2904907000186317,4,1
small-world/scale-free,400,35,312,246.0,393.0,399.0,399.0,389.0,389.0,306.0,199.5,0.2904907000186317,4,1
small-world/scale-free,400,35,313,105.0,274.0,151.0,143.0,281.0,281.0,105.0,199.5,0.2904907000186317,4,1
small-world/scale-free,400,35,314,246.0,126.0,193.0,192.0,143.0,143.0,368.0,199.5,0.2904907000186317,4,1
small-world/scale-free,400,35,315,148.0,64.0,152.0,153.0,71.0,71.0,233.0,199.5,0.2904907000186317,4,1
small-world/scale-free,400,35,316,246.0,155.0,177.0,179.0,144.0,144.0,309.0,199.5,0.2904907000186317,4,1
small-world/scale-free,400,35,317,246.0,392.0,393.0,393.0,394.0,394.0,258.0,199.5,0.2904907000186317,4,1
small-world/scale-free,400,35,318,148.0,293.0,162.0,166.0,282.0,282.0,181.0,199.5,0.2904907000186317,4,1
small-world/scale-free,400,35,319,246.0,325.0,339.0,335.0,328.0,328.0,284.0,199.5,0.2904907000186317,4,1
small-world/scale-free,400,35,320,246.0,290.0,343.0,337.0,299.0,299.0,311.0,199.5,0.2904907000186317,4,1
small-world/scale-free,400,35,321,246.0,274.0,149.0,141.0,270.0,270.0,294.0,199.5,0.2904907000186317,4,1
small-world/scale-free,400,35,322,148.0,87.0,114.0,115.0,85.0,85.0,206.0,199.5,0.2904907000186317,4,1
small-world/scale-free,400,35,323,246.0,159.0,232.0,238.0,148.0,148.0,326.0,199.5,0.2904907000186317,4,1
small-world/scale-free,400,35,324,148.0,136.0,119.0,110.0,142.0,142.0,184.0,199.5,0.2904907000186317,4,1
small-world/scale-free,400,35,325,246.0,347.0,384.0,380.0,347.0,347.0,317.0,199.5,0.2904907000186317,4,1
small-world/scale-free,400,35,326,246.0,129.0,210.0,214.0,138.0,138.0,300.0,199.5,0.2904907000186317,4,1
small-world/scale-free,400,35,327,246.0,142.0,241.0,246.0,158.0,158.0,327.0,199.5,0.2904907000186317,4,1
small-world/scale-free,400,35,328,86.0,168.0,186.0,183.0,151.0,151.0,89.0,199.5,0.2904907000186317,4,1
small-world/scale-free,400,35,329,246.0,320.0,247.0,243.0,326.0,326.0,262.0,199.5,0.2904907000186317,4,1
small-world/scale-free,400,35,330,105.0,221.0,304.0,302.0,215.0,215.0,114.0,199.5,0.2904907000186317,4,1
small-world/scale-free,400,35,331,246.0,397.0,287.0,293.0,397.0,397.0,278.0,199.5,0.2904907000186317,4,1
small-world/scale-free,400,35,332,246.0,46.0,260.0,268.0,58.0,58.0,391.0,199.5,0.2904907000186317,4,1
small-world/scale-free,400,35,333,246.0,333.0,283.0,270.0,340.0,340.0,280.0,199.5,0.2904907000186317,4,1
small-world/scale-free,400,35,334,246.0,69.0,262.0,287.0,82.0,82.0,359.0,199.5,0.2904907000186317,4,1
small-world/scale-free,400,35,335,246.0,250.0,261.0,260.0,265.0,265.0,340.0,199.5,0.2904907000186317,4,1
small-world/scale-free,400,35,336,148.0,378.0,387.0,386.0,377.0,377.0,168.0,199.5,0.2904907000186317,4,1
small-world/scale-free,400,35,337,246.0,248.0,227.0,218.0,251.0,251.0,331.0,199.5,0.2904907000186317,4,1
small-world/scale-free,400,35,338,246.0,171.0,359.0,362.0,171.0,171.0,373.0,199.5,0.2904907000186317,4,1
small-world/scale-free,400,35,339,246.0,223.0,308.0,300.0,222.0,222.0,275.0,199.5,0.2904907000186317,4,1
small-world/scale-free,400,35,340,148.0,64.0,137.0,142.0,73.0,73.0,223.0,199.5,0.2904907000186317,4,1
small-world/scale-free,400,35,341,246.0,281.0,279.0,279.0,272.0,272.0,348.0,199.5,0.2904907000186317,4,1
small-world/scale-free,400,35,342,246.0,276.0,358.0,351.0,288.0,288.0,356.0,199.5,0.2904907000186317,4,1
small-world/scale-free,400,35,343,246.0,305.0,318.0,321.0,310.0,310.0,320.0,199.5,0.2904907000186317,4,1
small-world/scale-free,400,35,344,246.0,266.0,330.0,330.0,266.0,266.0,323.0,199.5,0.2904907000186317,4,1
small-world/scale-free,400,35,345,148.0,90.0,200.0,207.0,96.0,96.0,219.0,199.5,0.2904907000186317,4,1
small-world/scale-free,400,35,346,246.0,73.0,360.0,360.0,83.0,83.0,388.0,199.5,0.2904907000186317,4,1
small-world/scale-free,400,35,347,246.0,391.0,329.0,325.0,395.0,395.0,250.0,199.5,0.2904907000186317,4,1
small-world/scale-free,400,35,348,148.0,378.0,323.0,313.0,379.0,379.0,154.0,199.5,0.2904907000186317,4,1
small-world/scale-free,400,35,349,246.0,345.0,298.0,297.0,346.0,346.0,328.0,199.5,0.2904907000186317,4,1
small-world/scale-free,400,35,350,246.0,324.0,327.0,322.0,323.0,323.0,303.0,199.5,0.2904907000186317,4,1
small-world/scale-free,400,35,351,246.0,250.0,388.0,388.0,267.0,267.0,350.0,199.5,0.2904907000186317,4,1
small-world/scale-free,400,35,352,246.0,367.0,366.0,365.0,366.0,366.0,321.0,199.5,0.2904907000186317,4,1
small-world/scale-free,400,35,353,246.0,355.0,307.0,308.0,360.0,360.0,334.0,199.5,0.2904907000186317,4,1
small-world/scale-free,400,35,354,246.0,261.0,197.0,202.0,264.0,264.0,322.0,199.5,0.2904907000186317,4,1
small-world/scale-free,400,35,355,246.0,236.0,300.0,303.0,244.0,244.0,358.0,199.5,0.2904907000186317,4,1
small-world/scale-free,400,35,356,148.0,294.0,142.0,137.0,290.0,290.0,174.0,199.5,0.2904907000186317,4,1
small-world/scale-free,400,35,357,246.0,165.0,267.0,281.0,177.0,177.0,394.0,199.5,0.2904907000186317,4,1
small-world/scale-free,400,35,358,246.0,78.0,159.0,159.0,87.0,87.0,346.0,199.5,0.2904907000186317,4,1
small-world/scale-free,400,35,359,246.0,178.0,228.0,228.0,179.0,179.0,369.0,199.5,0.2904907000186317,4,1
small-world/scale-free,400,35,360,246.0,328.0,338.0,340.0,335.0,335.0,291.0,199.5,0.2904907000186317,4,1
small-world/scale-free,400,35,361,246.0,344.0,245.0,233.0,344.0,344.0,297.0,199.5,0.2904907000186317,4,1
small-world/scale-free,400,35,362,246.0,355.0,223.0,210.0,361.0,361.0,265.0,199.5,0.2904907000186317,4,1
small-world/scale-free,400,35,363,246.0,353.0,380.0,375.0,357.0,357.0,319.0,199.5,0.2904907000186317,4,1
small-world/scale-free,400,35,364,246.0,102.0,207.0,223.0,121.0,121.0,365.0,199.5,0.2904907000186317,4,1
small-world/scale-free,400,35,365,246.0,268.0,243.0,247.0,278.0,278.0,360.0,199.5,0.2904907000186317,4,1
small-world/scale-free,400,35,366,246.0,225.0,396.0,396.0,224.0,224.0,285.0,199.5,0.2904907000186317,4,1
small-world/scale-free,400,35,367,148.0,284.0,340.0,343.0,285.0,285.0,180.0,199.5,0.2904907000186317,4,1
small-world/scale-free,400,35,368,246.0,345.0,345.0,336.0,353.0,353.0,274.0,199.5,0.2904907000186317,4,1
small-world/scale-free,400,35,369,246.0,384.0,383.0,382.0,385.0,385.0,266.0,199.5,0.2904907000186317,4,1
small-world/scale-free,400,35,370,246.0,318.0,375.0,372.0,324.0,324.0,342.0,199.5,0.2904907000186317,4,1
small-world/scale-free,400,35,371,246.0,163.0,270.0,282.0,164.0,164.0,379.0,199.5,0.2904907000186317,4,1
small-world/scale-free,400,35,372,246.0,354.0,328.0,317.0,362.0,362.0,256.0,199.5,0.2904907000186317,4,1
small-world/scale-free,400,35,373,246.0,350.0,291.0,289.0,351.0,351.0,293.0,199.5,0.2904907000186317,4,1
small-world/scale-free,400,35,374,246.0,96.0,278.0,304.0,110.0,110.0,375.0,199.5,0.2904907000186317,4,1
small-world/scale-free,400,35,375,246.0,351.0,332.0,333.0,355.0,355.0,301.0,199.5,0.2904907000186317,4,1
small-world/scale-free,400,35,376,246.0,255.0,356.0,346.0,277.0,277.0,304.0,199.5,0.2904907000186317,4,1
small-world/scale-free,400,35,377,246.0,348.0,319.0,324.0,354.0,354.0,277.0,199.5,0.2904907000186317,4,1
small-world/scale-free,400,35,378,246.0,362.0,376.0,379.0,363.0,363.0,302.0,199.5,0.2904907000186317,4,1
small-world/scale-free,400,35,379,246.0,394.0,313.0,307.0,393.0,393.0,249.0,199.5,0.2904907000186317,4,1
small-world/scale-free,400,35,380,246.0,331.0,369.0,368.0,345.0,345.0,263.0,199.5,0.2904907000186317,4,1
small-world/scale-free,400,35,381,246.0,388.0,272.0,261.0,391.0,391.0,255.0,199.5,0.2904907000186317,4,1
small-world/scale-free,400,35,382,246.0,301.0,398.0,398.0,303.0,303.0,282.0,199.5,0.2904907000186317,4,1
small-world/scale-free,400,35,383,246.0,366.0,324.0,305.0,371.0,371.0,261.0,199.5,0.2904907000186317,4,1
small-world/scale-free,400,35,384,246.0,259.0,206.0,208.0,259.0,259.0,325.0,199.5,0.2904907000186317,4,1
small-world/scale-free,400,35,385,246.0,278.0,382.0,385.0,275.0,275.0,367.0,199.5,0.2904907000186317,4,1
small-world/scale-free,400,35,386,246.0,287.0,302.0,292.0,289.0,289.0,283.0,199.5,0.2904907000186317,4,1
small-world/scale-free,400,35,387,246.0,209.0,312.0,327.0,210.0,210.0,281.0,199.5,0.2904907000186317,4,1
small-world/scale-free,400,35,388,246.0,396.0,286.0,284.0,396.0,396.0,252.0,199.5,0.2904907000186317,4,1
small-world/scale-free,400,35,389,246.0,398.0,389.0,389.0,398.0,398.0,251.0,199.5,0.2904907000186317,4,1
small-world/scale-free,400,35,390,246.0,370.0,351.0,356.0,367.0,367.0,286.0,199.5,0.2904907000186317,4,1
small-world/scale-free,400,35,391,246.0,102.0,194.0,203.0,127.0,127.0,354.0,199.5,0.2904907000186317,4,1
small-world/scale-free,400,35,392,246.0,142.0,288.0,318.0,135.0,135.0,344.0,199.5,0.2904907000186317,4,1
small-world/scale-free,400,35,393,246.0,298.0,234.0,229.0,307.0,307.0,298.0,199.5,0.2904907000186317,4,1
small-world/scale-free,400,35,394,246.0,374.0,269.0,259.0,374.0,374.0,257.0,199.5,0.2904907000186317,4,1
small-world/scale-free,400,35,395,246.0,129.0,145.0,149.0,152.0,152.0,289.0,199.5,0.2904907000186317,4,1
small-world/scale-free,400,35,396,246.0,75.0,179.0,181.0,92.0,92.0,393.0,199.5,0.2904907000186317,4,1
small-world/scale-free,400,35,397,246.0,144.0,385.0,387.0,147.0,147.0,395.0,199.5,0.2904907000186317,4,1
small-world/scale-free,400,35,398,246.0,316.0,397.0,397.0,322.0,322.0,272.0,199.5,0.2904907000186317,4,1
small-world/scale-free,400,35,399,246.0,188.0,176.0,171.0,192.0,192.0,307.0,199.5,0.2904907000186317,4,1
small-world/scale-free,400,36,0,1.0,1.0,1.0,1.0,1.0,1.0,1.0,199.5,0.29916750184312607,4,1
small-world/scale-free,400,36,1,3.0,5.0,3.0,3.0,3.0,3.0,4.0,199.5,0.29916750184312607,4,1
small-world/scale-free,400,36,2,10.0,22.0,13.0,13.0,16.0,16.0,10.0,199.5,0.29916750184312607,4,1
small-world/scale-free,400,36,3,2.0,2.0,2.0,2.0,2.0,2.0,2.0,199.5,0.29916750184312607,4,1
small-world/scale-free,400,36,4,11.0,4.0,10.0,10.0,7.0,7.0,13.0,199.5,0.29916750184312607,4,1
small-world/scale-free,400,36,5,11.0,9.0,8.0,8.0,9.0,9.0,14.0,199.5,0.29916750184312607,4,1
small-world/scale-free,400,36,6,19.0,23.0,23.0,23.0,26.0,26.0,20.0,199.5,0.29916750184312607,4,1
small-world/scale-free,400,36,7,34.0,47.0,39.0,39.0,47.0,47.0,43.0,199.5,0.29916750184312607,4,1
small-world/scale-free,400,36,8,3.0,7.0,4.0,4.0,5.0,5.0,3.0,199.5,0.29916750184312607,4,1
small-world/scale-free,400,36,9,6.0,3.0,5.0,5.0,4.0,4.0,6.0,199.5,0.29916750184312607,4,1
small-world/scale-free,400,36,10,11.0,8.0,11.0,11.0,8.0,8.0,12.0,199.5,0.29916750184312607,4,1
small-world/scale-free,400,36,11,164.0,115.0,134.0,138.0,130.0,130.0,235.0,199.5,0.29916750184312607,4,1
small-world/scale-free,400,36,12,25.0,18.0,30.0,30.0,17.0,17.0,30.0,199.5,0.29916750184312607,4,1
small-world/scale-free,400,36,13,47.0,69.0,61.0,64.0,68.0,68.0,51.0,199.5,0.29916750184312607,4,1
small-world/scale-free,400,36,14,34.0,19.0,25.0,29.0,24.0,24.0,46.0,199.5,0.29916750184312607,4,1
small-world/scale-free,400,36,15,47.0,71.0,35.0,37.0,62.0,62.0,50.0,199.5,0.29916750184312607,4,1
small-world/scale-free,400,36,16,5.0,6.0,7.0,7.0,6.0,6.0,5.0,199.5,0.29916750184312607,4,1
small-world/scale-free,400,36,17,19.0,26.0,26.0,27.0,25.0,25.0,22.0,199.5,0.29916750184312607,4,1
small-world/scale-free,400,36,18,8.0,13.0,12.0,12.0,11.0,11.0,8.0,199.5,0.29916750184312607,4,1
small-world/scale-free,400,36,19,31.0,42.0,45.0,45.0,33.0,33.0,33.0,199.5,0.29916750184312607,4,1
small-world/scale-free,400,36,20,23.0,14.0,22.0,22.0,14.0,14.0,25.0,199.5,0.29916750184312607,4,1
small-world/scale-free,400,36,21,122.0,163.0,150.0,149.0,162.0,162.0,150.0,199.5,0.29916750184312607,4,1
small-world/scale-free,400,36,22,122.0,86.0,120.0,126.0,103.0,103.0,163.0,199.5,0.29916750184312607,4,1
small-world/scale-free,400,36,23,52.0,68.0,106.0,109.0,71.0,71.0,70.0,199.5,0.29916750184312607,4,1
small-world/scale-free,400,36,24,11.0,29.0,14.0,14.0,23.0,23.0,11.0,199.5,0.29916750184312607,4,1
small-world/scale-free,400,36,25,7.0,12.0,6.0,6.0,10.0,10.0,7.0,199.5,0.29916750184312607,4,1
small-world/scale-free,400,36,26,16.0,11.0,16.0,16.0,12.0,12.0,18.0,199.5,0.29916750184312607,4,1
small-world/scale-free,400,36,27,16.0,26.0,15.0,15.0,27.0,27.0,17.0,199.5,0.29916750184312607,4,1
small-world/scale-free,400,36,28,31.0,139.0,52.0,52.0,131.0,131.0,32.0,199.5,0.29916750184312607,4,1
small-world/scale-free,400,36,29,122.0,24.0,122.0,125.0,29.0,29.0,161.0,199.5,0.29916750184312607,4,1
small-world/scale-free,400,36,30,89.0,246.0,172.0,170.0,237.0,237.0,113.0,199.5,0.29916750184312607,4,1
small-world/scale-free,400,36,31,89.0,134.0,82.0,77.0,142.0,142.0,103.0,199.5,0.29916750184312607,4,1
small-world/scale-free,400,36,32,34.0,89.0,77.0,78.0,92.0,92.0,44.0,199.5,0.29916750184312607,4,1
small-world/scale-free,400,36,33,19.0,10.0,19.0,20.0,13.0,13.0,21.0,199.5,0.29916750184312607,4,1
small-world/scale-free,400,36,34,122.0,38.0,87.0,96.0,41.0,41.0,148.0,199.5,0.29916750184312607,4,1
small-world/scale-free,400,36,35,34.0,52.0,76.0,74.0,45.0,45.0,41.0,199.5,0.29916750184312607,4,1
small-world/scale-free,400,36,36,89.0,146.0,99.0,100.0,149.0,149.0,115.0,199.5,0.29916750184312607,4,1
small-world/scale-free,400,36,37,89.0,39.0,93.0,97.0,43.0,43.0,121.0,199.5,0.29916750184312607,4,1
small-world/scale-free,400,36,38,25.0,53.0,27.0,28.0,46.0,46.0,29.0,199.5,0.29916750184312607,4,1
small-world/scale-free,400,36,39,52.0,54.0,80.0,82.0,52.0,52.0,65.0,199.5,0.29916750184312607,4,1
small-world/scale-free,400,36,40,71.0,158.0,94.0,91.0,157.0,157.0,84.0,199.5,0.29916750184312607,4,1
small-world/scale-free,400,36,41,19.0,20.0,21.0,21.0,19.0,19.0,19.0,199.5,0.29916750184312607,4,1
small-world/scale-free,400,36,42,71.0,199.0,139.0,135.0,197.0,197.0,87.0,199.5,0.29916750184312607,4,1
small-world/scale-free,400,36,43,16.0,39.0,20.0,19.0,30.0,30.0,16.0,199.5,0.29916750184312607,4,1
small-world/scale-free,400,36,44,34.0,17.0,33.0,34.0,21.0,21.0,42.0,199.5,0.29916750184312607,4,1
small-world/scale-free,400,36,45,164.0,138.0,224.0,229.0,151.0,151.0,241.0,199.5,0.29916750184312607,4,1
small-world/scale-free,400,36,46,52.0,99.0,66.0,68.0,86.0,86.0,68.0,199.5,0.29916750184312607,4,1
small-world/scale-free,400,36,47,89.0,158.0,203.0,206.0,153.0,153.0,118.0,199.5,0.29916750184312607,4,1
small-world/scale-free,400,36,48,23.0,15.0,18.0,18.0,15.0,15.0,23.0,199.5,0.29916750184312607,4,1
small-world/scale-free,400,36,49,25.0,111.0,28.0,25.0,90.0,90.0,27.0,199.5,0.29916750184312607,4,1
small-world/scale-free,400,36,50,52.0,141.0,102.0,102.0,137.0,137.0,66.0,199.5,0.29916750184312607,4,1
small-world/scale-free,400,36,51,164.0,276.0,186.0,197.0,274.0,274.0,203.0,199.5,0.29916750184312607,4,1
small-world/scale-free,400,36,52,34.0,164.0,38.0,38.0,136.0,136.0,34.0,199.5,0.29916750184312607,4,1
small-world/scale-free,400,36,53,71.0,77.0,48.0,50.0,82.0,82.0,75.0,199.5,0.29916750184312607,4,1
small-world/scale-free,400,36,54,122.0,62.0,71.0,71.0,62.0,62.0,143.0,199.5,0.29916750184312607,4,1
small-world/scale-free,400,36,55,89.0,200.0,237.0,239.0,198.0,198.0,119.0,199.5,0.29916750184312607,4,1
small-world/scale-free,400,36,56,15.0,24.0,17.0,17.0,20.0,20.0,15.0,199.5,0.29916750184312607,4,1
small-world/scale-free,400,36,57,34.0,50.0,44.0,44.0,39.0,39.0,40.0,199.5,0.29916750184312607,4,1
small-world/scale-free,400,36,58,89.0,33.0,110.0,113.0,34.0,34.0,117.0,199.5,0.29916750184312607,4,1
small-world/scale-free,400,36,59,89.0,31.0,73.0,76.0,35.0,35.0,114.0,199.5,0.29916750184312607,4,1
small-world/scale-free,400,36,60,52.0,56.0,36.0,36.0,54.0,54.0,61.0,199.5,0.29916750184312607,4,1
small-world/scale-free,400,36,61,34.0,60.0,40.0,40.0,58.0,58.0,37.0,199.5,0.29916750184312607,4,1
small-world/scale-free,400,36,62,25.0,115.0,29.0,26.0,94.0,94.0,28.0,199.5,0.29916750184312607,4,1
small-world/scale-free,400,36,63,52.0,44.0,64.0,66.0,42.0,42.0,67.0,199.5,0.29916750184312607,4,1
small-world/scale-free,400,36,64,89.0,66.0,60.0,57.0,76.0,76.0,120.0,199.5,0.29916750184312607,4,1
small-world/scale-free,400,36,65,122.0,74.0,204.0,207.0,75.0,75.0,157.0,199.5,0.29916750184312607,4,1
small-world/scale-free,400,36,66,9.0,32.0,9.0,9.0,18.0,18.0,9.0,199.5,0.29916750184312607,4,1
small-world/scale-free,400,36,67,34.0,129.0,41.0,42.0,116.0,116.0,35.0,199.5,0.29916750184312607,4,1
small-world/scale-free,400,36,68,34.0,16.0,34.0,35.0,21.0,21.0,45.0,199.5,0.29916750184312607,4,1
small-world/scale-free,400,36,69,164.0,132.0,238.0,241.0,141.0,141.0,242.0,199.5,0.29916750184312607,4,1
small-world/scale-free,400,36,70,122.0,46.0,100.0,110.0,49.0,49.0,160.0,199.5,0.29916750184312607,4,1
small-world/scale-free,400,36,71,164.0,108.0,164.0,182.0,115.0,115.0,237.0,199.5,0.29916750184312607,4,1
small-world/scale-free,400,36,72,71.0,174.0,128.0,130.0,171.0,171.0,81.0,199.5,0.29916750184312607,4,1
small-world/scale-free,400,36,73,164.0,101.0,115.0,118.0,120.0,120.0,212.0,199.5,0.29916750184312607,4,1
small-world/scale-free,400,36,74,89.0,48.0,86.0,86.0,55.0,55.0,116.0,199.5,0.29916750184312607,4,1
small-world/scale-free,400,36,75,71.0,185.0,104.0,103.0,168.0,168.0,79.0,199.5,0.29916750184312607,4,1
small-world/scale-free,400,36,76,89.0,244.0,183.0,179.0,230.0,230.0,110.0,199.5,0.29916750184312607,4,1
small-world/scale-free,400,36,77,122.0,105.0,323.0,322.0,99.0,99.0,159.0,199.5,0.29916750184312607,4,1
small-world/scale-free,400,36,78,52.0,35.0,47.0,49.0,32.0,32.0,69.0,199.5,0.29916750184312607,4,1
small-world/scale-free,400,36,79,243.0,152.0,355.0,358.0,156.0,156.0,396.0,199.5,0.29916750184312607,4,1
small-world/scale-free,400,36,80,243.0,143.0,305.0,311.0,155.0,155.0,394.0,199.5,0.29916750184312607,4,1
small-world/scale-free,400,36,81,243.0,174.0,332.0,338.0,191.0,191.0,393.0,199.5,0.29916750184312607,4,1
small-world/scale-free,400,36,82,89.0,49.0,56.0,55.0,50.0,50.0,109.0,199.5,0.29916750184312607,4,1
small-world/scale-free,400,36,83,71.0,107.0,67.0,69.0,112.0,112.0,88.0,199.5,0.29916750184312607,4,1
small-world/scale-free,400,36,84,89.0,326.0,127.0,127.0,312.0,312.0,93.0,199.5,0.29916750184312607,4,1
small-world/scale-free,400,36,85,71.0,140.0,70.0,67.0,145.0,145.0,73.0,199.5,0.29916750184312607,4,1
small-world/scale-free,400,36,86,164.0,118.0,210.0,223.0,126.0,126.0,240.0,199.5,0.29916750184312607,4,1
small-world/scale-free,400,36,87,89.0,236.0,126.0,124.0,231.0,231.0,92.0,199.5,0.29916750184312607,4,1
small-world/scale-free,400,36,88,164.0,180.0,199.0,201.0,184.0,184.0,227.0,199.5,0.29916750184312607,4,1
small-world/scale-free,400,36,89,243.0,168.0,291.0,291.0,183.0,183.0,353.0,199.5,0.29916750184312607,4,1
small-world/scale-free,400,36,90,31.0,54.0,24.0,24.0,56.0,56.0,31.0,199.5,0.29916750184312607,4,1
small-world/scale-free,400,36,91,52.0,164.0,78.0,80.0,154.0,154.0,63.0,199.5,0.29916750184312607,4,1
small-world/scale-free,400,36,92,164.0,364.0,218.0,209.0,363.0,363.0,176.0,199.5,0.29916750184312607,4,1
small-world/scale-free,400,36,93,243.0,326.0,371.0,372.0,335.0,335.0,360.0,199.5,0.29916750184312607,4,1
small-world/scale-free,400,36,94,122.0,99.0,144.0,146.0,109.0,109.0,154.0,199.5,0.29916750184312607,4,1
small-world/scale-free,400,36,95,71.0,137.0,101.0,104.0,144.0,144.0,78.0,199.5,0.29916750184312607,4,1
small-world/scale-free,400,36,96,122.0,33.0,72.0,73.0,38.0,38.0,149.0,199.5,0.29916750184312607,4,1
small-world/scale-free,400,36,97,122.0,249.0,200.0,185.0,240.0,240.0,145.0,199.5,0.29916750184312607,4,1
small-world/scale-free,400,36,98,52.0,57.0,96.0,93.0,53.0,53.0,64.0,199.5,0.29916750184312607,4,1
small-world/scale-free,400,36,99,243.0,101.0,168.0,164.0,105.0,105.0,370.0,199.5,0.29916750184312607,4,1
small-world/scale-free,400,36,100,164.0,84.0,136.0,140.0,83.0,83.0,230.0,199.5,0.29916750184312607,4,1
small-world/scale-free,400,36,101,89.0,146.0,125.0,128.0,146.0,146.0,106.0,199.5,0.29916750184312607,4,1
small-world/scale-free,400,36,102,243.0,236.0,340.0,345.0,240.0,240.0,373.0,199.5,0.29916750184312607,4,1
small-world/scale-free,400,36,103,122.0,66.0,58.0,59.0,72.0,72.0,144.0,199.5,0.29916750184312607,4,1
small-world/scale-free,400,36,104,34.0,69.0,55.0,53.0,51.0,51.0,36.0,199.5,0.29916750184312607,4,1
small-world/scale-free,400,36,105,52.0,134.0,69.0,63.0,133.0,133.0,57.0,199.5,0.29916750184312607,4,1
small-world/scale-free,400,36,106,164.0,236.0,217.0,211.0,252.0,252.0,205.0,199.5,0.29916750184312607,4,1
small-world/scale-free,400,36,107,164.0,205.0,191.0,190.0,204.0,204.0,221.0,199.5,0.29916750184312607,4,1
small-world/scale-free,400,36,108,47.0,151.0,42.0,41.0,134.0,134.0,47.0,199.5,0.29916750184312607,4,1
small-world/scale-free,400,36,109,71.0,156.0,91.0,89.0,161.0,161.0,86.0,199.5,0.29916750184312607,4,1
small-world/scale-free,400,36,110,71.0,174.0,123.0,121.0,170.0,170.0,85.0,199.5,0.29916750184312607,4,1
small-world/scale-free,400,36,111,52.0,206.0,90.0,85.0,199.0,199.0,56.0,199.5,0.29916750184312607,4,1
small-world/scale-free,400,36,112,47.0,131.0,65.0,62.0,125.0,125.0,48.0,199.5,0.29916750184312607,4,1
small-world/scale-free,400,36,113,122.0,189.0,282.0,277.0,178.0,178.0,155.0,199.5,0.29916750184312607,4,1
small-world/scale-free,400,36,114,243.0,330.0,286.0,284.0,328.0,328.0,339.0,199.5,0.29916750184312607,4,1
small-world/scale-free,400,36,115,89.0,134.0,107.0,107.0,138.0,138.0,107.0,199.5,0.29916750184312607,4,1
small-world/scale-free,400,36,116,164.0,225.0,209.0,210.0,221.0,221.0,231.0,199.5,0.29916750184312607,4,1
small-world/scale-free,400,36,117,243.0,51.0,240.0,259.0,64.0,64.0,399.0,199.5,0.29916750184312607,4,1
small-world/scale-free,400,36,118,89.0,158.0,98.0,94.0,160.0,160.0,100.0,199.5,0.29916750184312607,4,1
small-world/scale-free,400,36,119,71.0,58.0,49.0,51.0,57.0,57.0,76.0,199.5,0.29916750184312607,4,1
small-world/scale-free,400,36,120,52.0,235.0,138.0,134.0,218.0,218.0,58.0,199.5,0.29916750184312607,4,1
small-world/scale-free,400,36,121,34.0,146.0,37.0,32.0,128.0,128.0,39.0,199.5,0.29916750184312607,4,1
small-world/scale-free,400,36,122,164.0,311.0,353.0,355.0,307.0,307.0,219.0,199.5,0.29916750184312607,4,1
small-world/scale-free,400,36,123,71.0,191.0,83.0,75.0,182.0,182.0,74.0,199.5,0.29916750184312607,4,1
small-world/scale-free,400,36,124,89.0,145.0,81.0,79.0,148.0,148.0,104.0,199.5,0.29916750184312607,4,1
small-world/scale-free,400,36,125,164.0,64.0,344.0,333.0,70.0,70.0,238.0,199.5,0.29916750184312607,4,1
small-world/scale-free,400,36,126,164.0,261.0,192.0,189.0,270.0,270.0,214.0,199.5,0.29916750184312607,4,1
small-world/scale-free,400,36,127,164.0,28.0,140.0,147.0,37.0,37.0,236.0,199.5,0.29916750184312607,4,1
small-world/scale-free,400,36,128,34.0,154.0,51.0,48.0,143.0,143.0,38.0,199.5,0.29916750184312607,4,1
small-world/scale-free,400,36,129,122.0,259.0,176.0,174.0,262.0,262.0,134.0,199.5,0.29916750184312607,4,1
small-world/scale-free,400,36,130,25.0,197.0,32.0,33.0,173.0,173.0,24.0,199.5,0.29916750184312607,4,1
small-world/scale-free,400,36,131,89.0,133.0,68.0,70.0,140.0,140.0,95.0,199.5,0.29916750184312607,4,1
small-world/scale-free,400,36,132,164.0,350.0,372.0,373.0,333.0,333.0,220.0,199.5,0.29916750184312607,4,1
small-world/scale-free,400,36,133,243.0,228.0,255.0,265.0,238.0,238.0,383.0,199.5,0.29916750184312607,4,1
small-world/scale-free,400,36,134,164.0,168.0,208.0,204.0,177.0,177.0,217.0,199.5,0.29916750184312607,4,1
small-world/scale-free,400,36,135,164.0,88.0,352.0,349.0,91.0,91.0,239.0,199.5,0.29916750184312607,4,1
small-world/scale-free,400,36,136,164.0,284.0,196.0,194.0,289.0,289.0,179.0,199.5,0.29916750184312607,4,1
small-world/scale-free,400,36,137,71.0,42.0,79.0,84.0,40.0,40.0,83.0,199.5,0.29916750184312607,4,1
small-world/scale-free,400,36,138,243.0,255.0,349.0,348.0,255.0,255.0,372.0,199.5,0.29916750184312607,4,1
small-world/scale-free,400,36,139,243.0,143.0,178.0,192.0,152.0,152.0,392.0,199.5,0.29916750184312607,4,1
small-world/scale-free,400,36,140,25.0,168.0,43.0,43.0,147.0,147.0,26.0,199.5,0.29916750184312607,4,1
small-world/scale-free,400,36,141,122.0,277.0,229.0,236.0,251.0,251.0,156.0,199.5,0.29916750184312607,4,1
small-world/scale-free,400,36,142,52.0,192.0,59.0,58.0,175.0,175.0,52.0,199.5,0.29916750184312607,4,1
small-world/scale-free,400,36,143,164.0,361.0,211.0,214.0,351.0,351.0,183.0,199.5,0.29916750184312607,4,1
small-world/scale-free,400,36,144,243.0,240.0,388.0,388.0,249.0,249.0,363.0,199.5,0.29916750184312607,4,1
small-world/scale-free,400,36,145,52.0,203.0,88.0,83.0,195.0,195.0,59.0,199.5,0.29916750184312607,4,1
small-world/scale-free,400,36,146,52.0,80.0,63.0,65.0,66.0,66.0,60.0,199.5,0.29916750184312607,4,1
small-world/scale-free,400,36,147,164.0,391.0,259.0,271.0,391.0,391.0,188.0,199.5,0.29916750184312607,4,1
small-world/scale-free,400,36,148,122.0,78.0,322.0,304.0,77.0,77.0,147.0,199.5,0.29916750184312607,4,1
small-world/scale-free,400,36,149,243.0,372.0,296.0,269.0,375.0,375.0,252.0,199.5,0.29916750184312607,4,1
small-world/scale-free,400,36,150,89.0,166.0,130.0,122.0,169.0,169.0,108.0,199.5,0.29916750184312607,4,1
small-world/scale-free,400,36,151,89.0,29.0,75.0,81.0,31.0,31.0,112.0,199.5,0.29916750184312607,4,1
small-world/scale-free,400,36,152,89.0,35.0,31.0,31.0,36.0,36.0,101.0,199.5,0.29916750184312607,4,1
small-world/scale-free,400,36,153,243.0,152.0,363.0,366.0,164.0,164.0,386.0,199.5,0.29916750184312607,4,1
small-world/scale-free,400,36,154,243.0,118.0,384.0,383.0,114.0,114.0,327.0,199.5,0.29916750184312607,4,1
small-world/scale-free,400,36,155,164.0,39.0,133.0,137.0,48.0,48.0,232.0,199.5,0.29916750184312607,4,1
small-world/scale-free,400,36,156,122.0,220.0,97.0,98.0,215.0,215.0,130.0,199.5,0.29916750184312607,4,1
small-world/scale-free,400,36,157,164.0,370.0,194.0,188.0,366.0,366.0,169.0,199.5,0.29916750184312607,4,1
small-world/scale-free,400,36,158,122.0,336.0,171.0,162.0,329.0,329.0,127.0,199.5,0.29916750184312607,4,1
small-world/scale-free,400,36,159,243.0,113.0,365.0,363.0,127.0,127.0,395.0,199.5,0.29916750184312607,4,1
small-world/scale-free,400,36,160,164.0,320.0,265.0,275.0,325.0,325.0,201.0,199.5,0.29916750184312607,4,1
small-world/scale-free,400,36,161,122.0,63.0,223.0,217.0,65.0,65.0,152.0,199.5,0.29916750184312607,4,1
small-world/scale-free,400,36,162,122.0,200.0,185.0,183.0,208.0,208.0,140.0,199.5,0.29916750184312607,4,1
small-world/scale-free,400,36,163,243.0,265.0,263.0,257.0,258.0,258.0,313.0,199.5,0.29916750184312607,4,1
small-world/scale-free,400,36,164,243.0,37.0,314.0,353.0,44.0,44.0,400.0,199.5,0.29916750184312607,4,1
small-world/scale-free,400,36,165,243.0,248.0,359.0,364.0,266.0,266.0,331.0,199.5,0.29916750184312607,4,1
small-world/scale-free,400,36,166,243.0,266.0,298.0,293.0,279.0,279.0,347.0,199.5,0.29916750184312607,4,1
small-world/scale-free,400,36,167,243.0,292.0,351.0,346.0,309.0,309.0,306.0,199.5,0.29916750184312607,4,1
small-world/scale-free,400,36,168,71.0,87.0,105.0,105.0,84.0,84.0,77.0,199.5,0.29916750184312607,4,1
small-world/scale-free,400,36,169,52.0,141.0,62.0,61.0,139.0,139.0,54.0,199.5,0.29916750184312607,4,1
small-world/scale-free,400,36,170,47.0,82.0,113.0,117.0,69.0,69.0,49.0,199.5,0.29916750184312607,4,1
small-world/scale-free,400,36,171,52.0,256.0,95.0,87.0,216.0,216.0,62.0,199.5,0.29916750184312607,4,1
small-world/scale-free,400,36,172,243.0,233.0,287.0,299.0,232.0,232.0,341.0,199.5,0.29916750184312607,4,1
small-world/scale-free,400,36,173,71.0,108.0,84.0,88.0,93.0,93.0,80.0,199.5,0.29916750184312607,4,1
small-world/scale-free,400,36,174,164.0,120.0,377.0,377.0,110.0,110.0,199.0,199.5,0.29916750184312607,4,1
small-world/scale-free,400,36,175,243.0,287.0,361.0,360.0,292.0,292.0,336.0,199.5,0.29916750184312607,4,1
small-world/scale-free,400,36,176,243.0,214.0,311.0,321.0,220.0,220.0,382.0,199.5,0.29916750184312607,4,1
small-world/scale-free,400,36,177,243.0,223.0,307.0,308.0,242.0,242.0,350.0,199.5,0.29916750184312607,4,1
small-world/scale-free,400,36,178,122.0,156.0,114.0,111.0,159.0,159.0,138.0,199.5,0.29916750184312607,4,1
small-world/scale-free,400,36,179,122.0,273.0,198.0,191.0,273.0,273.0,135.0,199.5,0.29916750184312607,4,1
small-world/scale-free,400,36,180,243.0,210.0,271.0,273.0,228.0,228.0,330.0,199.5,0.29916750184312607,4,1
small-world/scale-free,400,36,181,122.0,267.0,141.0,142.0,261.0,261.0,131.0,199.5,0.29916750184312607,4,1
small-world/scale-free,400,36,182,89.0,233.0,124.0,119.0,222.0,222.0,99.0,199.5,0.29916750184312607,4,1
small-world/scale-free,400,36,183,122.0,20.0,118.0,123.0,28.0,28.0,162.0,199.5,0.29916750184312607,4,1
small-world/scale-free,400,36,184,164.0,312.0,233.0,228.0,319.0,319.0,173.0,199.5,0.29916750184312607,4,1
small-world/scale-free,400,36,185,243.0,343.0,392.0,392.0,341.0,341.0,352.0,199.5,0.29916750184312607,4,1
small-world/scale-free,400,36,186,243.0,244.0,232.0,234.0,243.0,243.0,305.0,199.5,0.29916750184312607,4,1
small-world/scale-free,400,36,187,122.0,72.0,162.0,167.0,73.0,73.0,158.0,199.5,0.29916750184312607,4,1
small-world/scale-free,400,36,188,122.0,194.0,112.0,108.0,196.0,196.0,129.0,199.5,0.29916750184312607,4,1
small-world/scale-free,400,36,189,122.0,223.0,117.0,116.0,209.0,209.0,128.0,199.5,0.29916750184312607,4,1
small-world/scale-free,400,36,190,243.0,185.0,119.0,115.0,189.0,189.0,355.0,199.5,0.29916750184312607,4,1
small-world/scale-free,400,36,191,243.0,302.0,389.0,389.0,297.0,297.0,348.0,199.5,0.29916750184312607,4,1
small-world/scale-free,400,36,192,122.0,317.0,170.0,166.0,318.0,318.0,125.0,199.5,0.29916750184312607,4,1
small-world/scale-free,400,36,193,89.0,174.0,109.0,106.0,165.0,165.0,111.0,199.5,0.29916750184312607,4,1
small-world/scale-free,400,36,194,122.0,305.0,116.0,114.0,288.0,288.0,137.0,199.5,0.29916750184312607,4,1
small-world/scale-free,400,36,195,164.0,220.0,184.0,186.0,217.0,217.0,228.0,199.5,0.29916750184312607,4,1
small-world/scale-free,400,36,196,243.0,249.0,256.0,256.0,246.0,246.0,338.0,199.5,0.29916750184312607,4,1
small-world/scale-free,400,36,197,164.0,289.0,268.0,267.0,294.0,294.0,198.0,199.5,0.29916750184312607,4,1
small-world/scale-free,400,36,198,89.0,285.0,142.0,139.0,265.0,265.0,96.0,199.5,0.29916750184312607,4,1
small-world/scale-free,400,36,199,71.0,242.0,131.0,132.0,234.0,234.0,82.0,199.5,0.29916750184312607,4,1
small-world/scale-free,400,36,200,71.0,217.0,111.0,99.0,214.0,214.0,72.0,199.5,0.29916750184312607,4,1
small-world/scale-free,400,36,201,122.0,115.0,121.0,120.0,104.0,104.0,139.0,199.5,0.29916750184312607,4,1
small-world/scale-free,400,36,202,164.0,348.0,348.0,351.0,346.0,346.0,234.0,199.5,0.29916750184312607,4,1
small-world/scale-free,400,36,203,164.0,236.0,155.0,152.0,235.0,235.0,202.0,199.5,0.29916750184312607,4,1
small-world/scale-free,400,36,204,243.0,273.0,225.0,219.0,282.0,282.0,332.0,199.5,0.29916750184312607,4,1
small-world/scale-free,400,36,205,243.0,338.0,315.0,306.0,342.0,342.0,274.0,199.5,0.29916750184312607,4,1
small-world/scale-free,400,36,206,164.0,273.0,148.0,150.0,256.0,256.0,209.0,199.5,0.29916750184312607,4,1
small-world/scale-free,400,36,207,164.0,183.0,161.0,159.0,190.0,190.0,186.0,199.5,0.29916750184312607,4,1
small-world/scale-free,400,36,208,164.0,185.0,135.0,133.0,193.0,193.0,218.0,199.5,0.29916750184312607,4,1
small-world/scale-free,400,36,209,122.0,73.0,222.0,218.0,74.0,74.0,151.0,199.5,0.29916750184312607,4,1
small-world/scale-free,400,36,210,89.0,283.0,167.0,160.0,278.0,278.0,94.0,199.5,0.29916750184312607,4,1
small-world/scale-free,400,36,211,243.0,171.0,338.0,343.0,181.0,181.0,371.0,199.5,0.29916750184312607,4,1
small-world/scale-free,400,36,212,243.0,293.0,367.0,367.0,291.0,291.0,318.0,199.5,0.29916750184312607,4,1
small-world/scale-free,400,36,213,89.0,85.0,46.0,46.0,81.0,81.0,98.0,199.5,0.29916750184312607,4,1
small-world/scale-free,400,36,214,243.0,279.0,306.0,318.0,285.0,285.0,326.0,199.5,0.29916750184312607,4,1
small-world/scale-free,400,36,215,243.0,350.0,343.0,335.0,353.0,353.0,275.0,199.5,0.29916750184312607,4,1
small-world/scale-free,400,36,216,243.0,347.0,252.0,252.0,352.0,352.0,293.0,199.5,0.29916750184312607,4,1
small-world/scale-free,400,36,217,89.0,161.0,92.0,92.0,158.0,158.0,102.0,199.5,0.29916750184312607,4,1
small-world/scale-free,400,36,218,164.0,322.0,160.0,163.0,322.0,322.0,177.0,199.5,0.29916750184312607,4,1
small-world/scale-free,400,36,219,243.0,302.0,250.0,246.0,311.0,311.0,323.0,199.5,0.29916750184312607,4,1
small-world/scale-free,400,36,220,164.0,336.0,374.0,374.0,321.0,321.0,211.0,199.5,0.29916750184312607,4,1
small-world/scale-free,400,36,221,243.0,380.0,326.0,328.0,382.0,382.0,262.0,199.5,0.29916750184312607,4,1
small-world/scale-free,400,36,222,243.0,375.0,310.0,316.0,374.0,374.0,299.0,199.5,0.29916750184312607,4,1
small-world/scale-free,400,36,223,164.0,385.0,236.0,232.0,381.0,381.0,194.0,199.5,0.29916750184312607,4,1
small-world/scale-free,400,36,224,164.0,154.0,193.0,195.0,166.0,166.0,193.0,199.5,0.29916750184312607,4,1
small-world/scale-free,400,36,225,243.0,203.0,227.0,222.0,210.0,210.0,349.0,199.5,0.29916750184312607,4,1
small-world/scale-free,400,36,226,89.0,249.0,89.0,95.0,236.0,236.0,90.0,199.5,0.29916750184312607,4,1
small-world/scale-free,400,36,227,164.0,197.0,244.0,237.0,201.0,201.0,190.0,199.5,0.29916750184312607,4,1
small-world/scale-free,400,36,228,89.0,281.0,103.0,101.0,259.0,259.0,91.0,199.5,0.29916750184312607,4,1
small-world/scale-free,400,36,229,122.0,247.0,137.0,141.0,239.0,239.0,146.0,199.5,0.29916750184312607,4,1
small-world/scale-free,400,36,230,243.0,359.0,239.0,235.0,359.0,359.0,296.0,199.5,0.29916750184312607,4,1
small-world/scale-free,400,36,231,243.0,229.0,264.0,261.0,248.0,248.0,314.0,199.5,0.29916750184312607,4,1
small-world/scale-free,400,36,232,243.0,181.0,309.0,336.0,174.0,174.0,390.0,199.5,0.29916750184312607,4,1
small-world/scale-free,400,36,233,89.0,89.0,85.0,90.0,89.0,89.0,97.0,199.5,0.29916750184312607,4,1
small-world/scale-free,400,36,234,243.0,378.0,257.0,251.0,376.0,376.0,255.0,199.5,0.29916750184312607,4,1
small-world/scale-free,400,36,235,164.0,390.0,318.0,314.0,390.0,390.0,168.0,199.5,0.29916750184312607,4,1
small-world/scale-free,400,36,236,164.0,192.0,153.0,156.0,200.0,200.0,222.0,199.5,0.29916750184312607,4,1
small-world/scale-free,400,36,237,243.0,379.0,364.0,359.0,380.0,380.0,280.0,199.5,0.29916750184312607,4,1
small-world/scale-free,400,36,238,122.0,300.0,181.0,172.0,303.0,303.0,123.0,199.5,0.29916750184312607,4,1
small-world/scale-free,400,36,239,243.0,289.0,215.0,212.0,290.0,290.0,272.0,199.5,0.29916750184312607,4,1
small-world/scale-free,400,36,240,243.0,355.0,333.0,329.0,358.0,358.0,319.0,199.5,0.29916750184312607,4,1
small-world/scale-free,400,36,241,122.0,111.0,53.0,54.0,118.0,118.0,136.0,199.5,0.29916750184312607,4,1
small-world/scale-free,400,36,242,243.0,346.0,276.0,279.0,347.0,347.0,310.0,199.5,0.29916750184312607,4,1
small-world/scale-free,400,36,243,243.0,105.0,369.0,368.0,106.0,106.0,376.0,199.5,0.29916750184312607,4,1
small-world/scale-free,400,36,244,243.0,172.0,207.0,208.0,185.0,185.0,387.0,199.5,0.29916750184312607,4,1
small-world/scale-free,400,36,245,122.0,146.0,129.0,129.0,150.0,150.0,133.0,199.5,0.29916750184312607,4,1
small-world/scale-free,400,36,246,164.0,83.0,188.0,184.0,88.0,88.0,216.0,199.5,0.29916750184312607,4,1
small-world/scale-free,400,36,247,164.0,297.0,231.0,227.0,299.0,299.0,178.0,199.5,0.29916750184312607,4,1
small-world/scale-free,400,36,248,243.0,322.0,325.0,326.0,337.0,337.0,281.0,199.5,0.29916750184312607,4,1
small-world/scale-free,400,36,249,243.0,45.0,156.0,169.0,59.0,59.0,391.0,199.5,0.29916750184312607,4,1
small-world/scale-free,400,36,250,164.0,369.0,304.0,297.0,369.0,369.0,175.0,199.5,0.29916750184312607,4,1
small-world/scale-free,400,36,251,164.0,310.0,334.0,323.0,300.0,300.0,184.0,199.5,0.29916750184312607,4,1
small-world/scale-free,400,36,252,52.0,225.0,50.0,47.0,206.0,206.0,53.0,199.5,0.29916750184312607,4,1
small-world/scale-free,400,36,253,122.0,353.0,251.0,247.0,354.0,354.0,122.0,199.5,0.29916750184312607,4,1
small-world/scale-free,400,36,254,164.0,185.0,147.0,143.0,187.0,187.0,207.0,199.5,0.29916750184312607,4,1
small-world/scale-free,400,36,255,243.0,384.0,302.0,298.0,387.0,387.0,244.0,199.5,0.29916750184312607,4,1
small-world/scale-free,400,36,256,164.0,78.0,228.0,226.0,78.0,78.0,215.0,199.5,0.29916750184312607,4,1
small-world/scale-free,400,36,257,164.0,386.0,279.0,283.0,384.0,384.0,172.0,199.5,0.29916750184312607,4,1
small-world/scale-free,400,36,258,122.0,60.0,206.0,205.0,60.0,60.0,153.0,199.5,0.29916750184312607,4,1
small-world/scale-free,400,36,259,122.0,306.0,219.0,213.0,306.0,306.0,124.0,199.5,0.29916750184312607,4,1
small-world/scale-free,400,36,260,243.0,261.0,246.0,253.0,268.0,268.0,343.0,199.5,0.29916750184312607,4,1
small-world/scale-free,400,36,261,164.0,231.0,177.0,180.0,250.0,250.0,196.0,199.5,0.29916750184312607,4,1
small-world/scale-free,400,36,262,243.0,206.0,132.0,131.0,205.0,205.0,340.0,199.5,0.29916750184312607,4,1
small-world/scale-free,400,36,263,164.0,93.0,280.0,288.0,97.0,97.0,226.0,199.5,0.29916750184312607,4,1
small-world/scale-free,400,36,264,52.0,121.0,54.0,56.0,110.0,110.0,55.0,199.5,0.29916750184312607,4,1
small-world/scale-free,400,36,265,164.0,268.0,243.0,243.0,275.0,275.0,208.0,199.5,0.29916750184312607,4,1
small-world/scale-free,400,36,266,243.0,182.0,197.0,198.0,180.0,180.0,366.0,199.5,0.29916750184312607,4,1
small-world/scale-free,400,36,267,243.0,288.0,320.0,315.0,304.0,304.0,276.0,199.5,0.29916750184312607,4,1
small-world/scale-free,400,36,268,243.0,216.0,358.0,361.0,207.0,207.0,385.0,199.5,0.29916750184312607,4,1
small-world/scale-free,400,36,269,243.0,206.0,262.0,268.0,213.0,213.0,381.0,199.5,0.29916750184312607,4,1
small-world/scale-free,400,36,270,243.0,124.0,385.0,385.0,123.0,123.0,329.0,199.5,0.29916750184312607,4,1
small-world/scale-free,400,36,271,243.0,257.0,375.0,376.0,264.0,264.0,380.0,199.5,0.29916750184312607,4,1
small-world/scale-free,400,36,272,122.0,64.0,163.0,161.0,67.0,67.0,142.0,199.5,0.29916750184312607,4,1
small-world/scale-free,400,36,273,164.0,313.0,175.0,173.0,305.0,305.0,182.0,199.5,0.29916750184312607,4,1
small-world/scale-free,400,36,274,164.0,93.0,108.0,112.0,100.0,100.0,185.0,199.5,0.29916750184312607,4,1
small-world/scale-free,400,36,275,243.0,213.0,274.0,270.0,227.0,227.0,369.0,199.5,0.29916750184312607,4,1
small-world/scale-free,400,36,276,243.0,96.0,392.0,392.0,95.0,95.0,384.0,199.5,0.29916750184312607,4,1
small-world/scale-free,400,36,277,243.0,231.0,357.0,356.0,247.0,247.0,351.0,199.5,0.29916750184312607,4,1
small-world/scale-free,400,36,278,243.0,202.0,201.0,200.0,211.0,211.0,321.0,199.5,0.29916750184312607,4,1
small-world/scale-free,400,36,279,164.0,217.0,230.0,230.0,226.0,226.0,206.0,199.5,0.29916750184312607,4,1
small-world/scale-free,400,36,280,164.0,362.0,158.0,153.0,362.0,362.0,170.0,199.5,0.29916750184312607,4,1
small-world/scale-free,400,36,281,89.0,174.0,74.0,72.0,167.0,167.0,105.0,199.5,0.29916750184312607,4,1
small-world/scale-free,400,36,282,164.0,302.0,182.0,176.0,302.0,302.0,180.0,199.5,0.29916750184312607,4,1
small-world/scale-free,400,36,283,243.0,74.0,214.0,231.0,80.0,80.0,356.0,199.5,0.29916750184312607,4,1
small-world/scale-free,400,36,284,243.0,257.0,366.0,362.0,267.0,267.0,357.0,199.5,0.29916750184312607,4,1
small-world/scale-free,400,36,285,164.0,211.0,146.0,148.0,212.0,212.0,200.0,199.5,0.29916750184312607,4,1
small-world/scale-free,400,36,286,122.0,229.0,159.0,158.0,224.0,224.0,132.0,199.5,0.29916750184312607,4,1
small-world/scale-free,400,36,287,71.0,349.0,149.0,145.0,340.0,340.0,71.0,199.5,0.29916750184312607,4,1
small-world/scale-free,400,36,288,243.0,394.0,267.0,260.0,393.0,393.0,256.0,199.5,0.29916750184312607,4,1
small-world/scale-free,400,36,289,243.0,104.0,386.0,386.0,107.0,107.0,342.0,199.5,0.29916750184312607,4,1
small-world/scale-free,400,36,290,243.0,81.0,216.0,225.0,85.0,85.0,379.0,199.5,0.29916750184312607,4,1
small-world/scale-free,400,36,291,243.0,355.0,288.0,280.0,355.0,355.0,285.0,199.5,0.29916750184312607,4,1
small-world/scale-free,400,36,292,164.0,76.0,202.0,203.0,79.0,79.0,224.0,199.5,0.29916750184312607,4,1
small-world/scale-free,400,36,293,164.0,122.0,152.0,157.0,132.0,132.0,225.0,199.5,0.29916750184312607,4,1
small-world/scale-free,400,36,294,243.0,174.0,392.0,392.0,188.0,188.0,367.0,199.5,0.29916750184312607,4,1
small-world/scale-free,400,36,295,243.0,293.0,269.0,263.0,301.0,301.0,317.0,199.5,0.29916750184312607,4,1
small-world/scale-free,400,36,296,164.0,206.0,245.0,258.0,202.0,202.0,229.0,199.5,0.29916750184312607,4,1
small-world/scale-free,400,36,297,243.0,335.0,290.0,289.0,339.0,339.0,298.0,199.5,0.29916750184312607,4,1
small-world/scale-free,400,36,298,243.0,227.0,187.0,193.0,229.0,229.0,335.0,199.5,0.29916750184312607,4,1
small-world/scale-free,400,36,299,243.0,124.0,292.0,301.0,121.0,121.0,320.0,199.5,0.29916750184312607,4,1
small-world/scale-free,400,36,300,243.0,101.0,392.0,392.0,118.0,118.0,398.0,199.5,0.29916750184312607,4,1
small-world/scale-free,400,36,301,243.0,365.0,376.0,375.0,371.0,371.0,283.0,199.5,0.29916750184312607,4,1
small-world/scale-free,400,36,302,164.0,366.0,220.0,216.0,368.0,368.0,166.0,199.5,0.29916750184312607,4,1
small-world/scale-free,400,36,303,243.0,184.0,347.0,350.0,186.0,186.0,388.0,199.5,0.29916750184312607,4,1
small-world/scale-free,400,36,304,243.0,124.0,321.0,340.0,135.0,135.0,389.0,199.5,0.29916750184312607,4,1
small-world/scale-free,400,36,305,89.0,360.0,145.0,144.0,349.0,349.0,89.0,199.5,0.29916750184312607,4,1
small-world/scale-free,400,36,306,243.0,59.0,284.0,310.0,61.0,61.0,377.0,199.5,0.29916750184312607,4,1
small-world/scale-free,400,36,307,243.0,268.0,378.0,379.0,269.0,269.0,292.0,199.5,0.29916750184312607,4,1
small-world/scale-free,400,36,308,243.0,173.0,195.0,202.0,179.0,179.0,374.0,199.5,0.29916750184312607,4,1
small-world/scale-free,400,36,309,243.0,344.0,382.0,381.0,348.0,348.0,266.0,199.5,0.29916750184312607,4,1
small-world/scale-free,400,36,310,243.0,123.0,392.0,392.0,117.0,117.0,364.0,199.5,0.29916750184312607,4,1
small-world/scale-free,400,36,311,243.0,362.0,337.0,339.0,364.0,364.0,258.0,199.5,0.29916750184312607,4,1
small-world/scale-free,400,36,312,243.0,317.0,249.0,242.0,326.0,326.0,303.0,199.5,0.29916750184312607,4,1
small-world/scale-free,400,36,313,164.0,399.0,289.0,281.0,399.0,399.0,164.0,199.5,0.29916750184312607,4,1
small-world/scale-free,400,36,314,164.0,328.0,294.0,292.0,332.0,332.0,189.0,199.5,0.29916750184312607,4,1
small-world/scale-free,400,36,315,243.0,249.0,319.0,309.0,263.0,263.0,315.0,199.5,0.29916750184312607,4,1
small-world/scale-free,400,36,316,243.0,328.0,295.0,294.0,338.0,338.0,277.0,199.5,0.29916750184312607,4,1
small-world/scale-free,400,36,317,243.0,358.0,370.0,370.0,356.0,356.0,301.0,199.5,0.29916750184312607,4,1
small-world/scale-free,400,36,318,243.0,222.0,317.0,313.0,233.0,233.0,365.0,199.5,0.29916750184312607,4,1
small-world/scale-free,400,36,319,243.0,320.0,341.0,341.0,320.0,320.0,362.0,199.5,0.29916750184312607,4,1
small-world/scale-free,400,36,320,243.0,395.0,350.0,354.0,396.0,396.0,257.0,199.5,0.29916750184312607,4,1
small-world/scale-free,400,36,321,164.0,368.0,285.0,274.0,367.0,367.0,174.0,199.5,0.29916750184312607,4,1
small-world/scale-free,400,36,322,122.0,319.0,308.0,303.0,310.0,310.0,141.0,199.5,0.29916750184312607,4,1
small-world/scale-free,400,36,323,243.0,129.0,391.0,391.0,129.0,129.0,294.0,199.5,0.29916750184312607,4,1
small-world/scale-free,400,36,324,243.0,214.0,213.0,215.0,223.0,223.0,358.0,199.5,0.29916750184312607,4,1
small-world/scale-free,400,36,325,243.0,300.0,272.0,287.0,308.0,308.0,308.0,199.5,0.29916750184312607,4,1
small-world/scale-free,400,36,326,243.0,162.0,345.0,344.0,176.0,176.0,316.0,199.5,0.29916750184312607,4,1
small-world/scale-free,400,36,327,243.0,219.0,247.0,238.0,225.0,225.0,334.0,199.5,0.29916750184312607,4,1
small-world/scale-free,400,36,328,164.0,196.0,190.0,187.0,192.0,192.0,223.0,199.5,0.29916750184312607,4,1
small-world/scale-free,400,36,329,243.0,377.0,360.0,357.0,378.0,378.0,251.0,199.5,0.29916750184312607,4,1
small-world/scale-free,400,36,330,243.0,352.0,253.0,248.0,360.0,360.0,259.0,199.5,0.29916750184312607,4,1
small-world/scale-free,400,36,331,243.0,381.0,330.0,320.0,383.0,383.0,245.0,199.5,0.29916750184312607,4,1
small-world/scale-free,400,36,332,243.0,342.0,235.0,245.0,344.0,344.0,288.0,199.5,0.29916750184312607,4,1
small-world/scale-free,400,36,333,164.0,313.0,316.0,312.0,296.0,296.0,213.0,199.5,0.29916750184312607,4,1
small-world/scale-free,400,36,334,243.0,367.0,368.0,369.0,372.0,372.0,286.0,199.5,0.29916750184312607,4,1
small-world/scale-free,400,36,335,243.0,382.0,313.0,307.0,379.0,379.0,270.0,199.5,0.29916750184312607,4,1
small-world/scale-free,400,36,336,243.0,263.0,157.0,154.0,254.0,254.0,333.0,199.5,0.29916750184312607,4,1
small-world/scale-free,400,36,337,164.0,345.0,258.0,262.0,336.0,336.0,171.0,199.5,0.29916750184312607,4,1
small-world/scale-free,400,36,338,164.0,315.0,205.0,199.0,315.0,315.0,191.0,199.5,0.29916750184312607,4,1
small-world/scale-free,400,36,339,164.0,297.0,241.0,240.0,286.0,286.0,210.0,199.5,0.29916750184312607,4,1
small-world/scale-free,400,36,340,243.0,150.0,278.0,296.0,163.0,163.0,397.0,199.5,0.29916750184312607,4,1
small-world/scale-free,400,36,341,243.0,373.0,189.0,177.0,370.0,370.0,250.0,199.5,0.29916750184312607,4,1
small-world/scale-free,400,36,342,243.0,279.0,273.0,282.0,276.0,276.0,282.0,199.5,0.29916750184312607,4,1
small-world/scale-free,400,36,343,164.0,96.0,154.0,155.0,101.0,101.0,197.0,199.5,0.29916750184312607,4,1
small-world/scale-free,400,36,344,243.0,389.0,392.0,392.0,389.0,389.0,287.0,199.5,0.29916750184312607,4,1
small-world/scale-free,400,36,345,243.0,400.0,324.0,319.0,400.0,400.0,260.0,199.5,0.29916750184312607,4,1
small-world/scale-free,400,36,346,122.0,98.0,57.0,60.0,96.0,96.0,126.0,199.5,0.29916750184312607,4,1
small-world/scale-free,400,36,347,164.0,167.0,174.0,165.0,172.0,172.0,204.0,199.5,0.29916750184312607,4,1
small-world/scale-free,400,36,348,243.0,383.0,356.0,352.0,386.0,386.0,261.0,199.5,0.29916750184312607,4,1
small-world/scale-free,400,36,349,243.0,289.0,283.0,285.0,280.0,280.0,354.0,199.5,0.29916750184312607,4,1
small-world/scale-free,400,36,350,243.0,388.0,328.0,325.0,388.0,388.0,243.0,199.5,0.29916750184312607,4,1
small-world/scale-free,400,36,351,164.0,386.0,299.0,295.0,385.0,385.0,165.0,199.5,0.29916750184312607,4,1
small-world/scale-free,400,36,352,243.0,307.0,335.0,327.0,317.0,317.0,312.0,199.5,0.29916750184312607,4,1
small-world/scale-free,400,36,353,164.0,89.0,242.0,244.0,87.0,87.0,233.0,199.5,0.29916750184312607,4,1
small-world/scale-free,400,36,354,243.0,114.0,381.0,378.0,112.0,112.0,344.0,199.5,0.29916750184312607,4,1
small-world/scale-free,400,36,355,243.0,333.0,354.0,347.0,324.0,324.0,307.0,199.5,0.29916750184312607,4,1
small-world/scale-free,400,36,356,243.0,396.0,390.0,390.0,397.0,397.0,254.0,199.5,0.29916750184312607,4,1
small-world/scale-free,400,36,357,243.0,325.0,261.0,254.0,313.0,313.0,290.0,199.5,0.29916750184312607,4,1
small-world/scale-free,400,36,358,243.0,270.0,270.0,264.0,271.0,271.0,324.0,199.5,0.29916750184312607,4,1
small-world/scale-free,400,36,359,164.0,307.0,260.0,272.0,316.0,316.0,187.0,199.5,0.29916750184312607,4,1
small-world/scale-free,400,36,360,243.0,309.0,180.0,181.0,314.0,314.0,263.0,199.5,0.29916750184312607,4,1
small-world/scale-free,400,36,361,243.0,393.0,383.0,384.0,394.0,394.0,249.0,199.5,0.29916750184312607,4,1
small-world/scale-free,400,36,362,164.0,322.0,275.0,255.0,334.0,334.0,167.0,199.5,0.29916750184312607,4,1
small-world/scale-free,400,36,363,164.0,254.0,166.0,175.0,260.0,260.0,181.0,199.5,0.29916750184312607,4,1
small-world/scale-free,400,36,364,243.0,124.0,392.0,392.0,123.0,123.0,359.0,199.5,0.29916750184312607,4,1
small-world/scale-free,400,36,365,164.0,277.0,266.0,266.0,272.0,272.0,195.0,199.5,0.29916750184312607,4,1
small-world/scale-free,400,36,366,243.0,263.0,234.0,233.0,277.0,277.0,295.0,199.5,0.29916750184312607,4,1
small-world/scale-free,400,36,367,243.0,396.0,339.0,337.0,395.0,395.0,253.0,199.5,0.29916750184312607,4,1
small-world/scale-free,400,36,368,243.0,189.0,336.0,334.0,194.0,194.0,375.0,199.5,0.29916750184312607,4,1
small-world/scale-free,400,36,369,243.0,376.0,342.0,330.0,377.0,377.0,247.0,199.5,0.29916750184312607,4,1
small-world/scale-free,400,36,370,243.0,334.0,293.0,286.0,345.0,345.0,297.0,199.5,0.29916750184312607,4,1
small-world/scale-free,400,36,371,243.0,398.0,277.0,276.0,398.0,398.0,246.0,199.5,0.29916750184312607,4,1
small-world/scale-free,400,36,372,243.0,374.0,392.0,392.0,365.0,365.0,300.0,199.5,0.29916750184312607,4,1
small-world/scale-free,400,36,373,243.0,124.0,387.0,387.0,121.0,121.0,346.0,199.5,0.29916750184312607,4,1
small-world/scale-free,400,36,374,243.0,92.0,173.0,196.0,98.0,98.0,378.0,199.5,0.29916750184312607,4,1
small-world/scale-free,400,36,375,243.0,299.0,254.0,250.0,295.0,295.0,279.0,199.5,0.29916750184312607,4,1
small-world/scale-free,400,36,376,243.0,249.0,143.0,136.0,244.0,244.0,268.0,199.5,0.29916750184312607,4,1
small-world/scale-free,400,36,377,243.0,286.0,212.0,221.0,287.0,287.0,278.0,199.5,0.29916750184312607,4,1
small-world/scale-free,400,36,378,243.0,315.0,300.0,300.0,330.0,330.0,265.0,199.5,0.29916750184312607,4,1
small-world/scale-free,400,36,379,243.0,355.0,303.0,305.0,357.0,357.0,325.0,199.5,0.29916750184312607,4,1
small-world/scale-free,400,36,380,243.0,295.0,248.0,249.0,293.0,293.0,273.0,199.5,0.29916750184312607,4,1
small-world/scale-free,400,36,381,243.0,330.0,301.0,302.0,323.0,323.0,309.0,199.5,0.29916750184312607,4,1
small-world/scale-free,400,36,382,243.0,270.0,346.0,342.0,284.0,284.0,361.0,199.5,0.29916750184312607,4,1
small-world/scale-free,400,36,383,243.0,340.0,221.0,220.0,331.0,331.0,271.0,199.5,0.29916750184312607,4,1
small-world/scale-free,400,36,384,243.0,270.0,362.0,365.0,283.0,283.0,311.0,199.5,0.29916750184312607,4,1
small-world/scale-free,400,36,385,164.0,195.0,331.0,324.0,203.0,203.0,192.0,199.5,0.29916750184312607,4,1
small-world/scale-free,400,36,386,243.0,371.0,297.0,290.0,373.0,373.0,248.0,199.5,0.29916750184312607,4,1
small-world/scale-free,400,36,387,243.0,295.0,281.0,278.0,298.0,298.0,289.0,199.5,0.29916750184312607,4,1
small-world/scale-free,400,36,388,243.0,391.0,392.0,392.0,392.0,392.0,284.0,199.5,0.29916750184312607,4,1
small-world/scale-free,400,36,389,243.0,211.0,379.0,380.0,219.0,219.0,368.0,199.5,0.29916750184312607,4,1
small-world/scale-free,400,36,390,243.0,93.0,165.0,171.0,102.0,102.0,328.0,199.5,0.29916750184312607,4,1
small-world/scale-free,400,36,391,243.0,281.0,312.0,331.0,281.0,281.0,337.0,199.5,0.29916750184312607,4,1
small-world/scale-free,400,36,392,243.0,240.0,380.0,382.0,245.0,245.0,345.0,199.5,0.29916750184312607,4,1
small-world/scale-free,400,36,393,243.0,339.0,373.0,371.0,343.0,343.0,322.0,199.5,0.29916750184312607,4,1
small-world/scale-free,400,36,394,243.0,340.0,327.0,317.0,350.0,350.0,269.0,199.5,0.29916750184312607,4,1
small-world/scale-free,400,36,395,243.0,108.0,151.0,151.0,108.0,108.0,302.0,199.5,0.29916750184312607,4,1
small-world/scale-free,400,36,396,243.0,242.0,169.0,168.0,257.0,257.0,267.0,199.5,0.29916750184312607,4,1
small-world/scale-free,400,36,397,243.0,353.0,329.0,332.0,361.0,361.0,264.0,199.5,0.29916750184312607,4,1
small-world/scale-free,400,36,398,243.0,259.0,179.0,178.0,253.0,253.0,291.0,199.5,0.29916750184312607,4,1
small-world/scale-free,400,36,399,243.0,330.0,226.0,224.0,327.0,327.0,304.0,199.5,0.29916750184312607,4,1
