small-world/scale-free,400,43,0,3.0,8.0,3.0,3.0,5.0,5.0,3.0,199.5,0.31574426127167937,4,1
small-world/scale-free,400,43,1,1.0,1.0,1.0,1.0,1.0,1.0,1.0,199.5,0.31574426127167937,4,1
small-world/scale-free,400,43,2,5.0,6.0,6.0,6.0,7.0,7.0,5.0,199.5,0.31574426127167937,4,1
small-world/scale-free,400,43,3,6.0,3.0,5.0,5.0,3.0,3.0,7.0,199.5,0.31574426127167937,4,1
small-world/scale-free,400,43,4,6.0,5.0,7.0,7.0,6.0,6.0,6.0,199.5,0.31574426127167937,4,1
small-world/scale-free,400,43,5,22.0,10.0,20.0,22.0,10.0,10.0,23.0,199.5,0.31574426127167937,4,1
small-world/scale-free,400,43,6,18.0,8.0,15.0,15.0,9.0,9.0,18.0,199.5,0.31574426127167937,4,1
small-world/scale-free,400,43,7,64.0,15.0,34.0,37.0,20.0,20.0,75.0,199.5,0.31574426127167937,4,1
small-world/scale-free,400,43,8,2.0,2.0,2.0,2.0,2.0,2.0,2.0,199.5,0.31574426127167937,4,1
small-world/scale-free,400,43,9,8.0,7.0,8.0,8.0,8.0,8.0,8.0,199.5,0.31574426127167937,4,1
small-world/scale-free,400,43,10,4.0,4.0,4.0,4.0,4.0,4.0,4.0,199.5,0.31574426127167937,4,1
small-world/scale-free,400,43,11,19.0,23.0,22.0,21.0,23.0,23.0,21.0,199.5,0.31574426127167937,4,1
small-world/scale-free,400,43,12,24.0,24.0,23.0,23.0,24.0,24.0,25.0,199.5,0.31574426127167937,4,1
small-world/scale-free,400,43,13,55.0,98.0,56.0,56.0,81.0,81.0,63.0,199.5,0.31574426127167937,4,1
small-world/scale-free,400,43,14,15.0,14.0,19.0,19.0,13.0,13.0,15.0,199.5,0.31574426127167937,4,1
small-world/scale-free,400,43,15,64.0,77.0,44.0,44.0,71.0,71.0,78.0,199.5,0.31574426127167937,4,1
small-world/scale-free,400,43,16,44.0,25.0,54.0,54.0,26.0,26.0,49.0,199.5,0.31574426127167937,4,1
small-world/scale-free,400,43,17,10.0,16.0,9.0,9.0,15.0,15.0,10.0,199.5,0.31574426127167937,4,1
small-world/scale-free,400,43,18,10.0,11.0,10.0,10.0,11.0,11.0,11.0,199.5,0.31574426127167937,4,1
small-world/scale-free,400,43,19,10.0,18.0,13.0,13.0,16.0,16.0,12.0,199.5,0.31574426127167937,4,1
small-world/scale-free,400,43,20,13.0,19.0,12.0,12.0,18.0,18.0,14.0,199.5,0.31574426127167937,4,1
small-world/scale-free,400,43,21,13.0,13.0,14.0,14.0,12.0,12.0,13.0,199.5,0.31574426127167937,4,1
small-world/scale-free,400,43,22,31.0,46.0,37.0,36.0,31.0,31.0,37.0,199.5,0.31574426127167937,4,1
small-world/scale-free,400,43,23,26.0,44.0,30.0,30.0,32.0,32.0,28.0,199.5,0.31574426127167937,4,1
small-world/scale-free,400,43,24,31.0,53.0,47.0,46.0,44.0,44.0,38.0,199.5,0.31574426127167937,4,1
small-world/scale-free,400,43,25,155.0,167.0,254.0,246.0,174.0,174.0,217.0,199.5,0.31574426127167937,4,1
small-world/scale-free,400,43,26,39.0,27.0,41.0,42.0,27.0,27.0,43.0,199.5,0.31574426127167937,4,1
small-world/scale-free,400,43,27,44.0,54.0,49.0,50.0,52.0,52.0,54.0,199.5,0.31574426127167937,4,1
small-world/scale-free,400,43,28,80.0,224.0,92.0,92.0,225.0,225.0,99.0,199.5,0.31574426127167937,4,1
small-world/scale-free,400,43,29,55.0,79.0,55.0,55.0,83.0,83.0,58.0,199.5,0.31574426127167937,4,1
small-world/scale-free,400,43,30,80.0,113.0,81.0,83.0,109.0,109.0,109.0,199.5,0.31574426127167937,4,1
small-world/scale-free,400,43,31,116.0,49.0,118.0,127.0,55.0,55.0,150.0,199.5,0.31574426127167937,4,1
small-world/scale-free,400,43,32,44.0,79.0,58.0,58.0,69.0,69.0,53.0,199.5,0.31574426127167937,4,1
small-world/scale-free,400,43,33,26.0,68.0,39.0,38.0,58.0,58.0,30.0,199.5,0.31574426127167937,4,1
small-world/scale-free,400,43,34,44.0,108.0,76.0,73.0,87.0,87.0,52.0,199.5,0.31574426127167937,4,1
small-world/scale-free,400,43,35,16.0,26.0,16.0,16.0,25.0,25.0,16.0,199.5,0.31574426127167937,4,1
small-world/scale-free,400,43,36,116.0,90.0,101.0,107.0,99.0,99.0,153.0,199.5,0.31574426127167937,4,1
small-world/scale-free,400,43,37,31.0,139.0,40.0,41.0,122.0,122.0,34.0,199.5,0.31574426127167937,4,1
small-world/scale-free,400,43,38,155.0,84.0,133.0,140.0,89.0,89.0,211.0,199.5,0.31574426127167937,4,1
small-world/scale-free,400,43,39,80.0,71.0,106.0,110.0,74.0,74.0,115.0,199.5,0.31574426127167937,4,1
small-world/scale-free,400,43,40,31.0,56.0,38.0,39.0,40.0,40.0,36.0,199.5,0.31574426127167937,4,1
small-world/scale-free,400,43,41,155.0,294.0,173.0,173.0,286.0,286.0,222.0,199.5,0.31574426127167937,4,1
small-world/scale-free,400,43,42,26.0,121.0,52.0,52.0,79.0,79.0,29.0,199.5,0.31574426127167937,4,1
small-world/scale-free,400,43,43,19.0,12.0,18.0,18.0,14.0,14.0,20.0,199.5,0.31574426127167937,4,1
small-world/scale-free,400,43,44,64.0,151.0,161.0,163.0,140.0,140.0,77.0,199.5,0.31574426127167937,4,1
small-world/scale-free,400,43,45,19.0,20.0,21.0,20.0,21.0,21.0,19.0,199.5,0.31574426127167937,4,1
small-world/scale-free,400,43,46,80.0,33.0,172.0,172.0,33.0,33.0,114.0,199.5,0.31574426127167937,4,1
small-world/scale-free,400,43,47,64.0,235.0,80.0,79.0,219.0,219.0,68.0,199.5,0.31574426127167937,4,1
small-world/scale-free,400,43,48,9.0,21.0,11.0,11.0,17.0,17.0,9.0,199.5,0.31574426127167937,4,1
small-world/scale-free,400,43,49,16.0,21.0,17.0,17.0,19.0,19.0,17.0,199.5,0.31574426127167937,4,1
small-world/scale-free,400,43,50,155.0,101.0,181.0,189.0,113.0,113.0,232.0,199.5,0.31574426127167937,4,1
small-world/scale-free,400,43,51,26.0,169.0,26.0,26.0,112.0,112.0,27.0,199.5,0.31574426127167937,4,1
small-world/scale-free,400,43,52,116.0,47.0,100.0,99.0,51.0,51.0,143.0,199.5,0.31574426127167937,4,1
small-world/scale-free,400,43,53,26.0,63.0,25.0,25.0,49.0,49.0,26.0,199.5,0.31574426127167937,4,1
small-world/scale-free,400,43,54,44.0,116.0,63.0,62.0,102.0,102.0,50.0,199.5,0.31574426127167937,4,1
small-world/scale-free,400,43,55,116.0,125.0,146.0,152.0,124.0,124.0,152.0,199.5,0.31574426127167937,4,1
small-world/scale-free,400,43,56,80.0,163.0,142.0,136.0,150.0,150.0,112.0,199.5,0.31574426127167937,4,1
small-world/scale-free,400,43,57,116.0,239.0,226.0,222.0,231.0,231.0,142.0,199.5,0.31574426127167937,4,1
small-world/scale-free,400,43,58,31.0,194.0,50.0,48.0,168.0,168.0,35.0,199.5,0.31574426127167937,4,1
small-world/scale-free,400,43,59,44.0,29.0,24.0,24.0,28.0,28.0,51.0,199.5,0.31574426127167937,4,1
small-world/scale-free,400,43,60,80.0,56.0,82.0,82.0,57.0,57.0,113.0,199.5,0.31574426127167937,4,1
small-world/scale-free,400,43,61,80.0,148.0,144.0,141.0,139.0,139.0,110.0,199.5,0.31574426127167937,4,1
small-world/scale-free,400,43,62,44.0,76.0,57.0,57.0,68.0,68.0,48.0,199.5,0.31574426127167937,4,1
small-world/scale-free,400,43,63,116.0,289.0,187.0,184.0,287.0,287.0,151.0,199.5,0.31574426127167937,4,1
small-world/scale-free,400,43,64,55.0,101.0,53.0,53.0,84.0,84.0,61.0,199.5,0.31574426127167937,4,1
small-world/scale-free,400,43,65,55.0,44.0,32.0,32.0,41.0,41.0,57.0,199.5,0.31574426127167937,4,1
small-world/scale-free,400,43,66,22.0,86.0,29.0,27.0,64.0,64.0,22.0,199.5,0.31574426127167937,4,1
small-world/scale-free,400,43,67,80.0,92.0,75.0,75.0,91.0,91.0,111.0,199.5,0.31574426127167937,4,1
small-world/scale-free,400,43,68,64.0,156.0,60.0,60.0,146.0,146.0,74.0,199.5,0.31574426127167937,4,1
small-world/scale-free,400,43,69,155.0,194.0,189.0,199.0,195.0,195.0,210.0,199.5,0.31574426127167937,4,1
small-world/scale-free,400,43,70,64.0,63.0,61.0,61.0,61.0,61.0,71.0,199.5,0.31574426127167937,4,1
small-world/scale-free,400,43,71,80.0,301.0,112.0,112.0,284.0,284.0,94.0,199.5,0.31574426127167937,4,1
small-world/scale-free,400,43,72,116.0,65.0,73.0,72.0,66.0,66.0,133.0,199.5,0.31574426127167937,4,1
small-world/scale-free,400,43,73,24.0,141.0,31.0,31.0,103.0,103.0,24.0,199.5,0.31574426127167937,4,1
small-world/scale-free,400,43,74,80.0,197.0,88.0,85.0,207.0,207.0,91.0,199.5,0.31574426127167937,4,1
small-world/scale-free,400,43,75,64.0,55.0,42.0,43.0,56.0,56.0,70.0,199.5,0.31574426127167937,4,1
small-world/scale-free,400,43,76,234.0,151.0,387.0,387.0,162.0,162.0,378.0,199.5,0.31574426127167937,4,1
small-world/scale-free,400,43,77,116.0,173.0,111.0,111.0,173.0,173.0,144.0,199.5,0.31574426127167937,4,1
small-world/scale-free,400,43,78,55.0,17.0,35.0,35.0,22.0,22.0,62.0,199.5,0.31574426127167937,4,1
small-world/scale-free,400,43,79,116.0,128.0,204.0,212.0,135.0,135.0,146.0,199.5,0.31574426127167937,4,1
small-world/scale-free,400,43,80,44.0,92.0,45.0,45.0,73.0,73.0,46.0,199.5,0.31574426127167937,4,1
small-world/scale-free,400,43,81,31.0,113.0,46.0,47.0,82.0,82.0,33.0,199.5,0.31574426127167937,4,1
small-world/scale-free,400,43,82,155.0,220.0,152.0,157.0,218.0,218.0,197.0,199.5,0.31574426127167937,4,1
small-world/scale-free,400,43,83,64.0,176.0,119.0,106.0,175.0,175.0,73.0,199.5,0.31574426127167937,4,1
small-world/scale-free,400,43,84,39.0,215.0,67.0,65.0,190.0,190.0,40.0,199.5,0.31574426127167937,4,1
small-world/scale-free,400,43,85,155.0,350.0,274.0,274.0,345.0,345.0,183.0,199.5,0.31574426127167937,4,1
small-world/scale-free,400,43,86,155.0,248.0,141.0,149.0,246.0,246.0,194.0,199.5,0.31574426127167937,4,1
small-world/scale-free,400,43,87,155.0,131.0,128.0,133.0,141.0,141.0,196.0,199.5,0.31574426127167937,4,1
small-world/scale-free,400,43,88,234.0,83.0,331.0,355.0,97.0,97.0,383.0,199.5,0.31574426127167937,4,1
small-world/scale-free,400,43,89,31.0,165.0,36.0,34.0,137.0,137.0,32.0,199.5,0.31574426127167937,4,1
small-world/scale-free,400,43,90,55.0,163.0,69.0,67.0,147.0,147.0,60.0,199.5,0.31574426127167937,4,1
small-world/scale-free,400,43,91,155.0,320.0,375.0,375.0,330.0,330.0,192.0,199.5,0.31574426127167937,4,1
small-world/scale-free,400,43,92,234.0,47.0,304.0,308.0,59.0,59.0,377.0,199.5,0.31574426127167937,4,1
small-world/scale-free,400,43,93,155.0,245.0,350.0,344.0,247.0,247.0,220.0,199.5,0.31574426127167937,4,1
small-world/scale-free,400,43,94,155.0,170.0,301.0,290.0,177.0,177.0,218.0,199.5,0.31574426127167937,4,1
small-world/scale-free,400,43,95,155.0,198.0,162.0,162.0,193.0,193.0,231.0,199.5,0.31574426127167937,4,1
small-world/scale-free,400,43,96,80.0,263.0,155.0,158.0,264.0,264.0,96.0,199.5,0.31574426127167937,4,1
small-world/scale-free,400,43,97,64.0,49.0,86.0,89.0,47.0,47.0,79.0,199.5,0.31574426127167937,4,1
small-world/scale-free,400,43,98,155.0,180.0,143.0,146.0,180.0,180.0,216.0,199.5,0.31574426127167937,4,1
small-world/scale-free,400,43,99,64.0,215.0,78.0,77.0,203.0,203.0,72.0,199.5,0.31574426127167937,4,1
small-world/scale-free,400,43,100,234.0,333.0,272.0,273.0,338.0,338.0,285.0,199.5,0.31574426127167937,4,1
small-world/scale-free,400,43,101,155.0,248.0,215.0,210.0,236.0,236.0,215.0,199.5,0.31574426127167937,4,1
small-world/scale-free,400,43,102,234.0,321.0,220.0,221.0,317.0,317.0,325.0,199.5,0.31574426127167937,4,1
small-world/scale-free,400,43,103,234.0,153.0,328.0,331.0,163.0,163.0,385.0,199.5,0.31574426127167937,4,1
small-world/scale-free,400,43,104,44.0,209.0,64.0,63.0,188.0,188.0,44.0,199.5,0.31574426127167937,4,1
small-world/scale-free,400,43,105,80.0,158.0,94.0,91.0,158.0,158.0,97.0,199.5,0.31574426127167937,4,1
small-world/scale-free,400,43,106,234.0,198.0,264.0,258.0,214.0,214.0,357.0,199.5,0.31574426127167937,4,1
small-world/scale-free,400,43,107,39.0,183.0,51.0,51.0,154.0,154.0,41.0,199.5,0.31574426127167937,4,1
small-world/scale-free,400,43,108,44.0,86.0,28.0,29.0,78.0,78.0,47.0,199.5,0.31574426127167937,4,1
small-world/scale-free,400,43,109,116.0,238.0,132.0,125.0,233.0,233.0,141.0,199.5,0.31574426127167937,4,1
small-world/scale-free,400,43,110,116.0,280.0,122.0,130.0,256.0,256.0,132.0,199.5,0.31574426127167937,4,1
small-world/scale-free,400,43,111,155.0,135.0,135.0,138.0,144.0,144.0,202.0,199.5,0.31574426127167937,4,1
small-world/scale-free,400,43,112,64.0,280.0,68.0,69.0,267.0,267.0,67.0,199.5,0.31574426127167937,4,1
small-world/scale-free,400,43,113,155.0,289.0,346.0,345.0,294.0,294.0,193.0,199.5,0.31574426127167937,4,1
small-world/scale-free,400,43,114,80.0,96.0,59.0,59.0,100.0,100.0,103.0,199.5,0.31574426127167937,4,1
small-world/scale-free,400,43,115,64.0,258.0,158.0,155.0,261.0,261.0,65.0,199.5,0.31574426127167937,4,1
small-world/scale-free,400,43,116,55.0,229.0,93.0,93.0,215.0,215.0,59.0,199.5,0.31574426127167937,4,1
small-world/scale-free,400,43,117,39.0,135.0,43.0,40.0,117.0,117.0,39.0,199.5,0.31574426127167937,4,1
small-world/scale-free,400,43,118,80.0,266.0,108.0,104.0,251.0,251.0,89.0,199.5,0.31574426127167937,4,1
small-world/scale-free,400,43,119,234.0,150.0,110.0,105.0,157.0,157.0,388.0,199.5,0.31574426127167937,4,1
small-world/scale-free,400,43,120,234.0,313.0,288.0,289.0,323.0,323.0,314.0,199.5,0.31574426127167937,4,1
small-world/scale-free,400,43,121,155.0,110.0,335.0,342.0,106.0,106.0,219.0,199.5,0.31574426127167937,4,1
small-world/scale-free,400,43,122,116.0,277.0,175.0,174.0,278.0,278.0,118.0,199.5,0.31574426127167937,4,1
small-world/scale-free,400,43,123,234.0,389.0,387.0,387.0,390.0,390.0,308.0,199.5,0.31574426127167937,4,1
small-world/scale-free,400,43,124,80.0,339.0,200.0,194.0,325.0,325.0,98.0,199.5,0.31574426127167937,4,1
small-world/scale-free,400,43,125,155.0,141.0,308.0,295.0,148.0,148.0,224.0,199.5,0.31574426127167937,4,1
small-world/scale-free,400,43,126,39.0,32.0,33.0,33.0,30.0,30.0,42.0,199.5,0.31574426127167937,4,1
small-world/scale-free,400,43,127,234.0,100.0,193.0,192.0,127.0,127.0,381.0,199.5,0.31574426127167937,4,1
small-world/scale-free,400,43,128,116.0,263.0,149.0,148.0,250.0,250.0,136.0,199.5,0.31574426127167937,4,1
small-world/scale-free,400,43,129,116.0,289.0,121.0,117.0,257.0,257.0,124.0,199.5,0.31574426127167937,4,1
small-world/scale-free,400,43,130,80.0,125.0,83.0,81.0,119.0,119.0,105.0,199.5,0.31574426127167937,4,1
small-world/scale-free,400,43,131,155.0,36.0,202.0,195.0,38.0,38.0,233.0,199.5,0.31574426127167937,4,1
small-world/scale-free,400,43,132,155.0,156.0,247.0,250.0,158.0,158.0,229.0,199.5,0.31574426127167937,4,1
small-world/scale-free,400,43,133,234.0,388.0,361.0,360.0,386.0,386.0,297.0,199.5,0.31574426127167937,4,1
small-world/scale-free,400,43,134,155.0,204.0,166.0,159.0,223.0,223.0,214.0,199.5,0.31574426127167937,4,1
small-world/scale-free,400,43,135,155.0,312.0,323.0,321.0,312.0,312.0,181.0,199.5,0.31574426127167937,4,1
small-world/scale-free,400,43,136,64.0,60.0,77.0,78.0,60.0,60.0,76.0,199.5,0.31574426127167937,4,1
small-world/scale-free,400,43,137,80.0,28.0,71.0,71.0,29.0,29.0,108.0,199.5,0.31574426127167937,4,1
small-world/scale-free,400,43,138,80.0,235.0,153.0,151.0,238.0,238.0,102.0,199.5,0.31574426127167937,4,1
small-world/scale-free,400,43,139,80.0,225.0,154.0,145.0,213.0,213.0,93.0,199.5,0.31574426127167937,4,1
small-world/scale-free,400,43,140,234.0,336.0,380.0,381.0,341.0,341.0,362.0,199.5,0.31574426127167937,4,1
small-world/scale-free,400,43,141,234.0,255.0,347.0,349.0,259.0,259.0,351.0,199.5,0.31574426127167937,4,1
small-world/scale-free,400,43,142,234.0,97.0,182.0,211.0,118.0,118.0,394.0,199.5,0.31574426127167937,4,1
small-world/scale-free,400,43,143,234.0,175.0,255.0,253.0,192.0,192.0,336.0,199.5,0.31574426127167937,4,1
small-world/scale-free,400,43,144,155.0,230.0,282.0,300.0,224.0,224.0,225.0,199.5,0.31574426127167937,4,1
small-world/scale-free,400,43,145,116.0,161.0,97.0,95.0,155.0,155.0,148.0,199.5,0.31574426127167937,4,1
small-world/scale-free,400,43,146,80.0,98.0,177.0,185.0,92.0,92.0,101.0,199.5,0.31574426127167937,4,1
small-world/scale-free,400,43,147,155.0,185.0,130.0,132.0,189.0,189.0,213.0,199.5,0.31574426127167937,4,1
small-world/scale-free,400,43,148,80.0,161.0,103.0,100.0,165.0,165.0,100.0,199.5,0.31574426127167937,4,1
small-world/scale-free,400,43,149,116.0,79.0,113.0,118.0,90.0,90.0,122.0,199.5,0.31574426127167937,4,1
small-world/scale-free,400,43,150,234.0,189.0,211.0,207.0,197.0,197.0,367.0,199.5,0.31574426127167937,4,1
small-world/scale-free,400,43,151,155.0,191.0,275.0,267.0,182.0,182.0,205.0,199.5,0.31574426127167937,4,1
small-world/scale-free,400,43,152,80.0,86.0,74.0,76.0,76.0,76.0,106.0,199.5,0.31574426127167937,4,1
small-world/scale-free,400,43,153,116.0,132.0,84.0,86.0,131.0,131.0,135.0,199.5,0.31574426127167937,4,1
small-world/scale-free,400,43,154,116.0,383.0,277.0,266.0,374.0,374.0,117.0,199.5,0.31574426127167937,4,1
small-world/scale-free,400,43,155,155.0,243.0,178.0,186.0,245.0,245.0,200.0,199.5,0.31574426127167937,4,1
small-world/scale-free,400,43,156,116.0,191.0,123.0,122.0,196.0,196.0,139.0,199.5,0.31574426127167937,4,1
small-world/scale-free,400,43,157,116.0,209.0,107.0,103.0,198.0,198.0,131.0,199.5,0.31574426127167937,4,1
small-world/scale-free,400,43,158,116.0,305.0,245.0,245.0,304.0,304.0,130.0,199.5,0.31574426127167937,4,1
small-world/scale-free,400,43,159,155.0,203.0,334.0,323.0,206.0,206.0,212.0,199.5,0.31574426127167937,4,1
small-world/scale-free,400,43,160,80.0,328.0,129.0,124.0,327.0,327.0,86.0,199.5,0.31574426127167937,4,1
small-world/scale-free,400,43,161,155.0,180.0,209.0,202.0,186.0,186.0,206.0,199.5,0.31574426127167937,4,1
small-world/scale-free,400,43,162,234.0,226.0,235.0,236.0,232.0,232.0,328.0,199.5,0.31574426127167937,4,1
small-world/scale-free,400,43,163,80.0,173.0,109.0,109.0,166.0,166.0,92.0,199.5,0.31574426127167937,4,1
small-world/scale-free,400,43,164,234.0,204.0,213.0,217.0,208.0,208.0,354.0,199.5,0.31574426127167937,4,1
small-world/scale-free,400,43,165,155.0,56.0,90.0,94.0,67.0,67.0,228.0,199.5,0.31574426127167937,4,1
small-world/scale-free,400,43,166,234.0,39.0,207.0,239.0,45.0,45.0,361.0,199.5,0.31574426127167937,4,1
small-world/scale-free,400,43,167,234.0,121.0,387.0,387.0,128.0,128.0,346.0,199.5,0.31574426127167937,4,1
small-world/scale-free,400,43,168,31.0,59.0,27.0,28.0,45.0,45.0,31.0,199.5,0.31574426127167937,4,1
small-world/scale-free,400,43,169,116.0,49.0,230.0,240.0,53.0,53.0,154.0,199.5,0.31574426127167937,4,1
small-world/scale-free,400,43,170,155.0,154.0,224.0,213.0,161.0,161.0,201.0,199.5,0.31574426127167937,4,1
small-world/scale-free,400,43,171,155.0,158.0,87.0,88.0,170.0,170.0,187.0,199.5,0.31574426127167937,4,1
small-world/scale-free,400,43,172,116.0,85.0,242.0,234.0,85.0,85.0,147.0,199.5,0.31574426127167937,4,1
small-world/scale-free,400,43,173,234.0,251.0,365.0,363.0,248.0,248.0,353.0,199.5,0.31574426127167937,4,1
small-world/scale-free,400,43,174,116.0,214.0,117.0,114.0,221.0,221.0,134.0,199.5,0.31574426127167937,4,1
small-world/scale-free,400,43,175,234.0,336.0,340.0,339.0,340.0,340.0,274.0,199.5,0.31574426127167937,4,1
small-world/scale-free,400,43,176,116.0,34.0,260.0,254.0,36.0,36.0,145.0,199.5,0.31574426127167937,4,1
small-world/scale-free,400,43,177,155.0,124.0,159.0,164.0,123.0,123.0,180.0,199.5,0.31574426127167937,4,1
small-world/scale-free,400,43,178,64.0,323.0,180.0,177.0,321.0,321.0,64.0,199.5,0.31574426127167937,4,1
small-world/scale-free,400,43,179,55.0,185.0,66.0,64.0,169.0,169.0,56.0,199.5,0.31574426127167937,4,1
small-world/scale-free,400,43,180,155.0,240.0,188.0,180.0,254.0,254.0,189.0,199.5,0.31574426127167937,4,1
small-world/scale-free,400,43,181,234.0,72.0,171.0,193.0,94.0,94.0,400.0,199.5,0.31574426127167937,4,1
small-world/scale-free,400,43,182,234.0,369.0,345.0,337.0,368.0,368.0,271.0,199.5,0.31574426127167937,4,1
small-world/scale-free,400,43,183,234.0,200.0,379.0,380.0,194.0,194.0,376.0,199.5,0.31574426127167937,4,1
small-world/scale-free,400,43,184,234.0,220.0,196.0,187.0,229.0,229.0,359.0,199.5,0.31574426127167937,4,1
small-world/scale-free,400,43,185,234.0,68.0,387.0,387.0,72.0,72.0,391.0,199.5,0.31574426127167937,4,1
small-world/scale-free,400,43,186,155.0,86.0,134.0,139.0,104.0,104.0,226.0,199.5,0.31574426127167937,4,1
small-world/scale-free,400,43,187,80.0,272.0,156.0,154.0,270.0,270.0,90.0,199.5,0.31574426127167937,4,1
small-world/scale-free,400,43,188,80.0,170.0,104.0,108.0,171.0,171.0,107.0,199.5,0.31574426127167937,4,1
small-world/scale-free,400,43,189,155.0,41.0,299.0,298.0,43.0,43.0,208.0,199.5,0.31574426127167937,4,1
small-world/scale-free,400,43,190,234.0,211.0,257.0,276.0,210.0,210.0,379.0,199.5,0.31574426127167937,4,1
small-world/scale-free,400,43,191,234.0,351.0,351.0,350.0,347.0,347.0,291.0,199.5,0.31574426127167937,4,1
small-world/scale-free,400,43,192,80.0,60.0,96.0,97.0,63.0,63.0,104.0,199.5,0.31574426127167937,4,1
small-world/scale-free,400,43,193,155.0,275.0,206.0,198.0,275.0,275.0,185.0,199.5,0.31574426127167937,4,1
small-world/scale-free,400,43,194,234.0,39.0,303.0,309.0,54.0,54.0,397.0,199.5,0.31574426127167937,4,1
small-world/scale-free,400,43,195,44.0,288.0,70.0,68.0,262.0,262.0,45.0,199.5,0.31574426127167937,4,1
small-world/scale-free,400,43,196,80.0,325.0,136.0,128.0,320.0,320.0,83.0,199.5,0.31574426127167937,4,1
small-world/scale-free,400,43,197,234.0,269.0,279.0,284.0,273.0,273.0,330.0,199.5,0.31574426127167937,4,1
small-world/scale-free,400,43,198,234.0,141.0,169.0,161.0,160.0,160.0,307.0,199.5,0.31574426127167937,4,1
small-world/scale-free,400,43,199,234.0,294.0,339.0,340.0,297.0,297.0,348.0,199.5,0.31574426127167937,4,1
small-world/scale-free,400,43,200,234.0,371.0,354.0,352.0,373.0,373.0,267.0,199.5,0.31574426127167937,4,1
small-world/scale-free,400,43,201,234.0,392.0,325.0,325.0,389.0,389.0,284.0,199.5,0.31574426127167937,4,1
small-world/scale-free,400,43,202,155.0,245.0,324.0,334.0,243.0,243.0,199.0,199.5,0.31574426127167937,4,1
small-world/scale-free,400,43,203,155.0,315.0,292.0,296.0,324.0,324.0,190.0,199.5,0.31574426127167937,4,1
small-world/scale-free,400,43,204,234.0,387.0,387.0,387.0,387.0,387.0,321.0,199.5,0.31574426127167937,4,1
small-world/scale-free,400,43,205,234.0,101.0,195.0,188.0,116.0,116.0,301.0,199.5,0.31574426127167937,4,1
small-world/scale-free,400,43,206,64.0,204.0,99.0,98.0,191.0,191.0,69.0,199.5,0.31574426127167937,4,1
small-world/scale-free,400,43,207,116.0,200.0,183.0,181.0,199.0,199.0,149.0,199.5,0.31574426127167937,4,1
small-world/scale-free,400,43,208,55.0,328.0,138.0,135.0,310.0,310.0,55.0,199.5,0.31574426127167937,4,1
small-world/scale-free,400,43,209,155.0,191.0,256.0,242.0,200.0,200.0,203.0,199.5,0.31574426127167937,4,1
small-world/scale-free,400,43,210,155.0,66.0,356.0,354.0,70.0,70.0,221.0,199.5,0.31574426127167937,4,1
small-world/scale-free,400,43,211,80.0,128.0,62.0,66.0,133.0,133.0,95.0,199.5,0.31574426127167937,4,1
small-world/scale-free,400,43,212,155.0,307.0,214.0,208.0,302.0,302.0,209.0,199.5,0.31574426127167937,4,1
small-world/scale-free,400,43,213,116.0,285.0,148.0,143.0,274.0,274.0,128.0,199.5,0.31574426127167937,4,1
small-world/scale-free,400,43,214,64.0,101.0,160.0,156.0,96.0,96.0,66.0,199.5,0.31574426127167937,4,1
small-world/scale-free,400,43,215,234.0,351.0,259.0,252.0,350.0,350.0,292.0,199.5,0.31574426127167937,4,1
small-world/scale-free,400,43,216,116.0,222.0,167.0,160.0,228.0,228.0,138.0,199.5,0.31574426127167937,4,1
small-world/scale-free,400,43,217,80.0,213.0,126.0,116.0,211.0,211.0,87.0,199.5,0.31574426127167937,4,1
small-world/scale-free,400,43,218,234.0,325.0,344.0,335.0,328.0,328.0,255.0,199.5,0.31574426127167937,4,1
small-world/scale-free,400,43,219,234.0,280.0,306.0,307.0,298.0,298.0,333.0,199.5,0.31574426127167937,4,1
small-world/scale-free,400,43,220,234.0,52.0,232.0,268.0,62.0,62.0,396.0,199.5,0.31574426127167937,4,1
small-world/scale-free,400,43,221,155.0,230.0,227.0,227.0,227.0,227.0,227.0,199.5,0.31574426127167937,4,1
small-world/scale-free,400,43,222,234.0,168.0,349.0,357.0,178.0,178.0,389.0,199.5,0.31574426127167937,4,1
small-world/scale-free,400,43,223,155.0,269.0,233.0,228.0,271.0,271.0,166.0,199.5,0.31574426127167937,4,1
small-world/scale-free,400,43,224,234.0,345.0,387.0,387.0,346.0,346.0,324.0,199.5,0.31574426127167937,4,1
small-world/scale-free,400,43,225,80.0,296.0,98.0,102.0,260.0,260.0,81.0,199.5,0.31574426127167937,4,1
small-world/scale-free,400,43,226,116.0,204.0,127.0,126.0,205.0,205.0,127.0,199.5,0.31574426127167937,4,1
small-world/scale-free,400,43,227,155.0,41.0,72.0,74.0,50.0,50.0,184.0,199.5,0.31574426127167937,4,1
small-world/scale-free,400,43,228,155.0,355.0,278.0,278.0,357.0,357.0,173.0,199.5,0.31574426127167937,4,1
small-world/scale-free,400,43,229,234.0,141.0,241.0,263.0,156.0,156.0,374.0,199.5,0.31574426127167937,4,1
small-world/scale-free,400,43,230,155.0,328.0,268.0,261.0,331.0,331.0,165.0,199.5,0.31574426127167937,4,1
small-world/scale-free,400,43,231,234.0,94.0,164.0,169.0,110.0,110.0,282.0,199.5,0.31574426127167937,4,1
small-world/scale-free,400,43,232,116.0,386.0,137.0,134.0,381.0,381.0,116.0,199.5,0.31574426127167937,4,1
small-world/scale-free,400,43,233,234.0,77.0,125.0,123.0,95.0,95.0,347.0,199.5,0.31574426127167937,4,1
small-world/scale-free,400,43,234,234.0,248.0,281.0,282.0,258.0,258.0,306.0,199.5,0.31574426127167937,4,1
small-world/scale-free,400,43,235,155.0,309.0,271.0,272.0,293.0,293.0,177.0,199.5,0.31574426127167937,4,1
small-world/scale-free,400,43,236,155.0,301.0,102.0,101.0,308.0,308.0,195.0,199.5,0.31574426127167937,4,1
small-world/scale-free,400,43,237,155.0,262.0,217.0,206.0,276.0,276.0,186.0,199.5,0.31574426127167937,4,1
small-world/scale-free,400,43,238,155.0,94.0,151.0,153.0,105.0,105.0,182.0,199.5,0.31574426127167937,4,1
small-world/scale-free,400,43,239,234.0,218.0,387.0,387.0,222.0,222.0,287.0,199.5,0.31574426127167937,4,1
small-world/scale-free,400,43,240,116.0,141.0,91.0,90.0,149.0,149.0,137.0,199.5,0.31574426127167937,4,1
small-world/scale-free,400,43,241,155.0,316.0,176.0,176.0,322.0,322.0,163.0,199.5,0.31574426127167937,4,1
small-world/scale-free,400,43,242,234.0,118.0,258.0,264.0,129.0,129.0,302.0,199.5,0.31574426127167937,4,1
small-world/scale-free,400,43,243,234.0,253.0,194.0,191.0,252.0,252.0,313.0,199.5,0.31574426127167937,4,1
small-world/scale-free,400,43,244,155.0,133.0,376.0,377.0,136.0,136.0,204.0,199.5,0.31574426127167937,4,1
small-world/scale-free,400,43,245,234.0,276.0,269.0,269.0,291.0,291.0,296.0,199.5,0.31574426127167937,4,1
small-world/scale-free,400,43,246,80.0,79.0,48.0,49.0,75.0,75.0,84.0,199.5,0.31574426127167937,4,1
small-world/scale-free,400,43,247,116.0,301.0,199.0,196.0,303.0,303.0,121.0,199.5,0.31574426127167937,4,1
small-world/scale-free,400,43,248,234.0,374.0,315.0,304.0,375.0,375.0,250.0,199.5,0.31574426127167937,4,1
small-world/scale-free,400,43,249,234.0,31.0,286.0,306.0,35.0,35.0,399.0,199.5,0.31574426127167937,4,1
small-world/scale-free,400,43,250,116.0,366.0,212.0,201.0,362.0,362.0,120.0,199.5,0.31574426127167937,4,1
small-world/scale-free,400,43,251,116.0,101.0,114.0,119.0,98.0,98.0,129.0,199.5,0.31574426127167937,4,1
small-world/scale-free,400,43,252,116.0,170.0,89.0,87.0,172.0,172.0,125.0,199.5,0.31574426127167937,4,1
small-world/scale-free,400,43,253,234.0,280.0,298.0,301.0,282.0,282.0,294.0,199.5,0.31574426127167937,4,1
small-world/scale-free,400,43,254,234.0,202.0,266.0,270.0,209.0,209.0,355.0,199.5,0.31574426127167937,4,1
small-world/scale-free,400,43,255,234.0,223.0,234.0,225.0,237.0,237.0,317.0,199.5,0.31574426127167937,4,1
small-world/scale-free,400,43,256,234.0,334.0,381.0,376.0,339.0,339.0,303.0,199.5,0.31574426127167937,4,1
small-world/scale-free,400,43,257,116.0,289.0,236.0,223.0,285.0,285.0,119.0,199.5,0.31574426127167937,4,1
small-world/scale-free,400,43,258,234.0,363.0,387.0,387.0,370.0,371.0,266.0,199.5,0.31574426127167937,4,1
small-world/scale-free,400,43,259,155.0,313.0,310.0,310.0,316.0,316.0,176.0,199.5,0.31574426127167937,4,1
small-world/scale-free,400,43,260,155.0,101.0,221.0,247.0,125.0,125.0,207.0,199.5,0.31574426127167937,4,1
small-world/scale-free,400,43,261,234.0,272.0,267.0,262.0,281.0,281.0,371.0,199.5,0.31574426127167937,4,1
small-world/scale-free,400,43,262,234.0,182.0,150.0,147.0,184.0,184.0,279.0,199.5,0.31574426127167937,4,1
small-world/scale-free,400,43,263,155.0,336.0,203.0,203.0,333.0,333.0,161.0,199.5,0.31574426127167937,4,1
small-world/scale-free,400,43,264,80.0,232.0,85.0,84.0,220.0,220.0,88.0,199.5,0.31574426127167937,4,1
small-world/scale-free,400,43,265,155.0,353.0,251.0,232.0,352.0,352.0,157.0,199.5,0.31574426127167937,4,1
small-world/scale-free,400,43,266,155.0,380.0,265.0,257.0,377.0,377.0,158.0,199.5,0.31574426127167937,4,1
small-world/scale-free,400,43,267,234.0,188.0,239.0,226.0,204.0,204.0,337.0,199.5,0.31574426127167937,4,1
small-world/scale-free,400,43,268,234.0,43.0,205.0,237.0,48.0,48.0,368.0,199.5,0.31574426127167937,4,1
small-world/scale-free,400,43,269,234.0,372.0,374.0,371.0,378.0,378.0,239.0,199.5,0.31574426127167937,4,1
small-world/scale-free,400,43,270,234.0,400.0,283.0,288.0,400.0,400.0,237.0,199.5,0.31574426127167937,4,1
small-world/scale-free,400,43,271,155.0,177.0,163.0,168.0,179.0,179.0,188.0,199.5,0.31574426127167937,4,1
small-world/scale-free,400,43,272,234.0,279.0,311.0,317.0,288.0,288.0,349.0,199.5,0.31574426127167937,4,1
small-world/scale-free,400,43,273,234.0,373.0,362.0,365.0,370.0,371.0,300.0,199.5,0.31574426127167937,4,1
small-world/scale-free,400,43,274,155.0,260.0,165.0,170.0,255.0,255.0,178.0,199.5,0.31574426127167937,4,1
small-world/scale-free,400,43,275,155.0,90.0,131.0,129.0,100.0,100.0,175.0,199.5,0.31574426127167937,4,1
small-world/scale-free,400,43,276,234.0,252.0,147.0,150.0,235.0,235.0,358.0,199.5,0.31574426127167937,4,1
small-world/scale-free,400,43,277,155.0,219.0,318.0,319.0,226.0,226.0,230.0,199.5,0.31574426127167937,4,1
small-world/scale-free,400,43,278,155.0,335.0,190.0,183.0,334.0,334.0,191.0,199.5,0.31574426127167937,4,1
small-world/scale-free,400,43,279,155.0,331.0,210.0,205.0,326.0,326.0,167.0,199.5,0.31574426127167937,4,1
small-world/scale-free,400,43,280,234.0,194.0,186.0,190.0,201.0,201.0,280.0,199.5,0.31574426127167937,4,1
small-world/scale-free,400,43,281,155.0,316.0,290.0,285.0,306.0,306.0,198.0,199.5,0.31574426127167937,4,1
small-world/scale-free,400,43,282,234.0,116.0,330.0,338.0,130.0,130.0,318.0,199.5,0.31574426127167937,4,1
small-world/scale-free,400,43,283,234.0,226.0,296.0,305.0,230.0,230.0,352.0,199.5,0.31574426127167937,4,1
small-world/scale-free,400,43,284,155.0,367.0,201.0,204.0,363.0,363.0,164.0,199.5,0.31574426127167937,4,1
small-world/scale-free,400,43,285,155.0,297.0,168.0,166.0,307.0,307.0,171.0,199.5,0.31574426127167937,4,1
small-world/scale-free,400,43,286,234.0,68.0,191.0,200.0,80.0,80.0,311.0,199.5,0.31574426127167937,4,1
small-world/scale-free,400,43,287,234.0,240.0,270.0,265.0,269.0,269.0,331.0,199.5,0.31574426127167937,4,1
small-world/scale-free,400,43,288,155.0,339.0,170.0,171.0,337.0,337.0,159.0,199.5,0.31574426127167937,4,1
small-world/scale-free,400,43,289,234.0,139.0,336.0,346.0,152.0,152.0,393.0,199.5,0.31574426127167937,4,1
small-world/scale-free,400,43,290,234.0,147.0,179.0,179.0,153.0,153.0,339.0,199.5,0.31574426127167937,4,1
small-world/scale-free,400,43,291,155.0,399.0,358.0,358.0,399.0,399.0,155.0,199.5,0.31574426127167937,4,1
small-world/scale-free,400,43,292,234.0,257.0,238.0,229.0,268.0,268.0,323.0,199.5,0.31574426127167937,4,1
small-world/scale-free,400,43,293,234.0,323.0,289.0,286.0,336.0,336.0,248.0,199.5,0.31574426127167937,4,1
small-world/scale-free,400,43,294,234.0,183.0,367.0,366.0,183.0,183.0,350.0,199.5,0.31574426127167937,4,1
small-world/scale-free,400,43,295,155.0,359.0,307.0,294.0,361.0,361.0,160.0,199.5,0.31574426127167937,4,1
small-world/scale-free,400,43,296,234.0,243.0,322.0,329.0,239.0,239.0,375.0,199.5,0.31574426127167937,4,1
small-world/scale-free,400,43,297,234.0,339.0,387.0,387.0,343.0,343.0,315.0,199.5,0.31574426127167937,4,1
small-world/scale-free,400,43,298,116.0,108.0,79.0,80.0,107.0,107.0,123.0,199.5,0.31574426127167937,4,1
small-world/scale-free,400,43,299,234.0,245.0,248.0,244.0,263.0,263.0,304.0,199.5,0.31574426127167937,4,1
small-world/scale-free,400,43,300,234.0,343.0,360.0,364.0,335.0,335.0,370.0,199.5,0.31574426127167937,4,1
small-world/scale-free,400,43,301,80.0,378.0,140.0,137.0,365.0,365.0,80.0,199.5,0.31574426127167937,4,1
small-world/scale-free,400,43,302,234.0,177.0,229.0,224.0,184.0,184.0,369.0,199.5,0.31574426127167937,4,1
small-world/scale-free,400,43,303,234.0,260.0,321.0,318.0,265.0,265.0,312.0,199.5,0.31574426127167937,4,1
small-world/scale-free,400,43,304,234.0,253.0,373.0,368.0,283.0,283.0,309.0,199.5,0.31574426127167937,4,1
small-world/scale-free,400,43,305,80.0,319.0,174.0,165.0,314.0,314.0,82.0,199.5,0.31574426127167937,4,1
small-world/scale-free,400,43,306,234.0,74.0,157.0,167.0,86.0,86.0,365.0,199.5,0.31574426127167937,4,1
small-world/scale-free,400,43,307,155.0,125.0,124.0,121.0,126.0,126.0,169.0,199.5,0.31574426127167937,4,1
small-world/scale-free,400,43,308,234.0,121.0,198.0,218.0,132.0,132.0,320.0,199.5,0.31574426127167937,4,1
small-world/scale-free,400,43,309,234.0,339.0,368.0,372.0,342.0,342.0,326.0,199.5,0.31574426127167937,4,1
small-world/scale-free,400,43,310,234.0,348.0,305.0,302.0,349.0,349.0,290.0,199.5,0.31574426127167937,4,1
small-world/scale-free,400,43,311,234.0,266.0,223.0,215.0,272.0,272.0,310.0,199.5,0.31574426127167937,4,1
small-world/scale-free,400,43,312,234.0,365.0,378.0,379.0,360.0,360.0,277.0,199.5,0.31574426127167937,4,1
small-world/scale-free,400,43,313,155.0,113.0,65.0,70.0,114.0,114.0,172.0,199.5,0.31574426127167937,4,1
small-world/scale-free,400,43,314,80.0,118.0,115.0,113.0,108.0,108.0,85.0,199.5,0.31574426127167937,4,1
small-world/scale-free,400,43,315,234.0,398.0,285.0,279.0,397.0,397.0,256.0,199.5,0.31574426127167937,4,1
small-world/scale-free,400,43,316,234.0,318.0,208.0,197.0,318.0,318.0,286.0,199.5,0.31574426127167937,4,1
small-world/scale-free,400,43,317,234.0,263.0,313.0,315.0,280.0,280.0,360.0,199.5,0.31574426127167937,4,1
small-world/scale-free,400,43,318,234.0,392.0,317.0,313.0,393.0,393.0,241.0,199.5,0.31574426127167937,4,1
small-world/scale-free,400,43,319,234.0,111.0,342.0,347.0,111.0,111.0,386.0,199.5,0.31574426127167937,4,1
small-world/scale-free,400,43,320,234.0,133.0,244.0,271.0,138.0,138.0,392.0,199.5,0.31574426127167937,4,1
small-world/scale-free,400,43,321,234.0,344.0,246.0,233.0,344.0,344.0,295.0,199.5,0.31574426127167937,4,1
small-world/scale-free,400,43,322,116.0,36.0,218.0,214.0,37.0,37.0,140.0,199.5,0.31574426127167937,4,1
small-world/scale-free,400,43,323,234.0,396.0,377.0,378.0,396.0,396.0,242.0,199.5,0.31574426127167937,4,1
small-world/scale-free,400,43,324,234.0,376.0,383.0,383.0,382.0,382.0,262.0,199.5,0.31574426127167937,4,1
small-world/scale-free,400,43,325,234.0,135.0,384.0,384.0,142.0,142.0,283.0,199.5,0.31574426127167937,4,1
small-world/scale-free,400,43,326,234.0,394.0,385.0,385.0,394.0,394.0,252.0,199.5,0.31574426127167937,4,1
small-world/scale-free,400,43,327,234.0,391.0,216.0,216.0,391.0,391.0,246.0,199.5,0.31574426127167937,4,1
small-world/scale-free,400,43,328,234.0,240.0,295.0,297.0,244.0,244.0,270.0,199.5,0.31574426127167937,4,1
small-world/scale-free,400,43,329,234.0,187.0,222.0,220.0,187.0,187.0,380.0,199.5,0.31574426127167937,4,1
small-world/scale-free,400,43,330,234.0,293.0,363.0,361.0,292.0,292.0,316.0,199.5,0.31574426127167937,4,1
small-world/scale-free,400,43,331,234.0,348.0,314.0,316.0,356.0,356.0,253.0,199.5,0.31574426127167937,4,1
small-world/scale-free,400,43,332,234.0,234.0,231.0,219.0,240.0,240.0,298.0,199.5,0.31574426127167937,4,1
small-world/scale-free,400,43,333,234.0,233.0,316.0,322.0,242.0,242.0,289.0,199.5,0.31574426127167937,4,1
small-world/scale-free,400,43,334,234.0,235.0,273.0,281.0,234.0,234.0,363.0,199.5,0.31574426127167937,4,1
small-world/scale-free,400,43,335,234.0,35.0,197.0,209.0,39.0,39.0,373.0,199.5,0.31574426127167937,4,1
small-world/scale-free,400,43,336,234.0,347.0,387.0,387.0,348.0,348.0,293.0,199.5,0.31574426127167937,4,1
small-world/scale-free,400,43,337,234.0,356.0,294.0,291.0,359.0,359.0,263.0,199.5,0.31574426127167937,4,1
small-world/scale-free,400,43,338,234.0,397.0,312.0,312.0,398.0,398.0,235.0,199.5,0.31574426127167937,4,1
small-world/scale-free,400,43,339,234.0,361.0,261.0,243.0,364.0,364.0,247.0,199.5,0.31574426127167937,4,1
small-world/scale-free,400,43,340,234.0,67.0,225.0,249.0,88.0,88.0,382.0,199.5,0.31574426127167937,4,1
small-world/scale-free,400,43,341,234.0,154.0,252.0,259.0,167.0,167.0,341.0,199.5,0.31574426127167937,4,1
small-world/scale-free,400,43,342,234.0,141.0,228.0,230.0,151.0,151.0,338.0,199.5,0.31574426127167937,4,1
small-world/scale-free,400,43,343,234.0,297.0,320.0,314.0,309.0,309.0,264.0,199.5,0.31574426127167937,4,1
small-world/scale-free,400,43,344,155.0,356.0,185.0,175.0,355.0,355.0,156.0,199.5,0.31574426127167937,4,1
small-world/scale-free,400,43,345,234.0,307.0,366.0,369.0,313.0,313.0,275.0,199.5,0.31574426127167937,4,1
small-world/scale-free,400,43,346,234.0,60.0,139.0,144.0,65.0,65.0,384.0,199.5,0.31574426127167937,4,1
small-world/scale-free,400,43,347,155.0,118.0,369.0,367.0,121.0,121.0,170.0,199.5,0.31574426127167937,4,1
small-world/scale-free,400,43,348,155.0,111.0,302.0,292.0,120.0,120.0,168.0,199.5,0.31574426127167937,4,1
small-world/scale-free,400,43,349,234.0,368.0,341.0,336.0,367.0,367.0,257.0,199.5,0.31574426127167937,4,1
small-world/scale-free,400,43,350,234.0,204.0,263.0,251.0,217.0,217.0,327.0,199.5,0.31574426127167937,4,1
small-world/scale-free,400,43,351,234.0,228.0,237.0,231.0,241.0,241.0,278.0,199.5,0.31574426127167937,4,1
small-world/scale-free,400,43,352,234.0,395.0,284.0,280.0,395.0,395.0,234.0,199.5,0.31574426127167937,4,1
small-world/scale-free,400,43,353,234.0,160.0,387.0,387.0,164.0,164.0,398.0,199.5,0.31574426127167937,4,1
small-world/scale-free,400,43,354,116.0,190.0,184.0,178.0,202.0,202.0,126.0,199.5,0.31574426127167937,4,1
small-world/scale-free,400,43,355,155.0,215.0,95.0,96.0,216.0,216.0,174.0,199.5,0.31574426127167937,4,1
small-world/scale-free,400,43,356,234.0,310.0,353.0,359.0,315.0,315.0,372.0,199.5,0.31574426127167937,4,1
small-world/scale-free,400,43,357,234.0,346.0,387.0,387.0,358.0,358.0,265.0,199.5,0.31574426127167937,4,1
small-world/scale-free,400,43,358,234.0,327.0,332.0,327.0,329.0,329.0,273.0,199.5,0.31574426127167937,4,1
small-world/scale-free,400,43,359,234.0,269.0,291.0,303.0,249.0,249.0,344.0,199.5,0.31574426127167937,4,1
small-world/scale-free,400,43,360,234.0,30.0,116.0,131.0,34.0,34.0,387.0,199.5,0.31574426127167937,4,1
small-world/scale-free,400,43,361,234.0,380.0,287.0,277.0,383.0,383.0,245.0,199.5,0.31574426127167937,4,1
small-world/scale-free,400,43,362,234.0,384.0,382.0,382.0,384.0,384.0,261.0,199.5,0.31574426127167937,4,1
small-world/scale-free,400,43,363,234.0,299.0,243.0,248.0,295.0,295.0,305.0,199.5,0.31574426127167937,4,1
small-world/scale-free,400,43,364,234.0,331.0,276.0,275.0,332.0,332.0,281.0,199.5,0.31574426127167937,4,1
small-world/scale-free,400,43,365,155.0,149.0,120.0,115.0,145.0,145.0,223.0,199.5,0.31574426127167937,4,1
small-world/scale-free,400,43,366,234.0,299.0,293.0,287.0,299.0,299.0,332.0,199.5,0.31574426127167937,4,1
small-world/scale-free,400,43,367,234.0,138.0,387.0,387.0,143.0,143.0,259.0,199.5,0.31574426127167937,4,1
small-world/scale-free,400,43,368,234.0,268.0,262.0,256.0,279.0,279.0,276.0,199.5,0.31574426127167937,4,1
small-world/scale-free,400,43,369,234.0,74.0,105.0,120.0,93.0,93.0,340.0,199.5,0.31574426127167937,4,1
small-world/scale-free,400,43,370,155.0,272.0,145.0,142.0,253.0,253.0,179.0,199.5,0.31574426127167937,4,1
small-world/scale-free,400,43,371,234.0,390.0,364.0,362.0,392.0,392.0,258.0,199.5,0.31574426127167937,4,1
small-world/scale-free,400,43,372,234.0,101.0,253.0,260.0,115.0,115.0,343.0,199.5,0.31574426127167937,4,1
small-world/scale-free,400,43,373,234.0,305.0,352.0,351.0,311.0,311.0,345.0,199.5,0.31574426127167937,4,1
small-world/scale-free,400,43,374,234.0,376.0,329.0,326.0,376.0,376.0,268.0,199.5,0.31574426127167937,4,1
small-world/scale-free,400,43,375,234.0,73.0,219.0,255.0,77.0,77.0,366.0,199.5,0.31574426127167937,4,1
small-world/scale-free,400,43,376,234.0,285.0,338.0,330.0,305.0,305.0,299.0,199.5,0.31574426127167937,4,1
small-world/scale-free,400,43,377,234.0,359.0,370.0,374.0,353.0,353.0,335.0,199.5,0.31574426127167937,4,1
small-world/scale-free,400,43,378,234.0,361.0,359.0,348.0,370.0,370.0,240.0,199.5,0.31574426127167937,4,1
small-world/scale-free,400,43,379,234.0,285.0,192.0,182.0,290.0,290.0,322.0,199.5,0.31574426127167937,4,1
small-world/scale-free,400,43,380,234.0,304.0,327.0,324.0,301.0,301.0,334.0,199.5,0.31574426127167937,4,1
small-world/scale-free,400,43,381,234.0,353.0,326.0,333.0,351.0,351.0,269.0,199.5,0.31574426127167937,4,1
small-world/scale-free,400,43,382,155.0,256.0,309.0,311.0,266.0,266.0,162.0,199.5,0.31574426127167937,4,1
small-world/scale-free,400,43,383,234.0,358.0,343.0,343.0,353.0,353.0,288.0,199.5,0.31574426127167937,4,1
small-world/scale-free,400,43,384,234.0,36.0,387.0,387.0,42.0,42.0,395.0,199.5,0.31574426127167937,4,1
small-world/scale-free,400,43,385,234.0,375.0,357.0,353.0,380.0,380.0,251.0,199.5,0.31574426127167937,4,1
small-world/scale-free,400,43,386,234.0,278.0,297.0,293.0,296.0,296.0,329.0,199.5,0.31574426127167937,4,1
small-world/scale-free,400,43,387,234.0,211.0,300.0,299.0,212.0,212.0,390.0,199.5,0.31574426127167937,4,1
small-world/scale-free,400,43,388,234.0,370.0,333.0,332.0,369.0,369.0,272.0,199.5,0.31574426127167937,4,1
small-world/scale-free,400,43,389,234.0,165.0,372.0,373.0,176.0,176.0,342.0,199.5,0.31574426127167937,4,1
small-world/scale-free,400,43,390,234.0,128.0,280.0,283.0,134.0,134.0,254.0,199.5,0.31574426127167937,4,1
small-world/scale-free,400,43,391,234.0,379.0,250.0,238.0,379.0,379.0,236.0,199.5,0.31574426127167937,4,1
small-world/scale-free,400,43,392,234.0,322.0,240.0,235.0,319.0,319.0,356.0,199.5,0.31574426127167937,4,1
small-world/scale-free,400,43,393,234.0,280.0,355.0,356.0,289.0,289.0,319.0,199.5,0.31574426127167937,4,1
small-world/scale-free,400,43,394,234.0,311.0,249.0,241.0,300.0,300.0,249.0,199.5,0.31574426127167937,4,1
small-world/scale-free,400,43,395,234.0,382.0,348.0,341.0,385.0,385.0,243.0,199.5,0.31574426127167937,4,1
small-world/scale-free,400,43,396,234.0,363.0,337.0,328.0,366.0,366.0,244.0,199.5,0.31574426127167937,4,1
small-world/scale-free,400,43,397,234.0,385.0,371.0,370.0,388.0,388.0,238.0,199.5,0.31574426127167937,4,1
small-world/scale-free,400,43,398,234.0,258.0,386.0,386.0,277.0,277.0,260.0,199.5,0.31574426127167937,4,1
small-world/scale-free,400,43,399,234.0,179.0,319.0,320.0,181.0,181.0,364.0,199.5,0.31574426127167937,4,1
small-world/scale-free,400,44,0,10.0,16.0,12.0,12.0,14.0,14.0,10.0,199.5,0.312774269987406,4,1
small-world/scale-free,400,44,1,8.0,9.0,9.0,9.0,9.0,9.0,8.0,199.5,0.312774269987406,4,1
small-world/scale-free,400,44,2,3.0,2.0,1.0,1.0,2.0,2.0,3.0,199.5,0.312774269987406,4,1
small-world/scale-free,400,44,3,2.0,1.0,2.0,2.0,1.0,1.0,2.0,199.5,0.312774269987406,4,1
small-world/scale-free,400,44,4,1.0,3.0,3.0,3.0,3.0,3.0,1.0,199.5,0.312774269987406,4,1
small-world/scale-free,400,44,5,19.0,12.0,18.0,19.0,12.0,12.0,22.0,199.5,0.312774269987406,4,1
small-world/scale-free,400,44,6,28.0,13.0,21.0,21.0,16.0,16.0,32.0,199.5,0.312774269987406,4,1
small-world/scale-free,400,44,7,45.0,21.0,64.0,65.0,25.0,25.0,51.0,199.5,0.312774269987406,4,1
small-world/scale-free,400,44,8,17.0,18.0,22.0,23.0,17.0,17.0,18.0,199.5,0.312774269987406,4,1
small-world/scale-free,400,44,9,9.0,4.0,8.0,8.0,6.0,6.0,9.0,199.5,0.312774269987406,4,1
small-world/scale-free,400,44,10,4.0,5.0,5.0,5.0,4.0,4.0,4.0,199.5,0.312774269987406,4,1
small-world/scale-free,400,44,11,121.0,99.0,167.0,164.0,104.0,104.0,155.0,199.5,0.312774269987406,4,1
small-world/scale-free,400,44,12,12.0,10.0,13.0,13.0,10.0,10.0,13.0,199.5,0.312774269987406,4,1
small-world/scale-free,400,44,13,159.0,24.0,233.0,257.0,31.0,31.0,231.0,199.5,0.312774269987406,4,1
small-world/scale-free,400,44,14,64.0,20.0,55.0,56.0,21.0,21.0,83.0,199.5,0.312774269987406,4,1
small-world/scale-free,400,44,15,64.0,111.0,164.0,169.0,94.0,94.0,86.0,199.5,0.312774269987406,4,1
small-world/scale-free,400,44,16,6.0,6.0,4.0,4.0,5.0,5.0,6.0,199.5,0.312774269987406,4,1
small-world/scale-free,400,44,17,7.0,7.0,7.0,7.0,8.0,8.0,7.0,199.5,0.312774269987406,4,1
small-world/scale-free,400,44,18,10.0,11.0,10.0,10.0,11.0,11.0,11.0,199.5,0.312774269987406,4,1
small-world/scale-free,400,44,19,14.0,22.0,15.0,15.0,18.0,18.0,15.0,199.5,0.312774269987406,4,1
small-world/scale-free,400,44,20,26.0,23.0,32.0,32.0,23.0,23.0,26.0,199.5,0.312774269987406,4,1
small-world/scale-free,400,44,21,121.0,36.0,213.0,215.0,43.0,43.0,158.0,199.5,0.312774269987406,4,1
small-world/scale-free,400,44,22,52.0,91.0,51.0,52.0,82.0,82.0,63.0,199.5,0.312774269987406,4,1
small-world/scale-free,400,44,23,33.0,41.0,39.0,39.0,30.0,30.0,36.0,199.5,0.312774269987406,4,1
small-world/scale-free,400,44,24,12.0,15.0,11.0,11.0,13.0,13.0,12.0,199.5,0.312774269987406,4,1
small-world/scale-free,400,44,25,14.0,67.0,20.0,20.0,33.0,33.0,14.0,199.5,0.312774269987406,4,1
small-world/scale-free,400,44,26,4.0,8.0,6.0,6.0,7.0,7.0,5.0,199.5,0.312774269987406,4,1
small-world/scale-free,400,44,27,28.0,45.0,30.0,30.0,38.0,38.0,31.0,199.5,0.312774269987406,4,1
small-world/scale-free,400,44,28,64.0,36.0,49.0,49.0,37.0,37.0,78.0,199.5,0.312774269987406,4,1
small-world/scale-free,400,44,29,64.0,38.0,78.0,81.0,36.0,36.0,81.0,199.5,0.312774269987406,4,1
small-world/scale-free,400,44,30,87.0,99.0,85.0,88.0,84.0,84.0,112.0,199.5,0.312774269987406,4,1
small-world/scale-free,400,44,31,64.0,227.0,121.0,117.0,205.0,205.0,77.0,199.5,0.312774269987406,4,1
small-world/scale-free,400,44,32,23.0,44.0,24.0,25.0,28.0,28.0,24.0,199.5,0.312774269987406,4,1
small-world/scale-free,400,44,33,37.0,47.0,61.0,60.0,40.0,40.0,43.0,199.5,0.312774269987406,4,1
small-world/scale-free,400,44,34,87.0,61.0,100.0,98.0,63.0,63.0,119.0,199.5,0.312774269987406,4,1
small-world/scale-free,400,44,35,19.0,28.0,17.0,17.0,22.0,22.0,21.0,199.5,0.312774269987406,4,1
small-world/scale-free,400,44,36,232.0,74.0,211.0,225.0,87.0,87.0,386.0,199.5,0.312774269987406,4,1
small-world/scale-free,400,44,37,159.0,54.0,324.0,326.0,56.0,56.0,230.0,199.5,0.312774269987406,4,1
small-world/scale-free,400,44,38,87.0,220.0,146.0,146.0,200.0,200.0,104.0,199.5,0.312774269987406,4,1
small-world/scale-free,400,44,39,159.0,111.0,182.0,188.0,103.0,103.0,229.0,199.5,0.312774269987406,4,1
small-world/scale-free,400,44,40,26.0,59.0,40.0,41.0,44.0,44.0,27.0,199.5,0.312774269987406,4,1
small-world/scale-free,400,44,41,19.0,30.0,28.0,28.0,24.0,24.0,19.0,199.5,0.312774269987406,4,1
small-world/scale-free,400,44,42,52.0,58.0,44.0,44.0,54.0,54.0,60.0,199.5,0.312774269987406,4,1
small-world/scale-free,400,44,43,45.0,52.0,43.0,43.0,48.0,48.0,48.0,199.5,0.312774269987406,4,1
small-world/scale-free,400,44,44,159.0,107.0,290.0,280.0,110.0,110.0,214.0,199.5,0.312774269987406,4,1
small-world/scale-free,400,44,45,159.0,117.0,218.0,218.0,109.0,109.0,224.0,199.5,0.312774269987406,4,1
small-world/scale-free,400,44,46,159.0,152.0,320.0,316.0,146.0,146.0,228.0,199.5,0.312774269987406,4,1
small-world/scale-free,400,44,47,64.0,77.0,48.0,47.0,67.0,67.0,82.0,199.5,0.312774269987406,4,1
small-world/scale-free,400,44,48,37.0,281.0,70.0,70.0,238.0,238.0,39.0,199.5,0.312774269987406,4,1
small-world/scale-free,400,44,49,23.0,125.0,33.0,34.0,72.0,72.0,25.0,199.5,0.312774269987406,4,1
small-world/scale-free,400,44,50,14.0,13.0,14.0,14.0,15.0,15.0,16.0,199.5,0.312774269987406,4,1
small-world/scale-free,400,44,51,64.0,32.0,47.0,48.0,39.0,39.0,79.0,199.5,0.312774269987406,4,1
small-world/scale-free,400,44,52,45.0,33.0,45.0,45.0,29.0,29.0,49.0,199.5,0.312774269987406,4,1
small-world/scale-free,400,44,53,232.0,318.0,335.0,334.0,318.0,318.0,352.0,199.5,0.312774269987406,4,1
small-world/scale-free,400,44,54,64.0,39.0,112.0,116.0,41.0,41.0,84.0,199.5,0.312774269987406,4,1
small-world/scale-free,400,44,55,64.0,195.0,79.0,75.0,183.0,183.0,71.0,199.5,0.312774269987406,4,1
small-world/scale-free,400,44,56,121.0,122.0,157.0,158.0,124.0,124.0,156.0,199.5,0.312774269987406,4,1
small-world/scale-free,400,44,57,87.0,41.0,80.0,83.0,51.0,51.0,117.0,199.5,0.312774269987406,4,1
small-world/scale-free,400,44,58,23.0,114.0,23.0,22.0,79.0,79.0,23.0,199.5,0.312774269987406,4,1
small-world/scale-free,400,44,59,28.0,65.0,31.0,31.0,53.0,53.0,30.0,199.5,0.312774269987406,4,1
small-world/scale-free,400,44,60,64.0,31.0,67.0,67.0,32.0,32.0,85.0,199.5,0.312774269987406,4,1
small-world/scale-free,400,44,61,87.0,41.0,118.0,120.0,47.0,47.0,115.0,199.5,0.312774269987406,4,1
small-world/scale-free,400,44,62,37.0,49.0,29.0,29.0,42.0,42.0,40.0,199.5,0.312774269987406,4,1
small-world/scale-free,400,44,63,232.0,286.0,363.0,362.0,285.0,285.0,356.0,199.5,0.312774269987406,4,1
small-world/scale-free,400,44,64,37.0,202.0,46.0,46.0,178.0,178.0,38.0,199.5,0.312774269987406,4,1
small-world/scale-free,400,44,65,52.0,74.0,99.0,96.0,74.0,74.0,58.0,199.5,0.312774269987406,4,1
small-world/scale-free,400,44,66,37.0,35.0,56.0,53.0,35.0,35.0,44.0,199.5,0.312774269987406,4,1
small-world/scale-free,400,44,67,87.0,82.0,98.0,99.0,96.0,96.0,114.0,199.5,0.312774269987406,4,1
small-world/scale-free,400,44,68,159.0,137.0,108.0,105.0,135.0,135.0,222.0,199.5,0.312774269987406,4,1
small-world/scale-free,400,44,69,87.0,26.0,120.0,121.0,34.0,34.0,120.0,199.5,0.312774269987406,4,1
small-world/scale-free,400,44,70,232.0,65.0,256.0,291.0,76.0,76.0,392.0,199.5,0.312774269987406,4,1
small-world/scale-free,400,44,71,121.0,292.0,176.0,179.0,290.0,290.0,149.0,199.5,0.312774269987406,4,1
small-world/scale-free,400,44,72,159.0,114.0,165.0,166.0,128.0,128.0,221.0,199.5,0.312774269987406,4,1
small-world/scale-free,400,44,73,159.0,191.0,125.0,127.0,190.0,190.0,220.0,199.5,0.312774269987406,4,1
small-world/scale-free,400,44,74,64.0,49.0,42.0,42.0,55.0,55.0,75.0,199.5,0.312774269987406,4,1
small-world/scale-free,400,44,75,37.0,83.0,25.0,24.0,70.0,70.0,37.0,199.5,0.312774269987406,4,1
small-world/scale-free,400,44,76,45.0,78.0,57.0,59.0,65.0,65.0,50.0,199.5,0.312774269987406,4,1
small-world/scale-free,400,44,77,87.0,181.0,76.0,74.0,175.0,175.0,110.0,199.5,0.312774269987406,4,1
small-world/scale-free,400,44,78,52.0,80.0,111.0,107.0,73.0,73.0,62.0,199.5,0.312774269987406,4,1
small-world/scale-free,400,44,79,87.0,200.0,163.0,155.0,196.0,196.0,107.0,199.5,0.312774269987406,4,1
small-world/scale-free,400,44,80,19.0,19.0,16.0,16.0,20.0,20.0,20.0,199.5,0.312774269987406,4,1
small-world/scale-free,400,44,81,87.0,181.0,101.0,94.0,174.0,174.0,94.0,199.5,0.312774269987406,4,1
small-world/scale-free,400,44,82,37.0,27.0,36.0,37.0,27.0,27.0,41.0,199.5,0.312774269987406,4,1
small-world/scale-free,400,44,83,121.0,63.0,88.0,91.0,75.0,75.0,144.0,199.5,0.312774269987406,4,1
small-world/scale-free,400,44,84,28.0,177.0,27.0,26.0,152.0,152.0,28.0,199.5,0.312774269987406,4,1
small-world/scale-free,400,44,85,52.0,122.0,58.0,57.0,91.0,91.0,59.0,199.5,0.312774269987406,4,1
small-world/scale-free,400,44,86,52.0,163.0,63.0,61.0,153.0,153.0,55.0,199.5,0.312774269987406,4,1
small-world/scale-free,400,44,87,87.0,262.0,156.0,161.0,239.0,239.0,118.0,199.5,0.312774269987406,4,1
small-world/scale-free,400,44,88,33.0,25.0,26.0,27.0,26.0,26.0,34.0,199.5,0.312774269987406,4,1
small-world/scale-free,400,44,89,33.0,53.0,34.0,33.0,46.0,46.0,35.0,199.5,0.312774269987406,4,1
small-world/scale-free,400,44,90,37.0,64.0,41.0,40.0,50.0,50.0,42.0,199.5,0.312774269987406,4,1
small-world/scale-free,400,44,91,33.0,134.0,38.0,36.0,115.0,115.0,33.0,199.5,0.312774269987406,4,1
small-world/scale-free,400,44,92,45.0,193.0,89.0,93.0,176.0,176.0,46.0,199.5,0.312774269987406,4,1
small-world/scale-free,400,44,93,87.0,222.0,114.0,114.0,212.0,212.0,99.0,199.5,0.312774269987406,4,1
small-world/scale-free,400,44,94,232.0,91.0,346.0,355.0,117.0,117.0,400.0,199.5,0.312774269987406,4,1
small-world/scale-free,400,44,95,159.0,249.0,234.0,228.0,254.0,254.0,194.0,199.5,0.312774269987406,4,1
small-world/scale-free,400,44,96,87.0,155.0,75.0,76.0,147.0,147.0,101.0,199.5,0.312774269987406,4,1
small-world/scale-free,400,44,97,17.0,17.0,19.0,18.0,19.0,19.0,17.0,199.5,0.312774269987406,4,1
small-world/scale-free,400,44,98,52.0,56.0,106.0,101.0,59.0,59.0,61.0,199.5,0.312774269987406,4,1
small-world/scale-free,400,44,99,87.0,225.0,140.0,137.0,216.0,216.0,103.0,199.5,0.312774269987406,4,1
small-world/scale-free,400,44,100,121.0,87.0,107.0,109.0,89.0,89.0,154.0,199.5,0.312774269987406,4,1
small-world/scale-free,400,44,101,232.0,83.0,336.0,352.0,93.0,93.0,398.0,199.5,0.312774269987406,4,1
small-world/scale-free,400,44,102,121.0,222.0,131.0,132.0,219.0,219.0,148.0,199.5,0.312774269987406,4,1
small-world/scale-free,400,44,103,121.0,185.0,91.0,87.0,194.0,194.0,140.0,199.5,0.312774269987406,4,1
small-world/scale-free,400,44,104,121.0,47.0,82.0,86.0,49.0,49.0,153.0,199.5,0.312774269987406,4,1
small-world/scale-free,400,44,105,232.0,240.0,241.0,245.0,248.0,248.0,358.0,199.5,0.312774269987406,4,1
small-world/scale-free,400,44,106,87.0,177.0,84.0,80.0,180.0,180.0,113.0,199.5,0.312774269987406,4,1
small-world/scale-free,400,44,107,121.0,338.0,128.0,125.0,329.0,329.0,122.0,199.5,0.312774269987406,4,1
small-world/scale-free,400,44,108,159.0,202.0,360.0,351.0,206.0,206.0,210.0,199.5,0.312774269987406,4,1
small-world/scale-free,400,44,109,87.0,54.0,65.0,64.0,61.0,61.0,116.0,199.5,0.312774269987406,4,1
small-world/scale-free,400,44,110,159.0,312.0,180.0,172.0,308.0,308.0,200.0,199.5,0.312774269987406,4,1
small-world/scale-free,400,44,111,64.0,188.0,59.0,62.0,185.0,185.0,69.0,199.5,0.312774269987406,4,1
small-world/scale-free,400,44,112,64.0,284.0,123.0,123.0,259.0,259.0,68.0,199.5,0.312774269987406,4,1
small-world/scale-free,400,44,113,64.0,127.0,132.0,135.0,106.0,106.0,80.0,199.5,0.312774269987406,4,1
small-world/scale-free,400,44,114,64.0,318.0,160.0,157.0,306.0,306.0,72.0,199.5,0.312774269987406,4,1
small-world/scale-free,400,44,115,121.0,281.0,189.0,189.0,280.0,280.0,145.0,199.5,0.312774269987406,4,1
small-world/scale-free,400,44,116,232.0,293.0,339.0,340.0,297.0,297.0,329.0,199.5,0.312774269987406,4,1
small-world/scale-free,400,44,117,232.0,286.0,391.0,391.0,286.0,286.0,320.0,199.5,0.312774269987406,4,1
small-world/scale-free,400,44,118,159.0,277.0,250.0,246.0,284.0,284.0,199.0,199.5,0.312774269987406,4,1
small-world/scale-free,400,44,119,121.0,209.0,209.0,210.0,208.0,208.0,136.0,199.5,0.312774269987406,4,1
small-world/scale-free,400,44,120,52.0,143.0,54.0,54.0,123.0,123.0,57.0,199.5,0.312774269987406,4,1
small-world/scale-free,400,44,121,232.0,277.0,214.0,213.0,279.0,279.0,325.0,199.5,0.312774269987406,4,1
small-world/scale-free,400,44,122,232.0,78.0,193.0,206.0,83.0,83.0,391.0,199.5,0.312774269987406,4,1
small-world/scale-free,400,44,123,121.0,46.0,83.0,89.0,60.0,60.0,147.0,199.5,0.312774269987406,4,1
small-world/scale-free,400,44,124,159.0,318.0,272.0,265.0,312.0,312.0,182.0,199.5,0.312774269987406,4,1
small-world/scale-free,400,44,125,28.0,106.0,37.0,35.0,81.0,81.0,29.0,199.5,0.312774269987406,4,1
small-world/scale-free,400,44,126,232.0,97.0,353.0,353.0,119.0,119.0,382.0,199.5,0.312774269987406,4,1
small-world/scale-free,400,44,127,232.0,322.0,379.0,379.0,327.0,327.0,341.0,199.5,0.312774269987406,4,1
small-world/scale-free,400,44,128,232.0,273.0,375.0,370.0,276.0,276.0,322.0,199.5,0.312774269987406,4,1
small-world/scale-free,400,44,129,87.0,228.0,134.0,129.0,224.0,224.0,95.0,199.5,0.312774269987406,4,1
small-world/scale-free,400,44,130,121.0,204.0,138.0,133.0,203.0,203.0,143.0,199.5,0.312774269987406,4,1
small-world/scale-free,400,44,131,159.0,57.0,149.0,149.0,62.0,62.0,227.0,199.5,0.312774269987406,4,1
small-world/scale-free,400,44,132,87.0,153.0,127.0,124.0,143.0,143.0,100.0,199.5,0.312774269987406,4,1
small-world/scale-free,400,44,133,64.0,195.0,77.0,73.0,186.0,186.0,66.0,199.5,0.312774269987406,4,1
small-world/scale-free,400,44,134,232.0,318.0,266.0,270.0,321.0,321.0,340.0,199.5,0.312774269987406,4,1
small-world/scale-free,400,44,135,232.0,324.0,263.0,261.0,326.0,326.0,339.0,199.5,0.312774269987406,4,1
small-world/scale-free,400,44,136,87.0,172.0,96.0,100.0,166.0,166.0,105.0,199.5,0.312774269987406,4,1
small-world/scale-free,400,44,137,159.0,128.0,212.0,203.0,133.0,133.0,219.0,199.5,0.312774269987406,4,1
small-world/scale-free,400,44,138,159.0,351.0,298.0,301.0,348.0,348.0,178.0,199.5,0.312774269987406,4,1
small-world/scale-free,400,44,139,45.0,73.0,35.0,38.0,66.0,66.0,47.0,199.5,0.312774269987406,4,1
small-world/scale-free,400,44,140,87.0,140.0,93.0,97.0,130.0,130.0,106.0,199.5,0.312774269987406,4,1
small-world/scale-free,400,44,141,87.0,273.0,117.0,113.0,260.0,260.0,91.0,199.5,0.312774269987406,4,1
small-world/scale-free,400,44,142,121.0,174.0,144.0,140.0,179.0,179.0,139.0,199.5,0.312774269987406,4,1
small-world/scale-free,400,44,143,232.0,305.0,391.0,391.0,311.0,311.0,321.0,199.5,0.312774269987406,4,1
small-world/scale-free,400,44,144,121.0,185.0,162.0,173.0,181.0,181.0,157.0,199.5,0.312774269987406,4,1
small-world/scale-free,400,44,145,232.0,288.0,369.0,368.0,287.0,287.0,362.0,199.5,0.312774269987406,4,1
small-world/scale-free,400,44,146,87.0,365.0,177.0,177.0,361.0,361.0,87.0,199.5,0.312774269987406,4,1
small-world/scale-free,400,44,147,232.0,117.0,325.0,336.0,120.0,120.0,393.0,199.5,0.312774269987406,4,1
small-world/scale-free,400,44,148,64.0,303.0,90.0,82.0,295.0,295.0,70.0,199.5,0.312774269987406,4,1
small-world/scale-free,400,44,149,121.0,170.0,87.0,85.0,173.0,173.0,130.0,199.5,0.312774269987406,4,1
small-world/scale-free,400,44,150,121.0,222.0,274.0,274.0,220.0,220.0,135.0,199.5,0.312774269987406,4,1
small-world/scale-free,400,44,151,159.0,122.0,205.0,204.0,131.0,131.0,212.0,199.5,0.312774269987406,4,1
small-world/scale-free,400,44,152,52.0,87.0,103.0,111.0,77.0,77.0,56.0,199.5,0.312774269987406,4,1
small-world/scale-free,400,44,153,159.0,59.0,133.0,141.0,69.0,69.0,217.0,199.5,0.312774269987406,4,1
small-world/scale-free,400,44,154,232.0,268.0,303.0,311.0,263.0,263.0,336.0,199.5,0.312774269987406,4,1
small-world/scale-free,400,44,155,159.0,206.0,183.0,183.0,210.0,210.0,195.0,199.5,0.312774269987406,4,1
small-world/scale-free,400,44,156,121.0,93.0,136.0,144.0,88.0,88.0,141.0,199.5,0.312774269987406,4,1
small-world/scale-free,400,44,157,87.0,107.0,94.0,95.0,97.0,97.0,111.0,199.5,0.312774269987406,4,1
small-world/scale-free,400,44,158,159.0,67.0,217.0,219.0,71.0,71.0,226.0,199.5,0.312774269987406,4,1
small-world/scale-free,400,44,159,121.0,93.0,124.0,130.0,107.0,107.0,150.0,199.5,0.312774269987406,4,1
small-world/scale-free,400,44,160,121.0,117.0,105.0,108.0,122.0,122.0,138.0,199.5,0.312774269987406,4,1
small-world/scale-free,400,44,161,159.0,195.0,201.0,200.0,201.0,201.0,223.0,199.5,0.312774269987406,4,1
small-world/scale-free,400,44,162,52.0,81.0,52.0,51.0,78.0,78.0,54.0,199.5,0.312774269987406,4,1
small-world/scale-free,400,44,163,232.0,219.0,179.0,175.0,225.0,225.0,295.0,199.5,0.312774269987406,4,1
small-world/scale-free,400,44,164,159.0,153.0,154.0,160.0,157.0,157.0,188.0,199.5,0.312774269987406,4,1
small-world/scale-free,400,44,165,87.0,206.0,113.0,112.0,193.0,193.0,93.0,199.5,0.312774269987406,4,1
small-world/scale-free,400,44,166,64.0,291.0,199.0,185.0,289.0,289.0,67.0,199.5,0.312774269987406,4,1
small-world/scale-free,400,44,167,64.0,134.0,62.0,63.0,114.0,114.0,74.0,199.5,0.312774269987406,4,1
small-world/scale-free,400,44,168,121.0,147.0,206.0,216.0,138.0,138.0,146.0,199.5,0.312774269987406,4,1
small-world/scale-free,400,44,169,159.0,294.0,240.0,250.0,300.0,300.0,201.0,199.5,0.312774269987406,4,1
small-world/scale-free,400,44,170,159.0,29.0,185.0,193.0,45.0,45.0,225.0,199.5,0.312774269987406,4,1
small-world/scale-free,400,44,171,121.0,188.0,141.0,142.0,198.0,198.0,132.0,199.5,0.312774269987406,4,1
small-world/scale-free,400,44,172,232.0,301.0,384.0,384.0,307.0,307.0,302.0,199.5,0.312774269987406,4,1
small-world/scale-free,400,44,173,159.0,342.0,331.0,329.0,340.0,340.0,202.0,199.5,0.312774269987406,4,1
small-world/scale-free,400,44,174,121.0,51.0,66.0,66.0,57.0,57.0,151.0,199.5,0.312774269987406,4,1
small-world/scale-free,400,44,175,159.0,246.0,221.0,220.0,244.0,244.0,180.0,199.5,0.312774269987406,4,1
small-world/scale-free,400,44,176,52.0,113.0,50.0,50.0,101.0,101.0,53.0,199.5,0.312774269987406,4,1
small-world/scale-free,400,44,177,87.0,332.0,142.0,143.0,319.0,319.0,108.0,199.5,0.312774269987406,4,1
small-world/scale-free,400,44,178,87.0,130.0,74.0,77.0,126.0,126.0,109.0,199.5,0.312774269987406,4,1
small-world/scale-free,400,44,179,159.0,143.0,374.0,373.0,155.0,155.0,211.0,199.5,0.312774269987406,4,1
small-world/scale-free,400,44,180,232.0,247.0,297.0,298.0,266.0,266.0,357.0,199.5,0.312774269987406,4,1
small-world/scale-free,400,44,181,232.0,155.0,168.0,163.0,161.0,161.0,335.0,199.5,0.312774269987406,4,1
small-world/scale-free,400,44,182,159.0,134.0,207.0,208.0,139.0,139.0,216.0,199.5,0.312774269987406,4,1
small-world/scale-free,400,44,183,232.0,195.0,246.0,238.0,204.0,204.0,330.0,199.5,0.312774269987406,4,1
small-world/scale-free,400,44,184,52.0,228.0,95.0,92.0,227.0,227.0,52.0,199.5,0.312774269987406,4,1
small-world/scale-free,400,44,185,121.0,159.0,166.0,171.0,151.0,151.0,142.0,199.5,0.312774269987406,4,1
small-world/scale-free,400,44,186,232.0,176.0,228.0,239.0,188.0,188.0,332.0,199.5,0.312774269987406,4,1
small-world/scale-free,400,44,187,64.0,69.0,72.0,71.0,64.0,64.0,76.0,199.5,0.312774269987406,4,1
small-world/scale-free,400,44,188,87.0,237.0,92.0,90.0,222.0,222.0,98.0,199.5,0.312774269987406,4,1
small-world/scale-free,400,44,189,232.0,314.0,304.0,290.0,323.0,323.0,261.0,199.5,0.312774269987406,4,1
small-world/scale-free,400,44,190,232.0,254.0,268.0,259.0,274.0,274.0,337.0,199.5,0.312774269987406,4,1
small-world/scale-free,400,44,191,232.0,270.0,327.0,322.0,261.0,261.0,364.0,199.5,0.312774269987406,4,1
small-world/scale-free,400,44,192,232.0,71.0,229.0,260.0,85.0,85.0,394.0,199.5,0.312774269987406,4,1
small-world/scale-free,400,44,193,232.0,334.0,312.0,317.0,337.0,337.0,286.0,199.5,0.312774269987406,4,1
small-world/scale-free,400,44,194,159.0,126.0,198.0,186.0,137.0,137.0,193.0,199.5,0.312774269987406,4,1
small-world/scale-free,400,44,195,159.0,233.0,348.0,360.0,228.0,228.0,197.0,199.5,0.312774269987406,4,1
small-world/scale-free,400,44,196,232.0,204.0,261.0,262.0,209.0,209.0,304.0,199.5,0.312774269987406,4,1
small-world/scale-free,400,44,197,159.0,214.0,187.0,191.0,218.0,218.0,185.0,199.5,0.312774269987406,4,1
small-world/scale-free,400,44,198,121.0,346.0,197.0,195.0,338.0,338.0,125.0,199.5,0.312774269987406,4,1
small-world/scale-free,400,44,199,232.0,102.0,276.0,281.0,110.0,110.0,371.0,199.5,0.312774269987406,4,1
small-world/scale-free,400,44,200,121.0,170.0,122.0,119.0,177.0,177.0,131.0,199.5,0.312774269987406,4,1
small-world/scale-free,400,44,201,64.0,117.0,69.0,72.0,121.0,121.0,65.0,199.5,0.312774269987406,4,1
small-world/scale-free,400,44,202,159.0,356.0,291.0,276.0,360.0,360.0,170.0,199.5,0.312774269987406,4,1
small-world/scale-free,400,44,203,159.0,114.0,153.0,152.0,134.0,134.0,198.0,199.5,0.312774269987406,4,1
small-world/scale-free,400,44,204,232.0,395.0,391.0,391.0,395.0,395.0,241.0,199.5,0.312774269987406,4,1
small-world/scale-free,400,44,205,232.0,362.0,366.0,366.0,366.0,366.0,240.0,199.5,0.312774269987406,4,1
small-world/scale-free,400,44,206,121.0,160.0,159.0,168.0,159.0,159.0,152.0,199.5,0.312774269987406,4,1
small-world/scale-free,400,44,207,121.0,194.0,129.0,126.0,195.0,195.0,137.0,199.5,0.312774269987406,4,1
small-world/scale-free,400,44,208,232.0,172.0,357.0,359.0,167.0,167.0,377.0,199.5,0.312774269987406,4,1
small-world/scale-free,400,44,209,232.0,107.0,236.0,255.0,127.0,127.0,350.0,199.5,0.312774269987406,4,1
small-world/scale-free,400,44,210,232.0,177.0,318.0,315.0,199.0,199.0,285.0,199.5,0.312774269987406,4,1
small-world/scale-free,400,44,211,159.0,249.0,220.0,217.0,243.0,243.0,174.0,199.5,0.312774269987406,4,1
small-world/scale-free,400,44,212,232.0,288.0,242.0,235.0,294.0,294.0,310.0,199.5,0.312774269987406,4,1
small-world/scale-free,400,44,213,232.0,181.0,210.0,209.0,189.0,189.0,365.0,199.5,0.312774269987406,4,1
small-world/scale-free,400,44,214,232.0,39.0,222.0,233.0,58.0,58.0,395.0,199.5,0.312774269987406,4,1
small-world/scale-free,400,44,215,232.0,143.0,289.0,286.0,150.0,150.0,360.0,199.5,0.312774269987406,4,1
small-world/scale-free,400,44,216,87.0,303.0,175.0,159.0,292.0,292.0,90.0,199.5,0.312774269987406,4,1
small-world/scale-free,400,44,217,64.0,294.0,60.0,58.0,293.0,293.0,64.0,199.5,0.312774269987406,4,1
small-world/scale-free,400,44,218,232.0,117.0,337.0,345.0,128.0,128.0,387.0,199.5,0.312774269987406,4,1
small-world/scale-free,400,44,219,45.0,261.0,68.0,68.0,233.0,233.0,45.0,199.5,0.312774269987406,4,1
small-world/scale-free,400,44,220,232.0,256.0,329.0,327.0,253.0,253.0,309.0,199.5,0.312774269987406,4,1
small-world/scale-free,400,44,221,232.0,212.0,330.0,331.0,214.0,214.0,353.0,199.5,0.312774269987406,4,1
small-world/scale-free,400,44,222,159.0,143.0,260.0,253.0,140.0,140.0,218.0,199.5,0.312774269987406,4,1
small-world/scale-free,400,44,223,232.0,180.0,380.0,381.0,197.0,197.0,347.0,199.5,0.312774269987406,4,1
small-world/scale-free,400,44,224,159.0,61.0,130.0,136.0,68.0,68.0,208.0,199.5,0.312774269987406,4,1
small-world/scale-free,400,44,225,159.0,242.0,172.0,176.0,247.0,247.0,207.0,199.5,0.312774269987406,4,1
small-world/scale-free,400,44,226,159.0,259.0,190.0,205.0,252.0,252.0,179.0,199.5,0.312774269987406,4,1
small-world/scale-free,400,44,227,232.0,297.0,243.0,243.0,298.0,298.0,315.0,199.5,0.312774269987406,4,1
small-world/scale-free,400,44,228,159.0,165.0,116.0,110.0,163.0,163.0,209.0,199.5,0.312774269987406,4,1
small-world/scale-free,400,44,229,159.0,355.0,372.0,372.0,351.0,351.0,171.0,199.5,0.312774269987406,4,1
small-world/scale-free,400,44,230,159.0,168.0,237.0,237.0,187.0,187.0,213.0,199.5,0.312774269987406,4,1
small-world/scale-free,400,44,231,232.0,167.0,367.0,369.0,165.0,165.0,390.0,199.5,0.312774269987406,4,1
small-world/scale-free,400,44,232,232.0,139.0,359.0,357.0,148.0,148.0,372.0,199.5,0.312774269987406,4,1
small-world/scale-free,400,44,233,121.0,366.0,259.0,258.0,362.0,362.0,134.0,199.5,0.312774269987406,4,1
small-world/scale-free,400,44,234,232.0,370.0,258.0,254.0,370.0,370.0,253.0,199.5,0.312774269987406,4,1
small-world/scale-free,400,44,235,232.0,242.0,343.0,347.0,240.0,240.0,342.0,199.5,0.312774269987406,4,1
small-world/scale-free,400,44,236,159.0,358.0,308.0,310.0,349.0,349.0,203.0,199.5,0.312774269987406,4,1
small-world/scale-free,400,44,237,232.0,356.0,227.0,224.0,355.0,355.0,275.0,199.5,0.312774269987406,4,1
small-world/scale-free,400,44,238,232.0,74.0,226.0,226.0,92.0,92.0,378.0,199.5,0.312774269987406,4,1
small-world/scale-free,400,44,239,159.0,384.0,323.0,313.0,383.0,383.0,161.0,199.5,0.312774269987406,4,1
small-world/scale-free,400,44,240,121.0,315.0,255.0,232.0,322.0,322.0,124.0,199.5,0.312774269987406,4,1
small-world/scale-free,400,44,241,121.0,132.0,102.0,102.0,142.0,142.0,123.0,199.5,0.312774269987406,4,1
small-world/scale-free,400,44,242,87.0,87.0,73.0,78.0,89.0,89.0,92.0,199.5,0.312774269987406,4,1
small-world/scale-free,400,44,243,232.0,363.0,314.0,307.0,367.0,367.0,263.0,199.5,0.312774269987406,4,1
small-world/scale-free,400,44,244,232.0,158.0,188.0,181.0,162.0,162.0,306.0,199.5,0.312774269987406,4,1
small-world/scale-free,400,44,245,159.0,256.0,215.0,212.0,265.0,265.0,196.0,199.5,0.312774269987406,4,1
small-world/scale-free,400,44,246,232.0,297.0,252.0,251.0,303.0,303.0,298.0,199.5,0.312774269987406,4,1
small-world/scale-free,400,44,247,232.0,242.0,343.0,347.0,240.0,240.0,342.0,199.5,0.312774269987406,4,1
small-world/scale-free,400,44,248,121.0,394.0,350.0,349.0,389.0,389.0,129.0,199.5,0.312774269987406,4,1
small-world/scale-free,400,44,249,159.0,317.0,200.0,187.0,320.0,320.0,169.0,199.5,0.312774269987406,4,1
small-world/scale-free,400,44,250,87.0,102.0,110.0,115.0,95.0,95.0,97.0,199.5,0.312774269987406,4,1
small-world/scale-free,400,44,251,232.0,299.0,249.0,242.0,304.0,304.0,313.0,199.5,0.312774269987406,4,1
small-world/scale-free,400,44,252,232.0,309.0,391.0,391.0,310.0,310.0,344.0,199.5,0.312774269987406,4,1
small-world/scale-free,400,44,253,159.0,168.0,119.0,122.0,171.0,171.0,159.0,199.5,0.312774269987406,4,1
small-world/scale-free,400,44,254,232.0,201.0,282.0,292.0,207.0,207.0,366.0,199.5,0.312774269987406,4,1
small-world/scale-free,400,44,255,232.0,280.0,285.0,297.0,277.0,277.0,328.0,199.5,0.312774269987406,4,1
small-world/scale-free,400,44,256,159.0,371.0,270.0,272.0,369.0,369.0,177.0,199.5,0.312774269987406,4,1
small-world/scale-free,400,44,257,232.0,338.0,292.0,293.0,346.0,346.0,257.0,199.5,0.312774269987406,4,1
small-world/scale-free,400,44,258,159.0,214.0,151.0,148.0,213.0,213.0,172.0,199.5,0.312774269987406,4,1
small-world/scale-free,400,44,259,232.0,262.0,277.0,275.0,257.0,257.0,278.0,199.5,0.312774269987406,4,1
small-world/scale-free,400,44,260,232.0,340.0,368.0,367.0,343.0,343.0,326.0,199.5,0.312774269987406,4,1
small-world/scale-free,400,44,261,87.0,90.0,53.0,55.0,98.0,98.0,102.0,199.5,0.312774269987406,4,1
small-world/scale-free,400,44,262,232.0,350.0,275.0,266.0,356.0,356.0,250.0,199.5,0.312774269987406,4,1
small-world/scale-free,400,44,263,232.0,132.0,194.0,196.0,136.0,136.0,369.0,199.5,0.312774269987406,4,1
small-world/scale-free,400,44,264,159.0,353.0,352.0,343.0,352.0,352.0,186.0,199.5,0.312774269987406,4,1
small-world/scale-free,400,44,265,232.0,99.0,321.0,344.0,104.0,104.0,380.0,199.5,0.312774269987406,4,1
small-world/scale-free,400,44,266,232.0,270.0,265.0,268.0,258.0,258.0,345.0,199.5,0.312774269987406,4,1
small-world/scale-free,400,44,267,159.0,284.0,170.0,162.0,288.0,288.0,168.0,199.5,0.312774269987406,4,1
small-world/scale-free,400,44,268,159.0,130.0,97.0,103.0,125.0,125.0,192.0,199.5,0.312774269987406,4,1
small-world/scale-free,400,44,269,232.0,391.0,389.0,389.0,391.0,391.0,277.0,199.5,0.312774269987406,4,1
small-world/scale-free,400,44,270,232.0,247.0,224.0,222.0,250.0,250.0,296.0,199.5,0.312774269987406,4,1
small-world/scale-free,400,44,271,232.0,262.0,316.0,312.0,262.0,262.0,260.0,199.5,0.312774269987406,4,1
small-world/scale-free,400,44,272,159.0,377.0,361.0,354.0,378.0,378.0,175.0,199.5,0.312774269987406,4,1
small-world/scale-free,400,44,273,87.0,330.0,126.0,128.0,325.0,325.0,89.0,199.5,0.312774269987406,4,1
small-world/scale-free,400,44,274,232.0,381.0,354.0,346.0,381.0,381.0,254.0,199.5,0.312774269987406,4,1
small-world/scale-free,400,44,275,232.0,137.0,284.0,284.0,144.0,144.0,373.0,199.5,0.312774269987406,4,1
small-world/scale-free,400,44,276,159.0,185.0,135.0,138.0,184.0,184.0,206.0,199.5,0.312774269987406,4,1
small-world/scale-free,400,44,277,159.0,369.0,254.0,252.0,368.0,368.0,167.0,199.5,0.312774269987406,4,1
small-world/scale-free,400,44,278,159.0,206.0,202.0,201.0,215.0,215.0,215.0,199.5,0.312774269987406,4,1
small-world/scale-free,400,44,279,232.0,161.0,196.0,192.0,169.0,169.0,363.0,199.5,0.312774269987406,4,1
small-world/scale-free,400,44,280,232.0,305.0,280.0,287.0,313.0,313.0,331.0,199.5,0.312774269987406,4,1
small-world/scale-free,400,44,281,121.0,155.0,81.0,84.0,145.0,145.0,128.0,199.5,0.312774269987406,4,1
small-world/scale-free,400,44,282,232.0,221.0,313.0,320.0,230.0,230.0,300.0,199.5,0.312774269987406,4,1
small-world/scale-free,400,44,283,232.0,273.0,181.0,182.0,275.0,275.0,355.0,199.5,0.312774269987406,4,1
small-world/scale-free,400,44,284,232.0,385.0,273.0,271.0,386.0,386.0,244.0,199.5,0.312774269987406,4,1
small-world/scale-free,400,44,285,159.0,270.0,139.0,134.0,272.0,272.0,190.0,199.5,0.312774269987406,4,1
small-world/scale-free,400,44,286,232.0,377.0,301.0,299.0,382.0,382.0,232.0,199.5,0.312774269987406,4,1
small-world/scale-free,400,44,287,232.0,333.0,294.0,289.0,331.0,331.0,312.0,199.5,0.312774269987406,4,1
small-world/scale-free,400,44,288,87.0,326.0,104.0,104.0,316.0,316.0,88.0,199.5,0.312774269987406,4,1
small-world/scale-free,400,44,289,64.0,151.0,71.0,69.0,132.0,132.0,73.0,199.5,0.312774269987406,4,1
small-world/scale-free,400,44,290,232.0,329.0,311.0,309.0,330.0,330.0,268.0,199.5,0.312774269987406,4,1
small-world/scale-free,400,44,291,121.0,281.0,184.0,174.0,283.0,283.0,126.0,199.5,0.312774269987406,4,1
small-world/scale-free,400,44,292,232.0,390.0,385.0,385.0,392.0,392.0,239.0,199.5,0.312774269987406,4,1
small-world/scale-free,400,44,293,121.0,237.0,178.0,180.0,226.0,226.0,133.0,199.5,0.312774269987406,4,1
small-world/scale-free,400,44,294,232.0,342.0,283.0,277.0,345.0,345.0,289.0,199.5,0.312774269987406,4,1
small-world/scale-free,400,44,295,232.0,352.0,287.0,282.0,358.0,358.0,287.0,199.5,0.312774269987406,4,1
small-world/scale-free,400,44,296,159.0,383.0,231.0,227.0,379.0,379.0,163.0,199.5,0.312774269987406,4,1
small-world/scale-free,400,44,297,232.0,376.0,238.0,230.0,375.0,375.0,248.0,199.5,0.312774269987406,4,1
small-world/scale-free,400,44,298,87.0,181.0,86.0,79.0,168.0,168.0,96.0,199.5,0.312774269987406,4,1
small-world/scale-free,400,44,299,232.0,142.0,319.0,321.0,158.0,158.0,311.0,199.5,0.312774269987406,4,1
small-world/scale-free,400,44,300,232.0,342.0,391.0,391.0,342.0,342.0,318.0,199.5,0.312774269987406,4,1
small-world/scale-free,400,44,301,232.0,367.0,333.0,323.0,372.0,372.0,237.0,199.5,0.312774269987406,4,1
small-world/scale-free,400,44,302,232.0,34.0,278.0,278.0,52.0,52.0,397.0,199.5,0.312774269987406,4,1
small-world/scale-free,400,44,303,232.0,70.0,208.0,207.0,86.0,86.0,384.0,199.5,0.312774269987406,4,1
small-world/scale-free,400,44,304,232.0,337.0,377.0,375.0,339.0,339.0,299.0,199.5,0.312774269987406,4,1
small-world/scale-free,400,44,305,232.0,398.0,279.0,273.0,397.0,397.0,243.0,199.5,0.312774269987406,4,1
small-world/scale-free,400,44,306,121.0,367.0,109.0,118.0,359.0,359.0,121.0,199.5,0.312774269987406,4,1
small-world/scale-free,400,44,307,232.0,97.0,186.0,202.0,108.0,108.0,376.0,199.5,0.312774269987406,4,1
small-world/scale-free,400,44,308,159.0,375.0,341.0,338.0,376.0,376.0,166.0,199.5,0.312774269987406,4,1
small-world/scale-free,400,44,309,232.0,349.0,267.0,267.0,347.0,347.0,281.0,199.5,0.312774269987406,4,1
small-world/scale-free,400,44,310,232.0,336.0,338.0,335.0,332.0,332.0,288.0,199.5,0.312774269987406,4,1
small-world/scale-free,400,44,311,232.0,254.0,310.0,318.0,251.0,251.0,370.0,199.5,0.312774269987406,4,1
small-world/scale-free,400,44,312,159.0,237.0,171.0,167.0,235.0,235.0,181.0,199.5,0.312774269987406,4,1
small-world/scale-free,400,44,313,121.0,294.0,137.0,131.0,291.0,291.0,127.0,199.5,0.312774269987406,4,1
small-world/scale-free,400,44,314,159.0,273.0,204.0,198.0,269.0,269.0,165.0,199.5,0.312774269987406,4,1
small-world/scale-free,400,44,315,232.0,216.0,307.0,308.0,229.0,229.0,290.0,199.5,0.312774269987406,4,1
small-world/scale-free,400,44,316,159.0,315.0,351.0,339.0,315.0,315.0,184.0,199.5,0.312774269987406,4,1
small-world/scale-free,400,44,317,159.0,361.0,281.0,269.0,357.0,357.0,187.0,199.5,0.312774269987406,4,1
small-world/scale-free,400,44,318,232.0,266.0,192.0,190.0,264.0,264.0,262.0,199.5,0.312774269987406,4,1
small-world/scale-free,400,44,319,232.0,262.0,306.0,305.0,282.0,282.0,334.0,199.5,0.312774269987406,4,1
small-world/scale-free,400,44,320,232.0,175.0,155.0,150.0,182.0,182.0,359.0,199.5,0.312774269987406,4,1
small-world/scale-free,400,44,321,232.0,93.0,269.0,279.0,113.0,113.0,375.0,199.5,0.312774269987406,4,1
small-world/scale-free,400,44,322,232.0,364.0,391.0,391.0,363.0,363.0,249.0,199.5,0.312774269987406,4,1
small-world/scale-free,400,44,323,159.0,397.0,322.0,314.0,396.0,396.0,162.0,199.5,0.312774269987406,4,1
small-world/scale-free,400,44,324,159.0,190.0,115.0,106.0,192.0,192.0,189.0,199.5,0.312774269987406,4,1
small-world/scale-free,400,44,325,232.0,195.0,145.0,147.0,202.0,202.0,361.0,199.5,0.312774269987406,4,1
small-world/scale-free,400,44,326,232.0,86.0,264.0,283.0,102.0,102.0,381.0,199.5,0.312774269987406,4,1
small-world/scale-free,400,44,327,232.0,83.0,383.0,380.0,100.0,100.0,383.0,199.5,0.312774269987406,4,1
small-world/scale-free,400,44,328,159.0,308.0,244.0,244.0,309.0,309.0,183.0,199.5,0.312774269987406,4,1
small-world/scale-free,400,44,329,159.0,386.0,305.0,304.0,384.0,384.0,173.0,199.5,0.312774269987406,4,1
small-world/scale-free,400,44,330,232.0,380.0,328.0,324.0,380.0,380.0,251.0,199.5,0.312774269987406,4,1
small-world/scale-free,400,44,331,232.0,102.0,370.0,371.0,118.0,118.0,388.0,199.5,0.312774269987406,4,1
small-world/scale-free,400,44,332,232.0,396.0,365.0,363.0,398.0,398.0,235.0,199.5,0.312774269987406,4,1
small-world/scale-free,400,44,333,232.0,373.0,332.0,332.0,373.0,373.0,265.0,199.5,0.312774269987406,4,1
small-world/scale-free,400,44,334,232.0,93.0,315.0,333.0,99.0,99.0,399.0,199.5,0.312774269987406,4,1
small-world/scale-free,400,44,335,232.0,216.0,317.0,319.0,221.0,221.0,346.0,199.5,0.312774269987406,4,1
small-world/scale-free,400,44,336,159.0,107.0,223.0,221.0,110.0,110.0,205.0,199.5,0.312774269987406,4,1
small-world/scale-free,400,44,337,232.0,253.0,355.0,350.0,267.0,267.0,324.0,199.5,0.312774269987406,4,1
small-world/scale-free,400,44,338,232.0,260.0,203.0,197.0,268.0,268.0,292.0,199.5,0.312774269987406,4,1
small-world/scale-free,400,44,339,232.0,268.0,262.0,263.0,270.0,270.0,349.0,199.5,0.312774269987406,4,1
small-world/scale-free,400,44,340,232.0,359.0,225.0,223.0,364.0,364.0,258.0,199.5,0.312774269987406,4,1
small-world/scale-free,400,44,341,232.0,148.0,356.0,364.0,156.0,156.0,385.0,199.5,0.312774269987406,4,1
small-world/scale-free,400,44,342,232.0,128.0,299.0,296.0,141.0,141.0,368.0,199.5,0.312774269987406,4,1
small-world/scale-free,400,44,343,232.0,331.0,334.0,330.0,333.0,333.0,266.0,199.5,0.312774269987406,4,1
small-world/scale-free,400,44,344,232.0,305.0,253.0,248.0,314.0,314.0,269.0,199.5,0.312774269987406,4,1
small-world/scale-free,400,44,345,232.0,323.0,257.0,256.0,324.0,324.0,319.0,199.5,0.312774269987406,4,1
small-world/scale-free,400,44,346,232.0,251.0,300.0,302.0,271.0,271.0,327.0,199.5,0.312774269987406,4,1
small-world/scale-free,400,44,347,232.0,213.0,371.0,377.0,223.0,223.0,354.0,199.5,0.312774269987406,4,1
small-world/scale-free,400,44,348,232.0,210.0,326.0,325.0,217.0,217.0,303.0,199.5,0.312774269987406,4,1
small-world/scale-free,400,44,349,232.0,234.0,349.0,361.0,231.0,231.0,307.0,199.5,0.312774269987406,4,1
small-world/scale-free,400,44,350,232.0,377.0,347.0,342.0,377.0,377.0,276.0,199.5,0.312774269987406,4,1
small-world/scale-free,400,44,351,232.0,191.0,169.0,178.0,191.0,191.0,317.0,199.5,0.312774269987406,4,1
small-world/scale-free,400,44,352,232.0,164.0,235.0,240.0,172.0,172.0,293.0,199.5,0.312774269987406,4,1
small-world/scale-free,400,44,353,232.0,149.0,232.0,231.0,160.0,160.0,316.0,199.5,0.312774269987406,4,1
small-world/scale-free,400,44,354,232.0,105.0,174.0,194.0,116.0,116.0,348.0,199.5,0.312774269987406,4,1
small-world/scale-free,400,44,355,232.0,399.0,391.0,391.0,399.0,399.0,233.0,199.5,0.312774269987406,4,1
small-world/scale-free,400,44,356,232.0,312.0,342.0,337.0,317.0,317.0,308.0,199.5,0.312774269987406,4,1
small-world/scale-free,400,44,357,232.0,232.0,376.0,376.0,234.0,234.0,338.0,199.5,0.312774269987406,4,1
small-world/scale-free,400,44,358,232.0,150.0,230.0,229.0,149.0,149.0,374.0,199.5,0.312774269987406,4,1
small-world/scale-free,400,44,359,232.0,72.0,147.0,156.0,80.0,80.0,396.0,199.5,0.312774269987406,4,1
small-world/scale-free,400,44,360,232.0,226.0,150.0,151.0,237.0,237.0,284.0,199.5,0.312774269987406,4,1
small-world/scale-free,400,44,361,159.0,374.0,247.0,234.0,371.0,371.0,160.0,199.5,0.312774269987406,4,1
small-world/scale-free,400,44,362,232.0,360.0,245.0,236.0,365.0,365.0,245.0,199.5,0.312774269987406,4,1
small-world/scale-free,400,44,363,232.0,228.0,288.0,288.0,245.0,245.0,279.0,199.5,0.312774269987406,4,1
small-world/scale-free,400,44,364,232.0,210.0,191.0,199.0,211.0,211.0,301.0,199.5,0.312774269987406,4,1
small-world/scale-free,400,44,365,232.0,234.0,271.0,264.0,246.0,246.0,272.0,199.5,0.312774269987406,4,1
small-world/scale-free,400,44,366,232.0,326.0,219.0,214.0,328.0,328.0,280.0,199.5,0.312774269987406,4,1
small-world/scale-free,400,44,367,232.0,166.0,143.0,139.0,170.0,170.0,291.0,199.5,0.312774269987406,4,1
small-world/scale-free,400,44,368,232.0,392.0,391.0,391.0,394.0,394.0,236.0,199.5,0.312774269987406,4,1
small-world/scale-free,400,44,369,232.0,400.0,391.0,391.0,400.0,400.0,238.0,199.5,0.312774269987406,4,1
small-world/scale-free,400,44,370,232.0,290.0,391.0,391.0,299.0,299.0,389.0,199.5,0.312774269987406,4,1
small-world/scale-free,400,44,371,232.0,236.0,248.0,241.0,249.0,249.0,259.0,199.5,0.312774269987406,4,1
small-world/scale-free,400,44,372,159.0,228.0,161.0,154.0,232.0,232.0,204.0,199.5,0.312774269987406,4,1
small-world/scale-free,400,44,373,159.0,301.0,251.0,247.0,296.0,296.0,191.0,199.5,0.312774269987406,4,1
small-world/scale-free,400,44,374,232.0,388.0,302.0,306.0,387.0,387.0,242.0,199.5,0.312774269987406,4,1
small-world/scale-free,400,44,375,232.0,334.0,296.0,294.0,334.0,334.0,264.0,199.5,0.312774269987406,4,1
small-world/scale-free,400,44,376,232.0,347.0,362.0,365.0,349.0,349.0,255.0,199.5,0.312774269987406,4,1
small-world/scale-free,400,44,377,232.0,251.0,345.0,341.0,256.0,256.0,273.0,199.5,0.312774269987406,4,1
small-world/scale-free,400,44,378,159.0,309.0,148.0,145.0,301.0,301.0,176.0,199.5,0.312774269987406,4,1
small-world/scale-free,400,44,379,232.0,354.0,309.0,300.0,354.0,354.0,274.0,199.5,0.312774269987406,4,1
small-world/scale-free,400,44,380,232.0,240.0,378.0,378.0,242.0,242.0,351.0,199.5,0.312774269987406,4,1
small-world/scale-free,400,44,381,232.0,393.0,388.0,388.0,393.0,393.0,267.0,199.5,0.312774269987406,4,1
small-world/scale-free,400,44,382,232.0,267.0,387.0,387.0,281.0,281.0,323.0,199.5,0.312774269987406,4,1
small-world/scale-free,400,44,383,232.0,277.0,173.0,170.0,278.0,278.0,271.0,199.5,0.312774269987406,4,1
small-world/scale-free,400,44,384,159.0,341.0,295.0,295.0,336.0,336.0,164.0,199.5,0.312774269987406,4,1
small-world/scale-free,400,44,385,232.0,162.0,195.0,184.0,164.0,164.0,379.0,199.5,0.312774269987406,4,1
small-world/scale-free,400,44,386,232.0,387.0,364.0,358.0,390.0,390.0,252.0,199.5,0.312774269987406,4,1
small-world/scale-free,400,44,387,232.0,299.0,293.0,303.0,302.0,302.0,305.0,199.5,0.312774269987406,4,1
small-world/scale-free,400,44,388,232.0,345.0,373.0,374.0,344.0,344.0,270.0,199.5,0.312774269987406,4,1
small-world/scale-free,400,44,389,232.0,328.0,340.0,328.0,341.0,341.0,247.0,199.5,0.312774269987406,4,1
small-world/scale-free,400,44,390,232.0,216.0,286.0,285.0,236.0,236.0,367.0,199.5,0.312774269987406,4,1
small-world/scale-free,400,44,391,232.0,389.0,390.0,390.0,388.0,388.0,282.0,199.5,0.312774269987406,4,1
small-world/scale-free,400,44,392,232.0,309.0,216.0,211.0,305.0,305.0,314.0,199.5,0.312774269987406,4,1
small-world/scale-free,400,44,393,232.0,382.0,358.0,356.0,385.0,385.0,234.0,199.5,0.312774269987406,4,1
small-world/scale-free,400,44,394,232.0,256.0,158.0,165.0,273.0,273.0,297.0,199.5,0.312774269987406,4,1
small-world/scale-free,400,44,395,232.0,347.0,381.0,383.0,352.0,352.0,294.0,199.5,0.312774269987406,4,1
small-world/scale-free,400,44,396,232.0,141.0,152.0,153.0,154.0,154.0,256.0,199.5,0.312774269987406,4,1
small-world/scale-free,400,44,397,232.0,372.0,382.0,382.0,374.0,374.0,246.0,199.5,0.312774269987406,4,1
small-world/scale-free,400,44,398,232.0,242.0,239.0,249.0,255.0,255.0,333.0,199.5,0.312774269987406,4,1
small-world/scale-free,400,44,399,232.0,324.0,386.0,386.0,335.0,335.0,283.0,199.5,0.312774269987406,4,1
