small-world/scale-free,400,45,0,2.0,2.0,2.0,2.0,2.0,2.0,2.0,199.5,0.30475377538542514,4,1
small-world/scale-free,400,45,1,3.0,6.0,3.0,3.0,6.0,6.0,3.0,199.5,0.30475377538542514,4,1
small-world/scale-free,400,45,2,9.0,7.0,9.0,9.0,9.0,9.0,9.0,199.5,0.30475377538542514,4,1
small-world/scale-free,400,45,3,1.0,1.0,1.0,1.0,1.0,1.0,1.0,199.5,0.30475377538542514,4,1
small-world/scale-free,400,45,4,12.0,10.0,11.0,12.0,10.0,10.0,12.0,199.5,0.30475377538542514,4,1
small-world/scale-free,400,45,5,8.0,8.0,8.0,8.0,7.0,7.0,8.0,199.5,0.30475377538542514,4,1
small-world/scale-free,400,45,6,51.0,58.0,51.0,51.0,62.0,62.0,63.0,199.5,0.30475377538542514,4,1
small-world/scale-free,400,45,7,7.0,3.0,5.0,5.0,4.0,4.0,7.0,199.5,0.30475377538542514,4,1
small-world/scale-free,400,45,8,5.0,5.0,6.0,6.0,5.0,5.0,5.0,199.5,0.30475377538542514,4,1
small-world/scale-free,400,45,9,4.0,4.0,4.0,4.0,3.0,3.0,4.0,199.5,0.30475377538542514,4,1
small-world/scale-free,400,45,10,6.0,9.0,7.0,7.0,8.0,8.0,6.0,199.5,0.30475377538542514,4,1
small-world/scale-free,400,45,11,13.0,13.0,16.0,16.0,13.0,13.0,14.0,199.5,0.30475377538542514,4,1
small-world/scale-free,400,45,12,13.0,16.0,14.0,14.0,14.0,14.0,13.0,199.5,0.30475377538542514,4,1
small-world/scale-free,400,45,13,84.0,79.0,94.0,94.0,75.0,75.0,103.0,199.5,0.30475377538542514,4,1
small-world/scale-free,400,45,14,243.0,140.0,387.0,387.0,146.0,146.0,399.0,199.5,0.30475377538542514,4,1
small-world/scale-free,400,45,15,84.0,25.0,92.0,96.0,29.0,29.0,106.0,199.5,0.30475377538542514,4,1
small-world/scale-free,400,45,16,10.0,18.0,12.0,11.0,15.0,15.0,10.0,199.5,0.30475377538542514,4,1
small-world/scale-free,400,45,17,11.0,11.0,10.0,10.0,11.0,11.0,11.0,199.5,0.30475377538542514,4,1
small-world/scale-free,400,45,18,84.0,28.0,104.0,106.0,39.0,39.0,105.0,199.5,0.30475377538542514,4,1
small-world/scale-free,400,45,19,26.0,14.0,17.0,17.0,16.0,16.0,26.0,199.5,0.30475377538542514,4,1
small-world/scale-free,400,45,20,45.0,44.0,42.0,42.0,40.0,40.0,49.0,199.5,0.30475377538542514,4,1
small-world/scale-free,400,45,21,26.0,15.0,20.0,21.0,17.0,17.0,28.0,199.5,0.30475377538542514,4,1
small-world/scale-free,400,45,22,51.0,31.0,46.0,46.0,34.0,34.0,61.0,199.5,0.30475377538542514,4,1
small-world/scale-free,400,45,23,16.0,12.0,13.0,13.0,12.0,12.0,17.0,199.5,0.30475377538542514,4,1
small-world/scale-free,400,45,24,29.0,17.0,23.0,23.0,20.0,20.0,33.0,199.5,0.30475377538542514,4,1
small-world/scale-free,400,45,25,45.0,57.0,45.0,45.0,46.0,46.0,47.0,199.5,0.30475377538542514,4,1
small-world/scale-free,400,45,26,64.0,26.0,62.0,64.0,31.0,31.0,83.0,199.5,0.30475377538542514,4,1
small-world/scale-free,400,45,27,13.0,19.0,19.0,18.0,18.0,18.0,15.0,199.5,0.30475377538542514,4,1
small-world/scale-free,400,45,28,84.0,36.0,108.0,111.0,41.0,41.0,107.0,199.5,0.30475377538542514,4,1
small-world/scale-free,400,45,29,29.0,24.0,27.0,27.0,23.0,23.0,32.0,199.5,0.30475377538542514,4,1
small-world/scale-free,400,45,30,51.0,88.0,49.0,50.0,82.0,82.0,54.0,199.5,0.30475377538542514,4,1
small-world/scale-free,400,45,31,84.0,53.0,83.0,85.0,60.0,60.0,110.0,199.5,0.30475377538542514,4,1
small-world/scale-free,400,45,32,20.0,20.0,18.0,19.0,19.0,19.0,24.0,199.5,0.30475377538542514,4,1
small-world/scale-free,400,45,33,45.0,51.0,40.0,38.0,48.0,48.0,50.0,199.5,0.30475377538542514,4,1
small-world/scale-free,400,45,34,64.0,114.0,76.0,75.0,108.0,108.0,78.0,199.5,0.30475377538542514,4,1
small-world/scale-free,400,45,35,38.0,126.0,37.0,37.0,104.0,104.0,42.0,199.5,0.30475377538542514,4,1
small-world/scale-free,400,45,36,45.0,76.0,54.0,54.0,65.0,65.0,48.0,199.5,0.30475377538542514,4,1
small-world/scale-free,400,45,37,162.0,72.0,124.0,126.0,79.0,79.0,242.0,199.5,0.30475377538542514,4,1
small-world/scale-free,400,45,38,64.0,83.0,68.0,68.0,77.0,77.0,82.0,199.5,0.30475377538542514,4,1
small-world/scale-free,400,45,39,111.0,122.0,126.0,135.0,114.0,114.0,158.0,199.5,0.30475377538542514,4,1
small-world/scale-free,400,45,40,18.0,33.0,21.0,20.0,24.0,24.0,19.0,199.5,0.30475377538542514,4,1
small-world/scale-free,400,45,41,20.0,28.0,22.0,22.0,25.0,25.0,25.0,199.5,0.30475377538542514,4,1
small-world/scale-free,400,45,42,20.0,69.0,25.0,25.0,38.0,38.0,22.0,199.5,0.30475377538542514,4,1
small-world/scale-free,400,45,43,26.0,22.0,29.0,29.0,22.0,22.0,27.0,199.5,0.30475377538542514,4,1
small-world/scale-free,400,45,44,51.0,60.0,97.0,95.0,63.0,63.0,62.0,199.5,0.30475377538542514,4,1
small-world/scale-free,400,45,45,38.0,49.0,38.0,40.0,44.0,44.0,44.0,199.5,0.30475377538542514,4,1
small-world/scale-free,400,45,46,29.0,31.0,26.0,26.0,26.0,26.0,31.0,199.5,0.30475377538542514,4,1
small-world/scale-free,400,45,47,111.0,93.0,141.0,143.0,95.0,95.0,161.0,199.5,0.30475377538542514,4,1
small-world/scale-free,400,45,48,16.0,21.0,15.0,15.0,21.0,21.0,16.0,199.5,0.30475377538542514,4,1
small-world/scale-free,400,45,49,20.0,84.0,34.0,34.0,52.0,52.0,20.0,199.5,0.30475377538542514,4,1
small-world/scale-free,400,45,50,111.0,67.0,90.0,97.0,72.0,72.0,153.0,199.5,0.30475377538542514,4,1
small-world/scale-free,400,45,51,35.0,53.0,39.0,39.0,45.0,45.0,37.0,199.5,0.30475377538542514,4,1
small-world/scale-free,400,45,52,111.0,42.0,116.0,118.0,55.0,55.0,157.0,199.5,0.30475377538542514,4,1
small-world/scale-free,400,45,53,20.0,53.0,24.0,24.0,32.0,32.0,23.0,199.5,0.30475377538542514,4,1
small-world/scale-free,400,45,54,84.0,103.0,119.0,116.0,103.0,103.0,99.0,199.5,0.30475377538542514,4,1
small-world/scale-free,400,45,55,34.0,72.0,33.0,32.0,53.0,53.0,34.0,199.5,0.30475377538542514,4,1
small-world/scale-free,400,45,56,29.0,37.0,30.0,30.0,30.0,30.0,30.0,199.5,0.30475377538542514,4,1
small-world/scale-free,400,45,57,29.0,67.0,35.0,35.0,51.0,51.0,29.0,199.5,0.30475377538542514,4,1
small-world/scale-free,400,45,58,84.0,101.0,105.0,104.0,101.0,101.0,95.0,199.5,0.30475377538542514,4,1
small-world/scale-free,400,45,59,35.0,208.0,64.0,62.0,159.0,159.0,36.0,199.5,0.30475377538542514,4,1
small-world/scale-free,400,45,60,111.0,80.0,81.0,83.0,80.0,80.0,156.0,199.5,0.30475377538542514,4,1
small-world/scale-free,400,45,61,51.0,35.0,43.0,44.0,36.0,36.0,56.0,199.5,0.30475377538542514,4,1
small-world/scale-free,400,45,62,243.0,121.0,324.0,329.0,128.0,128.0,394.0,199.5,0.30475377538542514,4,1
small-world/scale-free,400,45,63,162.0,270.0,283.0,283.0,283.0,283.0,188.0,199.5,0.30475377538542514,4,1
small-world/scale-free,400,45,64,38.0,274.0,88.0,88.0,245.0,245.0,41.0,199.5,0.30475377538542514,4,1
small-world/scale-free,400,45,65,84.0,91.0,70.0,70.0,87.0,87.0,102.0,199.5,0.30475377538542514,4,1
small-world/scale-free,400,45,66,64.0,174.0,79.0,82.0,158.0,158.0,80.0,199.5,0.30475377538542514,4,1
small-world/scale-free,400,45,67,64.0,301.0,91.0,91.0,281.0,281.0,74.0,199.5,0.30475377538542514,4,1
small-world/scale-free,400,45,68,38.0,23.0,28.0,28.0,27.0,27.0,38.0,199.5,0.30475377538542514,4,1
small-world/scale-free,400,45,69,64.0,64.0,52.0,52.0,70.0,70.0,77.0,199.5,0.30475377538542514,4,1
small-world/scale-free,400,45,70,111.0,136.0,101.0,101.0,131.0,131.0,152.0,199.5,0.30475377538542514,4,1
small-world/scale-free,400,45,71,84.0,173.0,80.0,81.0,165.0,165.0,93.0,199.5,0.30475377538542514,4,1
small-world/scale-free,400,45,72,51.0,27.0,47.0,47.0,33.0,33.0,59.0,199.5,0.30475377538542514,4,1
small-world/scale-free,400,45,73,35.0,48.0,36.0,36.0,43.0,43.0,35.0,199.5,0.30475377538542514,4,1
small-world/scale-free,400,45,74,38.0,208.0,86.0,79.0,183.0,183.0,39.0,199.5,0.30475377538542514,4,1
small-world/scale-free,400,45,75,162.0,167.0,220.0,224.0,169.0,169.0,223.0,199.5,0.30475377538542514,4,1
small-world/scale-free,400,45,76,51.0,114.0,55.0,56.0,100.0,100.0,58.0,199.5,0.30475377538542514,4,1
small-world/scale-free,400,45,77,162.0,219.0,163.0,169.0,225.0,225.0,213.0,199.5,0.30475377538542514,4,1
small-world/scale-free,400,45,78,243.0,136.0,363.0,362.0,143.0,143.0,387.0,199.5,0.30475377538542514,4,1
small-world/scale-free,400,45,79,84.0,304.0,133.0,131.0,299.0,299.0,91.0,199.5,0.30475377538542514,4,1
small-world/scale-free,400,45,80,18.0,65.0,32.0,33.0,37.0,37.0,18.0,199.5,0.30475377538542514,4,1
small-world/scale-free,400,45,81,20.0,37.0,31.0,31.0,28.0,28.0,21.0,199.5,0.30475377538542514,4,1
small-world/scale-free,400,45,82,84.0,39.0,77.0,78.0,49.0,49.0,108.0,199.5,0.30475377538542514,4,1
small-world/scale-free,400,45,83,243.0,227.0,256.0,256.0,234.0,234.0,371.0,199.5,0.30475377538542514,4,1
small-world/scale-free,400,45,84,111.0,258.0,142.0,145.0,244.0,244.0,151.0,199.5,0.30475377538542514,4,1
small-world/scale-free,400,45,85,64.0,58.0,59.0,60.0,68.0,68.0,75.0,199.5,0.30475377538542514,4,1
small-world/scale-free,400,45,86,162.0,105.0,182.0,180.0,112.0,112.0,237.0,199.5,0.30475377538542514,4,1
small-world/scale-free,400,45,87,162.0,153.0,148.0,149.0,152.0,152.0,220.0,199.5,0.30475377538542514,4,1
small-world/scale-free,400,45,88,84.0,88.0,61.0,61.0,90.0,90.0,86.0,199.5,0.30475377538542514,4,1
small-world/scale-free,400,45,89,64.0,252.0,100.0,100.0,249.0,249.0,64.0,199.5,0.30475377538542514,4,1
small-world/scale-free,400,45,90,51.0,99.0,72.0,71.0,89.0,89.0,55.0,199.5,0.30475377538542514,4,1
small-world/scale-free,400,45,91,243.0,60.0,153.0,159.0,74.0,74.0,380.0,199.5,0.30475377538542514,4,1
small-world/scale-free,400,45,92,64.0,28.0,75.0,77.0,35.0,35.0,79.0,199.5,0.30475377538542514,4,1
small-world/scale-free,400,45,93,111.0,284.0,166.0,160.0,280.0,280.0,126.0,199.5,0.30475377538542514,4,1
small-world/scale-free,400,45,94,162.0,261.0,226.0,216.0,262.0,262.0,207.0,199.5,0.30475377538542514,4,1
small-world/scale-free,400,45,95,162.0,170.0,328.0,325.0,167.0,167.0,228.0,199.5,0.30475377538542514,4,1
small-world/scale-free,400,45,96,38.0,53.0,65.0,63.0,54.0,54.0,43.0,199.5,0.30475377538542514,4,1
small-world/scale-free,400,45,97,111.0,311.0,159.0,155.0,310.0,310.0,128.0,199.5,0.30475377538542514,4,1
small-world/scale-free,400,45,98,162.0,329.0,184.0,190.0,325.0,325.0,181.0,199.5,0.30475377538542514,4,1
small-world/scale-free,400,45,99,45.0,86.0,41.0,41.0,71.0,71.0,45.0,199.5,0.30475377538542514,4,1
small-world/scale-free,400,45,100,111.0,110.0,99.0,99.0,110.0,110.0,154.0,199.5,0.30475377538542514,4,1
small-world/scale-free,400,45,101,84.0,286.0,113.0,112.0,263.0,263.0,101.0,199.5,0.30475377538542514,4,1
small-world/scale-free,400,45,102,243.0,47.0,321.0,336.0,61.0,61.0,397.0,199.5,0.30475377538542514,4,1
small-world/scale-free,400,45,103,45.0,123.0,48.0,48.0,106.0,106.0,46.0,199.5,0.30475377538542514,4,1
small-world/scale-free,400,45,104,111.0,132.0,125.0,128.0,133.0,133.0,159.0,199.5,0.30475377538542514,4,1
small-world/scale-free,400,45,105,162.0,78.0,102.0,105.0,86.0,86.0,225.0,199.5,0.30475377538542514,4,1
small-world/scale-free,400,45,106,111.0,219.0,127.0,122.0,218.0,218.0,143.0,199.5,0.30475377538542514,4,1
small-world/scale-free,400,45,107,243.0,291.0,364.0,364.0,296.0,296.0,360.0,199.5,0.30475377538542514,4,1
small-world/scale-free,400,45,108,84.0,132.0,103.0,109.0,127.0,127.0,100.0,199.5,0.30475377538542514,4,1
small-world/scale-free,400,45,109,162.0,155.0,175.0,176.0,156.0,156.0,241.0,199.5,0.30475377538542514,4,1
small-world/scale-free,400,45,110,111.0,326.0,277.0,277.0,317.0,317.0,129.0,199.5,0.30475377538542514,4,1
small-world/scale-free,400,45,111,243.0,132.0,316.0,328.0,147.0,147.0,396.0,199.5,0.30475377538542514,4,1
small-world/scale-free,400,45,112,51.0,145.0,71.0,72.0,121.0,121.0,60.0,199.5,0.30475377538542514,4,1
small-world/scale-free,400,45,113,111.0,195.0,93.0,90.0,189.0,189.0,145.0,199.5,0.30475377538542514,4,1
small-world/scale-free,400,45,114,111.0,308.0,234.0,240.0,309.0,309.0,139.0,199.5,0.30475377538542514,4,1
small-world/scale-free,400,45,115,162.0,114.0,216.0,229.0,117.0,117.0,239.0,199.5,0.30475377538542514,4,1
small-world/scale-free,400,45,116,243.0,123.0,334.0,338.0,124.0,124.0,391.0,199.5,0.30475377538542514,4,1
small-world/scale-free,400,45,117,84.0,306.0,136.0,133.0,303.0,303.0,96.0,199.5,0.30475377538542514,4,1
small-world/scale-free,400,45,118,162.0,156.0,362.0,357.0,160.0,160.0,214.0,199.5,0.30475377538542514,4,1
small-world/scale-free,400,45,119,162.0,128.0,350.0,342.0,135.0,135.0,219.0,199.5,0.30475377538542514,4,1
small-world/scale-free,400,45,120,162.0,263.0,262.0,269.0,269.0,269.0,200.0,199.5,0.30475377538542514,4,1
small-world/scale-free,400,45,121,111.0,288.0,134.0,132.0,286.0,286.0,124.0,199.5,0.30475377538542514,4,1
small-world/scale-free,400,45,122,84.0,136.0,114.0,115.0,130.0,130.0,90.0,199.5,0.30475377538542514,4,1
small-world/scale-free,400,45,123,162.0,148.0,139.0,137.0,140.0,140.0,222.0,199.5,0.30475377538542514,4,1
small-world/scale-free,400,45,124,64.0,105.0,58.0,59.0,109.0,109.0,76.0,199.5,0.30475377538542514,4,1
small-world/scale-free,400,45,125,64.0,63.0,60.0,58.0,67.0,67.0,73.0,199.5,0.30475377538542514,4,1
small-world/scale-free,400,45,126,243.0,287.0,211.0,211.0,287.0,288.0,363.0,199.5,0.30475377538542514,4,1
small-world/scale-free,400,45,127,111.0,179.0,122.0,124.0,175.0,175.0,140.0,199.5,0.30475377538542514,4,1
small-world/scale-free,400,45,128,243.0,231.0,317.0,315.0,240.0,240.0,356.0,199.5,0.30475377538542514,4,1
small-world/scale-free,400,45,129,84.0,305.0,146.0,138.0,295.0,295.0,85.0,199.5,0.30475377538542514,4,1
small-world/scale-free,400,45,130,38.0,66.0,50.0,49.0,58.0,58.0,40.0,199.5,0.30475377538542514,4,1
small-world/scale-free,400,45,131,162.0,274.0,347.0,348.0,285.0,285.0,197.0,199.5,0.30475377538542514,4,1
small-world/scale-free,400,45,132,162.0,170.0,173.0,173.0,171.0,171.0,210.0,199.5,0.30475377538542514,4,1
small-world/scale-free,400,45,133,64.0,62.0,57.0,57.0,69.0,69.0,70.0,199.5,0.30475377538542514,4,1
small-world/scale-free,400,45,134,162.0,280.0,281.0,275.0,277.0,277.0,203.0,199.5,0.30475377538542514,4,1
small-world/scale-free,400,45,135,84.0,34.0,121.0,129.0,42.0,42.0,109.0,199.5,0.30475377538542514,4,1
small-world/scale-free,400,45,136,243.0,329.0,336.0,331.0,338.0,338.0,291.0,199.5,0.30475377538542514,4,1
small-world/scale-free,400,45,137,111.0,150.0,162.0,167.0,134.0,134.0,144.0,199.5,0.30475377538542514,4,1
small-world/scale-free,400,45,138,84.0,82.0,53.0,53.0,83.0,83.0,92.0,199.5,0.30475377538542514,4,1
small-world/scale-free,400,45,139,162.0,331.0,177.0,175.0,329.0,329.0,167.0,199.5,0.30475377538542514,4,1
small-world/scale-free,400,45,140,243.0,249.0,270.0,267.0,255.0,255.0,331.0,199.5,0.30475377538542514,4,1
small-world/scale-free,400,45,141,51.0,99.0,44.0,43.0,85.0,85.0,57.0,199.5,0.30475377538542514,4,1
small-world/scale-free,400,45,142,111.0,215.0,111.0,110.0,216.0,216.0,115.0,199.5,0.30475377538542514,4,1
small-world/scale-free,400,45,143,162.0,130.0,263.0,270.0,122.0,122.0,231.0,199.5,0.30475377538542514,4,1
small-world/scale-free,400,45,144,51.0,218.0,78.0,76.0,202.0,202.0,52.0,199.5,0.30475377538542514,4,1
small-world/scale-free,400,45,145,243.0,300.0,227.0,219.0,300.0,300.0,306.0,199.5,0.30475377538542514,4,1
small-world/scale-free,400,45,146,162.0,52.0,200.0,200.0,66.0,66.0,227.0,199.5,0.30475377538542514,4,1
small-world/scale-free,400,45,147,84.0,191.0,85.0,80.0,182.0,182.0,88.0,199.5,0.30475377538542514,4,1
small-world/scale-free,400,45,148,243.0,340.0,331.0,326.0,349.0,349.0,285.0,199.5,0.30475377538542514,4,1
small-world/scale-free,400,45,149,243.0,292.0,342.0,343.0,301.0,301.0,337.0,199.5,0.30475377538542514,4,1
small-world/scale-free,400,45,150,111.0,183.0,117.0,117.0,187.0,187.0,136.0,199.5,0.30475377538542514,4,1
small-world/scale-free,400,45,151,243.0,150.0,371.0,369.0,154.0,154.0,370.0,199.5,0.30475377538542514,4,1
small-world/scale-free,400,45,152,64.0,102.0,74.0,74.0,99.0,99.0,72.0,199.5,0.30475377538542514,4,1
small-world/scale-free,400,45,153,51.0,162.0,69.0,69.0,156.0,156.0,53.0,199.5,0.30475377538542514,4,1
small-world/scale-free,400,45,154,84.0,257.0,169.0,168.0,250.0,250.0,94.0,199.5,0.30475377538542514,4,1
small-world/scale-free,400,45,155,111.0,308.0,174.0,171.0,313.0,313.0,117.0,199.5,0.30475377538542514,4,1
small-world/scale-free,400,45,156,243.0,280.0,312.0,312.0,294.0,294.0,327.0,199.5,0.30475377538542514,4,1
small-world/scale-free,400,45,157,243.0,347.0,356.0,358.0,353.0,353.0,297.0,199.5,0.30475377538542514,4,1
small-world/scale-free,400,45,158,243.0,350.0,387.0,387.0,351.0,351.0,354.0,199.5,0.30475377538542514,4,1
small-world/scale-free,400,45,159,162.0,331.0,190.0,199.0,322.0,322.0,182.0,199.5,0.30475377538542514,4,1
small-world/scale-free,400,45,160,243.0,120.0,224.0,233.0,137.0,137.0,340.0,199.5,0.30475377538542514,4,1
small-world/scale-free,400,45,161,243.0,267.0,332.0,333.0,267.0,267.0,372.0,199.5,0.30475377538542514,4,1
small-world/scale-free,400,45,162,111.0,284.0,150.0,157.0,274.0,274.0,142.0,199.5,0.30475377538542514,4,1
small-world/scale-free,400,45,163,162.0,108.0,165.0,178.0,105.0,105.0,229.0,199.5,0.30475377538542514,4,1
small-world/scale-free,400,45,164,111.0,93.0,196.0,189.0,90.0,90.0,148.0,199.5,0.30475377538542514,4,1
small-world/scale-free,400,45,165,162.0,373.0,265.0,260.0,369.0,369.0,189.0,199.5,0.30475377538542514,4,1
small-world/scale-free,400,45,166,111.0,196.0,154.0,139.0,214.0,214.0,114.0,199.5,0.30475377538542514,4,1
small-world/scale-free,400,45,167,162.0,144.0,313.0,324.0,142.0,142.0,240.0,199.5,0.30475377538542514,4,1
small-world/scale-free,400,45,168,111.0,323.0,156.0,150.0,318.0,318.0,113.0,199.5,0.30475377538542514,4,1
small-world/scale-free,400,45,169,162.0,311.0,198.0,201.0,307.0,307.0,221.0,199.5,0.30475377538542514,4,1
small-world/scale-free,400,45,170,64.0,114.0,110.0,108.0,107.0,107.0,81.0,199.5,0.30475377538542514,4,1
small-world/scale-free,400,45,171,111.0,211.0,189.0,188.0,208.0,208.0,150.0,199.5,0.30475377538542514,4,1
small-world/scale-free,400,45,172,162.0,148.0,135.0,136.0,145.0,145.0,172.0,199.5,0.30475377538542514,4,1
small-world/scale-free,400,45,173,111.0,225.0,131.0,123.0,204.0,204.0,131.0,199.5,0.30475377538542514,4,1
small-world/scale-free,400,45,174,51.0,158.0,56.0,55.0,141.0,141.0,51.0,199.5,0.30475377538542514,4,1
small-world/scale-free,400,45,175,243.0,196.0,360.0,361.0,212.0,212.0,366.0,199.5,0.30475377538542514,4,1
small-world/scale-free,400,45,176,64.0,297.0,181.0,162.0,287.0,287.0,66.0,199.5,0.30475377538542514,4,1
small-world/scale-free,400,45,177,162.0,378.0,238.0,218.0,377.0,377.0,166.0,199.5,0.30475377538542514,4,1
small-world/scale-free,400,45,178,111.0,213.0,87.0,86.0,192.0,192.0,118.0,199.5,0.30475377538542514,4,1
small-world/scale-free,400,45,179,243.0,191.0,276.0,288.0,201.0,201.0,390.0,199.5,0.30475377538542514,4,1
small-world/scale-free,400,45,180,111.0,114.0,213.0,210.0,119.0,119.0,141.0,199.5,0.30475377538542514,4,1
small-world/scale-free,400,45,181,162.0,217.0,212.0,204.0,220.0,220.0,191.0,199.5,0.30475377538542514,4,1
small-world/scale-free,400,45,182,243.0,108.0,374.0,373.0,123.0,123.0,381.0,199.5,0.30475377538542514,4,1
small-world/scale-free,400,45,183,162.0,213.0,170.0,170.0,215.0,215.0,177.0,199.5,0.30475377538542514,4,1
small-world/scale-free,400,45,184,84.0,159.0,84.0,87.0,148.0,148.0,98.0,199.5,0.30475377538542514,4,1
small-world/scale-free,400,45,185,243.0,238.0,228.0,228.0,237.0,237.0,320.0,199.5,0.30475377538542514,4,1
small-world/scale-free,400,45,186,111.0,336.0,221.0,226.0,333.0,333.0,116.0,199.5,0.30475377538542514,4,1
small-world/scale-free,400,45,187,243.0,314.0,327.0,320.0,315.0,315.0,333.0,199.5,0.30475377538542514,4,1
small-world/scale-free,400,45,188,243.0,241.0,314.0,310.0,233.0,233.0,350.0,199.5,0.30475377538542514,4,1
small-world/scale-free,400,45,189,84.0,45.0,95.0,92.0,50.0,50.0,104.0,199.5,0.30475377538542514,4,1
small-world/scale-free,400,45,190,243.0,319.0,323.0,321.0,327.0,327.0,302.0,199.5,0.30475377538542514,4,1
small-world/scale-free,400,45,191,111.0,273.0,171.0,164.0,275.0,275.0,134.0,199.5,0.30475377538542514,4,1
small-world/scale-free,400,45,192,84.0,189.0,120.0,121.0,181.0,181.0,97.0,199.5,0.30475377538542514,4,1
small-world/scale-free,400,45,193,111.0,230.0,167.0,163.0,213.0,213.0,160.0,199.5,0.30475377538542514,4,1
small-world/scale-free,400,45,194,111.0,346.0,259.0,261.0,331.0,331.0,135.0,199.5,0.30475377538542514,4,1
small-world/scale-free,400,45,195,243.0,289.0,335.0,335.0,291.0,291.0,342.0,199.5,0.30475377538542514,4,1
small-world/scale-free,400,45,196,243.0,364.0,384.0,385.0,366.0,366.0,293.0,199.5,0.30475377538542514,4,1
small-world/scale-free,400,45,197,111.0,254.0,179.0,179.0,252.0,252.0,146.0,199.5,0.30475377538542514,4,1
small-world/scale-free,400,45,198,243.0,266.0,286.0,294.0,273.0,273.0,332.0,199.5,0.30475377538542514,4,1
small-world/scale-free,400,45,199,243.0,292.0,269.0,273.0,292.0,292.0,358.0,199.5,0.30475377538542514,4,1
small-world/scale-free,400,45,200,162.0,176.0,176.0,182.0,180.0,180.0,216.0,199.5,0.30475377538542514,4,1
small-world/scale-free,400,45,201,162.0,140.0,199.0,212.0,132.0,132.0,226.0,199.5,0.30475377538542514,4,1
small-world/scale-free,400,45,202,243.0,130.0,380.0,381.0,143.0,143.0,383.0,199.5,0.30475377538542514,4,1
small-world/scale-free,400,45,203,162.0,323.0,319.0,314.0,330.0,330.0,175.0,199.5,0.30475377538542514,4,1
small-world/scale-free,400,45,204,64.0,321.0,158.0,158.0,311.0,311.0,67.0,199.5,0.30475377538542514,4,1
small-world/scale-free,400,45,205,111.0,344.0,230.0,225.0,345.0,345.0,112.0,199.5,0.30475377538542514,4,1
small-world/scale-free,400,45,206,162.0,231.0,186.0,185.0,210.0,210.0,193.0,199.5,0.30475377538542514,4,1
small-world/scale-free,400,45,207,243.0,393.0,284.0,280.0,395.0,395.0,244.0,199.5,0.30475377538542514,4,1
small-world/scale-free,400,45,208,64.0,43.0,66.0,66.0,47.0,47.0,71.0,199.5,0.30475377538542514,4,1
small-world/scale-free,400,45,209,111.0,357.0,250.0,246.0,348.0,348.0,127.0,199.5,0.30475377538542514,4,1
small-world/scale-free,400,45,210,162.0,362.0,279.0,281.0,365.0,365.0,179.0,199.5,0.30475377538542514,4,1
small-world/scale-free,400,45,211,243.0,165.0,378.0,378.0,176.0,176.0,328.0,199.5,0.30475377538542514,4,1
small-world/scale-free,400,45,212,243.0,369.0,340.0,340.0,374.0,374.0,254.0,199.5,0.30475377538542514,4,1
small-world/scale-free,400,45,213,243.0,181.0,194.0,203.0,190.0,190.0,377.0,199.5,0.30475377538542514,4,1
small-world/scale-free,400,45,214,162.0,289.0,206.0,205.0,293.0,293.0,194.0,199.5,0.30475377538542514,4,1
small-world/scale-free,400,45,215,243.0,211.0,149.0,141.0,232.0,232.0,288.0,199.5,0.30475377538542514,4,1
small-world/scale-free,400,45,216,111.0,238.0,152.0,142.0,231.0,231.0,147.0,199.5,0.30475377538542514,4,1
small-world/scale-free,400,45,217,162.0,225.0,180.0,172.0,229.0,229.0,208.0,199.5,0.30475377538542514,4,1
small-world/scale-free,400,45,218,111.0,307.0,172.0,161.0,314.0,314.0,111.0,199.5,0.30475377538542514,4,1
small-world/scale-free,400,45,219,111.0,274.0,112.0,107.0,261.0,261.0,133.0,199.5,0.30475377538542514,4,1
small-world/scale-free,400,45,220,162.0,227.0,143.0,148.0,222.0,222.0,184.0,199.5,0.30475377538542514,4,1
small-world/scale-free,400,45,221,162.0,252.0,366.0,363.0,257.0,257.0,236.0,199.5,0.30475377538542514,4,1
small-world/scale-free,400,45,222,111.0,204.0,240.0,245.0,197.0,197.0,130.0,199.5,0.30475377538542514,4,1
small-world/scale-free,400,45,223,111.0,201.0,289.0,290.0,209.0,209.0,149.0,199.5,0.30475377538542514,4,1
small-world/scale-free,400,45,224,162.0,373.0,292.0,305.0,367.0,367.0,199.0,199.5,0.30475377538542514,4,1
small-world/scale-free,400,45,225,162.0,161.0,308.0,303.0,168.0,168.0,224.0,199.5,0.30475377538542514,4,1
small-world/scale-free,400,45,226,243.0,311.0,258.0,259.0,312.0,312.0,312.0,199.5,0.30475377538542514,4,1
small-world/scale-free,400,45,227,162.0,172.0,337.0,337.0,173.0,173.0,206.0,199.5,0.30475377538542514,4,1
small-world/scale-free,400,45,228,162.0,242.0,178.0,183.0,227.0,227.0,192.0,199.5,0.30475377538542514,4,1
small-world/scale-free,400,45,229,243.0,219.0,387.0,387.0,223.0,223.0,379.0,199.5,0.30475377538542514,4,1
small-world/scale-free,400,45,230,243.0,303.0,280.0,284.0,305.0,305.0,317.0,199.5,0.30475377538542514,4,1
small-world/scale-free,400,45,231,400.0,399.0,387.0,387.0,400.0,400.0,400.0,199.5,0.30475377538542514,4,1
small-world/scale-free,400,45,232,243.0,317.0,237.0,238.0,320.0,320.0,277.0,199.5,0.30475377538542514,4,1
small-world/scale-free,400,45,233,243.0,319.0,294.0,292.0,324.0,324.0,298.0,199.5,0.30475377538542514,4,1
small-world/scale-free,400,45,234,243.0,362.0,288.0,282.0,371.0,371.0,259.0,199.5,0.30475377538542514,4,1
small-world/scale-free,400,45,235,162.0,174.0,218.0,217.0,178.0,178.0,187.0,199.5,0.30475377538542514,4,1
small-world/scale-free,400,45,236,243.0,233.0,155.0,152.0,239.0,239.0,348.0,199.5,0.30475377538542514,4,1
small-world/scale-free,400,45,237,162.0,128.0,147.0,151.0,125.0,125.0,196.0,199.5,0.30475377538542514,4,1
small-world/scale-free,400,45,238,162.0,237.0,233.0,232.0,238.0,238.0,212.0,199.5,0.30475377538542514,4,1
small-world/scale-free,400,45,239,243.0,229.0,306.0,316.0,230.0,230.0,289.0,199.5,0.30475377538542514,4,1
small-world/scale-free,400,45,240,243.0,74.0,330.0,339.0,78.0,78.0,398.0,199.5,0.30475377538542514,4,1
small-world/scale-free,400,45,241,243.0,353.0,266.0,264.0,355.0,355.0,304.0,199.5,0.30475377538542514,4,1
small-world/scale-free,400,45,242,162.0,143.0,160.0,174.0,139.0,139.0,209.0,199.5,0.30475377538542514,4,1
small-world/scale-free,400,45,243,84.0,355.0,151.0,147.0,346.0,346.0,84.0,199.5,0.30475377538542514,4,1
small-world/scale-free,400,45,244,243.0,119.0,214.0,234.0,120.0,120.0,395.0,199.5,0.30475377538542514,4,1
small-world/scale-free,400,45,245,243.0,126.0,164.0,165.0,138.0,138.0,347.0,199.5,0.30475377538542514,4,1
small-world/scale-free,400,45,246,162.0,112.0,229.0,230.0,116.0,116.0,234.0,199.5,0.30475377538542514,4,1
small-world/scale-free,400,45,247,111.0,69.0,123.0,119.0,73.0,73.0,138.0,199.5,0.30475377538542514,4,1
small-world/scale-free,400,45,248,243.0,201.0,382.0,382.0,224.0,224.0,339.0,199.5,0.30475377538542514,4,1
small-world/scale-free,400,45,249,162.0,196.0,271.0,271.0,193.0,193.0,235.0,199.5,0.30475377538542514,4,1
small-world/scale-free,400,45,250,64.0,164.0,98.0,93.0,161.0,161.0,68.0,199.5,0.30475377538542514,4,1
small-world/scale-free,400,45,251,162.0,247.0,197.0,207.0,251.0,251.0,180.0,199.5,0.30475377538542514,4,1
small-world/scale-free,400,45,252,162.0,308.0,307.0,308.0,308.0,308.0,211.0,199.5,0.30475377538542514,4,1
small-world/scale-free,400,45,253,162.0,338.0,195.0,186.0,335.0,335.0,176.0,199.5,0.30475377538542514,4,1
small-world/scale-free,400,45,254,243.0,358.0,369.0,368.0,356.0,356.0,295.0,199.5,0.30475377538542514,4,1
small-world/scale-free,400,45,255,162.0,81.0,208.0,213.0,94.0,94.0,232.0,199.5,0.30475377538542514,4,1
small-world/scale-free,400,45,256,243.0,222.0,345.0,352.0,217.0,217.0,341.0,199.5,0.30475377538542514,4,1
small-world/scale-free,400,45,257,111.0,179.0,89.0,89.0,170.0,170.0,120.0,199.5,0.30475377538542514,4,1
small-world/scale-free,400,45,258,243.0,222.0,207.0,206.0,207.0,207.0,374.0,199.5,0.30475377538542514,4,1
small-world/scale-free,400,45,259,162.0,368.0,232.0,231.0,368.0,368.0,164.0,199.5,0.30475377538542514,4,1
small-world/scale-free,400,45,260,162.0,392.0,282.0,274.0,389.0,389.0,171.0,199.5,0.30475377538542514,4,1
small-world/scale-free,400,45,261,162.0,247.0,183.0,181.0,247.0,247.0,201.0,199.5,0.30475377538542514,4,1
small-world/scale-free,400,45,262,243.0,163.0,248.0,257.0,177.0,177.0,386.0,199.5,0.30475377538542514,4,1
small-world/scale-free,400,45,263,111.0,194.0,185.0,184.0,194.0,194.0,123.0,199.5,0.30475377538542514,4,1
small-world/scale-free,400,45,264,243.0,263.0,315.0,317.0,266.0,266.0,368.0,199.5,0.30475377538542514,4,1
small-world/scale-free,400,45,265,162.0,69.0,145.0,154.0,76.0,76.0,233.0,199.5,0.30475377538542514,4,1
small-world/scale-free,400,45,266,111.0,45.0,138.0,146.0,59.0,59.0,155.0,199.5,0.30475377538542514,4,1
small-world/scale-free,400,45,267,243.0,386.0,387.0,387.0,382.0,382.0,313.0,199.5,0.30475377538542514,4,1
small-world/scale-free,400,45,268,111.0,348.0,130.0,127.0,334.0,334.0,121.0,199.5,0.30475377538542514,4,1
small-world/scale-free,400,45,269,243.0,204.0,203.0,196.0,219.0,219.0,325.0,199.5,0.30475377538542514,4,1
small-world/scale-free,400,45,270,243.0,326.0,295.0,293.0,328.0,328.0,346.0,199.5,0.30475377538542514,4,1
small-world/scale-free,400,45,271,243.0,204.0,372.0,372.0,205.0,205.0,335.0,199.5,0.30475377538542514,4,1
small-world/scale-free,400,45,272,162.0,90.0,157.0,166.0,97.0,97.0,238.0,199.5,0.30475377538542514,4,1
small-world/scale-free,400,45,273,243.0,76.0,339.0,344.0,84.0,84.0,385.0,199.5,0.30475377538542514,4,1
small-world/scale-free,400,45,274,162.0,183.0,106.0,102.0,184.0,184.0,170.0,199.5,0.30475377538542514,4,1
small-world/scale-free,400,45,275,64.0,93.0,63.0,65.0,92.0,92.0,69.0,199.5,0.30475377538542514,4,1
small-world/scale-free,400,45,276,162.0,186.0,252.0,253.0,195.0,195.0,195.0,199.5,0.30475377538542514,4,1
small-world/scale-free,400,45,277,162.0,269.0,302.0,291.0,282.0,282.0,169.0,199.5,0.30475377538542514,4,1
small-world/scale-free,400,45,278,243.0,390.0,351.0,353.0,388.0,388.0,257.0,199.5,0.30475377538542514,4,1
small-world/scale-free,400,45,279,243.0,236.0,325.0,322.0,228.0,228.0,349.0,199.5,0.30475377538542514,4,1
small-world/scale-free,400,45,280,243.0,371.0,376.0,375.0,372.0,372.0,286.0,199.5,0.30475377538542514,4,1
small-world/scale-free,400,45,281,162.0,191.0,285.0,266.0,203.0,203.0,190.0,199.5,0.30475377538542514,4,1
small-world/scale-free,400,45,282,243.0,41.0,140.0,153.0,56.0,56.0,393.0,199.5,0.30475377538542514,4,1
small-world/scale-free,400,45,283,162.0,297.0,260.0,254.0,298.0,298.0,185.0,199.5,0.30475377538542514,4,1
small-world/scale-free,400,45,284,243.0,367.0,354.0,349.0,375.0,375.0,243.0,199.5,0.30475377538542514,4,1
small-world/scale-free,400,45,285,243.0,208.0,236.0,239.0,211.0,211.0,367.0,199.5,0.30475377538542514,4,1
small-world/scale-free,400,45,286,162.0,373.0,367.0,370.0,373.0,373.0,168.0,199.5,0.30475377538542514,4,1
small-world/scale-free,400,45,287,162.0,386.0,381.0,379.0,385.0,385.0,173.0,199.5,0.30475377538542514,4,1
small-world/scale-free,400,45,288,111.0,186.0,129.0,125.0,179.0,179.0,125.0,199.5,0.30475377538542514,4,1
small-world/scale-free,400,45,289,162.0,74.0,82.0,84.0,81.0,81.0,230.0,199.5,0.30475377538542514,4,1
small-world/scale-free,400,45,290,162.0,334.0,255.0,244.0,326.0,326.0,174.0,199.5,0.30475377538542514,4,1
small-world/scale-free,400,45,291,243.0,379.0,296.0,298.0,379.0,379.0,267.0,199.5,0.30475377538542514,4,1
small-world/scale-free,400,45,292,243.0,196.0,268.0,263.0,206.0,206.0,355.0,199.5,0.30475377538542514,4,1
small-world/scale-free,400,45,293,243.0,315.0,338.0,332.0,319.0,319.0,258.0,199.5,0.30475377538542514,4,1
small-world/scale-free,400,45,294,243.0,372.0,387.0,387.0,370.0,370.0,362.0,199.5,0.30475377538542514,4,1
small-world/scale-free,400,45,295,243.0,396.0,387.0,387.0,394.0,394.0,266.0,199.5,0.30475377538542514,4,1
small-world/scale-free,400,45,296,243.0,165.0,168.0,177.0,166.0,166.0,352.0,199.5,0.30475377538542514,4,1
small-world/scale-free,400,45,297,243.0,256.0,387.0,387.0,258.0,258.0,300.0,199.5,0.30475377538542514,4,1
small-world/scale-free,400,45,298,162.0,86.0,96.0,98.0,88.0,88.0,218.0,199.5,0.30475377538542514,4,1
small-world/scale-free,400,45,299,243.0,342.0,246.0,243.0,339.0,339.0,282.0,199.5,0.30475377538542514,4,1
small-world/scale-free,400,45,300,162.0,177.0,132.0,134.0,172.0,172.0,215.0,199.5,0.30475377538542514,4,1
small-world/scale-free,400,45,301,243.0,397.0,379.0,380.0,398.0,398.0,262.0,199.5,0.30475377538542514,4,1
small-world/scale-free,400,45,302,243.0,105.0,387.0,387.0,112.0,112.0,392.0,199.5,0.30475377538542514,4,1
small-world/scale-free,400,45,303,243.0,110.0,188.0,187.0,129.0,129.0,303.0,199.5,0.30475377538542514,4,1
small-world/scale-free,400,45,304,84.0,272.0,161.0,156.0,272.0,272.0,87.0,199.5,0.30475377538542514,4,1
small-world/scale-free,400,45,305,162.0,112.0,209.0,214.0,118.0,118.0,202.0,199.5,0.30475377538542514,4,1
small-world/scale-free,400,45,306,243.0,274.0,387.0,387.0,271.0,271.0,273.0,199.5,0.30475377538542514,4,1
small-world/scale-free,400,45,307,243.0,321.0,320.0,318.0,332.0,332.0,279.0,199.5,0.30475377538542514,4,1
small-world/scale-free,400,45,308,162.0,93.0,109.0,113.0,102.0,102.0,205.0,199.5,0.30475377538542514,4,1
small-world/scale-free,400,45,309,243.0,344.0,383.0,383.0,342.0,342.0,330.0,199.5,0.30475377538542514,4,1
small-world/scale-free,400,45,310,243.0,295.0,359.0,355.0,304.0,304.0,314.0,199.5,0.30475377538542514,4,1
small-world/scale-free,400,45,311,162.0,250.0,210.0,208.0,246.0,246.0,204.0,199.5,0.30475377538542514,4,1
small-world/scale-free,400,45,312,162.0,204.0,217.0,209.0,221.0,221.0,183.0,199.5,0.30475377538542514,4,1
small-world/scale-free,400,45,313,243.0,353.0,329.0,311.0,361.0,361.0,252.0,199.5,0.30475377538542514,4,1
small-world/scale-free,400,45,314,111.0,132.0,128.0,130.0,135.0,135.0,122.0,199.5,0.30475377538542514,4,1
small-world/scale-free,400,45,315,243.0,395.0,352.0,351.0,396.0,396.0,250.0,199.5,0.30475377538542514,4,1
small-world/scale-free,400,45,316,243.0,233.0,267.0,276.0,235.0,235.0,351.0,199.5,0.30475377538542514,4,1
small-world/scale-free,400,45,317,162.0,382.0,201.0,191.0,380.0,380.0,165.0,199.5,0.30475377538542514,4,1
small-world/scale-free,400,45,318,243.0,93.0,291.0,297.0,111.0,111.0,375.0,199.5,0.30475377538542514,4,1
small-world/scale-free,400,45,319,162.0,359.0,204.0,192.0,357.0,357.0,162.0,199.5,0.30475377538542514,4,1
small-world/scale-free,400,45,320,243.0,244.0,225.0,221.0,248.0,248.0,369.0,199.5,0.30475377538542514,4,1
small-world/scale-free,400,45,321,243.0,136.0,235.0,236.0,149.0,149.0,287.0,199.5,0.30475377538542514,4,1
small-world/scale-free,400,45,322,243.0,394.0,278.0,272.0,392.0,392.0,245.0,199.5,0.30475377538542514,4,1
small-world/scale-free,400,45,323,84.0,50.0,67.0,67.0,64.0,64.0,89.0,199.5,0.30475377538542514,4,1
small-world/scale-free,400,45,324,243.0,263.0,304.0,302.0,270.0,270.0,357.0,199.5,0.30475377538542514,4,1
small-world/scale-free,400,45,325,243.0,93.0,261.0,262.0,98.0,98.0,373.0,199.5,0.30475377538542514,4,1
small-world/scale-free,400,45,326,243.0,167.0,322.0,319.0,174.0,174.0,359.0,199.5,0.30475377538542514,4,1
small-world/scale-free,400,45,327,243.0,271.0,264.0,268.0,276.0,276.0,344.0,199.5,0.30475377538542514,4,1
small-world/scale-free,400,45,328,162.0,325.0,223.0,222.0,323.0,323.0,178.0,199.5,0.30475377538542514,4,1
small-world/scale-free,400,45,329,243.0,350.0,365.0,367.0,354.0,354.0,284.0,199.5,0.30475377538542514,4,1
small-world/scale-free,400,45,330,243.0,235.0,355.0,356.0,242.0,242.0,323.0,199.5,0.30475377538542514,4,1
small-world/scale-free,400,45,331,243.0,398.0,290.0,296.0,397.0,397.0,249.0,199.5,0.30475377538542514,4,1
small-world/scale-free,400,45,332,243.0,301.0,349.0,346.0,306.0,306.0,280.0,199.5,0.30475377538542514,4,1
small-world/scale-free,400,45,333,243.0,334.0,309.0,301.0,340.0,340.0,281.0,199.5,0.30475377538542514,4,1
small-world/scale-free,400,45,334,243.0,349.0,222.0,215.0,350.0,350.0,263.0,199.5,0.30475377538542514,4,1
small-world/scale-free,400,45,335,111.0,200.0,107.0,103.0,198.0,198.0,132.0,199.5,0.30475377538542514,4,1
small-world/scale-free,400,45,336,243.0,243.0,273.0,278.0,254.0,254.0,326.0,199.5,0.30475377538542514,4,1
small-world/scale-free,400,45,337,243.0,181.0,242.0,247.0,188.0,188.0,376.0,199.5,0.30475377538542514,4,1
small-world/scale-free,400,45,338,243.0,283.0,341.0,334.0,278.0,278.0,307.0,199.5,0.30475377538542514,4,1
small-world/scale-free,400,45,339,111.0,318.0,254.0,250.0,316.0,316.0,119.0,199.5,0.30475377538542514,4,1
small-world/scale-free,400,45,340,243.0,360.0,326.0,323.0,360.0,360.0,275.0,199.5,0.30475377538542514,4,1
small-world/scale-free,400,45,341,243.0,251.0,251.0,252.0,256.0,256.0,378.0,199.5,0.30475377538542514,4,1
small-world/scale-free,400,45,342,243.0,245.0,385.0,384.0,241.0,241.0,322.0,199.5,0.30475377538542514,4,1
small-world/scale-free,400,45,343,243.0,267.0,144.0,144.0,268.0,268.0,268.0,199.5,0.30475377538542514,4,1
small-world/scale-free,400,45,344,162.0,295.0,205.0,202.0,290.0,290.0,186.0,199.5,0.30475377538542514,4,1
small-world/scale-free,400,45,345,243.0,352.0,377.0,374.0,347.0,347.0,264.0,199.5,0.30475377538542514,4,1
small-world/scale-free,400,45,346,243.0,377.0,287.0,287.0,376.0,376.0,269.0,199.5,0.30475377538542514,4,1
small-world/scale-free,400,45,347,111.0,92.0,118.0,114.0,96.0,96.0,137.0,199.5,0.30475377538542514,4,1
small-world/scale-free,400,45,348,243.0,84.0,348.0,345.0,93.0,93.0,361.0,199.5,0.30475377538542514,4,1
small-world/scale-free,400,45,349,243.0,160.0,346.0,350.0,164.0,164.0,388.0,199.5,0.30475377538542514,4,1
small-world/scale-free,400,45,350,243.0,382.0,318.0,313.0,386.0,386.0,248.0,199.5,0.30475377538542514,4,1
small-world/scale-free,400,45,351,243.0,342.0,310.0,306.0,344.0,344.0,261.0,199.5,0.30475377538542514,4,1
small-world/scale-free,400,45,352,243.0,152.0,241.0,249.0,162.0,162.0,299.0,199.5,0.30475377538542514,4,1
small-world/scale-free,400,45,353,243.0,391.0,344.0,347.0,393.0,393.0,251.0,199.5,0.30475377538542514,4,1
small-world/scale-free,400,45,354,243.0,246.0,275.0,286.0,243.0,243.0,338.0,199.5,0.30475377538542514,4,1
small-world/scale-free,400,45,355,243.0,365.0,231.0,227.0,363.0,363.0,253.0,199.5,0.30475377538542514,4,1
small-world/scale-free,400,45,356,243.0,201.0,187.0,193.0,226.0,226.0,301.0,199.5,0.30475377538542514,4,1
small-world/scale-free,400,45,357,243.0,123.0,357.0,359.0,126.0,126.0,384.0,199.5,0.30475377538542514,4,1
small-world/scale-free,400,45,358,243.0,294.0,301.0,300.0,302.0,302.0,271.0,199.5,0.30475377538542514,4,1
small-world/scale-free,400,45,359,243.0,400.0,358.0,360.0,399.0,399.0,246.0,199.5,0.30475377538542514,4,1
small-world/scale-free,400,45,360,243.0,146.0,137.0,140.0,155.0,155.0,274.0,199.5,0.30475377538542514,4,1
small-world/scale-free,400,45,361,243.0,333.0,300.0,299.0,336.0,336.0,345.0,199.5,0.30475377538542514,4,1
small-world/scale-free,400,45,362,243.0,254.0,202.0,194.0,260.0,260.0,324.0,199.5,0.30475377538542514,4,1
small-world/scale-free,400,45,363,243.0,328.0,370.0,371.0,336.0,336.0,316.0,199.5,0.30475377538542514,4,1
small-world/scale-free,400,45,364,64.0,215.0,73.0,73.0,200.0,200.0,65.0,199.5,0.30475377538542514,4,1
small-world/scale-free,400,45,365,243.0,146.0,219.0,220.0,150.0,150.0,382.0,199.5,0.30475377538542514,4,1
small-world/scale-free,400,45,366,162.0,282.0,299.0,307.0,279.0,279.0,198.0,199.5,0.30475377538542514,4,1
small-world/scale-free,400,45,367,243.0,259.0,274.0,279.0,265.0,265.0,308.0,199.5,0.30475377538542514,4,1
small-world/scale-free,400,45,368,243.0,142.0,387.0,387.0,153.0,153.0,343.0,199.5,0.30475377538542514,4,1
small-world/scale-free,400,45,369,243.0,356.0,303.0,304.0,358.0,358.0,292.0,199.5,0.30475377538542514,4,1
small-world/scale-free,400,45,370,162.0,376.0,293.0,285.0,378.0,378.0,163.0,199.5,0.30475377538542514,4,1
small-world/scale-free,400,45,371,243.0,39.0,115.0,120.0,57.0,57.0,334.0,199.5,0.30475377538542514,4,1
small-world/scale-free,400,45,372,243.0,104.0,215.0,223.0,115.0,115.0,365.0,199.5,0.30475377538542514,4,1
small-world/scale-free,400,45,373,243.0,380.0,311.0,309.0,384.0,384.0,247.0,199.5,0.30475377538542514,4,1
small-world/scale-free,400,45,374,243.0,299.0,343.0,341.0,297.0,297.0,296.0,199.5,0.30475377538542514,4,1
small-world/scale-free,400,45,375,243.0,384.0,272.0,265.0,381.0,381.0,276.0,199.5,0.30475377538542514,4,1
small-world/scale-free,400,45,376,243.0,340.0,368.0,366.0,352.0,352.0,278.0,199.5,0.30475377538542514,4,1
small-world/scale-free,400,45,377,243.0,385.0,375.0,377.0,387.0,387.0,256.0,199.5,0.30475377538542514,4,1
small-world/scale-free,400,45,378,243.0,339.0,298.0,295.0,343.0,343.0,272.0,199.5,0.30475377538542514,4,1
small-world/scale-free,400,45,379,243.0,365.0,387.0,387.0,364.0,364.0,315.0,199.5,0.30475377538542514,4,1
small-world/scale-free,400,45,380,243.0,361.0,253.0,255.0,359.0,359.0,270.0,199.5,0.30475377538542514,4,1
small-world/scale-free,400,45,381,243.0,389.0,297.0,289.0,390.0,390.0,260.0,199.5,0.30475377538542514,4,1
small-world/scale-free,400,45,382,243.0,316.0,361.0,365.0,320.0,320.0,305.0,199.5,0.30475377538542514,4,1
small-world/scale-free,400,45,383,243.0,240.0,243.0,237.0,253.0,253.0,329.0,199.5,0.30475377538542514,4,1
small-world/scale-free,400,45,384,243.0,261.0,191.0,195.0,264.0,264.0,311.0,199.5,0.30475377538542514,4,1
small-world/scale-free,400,45,385,162.0,185.0,353.0,354.0,196.0,196.0,217.0,199.5,0.30475377538542514,4,1
small-world/scale-free,400,45,386,243.0,388.0,387.0,387.0,391.0,391.0,255.0,199.5,0.30475377538542514,4,1
small-world/scale-free,400,45,387,243.0,153.0,305.0,330.0,151.0,151.0,389.0,199.5,0.30475377538542514,4,1
small-world/scale-free,400,45,388,243.0,278.0,373.0,376.0,289.0,289.0,290.0,199.5,0.30475377538542514,4,1
small-world/scale-free,400,45,389,243.0,178.0,245.0,248.0,186.0,186.0,353.0,199.5,0.30475377538542514,4,1
small-world/scale-free,400,45,390,243.0,381.0,333.0,327.0,383.0,383.0,265.0,199.5,0.30475377538542514,4,1
small-world/scale-free,400,45,391,243.0,278.0,257.0,251.0,284.0,284.0,336.0,199.5,0.30475377538542514,4,1
small-world/scale-free,400,45,392,243.0,336.0,193.0,197.0,341.0,341.0,283.0,199.5,0.30475377538542514,4,1
small-world/scale-free,400,45,393,243.0,186.0,386.0,386.0,199.0,199.0,294.0,199.5,0.30475377538542514,4,1
small-world/scale-free,400,45,394,243.0,157.0,249.0,241.0,163.0,163.0,310.0,199.5,0.30475377538542514,4,1
small-world/scale-free,400,45,395,243.0,167.0,192.0,198.0,185.0,185.0,321.0,199.5,0.30475377538542514,4,1
small-world/scale-free,400,45,396,243.0,189.0,247.0,258.0,191.0,191.0,364.0,199.5,0.30475377538542514,4,1
small-world/scale-free,400,45,397,243.0,259.0,244.0,242.0,259.0,259.0,318.0,199.5,0.30475377538542514,4,1
small-world/scale-free,400,45,398,243.0,222.0,387.0,387.0,236.0,236.0,319.0,199.5,0.30475377538542514,4,1
small-world/scale-free,400,45,399,243.0,370.0,239.0,235.0,362.0,362.0,309.0,199.5,0.30475377538542514,4,1
small-world/scale-free,400,46,0,3.0,2.0,2.0,2.0,3.0,3.0,3.0,199.5,0.2865721239225695,4,1
small-world/scale-free,400,46,1,2.0,3.0,3.0,3.0,2.0,2.0,2.0,199.5,0.2865721239225695,4,1
small-world/scale-free,400,46,2,36.0,44.0,31.0,31.0,39.0,39.0,36.0,199.5,0.2865721239225695,4,1
small-world/scale-free,400,46,3,1.0,1.0,1.0,1.0,1.0,1.0,1.0,199.5,0.2865721239225695,4,1
small-world/scale-free,400,46,4,10.0,10.0,10.0,10.0,9.0,9.0,10.0,199.5,0.2865721239225695,4,1
small-world/scale-free,400,46,5,8.0,6.0,7.0,7.0,6.0,6.0,9.0,199.5,0.2865721239225695,4,1
small-world/scale-free,400,46,6,67.0,28.0,78.0,85.0,31.0,31.0,78.0,199.5,0.2865721239225695,4,1
small-world/scale-free,400,46,7,22.0,12.0,18.0,20.0,13.0,13.0,26.0,199.5,0.2865721239225695,4,1
small-world/scale-free,400,46,8,4.0,4.0,4.0,4.0,4.0,4.0,4.0,199.5,0.2865721239225695,4,1
small-world/scale-free,400,46,9,5.0,5.0,5.0,5.0,5.0,5.0,5.0,199.5,0.2865721239225695,4,1
small-world/scale-free,400,46,10,6.0,8.0,6.0,6.0,8.0,8.0,6.0,199.5,0.2865721239225695,4,1
small-world/scale-free,400,46,11,13.0,9.0,14.0,14.0,10.0,10.0,18.0,199.5,0.2865721239225695,4,1
small-world/scale-free,400,46,12,8.0,13.0,9.0,9.0,11.0,11.0,8.0,199.5,0.2865721239225695,4,1
small-world/scale-free,400,46,13,18.0,14.0,12.0,12.0,14.0,14.0,17.0,199.5,0.2865721239225695,4,1
small-world/scale-free,400,46,14,108.0,32.0,109.0,112.0,42.0,42.0,153.0,199.5,0.2865721239225695,4,1
small-world/scale-free,400,46,15,36.0,18.0,33.0,34.0,20.0,20.0,39.0,199.5,0.2865721239225695,4,1
small-world/scale-free,400,46,16,12.0,28.0,15.0,15.0,24.0,24.0,12.0,199.5,0.2865721239225695,4,1
small-world/scale-free,400,46,17,27.0,19.0,24.0,24.0,19.0,19.0,27.0,199.5,0.2865721239225695,4,1
small-world/scale-free,400,46,18,22.0,17.0,21.0,21.0,18.0,18.0,25.0,199.5,0.2865721239225695,4,1
small-world/scale-free,400,46,19,7.0,7.0,8.0,8.0,7.0,7.0,7.0,199.5,0.2865721239225695,4,1
small-world/scale-free,400,46,20,40.0,30.0,41.0,41.0,28.0,28.0,46.0,199.5,0.2865721239225695,4,1
small-world/scale-free,400,46,21,40.0,99.0,80.0,80.0,79.0,79.0,48.0,199.5,0.2865721239225695,4,1
small-world/scale-free,400,46,22,49.0,26.0,48.0,49.0,30.0,30.0,56.0,199.5,0.2865721239225695,4,1
small-world/scale-free,400,46,23,154.0,122.0,142.0,141.0,127.0,127.0,239.0,199.5,0.2865721239225695,4,1
small-world/scale-free,400,46,24,11.0,11.0,13.0,13.0,12.0,12.0,11.0,199.5,0.2865721239225695,4,1
small-world/scale-free,400,46,25,13.0,20.0,11.0,11.0,17.0,17.0,15.0,199.5,0.2865721239225695,4,1
small-world/scale-free,400,46,26,19.0,16.0,25.0,25.0,16.0,16.0,21.0,199.5,0.2865721239225695,4,1
small-world/scale-free,400,46,27,13.0,25.0,17.0,17.0,22.0,22.0,14.0,199.5,0.2865721239225695,4,1
small-world/scale-free,400,46,28,36.0,22.0,35.0,36.0,26.0,26.0,37.0,199.5,0.2865721239225695,4,1
small-world/scale-free,400,46,29,32.0,57.0,30.0,30.0,43.0,43.0,35.0,199.5,0.2865721239225695,4,1
small-world/scale-free,400,46,30,240.0,192.0,216.0,231.0,192.0,192.0,389.0,199.5,0.2865721239225695,4,1
small-world/scale-free,400,46,31,49.0,70.0,53.0,55.0,58.0,58.0,55.0,199.5,0.2865721239225695,4,1
small-world/scale-free,400,46,32,13.0,66.0,16.0,16.0,32.0,32.0,16.0,199.5,0.2865721239225695,4,1
small-world/scale-free,400,46,33,28.0,60.0,32.0,33.0,38.0,38.0,28.0,199.5,0.2865721239225695,4,1
small-world/scale-free,400,46,34,13.0,24.0,19.0,18.0,21.0,21.0,13.0,199.5,0.2865721239225695,4,1
small-world/scale-free,400,46,35,22.0,51.0,28.0,27.0,34.0,34.0,24.0,199.5,0.2865721239225695,4,1
small-world/scale-free,400,46,36,154.0,164.0,182.0,195.0,165.0,165.0,227.0,199.5,0.2865721239225695,4,1
small-world/scale-free,400,46,37,40.0,57.0,49.0,47.0,56.0,56.0,47.0,199.5,0.2865721239225695,4,1
small-world/scale-free,400,46,38,49.0,31.0,51.0,52.0,33.0,33.0,57.0,199.5,0.2865721239225695,4,1
small-world/scale-free,400,46,39,108.0,75.0,95.0,92.0,77.0,77.0,149.0,199.5,0.2865721239225695,4,1
small-world/scale-free,400,46,40,19.0,39.0,26.0,26.0,27.0,27.0,20.0,199.5,0.2865721239225695,4,1
small-world/scale-free,400,46,41,28.0,14.0,22.0,22.0,15.0,15.0,29.0,199.5,0.2865721239225695,4,1
small-world/scale-free,400,46,42,58.0,44.0,43.0,43.0,50.0,50.0,61.0,199.5,0.2865721239225695,4,1
small-world/scale-free,400,46,43,22.0,26.0,20.0,19.0,25.0,25.0,23.0,199.5,0.2865721239225695,4,1
small-world/scale-free,400,46,44,108.0,146.0,105.0,103.0,147.0,147.0,139.0,199.5,0.2865721239225695,4,1
small-world/scale-free,400,46,45,108.0,40.0,144.0,147.0,49.0,49.0,150.0,199.5,0.2865721239225695,4,1
small-world/scale-free,400,46,46,80.0,79.0,102.0,102.0,75.0,75.0,101.0,199.5,0.2865721239225695,4,1
small-world/scale-free,400,46,47,154.0,331.0,357.0,349.0,329.0,329.0,204.0,199.5,0.2865721239225695,4,1
small-world/scale-free,400,46,48,19.0,141.0,36.0,35.0,90.0,90.0,19.0,199.5,0.2865721239225695,4,1
small-world/scale-free,400,46,49,80.0,203.0,135.0,127.0,207.0,207.0,93.0,199.5,0.2865721239225695,4,1
small-world/scale-free,400,46,50,108.0,114.0,103.0,106.0,118.0,118.0,143.0,199.5,0.2865721239225695,4,1
small-world/scale-free,400,46,51,80.0,34.0,85.0,88.0,40.0,40.0,106.0,199.5,0.2865721239225695,4,1
small-world/scale-free,400,46,52,240.0,237.0,393.0,393.0,231.0,231.0,393.0,199.5,0.2865721239225695,4,1
small-world/scale-free,400,46,53,108.0,65.0,114.0,117.0,65.0,65.0,152.0,199.5,0.2865721239225695,4,1
small-world/scale-free,400,46,54,108.0,35.0,96.0,98.0,46.0,46.0,147.0,199.5,0.2865721239225695,4,1
small-world/scale-free,400,46,55,240.0,74.0,245.0,256.0,83.0,83.0,395.0,199.5,0.2865721239225695,4,1
small-world/scale-free,400,46,56,22.0,43.0,34.0,32.0,29.0,29.0,22.0,199.5,0.2865721239225695,4,1
small-world/scale-free,400,46,57,58.0,169.0,62.0,63.0,137.0,137.0,66.0,199.5,0.2865721239225695,4,1
small-world/scale-free,400,46,58,36.0,56.0,37.0,38.0,53.0,53.0,38.0,199.5,0.2865721239225695,4,1
small-world/scale-free,400,46,59,67.0,211.0,121.0,121.0,209.0,209.0,68.0,199.5,0.2865721239225695,4,1
small-world/scale-free,400,46,60,240.0,117.0,352.0,360.0,111.0,111.0,397.0,199.5,0.2865721239225695,4,1
small-world/scale-free,400,46,61,40.0,109.0,42.0,40.0,91.0,91.0,43.0,199.5,0.2865721239225695,4,1
small-world/scale-free,400,46,62,108.0,150.0,91.0,94.0,139.0,139.0,137.0,199.5,0.2865721239225695,4,1
small-world/scale-free,400,46,63,80.0,150.0,101.0,101.0,154.0,154.0,95.0,199.5,0.2865721239225695,4,1
small-world/scale-free,400,46,64,67.0,106.0,118.0,120.0,93.0,93.0,79.0,199.5,0.2865721239225695,4,1
small-world/scale-free,400,46,65,58.0,172.0,68.0,68.0,150.0,150.0,62.0,199.5,0.2865721239225695,4,1
small-world/scale-free,400,46,66,80.0,164.0,86.0,87.0,140.0,140.0,97.0,199.5,0.2865721239225695,4,1
small-world/scale-free,400,46,67,49.0,59.0,55.0,53.0,54.0,54.0,54.0,199.5,0.2865721239225695,4,1
small-world/scale-free,400,46,68,80.0,81.0,92.0,93.0,76.0,76.0,99.0,199.5,0.2865721239225695,4,1
small-world/scale-free,400,46,69,58.0,72.0,60.0,61.0,64.0,64.0,65.0,199.5,0.2865721239225695,4,1
small-world/scale-free,400,46,70,154.0,162.0,260.0,262.0,159.0,159.0,232.0,199.5,0.2865721239225695,4,1
small-world/scale-free,400,46,71,58.0,47.0,59.0,60.0,55.0,55.0,64.0,199.5,0.2865721239225695,4,1
small-world/scale-free,400,46,72,108.0,73.0,87.0,89.0,72.0,72.0,141.0,199.5,0.2865721239225695,4,1
small-world/scale-free,400,46,73,30.0,51.0,29.0,29.0,37.0,37.0,31.0,199.5,0.2865721239225695,4,1
small-world/scale-free,400,46,74,67.0,91.0,58.0,56.0,85.0,85.0,76.0,199.5,0.2865721239225695,4,1
small-world/scale-free,400,46,75,154.0,199.0,214.0,229.0,196.0,196.0,229.0,199.5,0.2865721239225695,4,1
small-world/scale-free,400,46,76,80.0,103.0,61.0,64.0,98.0,98.0,83.0,199.5,0.2865721239225695,4,1
small-world/scale-free,400,46,77,40.0,42.0,40.0,42.0,44.0,44.0,44.0,199.5,0.2865721239225695,4,1
small-world/scale-free,400,46,78,108.0,40.0,106.0,105.0,51.0,51.0,151.0,199.5,0.2865721239225695,4,1
small-world/scale-free,400,46,79,240.0,315.0,348.0,351.0,317.0,317.0,347.0,199.5,0.2865721239225695,4,1
small-world/scale-free,400,46,80,80.0,246.0,157.0,158.0,237.0,237.0,102.0,199.5,0.2865721239225695,4,1
small-world/scale-free,400,46,81,32.0,21.0,23.0,23.0,23.0,23.0,34.0,199.5,0.2865721239225695,4,1
small-world/scale-free,400,46,82,32.0,64.0,39.0,39.0,47.0,47.0,33.0,199.5,0.2865721239225695,4,1
small-world/scale-free,400,46,83,154.0,278.0,360.0,353.0,278.0,278.0,197.0,199.5,0.2865721239225695,4,1
small-world/scale-free,400,46,84,108.0,97.0,134.0,134.0,95.0,95.0,145.0,199.5,0.2865721239225695,4,1
small-world/scale-free,400,46,85,154.0,147.0,172.0,174.0,153.0,153.0,231.0,199.5,0.2865721239225695,4,1
small-world/scale-free,400,46,86,154.0,227.0,373.0,374.0,227.0,227.0,225.0,199.5,0.2865721239225695,4,1
small-world/scale-free,400,46,87,67.0,177.0,133.0,130.0,185.0,185.0,74.0,199.5,0.2865721239225695,4,1
small-world/scale-free,400,46,88,30.0,53.0,27.0,28.0,36.0,36.0,30.0,199.5,0.2865721239225695,4,1
small-world/scale-free,400,46,89,108.0,86.0,217.0,219.0,96.0,96.0,128.0,199.5,0.2865721239225695,4,1
small-world/scale-free,400,46,90,80.0,80.0,57.0,57.0,81.0,81.0,94.0,199.5,0.2865721239225695,4,1
small-world/scale-free,400,46,91,80.0,181.0,107.0,104.0,186.0,186.0,84.0,199.5,0.2865721239225695,4,1
small-world/scale-free,400,46,92,58.0,187.0,82.0,81.0,156.0,156.0,63.0,199.5,0.2865721239225695,4,1
small-world/scale-free,400,46,93,240.0,312.0,212.0,210.0,302.0,302.0,333.0,199.5,0.2865721239225695,4,1
small-world/scale-free,400,46,94,108.0,114.0,108.0,108.0,114.0,114.0,138.0,199.5,0.2865721239225695,4,1
small-world/scale-free,400,46,95,240.0,55.0,237.0,260.0,66.0,66.0,399.0,199.5,0.2865721239225695,4,1
small-world/scale-free,400,46,96,67.0,203.0,77.0,76.0,202.0,202.0,71.0,199.5,0.2865721239225695,4,1
small-world/scale-free,400,46,97,49.0,225.0,50.0,50.0,199.0,199.0,49.0,199.5,0.2865721239225695,4,1
small-world/scale-free,400,46,98,49.0,172.0,46.0,44.0,138.0,138.0,50.0,199.5,0.2865721239225695,4,1
small-world/scale-free,400,46,99,154.0,83.0,191.0,198.0,86.0,86.0,216.0,199.5,0.2865721239225695,4,1
small-world/scale-free,400,46,100,80.0,68.0,93.0,91.0,69.0,69.0,100.0,199.5,0.2865721239225695,4,1
small-world/scale-free,400,46,101,67.0,190.0,83.0,83.0,179.0,179.0,72.0,199.5,0.2865721239225695,4,1
small-world/scale-free,400,46,102,49.0,177.0,69.0,69.0,155.0,155.0,51.0,199.5,0.2865721239225695,4,1
small-world/scale-free,400,46,103,240.0,99.0,393.0,393.0,121.0,121.0,335.0,199.5,0.2865721239225695,4,1
small-world/scale-free,400,46,104,58.0,227.0,79.0,78.0,224.0,224.0,60.0,199.5,0.2865721239225695,4,1
small-world/scale-free,400,46,105,154.0,162.0,185.0,183.0,169.0,169.0,199.0,199.5,0.2865721239225695,4,1
small-world/scale-free,400,46,106,80.0,118.0,73.0,74.0,115.0,115.0,103.0,199.5,0.2865721239225695,4,1
small-world/scale-free,400,46,107,108.0,198.0,186.0,179.0,205.0,205.0,136.0,199.5,0.2865721239225695,4,1
small-world/scale-free,400,46,108,108.0,125.0,131.0,132.0,126.0,126.0,126.0,199.5,0.2865721239225695,4,1
small-world/scale-free,400,46,109,154.0,194.0,314.0,326.0,188.0,188.0,233.0,199.5,0.2865721239225695,4,1
small-world/scale-free,400,46,110,240.0,187.0,208.0,202.0,194.0,194.0,380.0,199.5,0.2865721239225695,4,1
small-world/scale-free,400,46,111,49.0,81.0,45.0,46.0,71.0,71.0,53.0,199.5,0.2865721239225695,4,1
small-world/scale-free,400,46,112,108.0,207.0,155.0,157.0,208.0,208.0,144.0,199.5,0.2865721239225695,4,1
small-world/scale-free,400,46,113,67.0,38.0,90.0,90.0,48.0,48.0,77.0,199.5,0.2865721239225695,4,1
small-world/scale-free,400,46,114,108.0,261.0,141.0,139.0,253.0,253.0,135.0,199.5,0.2865721239225695,4,1
small-world/scale-free,400,46,115,154.0,107.0,128.0,129.0,113.0,113.0,214.0,199.5,0.2865721239225695,4,1
small-world/scale-free,400,46,116,108.0,53.0,277.0,269.0,63.0,63.0,142.0,199.5,0.2865721239225695,4,1
small-world/scale-free,400,46,117,108.0,92.0,154.0,161.0,87.0,87.0,148.0,199.5,0.2865721239225695,4,1
small-world/scale-free,400,46,118,108.0,125.0,188.0,194.0,117.0,117.0,134.0,199.5,0.2865721239225695,4,1
small-world/scale-free,400,46,119,240.0,275.0,285.0,288.0,285.0,285.0,351.0,199.5,0.2865721239225695,4,1
small-world/scale-free,400,46,120,154.0,300.0,337.0,332.0,303.0,303.0,207.0,199.5,0.2865721239225695,4,1
small-world/scale-free,400,46,121,154.0,283.0,251.0,250.0,293.0,293.0,196.0,199.5,0.2865721239225695,4,1
small-world/scale-free,400,46,122,80.0,61.0,70.0,70.0,62.0,62.0,105.0,199.5,0.2865721239225695,4,1
small-world/scale-free,400,46,123,240.0,308.0,349.0,352.0,298.0,298.0,368.0,199.5,0.2865721239225695,4,1
small-world/scale-free,400,46,124,80.0,145.0,63.0,59.0,131.0,131.0,85.0,199.5,0.2865721239225695,4,1
small-world/scale-free,400,46,125,80.0,133.0,111.0,118.0,120.0,120.0,91.0,199.5,0.2865721239225695,4,1
small-world/scale-free,400,46,126,240.0,125.0,304.0,322.0,130.0,130.0,392.0,199.5,0.2865721239225695,4,1
small-world/scale-free,400,46,127,108.0,254.0,195.0,191.0,252.0,252.0,121.0,199.5,0.2865721239225695,4,1
small-world/scale-free,400,46,128,108.0,158.0,202.0,209.0,151.0,151.0,133.0,199.5,0.2865721239225695,4,1
small-world/scale-free,400,46,129,32.0,129.0,38.0,37.0,108.0,108.0,32.0,199.5,0.2865721239225695,4,1
small-world/scale-free,400,46,130,49.0,203.0,98.0,95.0,201.0,201.0,52.0,199.5,0.2865721239225695,4,1
small-world/scale-free,400,46,131,154.0,67.0,167.0,177.0,70.0,70.0,236.0,199.5,0.2865721239225695,4,1
small-world/scale-free,400,46,132,154.0,103.0,213.0,228.0,102.0,102.0,237.0,199.5,0.2865721239225695,4,1
small-world/scale-free,400,46,133,108.0,33.0,56.0,58.0,45.0,45.0,132.0,199.5,0.2865721239225695,4,1
small-world/scale-free,400,46,134,67.0,102.0,52.0,48.0,94.0,94.0,73.0,199.5,0.2865721239225695,4,1
small-world/scale-free,400,46,135,154.0,182.0,143.0,142.0,190.0,190.0,200.0,199.5,0.2865721239225695,4,1
small-world/scale-free,400,46,136,80.0,123.0,97.0,96.0,119.0,119.0,88.0,199.5,0.2865721239225695,4,1
small-world/scale-free,400,46,137,108.0,294.0,193.0,189.0,292.0,292.0,117.0,199.5,0.2865721239225695,4,1
small-world/scale-free,400,46,138,80.0,185.0,148.0,156.0,177.0,177.0,104.0,199.5,0.2865721239225695,4,1
small-world/scale-free,400,46,139,240.0,133.0,336.0,337.0,135.0,135.0,391.0,199.5,0.2865721239225695,4,1
small-world/scale-free,400,46,140,240.0,167.0,366.0,366.0,173.0,173.0,341.0,199.5,0.2865721239225695,4,1
small-world/scale-free,400,46,141,154.0,316.0,305.0,291.0,325.0,325.0,167.0,199.5,0.2865721239225695,4,1
small-world/scale-free,400,46,142,108.0,307.0,137.0,136.0,288.0,288.0,120.0,199.5,0.2865721239225695,4,1
small-world/scale-free,400,46,143,240.0,289.0,291.0,292.0,305.0,305.0,282.0,199.5,0.2865721239225695,4,1
small-world/scale-free,400,46,144,240.0,372.0,384.0,384.0,374.0,374.0,295.0,199.5,0.2865721239225695,4,1
small-world/scale-free,400,46,145,108.0,217.0,215.0,207.0,216.0,216.0,125.0,199.5,0.2865721239225695,4,1
small-world/scale-free,400,46,146,80.0,200.0,88.0,84.0,203.0,203.0,86.0,199.5,0.2865721239225695,4,1
small-world/scale-free,400,46,147,154.0,187.0,163.0,163.0,187.0,187.0,220.0,199.5,0.2865721239225695,4,1
small-world/scale-free,400,46,148,240.0,246.0,222.0,223.0,244.0,244.0,378.0,199.5,0.2865721239225695,4,1
small-world/scale-free,400,46,149,154.0,176.0,190.0,193.0,171.0,171.0,201.0,199.5,0.2865721239225695,4,1
small-world/scale-free,400,46,150,154.0,49.0,140.0,143.0,60.0,60.0,235.0,199.5,0.2865721239225695,4,1
small-world/scale-free,400,46,151,80.0,35.0,75.0,77.0,41.0,41.0,107.0,199.5,0.2865721239225695,4,1
small-world/scale-free,400,46,152,40.0,213.0,47.0,51.0,195.0,195.0,45.0,199.5,0.2865721239225695,4,1
small-world/scale-free,400,46,153,154.0,248.0,145.0,144.0,247.0,247.0,209.0,199.5,0.2865721239225695,4,1
small-world/scale-free,400,46,154,240.0,222.0,160.0,160.0,222.0,222.0,356.0,199.5,0.2865721239225695,4,1
small-world/scale-free,400,46,155,154.0,339.0,255.0,240.0,347.0,347.0,168.0,199.5,0.2865721239225695,4,1
small-world/scale-free,400,46,156,67.0,142.0,76.0,75.0,133.0,133.0,70.0,199.5,0.2865721239225695,4,1
small-world/scale-free,400,46,157,240.0,23.0,292.0,330.0,35.0,35.0,400.0,199.5,0.2865721239225695,4,1
small-world/scale-free,400,46,158,154.0,95.0,125.0,126.0,104.0,104.0,186.0,199.5,0.2865721239225695,4,1
small-world/scale-free,400,46,159,240.0,123.0,165.0,168.0,143.0,143.0,314.0,199.5,0.2865721239225695,4,1
small-world/scale-free,400,46,160,154.0,116.0,153.0,155.0,124.0,124.0,221.0,199.5,0.2865721239225695,4,1
small-world/scale-free,400,46,161,40.0,222.0,44.0,45.0,206.0,206.0,42.0,199.5,0.2865721239225695,4,1
small-world/scale-free,400,46,162,108.0,226.0,146.0,148.0,213.0,213.0,129.0,199.5,0.2865721239225695,4,1
small-world/scale-free,400,46,163,240.0,274.0,166.0,167.0,273.0,273.0,343.0,199.5,0.2865721239225695,4,1
small-world/scale-free,400,46,164,108.0,61.0,181.0,180.0,67.0,67.0,140.0,199.5,0.2865721239225695,4,1
small-world/scale-free,400,46,165,108.0,88.0,139.0,138.0,80.0,80.0,146.0,199.5,0.2865721239225695,4,1
small-world/scale-free,400,46,166,154.0,288.0,161.0,162.0,287.0,287.0,172.0,199.5,0.2865721239225695,4,1
small-world/scale-free,400,46,167,80.0,95.0,64.0,66.0,89.0,89.0,87.0,199.5,0.2865721239225695,4,1
small-world/scale-free,400,46,168,40.0,191.0,54.0,54.0,162.0,162.0,41.0,199.5,0.2865721239225695,4,1
small-world/scale-free,400,46,169,67.0,85.0,81.0,79.0,78.0,78.0,75.0,199.5,0.2865721239225695,4,1
small-world/scale-free,400,46,170,154.0,61.0,350.0,346.0,68.0,68.0,224.0,199.5,0.2865721239225695,4,1
small-world/scale-free,400,46,171,154.0,222.0,170.0,175.0,230.0,230.0,194.0,199.5,0.2865721239225695,4,1
small-world/scale-free,400,46,172,80.0,49.0,74.0,73.0,57.0,57.0,92.0,199.5,0.2865721239225695,4,1
small-world/scale-free,400,46,173,240.0,234.0,385.0,385.0,235.0,235.0,350.0,199.5,0.2865721239225695,4,1
small-world/scale-free,400,46,174,240.0,354.0,376.0,378.0,360.0,360.0,284.0,199.5,0.2865721239225695,4,1
small-world/scale-free,400,46,175,108.0,304.0,151.0,146.0,290.0,290.0,114.0,199.5,0.2865721239225695,4,1
small-world/scale-free,400,46,176,154.0,184.0,136.0,137.0,184.0,184.0,208.0,199.5,0.2865721239225695,4,1
small-world/scale-free,400,46,177,240.0,280.0,393.0,393.0,296.0,296.0,317.0,199.5,0.2865721239225695,4,1
small-world/scale-free,400,46,178,108.0,111.0,122.0,124.0,112.0,112.0,122.0,199.5,0.2865721239225695,4,1
small-world/scale-free,400,46,179,154.0,354.0,227.0,218.0,349.0,350.0,195.0,199.5,0.2865721239225695,4,1
small-world/scale-free,400,46,180,80.0,317.0,127.0,122.0,309.0,309.0,80.0,199.5,0.2865721239225695,4,1
small-world/scale-free,400,46,181,108.0,172.0,210.0,216.0,180.0,180.0,115.0,199.5,0.2865721239225695,4,1
small-world/scale-free,400,46,182,108.0,302.0,89.0,86.0,295.0,295.0,111.0,199.5,0.2865721239225695,4,1
small-world/scale-free,400,46,183,108.0,129.0,224.0,213.0,128.0,128.0,131.0,199.5,0.2865721239225695,4,1
small-world/scale-free,400,46,184,154.0,387.0,250.0,249.0,383.0,383.0,161.0,199.5,0.2865721239225695,4,1
small-world/scale-free,400,46,185,80.0,120.0,112.0,111.0,115.0,115.0,90.0,199.5,0.2865721239225695,4,1
small-world/scale-free,400,46,186,80.0,200.0,244.0,236.0,198.0,198.0,98.0,199.5,0.2865721239225695,4,1
small-world/scale-free,400,46,187,80.0,107.0,66.0,67.0,97.0,97.0,89.0,199.5,0.2865721239225695,4,1
small-world/scale-free,400,46,188,154.0,137.0,274.0,272.0,142.0,142.0,212.0,199.5,0.2865721239225695,4,1
small-world/scale-free,400,46,189,154.0,320.0,287.0,283.0,319.0,319.0,183.0,199.5,0.2865721239225695,4,1
small-world/scale-free,400,46,190,154.0,336.0,211.0,204.0,323.0,323.0,193.0,199.5,0.2865721239225695,4,1
small-world/scale-free,400,46,191,154.0,358.0,353.0,355.0,357.0,357.0,182.0,199.5,0.2865721239225695,4,1
small-world/scale-free,400,46,192,80.0,180.0,116.0,114.0,183.0,183.0,96.0,199.5,0.2865721239225695,4,1
small-world/scale-free,400,46,193,240.0,298.0,288.0,287.0,311.0,311.0,300.0,199.5,0.2865721239225695,4,1
small-world/scale-free,400,46,194,154.0,270.0,180.0,178.0,267.0,267.0,184.0,199.5,0.2865721239225695,4,1
small-world/scale-free,400,46,195,240.0,244.0,312.0,306.0,256.0,256.0,332.0,199.5,0.2865721239225695,4,1
small-world/scale-free,400,46,196,240.0,382.0,325.0,309.0,386.0,386.0,242.0,199.5,0.2865721239225695,4,1
small-world/scale-free,400,46,197,154.0,251.0,354.0,350.0,245.0,245.0,203.0,199.5,0.2865721239225695,4,1
small-world/scale-free,400,46,198,240.0,304.0,257.0,246.0,316.0,316.0,289.0,199.5,0.2865721239225695,4,1
small-world/scale-free,400,46,199,154.0,158.0,258.0,259.0,149.0,149.0,234.0,199.5,0.2865721239225695,4,1
small-world/scale-free,400,46,200,240.0,304.0,389.0,389.0,313.0,313.0,304.0,199.5,0.2865721239225695,4,1
small-world/scale-free,400,46,201,67.0,283.0,117.0,113.0,269.0,269.0,67.0,199.5,0.2865721239225695,4,1
small-world/scale-free,400,46,202,240.0,385.0,393.0,393.0,385.0,385.0,323.0,199.5,0.2865721239225695,4,1
small-world/scale-free,400,46,203,154.0,360.0,241.0,227.0,354.0,354.0,169.0,199.5,0.2865721239225695,4,1
small-world/scale-free,400,46,204,240.0,379.0,380.0,382.0,382.0,382.0,330.0,199.5,0.2865721239225695,4,1
small-world/scale-free,400,46,205,154.0,351.0,231.0,233.0,341.0,341.0,177.0,199.5,0.2865721239225695,4,1
small-world/scale-free,400,46,206,240.0,326.0,335.0,333.0,323.0,323.0,298.0,199.5,0.2865721239225695,4,1
small-world/scale-free,400,46,207,154.0,264.0,149.0,149.0,259.0,259.0,202.0,199.5,0.2865721239225695,4,1
small-world/scale-free,400,46,208,154.0,375.0,371.0,372.0,375.0,375.0,180.0,199.5,0.2865721239225695,4,1
small-world/scale-free,400,46,209,58.0,330.0,84.0,82.0,306.0,306.0,59.0,199.5,0.2865721239225695,4,1
small-world/scale-free,400,46,210,240.0,280.0,264.0,280.0,275.0,275.0,348.0,199.5,0.2865721239225695,4,1
small-world/scale-free,400,46,211,240.0,196.0,318.0,331.0,212.0,212.0,385.0,199.5,0.2865721239225695,4,1
small-world/scale-free,400,46,212,154.0,240.0,200.0,200.0,241.0,241.0,211.0,199.5,0.2865721239225695,4,1
small-world/scale-free,400,46,213,108.0,94.0,138.0,140.0,99.0,99.0,127.0,199.5,0.2865721239225695,4,1
small-world/scale-free,400,46,214,240.0,137.0,378.0,379.0,145.0,145.0,375.0,199.5,0.2865721239225695,4,1
small-world/scale-free,400,46,215,240.0,111.0,207.0,205.0,123.0,123.0,390.0,199.5,0.2865721239225695,4,1
small-world/scale-free,400,46,216,154.0,399.0,347.0,347.0,399.0,399.0,181.0,199.5,0.2865721239225695,4,1
small-world/scale-free,400,46,217,240.0,47.0,177.0,201.0,60.0,60.0,396.0,199.5,0.2865721239225695,4,1
small-world/scale-free,400,46,218,154.0,348.0,367.0,364.0,342.0,342.0,198.0,199.5,0.2865721239225695,4,1
small-world/scale-free,400,46,219,240.0,317.0,269.0,258.0,322.0,322.0,275.0,199.5,0.2865721239225695,4,1
small-world/scale-free,400,46,220,240.0,164.0,179.0,188.0,172.0,172.0,340.0,199.5,0.2865721239225695,4,1
small-world/scale-free,400,46,221,240.0,215.0,338.0,339.0,221.0,221.0,374.0,199.5,0.2865721239225695,4,1
small-world/scale-free,400,46,222,240.0,378.0,343.0,340.0,376.0,376.0,308.0,199.5,0.2865721239225695,4,1
small-world/scale-free,400,46,223,240.0,327.0,393.0,393.0,328.0,328.0,320.0,199.5,0.2865721239225695,4,1
small-world/scale-free,400,46,224,40.0,200.0,65.0,62.0,193.0,193.0,40.0,199.5,0.2865721239225695,4,1
small-world/scale-free,400,46,225,154.0,320.0,223.0,212.0,318.0,318.0,174.0,199.5,0.2865721239225695,4,1
small-world/scale-free,400,46,226,154.0,182.0,124.0,125.0,181.0,181.0,187.0,199.5,0.2865721239225695,4,1
small-world/scale-free,400,46,227,240.0,111.0,206.0,215.0,110.0,110.0,388.0,199.5,0.2865721239225695,4,1
small-world/scale-free,400,46,228,80.0,220.0,72.0,71.0,223.0,223.0,82.0,199.5,0.2865721239225695,4,1
small-world/scale-free,400,46,229,240.0,214.0,307.0,302.0,225.0,225.0,360.0,199.5,0.2865721239225695,4,1
small-world/scale-free,400,46,230,240.0,259.0,309.0,314.0,258.0,258.0,345.0,199.5,0.2865721239225695,4,1
small-world/scale-free,400,46,231,108.0,125.0,110.0,109.0,128.0,128.0,124.0,199.5,0.2865721239225695,4,1
small-world/scale-free,400,46,232,240.0,283.0,225.0,232.0,281.0,281.0,292.0,199.5,0.2865721239225695,4,1
small-world/scale-free,400,46,233,240.0,394.0,282.0,278.0,394.0,394.0,247.0,199.5,0.2865721239225695,4,1
small-world/scale-free,400,46,234,108.0,121.0,99.0,99.0,124.0,124.0,118.0,199.5,0.2865721239225695,4,1
small-world/scale-free,400,46,235,240.0,295.0,323.0,327.0,300.0,300.0,294.0,199.5,0.2865721239225695,4,1
small-world/scale-free,400,46,236,240.0,212.0,174.0,165.0,215.0,215.0,379.0,199.5,0.2865721239225695,4,1
small-world/scale-free,400,46,237,154.0,37.0,94.0,97.0,52.0,52.0,230.0,199.5,0.2865721239225695,4,1
small-world/scale-free,400,46,238,240.0,88.0,379.0,373.0,106.0,106.0,381.0,199.5,0.2865721239225695,4,1
small-world/scale-free,400,46,239,154.0,103.0,183.0,196.0,109.0,109.0,223.0,199.5,0.2865721239225695,4,1
small-world/scale-free,400,46,240,240.0,88.0,315.0,321.0,103.0,103.0,386.0,199.5,0.2865721239225695,4,1
small-world/scale-free,400,46,241,108.0,309.0,158.0,152.0,301.0,301.0,109.0,199.5,0.2865721239225695,4,1
small-world/scale-free,400,46,242,154.0,75.0,233.0,264.0,81.0,81.0,238.0,199.5,0.2865721239225695,4,1
small-world/scale-free,400,46,243,154.0,301.0,171.0,169.0,289.0,289.0,178.0,199.5,0.2865721239225695,4,1
small-world/scale-free,400,46,244,240.0,291.0,261.0,257.0,294.0,294.0,313.0,199.5,0.2865721239225695,4,1
small-world/scale-free,400,46,245,154.0,293.0,296.0,295.0,291.0,291.0,179.0,199.5,0.2865721239225695,4,1
small-world/scale-free,400,46,246,240.0,359.0,331.0,336.0,361.0,361.0,281.0,199.5,0.2865721239225695,4,1
small-world/scale-free,400,46,247,154.0,397.0,203.0,190.0,397.0,397.0,154.0,199.5,0.2865721239225695,4,1
small-world/scale-free,400,46,248,154.0,395.0,306.0,304.0,395.0,395.0,164.0,199.5,0.2865721239225695,4,1
small-world/scale-free,400,46,249,240.0,207.0,386.0,386.0,217.0,217.0,357.0,199.5,0.2865721239225695,4,1
small-world/scale-free,400,46,250,240.0,295.0,340.0,342.0,304.0,304.0,344.0,199.5,0.2865721239225695,4,1
small-world/scale-free,400,46,251,154.0,133.0,219.0,226.0,141.0,141.0,226.0,199.5,0.2865721239225695,4,1
small-world/scale-free,400,46,252,67.0,210.0,71.0,72.0,200.0,200.0,69.0,199.5,0.2865721239225695,4,1
small-world/scale-free,400,46,253,154.0,142.0,129.0,131.0,163.0,163.0,219.0,199.5,0.2865721239225695,4,1
small-world/scale-free,400,46,254,240.0,364.0,316.0,310.0,366.0,366.0,268.0,199.5,0.2865721239225695,4,1
small-world/scale-free,400,46,255,240.0,168.0,119.0,115.0,176.0,176.0,366.0,199.5,0.2865721239225695,4,1
small-world/scale-free,400,46,256,108.0,92.0,104.0,107.0,92.0,92.0,119.0,199.5,0.2865721239225695,4,1
small-world/scale-free,400,46,257,154.0,292.0,162.0,159.0,284.0,284.0,185.0,199.5,0.2865721239225695,4,1
small-world/scale-free,400,46,258,58.0,234.0,67.0,65.0,214.0,214.0,58.0,199.5,0.2865721239225695,4,1
small-world/scale-free,400,46,259,240.0,265.0,254.0,253.0,272.0,272.0,321.0,199.5,0.2865721239225695,4,1
small-world/scale-free,400,46,260,108.0,277.0,115.0,110.0,266.0,266.0,112.0,199.5,0.2865721239225695,4,1
small-world/scale-free,400,46,261,240.0,251.0,123.0,123.0,243.0,243.0,354.0,199.5,0.2865721239225695,4,1
small-world/scale-free,400,46,262,240.0,351.0,374.0,376.0,355.0,355.0,269.0,199.5,0.2865721239225695,4,1
small-world/scale-free,400,46,263,240.0,254.0,270.0,268.0,263.0,263.0,325.0,199.5,0.2865721239225695,4,1
small-world/scale-free,400,46,264,108.0,320.0,267.0,266.0,312.0,312.0,113.0,199.5,0.2865721239225695,4,1
small-world/scale-free,400,46,265,80.0,298.0,120.0,116.0,280.0,280.0,81.0,199.5,0.2865721239225695,4,1
small-world/scale-free,400,46,266,240.0,99.0,391.0,391.0,121.0,121.0,328.0,199.5,0.2865721239225695,4,1
small-world/scale-free,400,46,267,240.0,75.0,218.0,230.0,83.0,83.0,377.0,199.5,0.2865721239225695,4,1
small-world/scale-free,400,46,268,240.0,87.0,359.0,356.0,101.0,101.0,376.0,199.5,0.2865721239225695,4,1
small-world/scale-free,400,46,269,108.0,110.0,100.0,100.0,105.0,105.0,130.0,199.5,0.2865721239225695,4,1
small-world/scale-free,400,46,270,240.0,320.0,393.0,393.0,321.0,321.0,302.0,199.5,0.2865721239225695,4,1
small-world/scale-free,400,46,271,240.0,360.0,332.0,338.0,356.0,356.0,293.0,199.5,0.2865721239225695,4,1
small-world/scale-free,400,46,272,154.0,319.0,152.0,145.0,308.0,308.0,163.0,199.5,0.2865721239225695,4,1
small-world/scale-free,400,46,273,154.0,227.0,266.0,270.0,228.0,228.0,205.0,199.5,0.2865721239225695,4,1
small-world/scale-free,400,46,274,240.0,373.0,334.0,324.0,381.0,381.0,241.0,199.5,0.2865721239225695,4,1
small-world/scale-free,400,46,275,154.0,278.0,199.0,186.0,286.0,286.0,160.0,199.5,0.2865721239225695,4,1
small-world/scale-free,400,46,276,154.0,75.0,275.0,274.0,88.0,88.0,228.0,199.5,0.2865721239225695,4,1
small-world/scale-free,400,46,277,240.0,345.0,320.0,319.0,337.0,337.0,307.0,199.5,0.2865721239225695,4,1
small-world/scale-free,400,46,278,240.0,366.0,322.0,320.0,369.0,369.0,277.0,199.5,0.2865721239225695,4,1
small-world/scale-free,400,46,279,240.0,354.0,330.0,313.0,364.0,364.0,255.0,199.5,0.2865721239225695,4,1
small-world/scale-free,400,46,280,154.0,131.0,113.0,119.0,134.0,134.0,215.0,199.5,0.2865721239225695,4,1
small-world/scale-free,400,46,281,240.0,346.0,342.0,343.0,352.0,352.0,273.0,199.5,0.2865721239225695,4,1
small-world/scale-free,400,46,282,240.0,170.0,298.0,312.0,175.0,175.0,363.0,199.5,0.2865721239225695,4,1
small-world/scale-free,400,46,283,240.0,364.0,240.0,239.0,363.0,363.0,254.0,199.5,0.2865721239225695,4,1
small-world/scale-free,400,46,284,240.0,362.0,326.0,315.0,370.0,370.0,250.0,199.5,0.2865721239225695,4,1
small-world/scale-free,400,46,285,108.0,232.0,156.0,151.0,232.0,232.0,116.0,199.5,0.2865721239225695,4,1
small-world/scale-free,400,46,286,240.0,314.0,377.0,375.0,330.0,330.0,266.0,199.5,0.2865721239225695,4,1
small-world/scale-free,400,46,287,154.0,334.0,246.0,248.0,336.0,336.0,171.0,199.5,0.2865721239225695,4,1
small-world/scale-free,400,46,288,154.0,295.0,265.0,261.0,297.0,297.0,162.0,199.5,0.2865721239225695,4,1
small-world/scale-free,400,46,289,240.0,324.0,187.0,185.0,320.0,320.0,265.0,199.5,0.2865721239225695,4,1
small-world/scale-free,400,46,290,240.0,71.0,329.0,323.0,73.0,73.0,398.0,199.5,0.2865721239225695,4,1
small-world/scale-free,400,46,291,154.0,392.0,324.0,328.0,392.0,392.0,166.0,199.5,0.2865721239225695,4,1
small-world/scale-free,400,46,292,108.0,270.0,173.0,164.0,268.0,268.0,108.0,199.5,0.2865721239225695,4,1
small-world/scale-free,400,46,293,240.0,234.0,311.0,316.0,233.0,233.0,372.0,199.5,0.2865721239225695,4,1
small-world/scale-free,400,46,294,240.0,158.0,243.0,254.0,174.0,174.0,394.0,199.5,0.2865721239225695,4,1
small-world/scale-free,400,46,295,240.0,150.0,232.0,221.0,170.0,170.0,305.0,199.5,0.2865721239225695,4,1
small-world/scale-free,400,46,296,240.0,351.0,392.0,392.0,353.0,353.0,303.0,199.5,0.2865721239225695,4,1
small-world/scale-free,400,46,297,154.0,177.0,299.0,300.0,182.0,182.0,206.0,199.5,0.2865721239225695,4,1
small-world/scale-free,400,46,298,240.0,158.0,272.0,284.0,157.0,157.0,373.0,199.5,0.2865721239225695,4,1
small-world/scale-free,400,46,299,240.0,342.0,302.0,293.0,337.0,337.0,270.0,199.5,0.2865721239225695,4,1
small-world/scale-free,400,46,300,240.0,331.0,388.0,387.0,332.0,332.0,309.0,199.5,0.2865721239225695,4,1
small-world/scale-free,400,46,301,240.0,254.0,196.0,203.0,261.0,261.0,324.0,199.5,0.2865721239225695,4,1
small-world/scale-free,400,46,302,240.0,369.0,383.0,381.0,368.0,368.0,245.0,199.5,0.2865721239225695,4,1
small-world/scale-free,400,46,303,240.0,368.0,382.0,383.0,359.0,359.0,337.0,199.5,0.2865721239225695,4,1
small-world/scale-free,400,46,304,240.0,280.0,390.0,390.0,307.0,307.0,287.0,199.5,0.2865721239225695,4,1
small-world/scale-free,400,46,305,240.0,383.0,368.0,370.0,380.0,380.0,297.0,199.5,0.2865721239225695,4,1
small-world/scale-free,400,46,306,154.0,254.0,226.0,214.0,257.0,257.0,190.0,199.5,0.2865721239225695,4,1
small-world/scale-free,400,46,307,154.0,393.0,289.0,286.0,393.0,393.0,155.0,199.5,0.2865721239225695,4,1
small-world/scale-free,400,46,308,240.0,254.0,221.0,220.0,262.0,262.0,338.0,199.5,0.2865721239225695,4,1
small-world/scale-free,400,46,309,108.0,221.0,201.0,199.0,229.0,229.0,123.0,199.5,0.2865721239225695,4,1
small-world/scale-free,400,46,310,240.0,267.0,235.0,235.0,264.0,264.0,352.0,199.5,0.2865721239225695,4,1
small-world/scale-free,400,46,311,154.0,131.0,229.0,225.0,135.0,135.0,217.0,199.5,0.2865721239225695,4,1
small-world/scale-free,400,46,312,240.0,377.0,249.0,243.0,378.0,378.0,246.0,199.5,0.2865721239225695,4,1
small-world/scale-free,400,46,313,154.0,262.0,313.0,294.0,260.0,260.0,210.0,199.5,0.2865721239225695,4,1
small-world/scale-free,400,46,314,240.0,396.0,303.0,296.0,396.0,396.0,243.0,199.5,0.2865721239225695,4,1
small-world/scale-free,400,46,315,240.0,147.0,184.0,192.0,165.0,165.0,358.0,199.5,0.2865721239225695,4,1
small-world/scale-free,400,46,316,240.0,336.0,280.0,285.0,331.0,331.0,301.0,199.5,0.2865721239225695,4,1
small-world/scale-free,400,46,317,240.0,350.0,393.0,393.0,351.0,351.0,306.0,199.5,0.2865721239225695,4,1
small-world/scale-free,400,46,318,154.0,268.0,168.0,171.0,270.0,270.0,165.0,199.5,0.2865721239225695,4,1
small-world/scale-free,400,46,319,240.0,370.0,283.0,275.0,367.0,367.0,290.0,199.5,0.2865721239225695,4,1
small-world/scale-free,400,46,320,154.0,150.0,164.0,166.0,144.0,144.0,218.0,199.5,0.2865721239225695,4,1
small-world/scale-free,400,46,321,240.0,97.0,147.0,150.0,107.0,107.0,322.0,199.5,0.2865721239225695,4,1
small-world/scale-free,400,46,322,154.0,375.0,284.0,277.0,373.0,373.0,175.0,199.5,0.2865721239225695,4,1
small-world/scale-free,400,46,323,154.0,217.0,375.0,371.0,220.0,220.0,189.0,199.5,0.2865721239225695,4,1
small-world/scale-free,400,46,324,240.0,142.0,273.0,279.0,160.0,160.0,382.0,199.5,0.2865721239225695,4,1
small-world/scale-free,400,46,325,240.0,389.0,328.0,318.0,390.0,390.0,240.0,199.5,0.2865721239225695,4,1
small-world/scale-free,400,46,326,240.0,240.0,317.0,325.0,248.0,248.0,349.0,199.5,0.2865721239225695,4,1
small-world/scale-free,400,46,327,240.0,275.0,192.0,181.0,279.0,279.0,279.0,199.5,0.2865721239225695,4,1
small-world/scale-free,400,46,328,154.0,185.0,126.0,133.0,191.0,191.0,173.0,199.5,0.2865721239225695,4,1
small-world/scale-free,400,46,329,240.0,68.0,234.0,238.0,74.0,74.0,387.0,199.5,0.2865721239225695,4,1
small-world/scale-free,400,46,330,154.0,217.0,239.0,237.0,219.0,219.0,191.0,199.5,0.2865721239225695,4,1
small-world/scale-free,400,46,331,240.0,386.0,319.0,311.0,387.0,387.0,258.0,199.5,0.2865721239225695,4,1
small-world/scale-free,400,46,332,240.0,233.0,294.0,290.0,234.0,234.0,383.0,199.5,0.2865721239225695,4,1
small-world/scale-free,400,46,333,240.0,172.0,370.0,369.0,178.0,178.0,359.0,199.5,0.2865721239225695,4,1
small-world/scale-free,400,46,334,154.0,335.0,238.0,234.0,340.0,340.0,159.0,199.5,0.2865721239225695,4,1
small-world/scale-free,400,46,335,240.0,118.0,259.0,265.0,132.0,132.0,318.0,199.5,0.2865721239225695,4,1
small-world/scale-free,400,46,336,240.0,83.0,189.0,187.0,100.0,100.0,369.0,199.5,0.2865721239225695,4,1
small-world/scale-free,400,46,337,240.0,248.0,356.0,354.0,246.0,246.0,331.0,199.5,0.2865721239225695,4,1
small-world/scale-free,400,46,338,240.0,171.0,278.0,267.0,189.0,189.0,336.0,199.5,0.2865721239225695,4,1
small-world/scale-free,400,46,339,240.0,154.0,361.0,361.0,158.0,158.0,371.0,199.5,0.2865721239225695,4,1
small-world/scale-free,400,46,340,240.0,380.0,372.0,377.0,377.0,377.0,310.0,199.5,0.2865721239225695,4,1
small-world/scale-free,400,46,341,240.0,270.0,358.0,357.0,276.0,276.0,329.0,199.5,0.2865721239225695,4,1
small-world/scale-free,400,46,342,240.0,147.0,339.0,341.0,168.0,168.0,334.0,199.5,0.2865721239225695,4,1
small-world/scale-free,400,46,343,240.0,207.0,205.0,206.0,218.0,218.0,271.0,199.5,0.2865721239225695,4,1
small-world/scale-free,400,46,344,108.0,343.0,178.0,172.0,327.0,327.0,110.0,199.5,0.2865721239225695,4,1
small-world/scale-free,400,46,345,154.0,381.0,253.0,241.0,379.0,379.0,156.0,199.5,0.2865721239225695,4,1
small-world/scale-free,400,46,346,154.0,46.0,132.0,135.0,59.0,59.0,222.0,199.5,0.2865721239225695,4,1
small-world/scale-free,400,46,347,240.0,197.0,286.0,297.0,210.0,210.0,283.0,199.5,0.2865721239225695,4,1
small-world/scale-free,400,46,348,240.0,362.0,281.0,271.0,365.0,365.0,262.0,199.5,0.2865721239225695,4,1
small-world/scale-free,400,46,349,240.0,289.0,279.0,282.0,299.0,299.0,259.0,199.5,0.2865721239225695,4,1
small-world/scale-free,400,46,350,240.0,265.0,220.0,222.0,277.0,277.0,260.0,199.5,0.2865721239225695,4,1
small-world/scale-free,400,46,351,240.0,139.0,346.0,348.0,146.0,146.0,362.0,199.5,0.2865721239225695,4,1
small-world/scale-free,400,46,352,240.0,339.0,365.0,365.0,343.0,343.0,252.0,199.5,0.2865721239225695,4,1
small-world/scale-free,400,46,353,240.0,383.0,355.0,358.0,384.0,384.0,299.0,199.5,0.2865721239225695,4,1
small-world/scale-free,400,46,354,240.0,327.0,301.0,303.0,344.0,344.0,276.0,199.5,0.2865721239225695,4,1
small-world/scale-free,400,46,355,154.0,156.0,204.0,211.0,161.0,161.0,213.0,199.5,0.2865721239225695,4,1
small-world/scale-free,400,46,356,154.0,390.0,369.0,367.0,389.0,389.0,158.0,199.5,0.2865721239225695,4,1
small-world/scale-free,400,46,357,240.0,348.0,344.0,344.0,348.0,348.0,278.0,199.5,0.2865721239225695,4,1
small-world/scale-free,400,46,358,240.0,238.0,169.0,170.0,238.0,238.0,355.0,199.5,0.2865721239225695,4,1
small-world/scale-free,400,46,359,154.0,260.0,159.0,154.0,255.0,255.0,192.0,199.5,0.2865721239225695,4,1
small-world/scale-free,400,46,360,240.0,341.0,308.0,299.0,335.0,335.0,296.0,199.5,0.2865721239225695,4,1
small-world/scale-free,400,46,361,154.0,398.0,293.0,298.0,398.0,398.0,157.0,199.5,0.2865721239225695,4,1
small-world/scale-free,400,46,362,240.0,388.0,228.0,224.0,388.0,388.0,253.0,199.5,0.2865721239225695,4,1
small-world/scale-free,400,46,363,240.0,192.0,242.0,244.0,204.0,204.0,370.0,199.5,0.2865721239225695,4,1
small-world/scale-free,400,46,364,240.0,309.0,175.0,173.0,326.0,326.0,249.0,199.5,0.2865721239225695,4,1
small-world/scale-free,400,46,365,154.0,195.0,130.0,128.0,197.0,197.0,176.0,199.5,0.2865721239225695,4,1
small-world/scale-free,400,46,366,240.0,336.0,327.0,329.0,339.0,339.0,319.0,199.5,0.2865721239225695,4,1
small-world/scale-free,400,46,367,240.0,156.0,362.0,362.0,164.0,164.0,364.0,199.5,0.2865721239225695,4,1
small-world/scale-free,400,46,368,154.0,203.0,197.0,197.0,211.0,211.0,188.0,199.5,0.2865721239225695,4,1
small-world/scale-free,400,46,369,240.0,283.0,247.0,251.0,282.0,282.0,342.0,199.5,0.2865721239225695,4,1
small-world/scale-free,400,46,370,240.0,215.0,300.0,301.0,226.0,226.0,346.0,199.5,0.2865721239225695,4,1
small-world/scale-free,400,46,371,240.0,373.0,381.0,380.0,371.0,371.0,285.0,199.5,0.2865721239225695,4,1
small-world/scale-free,400,46,372,240.0,248.0,176.0,176.0,251.0,251.0,326.0,199.5,0.2865721239225695,4,1
small-world/scale-free,400,46,373,240.0,329.0,364.0,368.0,333.0,333.0,367.0,199.5,0.2865721239225695,4,1
small-world/scale-free,400,46,374,154.0,312.0,248.0,245.0,314.0,314.0,170.0,199.5,0.2865721239225695,4,1
small-world/scale-free,400,46,375,240.0,309.0,256.0,247.0,315.0,315.0,248.0,199.5,0.2865721239225695,4,1
small-world/scale-free,400,46,376,240.0,227.0,321.0,317.0,236.0,236.0,315.0,199.5,0.2865721239225695,4,1
small-world/scale-free,400,46,377,240.0,325.0,363.0,359.0,334.0,334.0,286.0,199.5,0.2865721239225695,4,1
small-world/scale-free,400,46,378,240.0,263.0,268.0,273.0,265.0,265.0,280.0,199.5,0.2865721239225695,4,1
small-world/scale-free,400,46,379,240.0,238.0,351.0,363.0,240.0,240.0,384.0,199.5,0.2865721239225695,4,1
small-world/scale-free,400,46,380,240.0,391.0,310.0,307.0,391.0,391.0,244.0,199.5,0.2865721239225695,4,1
small-world/scale-free,400,46,381,240.0,303.0,263.0,252.0,310.0,310.0,288.0,199.5,0.2865721239225695,4,1
small-world/scale-free,400,46,382,240.0,244.0,252.0,242.0,249.0,249.0,267.0,199.5,0.2865721239225695,4,1
small-world/scale-free,400,46,383,240.0,370.0,341.0,334.0,372.0,372.0,261.0,199.5,0.2865721239225695,4,1
small-world/scale-free,400,46,384,240.0,344.0,345.0,345.0,349.0,349.0,291.0,199.5,0.2865721239225695,4,1
small-world/scale-free,400,46,385,240.0,354.0,262.0,263.0,362.0,362.0,257.0,199.5,0.2865721239225695,4,1
small-world/scale-free,400,46,386,240.0,346.0,194.0,182.0,345.0,345.0,274.0,199.5,0.2865721239225695,4,1
small-world/scale-free,400,46,387,240.0,270.0,276.0,281.0,283.0,283.0,264.0,199.5,0.2865721239225695,4,1
small-world/scale-free,400,46,388,240.0,133.0,295.0,305.0,148.0,148.0,339.0,199.5,0.2865721239225695,4,1
small-world/scale-free,400,46,389,240.0,240.0,198.0,184.0,242.0,242.0,312.0,199.5,0.2865721239225695,4,1
small-world/scale-free,400,46,390,240.0,331.0,297.0,289.0,346.0,346.0,263.0,199.5,0.2865721239225695,4,1
small-world/scale-free,400,46,391,240.0,283.0,290.0,308.0,274.0,274.0,361.0,199.5,0.2865721239225695,4,1
small-world/scale-free,400,46,392,240.0,366.0,333.0,335.0,358.0,358.0,311.0,199.5,0.2865721239225695,4,1
small-world/scale-free,400,46,393,240.0,140.0,150.0,153.0,152.0,152.0,316.0,199.5,0.2865721239225695,4,1
small-world/scale-free,400,46,394,240.0,243.0,209.0,208.0,250.0,250.0,256.0,199.5,0.2865721239225695,4,1
small-world/scale-free,400,46,395,240.0,231.0,230.0,217.0,239.0,239.0,272.0,199.5,0.2865721239225695,4,1
small-world/scale-free,400,46,396,240.0,268.0,387.0,388.0,271.0,271.0,327.0,199.5,0.2865721239225695,4,1
small-world/scale-free,400,46,397,240.0,400.0,393.0,393.0,400.0,400.0,251.0,199.5,0.2865721239225695,4,1
small-world/scale-free,400,46,398,240.0,253.0,271.0,276.0,254.0,254.0,353.0,199.5,0.2865721239225695,4,1
small-world/scale-free,400,46,399,240.0,154.0,236.0,255.0,167.0,167.0,365.0,199.5,0.2865721239225695,4,1
