small-world/scale-free,400,7,0,23.0,28.0,31.0,30.0,28.0,28.0,24.0,199.5,0.28327830628966966,4,1
small-world/scale-free,400,7,1,2.0,3.0,2.0,2.0,3.0,3.0,2.0,199.5,0.28327830628966966,4,1
small-world/scale-free,400,7,2,1.0,2.0,3.0,3.0,2.0,2.0,1.0,199.5,0.28327830628966966,4,1
small-world/scale-free,400,7,3,5.0,4.0,5.0,5.0,4.0,4.0,5.0,199.5,0.28327830628966966,4,1
small-world/scale-free,400,7,4,2.0,1.0,1.0,1.0,1.0,1.0,3.0,199.5,0.28327830628966966,4,1
small-world/scale-free,400,7,5,16.0,8.0,9.0,9.0,9.0,9.0,16.0,199.5,0.28327830628966966,4,1
small-world/scale-free,400,7,6,30.0,11.0,33.0,33.0,12.0,12.0,42.0,199.5,0.28327830628966966,4,1
small-world/scale-free,400,7,7,18.0,7.0,19.0,20.0,8.0,8.0,20.0,199.5,0.28327830628966966,4,1
small-world/scale-free,400,7,8,4.0,5.0,4.0,4.0,5.0,5.0,4.0,199.5,0.28327830628966966,4,1
small-world/scale-free,400,7,9,6.0,6.0,6.0,6.0,6.0,6.0,6.0,199.5,0.28327830628966966,4,1
small-world/scale-free,400,7,10,21.0,14.0,23.0,23.0,16.0,16.0,23.0,199.5,0.28327830628966966,4,1
small-world/scale-free,400,7,11,16.0,24.0,17.0,17.0,18.0,18.0,17.0,199.5,0.28327830628966966,4,1
small-world/scale-free,400,7,12,8.0,12.0,11.0,11.0,11.0,11.0,8.0,199.5,0.28327830628966966,4,1
small-world/scale-free,400,7,13,7.0,9.0,7.0,7.0,7.0,7.0,7.0,199.5,0.28327830628966966,4,1
small-world/scale-free,400,7,14,18.0,20.0,16.0,15.0,17.0,17.0,18.0,199.5,0.28327830628966966,4,1
small-world/scale-free,400,7,15,30.0,26.0,35.0,35.0,24.0,24.0,37.0,199.5,0.28327830628966966,4,1
small-world/scale-free,400,7,16,12.0,13.0,15.0,16.0,14.0,14.0,14.0,199.5,0.28327830628966966,4,1
small-world/scale-free,400,7,17,21.0,17.0,24.0,24.0,19.0,19.0,21.0,199.5,0.28327830628966966,4,1
small-world/scale-free,400,7,18,9.0,14.0,10.0,10.0,13.0,13.0,9.0,199.5,0.28327830628966966,4,1
small-world/scale-free,400,7,19,47.0,66.0,93.0,95.0,46.0,46.0,54.0,199.5,0.28327830628966966,4,1
small-world/scale-free,400,7,20,23.0,43.0,29.0,29.0,37.0,37.0,25.0,199.5,0.28327830628966966,4,1
small-world/scale-free,400,7,21,86.0,46.0,94.0,100.0,44.0,44.0,112.0,199.5,0.28327830628966966,4,1
small-world/scale-free,400,7,22,41.0,22.0,42.0,41.0,23.0,23.0,46.0,199.5,0.28327830628966966,4,1
small-world/scale-free,400,7,23,113.0,138.0,212.0,209.0,137.0,137.0,162.0,199.5,0.28327830628966966,4,1
small-world/scale-free,400,7,24,252.0,86.0,322.0,336.0,84.0,84.0,400.0,199.5,0.28327830628966966,4,1
small-world/scale-free,400,7,25,18.0,21.0,20.0,19.0,20.0,20.0,19.0,199.5,0.28327830628966966,4,1
small-world/scale-free,400,7,26,86.0,25.0,106.0,117.0,26.0,26.0,110.0,199.5,0.28327830628966966,4,1
small-world/scale-free,400,7,27,113.0,76.0,229.0,229.0,88.0,88.0,153.0,199.5,0.28327830628966966,4,1
small-world/scale-free,400,7,28,68.0,71.0,52.0,53.0,61.0,61.0,81.0,199.5,0.28327830628966966,4,1
small-world/scale-free,400,7,29,47.0,38.0,62.0,62.0,38.0,38.0,53.0,199.5,0.28327830628966966,4,1
small-world/scale-free,400,7,30,55.0,67.0,142.0,134.0,58.0,58.0,64.0,199.5,0.28327830628966966,4,1
small-world/scale-free,400,7,31,86.0,93.0,112.0,114.0,96.0,96.0,109.0,199.5,0.28327830628966966,4,1
small-world/scale-free,400,7,32,68.0,18.0,53.0,58.0,25.0,25.0,84.0,199.5,0.28327830628966966,4,1
small-world/scale-free,400,7,33,9.0,10.0,8.0,8.0,10.0,10.0,10.0,199.5,0.28327830628966966,4,1
small-world/scale-free,400,7,34,12.0,35.0,13.0,13.0,27.0,27.0,12.0,199.5,0.28327830628966966,4,1
small-world/scale-free,400,7,35,12.0,16.0,12.0,12.0,15.0,15.0,13.0,199.5,0.28327830628966966,4,1
small-world/scale-free,400,7,36,30.0,77.0,30.0,31.0,59.0,59.0,39.0,199.5,0.28327830628966966,4,1
small-world/scale-free,400,7,37,86.0,114.0,258.0,252.0,125.0,125.0,102.0,199.5,0.28327830628966966,4,1
small-world/scale-free,400,7,38,86.0,54.0,114.0,112.0,53.0,53.0,111.0,199.5,0.28327830628966966,4,1
small-world/scale-free,400,7,39,86.0,117.0,90.0,93.0,104.0,104.0,108.0,199.5,0.28327830628966966,4,1
small-world/scale-free,400,7,40,27.0,40.0,28.0,28.0,31.0,31.0,28.0,199.5,0.28327830628966966,4,1
small-world/scale-free,400,7,41,113.0,54.0,118.0,126.0,65.0,65.0,160.0,199.5,0.28327830628966966,4,1
small-world/scale-free,400,7,42,41.0,154.0,46.0,46.0,114.0,114.0,44.0,199.5,0.28327830628966966,4,1
small-world/scale-free,400,7,43,15.0,67.0,18.0,18.0,39.0,39.0,15.0,199.5,0.28327830628966966,4,1
small-world/scale-free,400,7,44,41.0,38.0,43.0,40.0,33.0,33.0,43.0,199.5,0.28327830628966966,4,1
small-world/scale-free,400,7,45,27.0,23.0,22.0,22.0,22.0,22.0,29.0,199.5,0.28327830628966966,4,1
small-world/scale-free,400,7,46,68.0,106.0,99.0,97.0,103.0,103.0,80.0,199.5,0.28327830628966966,4,1
small-world/scale-free,400,7,47,252.0,90.0,388.0,388.0,97.0,97.0,393.0,199.5,0.28327830628966966,4,1
small-world/scale-free,400,7,48,55.0,49.0,65.0,67.0,48.0,48.0,67.0,199.5,0.28327830628966966,4,1
small-world/scale-free,400,7,49,11.0,51.0,14.0,14.0,29.0,29.0,11.0,199.5,0.28327830628966966,4,1
small-world/scale-free,400,7,50,113.0,238.0,140.0,142.0,244.0,244.0,150.0,199.5,0.28327830628966966,4,1
small-world/scale-free,400,7,51,113.0,176.0,131.0,129.0,168.0,168.0,143.0,199.5,0.28327830628966966,4,1
small-world/scale-free,400,7,52,30.0,198.0,66.0,66.0,147.0,147.0,32.0,199.5,0.28327830628966966,4,1
small-world/scale-free,400,7,53,30.0,99.0,32.0,32.0,72.0,72.0,38.0,199.5,0.28327830628966966,4,1
small-world/scale-free,400,7,54,55.0,35.0,49.0,49.0,35.0,35.0,66.0,199.5,0.28327830628966966,4,1
small-world/scale-free,400,7,55,164.0,102.0,313.0,320.0,99.0,99.0,251.0,199.5,0.28327830628966966,4,1
small-world/scale-free,400,7,56,23.0,80.0,36.0,36.0,52.0,52.0,22.0,199.5,0.28327830628966966,4,1
small-world/scale-free,400,7,57,47.0,56.0,41.0,42.0,51.0,51.0,50.0,199.5,0.28327830628966966,4,1
small-world/scale-free,400,7,58,164.0,75.0,188.0,194.0,82.0,82.0,249.0,199.5,0.28327830628966966,4,1
small-world/scale-free,400,7,59,23.0,19.0,21.0,21.0,21.0,21.0,26.0,199.5,0.28327830628966966,4,1
small-world/scale-free,400,7,60,86.0,163.0,96.0,88.0,150.0,150.0,97.0,199.5,0.28327830628966966,4,1
small-world/scale-free,400,7,61,30.0,159.0,57.0,54.0,113.0,113.0,33.0,199.5,0.28327830628966966,4,1
small-world/scale-free,400,7,62,113.0,53.0,97.0,101.0,66.0,66.0,156.0,199.5,0.28327830628966966,4,1
small-world/scale-free,400,7,63,164.0,341.0,327.0,327.0,325.0,325.0,235.0,199.5,0.28327830628966966,4,1
small-world/scale-free,400,7,64,252.0,119.0,273.0,295.0,136.0,136.0,399.0,199.5,0.28327830628966966,4,1
small-world/scale-free,400,7,65,86.0,263.0,141.0,138.0,253.0,253.0,98.0,199.5,0.28327830628966966,4,1
small-world/scale-free,400,7,66,113.0,106.0,88.0,89.0,112.0,112.0,154.0,199.5,0.28327830628966966,4,1
small-world/scale-free,400,7,67,55.0,173.0,72.0,68.0,149.0,149.0,60.0,199.5,0.28327830628966966,4,1
small-world/scale-free,400,7,68,164.0,264.0,189.0,189.0,264.0,264.0,208.0,199.5,0.28327830628966966,4,1
small-world/scale-free,400,7,69,113.0,222.0,282.0,278.0,226.0,226.0,148.0,199.5,0.28327830628966966,4,1
small-world/scale-free,400,7,70,68.0,171.0,59.0,57.0,152.0,152.0,77.0,199.5,0.28327830628966966,4,1
small-world/scale-free,400,7,71,164.0,155.0,101.0,107.0,146.0,146.0,214.0,199.5,0.28327830628966966,4,1
small-world/scale-free,400,7,72,30.0,110.0,71.0,69.0,85.0,85.0,30.0,199.5,0.28327830628966966,4,1
small-world/scale-free,400,7,73,68.0,84.0,75.0,75.0,77.0,77.0,85.0,199.5,0.28327830628966966,4,1
small-world/scale-free,400,7,74,68.0,216.0,95.0,91.0,209.0,209.0,83.0,199.5,0.28327830628966966,4,1
small-world/scale-free,400,7,75,113.0,67.0,86.0,90.0,67.0,67.0,163.0,199.5,0.28327830628966966,4,1
small-world/scale-free,400,7,76,68.0,219.0,126.0,124.0,218.0,218.0,82.0,199.5,0.28327830628966966,4,1
small-world/scale-free,400,7,77,164.0,209.0,271.0,272.0,206.0,206.0,232.0,199.5,0.28327830628966966,4,1
small-world/scale-free,400,7,78,47.0,77.0,60.0,59.0,71.0,71.0,51.0,199.5,0.28327830628966966,4,1
small-world/scale-free,400,7,79,30.0,149.0,38.0,37.0,111.0,111.0,34.0,199.5,0.28327830628966966,4,1
small-world/scale-free,400,7,80,30.0,57.0,45.0,45.0,49.0,49.0,35.0,199.5,0.28327830628966966,4,1
small-world/scale-free,400,7,81,86.0,27.0,56.0,61.0,32.0,32.0,101.0,199.5,0.28327830628966966,4,1
small-world/scale-free,400,7,82,113.0,63.0,121.0,127.0,75.0,75.0,161.0,199.5,0.28327830628966966,4,1
small-world/scale-free,400,7,83,113.0,40.0,183.0,187.0,45.0,45.0,159.0,199.5,0.28327830628966966,4,1
small-world/scale-free,400,7,84,41.0,29.0,27.0,27.0,30.0,30.0,45.0,199.5,0.28327830628966966,4,1
small-world/scale-free,400,7,85,55.0,29.0,76.0,79.0,34.0,34.0,65.0,199.5,0.28327830628966966,4,1
small-world/scale-free,400,7,86,164.0,198.0,193.0,201.0,207.0,207.0,244.0,199.5,0.28327830628966966,4,1
small-world/scale-free,400,7,87,86.0,128.0,74.0,73.0,122.0,122.0,95.0,199.5,0.28327830628966966,4,1
small-world/scale-free,400,7,88,164.0,244.0,349.0,340.0,248.0,248.0,233.0,199.5,0.28327830628966966,4,1
small-world/scale-free,400,7,89,164.0,229.0,171.0,169.0,230.0,230.0,241.0,199.5,0.28327830628966966,4,1
small-world/scale-free,400,7,90,30.0,229.0,67.0,63.0,196.0,196.0,36.0,199.5,0.28327830628966966,4,1
small-world/scale-free,400,7,91,55.0,31.0,48.0,50.0,36.0,36.0,62.0,199.5,0.28327830628966966,4,1
small-world/scale-free,400,7,92,113.0,115.0,215.0,227.0,124.0,124.0,157.0,199.5,0.28327830628966966,4,1
small-world/scale-free,400,7,93,113.0,240.0,154.0,154.0,243.0,243.0,152.0,199.5,0.28327830628966966,4,1
small-world/scale-free,400,7,94,113.0,125.0,210.0,207.0,126.0,126.0,151.0,199.5,0.28327830628966966,4,1
small-world/scale-free,400,7,95,164.0,47.0,143.0,156.0,54.0,54.0,229.0,199.5,0.28327830628966966,4,1
small-world/scale-free,400,7,96,252.0,86.0,321.0,324.0,94.0,94.0,386.0,199.5,0.28327830628966966,4,1
small-world/scale-free,400,7,97,47.0,115.0,37.0,38.0,105.0,105.0,52.0,199.5,0.28327830628966966,4,1
small-world/scale-free,400,7,98,86.0,166.0,202.0,199.0,153.0,153.0,100.0,199.5,0.28327830628966966,4,1
small-world/scale-free,400,7,99,68.0,253.0,129.0,120.0,249.0,249.0,78.0,199.5,0.28327830628966966,4,1
small-world/scale-free,400,7,100,86.0,136.0,102.0,99.0,123.0,123.0,104.0,199.5,0.28327830628966966,4,1
small-world/scale-free,400,7,101,86.0,291.0,149.0,140.0,276.0,276.0,96.0,199.5,0.28327830628966966,4,1
small-world/scale-free,400,7,102,113.0,57.0,163.0,164.0,64.0,64.0,158.0,199.5,0.28327830628966966,4,1
small-world/scale-free,400,7,103,113.0,178.0,177.0,174.0,165.0,165.0,146.0,199.5,0.28327830628966966,4,1
small-world/scale-free,400,7,104,30.0,136.0,50.0,48.0,102.0,102.0,31.0,199.5,0.28327830628966966,4,1
small-world/scale-free,400,7,105,164.0,112.0,160.0,166.0,120.0,120.0,248.0,199.5,0.28327830628966966,4,1
small-world/scale-free,400,7,106,113.0,254.0,293.0,283.0,258.0,258.0,147.0,199.5,0.28327830628966966,4,1
small-world/scale-free,400,7,107,68.0,227.0,78.0,77.0,227.0,227.0,75.0,199.5,0.28327830628966966,4,1
small-world/scale-free,400,7,108,113.0,307.0,119.0,116.0,309.0,309.0,120.0,199.5,0.28327830628966966,4,1
small-world/scale-free,400,7,109,68.0,166.0,70.0,71.0,142.0,142.0,74.0,199.5,0.28327830628966966,4,1
small-world/scale-free,400,7,110,55.0,96.0,58.0,56.0,92.0,92.0,57.0,199.5,0.28327830628966966,4,1
small-world/scale-free,400,7,111,113.0,275.0,206.0,186.0,275.0,275.0,141.0,199.5,0.28327830628966966,4,1
small-world/scale-free,400,7,112,68.0,102.0,44.0,43.0,101.0,101.0,79.0,199.5,0.28327830628966966,4,1
small-world/scale-free,400,7,113,68.0,86.0,39.0,44.0,87.0,87.0,73.0,199.5,0.28327830628966966,4,1
small-world/scale-free,400,7,114,68.0,292.0,91.0,86.0,278.0,278.0,69.0,199.5,0.28327830628966966,4,1
small-world/scale-free,400,7,115,252.0,176.0,232.0,243.0,185.0,185.0,369.0,199.5,0.28327830628966966,4,1
small-world/scale-free,400,7,116,86.0,236.0,125.0,130.0,219.0,219.0,105.0,199.5,0.28327830628966966,4,1
small-world/scale-free,400,7,117,47.0,125.0,54.0,52.0,108.0,108.0,47.0,199.5,0.28327830628966966,4,1
small-world/scale-free,400,7,118,86.0,271.0,175.0,167.0,265.0,265.0,93.0,199.5,0.28327830628966966,4,1
small-world/scale-free,400,7,119,164.0,299.0,300.0,293.0,305.0,305.0,193.0,199.5,0.28327830628966966,4,1
small-world/scale-free,400,7,120,86.0,43.0,64.0,65.0,42.0,42.0,106.0,199.5,0.28327830628966966,4,1
small-world/scale-free,400,7,121,55.0,92.0,40.0,39.0,86.0,86.0,58.0,199.5,0.28327830628966966,4,1
small-world/scale-free,400,7,122,113.0,266.0,136.0,133.0,267.0,267.0,135.0,199.5,0.28327830628966966,4,1
small-world/scale-free,400,7,123,252.0,201.0,388.0,388.0,198.0,198.0,332.0,199.5,0.28327830628966966,4,1
small-world/scale-free,400,7,124,164.0,342.0,178.0,173.0,340.0,340.0,201.0,199.5,0.28327830628966966,4,1
small-world/scale-free,400,7,125,252.0,122.0,380.0,384.0,139.0,139.0,398.0,199.5,0.28327830628966966,4,1
small-world/scale-free,400,7,126,252.0,157.0,309.0,315.0,171.0,171.0,374.0,199.5,0.28327830628966966,4,1
small-world/scale-free,400,7,127,164.0,322.0,277.0,271.0,320.0,320.0,187.0,199.5,0.28327830628966966,4,1
small-world/scale-free,400,7,128,113.0,304.0,157.0,157.0,298.0,298.0,128.0,199.5,0.28327830628966966,4,1
small-world/scale-free,400,7,129,252.0,304.0,244.0,242.0,301.0,301.0,359.0,199.5,0.28327830628966966,4,1
small-world/scale-free,400,7,130,86.0,149.0,84.0,85.0,140.0,140.0,91.0,199.5,0.28327830628966966,4,1
small-world/scale-free,400,7,131,86.0,61.0,165.0,161.0,69.0,69.0,99.0,199.5,0.28327830628966966,4,1
small-world/scale-free,400,7,132,164.0,122.0,79.0,78.0,132.0,132.0,199.0,199.5,0.28327830628966966,4,1
small-world/scale-free,400,7,133,252.0,292.0,341.0,343.0,297.0,297.0,351.0,199.5,0.28327830628966966,4,1
small-world/scale-free,400,7,134,68.0,325.0,117.0,118.0,304.0,304.0,70.0,199.5,0.28327830628966966,4,1
small-world/scale-free,400,7,135,252.0,267.0,299.0,298.0,274.0,274.0,331.0,199.5,0.28327830628966966,4,1
small-world/scale-free,400,7,136,27.0,142.0,26.0,26.0,107.0,107.0,27.0,199.5,0.28327830628966966,4,1
small-world/scale-free,400,7,137,41.0,119.0,25.0,25.0,98.0,98.0,40.0,199.5,0.28327830628966966,4,1
small-world/scale-free,400,7,138,68.0,248.0,153.0,150.0,238.0,238.0,71.0,199.5,0.28327830628966966,4,1
small-world/scale-free,400,7,139,252.0,215.0,378.0,379.0,221.0,221.0,361.0,199.5,0.28327830628966966,4,1
small-world/scale-free,400,7,140,41.0,242.0,34.0,34.0,232.0,232.0,41.0,199.5,0.28327830628966966,4,1
small-world/scale-free,400,7,141,164.0,51.0,295.0,291.0,60.0,60.0,236.0,199.5,0.28327830628966966,4,1
small-world/scale-free,400,7,142,113.0,184.0,197.0,191.0,181.0,181.0,136.0,199.5,0.28327830628966966,4,1
small-world/scale-free,400,7,143,55.0,109.0,51.0,51.0,95.0,95.0,59.0,199.5,0.28327830628966966,4,1
small-world/scale-free,400,7,144,55.0,142.0,81.0,80.0,127.0,127.0,63.0,199.5,0.28327830628966966,4,1
small-world/scale-free,400,7,145,164.0,163.0,139.0,141.0,158.0,158.0,200.0,199.5,0.28327830628966966,4,1
small-world/scale-free,400,7,146,113.0,122.0,147.0,143.0,128.0,128.0,138.0,199.5,0.28327830628966966,4,1
small-world/scale-free,400,7,147,164.0,257.0,199.0,192.0,251.0,251.0,206.0,199.5,0.28327830628966966,4,1
small-world/scale-free,400,7,148,113.0,235.0,213.0,210.0,229.0,229.0,139.0,199.5,0.28327830628966966,4,1
small-world/scale-free,400,7,149,113.0,91.0,100.0,102.0,83.0,83.0,140.0,199.5,0.28327830628966966,4,1
small-world/scale-free,400,7,150,164.0,100.0,360.0,355.0,118.0,118.0,247.0,199.5,0.28327830628966966,4,1
small-world/scale-free,400,7,151,86.0,239.0,133.0,132.0,246.0,246.0,103.0,199.5,0.28327830628966966,4,1
small-world/scale-free,400,7,152,164.0,337.0,218.0,226.0,334.0,334.0,197.0,199.5,0.28327830628966966,4,1
small-world/scale-free,400,7,153,252.0,346.0,367.0,368.0,350.0,350.0,316.0,199.5,0.28327830628966966,4,1
small-world/scale-free,400,7,154,164.0,257.0,316.0,312.0,266.0,266.0,210.0,199.5,0.28327830628966966,4,1
small-world/scale-free,400,7,155,164.0,351.0,284.0,274.0,348.0,348.0,189.0,199.5,0.28327830628966966,4,1
small-world/scale-free,400,7,156,252.0,297.0,334.0,332.0,313.0,313.0,309.0,199.5,0.28327830628966966,4,1
small-world/scale-free,400,7,157,252.0,282.0,270.0,273.0,290.0,290.0,328.0,199.5,0.28327830628966966,4,1
small-world/scale-free,400,7,158,86.0,95.0,63.0,64.0,100.0,100.0,107.0,199.5,0.28327830628966966,4,1
small-world/scale-free,400,7,159,113.0,285.0,155.0,147.0,289.0,289.0,122.0,199.5,0.28327830628966966,4,1
small-world/scale-free,400,7,160,47.0,322.0,82.0,83.0,292.0,292.0,48.0,199.5,0.28327830628966966,4,1
small-world/scale-free,400,7,161,252.0,233.0,363.0,366.0,232.0,232.0,385.0,199.5,0.28327830628966966,4,1
small-world/scale-free,400,7,162,113.0,214.0,156.0,151.0,215.0,215.0,145.0,199.5,0.28327830628966966,4,1
small-world/scale-free,400,7,163,164.0,173.0,146.0,152.0,172.0,172.0,246.0,199.5,0.28327830628966966,4,1
small-world/scale-free,400,7,164,55.0,316.0,115.0,111.0,295.0,295.0,55.0,199.5,0.28327830628966966,4,1
small-world/scale-free,400,7,165,252.0,71.0,361.0,365.0,78.0,78.0,394.0,199.5,0.28327830628966966,4,1
small-world/scale-free,400,7,166,252.0,201.0,201.0,197.0,191.0,191.0,379.0,199.5,0.28327830628966966,4,1
small-world/scale-free,400,7,167,164.0,362.0,225.0,215.0,357.0,358.0,207.0,199.5,0.28327830628966966,4,1
small-world/scale-free,400,7,168,252.0,43.0,267.0,299.0,50.0,50.0,384.0,199.5,0.28327830628966966,4,1
small-world/scale-free,400,7,169,252.0,184.0,285.0,289.0,204.0,204.0,349.0,199.5,0.28327830628966966,4,1
small-world/scale-free,400,7,170,252.0,314.0,388.0,388.0,319.0,319.0,356.0,199.5,0.28327830628966966,4,1
small-world/scale-free,400,7,171,86.0,295.0,127.0,123.0,281.0,281.0,89.0,199.5,0.28327830628966966,4,1
small-world/scale-free,400,7,172,164.0,146.0,113.0,115.0,143.0,143.0,228.0,199.5,0.28327830628966966,4,1
small-world/scale-free,400,7,173,252.0,334.0,388.0,388.0,338.0,338.0,317.0,199.5,0.28327830628966966,4,1
small-world/scale-free,400,7,174,68.0,218.0,108.0,104.0,205.0,205.0,76.0,199.5,0.28327830628966966,4,1
small-world/scale-free,400,7,175,68.0,102.0,61.0,60.0,106.0,106.0,72.0,199.5,0.28327830628966966,4,1
small-world/scale-free,400,7,176,164.0,228.0,246.0,235.0,240.0,240.0,239.0,199.5,0.28327830628966966,4,1
small-world/scale-free,400,7,177,164.0,130.0,173.0,176.0,129.0,129.0,237.0,199.5,0.28327830628966966,4,1
small-world/scale-free,400,7,178,113.0,366.0,185.0,190.0,365.0,365.0,121.0,199.5,0.28327830628966966,4,1
small-world/scale-free,400,7,179,86.0,288.0,89.0,87.0,277.0,277.0,90.0,199.5,0.28327830628966966,4,1
small-world/scale-free,400,7,180,47.0,130.0,47.0,47.0,109.0,109.0,49.0,199.5,0.28327830628966966,4,1
small-world/scale-free,400,7,181,164.0,94.0,123.0,128.0,119.0,119.0,223.0,199.5,0.28327830628966966,4,1
small-world/scale-free,400,7,182,252.0,134.0,384.0,382.0,160.0,160.0,354.0,199.5,0.28327830628966966,4,1
small-world/scale-free,400,7,183,164.0,247.0,198.0,202.0,242.0,242.0,230.0,199.5,0.28327830628966966,4,1
small-world/scale-free,400,7,184,252.0,302.0,303.0,304.0,307.0,307.0,318.0,199.5,0.28327830628966966,4,1
small-world/scale-free,400,7,185,55.0,63.0,80.0,82.0,55.0,55.0,61.0,199.5,0.28327830628966966,4,1
small-world/scale-free,400,7,186,164.0,178.0,170.0,172.0,177.0,177.0,213.0,199.5,0.28327830628966966,4,1
small-world/scale-free,400,7,187,55.0,311.0,77.0,76.0,293.0,293.0,56.0,199.5,0.28327830628966966,4,1
small-world/scale-free,400,7,188,113.0,316.0,104.0,108.0,302.0,302.0,127.0,199.5,0.28327830628966966,4,1
small-world/scale-free,400,7,189,252.0,89.0,253.0,261.0,93.0,93.0,357.0,199.5,0.28327830628966966,4,1
small-world/scale-free,400,7,190,164.0,205.0,148.0,148.0,208.0,208.0,196.0,199.5,0.28327830628966966,4,1
small-world/scale-free,400,7,191,164.0,344.0,190.0,182.0,346.0,346.0,174.0,199.5,0.28327830628966966,4,1
small-world/scale-free,400,7,192,164.0,79.0,305.0,305.0,79.0,79.0,215.0,199.5,0.28327830628966966,4,1
small-world/scale-free,400,7,193,252.0,166.0,208.0,206.0,164.0,164.0,395.0,199.5,0.28327830628966966,4,1
small-world/scale-free,400,7,194,164.0,33.0,68.0,70.0,40.0,40.0,231.0,199.5,0.28327830628966966,4,1
small-world/scale-free,400,7,195,164.0,125.0,191.0,203.0,133.0,133.0,238.0,199.5,0.28327830628966966,4,1
small-world/scale-free,400,7,196,164.0,278.0,152.0,149.0,279.0,279.0,204.0,199.5,0.28327830628966966,4,1
small-world/scale-free,400,7,197,164.0,80.0,162.0,179.0,89.0,89.0,222.0,199.5,0.28327830628966966,4,1
small-world/scale-free,400,7,198,252.0,365.0,302.0,297.0,366.0,366.0,282.0,199.5,0.28327830628966966,4,1
small-world/scale-free,400,7,199,113.0,367.0,233.0,232.0,363.0,363.0,126.0,199.5,0.28327830628966966,4,1
small-world/scale-free,400,7,200,164.0,110.0,138.0,136.0,110.0,110.0,217.0,199.5,0.28327830628966966,4,1
small-world/scale-free,400,7,201,252.0,83.0,279.0,314.0,91.0,91.0,388.0,199.5,0.28327830628966966,4,1
small-world/scale-free,400,7,202,252.0,224.0,383.0,380.0,234.0,234.0,333.0,199.5,0.28327830628966966,4,1
small-world/scale-free,400,7,203,164.0,320.0,289.0,285.0,326.0,326.0,192.0,199.5,0.28327830628966966,4,1
small-world/scale-free,400,7,204,164.0,287.0,255.0,250.0,282.0,282.0,209.0,199.5,0.28327830628966966,4,1
small-world/scale-free,400,7,205,164.0,360.0,318.0,319.0,356.0,356.0,180.0,199.5,0.28327830628966966,4,1
small-world/scale-free,400,7,206,252.0,163.0,298.0,300.0,176.0,176.0,321.0,199.5,0.28327830628966966,4,1
small-world/scale-free,400,7,207,252.0,318.0,347.0,345.0,324.0,324.0,320.0,199.5,0.28327830628966966,4,1
small-world/scale-free,400,7,208,164.0,61.0,330.0,326.0,73.0,73.0,245.0,199.5,0.28327830628966966,4,1
small-world/scale-free,400,7,209,164.0,146.0,368.0,369.0,156.0,156.0,220.0,199.5,0.28327830628966966,4,1
small-world/scale-free,400,7,210,164.0,393.0,226.0,219.0,393.0,393.0,170.0,199.5,0.28327830628966966,4,1
small-world/scale-free,400,7,211,252.0,288.0,353.0,353.0,296.0,296.0,362.0,199.5,0.28327830628966966,4,1
small-world/scale-free,400,7,212,252.0,65.0,317.0,310.0,74.0,74.0,389.0,199.5,0.28327830628966966,4,1
small-world/scale-free,400,7,213,113.0,82.0,231.0,228.0,76.0,76.0,155.0,199.5,0.28327830628966966,4,1
small-world/scale-free,400,7,214,164.0,237.0,187.0,181.0,236.0,236.0,225.0,199.5,0.28327830628966966,4,1
small-world/scale-free,400,7,215,252.0,269.0,335.0,334.0,273.0,273.0,381.0,199.5,0.28327830628966966,4,1
small-world/scale-free,400,7,216,113.0,220.0,164.0,163.0,222.0,222.0,137.0,199.5,0.28327830628966966,4,1
small-world/scale-free,400,7,217,113.0,314.0,192.0,183.0,310.0,310.0,125.0,199.5,0.28327830628966966,4,1
small-world/scale-free,400,7,218,113.0,100.0,111.0,109.0,121.0,121.0,134.0,199.5,0.28327830628966966,4,1
small-world/scale-free,400,7,219,252.0,188.0,241.0,254.0,195.0,195.0,334.0,199.5,0.28327830628966966,4,1
small-world/scale-free,400,7,220,252.0,221.0,388.0,388.0,228.0,228.0,323.0,199.5,0.28327830628966966,4,1
small-world/scale-free,400,7,221,164.0,207.0,135.0,137.0,200.0,200.0,198.0,199.5,0.28327830628966966,4,1
small-world/scale-free,400,7,222,113.0,336.0,174.0,165.0,333.0,333.0,115.0,199.5,0.28327830628966966,4,1
small-world/scale-free,400,7,223,164.0,285.0,320.0,318.0,284.0,284.0,216.0,199.5,0.28327830628966966,4,1
small-world/scale-free,400,7,224,113.0,222.0,130.0,131.0,223.0,223.0,118.0,199.5,0.28327830628966966,4,1
small-world/scale-free,400,7,225,252.0,292.0,319.0,316.0,303.0,303.0,313.0,199.5,0.28327830628966966,4,1
small-world/scale-free,400,7,226,164.0,178.0,238.0,237.0,182.0,182.0,205.0,199.5,0.28327830628966966,4,1
small-world/scale-free,400,7,227,252.0,379.0,237.0,239.0,381.0,381.0,257.0,199.5,0.28327830628966966,4,1
small-world/scale-free,400,7,228,252.0,281.0,292.0,280.0,291.0,291.0,340.0,199.5,0.28327830628966966,4,1
small-world/scale-free,400,7,229,252.0,384.0,290.0,279.0,384.0,384.0,266.0,199.5,0.28327830628966966,4,1
small-world/scale-free,400,7,230,164.0,130.0,144.0,153.0,141.0,141.0,212.0,199.5,0.28327830628966966,4,1
small-world/scale-free,400,7,231,164.0,67.0,159.0,180.0,70.0,70.0,242.0,199.5,0.28327830628966966,4,1
small-world/scale-free,400,7,232,164.0,112.0,166.0,185.0,131.0,131.0,221.0,199.5,0.28327830628966966,4,1
small-world/scale-free,400,7,233,164.0,368.0,205.0,195.0,369.0,369.0,175.0,199.5,0.28327830628966966,4,1
small-world/scale-free,400,7,234,252.0,320.0,310.0,302.0,323.0,323.0,293.0,199.5,0.28327830628966966,4,1
small-world/scale-free,400,7,235,252.0,256.0,252.0,258.0,255.0,255.0,346.0,199.5,0.28327830628966966,4,1
small-world/scale-free,400,7,236,113.0,267.0,150.0,146.0,268.0,268.0,130.0,199.5,0.28327830628966966,4,1
small-world/scale-free,400,7,237,252.0,128.0,296.0,309.0,145.0,145.0,390.0,199.5,0.28327830628966966,4,1
small-world/scale-free,400,7,238,164.0,49.0,200.0,214.0,57.0,57.0,250.0,199.5,0.28327830628966966,4,1
small-world/scale-free,400,7,239,164.0,277.0,214.0,216.0,270.0,270.0,226.0,199.5,0.28327830628966966,4,1
small-world/scale-free,400,7,240,113.0,303.0,186.0,184.0,312.0,312.0,119.0,199.5,0.28327830628966966,4,1
small-world/scale-free,400,7,241,164.0,175.0,110.0,105.0,183.0,183.0,173.0,199.5,0.28327830628966966,4,1
small-world/scale-free,400,7,242,164.0,251.0,145.0,145.0,263.0,263.0,176.0,199.5,0.28327830628966966,4,1
small-world/scale-free,400,7,243,252.0,385.0,343.0,337.0,386.0,386.0,270.0,199.5,0.28327830628966966,4,1
small-world/scale-free,400,7,244,252.0,304.0,251.0,246.0,314.0,314.0,310.0,199.5,0.28327830628966966,4,1
small-world/scale-free,400,7,245,113.0,149.0,105.0,106.0,151.0,151.0,133.0,199.5,0.28327830628966966,4,1
small-world/scale-free,400,7,246,252.0,328.0,264.0,257.0,335.0,335.0,295.0,199.5,0.28327830628966966,4,1
small-world/scale-free,400,7,247,252.0,231.0,306.0,311.0,237.0,237.0,294.0,199.5,0.28327830628966966,4,1
small-world/scale-free,400,7,248,164.0,307.0,355.0,347.0,315.0,315.0,182.0,199.5,0.28327830628966966,4,1
small-world/scale-free,400,7,249,164.0,355.0,227.0,225.0,343.0,343.0,211.0,199.5,0.28327830628966966,4,1
small-world/scale-free,400,7,250,164.0,327.0,278.0,270.0,330.0,330.0,179.0,199.5,0.28327830628966966,4,1
small-world/scale-free,400,7,251,252.0,183.0,196.0,198.0,190.0,190.0,355.0,199.5,0.28327830628966966,4,1
small-world/scale-free,400,7,252,252.0,198.0,348.0,350.0,213.0,213.0,304.0,199.5,0.28327830628966966,4,1
small-world/scale-free,400,7,253,252.0,73.0,388.0,388.0,80.0,80.0,378.0,199.5,0.28327830628966966,4,1
small-world/scale-free,400,7,254,252.0,334.0,339.0,335.0,339.0,339.0,324.0,199.5,0.28327830628966966,4,1
small-world/scale-free,400,7,255,252.0,297.0,370.0,373.0,308.0,308.0,345.0,199.5,0.28327830628966966,4,1
small-world/scale-free,400,7,256,252.0,117.0,216.0,211.0,135.0,135.0,387.0,199.5,0.28327830628966966,4,1
small-world/scale-free,400,7,257,164.0,201.0,182.0,178.0,193.0,193.0,203.0,199.5,0.28327830628966966,4,1
small-world/scale-free,400,7,258,86.0,288.0,83.0,81.0,286.0,286.0,88.0,199.5,0.28327830628966966,4,1
small-world/scale-free,400,7,259,164.0,242.0,234.0,231.0,241.0,241.0,219.0,199.5,0.28327830628966966,4,1
small-world/scale-free,400,7,260,164.0,32.0,181.0,200.0,41.0,41.0,234.0,199.5,0.28327830628966966,4,1
small-world/scale-free,400,7,261,164.0,148.0,294.0,292.0,148.0,148.0,224.0,199.5,0.28327830628966966,4,1
small-world/scale-free,400,7,262,113.0,309.0,172.0,162.0,306.0,306.0,131.0,199.5,0.28327830628966966,4,1
small-world/scale-free,400,7,263,164.0,102.0,134.0,135.0,117.0,117.0,227.0,199.5,0.28327830628966966,4,1
small-world/scale-free,400,7,264,164.0,332.0,222.0,218.0,331.0,331.0,185.0,199.5,0.28327830628966966,4,1
small-world/scale-free,400,7,265,113.0,351.0,179.0,168.0,347.0,347.0,114.0,199.5,0.28327830628966966,4,1
small-world/scale-free,400,7,266,68.0,240.0,109.0,110.0,224.0,224.0,68.0,199.5,0.28327830628966966,4,1
small-world/scale-free,400,7,267,113.0,329.0,239.0,233.0,322.0,322.0,124.0,199.5,0.28327830628966966,4,1
small-world/scale-free,400,7,268,252.0,84.0,204.0,217.0,90.0,90.0,339.0,199.5,0.28327830628966966,4,1
small-world/scale-free,400,7,269,252.0,257.0,344.0,352.0,261.0,261.0,344.0,199.5,0.28327830628966966,4,1
small-world/scale-free,400,7,270,252.0,196.0,265.0,284.0,194.0,194.0,372.0,199.5,0.28327830628966966,4,1
small-world/scale-free,400,7,271,113.0,194.0,85.0,84.0,184.0,184.0,132.0,199.5,0.28327830628966966,4,1
small-world/scale-free,400,7,272,252.0,373.0,325.0,321.0,373.0,373.0,269.0,199.5,0.28327830628966966,4,1
small-world/scale-free,400,7,273,113.0,319.0,207.0,213.0,318.0,318.0,113.0,199.5,0.28327830628966966,4,1
small-world/scale-free,400,7,274,164.0,260.0,230.0,230.0,260.0,260.0,218.0,199.5,0.28327830628966966,4,1
small-world/scale-free,400,7,275,252.0,345.0,247.0,244.0,342.0,342.0,306.0,199.5,0.28327830628966966,4,1
small-world/scale-free,400,7,276,86.0,60.0,69.0,72.0,63.0,63.0,92.0,199.5,0.28327830628966966,4,1
small-world/scale-free,400,7,277,113.0,134.0,103.0,98.0,144.0,144.0,123.0,199.5,0.28327830628966966,4,1
small-world/scale-free,400,7,278,113.0,145.0,107.0,103.0,138.0,138.0,142.0,199.5,0.28327830628966966,4,1
small-world/scale-free,400,7,279,113.0,181.0,55.0,55.0,174.0,174.0,116.0,199.5,0.28327830628966966,4,1
small-world/scale-free,400,7,280,252.0,278.0,283.0,287.0,285.0,285.0,353.0,199.5,0.28327830628966966,4,1
small-world/scale-free,400,7,281,164.0,119.0,357.0,356.0,130.0,130.0,240.0,199.5,0.28327830628966966,4,1
small-world/scale-free,400,7,282,164.0,312.0,262.0,262.0,317.0,317.0,183.0,199.5,0.28327830628966966,4,1
small-world/scale-free,400,7,283,86.0,201.0,73.0,74.0,186.0,186.0,87.0,199.5,0.28327830628966966,4,1
small-world/scale-free,400,7,284,252.0,261.0,332.0,342.0,252.0,252.0,366.0,199.5,0.28327830628966966,4,1
small-world/scale-free,400,7,285,252.0,159.0,249.0,251.0,159.0,159.0,365.0,199.5,0.28327830628966966,4,1
small-world/scale-free,400,7,286,164.0,244.0,297.0,288.0,245.0,245.0,202.0,199.5,0.28327830628966966,4,1
small-world/scale-free,400,7,287,164.0,296.0,274.0,265.0,300.0,300.0,186.0,199.5,0.28327830628966966,4,1
small-world/scale-free,400,7,288,252.0,273.0,266.0,260.0,287.0,287.0,325.0,199.5,0.28327830628966966,4,1
small-world/scale-free,400,7,289,252.0,396.0,374.0,372.0,397.0,397.0,254.0,199.5,0.28327830628966966,4,1
small-world/scale-free,400,7,290,252.0,357.0,342.0,339.0,360.0,360.0,300.0,199.5,0.28327830628966966,4,1
small-world/scale-free,400,7,291,252.0,274.0,301.0,294.0,271.0,271.0,371.0,199.5,0.28327830628966966,4,1
small-world/scale-free,400,7,292,86.0,394.0,287.0,276.0,394.0,394.0,86.0,199.5,0.28327830628966966,4,1
small-world/scale-free,400,7,293,164.0,189.0,128.0,125.0,192.0,192.0,171.0,199.5,0.28327830628966966,4,1
small-world/scale-free,400,7,294,252.0,347.0,224.0,222.0,353.0,353.0,263.0,199.5,0.28327830628966966,4,1
small-world/scale-free,400,7,295,86.0,261.0,116.0,113.0,254.0,254.0,94.0,199.5,0.28327830628966966,4,1
small-world/scale-free,400,7,296,252.0,340.0,362.0,361.0,345.0,345.0,291.0,199.5,0.28327830628966966,4,1
small-world/scale-free,400,7,297,252.0,395.0,372.0,374.0,395.0,395.0,261.0,199.5,0.28327830628966966,4,1
small-world/scale-free,400,7,298,252.0,278.0,280.0,277.0,288.0,288.0,312.0,199.5,0.28327830628966966,4,1
small-world/scale-free,400,7,299,252.0,73.0,308.0,308.0,81.0,81.0,370.0,199.5,0.28327830628966966,4,1
small-world/scale-free,400,7,300,252.0,400.0,388.0,388.0,400.0,400.0,262.0,199.5,0.28327830628966966,4,1
small-world/scale-free,400,7,301,113.0,364.0,194.0,193.0,355.0,355.0,129.0,199.5,0.28327830628966966,4,1
small-world/scale-free,400,7,302,164.0,368.0,288.0,290.0,367.0,367.0,181.0,199.5,0.28327830628966966,4,1
small-world/scale-free,400,7,303,252.0,386.0,259.0,253.0,385.0,385.0,272.0,199.5,0.28327830628966966,4,1
small-world/scale-free,400,7,304,113.0,208.0,98.0,94.0,199.0,199.0,117.0,199.5,0.28327830628966966,4,1
small-world/scale-free,400,7,305,113.0,184.0,261.0,264.0,178.0,178.0,144.0,199.5,0.28327830628966966,4,1
small-world/scale-free,400,7,306,164.0,381.0,359.0,358.0,372.0,372.0,184.0,199.5,0.28327830628966966,4,1
small-world/scale-free,400,7,307,164.0,383.0,176.0,171.0,375.0,375.0,164.0,199.5,0.28327830628966966,4,1
small-world/scale-free,400,7,308,252.0,194.0,276.0,282.0,180.0,180.0,396.0,199.5,0.28327830628966966,4,1
small-world/scale-free,400,7,309,252.0,206.0,382.0,383.0,217.0,217.0,286.0,199.5,0.28327830628966966,4,1
small-world/scale-free,400,7,310,252.0,158.0,235.0,240.0,173.0,173.0,308.0,199.5,0.28327830628966966,4,1
small-world/scale-free,400,7,311,164.0,216.0,120.0,122.0,220.0,220.0,172.0,199.5,0.28327830628966966,4,1
small-world/scale-free,400,7,312,252.0,138.0,376.0,376.0,157.0,157.0,363.0,199.5,0.28327830628966966,4,1
small-world/scale-free,400,7,313,252.0,244.0,286.0,281.0,247.0,247.0,337.0,199.5,0.28327830628966966,4,1
small-world/scale-free,400,7,314,164.0,376.0,221.0,221.0,371.0,371.0,166.0,199.5,0.28327830628966966,4,1
small-world/scale-free,400,7,315,252.0,149.0,386.0,386.0,175.0,175.0,364.0,199.5,0.28327830628966966,4,1
small-world/scale-free,400,7,316,252.0,155.0,388.0,388.0,167.0,167.0,342.0,199.5,0.28327830628966966,4,1
small-world/scale-free,400,7,317,252.0,382.0,311.0,307.0,383.0,383.0,258.0,199.5,0.28327830628966966,4,1
small-world/scale-free,400,7,318,164.0,275.0,269.0,259.0,283.0,283.0,195.0,199.5,0.28327830628966966,4,1
small-world/scale-free,400,7,319,252.0,329.0,272.0,269.0,332.0,332.0,311.0,199.5,0.28327830628966966,4,1
small-world/scale-free,400,7,320,252.0,40.0,338.0,348.0,56.0,56.0,397.0,199.5,0.28327830628966966,4,1
small-world/scale-free,400,7,321,113.0,33.0,92.0,96.0,43.0,43.0,149.0,199.5,0.28327830628966966,4,1
small-world/scale-free,400,7,322,252.0,351.0,381.0,381.0,354.0,354.0,329.0,199.5,0.28327830628966966,4,1
small-world/scale-free,400,7,323,252.0,370.0,366.0,360.0,375.0,375.0,253.0,199.5,0.28327830628966966,4,1
small-world/scale-free,400,7,324,252.0,189.0,242.0,241.0,189.0,189.0,380.0,199.5,0.28327830628966966,4,1
small-world/scale-free,400,7,325,252.0,349.0,328.0,325.0,351.0,351.0,280.0,199.5,0.28327830628966966,4,1
small-world/scale-free,400,7,326,164.0,371.0,209.0,204.0,370.0,370.0,168.0,199.5,0.28327830628966966,4,1
small-world/scale-free,400,7,327,252.0,196.0,168.0,160.0,212.0,212.0,284.0,199.5,0.28327830628966966,4,1
small-world/scale-free,400,7,328,252.0,171.0,137.0,144.0,179.0,179.0,303.0,199.5,0.28327830628966966,4,1
small-world/scale-free,400,7,329,164.0,271.0,220.0,224.0,269.0,269.0,194.0,199.5,0.28327830628966966,4,1
small-world/scale-free,400,7,330,164.0,359.0,243.0,234.0,362.0,362.0,169.0,199.5,0.28327830628966966,4,1
small-world/scale-free,400,7,331,252.0,140.0,161.0,170.0,161.0,161.0,279.0,199.5,0.28327830628966966,4,1
small-world/scale-free,400,7,332,252.0,142.0,217.0,247.0,163.0,163.0,319.0,199.5,0.28327830628966966,4,1
small-world/scale-free,400,7,333,252.0,350.0,352.0,357.0,344.0,344.0,343.0,199.5,0.28327830628966966,4,1
small-world/scale-free,400,7,334,252.0,37.0,256.0,296.0,47.0,47.0,377.0,199.5,0.28327830628966966,4,1
small-world/scale-free,400,7,335,252.0,391.0,369.0,367.0,391.0,391.0,273.0,199.5,0.28327830628966966,4,1
small-world/scale-free,400,7,336,252.0,133.0,195.0,196.0,154.0,154.0,299.0,199.5,0.28327830628966966,4,1
small-world/scale-free,400,7,337,252.0,351.0,375.0,375.0,352.0,352.0,338.0,199.5,0.28327830628966966,4,1
small-world/scale-free,400,7,338,252.0,265.0,388.0,388.0,262.0,262.0,391.0,199.5,0.28327830628966966,4,1
small-world/scale-free,400,7,339,252.0,251.0,219.0,212.0,257.0,257.0,283.0,199.5,0.28327830628966966,4,1
small-world/scale-free,400,7,340,164.0,212.0,132.0,139.0,211.0,211.0,177.0,199.5,0.28327830628966966,4,1
small-world/scale-free,400,7,341,252.0,192.0,184.0,177.0,201.0,201.0,376.0,199.5,0.28327830628966966,4,1
small-world/scale-free,400,7,342,164.0,212.0,151.0,155.0,216.0,216.0,178.0,199.5,0.28327830628966966,4,1
small-world/scale-free,400,7,343,252.0,331.0,329.0,331.0,327.0,327.0,350.0,199.5,0.28327830628966966,4,1
small-world/scale-free,400,7,344,252.0,373.0,315.0,317.0,374.0,374.0,264.0,199.5,0.28327830628966966,4,1
small-world/scale-free,400,7,345,252.0,269.0,240.0,238.0,280.0,280.0,296.0,199.5,0.28327830628966966,4,1
small-world/scale-free,400,7,346,164.0,388.0,257.0,249.0,387.0,387.0,165.0,199.5,0.28327830628966966,4,1
small-world/scale-free,400,7,347,252.0,397.0,340.0,341.0,396.0,396.0,271.0,199.5,0.28327830628966966,4,1
small-world/scale-free,400,7,348,252.0,322.0,281.0,275.0,321.0,321.0,285.0,199.5,0.28327830628966966,4,1
small-world/scale-free,400,7,349,252.0,348.0,314.0,313.0,357.0,357.0,277.0,199.5,0.28327830628966966,4,1
small-world/scale-free,400,7,350,164.0,96.0,87.0,92.0,115.0,115.0,190.0,199.5,0.28327830628966966,4,1
small-world/scale-free,400,7,351,252.0,108.0,373.0,371.0,134.0,134.0,382.0,199.5,0.28327830628966966,4,1
small-world/scale-free,400,7,352,252.0,375.0,260.0,255.0,378.0,378.0,259.0,199.5,0.28327830628966966,4,1
small-world/scale-free,400,7,353,252.0,283.0,388.0,388.0,272.0,272.0,302.0,199.5,0.28327830628966966,4,1
small-world/scale-free,400,7,354,252.0,377.0,371.0,370.0,379.0,379.0,298.0,199.5,0.28327830628966966,4,1
small-world/scale-free,400,7,355,252.0,362.0,379.0,378.0,368.0,368.0,307.0,199.5,0.28327830628966966,4,1
small-world/scale-free,400,7,356,252.0,159.0,211.0,223.0,170.0,170.0,305.0,199.5,0.28327830628966966,4,1
small-world/scale-free,400,7,357,252.0,233.0,122.0,119.0,235.0,235.0,301.0,199.5,0.28327830628966966,4,1
small-world/scale-free,400,7,358,252.0,399.0,385.0,385.0,399.0,399.0,256.0,199.5,0.28327830628966966,4,1
small-world/scale-free,400,7,359,252.0,309.0,350.0,351.0,316.0,316.0,315.0,199.5,0.28327830628966966,4,1
small-world/scale-free,400,7,360,164.0,326.0,180.0,175.0,329.0,329.0,167.0,199.5,0.28327830628966966,4,1
small-world/scale-free,400,7,361,252.0,249.0,228.0,220.0,259.0,259.0,341.0,199.5,0.28327830628966966,4,1
small-world/scale-free,400,7,362,252.0,389.0,307.0,301.0,388.0,388.0,255.0,199.5,0.28327830628966966,4,1
small-world/scale-free,400,7,363,252.0,313.0,345.0,338.0,328.0,328.0,278.0,199.5,0.28327830628966966,4,1
small-world/scale-free,400,7,364,252.0,356.0,351.0,349.0,359.0,359.0,288.0,199.5,0.28327830628966966,4,1
small-world/scale-free,400,7,365,252.0,379.0,388.0,388.0,382.0,382.0,287.0,199.5,0.28327830628966966,4,1
small-world/scale-free,400,7,366,252.0,224.0,245.0,245.0,225.0,225.0,335.0,199.5,0.28327830628966966,4,1
small-world/scale-free,400,7,367,164.0,162.0,223.0,208.0,169.0,169.0,191.0,199.5,0.28327830628966966,4,1
small-world/scale-free,400,7,368,252.0,343.0,326.0,322.0,349.0,349.0,292.0,199.5,0.28327830628966966,4,1
small-world/scale-free,400,7,369,252.0,166.0,336.0,346.0,188.0,188.0,358.0,199.5,0.28327830628966966,4,1
small-world/scale-free,400,7,370,252.0,339.0,323.0,323.0,341.0,341.0,326.0,199.5,0.28327830628966966,4,1
small-world/scale-free,400,7,371,252.0,141.0,377.0,377.0,161.0,161.0,360.0,199.5,0.28327830628966966,4,1
small-world/scale-free,400,7,372,252.0,299.0,304.0,303.0,311.0,311.0,322.0,199.5,0.28327830628966966,4,1
small-world/scale-free,400,7,373,164.0,209.0,158.0,159.0,209.0,209.0,188.0,199.5,0.28327830628966966,4,1
small-world/scale-free,400,7,374,252.0,209.0,388.0,388.0,214.0,214.0,375.0,199.5,0.28327830628966966,4,1
small-world/scale-free,400,7,375,252.0,249.0,358.0,362.0,250.0,250.0,368.0,199.5,0.28327830628966966,4,1
small-world/scale-free,400,7,376,252.0,371.0,364.0,363.0,377.0,377.0,275.0,199.5,0.28327830628966966,4,1
small-world/scale-free,400,7,377,252.0,231.0,365.0,364.0,239.0,239.0,289.0,199.5,0.28327830628966966,4,1
small-world/scale-free,400,7,378,164.0,59.0,169.0,188.0,68.0,68.0,243.0,199.5,0.28327830628966966,4,1
small-world/scale-free,400,7,379,252.0,226.0,324.0,328.0,231.0,231.0,367.0,199.5,0.28327830628966966,4,1
small-world/scale-free,400,7,380,252.0,283.0,337.0,333.0,294.0,294.0,290.0,199.5,0.28327830628966966,4,1
small-world/scale-free,400,7,381,252.0,189.0,124.0,121.0,197.0,197.0,274.0,199.5,0.28327830628966966,4,1
small-world/scale-free,400,7,382,252.0,96.0,254.0,248.0,116.0,116.0,383.0,199.5,0.28327830628966966,4,1
small-world/scale-free,400,7,383,252.0,182.0,263.0,268.0,187.0,187.0,348.0,199.5,0.28327830628966966,4,1
small-world/scale-free,400,7,384,252.0,387.0,275.0,266.0,389.0,389.0,252.0,199.5,0.28327830628966966,4,1
small-world/scale-free,400,7,385,252.0,398.0,388.0,388.0,398.0,398.0,260.0,199.5,0.28327830628966966,4,1
small-world/scale-free,400,7,386,252.0,392.0,387.0,387.0,392.0,392.0,265.0,199.5,0.28327830628966966,4,1
small-world/scale-free,400,7,387,252.0,184.0,331.0,330.0,202.0,202.0,336.0,199.5,0.28327830628966966,4,1
small-world/scale-free,400,7,388,252.0,333.0,291.0,286.0,336.0,336.0,281.0,199.5,0.28327830628966966,4,1
small-world/scale-free,400,7,389,252.0,48.0,250.0,263.0,62.0,62.0,373.0,199.5,0.28327830628966966,4,1
small-world/scale-free,400,7,390,252.0,338.0,346.0,344.0,337.0,337.0,352.0,199.5,0.28327830628966966,4,1
small-world/scale-free,400,7,391,252.0,357.0,356.0,354.0,364.0,364.0,297.0,199.5,0.28327830628966966,4,1
small-world/scale-free,400,7,392,252.0,377.0,333.0,329.0,380.0,380.0,268.0,199.5,0.28327830628966966,4,1
small-world/scale-free,400,7,393,252.0,254.0,167.0,158.0,256.0,256.0,347.0,199.5,0.28327830628966966,4,1
small-world/scale-free,400,7,394,252.0,390.0,354.0,359.0,390.0,390.0,276.0,199.5,0.28327830628966966,4,1
small-world/scale-free,400,7,395,252.0,301.0,268.0,267.0,299.0,299.0,314.0,199.5,0.28327830628966966,4,1
small-world/scale-free,400,7,396,252.0,192.0,203.0,205.0,203.0,203.0,327.0,199.5,0.28327830628966966,4,1
small-world/scale-free,400,7,397,252.0,360.0,312.0,306.0,361.0,361.0,267.0,199.5,0.28327830628966966,4,1
small-world/scale-free,400,7,398,252.0,170.0,248.0,256.0,166.0,166.0,392.0,199.5,0.28327830628966966,4,1
small-world/scale-free,400,7,399,252.0,149.0,236.0,236.0,155.0,155.0,330.0,199.5,0.28327830628966966,4,1
small-world/scale-free,400,8,0,1.0,1.0,1.0,1.0,1.0,1.0,1.0,199.5,0.33469818266968354,4,1
small-world/scale-free,400,8,1,2.0,2.0,2.0,2.0,2.0,2.0,2.0,199.5,0.33469818266968354,4,1
small-world/scale-free,400,8,2,228.0,233.0,374.0,374.0,237.0,237.0,286.0,199.5,0.33469818266968354,4,1
small-world/scale-free,400,8,3,3.0,3.0,3.0,3.0,3.0,3.0,3.0,199.5,0.33469818266968354,4,1
small-world/scale-free,400,8,4,28.0,7.0,29.0,30.0,8.0,8.0,34.0,199.5,0.33469818266968354,4,1
small-world/scale-free,400,8,5,6.0,4.0,5.0,5.0,4.0,4.0,6.0,199.5,0.33469818266968354,4,1
small-world/scale-free,400,8,6,21.0,10.0,22.0,23.0,13.0,13.0,25.0,199.5,0.33469818266968354,4,1
small-world/scale-free,400,8,7,45.0,26.0,41.0,40.0,29.0,29.0,58.0,199.5,0.33469818266968354,4,1
small-world/scale-free,400,8,8,4.0,6.0,4.0,4.0,5.0,5.0,4.0,199.5,0.33469818266968354,4,1
small-world/scale-free,400,8,9,12.0,22.0,10.0,10.0,15.0,15.0,12.0,199.5,0.33469818266968354,4,1
small-world/scale-free,400,8,10,5.0,5.0,6.0,6.0,6.0,6.0,5.0,199.5,0.33469818266968354,4,1
small-world/scale-free,400,8,11,14.0,13.0,20.0,19.0,12.0,12.0,16.0,199.5,0.33469818266968354,4,1
small-world/scale-free,400,8,12,28.0,24.0,35.0,34.0,26.0,26.0,33.0,199.5,0.33469818266968354,4,1
small-world/scale-free,400,8,13,59.0,64.0,78.0,75.0,62.0,62.0,65.0,199.5,0.33469818266968354,4,1
small-world/scale-free,400,8,14,35.0,34.0,34.0,35.0,36.0,36.0,37.0,199.5,0.33469818266968354,4,1
small-world/scale-free,400,8,15,18.0,21.0,16.0,16.0,18.0,18.0,20.0,199.5,0.33469818266968354,4,1
small-world/scale-free,400,8,16,12.0,8.0,14.0,14.0,7.0,7.0,13.0,199.5,0.33469818266968354,4,1
small-world/scale-free,400,8,17,11.0,13.0,9.0,9.0,11.0,11.0,11.0,199.5,0.33469818266968354,4,1
small-world/scale-free,400,8,18,21.0,26.0,43.0,43.0,26.0,26.0,28.0,199.5,0.33469818266968354,4,1
small-world/scale-free,400,8,19,18.0,23.0,23.0,22.0,19.0,19.0,19.0,199.5,0.33469818266968354,4,1
small-world/scale-free,400,8,20,93.0,72.0,135.0,141.0,66.0,66.0,118.0,199.5,0.33469818266968354,4,1
small-world/scale-free,400,8,21,70.0,144.0,100.0,104.0,146.0,146.0,87.0,199.5,0.33469818266968354,4,1
small-world/scale-free,400,8,22,59.0,156.0,73.0,74.0,149.0,149.0,67.0,199.5,0.33469818266968354,4,1
small-world/scale-free,400,8,23,166.0,209.0,201.0,208.0,208.0,208.0,226.0,199.5,0.33469818266968354,4,1
small-world/scale-free,400,8,24,8.0,11.0,7.0,7.0,9.0,9.0,10.0,199.5,0.33469818266968354,4,1
small-world/scale-free,400,8,25,70.0,28.0,40.0,41.0,33.0,33.0,93.0,199.5,0.33469818266968354,4,1
small-world/scale-free,400,8,26,35.0,55.0,45.0,47.0,48.0,48.0,45.0,199.5,0.33469818266968354,4,1
small-world/scale-free,400,8,27,45.0,164.0,75.0,72.0,153.0,153.0,57.0,199.5,0.33469818266968354,4,1
small-world/scale-free,400,8,28,21.0,167.0,53.0,54.0,125.0,125.0,26.0,199.5,0.33469818266968354,4,1
small-world/scale-free,400,8,29,120.0,70.0,102.0,101.0,73.0,73.0,163.0,199.5,0.33469818266968354,4,1
small-world/scale-free,400,8,30,120.0,67.0,182.0,188.0,67.0,67.0,165.0,199.5,0.33469818266968354,4,1
small-world/scale-free,400,8,31,28.0,46.0,39.0,38.0,38.0,38.0,32.0,199.5,0.33469818266968354,4,1
small-world/scale-free,400,8,32,14.0,51.0,13.0,12.0,35.0,35.0,14.0,199.5,0.33469818266968354,4,1
small-world/scale-free,400,8,33,59.0,39.0,46.0,49.0,44.0,44.0,68.0,199.5,0.33469818266968354,4,1
small-world/scale-free,400,8,34,35.0,48.0,32.0,32.0,40.0,40.0,43.0,199.5,0.33469818266968354,4,1
small-world/scale-free,400,8,35,7.0,30.0,8.0,8.0,20.0,20.0,7.0,199.5,0.33469818266968354,4,1
small-world/scale-free,400,8,36,70.0,43.0,68.0,70.0,50.0,50.0,89.0,199.5,0.33469818266968354,4,1
small-world/scale-free,400,8,37,45.0,11.0,26.0,27.0,14.0,14.0,56.0,199.5,0.33469818266968354,4,1
small-world/scale-free,400,8,38,45.0,15.0,42.0,42.0,16.0,16.0,54.0,199.5,0.33469818266968354,4,1
small-world/scale-free,400,8,39,228.0,213.0,305.0,304.0,226.0,226.0,370.0,199.5,0.33469818266968354,4,1
small-world/scale-free,400,8,40,59.0,172.0,44.0,48.0,166.0,166.0,62.0,199.5,0.33469818266968354,4,1
small-world/scale-free,400,8,41,8.0,28.0,11.0,11.0,23.0,23.0,8.0,199.5,0.33469818266968354,4,1
small-world/scale-free,400,8,42,70.0,54.0,64.0,65.0,58.0,58.0,88.0,199.5,0.33469818266968354,4,1
small-world/scale-free,400,8,43,8.0,121.0,12.0,13.0,77.0,77.0,9.0,199.5,0.33469818266968354,4,1
small-world/scale-free,400,8,44,14.0,32.0,15.0,15.0,28.0,28.0,15.0,199.5,0.33469818266968354,4,1
small-world/scale-free,400,8,45,21.0,167.0,47.0,44.0,137.0,137.0,24.0,199.5,0.33469818266968354,4,1
small-world/scale-free,400,8,46,93.0,201.0,120.0,119.0,203.0,203.0,106.0,199.5,0.33469818266968354,4,1
small-world/scale-free,400,8,47,70.0,175.0,54.0,51.0,173.0,173.0,83.0,199.5,0.33469818266968354,4,1
small-world/scale-free,400,8,48,35.0,56.0,55.0,56.0,43.0,43.0,41.0,199.5,0.33469818266968354,4,1
small-world/scale-free,400,8,49,35.0,37.0,27.0,26.0,37.0,37.0,36.0,199.5,0.33469818266968354,4,1
small-world/scale-free,400,8,50,70.0,41.0,70.0,69.0,44.0,44.0,85.0,199.5,0.33469818266968354,4,1
small-world/scale-free,400,8,51,120.0,114.0,108.0,113.0,113.0,113.0,161.0,199.5,0.33469818266968354,4,1
small-world/scale-free,400,8,52,35.0,75.0,21.0,20.0,63.0,63.0,35.0,199.5,0.33469818266968354,4,1
small-world/scale-free,400,8,53,228.0,185.0,379.0,379.0,196.0,196.0,398.0,199.5,0.33469818266968354,4,1
small-world/scale-free,400,8,54,93.0,36.0,243.0,246.0,41.0,41.0,119.0,199.5,0.33469818266968354,4,1
small-world/scale-free,400,8,55,70.0,25.0,76.0,77.0,30.0,30.0,92.0,199.5,0.33469818266968354,4,1
small-world/scale-free,400,8,56,18.0,34.0,28.0,28.0,34.0,34.0,18.0,199.5,0.33469818266968354,4,1
small-world/scale-free,400,8,57,166.0,274.0,158.0,159.0,272.0,272.0,197.0,199.5,0.33469818266968354,4,1
small-world/scale-free,400,8,58,70.0,44.0,122.0,123.0,51.0,51.0,90.0,199.5,0.33469818266968354,4,1
small-world/scale-free,400,8,59,35.0,31.0,59.0,58.0,31.0,31.0,42.0,199.5,0.33469818266968354,4,1
small-world/scale-free,400,8,60,59.0,156.0,88.0,89.0,122.0,122.0,64.0,199.5,0.33469818266968354,4,1
small-world/scale-free,400,8,61,93.0,18.0,103.0,109.0,21.0,21.0,116.0,199.5,0.33469818266968354,4,1
small-world/scale-free,400,8,62,45.0,56.0,33.0,33.0,55.0,55.0,55.0,199.5,0.33469818266968354,4,1
small-world/scale-free,400,8,63,93.0,186.0,112.0,111.0,192.0,192.0,101.0,199.5,0.33469818266968354,4,1
small-world/scale-free,400,8,64,93.0,41.0,89.0,90.0,47.0,47.0,115.0,199.5,0.33469818266968354,4,1
small-world/scale-free,400,8,65,45.0,199.0,66.0,63.0,197.0,197.0,51.0,199.5,0.33469818266968354,4,1
small-world/scale-free,400,8,66,28.0,70.0,24.0,24.0,46.0,46.0,30.0,199.5,0.33469818266968354,4,1
small-world/scale-free,400,8,67,17.0,9.0,17.0,17.0,10.0,10.0,17.0,199.5,0.33469818266968354,4,1
small-world/scale-free,400,8,68,45.0,15.0,25.0,25.0,16.0,16.0,49.0,199.5,0.33469818266968354,4,1
small-world/scale-free,400,8,69,35.0,60.0,50.0,46.0,52.0,52.0,40.0,199.5,0.33469818266968354,4,1
small-world/scale-free,400,8,70,93.0,59.0,63.0,62.0,65.0,65.0,117.0,199.5,0.33469818266968354,4,1
small-world/scale-free,400,8,71,93.0,195.0,109.0,105.0,195.0,195.0,110.0,199.5,0.33469818266968354,4,1
small-world/scale-free,400,8,72,228.0,140.0,265.0,272.0,151.0,151.0,368.0,199.5,0.33469818266968354,4,1
small-world/scale-free,400,8,73,21.0,68.0,52.0,55.0,54.0,54.0,23.0,199.5,0.33469818266968354,4,1
small-world/scale-free,400,8,74,35.0,32.0,19.0,21.0,32.0,32.0,39.0,199.5,0.33469818266968354,4,1
small-world/scale-free,400,8,75,21.0,194.0,30.0,31.0,184.0,184.0,21.0,199.5,0.33469818266968354,4,1
small-world/scale-free,400,8,76,70.0,60.0,69.0,67.0,60.0,60.0,86.0,199.5,0.33469818266968354,4,1
small-world/scale-free,400,8,77,59.0,111.0,65.0,68.0,101.0,101.0,69.0,199.5,0.33469818266968354,4,1
small-world/scale-free,400,8,78,93.0,117.0,116.0,116.0,119.0,119.0,105.0,199.5,0.33469818266968354,4,1
small-world/scale-free,400,8,79,120.0,255.0,145.0,136.0,251.0,251.0,139.0,199.5,0.33469818266968354,4,1
small-world/scale-free,400,8,80,120.0,269.0,215.0,213.0,269.0,269.0,136.0,199.5,0.33469818266968354,4,1
small-world/scale-free,400,8,81,45.0,47.0,49.0,50.0,42.0,42.0,53.0,199.5,0.33469818266968354,4,1
small-world/scale-free,400,8,82,93.0,68.0,91.0,95.0,72.0,72.0,107.0,199.5,0.33469818266968354,4,1
small-world/scale-free,400,8,83,228.0,44.0,272.0,278.0,57.0,57.0,393.0,199.5,0.33469818266968354,4,1
small-world/scale-free,400,8,84,120.0,251.0,230.0,223.0,253.0,253.0,156.0,199.5,0.33469818266968354,4,1
small-world/scale-free,400,8,85,120.0,133.0,149.0,156.0,143.0,143.0,157.0,199.5,0.33469818266968354,4,1
small-world/scale-free,400,8,86,120.0,105.0,104.0,103.0,103.0,103.0,160.0,199.5,0.33469818266968354,4,1
small-world/scale-free,400,8,87,70.0,209.0,101.0,97.0,201.0,201.0,77.0,199.5,0.33469818266968354,4,1
small-world/scale-free,400,8,88,28.0,240.0,61.0,64.0,215.0,215.0,29.0,199.5,0.33469818266968354,4,1
small-world/scale-free,400,8,89,45.0,107.0,38.0,39.0,95.0,95.0,50.0,199.5,0.33469818266968354,4,1
small-world/scale-free,400,8,90,166.0,83.0,144.0,152.0,88.0,88.0,215.0,199.5,0.33469818266968354,4,1
small-world/scale-free,400,8,91,28.0,180.0,62.0,59.0,172.0,172.0,31.0,199.5,0.33469818266968354,4,1
small-world/scale-free,400,8,92,120.0,87.0,130.0,134.0,82.0,82.0,158.0,199.5,0.33469818266968354,4,1
small-world/scale-free,400,8,93,166.0,197.0,247.0,252.0,198.0,198.0,227.0,199.5,0.33469818266968354,4,1
small-world/scale-free,400,8,94,166.0,64.0,132.0,137.0,76.0,76.0,225.0,199.5,0.33469818266968354,4,1
small-world/scale-free,400,8,95,228.0,213.0,379.0,379.0,222.0,222.0,383.0,199.5,0.33469818266968354,4,1
small-world/scale-free,400,8,96,70.0,88.0,74.0,73.0,85.0,85.0,80.0,199.5,0.33469818266968354,4,1
small-world/scale-free,400,8,97,120.0,114.0,121.0,122.0,107.0,107.0,153.0,199.5,0.33469818266968354,4,1
small-world/scale-free,400,8,98,21.0,82.0,31.0,29.0,64.0,64.0,22.0,199.5,0.33469818266968354,4,1
small-world/scale-free,400,8,99,228.0,130.0,239.0,242.0,156.0,156.0,365.0,199.5,0.33469818266968354,4,1
small-world/scale-free,400,8,100,93.0,229.0,163.0,161.0,225.0,225.0,113.0,199.5,0.33469818266968354,4,1
small-world/scale-free,400,8,101,166.0,244.0,253.0,253.0,242.0,242.0,219.0,199.5,0.33469818266968354,4,1
small-world/scale-free,400,8,102,120.0,305.0,184.0,175.0,303.0,303.0,140.0,199.5,0.33469818266968354,4,1
small-world/scale-free,400,8,103,228.0,253.0,323.0,326.0,257.0,257.0,375.0,199.5,0.33469818266968354,4,1
small-world/scale-free,400,8,104,93.0,91.0,80.0,80.0,84.0,84.0,99.0,199.5,0.33469818266968354,4,1
small-world/scale-free,400,8,105,93.0,304.0,146.0,142.0,288.0,288.0,97.0,199.5,0.33469818266968354,4,1
small-world/scale-free,400,8,106,70.0,205.0,107.0,106.0,204.0,204.0,72.0,199.5,0.33469818266968354,4,1
small-world/scale-free,400,8,107,70.0,235.0,84.0,84.0,218.0,218.0,71.0,199.5,0.33469818266968354,4,1
small-world/scale-free,400,8,108,166.0,127.0,159.0,158.0,144.0,144.0,214.0,199.5,0.33469818266968354,4,1
small-world/scale-free,400,8,109,93.0,275.0,150.0,150.0,267.0,267.0,108.0,199.5,0.33469818266968354,4,1
small-world/scale-free,400,8,110,228.0,238.0,288.0,290.0,246.0,246.0,358.0,199.5,0.33469818266968354,4,1
small-world/scale-free,400,8,111,228.0,226.0,236.0,237.0,236.0,236.0,353.0,199.5,0.33469818266968354,4,1
small-world/scale-free,400,8,112,228.0,203.0,370.0,365.0,206.0,206.0,380.0,199.5,0.33469818266968354,4,1
small-world/scale-free,400,8,113,45.0,86.0,37.0,37.0,78.0,78.0,46.0,199.5,0.33469818266968354,4,1
small-world/scale-free,400,8,114,59.0,309.0,77.0,78.0,297.0,297.0,59.0,199.5,0.33469818266968354,4,1
small-world/scale-free,400,8,115,120.0,48.0,110.0,108.0,61.0,61.0,162.0,199.5,0.33469818266968354,4,1
small-world/scale-free,400,8,116,228.0,172.0,177.0,184.0,175.0,175.0,340.0,199.5,0.33469818266968354,4,1
small-world/scale-free,400,8,117,70.0,75.0,67.0,66.0,75.0,75.0,82.0,199.5,0.33469818266968354,4,1
small-world/scale-free,400,8,118,166.0,289.0,170.0,171.0,281.0,281.0,221.0,199.5,0.33469818266968354,4,1
small-world/scale-free,400,8,119,228.0,150.0,206.0,214.0,164.0,164.0,327.0,199.5,0.33469818266968354,4,1
small-world/scale-free,400,8,120,228.0,356.0,296.0,289.0,362.0,362.0,266.0,199.5,0.33469818266968354,4,1
small-world/scale-free,400,8,121,35.0,52.0,71.0,71.0,39.0,39.0,38.0,199.5,0.33469818266968354,4,1
small-world/scale-free,400,8,122,70.0,293.0,128.0,127.0,271.0,271.0,79.0,199.5,0.33469818266968354,4,1
small-world/scale-free,400,8,123,228.0,222.0,379.0,379.0,220.0,220.0,377.0,199.5,0.33469818266968354,4,1
small-world/scale-free,400,8,124,228.0,83.0,338.0,328.0,89.0,89.0,388.0,199.5,0.33469818266968354,4,1
small-world/scale-free,400,8,125,228.0,187.0,379.0,379.0,188.0,188.0,344.0,199.5,0.33469818266968354,4,1
small-world/scale-free,400,8,126,93.0,167.0,98.0,94.0,145.0,145.0,114.0,199.5,0.33469818266968354,4,1
small-world/scale-free,400,8,127,166.0,231.0,207.0,197.0,234.0,234.0,208.0,199.5,0.33469818266968354,4,1
small-world/scale-free,400,8,128,120.0,219.0,118.0,117.0,219.0,219.0,143.0,199.5,0.33469818266968354,4,1
small-world/scale-free,400,8,129,70.0,212.0,94.0,93.0,205.0,205.0,73.0,199.5,0.33469818266968354,4,1
small-world/scale-free,400,8,130,59.0,272.0,96.0,91.0,261.0,261.0,60.0,199.5,0.33469818266968354,4,1
small-world/scale-free,400,8,131,120.0,343.0,196.0,192.0,334.0,334.0,134.0,199.5,0.33469818266968354,4,1
small-world/scale-free,400,8,132,120.0,126.0,51.0,52.0,133.0,133.0,131.0,199.5,0.33469818266968354,4,1
small-world/scale-free,400,8,133,120.0,107.0,325.0,303.0,110.0,110.0,138.0,199.5,0.33469818266968354,4,1
small-world/scale-free,400,8,134,228.0,365.0,332.0,332.0,365.0,365.0,258.0,199.5,0.33469818266968354,4,1
small-world/scale-free,400,8,135,228.0,253.0,362.0,366.0,254.0,254.0,364.0,199.5,0.33469818266968354,4,1
small-world/scale-free,400,8,136,59.0,56.0,93.0,98.0,56.0,56.0,66.0,199.5,0.33469818266968354,4,1
small-world/scale-free,400,8,137,120.0,80.0,95.0,96.0,83.0,83.0,149.0,199.5,0.33469818266968354,4,1
small-world/scale-free,400,8,138,28.0,260.0,83.0,83.0,235.0,235.0,27.0,199.5,0.33469818266968354,4,1
small-world/scale-free,400,8,139,120.0,83.0,270.0,264.0,87.0,87.0,164.0,199.5,0.33469818266968354,4,1
small-world/scale-free,400,8,140,166.0,142.0,358.0,358.0,140.0,140.0,220.0,199.5,0.33469818266968354,4,1
small-world/scale-free,400,8,141,93.0,64.0,60.0,60.0,69.0,69.0,100.0,199.5,0.33469818266968354,4,1
small-world/scale-free,400,8,142,120.0,228.0,134.0,129.0,229.0,229.0,152.0,199.5,0.33469818266968354,4,1
small-world/scale-free,400,8,143,228.0,182.0,197.0,205.0,183.0,183.0,312.0,199.5,0.33469818266968354,4,1
small-world/scale-free,400,8,144,120.0,250.0,157.0,157.0,244.0,244.0,151.0,199.5,0.33469818266968354,4,1
small-world/scale-free,400,8,145,93.0,119.0,82.0,86.0,112.0,112.0,96.0,199.5,0.33469818266968354,4,1
small-world/scale-free,400,8,146,45.0,222.0,97.0,100.0,212.0,212.0,52.0,199.5,0.33469818266968354,4,1
small-world/scale-free,400,8,147,93.0,137.0,85.0,85.0,134.0,134.0,102.0,199.5,0.33469818266968354,4,1
small-world/scale-free,400,8,148,120.0,315.0,194.0,193.0,320.0,320.0,121.0,199.5,0.33469818266968354,4,1
small-world/scale-free,400,8,149,166.0,142.0,111.0,115.0,136.0,136.0,188.0,199.5,0.33469818266968354,4,1
small-world/scale-free,400,8,150,166.0,327.0,232.0,234.0,314.0,314.0,204.0,199.5,0.33469818266968354,4,1
small-world/scale-free,400,8,151,228.0,269.0,291.0,294.0,275.0,275.0,302.0,199.5,0.33469818266968354,4,1
small-world/scale-free,400,8,152,166.0,349.0,298.0,291.0,344.0,344.0,186.0,199.5,0.33469818266968354,4,1
small-world/scale-free,400,8,153,93.0,135.0,119.0,118.0,120.0,120.0,104.0,199.5,0.33469818266968354,4,1
small-world/scale-free,400,8,154,166.0,147.0,151.0,149.0,142.0,142.0,190.0,199.5,0.33469818266968354,4,1
small-world/scale-free,400,8,155,228.0,264.0,329.0,327.0,277.0,277.0,338.0,199.5,0.33469818266968354,4,1
small-world/scale-free,400,8,156,70.0,48.0,113.0,107.0,53.0,53.0,81.0,199.5,0.33469818266968354,4,1
small-world/scale-free,400,8,157,166.0,161.0,271.0,279.0,165.0,165.0,207.0,199.5,0.33469818266968354,4,1
small-world/scale-free,400,8,158,166.0,268.0,164.0,169.0,264.0,264.0,203.0,199.5,0.33469818266968354,4,1
small-world/scale-free,400,8,159,120.0,362.0,204.0,201.0,354.0,354.0,137.0,199.5,0.33469818266968354,4,1
small-world/scale-free,400,8,160,120.0,73.0,81.0,82.0,81.0,81.0,154.0,199.5,0.33469818266968354,4,1
small-world/scale-free,400,8,161,70.0,234.0,124.0,121.0,223.0,223.0,76.0,199.5,0.33469818266968354,4,1
small-world/scale-free,400,8,162,166.0,153.0,248.0,254.0,162.0,162.0,222.0,199.5,0.33469818266968354,4,1
small-world/scale-free,400,8,163,45.0,180.0,57.0,53.0,179.0,179.0,48.0,199.5,0.33469818266968354,4,1
small-world/scale-free,400,8,164,228.0,107.0,356.0,357.0,116.0,116.0,332.0,199.5,0.33469818266968354,4,1
small-world/scale-free,400,8,165,166.0,216.0,321.0,319.0,217.0,217.0,213.0,199.5,0.33469818266968354,4,1
small-world/scale-free,400,8,166,93.0,19.0,56.0,57.0,22.0,22.0,111.0,199.5,0.33469818266968354,4,1
small-world/scale-free,400,8,167,228.0,222.0,330.0,336.0,230.0,230.0,354.0,199.5,0.33469818266968354,4,1
small-world/scale-free,400,8,168,70.0,77.0,79.0,79.0,70.0,70.0,84.0,199.5,0.33469818266968354,4,1
small-world/scale-free,400,8,169,70.0,170.0,86.0,81.0,167.0,167.0,78.0,199.5,0.33469818266968354,4,1
small-world/scale-free,400,8,170,45.0,99.0,18.0,18.0,79.0,79.0,44.0,199.5,0.33469818266968354,4,1
small-world/scale-free,400,8,171,228.0,209.0,246.0,248.0,224.0,224.0,355.0,199.5,0.33469818266968354,4,1
small-world/scale-free,400,8,172,120.0,359.0,166.0,167.0,356.0,356.0,123.0,199.5,0.33469818266968354,4,1
small-world/scale-free,400,8,173,228.0,39.0,336.0,340.0,59.0,59.0,394.0,199.5,0.33469818266968354,4,1
small-world/scale-free,400,8,174,120.0,295.0,174.0,173.0,287.0,287.0,155.0,199.5,0.33469818266968354,4,1
small-world/scale-free,400,8,175,120.0,375.0,200.0,202.0,371.0,371.0,122.0,199.5,0.33469818266968354,4,1
small-world/scale-free,400,8,176,120.0,200.0,133.0,132.0,199.0,199.0,142.0,199.5,0.33469818266968354,4,1
small-world/scale-free,400,8,177,93.0,278.0,148.0,146.0,273.0,273.0,94.0,199.5,0.33469818266968354,4,1
small-world/scale-free,400,8,178,59.0,179.0,58.0,61.0,168.0,168.0,61.0,199.5,0.33469818266968354,4,1
small-world/scale-free,400,8,179,93.0,219.0,142.0,138.0,216.0,216.0,98.0,199.5,0.33469818266968354,4,1
small-world/scale-free,400,8,180,228.0,397.0,304.0,317.0,397.0,397.0,267.0,199.5,0.33469818266968354,4,1
small-world/scale-free,400,8,181,93.0,137.0,90.0,88.0,138.0,138.0,95.0,199.5,0.33469818266968354,4,1
small-world/scale-free,400,8,182,70.0,240.0,117.0,114.0,231.0,231.0,74.0,199.5,0.33469818266968354,4,1
small-world/scale-free,400,8,183,228.0,156.0,269.0,270.0,158.0,158.0,294.0,199.5,0.33469818266968354,4,1
small-world/scale-free,400,8,184,166.0,20.0,114.0,120.0,25.0,25.0,223.0,199.5,0.33469818266968354,4,1
small-world/scale-free,400,8,185,228.0,303.0,162.0,165.0,295.0,295.0,334.0,199.5,0.33469818266968354,4,1
small-world/scale-free,400,8,186,120.0,280.0,178.0,166.0,278.0,278.0,148.0,199.5,0.33469818266968354,4,1
small-world/scale-free,400,8,187,120.0,152.0,131.0,130.0,157.0,157.0,147.0,199.5,0.33469818266968354,4,1
small-world/scale-free,400,8,188,228.0,235.0,258.0,259.0,238.0,238.0,352.0,199.5,0.33469818266968354,4,1
small-world/scale-free,400,8,189,166.0,140.0,136.0,140.0,152.0,152.0,218.0,199.5,0.33469818266968354,4,1
small-world/scale-free,400,8,190,228.0,207.0,379.0,379.0,214.0,214.0,374.0,199.5,0.33469818266968354,4,1
small-world/scale-free,400,8,191,228.0,74.0,307.0,305.0,80.0,80.0,390.0,199.5,0.33469818266968354,4,1
small-world/scale-free,400,8,192,93.0,93.0,216.0,206.0,91.0,91.0,109.0,199.5,0.33469818266968354,4,1
small-world/scale-free,400,8,193,120.0,382.0,234.0,231.0,374.0,374.0,144.0,199.5,0.33469818266968354,4,1
small-world/scale-free,400,8,194,166.0,305.0,198.0,198.0,298.0,298.0,210.0,199.5,0.33469818266968354,4,1
small-world/scale-free,400,8,195,70.0,216.0,99.0,99.0,209.0,209.0,70.0,199.5,0.33469818266968354,4,1
small-world/scale-free,400,8,196,228.0,240.0,299.0,309.0,240.0,240.0,361.0,199.5,0.33469818266968354,4,1
small-world/scale-free,400,8,197,228.0,17.0,267.0,322.0,24.0,24.0,400.0,199.5,0.33469818266968354,4,1
small-world/scale-free,400,8,198,228.0,366.0,340.0,337.0,367.0,367.0,254.0,199.5,0.33469818266968354,4,1
small-world/scale-free,400,8,199,228.0,382.0,317.0,320.0,381.0,381.0,272.0,199.5,0.33469818266968354,4,1
small-world/scale-free,400,8,200,166.0,237.0,225.0,229.0,241.0,241.0,192.0,199.5,0.33469818266968354,4,1
small-world/scale-free,400,8,201,120.0,282.0,233.0,236.0,282.0,282.0,125.0,199.5,0.33469818266968354,4,1
small-world/scale-free,400,8,202,228.0,165.0,379.0,379.0,176.0,176.0,317.0,199.5,0.33469818266968354,4,1
small-world/scale-free,400,8,203,228.0,106.0,379.0,379.0,114.0,114.0,387.0,199.5,0.33469818266968354,4,1
small-world/scale-free,400,8,204,166.0,324.0,333.0,329.0,319.0,319.0,195.0,199.5,0.33469818266968354,4,1
small-world/scale-free,400,8,205,166.0,310.0,309.0,302.0,305.0,305.0,216.0,199.5,0.33469818266968354,4,1
small-world/scale-free,400,8,206,228.0,370.0,350.0,351.0,369.0,369.0,282.0,199.5,0.33469818266968354,4,1
small-world/scale-free,400,8,207,228.0,255.0,343.0,346.0,258.0,258.0,382.0,199.5,0.33469818266968354,4,1
small-world/scale-free,400,8,208,70.0,195.0,92.0,92.0,194.0,194.0,75.0,199.5,0.33469818266968354,4,1
small-world/scale-free,400,8,209,166.0,399.0,303.0,311.0,399.0,399.0,177.0,199.5,0.33469818266968354,4,1
small-world/scale-free,400,8,210,93.0,37.0,36.0,36.0,49.0,49.0,112.0,199.5,0.33469818266968354,4,1
small-world/scale-free,400,8,211,228.0,340.0,284.0,280.0,338.0,338.0,285.0,199.5,0.33469818266968354,4,1
small-world/scale-free,400,8,212,228.0,351.0,226.0,230.0,349.0,349.0,278.0,199.5,0.33469818266968354,4,1
small-world/scale-free,400,8,213,228.0,150.0,259.0,260.0,160.0,160.0,339.0,199.5,0.33469818266968354,4,1
small-world/scale-free,400,8,214,228.0,103.0,263.0,269.0,111.0,111.0,362.0,199.5,0.33469818266968354,4,1
small-world/scale-free,400,8,215,228.0,263.0,276.0,263.0,274.0,274.0,304.0,199.5,0.33469818266968354,4,1
small-world/scale-free,400,8,216,166.0,377.0,294.0,301.0,377.0,377.0,198.0,199.5,0.33469818266968354,4,1
small-world/scale-free,400,8,217,59.0,120.0,126.0,128.0,107.0,107.0,63.0,199.5,0.33469818266968354,4,1
small-world/scale-free,400,8,218,120.0,301.0,218.0,215.0,302.0,302.0,129.0,199.5,0.33469818266968354,4,1
small-world/scale-free,400,8,219,228.0,322.0,327.0,333.0,325.0,325.0,296.0,199.5,0.33469818266968354,4,1
small-world/scale-free,400,8,220,120.0,291.0,155.0,155.0,299.0,299.0,130.0,199.5,0.33469818266968354,4,1
small-world/scale-free,400,8,221,228.0,356.0,379.0,379.0,351.0,351.0,306.0,199.5,0.33469818266968354,4,1
small-world/scale-free,400,8,222,228.0,353.0,318.0,308.0,355.0,355.0,263.0,199.5,0.33469818266968354,4,1
small-world/scale-free,400,8,223,228.0,99.0,153.0,154.0,109.0,109.0,310.0,199.5,0.33469818266968354,4,1
small-world/scale-free,400,8,224,93.0,99.0,147.0,148.0,95.0,95.0,103.0,199.5,0.33469818266968354,4,1
small-world/scale-free,400,8,225,166.0,362.0,242.0,238.0,361.0,361.0,172.0,199.5,0.33469818266968354,4,1
small-world/scale-free,400,8,226,228.0,387.0,377.0,378.0,388.0,388.0,242.0,199.5,0.33469818266968354,4,1
small-world/scale-free,400,8,227,45.0,189.0,48.0,45.0,182.0,182.0,47.0,199.5,0.33469818266968354,4,1
small-world/scale-free,400,8,228,228.0,335.0,341.0,341.0,336.0,336.0,256.0,199.5,0.33469818266968354,4,1
small-world/scale-free,400,8,229,228.0,267.0,379.0,379.0,263.0,263.0,356.0,199.5,0.33469818266968354,4,1
small-world/scale-free,400,8,230,228.0,172.0,351.0,352.0,178.0,178.0,381.0,199.5,0.33469818266968354,4,1
small-world/scale-free,400,8,231,228.0,246.0,192.0,185.0,250.0,250.0,295.0,199.5,0.33469818266968354,4,1
small-world/scale-free,400,8,232,120.0,348.0,168.0,163.0,333.0,333.0,120.0,199.5,0.33469818266968354,4,1
small-world/scale-free,400,8,233,166.0,340.0,189.0,186.0,345.0,345.0,169.0,199.5,0.33469818266968354,4,1
small-world/scale-free,400,8,234,228.0,326.0,379.0,379.0,327.0,327.0,314.0,199.5,0.33469818266968354,4,1
small-world/scale-free,400,8,235,120.0,258.0,179.0,177.0,260.0,260.0,132.0,199.5,0.33469818266968354,4,1
small-world/scale-free,400,8,236,166.0,177.0,129.0,131.0,180.0,180.0,205.0,199.5,0.33469818266968354,4,1
small-world/scale-free,400,8,237,228.0,398.0,379.0,379.0,398.0,398.0,276.0,199.5,0.33469818266968354,4,1
small-world/scale-free,400,8,238,120.0,144.0,137.0,143.0,129.0,129.0,150.0,199.5,0.33469818266968354,4,1
small-world/scale-free,400,8,239,228.0,204.0,287.0,286.0,207.0,207.0,363.0,199.5,0.33469818266968354,4,1
small-world/scale-free,400,8,240,228.0,337.0,240.0,235.0,341.0,341.0,251.0,199.5,0.33469818266968354,4,1
small-world/scale-free,400,8,241,120.0,322.0,199.0,195.0,321.0,321.0,127.0,199.5,0.33469818266968354,4,1
small-world/scale-free,400,8,242,228.0,52.0,268.0,288.0,68.0,68.0,397.0,199.5,0.33469818266968354,4,1
small-world/scale-free,400,8,243,228.0,98.0,379.0,379.0,104.0,104.0,391.0,199.5,0.33469818266968354,4,1
small-world/scale-free,400,8,244,228.0,88.0,379.0,379.0,97.0,97.0,399.0,199.5,0.33469818266968354,4,1
small-world/scale-free,400,8,245,228.0,381.0,379.0,379.0,387.0,387.0,248.0,199.5,0.33469818266968354,4,1
small-world/scale-free,400,8,246,166.0,290.0,212.0,212.0,290.0,290.0,200.0,199.5,0.33469818266968354,4,1
small-world/scale-free,400,8,247,228.0,99.0,379.0,379.0,105.0,105.0,379.0,199.5,0.33469818266968354,4,1
small-world/scale-free,400,8,248,120.0,325.0,156.0,151.0,309.0,309.0,133.0,199.5,0.33469818266968354,4,1
small-world/scale-free,400,8,249,228.0,344.0,297.0,293.0,347.0,347.0,323.0,199.5,0.33469818266968354,4,1
small-world/scale-free,400,8,250,228.0,317.0,366.0,367.0,331.0,331.0,252.0,199.5,0.33469818266968354,4,1
small-world/scale-free,400,8,251,228.0,386.0,339.0,338.0,385.0,385.0,237.0,199.5,0.33469818266968354,4,1
small-world/scale-free,400,8,252,228.0,206.0,229.0,226.0,213.0,213.0,330.0,199.5,0.33469818266968354,4,1
small-world/scale-free,400,8,253,120.0,93.0,115.0,112.0,94.0,94.0,146.0,199.5,0.33469818266968354,4,1
small-world/scale-free,400,8,254,228.0,243.0,237.0,240.0,243.0,243.0,359.0,199.5,0.33469818266968354,4,1
small-world/scale-free,400,8,255,166.0,300.0,190.0,189.0,304.0,304.0,178.0,199.5,0.33469818266968354,4,1
small-world/scale-free,400,8,256,166.0,149.0,125.0,124.0,161.0,161.0,179.0,199.5,0.33469818266968354,4,1
small-world/scale-free,400,8,257,166.0,264.0,191.0,194.0,262.0,262.0,199.0,199.5,0.33469818266968354,4,1
small-world/scale-free,400,8,258,120.0,291.0,235.0,233.0,283.0,283.0,159.0,199.5,0.33469818266968354,4,1
small-world/scale-free,400,8,259,228.0,275.0,352.0,353.0,284.0,284.0,326.0,199.5,0.33469818266968354,4,1
small-world/scale-free,400,8,260,228.0,338.0,208.0,209.0,337.0,337.0,287.0,199.5,0.33469818266968354,4,1
small-world/scale-free,400,8,261,166.0,314.0,295.0,284.0,324.0,324.0,175.0,199.5,0.33469818266968354,4,1
small-world/scale-free,400,8,262,166.0,286.0,250.0,243.0,293.0,293.0,193.0,199.5,0.33469818266968354,4,1
small-world/scale-free,400,8,263,228.0,112.0,371.0,372.0,123.0,123.0,329.0,199.5,0.33469818266968354,4,1
small-world/scale-free,400,8,264,120.0,252.0,273.0,281.0,252.0,252.0,128.0,199.5,0.33469818266968354,4,1
small-world/scale-free,400,8,265,228.0,260.0,379.0,379.0,265.0,265.0,290.0,199.5,0.33469818266968354,4,1
small-world/scale-free,400,8,266,228.0,297.0,308.0,316.0,311.0,311.0,274.0,199.5,0.33469818266968354,4,1
small-world/scale-free,400,8,267,228.0,77.0,227.0,257.0,92.0,92.0,396.0,199.5,0.33469818266968354,4,1
small-world/scale-free,400,8,268,228.0,117.0,353.0,350.0,121.0,121.0,373.0,199.5,0.33469818266968354,4,1
small-world/scale-free,400,8,269,228.0,127.0,210.0,218.0,130.0,130.0,321.0,199.5,0.33469818266968354,4,1
small-world/scale-free,400,8,270,166.0,264.0,214.0,210.0,270.0,270.0,212.0,199.5,0.33469818266968354,4,1
small-world/scale-free,400,8,271,120.0,331.0,180.0,170.0,312.0,312.0,145.0,199.5,0.33469818266968354,4,1
small-world/scale-free,400,8,272,228.0,91.0,319.0,323.0,98.0,98.0,366.0,199.5,0.33469818266968354,4,1
small-world/scale-free,400,8,273,228.0,248.0,286.0,292.0,249.0,249.0,341.0,199.5,0.33469818266968354,4,1
small-world/scale-free,400,8,274,120.0,165.0,87.0,87.0,163.0,163.0,135.0,199.5,0.33469818266968354,4,1
small-world/scale-free,400,8,275,228.0,295.0,355.0,359.0,301.0,301.0,309.0,199.5,0.33469818266968354,4,1
small-world/scale-free,400,8,276,166.0,388.0,241.0,241.0,384.0,384.0,181.0,199.5,0.33469818266968354,4,1
small-world/scale-free,400,8,277,166.0,273.0,217.0,220.0,279.0,279.0,201.0,199.5,0.33469818266968354,4,1
small-world/scale-free,400,8,278,228.0,294.0,277.0,267.0,307.0,307.0,298.0,199.5,0.33469818266968354,4,1
small-world/scale-free,400,8,279,228.0,249.0,213.0,204.0,256.0,256.0,337.0,199.5,0.33469818266968354,4,1
small-world/scale-free,400,8,280,228.0,367.0,293.0,296.0,368.0,368.0,255.0,199.5,0.33469818266968354,4,1
small-world/scale-free,400,8,281,166.0,389.0,320.0,312.0,389.0,389.0,170.0,199.5,0.33469818266968354,4,1
small-world/scale-free,400,8,282,228.0,227.0,228.0,227.0,232.0,232.0,345.0,199.5,0.33469818266968354,4,1
small-world/scale-free,400,8,283,228.0,161.0,361.0,363.0,170.0,170.0,319.0,199.5,0.33469818266968354,4,1
small-world/scale-free,400,8,284,166.0,104.0,140.0,139.0,105.0,105.0,206.0,199.5,0.33469818266968354,4,1
small-world/scale-free,400,8,285,228.0,193.0,379.0,379.0,193.0,193.0,336.0,199.5,0.33469818266968354,4,1
small-world/scale-free,400,8,286,166.0,316.0,238.0,228.0,322.0,322.0,185.0,199.5,0.33469818266968354,4,1
small-world/scale-free,400,8,287,120.0,275.0,165.0,162.0,276.0,276.0,124.0,199.5,0.33469818266968354,4,1
small-world/scale-free,400,8,288,166.0,379.0,275.0,274.0,378.0,378.0,171.0,199.5,0.33469818266968354,4,1
small-world/scale-free,400,8,289,228.0,163.0,127.0,125.0,171.0,171.0,245.0,199.5,0.33469818266968354,4,1
small-world/scale-free,400,8,290,166.0,246.0,223.0,225.0,247.0,247.0,209.0,199.5,0.33469818266968354,4,1
small-world/scale-free,400,8,291,228.0,269.0,314.0,318.0,268.0,268.0,316.0,199.5,0.33469818266968354,4,1
small-world/scale-free,400,8,292,93.0,329.0,105.0,102.0,323.0,323.0,91.0,199.5,0.33469818266968354,4,1
small-world/scale-free,400,8,293,120.0,285.0,175.0,176.0,280.0,280.0,141.0,199.5,0.33469818266968354,4,1
small-world/scale-free,400,8,294,228.0,282.0,346.0,345.0,289.0,289.0,313.0,199.5,0.33469818266968354,4,1
small-world/scale-free,400,8,295,228.0,350.0,334.0,330.0,348.0,348.0,293.0,199.5,0.33469818266968354,4,1
small-world/scale-free,400,8,296,166.0,113.0,123.0,126.0,115.0,115.0,202.0,199.5,0.33469818266968354,4,1
small-world/scale-free,400,8,297,228.0,255.0,256.0,250.0,255.0,255.0,292.0,199.5,0.33469818266968354,4,1
small-world/scale-free,400,8,298,228.0,302.0,249.0,247.0,300.0,300.0,325.0,199.5,0.33469818266968354,4,1
small-world/scale-free,400,8,299,166.0,345.0,185.0,183.0,339.0,339.0,168.0,199.5,0.33469818266968354,4,1
small-world/scale-free,400,8,300,228.0,231.0,335.0,339.0,239.0,239.0,376.0,199.5,0.33469818266968354,4,1
small-world/scale-free,400,8,301,166.0,130.0,257.0,256.0,148.0,148.0,211.0,199.5,0.33469818266968354,4,1
small-world/scale-free,400,8,302,228.0,88.0,354.0,354.0,93.0,93.0,385.0,199.5,0.33469818266968354,4,1
small-world/scale-free,400,8,303,166.0,359.0,254.0,239.0,357.0,357.0,182.0,199.5,0.33469818266968354,4,1
small-world/scale-free,400,8,304,166.0,187.0,205.0,216.0,187.0,187.0,191.0,199.5,0.33469818266968354,4,1
small-world/scale-free,400,8,305,166.0,282.0,222.0,224.0,292.0,292.0,187.0,199.5,0.33469818266968354,4,1
small-world/scale-free,400,8,306,228.0,384.0,266.0,262.0,383.0,383.0,232.0,199.5,0.33469818266968354,4,1
small-world/scale-free,400,8,307,228.0,308.0,301.0,299.0,316.0,316.0,270.0,199.5,0.33469818266968354,4,1
small-world/scale-free,400,8,308,228.0,369.0,348.0,348.0,370.0,370.0,241.0,199.5,0.33469818266968354,4,1
small-world/scale-free,400,8,309,166.0,238.0,202.0,207.0,245.0,245.0,180.0,199.5,0.33469818266968354,4,1
small-world/scale-free,400,8,310,228.0,262.0,264.0,261.0,265.0,265.0,350.0,199.5,0.33469818266968354,4,1
small-world/scale-free,400,8,311,228.0,184.0,152.0,153.0,185.0,185.0,289.0,199.5,0.33469818266968354,4,1
small-world/scale-free,400,8,312,166.0,313.0,171.0,164.0,313.0,313.0,174.0,199.5,0.33469818266968354,4,1
small-world/scale-free,400,8,313,166.0,317.0,279.0,273.0,317.0,317.0,184.0,199.5,0.33469818266968354,4,1
small-world/scale-free,400,8,314,228.0,176.0,379.0,379.0,177.0,177.0,367.0,199.5,0.33469818266968354,4,1
small-world/scale-free,400,8,315,228.0,338.0,221.0,211.0,332.0,332.0,257.0,199.5,0.33469818266968354,4,1
small-world/scale-free,400,8,316,120.0,63.0,72.0,76.0,71.0,71.0,126.0,199.5,0.33469818266968354,4,1
small-world/scale-free,400,8,317,228.0,245.0,193.0,191.0,248.0,248.0,288.0,199.5,0.33469818266968354,4,1
small-world/scale-free,400,8,318,228.0,60.0,219.0,217.0,74.0,74.0,320.0,199.5,0.33469818266968354,4,1
small-world/scale-free,400,8,319,228.0,396.0,316.0,298.0,396.0,396.0,233.0,199.5,0.33469818266968354,4,1
small-world/scale-free,400,8,320,228.0,221.0,337.0,335.0,227.0,227.0,343.0,199.5,0.33469818266968354,4,1
small-world/scale-free,400,8,321,166.0,259.0,154.0,147.0,259.0,259.0,183.0,199.5,0.33469818266968354,4,1
small-world/scale-free,400,8,322,228.0,354.0,224.0,219.0,359.0,359.0,259.0,199.5,0.33469818266968354,4,1
small-world/scale-free,400,8,323,228.0,96.0,106.0,110.0,100.0,100.0,301.0,199.5,0.33469818266968354,4,1
small-world/scale-free,400,8,324,228.0,384.0,289.0,285.0,386.0,386.0,229.0,199.5,0.33469818266968354,4,1
small-world/scale-free,400,8,325,228.0,147.0,364.0,361.0,150.0,150.0,342.0,199.5,0.33469818266968354,4,1
small-world/scale-free,400,8,326,228.0,121.0,360.0,360.0,135.0,135.0,273.0,199.5,0.33469818266968354,4,1
small-world/scale-free,400,8,327,228.0,133.0,373.0,373.0,139.0,139.0,333.0,199.5,0.33469818266968354,4,1
small-world/scale-free,400,8,328,166.0,280.0,139.0,133.0,285.0,285.0,176.0,199.5,0.33469818266968354,4,1
small-world/scale-free,400,8,329,228.0,183.0,379.0,379.0,186.0,186.0,291.0,199.5,0.33469818266968354,4,1
small-world/scale-free,400,8,330,166.0,77.0,161.0,168.0,85.0,85.0,224.0,199.5,0.33469818266968354,4,1
small-world/scale-free,400,8,331,228.0,329.0,282.0,275.0,328.0,328.0,311.0,199.5,0.33469818266968354,4,1
small-world/scale-free,400,8,332,166.0,352.0,211.0,203.0,353.0,353.0,167.0,199.5,0.33469818266968354,4,1
small-world/scale-free,400,8,333,228.0,372.0,379.0,379.0,376.0,376.0,281.0,199.5,0.33469818266968354,4,1
small-world/scale-free,400,8,334,228.0,198.0,244.0,251.0,200.0,200.0,371.0,199.5,0.33469818266968354,4,1
small-world/scale-free,400,8,335,228.0,372.0,349.0,349.0,372.0,372.0,271.0,199.5,0.33469818266968354,4,1
small-world/scale-free,400,8,336,228.0,127.0,188.0,196.0,128.0,128.0,351.0,199.5,0.33469818266968354,4,1
small-world/scale-free,400,8,337,228.0,310.0,231.0,232.0,310.0,310.0,308.0,199.5,0.33469818266968354,4,1
small-world/scale-free,400,8,338,228.0,121.0,292.0,307.0,124.0,124.0,392.0,199.5,0.33469818266968354,4,1
small-world/scale-free,400,8,339,228.0,222.0,278.0,287.0,221.0,221.0,369.0,199.5,0.33469818266968354,4,1
small-world/scale-free,400,8,340,228.0,93.0,342.0,347.0,99.0,99.0,395.0,199.5,0.33469818266968354,4,1
small-world/scale-free,400,8,341,228.0,392.0,312.0,300.0,393.0,393.0,231.0,199.5,0.33469818266968354,4,1
small-world/scale-free,400,8,342,228.0,153.0,183.0,187.0,154.0,154.0,260.0,199.5,0.33469818266968354,4,1
small-world/scale-free,400,8,343,228.0,192.0,160.0,160.0,191.0,191.0,262.0,199.5,0.33469818266968354,4,1
small-world/scale-free,400,8,344,228.0,394.0,357.0,356.0,395.0,395.0,238.0,199.5,0.33469818266968354,4,1
small-world/scale-free,400,8,345,166.0,287.0,290.0,268.0,296.0,296.0,194.0,199.5,0.33469818266968354,4,1
small-world/scale-free,400,8,346,228.0,218.0,187.0,182.0,228.0,228.0,284.0,199.5,0.33469818266968354,4,1
small-world/scale-free,400,8,347,166.0,362.0,311.0,306.0,360.0,360.0,189.0,199.5,0.33469818266968354,4,1
small-world/scale-free,400,8,348,228.0,110.0,172.0,172.0,117.0,117.0,324.0,199.5,0.33469818266968354,4,1
small-world/scale-free,400,8,349,228.0,335.0,345.0,342.0,342.0,342.0,243.0,199.5,0.33469818266968354,4,1
small-world/scale-free,400,8,350,228.0,230.0,262.0,249.0,233.0,233.0,307.0,199.5,0.33469818266968354,4,1
small-world/scale-free,400,8,351,228.0,320.0,261.0,258.0,318.0,318.0,300.0,199.5,0.33469818266968354,4,1
small-world/scale-free,400,8,352,228.0,121.0,181.0,190.0,127.0,127.0,331.0,199.5,0.33469818266968354,4,1
small-world/scale-free,400,8,353,166.0,354.0,203.0,200.0,350.0,350.0,173.0,199.5,0.33469818266968354,4,1
small-world/scale-free,400,8,354,228.0,333.0,255.0,244.0,326.0,326.0,299.0,199.5,0.33469818266968354,4,1
small-world/scale-free,400,8,355,228.0,121.0,375.0,376.0,126.0,126.0,389.0,199.5,0.33469818266968354,4,1
small-world/scale-free,400,8,356,228.0,201.0,302.0,315.0,202.0,202.0,386.0,199.5,0.33469818266968354,4,1
small-world/scale-free,400,8,357,228.0,178.0,209.0,222.0,181.0,181.0,305.0,199.5,0.33469818266968354,4,1
small-world/scale-free,400,8,358,228.0,331.0,300.0,295.0,340.0,340.0,234.0,199.5,0.33469818266968354,4,1
small-world/scale-free,400,8,359,228.0,156.0,252.0,255.0,158.0,158.0,318.0,199.5,0.33469818266968354,4,1
small-world/scale-free,400,8,360,166.0,215.0,195.0,199.0,211.0,211.0,217.0,199.5,0.33469818266968354,4,1
small-world/scale-free,400,8,361,228.0,144.0,372.0,371.0,147.0,147.0,335.0,199.5,0.33469818266968354,4,1
small-world/scale-free,400,8,362,228.0,367.0,315.0,313.0,366.0,366.0,279.0,199.5,0.33469818266968354,4,1
small-world/scale-free,400,8,363,228.0,312.0,313.0,321.0,306.0,306.0,360.0,199.5,0.33469818266968354,4,1
small-world/scale-free,400,8,364,228.0,395.0,379.0,379.0,394.0,394.0,250.0,199.5,0.33469818266968354,4,1
small-world/scale-free,400,8,365,228.0,278.0,331.0,331.0,286.0,286.0,346.0,199.5,0.33469818266968354,4,1
small-world/scale-free,400,8,366,166.0,390.0,186.0,181.0,390.0,390.0,166.0,199.5,0.33469818266968354,4,1
small-world/scale-free,400,8,367,228.0,327.0,310.0,297.0,335.0,335.0,247.0,199.5,0.33469818266968354,4,1
small-world/scale-free,400,8,368,228.0,130.0,138.0,145.0,131.0,131.0,264.0,199.5,0.33469818266968354,4,1
small-world/scale-free,400,8,369,166.0,298.0,167.0,174.0,291.0,291.0,196.0,199.5,0.33469818266968354,4,1
small-world/scale-free,400,8,370,228.0,393.0,363.0,362.0,392.0,392.0,283.0,199.5,0.33469818266968354,4,1
small-world/scale-free,400,8,371,228.0,334.0,378.0,377.0,346.0,346.0,249.0,199.5,0.33469818266968354,4,1
small-world/scale-free,400,8,372,228.0,298.0,306.0,310.0,308.0,308.0,322.0,199.5,0.33469818266968354,4,1
small-world/scale-free,400,8,373,228.0,319.0,344.0,343.0,329.0,329.0,253.0,199.5,0.33469818266968354,4,1
small-world/scale-free,400,8,374,228.0,171.0,347.0,344.0,174.0,174.0,372.0,199.5,0.33469818266968354,4,1
small-world/scale-free,400,8,375,228.0,321.0,280.0,265.0,330.0,330.0,236.0,199.5,0.33469818266968354,4,1
small-world/scale-free,400,8,376,228.0,160.0,141.0,135.0,169.0,169.0,280.0,199.5,0.33469818266968354,4,1
small-world/scale-free,400,8,377,228.0,305.0,369.0,369.0,315.0,315.0,303.0,199.5,0.33469818266968354,4,1
small-world/scale-free,400,8,378,228.0,287.0,365.0,370.0,294.0,294.0,349.0,199.5,0.33469818266968354,4,1
small-world/scale-free,400,8,379,228.0,400.0,245.0,245.0,400.0,400.0,228.0,199.5,0.33469818266968354,4,1
small-world/scale-free,400,8,380,228.0,347.0,379.0,379.0,352.0,352.0,297.0,199.5,0.33469818266968354,4,1
small-world/scale-free,400,8,381,228.0,358.0,274.0,266.0,364.0,364.0,265.0,199.5,0.33469818266968354,4,1
small-world/scale-free,400,8,382,228.0,375.0,326.0,324.0,379.0,379.0,244.0,199.5,0.33469818266968354,4,1
small-world/scale-free,400,8,383,228.0,378.0,368.0,368.0,380.0,380.0,240.0,199.5,0.33469818266968354,4,1
small-world/scale-free,400,8,384,228.0,371.0,283.0,283.0,373.0,373.0,235.0,199.5,0.33469818266968354,4,1
small-world/scale-free,400,8,385,228.0,135.0,143.0,144.0,132.0,132.0,315.0,199.5,0.33469818266968354,4,1
small-world/scale-free,400,8,386,228.0,80.0,251.0,276.0,90.0,90.0,378.0,199.5,0.33469818266968354,4,1
small-world/scale-free,400,8,387,228.0,189.0,176.0,179.0,190.0,190.0,277.0,199.5,0.33469818266968354,4,1
small-world/scale-free,400,8,388,228.0,207.0,220.0,221.0,210.0,210.0,328.0,199.5,0.33469818266968354,4,1
small-world/scale-free,400,8,389,228.0,391.0,376.0,375.0,391.0,391.0,246.0,199.5,0.33469818266968354,4,1
small-world/scale-free,400,8,390,228.0,191.0,260.0,271.0,189.0,189.0,357.0,199.5,0.33469818266968354,4,1
small-world/scale-free,400,8,391,228.0,359.0,328.0,334.0,363.0,363.0,268.0,199.5,0.33469818266968354,4,1
small-world/scale-free,400,8,392,228.0,374.0,324.0,325.0,375.0,375.0,261.0,199.5,0.33469818266968354,4,1
small-world/scale-free,400,8,393,228.0,97.0,359.0,355.0,101.0,101.0,384.0,199.5,0.33469818266968354,4,1
small-world/scale-free,400,8,394,228.0,116.0,169.0,180.0,118.0,118.0,347.0,199.5,0.33469818266968354,4,1
small-world/scale-free,400,8,395,228.0,380.0,322.0,314.0,382.0,382.0,239.0,199.5,0.33469818266968354,4,1
small-world/scale-free,400,8,396,228.0,346.0,281.0,277.0,358.0,358.0,230.0,199.5,0.33469818266968354,4,1
small-world/scale-free,400,8,397,228.0,153.0,173.0,178.0,154.0,154.0,275.0,199.5,0.33469818266968354,4,1
small-world/scale-free,400,8,398,228.0,340.0,285.0,282.0,343.0,343.0,269.0,199.5,0.33469818266968354,4,1
small-world/scale-free,400,8,399,228.0,137.0,367.0,364.0,140.0,140.0,348.0,199.5,0.33469818266968354,4,1
