small-world/scale-free,400,13,0,9.0,15.0,11.0,11.0,13.0,13.0,9.0,199.5,0.3221723328371054,4,1
small-world/scale-free,400,13,1,13.0,10.0,14.0,14.0,10.0,10.0,13.0,199.5,0.3221723328371054,4,1
small-world/scale-free,400,13,2,3.0,3.0,5.0,5.0,3.0,3.0,3.0,199.5,0.3221723328371054,4,1
small-world/scale-free,400,13,3,2.0,1.0,2.0,2.0,1.0,1.0,2.0,199.5,0.3221723328371054,4,1
small-world/scale-free,400,13,4,7.0,7.0,7.0,7.0,7.0,7.0,8.0,199.5,0.3221723328371054,4,1
small-world/scale-free,400,13,5,14.0,8.0,15.0,15.0,9.0,9.0,14.0,199.5,0.3221723328371054,4,1
small-world/scale-free,400,13,6,10.0,5.0,8.0,8.0,6.0,6.0,11.0,199.5,0.3221723328371054,4,1
small-world/scale-free,400,13,7,159.0,70.0,227.0,234.0,86.0,86.0,232.0,199.5,0.3221723328371054,4,1
small-world/scale-free,400,13,8,3.0,4.0,3.0,3.0,4.0,4.0,4.0,199.5,0.3221723328371054,4,1
small-world/scale-free,400,13,9,10.0,9.0,10.0,10.0,8.0,8.0,10.0,199.5,0.3221723328371054,4,1
small-world/scale-free,400,13,10,1.0,2.0,1.0,1.0,2.0,2.0,1.0,199.5,0.3221723328371054,4,1
small-world/scale-free,400,13,11,5.0,6.0,4.0,4.0,5.0,5.0,5.0,199.5,0.3221723328371054,4,1
small-world/scale-free,400,13,12,20.0,54.0,39.0,39.0,45.0,45.0,21.0,199.5,0.3221723328371054,4,1
small-world/scale-free,400,13,13,65.0,42.0,65.0,65.0,42.0,42.0,75.0,199.5,0.3221723328371054,4,1
small-world/scale-free,400,13,14,40.0,29.0,37.0,38.0,25.0,25.0,50.0,199.5,0.3221723328371054,4,1
small-world/scale-free,400,13,15,40.0,101.0,73.0,73.0,92.0,92.0,49.0,199.5,0.3221723328371054,4,1
small-world/scale-free,400,13,16,12.0,12.0,9.0,9.0,11.0,11.0,12.0,199.5,0.3221723328371054,4,1
small-world/scale-free,400,13,17,34.0,32.0,33.0,34.0,27.0,27.0,39.0,199.5,0.3221723328371054,4,1
small-world/scale-free,400,13,18,56.0,71.0,53.0,54.0,62.0,62.0,60.0,199.5,0.3221723328371054,4,1
small-world/scale-free,400,13,19,102.0,43.0,89.0,91.0,46.0,46.0,151.0,199.5,0.3221723328371054,4,1
small-world/scale-free,400,13,20,15.0,11.0,13.0,12.0,14.0,14.0,15.0,199.5,0.3221723328371054,4,1
small-world/scale-free,400,13,21,28.0,13.0,22.0,23.0,16.0,16.0,33.0,199.5,0.3221723328371054,4,1
small-world/scale-free,400,13,22,159.0,109.0,261.0,262.0,119.0,119.0,229.0,199.5,0.3221723328371054,4,1
small-world/scale-free,400,13,23,17.0,16.0,18.0,18.0,17.0,17.0,17.0,199.5,0.3221723328371054,4,1
small-world/scale-free,400,13,24,28.0,19.0,19.0,19.0,20.0,20.0,29.0,199.5,0.3221723328371054,4,1
small-world/scale-free,400,13,25,20.0,37.0,32.0,31.0,30.0,30.0,22.0,199.5,0.3221723328371054,4,1
small-world/scale-free,400,13,26,7.0,18.0,12.0,13.0,15.0,15.0,7.0,199.5,0.3221723328371054,4,1
small-world/scale-free,400,13,27,102.0,34.0,129.0,141.0,36.0,36.0,158.0,199.5,0.3221723328371054,4,1
small-world/scale-free,400,13,28,159.0,79.0,177.0,181.0,81.0,81.0,235.0,199.5,0.3221723328371054,4,1
small-world/scale-free,400,13,29,65.0,36.0,56.0,56.0,37.0,37.0,68.0,199.5,0.3221723328371054,4,1
small-world/scale-free,400,13,30,28.0,48.0,49.0,48.0,49.0,49.0,32.0,199.5,0.3221723328371054,4,1
small-world/scale-free,400,13,31,102.0,99.0,90.0,94.0,93.0,93.0,139.0,199.5,0.3221723328371054,4,1
small-world/scale-free,400,13,32,6.0,14.0,6.0,6.0,12.0,12.0,6.0,199.5,0.3221723328371054,4,1
small-world/scale-free,400,13,33,65.0,157.0,178.0,171.0,156.0,156.0,70.0,199.5,0.3221723328371054,4,1
small-world/scale-free,400,13,34,40.0,49.0,36.0,40.0,47.0,47.0,46.0,199.5,0.3221723328371054,4,1
small-world/scale-free,400,13,35,40.0,20.0,29.0,30.0,22.0,22.0,47.0,199.5,0.3221723328371054,4,1
small-world/scale-free,400,13,36,20.0,65.0,23.0,22.0,56.0,56.0,20.0,199.5,0.3221723328371054,4,1
small-world/scale-free,400,13,37,51.0,49.0,54.0,53.0,48.0,48.0,55.0,199.5,0.3221723328371054,4,1
small-world/scale-free,400,13,38,76.0,147.0,264.0,247.0,158.0,158.0,98.0,199.5,0.3221723328371054,4,1
small-world/scale-free,400,13,39,159.0,28.0,186.0,205.0,32.0,32.0,237.0,199.5,0.3221723328371054,4,1
small-world/scale-free,400,13,40,23.0,24.0,21.0,21.0,23.0,23.0,27.0,199.5,0.3221723328371054,4,1
small-world/scale-free,400,13,41,23.0,35.0,20.0,20.0,28.0,28.0,23.0,199.5,0.3221723328371054,4,1
small-world/scale-free,400,13,42,238.0,234.0,364.0,365.0,245.0,245.0,373.0,199.5,0.3221723328371054,4,1
small-world/scale-free,400,13,43,40.0,39.0,27.0,27.0,35.0,35.0,48.0,199.5,0.3221723328371054,4,1
small-world/scale-free,400,13,44,28.0,22.0,25.0,25.0,21.0,21.0,31.0,199.5,0.3221723328371054,4,1
small-world/scale-free,400,13,45,102.0,55.0,66.0,72.0,57.0,57.0,147.0,199.5,0.3221723328371054,4,1
small-world/scale-free,400,13,46,51.0,181.0,55.0,55.0,136.0,136.0,52.0,199.5,0.3221723328371054,4,1
small-world/scale-free,400,13,47,102.0,131.0,140.0,145.0,141.0,141.0,152.0,199.5,0.3221723328371054,4,1
small-world/scale-free,400,13,48,34.0,40.0,35.0,35.0,34.0,34.0,38.0,199.5,0.3221723328371054,4,1
small-world/scale-free,400,13,49,102.0,82.0,127.0,126.0,91.0,91.0,142.0,199.5,0.3221723328371054,4,1
small-world/scale-free,400,13,50,34.0,191.0,52.0,50.0,150.0,150.0,35.0,199.5,0.3221723328371054,4,1
small-world/scale-free,400,13,51,51.0,58.0,64.0,64.0,52.0,52.0,54.0,199.5,0.3221723328371054,4,1
small-world/scale-free,400,13,52,238.0,267.0,211.0,212.0,265.0,265.0,352.0,199.5,0.3221723328371054,4,1
small-world/scale-free,400,13,53,16.0,17.0,16.0,16.0,18.0,18.0,16.0,199.5,0.3221723328371054,4,1
small-world/scale-free,400,13,54,51.0,45.0,51.0,51.0,39.0,39.0,53.0,199.5,0.3221723328371054,4,1
small-world/scale-free,400,13,55,238.0,323.0,387.0,387.0,322.0,322.0,376.0,199.5,0.3221723328371054,4,1
small-world/scale-free,400,13,56,102.0,241.0,156.0,158.0,224.0,224.0,138.0,199.5,0.3221723328371054,4,1
small-world/scale-free,400,13,57,40.0,108.0,48.0,52.0,90.0,90.0,45.0,199.5,0.3221723328371054,4,1
small-world/scale-free,400,13,58,28.0,23.0,28.0,29.0,24.0,24.0,30.0,199.5,0.3221723328371054,4,1
small-world/scale-free,400,13,59,56.0,43.0,82.0,79.0,43.0,43.0,59.0,199.5,0.3221723328371054,4,1
small-world/scale-free,400,13,60,102.0,157.0,193.0,193.0,177.0,177.0,153.0,199.5,0.3221723328371054,4,1
small-world/scale-free,400,13,61,159.0,131.0,157.0,165.0,126.0,126.0,236.0,199.5,0.3221723328371054,4,1
small-world/scale-free,400,13,62,76.0,75.0,63.0,63.0,79.0,79.0,101.0,199.5,0.3221723328371054,4,1
small-world/scale-free,400,13,63,238.0,278.0,381.0,382.0,300.0,300.0,335.0,199.5,0.3221723328371054,4,1
small-world/scale-free,400,13,64,23.0,66.0,24.0,24.0,50.0,50.0,26.0,199.5,0.3221723328371054,4,1
small-world/scale-free,400,13,65,76.0,153.0,136.0,130.0,157.0,157.0,99.0,199.5,0.3221723328371054,4,1
small-world/scale-free,400,13,66,56.0,147.0,111.0,112.0,107.0,107.0,63.0,199.5,0.3221723328371054,4,1
small-world/scale-free,400,13,67,18.0,20.0,17.0,17.0,19.0,19.0,19.0,199.5,0.3221723328371054,4,1
small-world/scale-free,400,13,68,56.0,71.0,69.0,67.0,74.0,74.0,56.0,199.5,0.3221723328371054,4,1
small-world/scale-free,400,13,69,76.0,151.0,60.0,62.0,135.0,135.0,90.0,199.5,0.3221723328371054,4,1
small-world/scale-free,400,13,70,159.0,309.0,310.0,309.0,303.0,303.0,213.0,199.5,0.3221723328371054,4,1
small-world/scale-free,400,13,71,65.0,38.0,42.0,41.0,40.0,40.0,74.0,199.5,0.3221723328371054,4,1
small-world/scale-free,400,13,72,76.0,182.0,108.0,113.0,176.0,176.0,93.0,199.5,0.3221723328371054,4,1
small-world/scale-free,400,13,73,159.0,91.0,148.0,155.0,83.0,83.0,220.0,199.5,0.3221723328371054,4,1
small-world/scale-free,400,13,74,56.0,114.0,58.0,59.0,105.0,105.0,61.0,199.5,0.3221723328371054,4,1
small-world/scale-free,400,13,75,159.0,176.0,257.0,258.0,184.0,184.0,231.0,199.5,0.3221723328371054,4,1
small-world/scale-free,400,13,76,56.0,77.0,61.0,60.0,71.0,71.0,62.0,199.5,0.3221723328371054,4,1
small-world/scale-free,400,13,77,159.0,308.0,356.0,350.0,313.0,313.0,191.0,199.5,0.3221723328371054,4,1
small-world/scale-free,400,13,78,102.0,237.0,117.0,115.0,238.0,238.0,121.0,199.5,0.3221723328371054,4,1
small-world/scale-free,400,13,79,40.0,66.0,43.0,44.0,59.0,59.0,43.0,199.5,0.3221723328371054,4,1
small-world/scale-free,400,13,80,28.0,71.0,26.0,26.0,55.0,55.0,28.0,199.5,0.3221723328371054,4,1
small-world/scale-free,400,13,81,238.0,86.0,331.0,337.0,96.0,96.0,393.0,199.5,0.3221723328371054,4,1
small-world/scale-free,400,13,82,76.0,205.0,146.0,140.0,199.0,199.0,92.0,199.5,0.3221723328371054,4,1
small-world/scale-free,400,13,83,51.0,86.0,50.0,47.0,82.0,82.0,51.0,199.5,0.3221723328371054,4,1
small-world/scale-free,400,13,84,238.0,113.0,272.0,300.0,121.0,121.0,394.0,199.5,0.3221723328371054,4,1
small-world/scale-free,400,13,85,159.0,227.0,202.0,201.0,225.0,225.0,227.0,199.5,0.3221723328371054,4,1
small-world/scale-free,400,13,86,159.0,26.0,135.0,146.0,31.0,31.0,234.0,199.5,0.3221723328371054,4,1
small-world/scale-free,400,13,87,76.0,125.0,119.0,122.0,137.0,137.0,97.0,199.5,0.3221723328371054,4,1
small-world/scale-free,400,13,88,76.0,164.0,199.0,189.0,168.0,168.0,100.0,199.5,0.3221723328371054,4,1
small-world/scale-free,400,13,89,23.0,106.0,41.0,43.0,64.0,64.0,25.0,199.5,0.3221723328371054,4,1
small-world/scale-free,400,13,90,102.0,66.0,134.0,136.0,70.0,70.0,134.0,199.5,0.3221723328371054,4,1
small-world/scale-free,400,13,91,18.0,166.0,34.0,33.0,110.0,110.0,18.0,199.5,0.3221723328371054,4,1
small-world/scale-free,400,13,92,238.0,64.0,249.0,291.0,73.0,73.0,382.0,199.5,0.3221723328371054,4,1
small-world/scale-free,400,13,93,238.0,33.0,126.0,133.0,41.0,41.0,390.0,199.5,0.3221723328371054,4,1
small-world/scale-free,400,13,94,65.0,47.0,78.0,78.0,51.0,51.0,73.0,199.5,0.3221723328371054,4,1
small-world/scale-free,400,13,95,76.0,271.0,159.0,159.0,261.0,261.0,91.0,199.5,0.3221723328371054,4,1
small-world/scale-free,400,13,96,23.0,144.0,30.0,28.0,112.0,112.0,24.0,199.5,0.3221723328371054,4,1
small-world/scale-free,400,13,97,238.0,62.0,387.0,387.0,76.0,76.0,398.0,199.5,0.3221723328371054,4,1
small-world/scale-free,400,13,98,76.0,349.0,118.0,117.0,335.0,335.0,80.0,199.5,0.3221723328371054,4,1
small-world/scale-free,400,13,99,56.0,24.0,47.0,49.0,26.0,26.0,64.0,199.5,0.3221723328371054,4,1
small-world/scale-free,400,13,100,76.0,90.0,67.0,66.0,98.0,98.0,88.0,199.5,0.3221723328371054,4,1
small-world/scale-free,400,13,101,159.0,195.0,167.0,170.0,191.0,191.0,217.0,199.5,0.3221723328371054,4,1
small-world/scale-free,400,13,102,238.0,239.0,375.0,376.0,243.0,243.0,350.0,199.5,0.3221723328371054,4,1
small-world/scale-free,400,13,103,238.0,256.0,282.0,280.0,258.0,258.0,361.0,199.5,0.3221723328371054,4,1
small-world/scale-free,400,13,104,34.0,96.0,31.0,32.0,67.0,67.0,37.0,199.5,0.3221723328371054,4,1
small-world/scale-free,400,13,105,159.0,212.0,169.0,174.0,195.0,195.0,207.0,199.5,0.3221723328371054,4,1
small-world/scale-free,400,13,106,159.0,109.0,95.0,93.0,123.0,123.0,228.0,199.5,0.3221723328371054,4,1
small-world/scale-free,400,13,107,56.0,225.0,85.0,85.0,215.0,215.0,58.0,199.5,0.3221723328371054,4,1
small-world/scale-free,400,13,108,102.0,164.0,105.0,109.0,153.0,153.0,145.0,199.5,0.3221723328371054,4,1
small-world/scale-free,400,13,109,40.0,123.0,40.0,37.0,108.0,108.0,42.0,199.5,0.3221723328371054,4,1
small-world/scale-free,400,13,110,76.0,106.0,72.0,71.0,103.0,103.0,89.0,199.5,0.3221723328371054,4,1
small-world/scale-free,400,13,111,238.0,339.0,386.0,386.0,339.0,339.0,307.0,199.5,0.3221723328371054,4,1
small-world/scale-free,400,13,112,159.0,225.0,190.0,194.0,233.0,233.0,205.0,199.5,0.3221723328371054,4,1
small-world/scale-free,400,13,113,102.0,112.0,57.0,57.0,114.0,114.0,131.0,199.5,0.3221723328371054,4,1
small-world/scale-free,400,13,114,65.0,288.0,71.0,68.0,271.0,271.0,65.0,199.5,0.3221723328371054,4,1
small-world/scale-free,400,13,115,102.0,331.0,210.0,215.0,329.0,329.0,117.0,199.5,0.3221723328371054,4,1
small-world/scale-free,400,13,116,76.0,341.0,81.0,83.0,334.0,334.0,76.0,199.5,0.3221723328371054,4,1
small-world/scale-free,400,13,117,238.0,199.0,378.0,380.0,205.0,205.0,358.0,199.5,0.3221723328371054,4,1
small-world/scale-free,400,13,118,159.0,101.0,109.0,102.0,113.0,113.0,214.0,199.5,0.3221723328371054,4,1
small-world/scale-free,400,13,119,238.0,93.0,350.0,355.0,101.0,101.0,385.0,199.5,0.3221723328371054,4,1
small-world/scale-free,400,13,120,238.0,259.0,370.0,374.0,273.0,273.0,366.0,199.5,0.3221723328371054,4,1
small-world/scale-free,400,13,121,159.0,142.0,246.0,254.0,142.0,142.0,211.0,199.5,0.3221723328371054,4,1
small-world/scale-free,400,13,122,56.0,270.0,98.0,95.0,236.0,236.0,57.0,199.5,0.3221723328371054,4,1
small-world/scale-free,400,13,123,76.0,27.0,77.0,81.0,29.0,29.0,95.0,199.5,0.3221723328371054,4,1
small-world/scale-free,400,13,124,238.0,172.0,291.0,298.0,196.0,196.0,304.0,199.5,0.3221723328371054,4,1
small-world/scale-free,400,13,125,102.0,257.0,104.0,99.0,252.0,252.0,141.0,199.5,0.3221723328371054,4,1
small-world/scale-free,400,13,126,159.0,243.0,197.0,188.0,254.0,254.0,185.0,199.5,0.3221723328371054,4,1
small-world/scale-free,400,13,127,65.0,335.0,100.0,97.0,319.0,319.0,66.0,199.5,0.3221723328371054,4,1
small-world/scale-free,400,13,128,159.0,63.0,187.0,197.0,68.0,68.0,233.0,199.5,0.3221723328371054,4,1
small-world/scale-free,400,13,129,102.0,77.0,96.0,88.0,78.0,78.0,149.0,199.5,0.3221723328371054,4,1
small-world/scale-free,400,13,130,76.0,188.0,75.0,76.0,179.0,179.0,81.0,199.5,0.3221723328371054,4,1
small-world/scale-free,400,13,131,159.0,281.0,380.0,379.0,279.0,279.0,219.0,199.5,0.3221723328371054,4,1
small-world/scale-free,400,13,132,238.0,66.0,357.0,359.0,87.0,87.0,395.0,199.5,0.3221723328371054,4,1
small-world/scale-free,400,13,133,238.0,220.0,387.0,387.0,211.0,211.0,364.0,199.5,0.3221723328371054,4,1
small-world/scale-free,400,13,134,76.0,120.0,79.0,80.0,111.0,111.0,83.0,199.5,0.3221723328371054,4,1
small-world/scale-free,400,13,135,159.0,356.0,281.0,278.0,354.0,354.0,174.0,199.5,0.3221723328371054,4,1
small-world/scale-free,400,13,136,76.0,151.0,124.0,124.0,155.0,155.0,86.0,199.5,0.3221723328371054,4,1
small-world/scale-free,400,13,137,65.0,203.0,59.0,61.0,194.0,194.0,72.0,199.5,0.3221723328371054,4,1
small-world/scale-free,400,13,138,102.0,379.0,153.0,154.0,379.0,379.0,102.0,199.5,0.3221723328371054,4,1
small-world/scale-free,400,13,139,40.0,160.0,46.0,46.0,117.0,117.0,40.0,199.5,0.3221723328371054,4,1
small-world/scale-free,400,13,140,159.0,82.0,166.0,176.0,100.0,100.0,230.0,199.5,0.3221723328371054,4,1
small-world/scale-free,400,13,141,238.0,176.0,322.0,315.0,181.0,181.0,354.0,199.5,0.3221723328371054,4,1
small-world/scale-free,400,13,142,238.0,391.0,387.0,387.0,389.0,389.0,291.0,199.5,0.3221723328371054,4,1
small-world/scale-free,400,13,143,238.0,92.0,245.0,250.0,106.0,106.0,379.0,199.5,0.3221723328371054,4,1
small-world/scale-free,400,13,144,34.0,154.0,45.0,45.0,127.0,127.0,36.0,199.5,0.3221723328371054,4,1
small-world/scale-free,400,13,145,159.0,276.0,221.0,227.0,269.0,269.0,197.0,199.5,0.3221723328371054,4,1
small-world/scale-free,400,13,146,238.0,194.0,276.0,284.0,203.0,203.0,369.0,199.5,0.3221723328371054,4,1
small-world/scale-free,400,13,147,76.0,57.0,91.0,92.0,60.0,60.0,94.0,199.5,0.3221723328371054,4,1
small-world/scale-free,400,13,148,159.0,289.0,147.0,137.0,280.0,280.0,179.0,199.5,0.3221723328371054,4,1
small-world/scale-free,400,13,149,76.0,227.0,113.0,114.0,217.0,217.0,85.0,199.5,0.3221723328371054,4,1
small-world/scale-free,400,13,150,76.0,30.0,83.0,87.0,33.0,33.0,96.0,199.5,0.3221723328371054,4,1
small-world/scale-free,400,13,151,159.0,264.0,293.0,297.0,267.0,267.0,222.0,199.5,0.3221723328371054,4,1
small-world/scale-free,400,13,152,40.0,76.0,44.0,42.0,61.0,61.0,44.0,199.5,0.3221723328371054,4,1
small-world/scale-free,400,13,153,238.0,224.0,241.0,233.0,256.0,256.0,313.0,199.5,0.3221723328371054,4,1
small-world/scale-free,400,13,154,102.0,191.0,269.0,272.0,166.0,166.0,155.0,199.5,0.3221723328371054,4,1
small-world/scale-free,400,13,155,102.0,274.0,162.0,162.0,277.0,277.0,113.0,199.5,0.3221723328371054,4,1
small-world/scale-free,400,13,156,76.0,160.0,106.0,108.0,146.0,146.0,84.0,199.5,0.3221723328371054,4,1
small-world/scale-free,400,13,157,238.0,348.0,387.0,387.0,343.0,343.0,340.0,199.5,0.3221723328371054,4,1
small-world/scale-free,400,13,158,102.0,220.0,130.0,123.0,210.0,210.0,157.0,199.5,0.3221723328371054,4,1
small-world/scale-free,400,13,159,238.0,353.0,254.0,252.0,349.0,349.0,323.0,199.5,0.3221723328371054,4,1
small-world/scale-free,400,13,160,238.0,324.0,354.0,351.0,333.0,333.0,290.0,199.5,0.3221723328371054,4,1
small-world/scale-free,400,13,161,102.0,155.0,120.0,120.0,147.0,147.0,148.0,199.5,0.3221723328371054,4,1
small-world/scale-free,400,13,162,102.0,289.0,195.0,183.0,283.0,283.0,128.0,199.5,0.3221723328371054,4,1
small-world/scale-free,400,13,163,40.0,93.0,62.0,58.0,77.0,77.0,41.0,199.5,0.3221723328371054,4,1
small-world/scale-free,400,13,164,65.0,131.0,93.0,98.0,128.0,128.0,71.0,199.5,0.3221723328371054,4,1
small-world/scale-free,400,13,165,159.0,248.0,324.0,331.0,251.0,251.0,224.0,199.5,0.3221723328371054,4,1
small-world/scale-free,400,13,166,238.0,59.0,280.0,301.0,66.0,66.0,389.0,199.5,0.3221723328371054,4,1
small-world/scale-free,400,13,167,102.0,46.0,103.0,105.0,53.0,53.0,156.0,199.5,0.3221723328371054,4,1
small-world/scale-free,400,13,168,76.0,278.0,223.0,214.0,268.0,268.0,82.0,199.5,0.3221723328371054,4,1
small-world/scale-free,400,13,169,102.0,86.0,184.0,184.0,89.0,89.0,154.0,199.5,0.3221723328371054,4,1
small-world/scale-free,400,13,170,159.0,264.0,201.0,196.0,270.0,270.0,190.0,199.5,0.3221723328371054,4,1
small-world/scale-free,400,13,171,102.0,123.0,181.0,177.0,139.0,139.0,136.0,199.5,0.3221723328371054,4,1
small-world/scale-free,400,13,172,159.0,116.0,327.0,318.0,120.0,120.0,225.0,199.5,0.3221723328371054,4,1
small-world/scale-free,400,13,173,102.0,330.0,329.0,325.0,318.0,318.0,120.0,199.5,0.3221723328371054,4,1
small-world/scale-free,400,13,174,238.0,325.0,295.0,292.0,332.0,332.0,296.0,199.5,0.3221723328371054,4,1
small-world/scale-free,400,13,175,102.0,162.0,68.0,69.0,160.0,160.0,129.0,199.5,0.3221723328371054,4,1
small-world/scale-free,400,13,176,65.0,206.0,94.0,96.0,190.0,190.0,67.0,199.5,0.3221723328371054,4,1
small-world/scale-free,400,13,177,102.0,135.0,70.0,70.0,132.0,132.0,114.0,199.5,0.3221723328371054,4,1
small-world/scale-free,400,13,178,159.0,299.0,233.0,232.0,292.0,292.0,198.0,199.5,0.3221723328371054,4,1
small-world/scale-free,400,13,179,102.0,273.0,232.0,243.0,264.0,264.0,126.0,199.5,0.3221723328371054,4,1
small-world/scale-free,400,13,180,159.0,59.0,128.0,129.0,72.0,72.0,223.0,199.5,0.3221723328371054,4,1
small-world/scale-free,400,13,181,159.0,218.0,194.0,192.0,220.0,220.0,200.0,199.5,0.3221723328371054,4,1
small-world/scale-free,400,13,182,102.0,338.0,286.0,276.0,336.0,336.0,116.0,199.5,0.3221723328371054,4,1
small-world/scale-free,400,13,183,238.0,127.0,365.0,369.0,148.0,148.0,399.0,199.5,0.3221723328371054,4,1
small-world/scale-free,400,13,184,102.0,281.0,189.0,191.0,266.0,266.0,130.0,199.5,0.3221723328371054,4,1
small-world/scale-free,400,13,185,238.0,306.0,287.0,283.0,310.0,310.0,305.0,199.5,0.3221723328371054,4,1
small-world/scale-free,400,13,186,102.0,216.0,152.0,148.0,209.0,209.0,135.0,199.5,0.3221723328371054,4,1
small-world/scale-free,400,13,187,76.0,331.0,131.0,128.0,326.0,326.0,77.0,199.5,0.3221723328371054,4,1
small-world/scale-free,400,13,188,238.0,299.0,387.0,387.0,304.0,304.0,341.0,199.5,0.3221723328371054,4,1
small-world/scale-free,400,13,189,159.0,285.0,214.0,209.0,287.0,287.0,209.0,199.5,0.3221723328371054,4,1
small-world/scale-free,400,13,190,238.0,127.0,236.0,238.0,131.0,131.0,348.0,199.5,0.3221723328371054,4,1
small-world/scale-free,400,13,191,238.0,361.0,341.0,335.0,360.0,360.0,282.0,199.5,0.3221723328371054,4,1
small-world/scale-free,400,13,192,102.0,251.0,270.0,256.0,255.0,255.0,123.0,199.5,0.3221723328371054,4,1
small-world/scale-free,400,13,193,238.0,227.0,382.0,384.0,239.0,239.0,300.0,199.5,0.3221723328371054,4,1
small-world/scale-free,400,13,194,159.0,234.0,308.0,308.0,240.0,240.0,188.0,199.5,0.3221723328371054,4,1
small-world/scale-free,400,13,195,76.0,255.0,123.0,121.0,253.0,253.0,79.0,199.5,0.3221723328371054,4,1
small-world/scale-free,400,13,196,238.0,286.0,263.0,257.0,288.0,288.0,331.0,199.5,0.3221723328371054,4,1
small-world/scale-free,400,13,197,159.0,188.0,237.0,244.0,174.0,174.0,212.0,199.5,0.3221723328371054,4,1
small-world/scale-free,400,13,198,238.0,375.0,349.0,339.0,375.0,375.0,273.0,199.5,0.3221723328371054,4,1
small-world/scale-free,400,13,199,159.0,89.0,107.0,111.0,84.0,84.0,193.0,199.5,0.3221723328371054,4,1
small-world/scale-free,400,13,200,159.0,311.0,179.0,182.0,312.0,312.0,186.0,199.5,0.3221723328371054,4,1
small-world/scale-free,400,13,201,102.0,131.0,84.0,82.0,125.0,125.0,133.0,199.5,0.3221723328371054,4,1
small-world/scale-free,400,13,202,159.0,30.0,139.0,153.0,38.0,38.0,226.0,199.5,0.3221723328371054,4,1
small-world/scale-free,400,13,203,102.0,350.0,292.0,274.0,350.0,350.0,111.0,199.5,0.3221723328371054,4,1
small-world/scale-free,400,13,204,238.0,197.0,228.0,230.0,198.0,198.0,359.0,199.5,0.3221723328371054,4,1
small-world/scale-free,400,13,205,238.0,346.0,285.0,277.0,348.0,348.0,280.0,199.5,0.3221723328371054,4,1
small-world/scale-free,400,13,206,159.0,316.0,155.0,147.0,316.0,316.0,171.0,199.5,0.3221723328371054,4,1
small-world/scale-free,400,13,207,159.0,328.0,309.0,305.0,330.0,330.0,176.0,199.5,0.3221723328371054,4,1
small-world/scale-free,400,13,208,65.0,220.0,74.0,75.0,204.0,204.0,69.0,199.5,0.3221723328371054,4,1
small-world/scale-free,400,13,209,238.0,218.0,314.0,314.0,221.0,221.0,353.0,199.5,0.3221723328371054,4,1
small-world/scale-free,400,13,210,238.0,169.0,182.0,173.0,182.0,182.0,312.0,199.5,0.3221723328371054,4,1
small-world/scale-free,400,13,211,102.0,79.0,176.0,172.0,85.0,85.0,144.0,199.5,0.3221723328371054,4,1
small-world/scale-free,400,13,212,102.0,172.0,163.0,166.0,159.0,159.0,112.0,199.5,0.3221723328371054,4,1
small-world/scale-free,400,13,213,238.0,365.0,346.0,345.0,361.0,361.0,306.0,199.5,0.3221723328371054,4,1
small-world/scale-free,400,13,214,159.0,84.0,294.0,287.0,88.0,88.0,215.0,199.5,0.3221723328371054,4,1
small-world/scale-free,400,13,215,102.0,223.0,86.0,84.0,222.0,222.0,104.0,199.5,0.3221723328371054,4,1
small-world/scale-free,400,13,216,159.0,295.0,219.0,213.0,301.0,301.0,180.0,199.5,0.3221723328371054,4,1
small-world/scale-free,400,13,217,102.0,352.0,253.0,251.0,347.0,347.0,108.0,199.5,0.3221723328371054,4,1
small-world/scale-free,400,13,218,238.0,182.0,304.0,313.0,186.0,186.0,328.0,199.5,0.3221723328371054,4,1
small-world/scale-free,400,13,219,238.0,335.0,297.0,293.0,342.0,342.0,263.0,199.5,0.3221723328371054,4,1
small-world/scale-free,400,13,220,102.0,127.0,88.0,89.0,129.0,129.0,125.0,199.5,0.3221723328371054,4,1
small-world/scale-free,400,13,221,102.0,257.0,92.0,86.0,257.0,257.0,122.0,199.5,0.3221723328371054,4,1
small-world/scale-free,400,13,222,238.0,116.0,336.0,352.0,133.0,133.0,396.0,199.5,0.3221723328371054,4,1
small-world/scale-free,400,13,223,159.0,121.0,185.0,179.0,138.0,138.0,184.0,199.5,0.3221723328371054,4,1
small-world/scale-free,400,13,224,238.0,166.0,145.0,143.0,164.0,164.0,324.0,199.5,0.3221723328371054,4,1
small-world/scale-free,400,13,225,238.0,169.0,198.0,206.0,185.0,185.0,363.0,199.5,0.3221723328371054,4,1
small-world/scale-free,400,13,226,238.0,135.0,116.0,106.0,154.0,154.0,287.0,199.5,0.3221723328371054,4,1
small-world/scale-free,400,13,227,238.0,49.0,196.0,208.0,58.0,58.0,397.0,199.5,0.3221723328371054,4,1
small-world/scale-free,400,13,228,238.0,207.0,160.0,152.0,216.0,216.0,334.0,199.5,0.3221723328371054,4,1
small-world/scale-free,400,13,229,238.0,127.0,387.0,387.0,134.0,134.0,377.0,199.5,0.3221723328371054,4,1
small-world/scale-free,400,13,230,238.0,162.0,337.0,336.0,188.0,188.0,360.0,199.5,0.3221723328371054,4,1
small-world/scale-free,400,13,231,238.0,53.0,180.0,187.0,69.0,69.0,374.0,199.5,0.3221723328371054,4,1
small-world/scale-free,400,13,232,159.0,195.0,125.0,131.0,201.0,201.0,195.0,199.5,0.3221723328371054,4,1
small-world/scale-free,400,13,233,238.0,250.0,170.0,167.0,247.0,247.0,357.0,199.5,0.3221723328371054,4,1
small-world/scale-free,400,13,234,238.0,299.0,323.0,328.0,298.0,298.0,344.0,199.5,0.3221723328371054,4,1
small-world/scale-free,400,13,235,238.0,139.0,260.0,270.0,152.0,152.0,355.0,199.5,0.3221723328371054,4,1
small-world/scale-free,400,13,236,102.0,49.0,115.0,119.0,54.0,54.0,140.0,199.5,0.3221723328371054,4,1
small-world/scale-free,400,13,237,238.0,307.0,288.0,279.0,308.0,308.0,270.0,199.5,0.3221723328371054,4,1
small-world/scale-free,400,13,238,238.0,172.0,387.0,387.0,192.0,192.0,375.0,199.5,0.3221723328371054,4,1
small-world/scale-free,400,13,239,238.0,215.0,218.0,218.0,228.0,228.0,371.0,199.5,0.3221723328371054,4,1
small-world/scale-free,400,13,240,238.0,366.0,376.0,377.0,369.0,369.0,250.0,199.5,0.3221723328371054,4,1
small-world/scale-free,400,13,241,159.0,293.0,206.0,203.0,305.0,305.0,178.0,199.5,0.3221723328371054,4,1
small-world/scale-free,400,13,242,238.0,81.0,338.0,338.0,94.0,94.0,392.0,199.5,0.3221723328371054,4,1
small-world/scale-free,400,13,243,159.0,100.0,188.0,186.0,109.0,109.0,218.0,199.5,0.3221723328371054,4,1
small-world/scale-free,400,13,244,34.0,208.0,38.0,36.0,178.0,178.0,34.0,199.5,0.3221723328371054,4,1
small-world/scale-free,400,13,245,238.0,374.0,250.0,246.0,374.0,374.0,259.0,199.5,0.3221723328371054,4,1
small-world/scale-free,400,13,246,238.0,388.0,373.0,372.0,393.0,393.0,241.0,199.5,0.3221723328371054,4,1
small-world/scale-free,400,13,247,159.0,116.0,142.0,135.0,130.0,130.0,206.0,199.5,0.3221723328371054,4,1
small-world/scale-free,400,13,248,238.0,326.0,298.0,296.0,331.0,331.0,281.0,199.5,0.3221723328371054,4,1
small-world/scale-free,400,13,249,76.0,309.0,143.0,144.0,302.0,302.0,78.0,199.5,0.3221723328371054,4,1
small-world/scale-free,400,13,250,238.0,360.0,355.0,354.0,365.0,365.0,243.0,199.5,0.3221723328371054,4,1
small-world/scale-free,400,13,251,238.0,320.0,277.0,285.0,325.0,325.0,288.0,199.5,0.3221723328371054,4,1
small-world/scale-free,400,13,252,159.0,361.0,255.0,241.0,362.0,362.0,164.0,199.5,0.3221723328371054,4,1
small-world/scale-free,400,13,253,238.0,169.0,251.0,253.0,171.0,171.0,302.0,199.5,0.3221723328371054,4,1
small-world/scale-free,400,13,254,238.0,331.0,347.0,347.0,337.0,337.0,295.0,199.5,0.3221723328371054,4,1
small-world/scale-free,400,13,255,159.0,370.0,313.0,322.0,372.0,372.0,167.0,199.5,0.3221723328371054,4,1
small-world/scale-free,400,13,256,159.0,303.0,158.0,150.0,289.0,289.0,182.0,199.5,0.3221723328371054,4,1
small-world/scale-free,400,13,257,159.0,303.0,242.0,239.0,309.0,309.0,192.0,199.5,0.3221723328371054,4,1
small-world/scale-free,400,13,258,102.0,321.0,112.0,110.0,306.0,306.0,107.0,199.5,0.3221723328371054,4,1
small-world/scale-free,400,13,259,238.0,239.0,335.0,340.0,232.0,232.0,347.0,199.5,0.3221723328371054,4,1
small-world/scale-free,400,13,260,159.0,378.0,301.0,294.0,378.0,378.0,163.0,199.5,0.3221723328371054,4,1
small-world/scale-free,400,13,261,238.0,314.0,362.0,362.0,320.0,320.0,298.0,199.5,0.3221723328371054,4,1
small-world/scale-free,400,13,262,76.0,212.0,171.0,169.0,197.0,197.0,87.0,199.5,0.3221723328371054,4,1
small-world/scale-free,400,13,263,238.0,95.0,183.0,202.0,95.0,95.0,386.0,199.5,0.3221723328371054,4,1
small-world/scale-free,400,13,264,159.0,249.0,208.0,210.0,260.0,260.0,202.0,199.5,0.3221723328371054,4,1
small-world/scale-free,400,13,265,238.0,247.0,352.0,356.0,234.0,234.0,388.0,199.5,0.3221723328371054,4,1
small-world/scale-free,400,13,266,238.0,125.0,348.0,349.0,151.0,151.0,367.0,199.5,0.3221723328371054,4,1
small-world/scale-free,400,13,267,238.0,322.0,339.0,344.0,323.0,323.0,325.0,199.5,0.3221723328371054,4,1
small-world/scale-free,400,13,268,102.0,227.0,174.0,178.0,223.0,223.0,132.0,199.5,0.3221723328371054,4,1
small-world/scale-free,400,13,269,102.0,84.0,110.0,116.0,75.0,75.0,146.0,199.5,0.3221723328371054,4,1
small-world/scale-free,400,13,270,238.0,284.0,259.0,266.0,297.0,297.0,318.0,199.5,0.3221723328371054,4,1
small-world/scale-free,400,13,271,238.0,138.0,273.0,289.0,144.0,144.0,391.0,199.5,0.3221723328371054,4,1
small-world/scale-free,400,13,272,102.0,376.0,154.0,160.0,370.0,370.0,103.0,199.5,0.3221723328371054,4,1
small-world/scale-free,400,13,273,102.0,104.0,80.0,77.0,102.0,102.0,105.0,199.5,0.3221723328371054,4,1
small-world/scale-free,400,13,274,159.0,245.0,215.0,222.0,249.0,249.0,175.0,199.5,0.3221723328371054,4,1
small-world/scale-free,400,13,275,238.0,237.0,344.0,342.0,244.0,244.0,309.0,199.5,0.3221723328371054,4,1
small-world/scale-free,400,13,276,238.0,342.0,316.0,320.0,338.0,338.0,271.0,199.5,0.3221723328371054,4,1
small-world/scale-free,400,13,277,238.0,201.0,231.0,229.0,214.0,214.0,351.0,199.5,0.3221723328371054,4,1
small-world/scale-free,400,13,278,238.0,380.0,385.0,385.0,382.0,382.0,272.0,199.5,0.3221723328371054,4,1
small-world/scale-free,400,13,279,159.0,232.0,144.0,139.0,227.0,227.0,187.0,199.5,0.3221723328371054,4,1
small-world/scale-free,400,13,280,238.0,297.0,343.0,343.0,295.0,295.0,342.0,199.5,0.3221723328371054,4,1
small-world/scale-free,400,13,281,159.0,191.0,102.0,103.0,200.0,200.0,168.0,199.5,0.3221723328371054,4,1
small-world/scale-free,400,13,282,159.0,355.0,366.0,364.0,359.0,359.0,162.0,199.5,0.3221723328371054,4,1
small-world/scale-free,400,13,283,102.0,292.0,97.0,100.0,281.0,281.0,109.0,199.5,0.3221723328371054,4,1
small-world/scale-free,400,13,284,159.0,299.0,363.0,363.0,296.0,296.0,210.0,199.5,0.3221723328371054,4,1
small-world/scale-free,400,13,285,238.0,353.0,289.0,273.0,356.0,356.0,256.0,199.5,0.3221723328371054,4,1
small-world/scale-free,400,13,286,238.0,166.0,200.0,200.0,170.0,170.0,293.0,199.5,0.3221723328371054,4,1
small-world/scale-free,400,13,287,238.0,334.0,330.0,330.0,340.0,340.0,275.0,199.5,0.3221723328371054,4,1
small-world/scale-free,400,13,288,238.0,291.0,328.0,323.0,290.0,290.0,327.0,199.5,0.3221723328371054,4,1
small-world/scale-free,400,13,289,159.0,267.0,161.0,156.0,274.0,274.0,204.0,199.5,0.3221723328371054,4,1
small-world/scale-free,400,13,290,102.0,96.0,76.0,74.0,97.0,97.0,137.0,199.5,0.3221723328371054,4,1
small-world/scale-free,400,13,291,159.0,397.0,361.0,361.0,398.0,398.0,165.0,199.5,0.3221723328371054,4,1
small-world/scale-free,400,13,292,159.0,182.0,209.0,211.0,173.0,173.0,208.0,199.5,0.3221723328371054,4,1
small-world/scale-free,400,13,293,159.0,261.0,164.0,161.0,272.0,272.0,199.0,199.5,0.3221723328371054,4,1
small-world/scale-free,400,13,294,238.0,150.0,283.0,290.0,163.0,163.0,380.0,199.5,0.3221723328371054,4,1
small-world/scale-free,400,13,295,159.0,260.0,216.0,217.0,263.0,263.0,194.0,199.5,0.3221723328371054,4,1
small-world/scale-free,400,13,296,102.0,312.0,247.0,245.0,299.0,299.0,119.0,199.5,0.3221723328371054,4,1
small-world/scale-free,400,13,297,238.0,208.0,271.0,268.0,226.0,226.0,381.0,199.5,0.3221723328371054,4,1
small-world/scale-free,400,13,298,238.0,264.0,256.0,261.0,285.0,285.0,297.0,199.5,0.3221723328371054,4,1
small-world/scale-free,400,13,299,102.0,276.0,101.0,104.0,262.0,262.0,106.0,199.5,0.3221723328371054,4,1
small-world/scale-free,400,13,300,159.0,246.0,204.0,198.0,250.0,250.0,196.0,199.5,0.3221723328371054,4,1
small-world/scale-free,400,13,301,238.0,147.0,342.0,341.0,169.0,169.0,384.0,199.5,0.3221723328371054,4,1
small-world/scale-free,400,13,302,238.0,178.0,235.0,240.0,183.0,183.0,362.0,199.5,0.3221723328371054,4,1
small-world/scale-free,400,13,303,159.0,281.0,114.0,107.0,276.0,276.0,173.0,199.5,0.3221723328371054,4,1
small-world/scale-free,400,13,304,102.0,254.0,137.0,142.0,230.0,230.0,124.0,199.5,0.3221723328371054,4,1
small-world/scale-free,400,13,305,159.0,145.0,205.0,195.0,165.0,165.0,203.0,199.5,0.3221723328371054,4,1
small-world/scale-free,400,13,306,238.0,203.0,172.0,168.0,219.0,219.0,320.0,199.5,0.3221723328371054,4,1
small-world/scale-free,400,13,307,159.0,202.0,132.0,132.0,207.0,207.0,183.0,199.5,0.3221723328371054,4,1
small-world/scale-free,400,13,308,238.0,318.0,367.0,366.0,314.0,314.0,311.0,199.5,0.3221723328371054,4,1
small-world/scale-free,400,13,309,102.0,114.0,238.0,231.0,124.0,124.0,143.0,199.5,0.3221723328371054,4,1
small-world/scale-free,400,13,310,238.0,119.0,239.0,255.0,122.0,122.0,372.0,199.5,0.3221723328371054,4,1
small-world/scale-free,400,13,311,238.0,367.0,369.0,367.0,366.0,366.0,284.0,199.5,0.3221723328371054,4,1
small-world/scale-free,400,13,312,238.0,376.0,290.0,286.0,377.0,377.0,247.0,199.5,0.3221723328371054,4,1
small-world/scale-free,400,13,313,159.0,356.0,311.0,304.0,355.0,355.0,172.0,199.5,0.3221723328371054,4,1
small-world/scale-free,400,13,314,238.0,274.0,243.0,235.0,286.0,286.0,333.0,199.5,0.3221723328371054,4,1
small-world/scale-free,400,13,315,238.0,278.0,345.0,346.0,284.0,284.0,346.0,199.5,0.3221723328371054,4,1
small-world/scale-free,400,13,316,238.0,251.0,217.0,226.0,248.0,248.0,365.0,199.5,0.3221723328371054,4,1
small-world/scale-free,400,13,317,238.0,372.0,340.0,334.0,371.0,371.0,278.0,199.5,0.3221723328371054,4,1
small-world/scale-free,400,13,318,159.0,178.0,138.0,134.0,180.0,180.0,166.0,199.5,0.3221723328371054,4,1
small-world/scale-free,400,13,319,238.0,261.0,226.0,225.0,278.0,278.0,285.0,199.5,0.3221723328371054,4,1
small-world/scale-free,400,13,320,159.0,286.0,165.0,163.0,293.0,293.0,189.0,199.5,0.3221723328371054,4,1
small-world/scale-free,400,13,321,238.0,358.0,332.0,327.0,357.0,357.0,266.0,199.5,0.3221723328371054,4,1
small-world/scale-free,400,13,322,238.0,294.0,248.0,242.0,291.0,291.0,332.0,199.5,0.3221723328371054,4,1
small-world/scale-free,400,13,323,102.0,251.0,151.0,149.0,242.0,242.0,115.0,199.5,0.3221723328371054,4,1
small-world/scale-free,400,13,324,238.0,104.0,262.0,299.0,99.0,99.0,387.0,199.5,0.3221723328371054,4,1
small-world/scale-free,400,13,325,238.0,217.0,387.0,387.0,235.0,235.0,356.0,199.5,0.3221723328371054,4,1
small-world/scale-free,400,13,326,102.0,185.0,168.0,164.0,172.0,172.0,118.0,199.5,0.3221723328371054,4,1
small-world/scale-free,400,13,327,238.0,369.0,268.0,259.0,368.0,368.0,262.0,199.5,0.3221723328371054,4,1
small-world/scale-free,400,13,328,238.0,200.0,266.0,267.0,193.0,193.0,274.0,199.5,0.3221723328371054,4,1
small-world/scale-free,400,13,329,238.0,386.0,368.0,368.0,385.0,385.0,277.0,199.5,0.3221723328371054,4,1
small-world/scale-free,400,13,330,238.0,359.0,267.0,260.0,358.0,358.0,248.0,199.5,0.3221723328371054,4,1
small-world/scale-free,400,13,331,159.0,384.0,305.0,303.0,380.0,380.0,170.0,199.5,0.3221723328371054,4,1
small-world/scale-free,400,13,332,159.0,386.0,244.0,237.0,387.0,387.0,160.0,199.5,0.3221723328371054,4,1
small-world/scale-free,400,13,333,238.0,363.0,191.0,180.0,363.0,363.0,252.0,199.5,0.3221723328371054,4,1
small-world/scale-free,400,13,334,238.0,371.0,387.0,387.0,373.0,373.0,314.0,199.5,0.3221723328371054,4,1
small-world/scale-free,400,13,335,159.0,398.0,303.0,312.0,395.0,395.0,161.0,199.5,0.3221723328371054,4,1
small-world/scale-free,400,13,336,102.0,271.0,133.0,125.0,259.0,259.0,110.0,199.5,0.3221723328371054,4,1
small-world/scale-free,400,13,337,238.0,399.0,383.0,383.0,399.0,399.0,244.0,199.5,0.3221723328371054,4,1
small-world/scale-free,400,13,338,238.0,340.0,230.0,223.0,345.0,345.0,249.0,199.5,0.3221723328371054,4,1
small-world/scale-free,400,13,339,102.0,41.0,99.0,101.0,44.0,44.0,150.0,199.5,0.3221723328371054,4,1
small-world/scale-free,400,13,340,159.0,137.0,141.0,138.0,140.0,140.0,216.0,199.5,0.3221723328371054,4,1
small-world/scale-free,400,13,341,238.0,312.0,302.0,295.0,321.0,321.0,245.0,199.5,0.3221723328371054,4,1
small-world/scale-free,400,13,342,238.0,232.0,333.0,329.0,241.0,241.0,276.0,199.5,0.3221723328371054,4,1
small-world/scale-free,400,13,343,238.0,344.0,296.0,281.0,351.0,351.0,267.0,199.5,0.3221723328371054,4,1
small-world/scale-free,400,13,344,159.0,316.0,224.0,219.0,317.0,317.0,181.0,199.5,0.3221723328371054,4,1
small-world/scale-free,400,13,345,102.0,139.0,252.0,248.0,143.0,143.0,127.0,199.5,0.3221723328371054,4,1
small-world/scale-free,400,13,346,238.0,319.0,275.0,263.0,327.0,327.0,264.0,199.5,0.3221723328371054,4,1
small-world/scale-free,400,13,347,238.0,155.0,207.0,204.0,175.0,175.0,279.0,199.5,0.3221723328371054,4,1
small-world/scale-free,400,13,348,238.0,178.0,274.0,275.0,202.0,202.0,294.0,199.5,0.3221723328371054,4,1
small-world/scale-free,400,13,349,159.0,208.0,149.0,151.0,213.0,213.0,169.0,199.5,0.3221723328371054,4,1
small-world/scale-free,400,13,350,238.0,344.0,279.0,264.0,344.0,344.0,268.0,199.5,0.3221723328371054,4,1
small-world/scale-free,400,13,351,238.0,315.0,320.0,324.0,315.0,315.0,308.0,199.5,0.3221723328371054,4,1
small-world/scale-free,400,13,352,238.0,122.0,225.0,249.0,118.0,118.0,339.0,199.5,0.3221723328371054,4,1
small-world/scale-free,400,13,353,238.0,295.0,312.0,307.0,311.0,311.0,336.0,199.5,0.3221723328371054,4,1
small-world/scale-free,400,13,354,238.0,367.0,353.0,353.0,364.0,364.0,286.0,199.5,0.3221723328371054,4,1
small-world/scale-free,400,13,355,238.0,328.0,374.0,373.0,324.0,324.0,283.0,199.5,0.3221723328371054,4,1
small-world/scale-free,400,13,356,238.0,394.0,222.0,221.0,396.0,396.0,240.0,199.5,0.3221723328371054,4,1
small-world/scale-free,400,13,357,238.0,383.0,372.0,370.0,386.0,386.0,253.0,199.5,0.3221723328371054,4,1
small-world/scale-free,400,13,358,238.0,382.0,325.0,319.0,381.0,381.0,254.0,199.5,0.3221723328371054,4,1
small-world/scale-free,400,13,359,238.0,61.0,387.0,387.0,65.0,65.0,400.0,199.5,0.3221723328371054,4,1
small-world/scale-free,400,13,360,159.0,214.0,240.0,236.0,218.0,218.0,201.0,199.5,0.3221723328371054,4,1
small-world/scale-free,400,13,361,238.0,396.0,371.0,371.0,391.0,391.0,301.0,199.5,0.3221723328371054,4,1
small-world/scale-free,400,13,362,238.0,157.0,220.0,216.0,167.0,167.0,322.0,199.5,0.3221723328371054,4,1
small-world/scale-free,400,13,363,159.0,243.0,87.0,90.0,229.0,229.0,177.0,199.5,0.3221723328371054,4,1
small-world/scale-free,400,13,364,238.0,188.0,377.0,375.0,206.0,206.0,345.0,199.5,0.3221723328371054,4,1
small-world/scale-free,400,13,365,238.0,234.0,258.0,265.0,237.0,237.0,329.0,199.5,0.3221723328371054,4,1
small-world/scale-free,400,13,366,238.0,395.0,359.0,358.0,397.0,397.0,261.0,199.5,0.3221723328371054,4,1
small-world/scale-free,400,13,367,238.0,141.0,213.0,220.0,149.0,149.0,343.0,199.5,0.3221723328371054,4,1
small-world/scale-free,400,13,368,238.0,71.0,321.0,332.0,80.0,80.0,378.0,199.5,0.3221723328371054,4,1
small-world/scale-free,400,13,369,238.0,96.0,121.0,118.0,115.0,115.0,349.0,199.5,0.3221723328371054,4,1
small-world/scale-free,400,13,370,238.0,172.0,203.0,199.0,189.0,189.0,316.0,199.5,0.3221723328371054,4,1
small-world/scale-free,400,13,371,159.0,393.0,192.0,185.0,392.0,392.0,159.0,199.5,0.3221723328371054,4,1
small-world/scale-free,400,13,372,238.0,145.0,326.0,321.0,162.0,162.0,303.0,199.5,0.3221723328371054,4,1
small-world/scale-free,400,13,373,238.0,241.0,307.0,306.0,246.0,246.0,310.0,199.5,0.3221723328371054,4,1
small-world/scale-free,400,13,374,238.0,109.0,150.0,157.0,115.0,115.0,326.0,199.5,0.3221723328371054,4,1
small-world/scale-free,400,13,375,238.0,297.0,212.0,207.0,307.0,307.0,289.0,199.5,0.3221723328371054,4,1
small-world/scale-free,400,13,376,238.0,303.0,360.0,360.0,294.0,294.0,368.0,199.5,0.3221723328371054,4,1
small-world/scale-free,400,13,377,159.0,187.0,351.0,348.0,161.0,161.0,221.0,199.5,0.3221723328371054,4,1
small-world/scale-free,400,13,378,238.0,380.0,306.0,310.0,383.0,383.0,251.0,199.5,0.3221723328371054,4,1
small-world/scale-free,400,13,379,238.0,350.0,358.0,357.0,353.0,353.0,265.0,199.5,0.3221723328371054,4,1
small-world/scale-free,400,13,380,238.0,342.0,278.0,271.0,346.0,346.0,255.0,199.5,0.3221723328371054,4,1
small-world/scale-free,400,13,381,238.0,364.0,319.0,316.0,367.0,367.0,246.0,199.5,0.3221723328371054,4,1
small-world/scale-free,400,13,382,238.0,346.0,299.0,288.0,352.0,352.0,257.0,199.5,0.3221723328371054,4,1
small-world/scale-free,400,13,383,238.0,185.0,387.0,387.0,187.0,187.0,337.0,199.5,0.3221723328371054,4,1
small-world/scale-free,400,13,384,238.0,208.0,384.0,378.0,208.0,208.0,299.0,199.5,0.3221723328371054,4,1
small-world/scale-free,400,13,385,238.0,55.0,122.0,127.0,63.0,63.0,383.0,199.5,0.3221723328371054,4,1
small-world/scale-free,400,13,386,238.0,142.0,175.0,175.0,145.0,145.0,370.0,199.5,0.3221723328371054,4,1
small-world/scale-free,400,13,387,238.0,392.0,387.0,387.0,390.0,390.0,292.0,199.5,0.3221723328371054,4,1
small-world/scale-free,400,13,388,238.0,390.0,379.0,381.0,384.0,384.0,315.0,199.5,0.3221723328371054,4,1
small-world/scale-free,400,13,389,238.0,389.0,284.0,282.0,394.0,394.0,242.0,199.5,0.3221723328371054,4,1
small-world/scale-free,400,13,390,238.0,385.0,387.0,387.0,388.0,388.0,258.0,199.5,0.3221723328371054,4,1
small-world/scale-free,400,13,391,238.0,103.0,173.0,190.0,104.0,104.0,330.0,199.5,0.3221723328371054,4,1
small-world/scale-free,400,13,392,238.0,337.0,300.0,302.0,341.0,341.0,269.0,199.5,0.3221723328371054,4,1
small-world/scale-free,400,13,393,238.0,372.0,234.0,224.0,376.0,376.0,239.0,199.5,0.3221723328371054,4,1
small-world/scale-free,400,13,394,238.0,269.0,317.0,311.0,282.0,282.0,321.0,199.5,0.3221723328371054,4,1
small-world/scale-free,400,13,395,238.0,327.0,265.0,269.0,328.0,328.0,260.0,199.5,0.3221723328371054,4,1
small-world/scale-free,400,13,396,238.0,197.0,334.0,333.0,212.0,212.0,319.0,199.5,0.3221723328371054,4,1
small-world/scale-free,400,13,397,238.0,400.0,318.0,326.0,400.0,400.0,238.0,199.5,0.3221723328371054,4,1
small-world/scale-free,400,13,398,238.0,263.0,229.0,228.0,275.0,275.0,317.0,199.5,0.3221723328371054,4,1
small-world/scale-free,400,13,399,238.0,227.0,315.0,317.0,231.0,231.0,338.0,199.5,0.3221723328371054,4,1
small-world/scale-free,400,14,0,2.0,4.0,3.0,3.0,3.0,3.0,3.0,199.5,0.3060885992521325,4,1
small-world/scale-free,400,14,1,2.0,5.0,4.0,4.0,4.0,4.0,2.0,199.5,0.3060885992521325,4,1
small-world/scale-free,400,14,2,4.0,2.0,2.0,2.0,2.0,2.0,4.0,199.5,0.3060885992521325,4,1
small-world/scale-free,400,14,3,1.0,1.0,1.0,1.0,1.0,1.0,1.0,199.5,0.3060885992521325,4,1
small-world/scale-free,400,14,4,10.0,5.0,9.0,9.0,6.0,6.0,10.0,199.5,0.3060885992521325,4,1
small-world/scale-free,400,14,5,21.0,16.0,24.0,25.0,16.0,16.0,22.0,199.5,0.3060885992521325,4,1
small-world/scale-free,400,14,6,145.0,28.0,122.0,134.0,33.0,33.0,223.0,199.5,0.3060885992521325,4,1
small-world/scale-free,400,14,7,13.0,10.0,13.0,13.0,10.0,10.0,15.0,199.5,0.3060885992521325,4,1
small-world/scale-free,400,14,8,6.0,3.0,5.0,6.0,5.0,5.0,6.0,199.5,0.3060885992521325,4,1
small-world/scale-free,400,14,9,8.0,9.0,8.0,8.0,9.0,9.0,8.0,199.5,0.3060885992521325,4,1
small-world/scale-free,400,14,10,18.0,13.0,20.0,20.0,14.0,14.0,18.0,199.5,0.3060885992521325,4,1
small-world/scale-free,400,14,11,18.0,22.0,19.0,19.0,20.0,20.0,20.0,199.5,0.3060885992521325,4,1
small-world/scale-free,400,14,12,30.0,18.0,21.0,21.0,19.0,19.0,32.0,199.5,0.3060885992521325,4,1
small-world/scale-free,400,14,13,23.0,17.0,23.0,23.0,18.0,18.0,24.0,199.5,0.3060885992521325,4,1
small-world/scale-free,400,14,14,21.0,12.0,14.0,14.0,13.0,13.0,21.0,199.5,0.3060885992521325,4,1
small-world/scale-free,400,14,15,88.0,69.0,108.0,106.0,78.0,78.0,105.0,199.5,0.3060885992521325,4,1
small-world/scale-free,400,14,16,30.0,125.0,41.0,40.0,81.0,81.0,31.0,199.5,0.3060885992521325,4,1
small-world/scale-free,400,14,17,45.0,30.0,35.0,35.0,29.0,29.0,47.0,199.5,0.3060885992521325,4,1
small-world/scale-free,400,14,18,12.0,11.0,10.0,12.0,11.0,11.0,12.0,199.5,0.3060885992521325,4,1
small-world/scale-free,400,14,19,70.0,72.0,52.0,53.0,61.0,61.0,86.0,199.5,0.3060885992521325,4,1
small-world/scale-free,400,14,20,39.0,25.0,53.0,52.0,26.0,26.0,43.0,199.5,0.3060885992521325,4,1
small-world/scale-free,400,14,21,145.0,127.0,151.0,148.0,128.0,128.0,206.0,199.5,0.3060885992521325,4,1
small-world/scale-free,400,14,22,145.0,87.0,265.0,265.0,89.0,89.0,215.0,199.5,0.3060885992521325,4,1
small-world/scale-free,400,14,23,33.0,20.0,33.0,33.0,23.0,23.0,37.0,199.5,0.3060885992521325,4,1
small-world/scale-free,400,14,24,7.0,7.0,7.0,7.0,7.0,7.0,7.0,199.5,0.3060885992521325,4,1
small-world/scale-free,400,14,25,18.0,15.0,15.0,17.0,15.0,15.0,19.0,199.5,0.3060885992521325,4,1
small-world/scale-free,400,14,26,5.0,8.0,6.0,5.0,8.0,8.0,5.0,199.5,0.3060885992521325,4,1
small-world/scale-free,400,14,27,26.0,149.0,31.0,31.0,111.0,111.0,26.0,199.5,0.3060885992521325,4,1
small-world/scale-free,400,14,28,23.0,21.0,26.0,26.0,22.0,22.0,25.0,199.5,0.3060885992521325,4,1
small-world/scale-free,400,14,29,33.0,37.0,43.0,43.0,32.0,32.0,36.0,199.5,0.3060885992521325,4,1
small-world/scale-free,400,14,30,145.0,33.0,355.0,347.0,46.0,46.0,218.0,199.5,0.3060885992521325,4,1
small-world/scale-free,400,14,31,26.0,37.0,25.0,24.0,30.0,30.0,29.0,199.5,0.3060885992521325,4,1
small-world/scale-free,400,14,32,88.0,67.0,162.0,171.0,76.0,76.0,109.0,199.5,0.3060885992521325,4,1
small-world/scale-free,400,14,33,15.0,28.0,17.0,18.0,25.0,25.0,17.0,199.5,0.3060885992521325,4,1
small-world/scale-free,400,14,34,9.0,14.0,12.0,11.0,12.0,12.0,9.0,199.5,0.3060885992521325,4,1
small-world/scale-free,400,14,35,70.0,53.0,63.0,63.0,52.0,52.0,83.0,199.5,0.3060885992521325,4,1
small-world/scale-free,400,14,36,23.0,57.0,29.0,29.0,35.0,35.0,23.0,199.5,0.3060885992521325,4,1
small-world/scale-free,400,14,37,39.0,59.0,45.0,45.0,44.0,44.0,44.0,199.5,0.3060885992521325,4,1
small-world/scale-free,400,14,38,88.0,117.0,144.0,141.0,103.0,103.0,108.0,199.5,0.3060885992521325,4,1
small-world/scale-free,400,14,39,226.0,58.0,345.0,355.0,75.0,75.0,398.0,199.5,0.3060885992521325,4,1
small-world/scale-free,400,14,40,26.0,119.0,27.0,27.0,72.0,72.0,28.0,199.5,0.3060885992521325,4,1
small-world/scale-free,400,14,41,26.0,89.0,30.0,30.0,57.0,57.0,27.0,199.5,0.3060885992521325,4,1
small-world/scale-free,400,14,42,70.0,31.0,61.0,59.0,31.0,31.0,82.0,199.5,0.3060885992521325,4,1
small-world/scale-free,400,14,43,30.0,73.0,50.0,49.0,60.0,60.0,30.0,199.5,0.3060885992521325,4,1
small-world/scale-free,400,14,44,145.0,55.0,188.0,186.0,66.0,66.0,221.0,199.5,0.3060885992521325,4,1
small-world/scale-free,400,14,45,145.0,109.0,173.0,168.0,113.0,113.0,224.0,199.5,0.3060885992521325,4,1
small-world/scale-free,400,14,46,110.0,18.0,88.0,93.0,27.0,27.0,143.0,199.5,0.3060885992521325,4,1
small-world/scale-free,400,14,47,145.0,51.0,267.0,271.0,63.0,63.0,225.0,199.5,0.3060885992521325,4,1
small-world/scale-free,400,14,48,13.0,27.0,18.0,16.0,24.0,24.0,14.0,199.5,0.3060885992521325,4,1
small-world/scale-free,400,14,49,53.0,171.0,58.0,57.0,169.0,169.0,60.0,199.5,0.3060885992521325,4,1
small-world/scale-free,400,14,50,110.0,59.0,83.0,82.0,65.0,65.0,132.0,199.5,0.3060885992521325,4,1
small-world/scale-free,400,14,51,15.0,24.0,16.0,15.0,21.0,21.0,13.0,199.5,0.3060885992521325,4,1
small-world/scale-free,400,14,52,70.0,35.0,34.0,36.0,37.0,37.0,87.0,199.5,0.3060885992521325,4,1
small-world/scale-free,400,14,53,88.0,227.0,87.0,88.0,209.0,209.0,92.0,199.5,0.3060885992521325,4,1
small-world/scale-free,400,14,54,88.0,104.0,86.0,87.0,98.0,98.0,102.0,199.5,0.3060885992521325,4,1
small-world/scale-free,400,14,55,110.0,36.0,76.0,78.0,38.0,38.0,142.0,199.5,0.3060885992521325,4,1
small-world/scale-free,400,14,56,15.0,145.0,22.0,22.0,80.0,80.0,16.0,199.5,0.3060885992521325,4,1
small-world/scale-free,400,14,57,88.0,73.0,115.0,117.0,83.0,83.0,107.0,199.5,0.3060885992521325,4,1
small-world/scale-free,400,14,58,145.0,92.0,233.0,237.0,100.0,100.0,222.0,199.5,0.3060885992521325,4,1
small-world/scale-free,400,14,59,33.0,64.0,40.0,41.0,42.0,42.0,38.0,199.5,0.3060885992521325,4,1
small-world/scale-free,400,14,60,53.0,65.0,55.0,58.0,68.0,68.0,65.0,199.5,0.3060885992521325,4,1
small-world/scale-free,400,14,61,88.0,94.0,132.0,132.0,100.0,100.0,104.0,199.5,0.3060885992521325,4,1
small-world/scale-free,400,14,62,53.0,225.0,78.0,75.0,216.0,216.0,56.0,199.5,0.3060885992521325,4,1
small-world/scale-free,400,14,63,45.0,99.0,54.0,54.0,73.0,73.0,52.0,199.5,0.3060885992521325,4,1
small-world/scale-free,400,14,64,11.0,26.0,11.0,10.0,17.0,17.0,11.0,199.5,0.3060885992521325,4,1
small-world/scale-free,400,14,65,45.0,49.0,39.0,37.0,47.0,47.0,49.0,199.5,0.3060885992521325,4,1
small-world/scale-free,400,14,66,33.0,86.0,32.0,32.0,54.0,54.0,35.0,199.5,0.3060885992521325,4,1
small-world/scale-free,400,14,67,110.0,157.0,218.0,216.0,149.0,149.0,144.0,199.5,0.3060885992521325,4,1
small-world/scale-free,400,14,68,45.0,22.0,37.0,38.0,28.0,28.0,48.0,199.5,0.3060885992521325,4,1
small-world/scale-free,400,14,69,88.0,133.0,145.0,139.0,118.0,118.0,94.0,199.5,0.3060885992521325,4,1
small-world/scale-free,400,14,70,53.0,119.0,62.0,60.0,107.0,107.0,68.0,199.5,0.3060885992521325,4,1
small-world/scale-free,400,14,71,39.0,43.0,36.0,34.0,34.0,34.0,42.0,199.5,0.3060885992521325,4,1
small-world/scale-free,400,14,72,145.0,210.0,246.0,248.0,207.0,207.0,191.0,199.5,0.3060885992521325,4,1
small-world/scale-free,400,14,73,145.0,198.0,319.0,313.0,184.0,184.0,209.0,199.5,0.3060885992521325,4,1
small-world/scale-free,400,14,74,70.0,77.0,49.0,50.0,82.0,82.0,73.0,199.5,0.3060885992521325,4,1
small-world/scale-free,400,14,75,226.0,150.0,328.0,340.0,148.0,148.0,395.0,199.5,0.3060885992521325,4,1
small-world/scale-free,400,14,76,226.0,117.0,290.0,291.0,130.0,130.0,377.0,199.5,0.3060885992521325,4,1
small-world/scale-free,400,14,77,70.0,301.0,139.0,138.0,288.0,288.0,71.0,199.5,0.3060885992521325,4,1
small-world/scale-free,400,14,78,53.0,63.0,72.0,69.0,59.0,59.0,69.0,199.5,0.3060885992521325,4,1
small-world/scale-free,400,14,79,110.0,318.0,94.0,103.0,306.0,306.0,135.0,199.5,0.3060885992521325,4,1
small-world/scale-free,400,14,80,110.0,268.0,137.0,144.0,254.0,254.0,123.0,199.5,0.3060885992521325,4,1
small-world/scale-free,400,14,81,70.0,205.0,133.0,123.0,190.0,190.0,84.0,199.5,0.3060885992521325,4,1
small-world/scale-free,400,14,82,53.0,353.0,69.0,70.0,336.0,336.0,53.0,199.5,0.3060885992521325,4,1
small-world/scale-free,400,14,83,53.0,51.0,70.0,68.0,48.0,48.0,66.0,199.5,0.3060885992521325,4,1
small-world/scale-free,400,14,84,45.0,46.0,64.0,64.0,43.0,43.0,50.0,199.5,0.3060885992521325,4,1
small-world/scale-free,400,14,85,53.0,177.0,73.0,73.0,154.0,154.0,64.0,199.5,0.3060885992521325,4,1
small-world/scale-free,400,14,86,145.0,160.0,303.0,290.0,172.0,172.0,184.0,199.5,0.3060885992521325,4,1
small-world/scale-free,400,14,87,88.0,110.0,79.0,81.0,112.0,112.0,106.0,199.5,0.3060885992521325,4,1
small-world/scale-free,400,14,88,145.0,308.0,278.0,255.0,315.0,315.0,169.0,199.5,0.3060885992521325,4,1
small-world/scale-free,400,14,89,70.0,40.0,91.0,92.0,45.0,45.0,85.0,199.5,0.3060885992521325,4,1
small-world/scale-free,400,14,90,70.0,174.0,152.0,143.0,155.0,155.0,78.0,199.5,0.3060885992521325,4,1
small-world/scale-free,400,14,91,70.0,216.0,59.0,62.0,187.0,187.0,80.0,199.5,0.3060885992521325,4,1
small-world/scale-free,400,14,92,53.0,194.0,84.0,83.0,174.0,174.0,59.0,199.5,0.3060885992521325,4,1
small-world/scale-free,400,14,93,226.0,210.0,193.0,198.0,227.0,227.0,381.0,199.5,0.3060885992521325,4,1
small-world/scale-free,400,14,94,145.0,89.0,120.0,124.0,86.0,86.0,220.0,199.5,0.3060885992521325,4,1
small-world/scale-free,400,14,95,70.0,46.0,89.0,86.0,41.0,41.0,81.0,199.5,0.3060885992521325,4,1
small-world/scale-free,400,14,96,110.0,176.0,280.0,280.0,161.0,161.0,141.0,199.5,0.3060885992521325,4,1
small-world/scale-free,400,14,97,110.0,33.0,65.0,65.0,40.0,40.0,139.0,199.5,0.3060885992521325,4,1
small-world/scale-free,400,14,98,53.0,77.0,44.0,44.0,79.0,79.0,62.0,199.5,0.3060885992521325,4,1
small-world/scale-free,400,14,99,45.0,187.0,112.0,114.0,165.0,165.0,51.0,199.5,0.3060885992521325,4,1
small-world/scale-free,400,14,100,39.0,238.0,66.0,67.0,211.0,211.0,40.0,199.5,0.3060885992521325,4,1
small-world/scale-free,400,14,101,70.0,112.0,42.0,42.0,93.0,93.0,77.0,199.5,0.3060885992521325,4,1
small-world/scale-free,400,14,102,88.0,224.0,75.0,74.0,219.0,219.0,88.0,199.5,0.3060885992521325,4,1
small-world/scale-free,400,14,103,110.0,260.0,142.0,145.0,247.0,247.0,136.0,199.5,0.3060885992521325,4,1
small-world/scale-free,400,14,104,145.0,232.0,268.0,260.0,224.0,224.0,211.0,199.5,0.3060885992521325,4,1
small-world/scale-free,400,14,105,226.0,277.0,375.0,376.0,280.0,280.0,337.0,199.5,0.3060885992521325,4,1
small-world/scale-free,400,14,106,110.0,300.0,183.0,179.0,297.0,297.0,131.0,199.5,0.3060885992521325,4,1
small-world/scale-free,400,14,107,110.0,45.0,171.0,176.0,55.0,55.0,133.0,199.5,0.3060885992521325,4,1
small-world/scale-free,400,14,108,145.0,335.0,123.0,122.0,325.0,325.0,178.0,199.5,0.3060885992521325,4,1
small-world/scale-free,400,14,109,110.0,241.0,141.0,136.0,233.0,233.0,137.0,199.5,0.3060885992521325,4,1
small-world/scale-free,400,14,110,110.0,322.0,282.0,273.0,310.0,310.0,128.0,199.5,0.3060885992521325,4,1
small-world/scale-free,400,14,111,145.0,73.0,95.0,108.0,91.0,91.0,197.0,199.5,0.3060885992521325,4,1
small-world/scale-free,400,14,112,110.0,53.0,74.0,76.0,62.0,62.0,138.0,199.5,0.3060885992521325,4,1
small-world/scale-free,400,14,113,53.0,69.0,85.0,85.0,71.0,71.0,67.0,199.5,0.3060885992521325,4,1
small-world/scale-free,400,14,114,39.0,119.0,57.0,56.0,84.0,84.0,39.0,199.5,0.3060885992521325,4,1
small-world/scale-free,400,14,115,226.0,238.0,342.0,345.0,262.0,262.0,369.0,199.5,0.3060885992521325,4,1
small-world/scale-free,400,14,116,88.0,275.0,166.0,169.0,252.0,252.0,99.0,199.5,0.3060885992521325,4,1
small-world/scale-free,400,14,117,145.0,324.0,207.0,205.0,323.0,323.0,162.0,199.5,0.3060885992521325,4,1
small-world/scale-free,400,14,118,145.0,265.0,163.0,173.0,273.0,273.0,203.0,199.5,0.3060885992521325,4,1
small-world/scale-free,400,14,119,145.0,49.0,124.0,130.0,58.0,58.0,213.0,199.5,0.3060885992521325,4,1
small-world/scale-free,400,14,120,145.0,343.0,293.0,284.0,343.0,343.0,179.0,199.5,0.3060885992521325,4,1
small-world/scale-free,400,14,121,226.0,291.0,260.0,246.0,299.0,299.0,320.0,199.5,0.3060885992521325,4,1
small-world/scale-free,400,14,122,145.0,364.0,335.0,335.0,361.0,361.0,182.0,199.5,0.3060885992521325,4,1
small-world/scale-free,400,14,123,145.0,364.0,272.0,276.0,358.0,358.0,185.0,199.5,0.3060885992521325,4,1
small-world/scale-free,400,14,124,226.0,203.0,393.0,393.0,200.0,200.0,375.0,199.5,0.3060885992521325,4,1
small-world/scale-free,400,14,125,226.0,235.0,341.0,342.0,256.0,256.0,344.0,199.5,0.3060885992521325,4,1
small-world/scale-free,400,14,126,70.0,258.0,104.0,101.0,228.0,228.0,75.0,199.5,0.3060885992521325,4,1
small-world/scale-free,400,14,127,226.0,275.0,316.0,306.0,277.0,277.0,392.0,199.5,0.3060885992521325,4,1
small-world/scale-free,400,14,128,53.0,32.0,46.0,47.0,36.0,36.0,54.0,199.5,0.3060885992521325,4,1
small-world/scale-free,400,14,129,53.0,84.0,51.0,51.0,73.0,73.0,63.0,199.5,0.3060885992521325,4,1
small-world/scale-free,400,14,130,145.0,143.0,156.0,154.0,133.0,133.0,204.0,199.5,0.3060885992521325,4,1
small-world/scale-free,400,14,131,53.0,318.0,80.0,84.0,291.0,291.0,55.0,199.5,0.3060885992521325,4,1
small-world/scale-free,400,14,132,145.0,130.0,172.0,183.0,121.0,121.0,219.0,199.5,0.3060885992521325,4,1
small-world/scale-free,400,14,133,145.0,346.0,257.0,264.0,346.0,346.0,180.0,199.5,0.3060885992521325,4,1
small-world/scale-free,400,14,134,45.0,73.0,38.0,39.0,56.0,56.0,46.0,199.5,0.3060885992521325,4,1
small-world/scale-free,400,14,135,88.0,252.0,82.0,77.0,232.0,232.0,100.0,199.5,0.3060885992521325,4,1
small-world/scale-free,400,14,136,110.0,348.0,197.0,187.0,342.0,342.0,118.0,199.5,0.3060885992521325,4,1
small-world/scale-free,400,14,137,70.0,168.0,105.0,105.0,153.0,153.0,74.0,199.5,0.3060885992521325,4,1
small-world/scale-free,400,14,138,145.0,229.0,169.0,163.0,244.0,244.0,195.0,199.5,0.3060885992521325,4,1
small-world/scale-free,400,14,139,110.0,135.0,147.0,142.0,127.0,127.0,129.0,199.5,0.3060885992521325,4,1
small-world/scale-free,400,14,140,145.0,135.0,261.0,259.0,128.0,128.0,196.0,199.5,0.3060885992521325,4,1
small-world/scale-free,400,14,141,226.0,260.0,176.0,172.0,260.0,260.0,342.0,199.5,0.3060885992521325,4,1
small-world/scale-free,400,14,142,145.0,289.0,289.0,282.0,296.0,296.0,183.0,199.5,0.3060885992521325,4,1
small-world/scale-free,400,14,143,145.0,288.0,275.0,257.0,300.0,300.0,161.0,199.5,0.3060885992521325,4,1
small-world/scale-free,400,14,144,39.0,68.0,48.0,48.0,64.0,64.0,41.0,199.5,0.3060885992521325,4,1
small-world/scale-free,400,14,145,88.0,221.0,113.0,111.0,214.0,214.0,97.0,199.5,0.3060885992521325,4,1
small-world/scale-free,400,14,146,110.0,97.0,134.0,126.0,104.0,104.0,140.0,199.5,0.3060885992521325,4,1
small-world/scale-free,400,14,147,110.0,212.0,129.0,118.0,217.0,217.0,127.0,199.5,0.3060885992521325,4,1
small-world/scale-free,400,14,148,226.0,82.0,349.0,356.0,97.0,97.0,383.0,199.5,0.3060885992521325,4,1
small-world/scale-free,400,14,149,226.0,359.0,372.0,372.0,359.0,359.0,379.0,199.5,0.3060885992521325,4,1
small-world/scale-free,400,14,150,226.0,349.0,230.0,227.0,349.0,349.0,254.0,199.5,0.3060885992521325,4,1
small-world/scale-free,400,14,151,110.0,247.0,170.0,164.0,242.0,242.0,125.0,199.5,0.3060885992521325,4,1
small-world/scale-free,400,14,152,88.0,208.0,116.0,115.0,194.0,194.0,98.0,199.5,0.3060885992521325,4,1
small-world/scale-free,400,14,153,33.0,92.0,28.0,28.0,70.0,70.0,33.0,199.5,0.3060885992521325,4,1
small-world/scale-free,400,14,154,226.0,179.0,158.0,160.0,193.0,193.0,368.0,199.5,0.3060885992521325,4,1
small-world/scale-free,400,14,155,145.0,278.0,204.0,200.0,290.0,290.0,166.0,199.5,0.3060885992521325,4,1
small-world/scale-free,400,14,156,145.0,286.0,276.0,274.0,281.0,281.0,177.0,199.5,0.3060885992521325,4,1
small-world/scale-free,400,14,157,88.0,129.0,111.0,113.0,123.0,123.0,93.0,199.5,0.3060885992521325,4,1
small-world/scale-free,400,14,158,226.0,308.0,277.0,275.0,311.0,311.0,300.0,199.5,0.3060885992521325,4,1
small-world/scale-free,400,14,159,145.0,55.0,234.0,241.0,66.0,66.0,217.0,199.5,0.3060885992521325,4,1
small-world/scale-free,400,14,160,145.0,318.0,317.0,307.0,326.0,326.0,171.0,199.5,0.3060885992521325,4,1
small-world/scale-free,400,14,161,33.0,196.0,47.0,46.0,152.0,152.0,34.0,199.5,0.3060885992521325,4,1
small-world/scale-free,400,14,162,226.0,235.0,214.0,232.0,236.0,236.0,361.0,199.5,0.3060885992521325,4,1
small-world/scale-free,400,14,163,145.0,190.0,175.0,170.0,198.0,198.0,157.0,199.5,0.3060885992521325,4,1
small-world/scale-free,400,14,164,110.0,252.0,165.0,162.0,248.0,248.0,126.0,199.5,0.3060885992521325,4,1
small-world/scale-free,400,14,165,226.0,46.0,314.0,332.0,51.0,51.0,397.0,199.5,0.3060885992521325,4,1
small-world/scale-free,400,14,166,226.0,212.0,195.0,199.0,225.0,225.0,305.0,199.5,0.3060885992521325,4,1
small-world/scale-free,400,14,167,226.0,251.0,181.0,181.0,268.0,268.0,350.0,199.5,0.3060885992521325,4,1
small-world/scale-free,400,14,168,88.0,171.0,102.0,97.0,159.0,159.0,95.0,199.5,0.3060885992521325,4,1
small-world/scale-free,400,14,169,53.0,198.0,60.0,61.0,192.0,192.0,58.0,199.5,0.3060885992521325,4,1
small-world/scale-free,400,14,170,110.0,344.0,185.0,184.0,335.0,335.0,120.0,199.5,0.3060885992521325,4,1
small-world/scale-free,400,14,171,110.0,247.0,131.0,128.0,237.0,237.0,113.0,199.5,0.3060885992521325,4,1
small-world/scale-free,400,14,172,110.0,389.0,126.0,121.0,383.0,383.0,111.0,199.5,0.3060885992521325,4,1
small-world/scale-free,400,14,173,226.0,304.0,318.0,323.0,305.0,305.0,278.0,199.5,0.3060885992521325,4,1
small-world/scale-free,400,14,174,226.0,80.0,153.0,157.0,88.0,88.0,374.0,199.5,0.3060885992521325,4,1
small-world/scale-free,400,14,175,226.0,115.0,315.0,314.0,135.0,135.0,348.0,199.5,0.3060885992521325,4,1
small-world/scale-free,400,14,176,53.0,141.0,114.0,110.0,119.0,119.0,61.0,199.5,0.3060885992521325,4,1
small-world/scale-free,400,14,177,70.0,180.0,96.0,91.0,162.0,162.0,72.0,199.5,0.3060885992521325,4,1
small-world/scale-free,400,14,178,70.0,141.0,71.0,66.0,140.0,140.0,79.0,199.5,0.3060885992521325,4,1
small-world/scale-free,400,14,179,226.0,119.0,208.0,206.0,138.0,138.0,378.0,199.5,0.3060885992521325,4,1
small-world/scale-free,400,14,180,110.0,291.0,226.0,222.0,283.0,283.0,119.0,199.5,0.3060885992521325,4,1
small-world/scale-free,400,14,181,226.0,39.0,364.0,367.0,50.0,50.0,400.0,199.5,0.3060885992521325,4,1
small-world/scale-free,400,14,182,145.0,345.0,339.0,333.0,347.0,347.0,159.0,199.5,0.3060885992521325,4,1
small-world/scale-free,400,14,183,226.0,153.0,393.0,393.0,151.0,151.0,353.0,199.5,0.3060885992521325,4,1
small-world/scale-free,400,14,184,145.0,185.0,77.0,80.0,181.0,181.0,155.0,199.5,0.3060885992521325,4,1
small-world/scale-free,400,14,185,45.0,282.0,56.0,55.0,266.0,266.0,45.0,199.5,0.3060885992521325,4,1
small-world/scale-free,400,14,186,70.0,112.0,97.0,96.0,95.0,95.0,76.0,199.5,0.3060885992521325,4,1
small-world/scale-free,400,14,187,145.0,127.0,128.0,133.0,131.0,131.0,201.0,199.5,0.3060885992521325,4,1
small-world/scale-free,400,14,188,145.0,266.0,258.0,261.0,263.0,263.0,188.0,199.5,0.3060885992521325,4,1
small-world/scale-free,400,14,189,145.0,102.0,106.0,102.0,124.0,124.0,173.0,199.5,0.3060885992521325,4,1
small-world/scale-free,400,14,190,145.0,192.0,109.0,112.0,203.0,203.0,172.0,199.5,0.3060885992521325,4,1
small-world/scale-free,400,14,191,226.0,205.0,259.0,279.0,202.0,202.0,352.0,199.5,0.3060885992521325,4,1
small-world/scale-free,400,14,192,226.0,347.0,376.0,375.0,341.0,341.0,321.0,199.5,0.3060885992521325,4,1
small-world/scale-free,400,14,193,226.0,252.0,198.0,194.0,257.0,257.0,347.0,199.5,0.3060885992521325,4,1
small-world/scale-free,400,14,194,226.0,162.0,337.0,341.0,185.0,185.0,360.0,199.5,0.3060885992521325,4,1
small-world/scale-free,400,14,195,88.0,124.0,67.0,72.0,115.0,115.0,101.0,199.5,0.3060885992521325,4,1
small-world/scale-free,400,14,196,145.0,200.0,103.0,109.0,188.0,188.0,176.0,199.5,0.3060885992521325,4,1
small-world/scale-free,400,14,197,226.0,218.0,393.0,393.0,212.0,212.0,359.0,199.5,0.3060885992521325,4,1
small-world/scale-free,400,14,198,88.0,243.0,127.0,129.0,239.0,239.0,90.0,199.5,0.3060885992521325,4,1
small-world/scale-free,400,14,199,145.0,87.0,196.0,208.0,108.0,108.0,205.0,199.5,0.3060885992521325,4,1
small-world/scale-free,400,14,200,110.0,190.0,194.0,197.0,180.0,180.0,130.0,199.5,0.3060885992521325,4,1
small-world/scale-free,400,14,201,145.0,267.0,251.0,243.0,272.0,272.0,214.0,199.5,0.3060885992521325,4,1
small-world/scale-free,400,14,202,226.0,216.0,386.0,386.0,234.0,234.0,280.0,199.5,0.3060885992521325,4,1
small-world/scale-free,400,14,203,226.0,171.0,378.0,379.0,196.0,196.0,296.0,199.5,0.3060885992521325,4,1
small-world/scale-free,400,14,204,110.0,336.0,100.0,94.0,331.0,331.0,110.0,199.5,0.3060885992521325,4,1
small-world/scale-free,400,14,205,226.0,106.0,321.0,324.0,125.0,125.0,376.0,199.5,0.3060885992521325,4,1
small-world/scale-free,400,14,206,226.0,180.0,125.0,120.0,195.0,195.0,364.0,199.5,0.3060885992521325,4,1
small-world/scale-free,400,14,207,226.0,203.0,223.0,221.0,213.0,213.0,275.0,199.5,0.3060885992521325,4,1
small-world/scale-free,400,14,208,53.0,278.0,81.0,79.0,264.0,264.0,57.0,199.5,0.3060885992521325,4,1
small-world/scale-free,400,14,209,226.0,151.0,179.0,182.0,168.0,168.0,329.0,199.5,0.3060885992521325,4,1
small-world/scale-free,400,14,210,110.0,302.0,150.0,140.0,298.0,298.0,116.0,199.5,0.3060885992521325,4,1
small-world/scale-free,400,14,211,88.0,238.0,110.0,107.0,238.0,238.0,89.0,199.5,0.3060885992521325,4,1
small-world/scale-free,400,14,212,145.0,82.0,216.0,214.0,94.0,94.0,193.0,199.5,0.3060885992521325,4,1
small-world/scale-free,400,14,213,145.0,378.0,236.0,231.0,377.0,377.0,150.0,199.5,0.3060885992521325,4,1
small-world/scale-free,400,14,214,145.0,205.0,284.0,281.0,208.0,208.0,199.0,199.5,0.3060885992521325,4,1
small-world/scale-free,400,14,215,226.0,374.0,370.0,370.0,369.0,369.0,343.0,199.5,0.3060885992521325,4,1
small-world/scale-free,400,14,216,145.0,119.0,222.0,224.0,137.0,137.0,200.0,199.5,0.3060885992521325,4,1
small-world/scale-free,400,14,217,226.0,280.0,180.0,180.0,279.0,279.0,250.0,199.5,0.3060885992521325,4,1
small-world/scale-free,400,14,218,145.0,215.0,239.0,233.0,221.0,221.0,170.0,199.5,0.3060885992521325,4,1
small-world/scale-free,400,14,219,88.0,188.0,90.0,89.0,164.0,164.0,96.0,199.5,0.3060885992521325,4,1
small-world/scale-free,400,14,220,145.0,99.0,135.0,137.0,92.0,92.0,192.0,199.5,0.3060885992521325,4,1
small-world/scale-free,400,14,221,226.0,349.0,367.0,364.0,356.0,356.0,272.0,199.5,0.3060885992521325,4,1
small-world/scale-free,400,14,222,145.0,145.0,164.0,167.0,141.0,141.0,208.0,199.5,0.3060885992521325,4,1
small-world/scale-free,400,14,223,226.0,235.0,225.0,212.0,241.0,241.0,365.0,199.5,0.3060885992521325,4,1
small-world/scale-free,400,14,224,226.0,385.0,357.0,358.0,382.0,382.0,256.0,199.5,0.3060885992521325,4,1
small-world/scale-free,400,14,225,110.0,322.0,155.0,151.0,320.0,320.0,114.0,199.5,0.3060885992521325,4,1
small-world/scale-free,400,14,226,226.0,333.0,359.0,359.0,333.0,333.0,354.0,199.5,0.3060885992521325,4,1
small-world/scale-free,400,14,227,226.0,219.0,221.0,225.0,220.0,220.0,338.0,199.5,0.3060885992521325,4,1
small-world/scale-free,400,14,228,88.0,137.0,99.0,100.0,122.0,122.0,103.0,199.5,0.3060885992521325,4,1
small-world/scale-free,400,14,229,110.0,296.0,136.0,127.0,294.0,294.0,115.0,199.5,0.3060885992521325,4,1
small-world/scale-free,400,14,230,145.0,383.0,308.0,304.0,384.0,384.0,146.0,199.5,0.3060885992521325,4,1
small-world/scale-free,400,14,231,145.0,62.0,224.0,213.0,77.0,77.0,207.0,199.5,0.3060885992521325,4,1
small-world/scale-free,400,14,232,226.0,379.0,377.0,377.0,380.0,380.0,257.0,199.5,0.3060885992521325,4,1
small-world/scale-free,400,14,233,226.0,358.0,248.0,278.0,350.0,350.0,293.0,199.5,0.3060885992521325,4,1
small-world/scale-free,400,14,234,226.0,257.0,326.0,327.0,276.0,276.0,366.0,199.5,0.3060885992521325,4,1
small-world/scale-free,400,14,235,226.0,355.0,240.0,235.0,355.0,355.0,262.0,199.5,0.3060885992521325,4,1
small-world/scale-free,400,14,236,226.0,375.0,324.0,317.0,379.0,379.0,235.0,199.5,0.3060885992521325,4,1
small-world/scale-free,400,14,237,110.0,290.0,220.0,226.0,284.0,284.0,122.0,199.5,0.3060885992521325,4,1
small-world/scale-free,400,14,238,226.0,280.0,217.0,229.0,275.0,275.0,295.0,199.5,0.3060885992521325,4,1
small-world/scale-free,400,14,239,226.0,112.0,148.0,152.0,134.0,134.0,290.0,199.5,0.3060885992521325,4,1
small-world/scale-free,400,14,240,226.0,212.0,190.0,190.0,229.0,229.0,326.0,199.5,0.3060885992521325,4,1
small-world/scale-free,400,14,241,145.0,270.0,311.0,310.0,270.0,270.0,186.0,199.5,0.3060885992521325,4,1
small-world/scale-free,400,14,242,226.0,357.0,219.0,234.0,352.0,352.0,255.0,199.5,0.3060885992521325,4,1
small-world/scale-free,400,14,243,226.0,368.0,313.0,302.0,372.0,372.0,245.0,199.5,0.3060885992521325,4,1
small-world/scale-free,400,14,244,226.0,192.0,369.0,366.0,204.0,204.0,339.0,199.5,0.3060885992521325,4,1
small-world/scale-free,400,14,245,226.0,299.0,255.0,267.0,303.0,303.0,301.0,199.5,0.3060885992521325,4,1
small-world/scale-free,400,14,246,226.0,151.0,237.0,263.0,147.0,147.0,390.0,199.5,0.3060885992521325,4,1
small-world/scale-free,400,14,247,226.0,315.0,279.0,270.0,313.0,313.0,336.0,199.5,0.3060885992521325,4,1
small-world/scale-free,400,14,248,145.0,177.0,288.0,318.0,177.0,177.0,189.0,199.5,0.3060885992521325,4,1
small-world/scale-free,400,14,249,145.0,116.0,184.0,189.0,117.0,117.0,202.0,199.5,0.3060885992521325,4,1
small-world/scale-free,400,14,250,226.0,339.0,366.0,368.0,338.0,338.0,292.0,199.5,0.3060885992521325,4,1
small-world/scale-free,400,14,251,226.0,221.0,338.0,338.0,215.0,215.0,315.0,199.5,0.3060885992521325,4,1
small-world/scale-free,400,14,252,145.0,356.0,243.0,240.0,353.0,353.0,154.0,199.5,0.3060885992521325,4,1
small-world/scale-free,400,14,253,145.0,162.0,92.0,99.0,167.0,167.0,158.0,199.5,0.3060885992521325,4,1
small-world/scale-free,400,14,254,145.0,354.0,300.0,288.0,356.0,356.0,151.0,199.5,0.3060885992521325,4,1
small-world/scale-free,400,14,255,226.0,310.0,334.0,328.0,324.0,324.0,246.0,199.5,0.3060885992521325,4,1
small-world/scale-free,400,14,256,226.0,333.0,371.0,371.0,344.0,344.0,282.0,199.5,0.3060885992521325,4,1
small-world/scale-free,400,14,257,110.0,315.0,140.0,147.0,319.0,319.0,112.0,199.5,0.3060885992521325,4,1
small-world/scale-free,400,14,258,145.0,372.0,325.0,308.0,368.0,368.0,174.0,199.5,0.3060885992521325,4,1
small-world/scale-free,400,14,259,145.0,258.0,299.0,303.0,246.0,246.0,167.0,199.5,0.3060885992521325,4,1
small-world/scale-free,400,14,260,145.0,161.0,121.0,116.0,173.0,173.0,168.0,199.5,0.3060885992521325,4,1
small-world/scale-free,400,14,261,110.0,286.0,93.0,95.0,287.0,287.0,117.0,199.5,0.3060885992521325,4,1
small-world/scale-free,400,14,262,145.0,40.0,138.0,155.0,39.0,39.0,216.0,199.5,0.3060885992521325,4,1
small-world/scale-free,400,14,263,226.0,79.0,287.0,322.0,85.0,85.0,399.0,199.5,0.3060885992521325,4,1
small-world/scale-free,400,14,264,145.0,232.0,250.0,277.0,230.0,230.0,187.0,199.5,0.3060885992521325,4,1
small-world/scale-free,400,14,265,145.0,371.0,206.0,203.0,367.0,367.0,149.0,199.5,0.3060885992521325,4,1
small-world/scale-free,400,14,266,110.0,103.0,68.0,71.0,99.0,99.0,134.0,199.5,0.3060885992521325,4,1
small-world/scale-free,400,14,267,226.0,99.0,283.0,305.0,109.0,109.0,345.0,199.5,0.3060885992521325,4,1
small-world/scale-free,400,14,268,145.0,368.0,232.0,236.0,374.0,374.0,147.0,199.5,0.3060885992521325,4,1
small-world/scale-free,400,14,269,226.0,137.0,362.0,362.0,144.0,144.0,373.0,199.5,0.3060885992521325,4,1
small-world/scale-free,400,14,270,145.0,293.0,245.0,239.0,285.0,285.0,175.0,199.5,0.3060885992521325,4,1
small-world/scale-free,400,14,271,226.0,268.0,98.0,90.0,267.0,267.0,274.0,199.5,0.3060885992521325,4,1
small-world/scale-free,400,14,272,226.0,352.0,354.0,349.0,360.0,360.0,248.0,199.5,0.3060885992521325,4,1
small-world/scale-free,400,14,273,226.0,98.0,330.0,319.0,114.0,114.0,340.0,199.5,0.3060885992521325,4,1
small-world/scale-free,400,14,274,226.0,395.0,388.0,389.0,396.0,396.0,238.0,199.5,0.3060885992521325,4,1
small-world/scale-free,400,14,275,110.0,185.0,107.0,104.0,179.0,179.0,121.0,199.5,0.3060885992521325,4,1
small-world/scale-free,400,14,276,110.0,169.0,143.0,153.0,175.0,175.0,124.0,199.5,0.3060885992521325,4,1
small-world/scale-free,400,14,277,226.0,94.0,393.0,393.0,106.0,106.0,394.0,199.5,0.3060885992521325,4,1
small-world/scale-free,400,14,278,226.0,351.0,356.0,357.0,354.0,354.0,297.0,199.5,0.3060885992521325,4,1
small-world/scale-free,400,14,279,226.0,325.0,229.0,223.0,334.0,334.0,266.0,199.5,0.3060885992521325,4,1
small-world/scale-free,400,14,280,226.0,230.0,249.0,256.0,243.0,243.0,334.0,199.5,0.3060885992521325,4,1
small-world/scale-free,400,14,281,226.0,293.0,343.0,339.0,295.0,295.0,279.0,199.5,0.3060885992521325,4,1
small-world/scale-free,400,14,282,226.0,234.0,294.0,295.0,249.0,249.0,261.0,199.5,0.3060885992521325,4,1
small-world/scale-free,400,14,283,145.0,318.0,154.0,149.0,322.0,322.0,163.0,199.5,0.3060885992521325,4,1
small-world/scale-free,400,14,284,226.0,80.0,205.0,211.0,90.0,90.0,363.0,199.5,0.3060885992521325,4,1
small-world/scale-free,400,14,285,226.0,166.0,177.0,174.0,182.0,182.0,314.0,199.5,0.3060885992521325,4,1
small-world/scale-free,400,14,286,145.0,377.0,348.0,348.0,378.0,378.0,152.0,199.5,0.3060885992521325,4,1
small-world/scale-free,400,14,287,226.0,194.0,199.0,202.0,210.0,210.0,371.0,199.5,0.3060885992521325,4,1
small-world/scale-free,400,14,288,226.0,336.0,331.0,330.0,348.0,348.0,268.0,199.5,0.3060885992521325,4,1
small-world/scale-free,400,14,289,226.0,381.0,305.0,292.0,381.0,381.0,236.0,199.5,0.3060885992521325,4,1
small-world/scale-free,400,14,290,226.0,310.0,274.0,268.0,318.0,318.0,327.0,199.5,0.3060885992521325,4,1
small-world/scale-free,400,14,291,226.0,272.0,253.0,253.0,278.0,278.0,284.0,199.5,0.3060885992521325,4,1
small-world/scale-free,400,14,292,145.0,61.0,210.0,215.0,69.0,69.0,212.0,199.5,0.3060885992521325,4,1
small-world/scale-free,400,14,293,145.0,130.0,119.0,131.0,120.0,120.0,210.0,199.5,0.3060885992521325,4,1
small-world/scale-free,400,14,294,145.0,330.0,211.0,207.0,337.0,337.0,153.0,199.5,0.3060885992521325,4,1
small-world/scale-free,400,14,295,226.0,139.0,209.0,217.0,132.0,132.0,387.0,199.5,0.3060885992521325,4,1
small-world/scale-free,400,14,296,226.0,227.0,271.0,254.0,235.0,235.0,281.0,199.5,0.3060885992521325,4,1
small-world/scale-free,400,14,297,226.0,106.0,264.0,266.0,136.0,136.0,370.0,199.5,0.3060885992521325,4,1
small-world/scale-free,400,14,298,88.0,263.0,101.0,98.0,250.0,250.0,91.0,199.5,0.3060885992521325,4,1
small-world/scale-free,400,14,299,226.0,336.0,281.0,283.0,332.0,332.0,267.0,199.5,0.3060885992521325,4,1
small-world/scale-free,400,14,300,145.0,197.0,351.0,350.0,191.0,191.0,194.0,199.5,0.3060885992521325,4,1
small-world/scale-free,400,14,301,226.0,40.0,252.0,252.0,49.0,49.0,396.0,199.5,0.3060885992521325,4,1
small-world/scale-free,400,14,302,226.0,310.0,266.0,250.0,316.0,316.0,240.0,199.5,0.3060885992521325,4,1
small-world/scale-free,400,14,303,226.0,200.0,191.0,188.0,206.0,206.0,303.0,199.5,0.3060885992521325,4,1
small-world/scale-free,400,14,304,70.0,307.0,149.0,146.0,304.0,304.0,70.0,199.5,0.3060885992521325,4,1
small-world/scale-free,400,14,305,226.0,331.0,383.0,384.0,327.0,327.0,294.0,199.5,0.3060885992521325,4,1
small-world/scale-free,400,14,306,226.0,362.0,373.0,373.0,362.0,362.0,351.0,199.5,0.3060885992521325,4,1
small-world/scale-free,400,14,307,145.0,305.0,235.0,230.0,317.0,317.0,156.0,199.5,0.3060885992521325,4,1
small-world/scale-free,400,14,308,226.0,393.0,297.0,297.0,393.0,393.0,239.0,199.5,0.3060885992521325,4,1
small-world/scale-free,400,14,309,226.0,272.0,310.0,300.0,282.0,282.0,277.0,199.5,0.3060885992521325,4,1
small-world/scale-free,400,14,310,226.0,153.0,187.0,196.0,158.0,158.0,357.0,199.5,0.3060885992521325,4,1
small-world/scale-free,400,14,311,226.0,245.0,374.0,374.0,240.0,240.0,324.0,199.5,0.3060885992521325,4,1
small-world/scale-free,400,14,312,226.0,397.0,309.0,312.0,397.0,397.0,229.0,199.5,0.3060885992521325,4,1
small-world/scale-free,400,14,313,226.0,252.0,393.0,393.0,253.0,253.0,288.0,199.5,0.3060885992521325,4,1
small-world/scale-free,400,14,314,145.0,303.0,167.0,165.0,308.0,308.0,165.0,199.5,0.3060885992521325,4,1
small-world/scale-free,400,14,315,226.0,396.0,381.0,382.0,394.0,394.0,264.0,199.5,0.3060885992521325,4,1
small-world/scale-free,400,14,316,226.0,326.0,307.0,299.0,321.0,321.0,285.0,199.5,0.3060885992521325,4,1
small-world/scale-free,400,14,317,226.0,399.0,393.0,393.0,399.0,399.0,230.0,199.5,0.3060885992521325,4,1
small-world/scale-free,400,14,318,226.0,387.0,350.0,351.0,385.0,385.0,247.0,199.5,0.3060885992521325,4,1
small-world/scale-free,400,14,319,226.0,392.0,322.0,315.0,390.0,390.0,258.0,199.5,0.3060885992521325,4,1
small-world/scale-free,400,14,320,145.0,183.0,231.0,244.0,183.0,183.0,198.0,199.5,0.3060885992521325,4,1
small-world/scale-free,400,14,321,145.0,360.0,340.0,337.0,363.0,363.0,160.0,199.5,0.3060885992521325,4,1
small-world/scale-free,400,14,322,226.0,390.0,352.0,346.0,391.0,391.0,231.0,199.5,0.3060885992521325,4,1
small-world/scale-free,400,14,323,145.0,366.0,146.0,150.0,366.0,366.0,148.0,199.5,0.3060885992521325,4,1
small-world/scale-free,400,14,324,226.0,284.0,244.0,249.0,292.0,292.0,287.0,199.5,0.3060885992521325,4,1
small-world/scale-free,400,14,325,226.0,284.0,333.0,326.0,289.0,289.0,299.0,199.5,0.3060885992521325,4,1
small-world/scale-free,400,14,326,226.0,226.0,189.0,185.0,231.0,231.0,306.0,199.5,0.3060885992521325,4,1
small-world/scale-free,400,14,327,226.0,272.0,392.0,392.0,270.0,270.0,273.0,199.5,0.3060885992521325,4,1
small-world/scale-free,400,14,328,226.0,376.0,215.0,209.0,373.0,373.0,249.0,199.5,0.3060885992521325,4,1
small-world/scale-free,400,14,329,226.0,388.0,379.0,380.0,389.0,389.0,241.0,199.5,0.3060885992521325,4,1
small-world/scale-free,400,14,330,226.0,270.0,327.0,329.0,274.0,274.0,271.0,199.5,0.3060885992521325,4,1
small-world/scale-free,400,14,331,226.0,262.0,298.0,309.0,259.0,259.0,325.0,199.5,0.3060885992521325,4,1
small-world/scale-free,400,14,332,226.0,148.0,393.0,393.0,157.0,157.0,349.0,199.5,0.3060885992521325,4,1
small-world/scale-free,400,14,333,226.0,263.0,202.0,201.0,269.0,269.0,291.0,199.5,0.3060885992521325,4,1
small-world/scale-free,400,14,334,226.0,164.0,332.0,331.0,170.0,170.0,367.0,199.5,0.3060885992521325,4,1
small-world/scale-free,400,14,335,226.0,143.0,273.0,293.0,156.0,156.0,310.0,199.5,0.3060885992521325,4,1
small-world/scale-free,400,14,336,226.0,367.0,304.0,294.0,370.0,370.0,242.0,199.5,0.3060885992521325,4,1
small-world/scale-free,400,14,337,226.0,104.0,186.0,192.0,126.0,126.0,372.0,199.5,0.3060885992521325,4,1
small-world/scale-free,400,14,338,226.0,156.0,296.0,301.0,176.0,176.0,265.0,199.5,0.3060885992521325,4,1
small-world/scale-free,400,14,339,226.0,133.0,117.0,119.0,145.0,145.0,259.0,199.5,0.3060885992521325,4,1
small-world/scale-free,400,14,340,226.0,111.0,157.0,156.0,139.0,139.0,356.0,199.5,0.3060885992521325,4,1
small-world/scale-free,400,14,341,226.0,165.0,213.0,210.0,166.0,166.0,380.0,199.5,0.3060885992521325,4,1
small-world/scale-free,400,14,342,226.0,184.0,241.0,228.0,197.0,197.0,358.0,199.5,0.3060885992521325,4,1
small-world/scale-free,400,14,343,145.0,372.0,182.0,178.0,376.0,376.0,145.0,199.5,0.3060885992521325,4,1
small-world/scale-free,400,14,344,226.0,293.0,168.0,166.0,293.0,293.0,237.0,199.5,0.3060885992521325,4,1
small-world/scale-free,400,14,345,226.0,368.0,329.0,316.0,371.0,371.0,270.0,199.5,0.3060885992521325,4,1
small-world/scale-free,400,14,346,226.0,249.0,390.0,391.0,265.0,265.0,269.0,199.5,0.3060885992521325,4,1
small-world/scale-free,400,14,347,226.0,44.0,160.0,161.0,53.0,53.0,341.0,199.5,0.3060885992521325,4,1
small-world/scale-free,400,14,348,226.0,382.0,393.0,393.0,388.0,388.0,233.0,199.5,0.3060885992521325,4,1
small-world/scale-free,400,14,349,226.0,391.0,346.0,344.0,392.0,392.0,227.0,199.5,0.3060885992521325,4,1
small-world/scale-free,400,14,350,226.0,174.0,361.0,361.0,171.0,171.0,362.0,199.5,0.3060885992521325,4,1
small-world/scale-free,400,14,351,226.0,252.0,302.0,321.0,251.0,251.0,289.0,199.5,0.3060885992521325,4,1
small-world/scale-free,400,14,352,226.0,329.0,200.0,191.0,328.0,328.0,323.0,199.5,0.3060885992521325,4,1
small-world/scale-free,400,14,353,226.0,153.0,192.0,195.0,163.0,163.0,333.0,199.5,0.3060885992521325,4,1
small-world/scale-free,400,14,354,226.0,317.0,380.0,381.0,312.0,312.0,252.0,199.5,0.3060885992521325,4,1
small-world/scale-free,400,14,355,226.0,400.0,387.0,390.0,400.0,400.0,228.0,199.5,0.3060885992521325,4,1
small-world/scale-free,400,14,356,226.0,221.0,178.0,177.0,222.0,222.0,346.0,199.5,0.3060885992521325,4,1
small-world/scale-free,400,14,357,226.0,242.0,320.0,334.0,245.0,245.0,330.0,199.5,0.3060885992521325,4,1
small-world/scale-free,400,14,358,226.0,360.0,353.0,353.0,365.0,365.0,234.0,199.5,0.3060885992521325,4,1
small-world/scale-free,400,14,359,226.0,341.0,263.0,258.0,340.0,340.0,253.0,199.5,0.3060885992521325,4,1
small-world/scale-free,400,14,360,226.0,230.0,347.0,352.0,226.0,226.0,319.0,199.5,0.3060885992521325,4,1
small-world/scale-free,400,14,361,226.0,328.0,286.0,289.0,329.0,329.0,283.0,199.5,0.3060885992521325,4,1
small-world/scale-free,400,14,362,226.0,298.0,306.0,298.0,309.0,309.0,263.0,199.5,0.3060885992521325,4,1
small-world/scale-free,400,14,363,226.0,69.0,242.0,269.0,87.0,87.0,391.0,199.5,0.3060885992521325,4,1
small-world/scale-free,400,14,364,145.0,94.0,118.0,125.0,109.0,109.0,190.0,199.5,0.3060885992521325,4,1
small-world/scale-free,400,14,365,226.0,398.0,391.0,387.0,398.0,398.0,232.0,199.5,0.3060885992521325,4,1
small-world/scale-free,400,14,366,226.0,327.0,295.0,286.0,330.0,330.0,311.0,199.5,0.3060885992521325,4,1
small-world/scale-free,400,14,367,226.0,339.0,360.0,360.0,345.0,345.0,322.0,199.5,0.3060885992521325,4,1
small-world/scale-free,400,14,368,226.0,297.0,285.0,285.0,302.0,302.0,317.0,199.5,0.3060885992521325,4,1
small-world/scale-free,400,14,369,226.0,130.0,269.0,272.0,142.0,142.0,386.0,199.5,0.3060885992521325,4,1
small-world/scale-free,400,14,370,226.0,125.0,212.0,218.0,143.0,143.0,276.0,199.5,0.3060885992521325,4,1
small-world/scale-free,400,14,371,145.0,379.0,323.0,325.0,375.0,375.0,164.0,199.5,0.3060885992521325,4,1
small-world/scale-free,400,14,372,226.0,180.0,291.0,320.0,186.0,186.0,316.0,199.5,0.3060885992521325,4,1
small-world/scale-free,400,14,373,226.0,282.0,254.0,251.0,286.0,286.0,332.0,199.5,0.3060885992521325,4,1
small-world/scale-free,400,14,374,226.0,89.0,336.0,336.0,105.0,105.0,384.0,199.5,0.3060885992521325,4,1
small-world/scale-free,400,14,375,226.0,209.0,382.0,378.0,218.0,218.0,308.0,199.5,0.3060885992521325,4,1
small-world/scale-free,400,14,376,226.0,84.0,238.0,238.0,102.0,102.0,382.0,199.5,0.3060885992521325,4,1
small-world/scale-free,400,14,377,226.0,157.0,174.0,175.0,160.0,160.0,355.0,199.5,0.3060885992521325,4,1
small-world/scale-free,400,14,378,226.0,169.0,161.0,158.0,199.0,199.0,313.0,199.5,0.3060885992521325,4,1
small-world/scale-free,400,14,379,226.0,189.0,262.0,242.0,201.0,201.0,335.0,199.5,0.3060885992521325,4,1
small-world/scale-free,400,14,380,226.0,313.0,203.0,204.0,307.0,307.0,298.0,199.5,0.3060885992521325,4,1
small-world/scale-free,400,14,381,226.0,243.0,292.0,287.0,261.0,261.0,307.0,199.5,0.3060885992521325,4,1
small-world/scale-free,400,14,382,226.0,202.0,270.0,245.0,205.0,205.0,302.0,199.5,0.3060885992521325,4,1
small-world/scale-free,400,14,383,226.0,384.0,385.0,388.0,386.0,386.0,244.0,199.5,0.3060885992521325,4,1
small-world/scale-free,400,14,384,226.0,306.0,368.0,369.0,301.0,301.0,318.0,199.5,0.3060885992521325,4,1
small-world/scale-free,400,14,385,226.0,331.0,228.0,219.0,339.0,339.0,260.0,199.5,0.3060885992521325,4,1
small-world/scale-free,400,14,386,226.0,147.0,363.0,365.0,150.0,150.0,388.0,199.5,0.3060885992521325,4,1
small-world/scale-free,400,14,387,145.0,139.0,227.0,220.0,146.0,146.0,181.0,199.5,0.3060885992521325,4,1
small-world/scale-free,400,14,388,226.0,219.0,159.0,159.0,223.0,223.0,312.0,199.5,0.3060885992521325,4,1
small-world/scale-free,400,14,389,226.0,342.0,389.0,385.0,351.0,351.0,251.0,199.5,0.3060885992521325,4,1
small-world/scale-free,400,14,390,226.0,159.0,344.0,343.0,189.0,189.0,385.0,199.5,0.3060885992521325,4,1
small-world/scale-free,400,14,391,226.0,66.0,256.0,262.0,96.0,96.0,389.0,199.5,0.3060885992521325,4,1
small-world/scale-free,400,14,392,226.0,250.0,312.0,311.0,258.0,258.0,331.0,199.5,0.3060885992521325,4,1
small-world/scale-free,400,14,393,226.0,245.0,384.0,383.0,255.0,255.0,304.0,199.5,0.3060885992521325,4,1
small-world/scale-free,400,14,394,226.0,314.0,365.0,363.0,314.0,314.0,286.0,199.5,0.3060885992521325,4,1
small-world/scale-free,400,14,395,226.0,167.0,201.0,193.0,178.0,178.0,328.0,199.5,0.3060885992521325,4,1
small-world/scale-free,400,14,396,226.0,386.0,247.0,247.0,387.0,387.0,243.0,199.5,0.3060885992521325,4,1
small-world/scale-free,400,14,397,226.0,106.0,130.0,135.0,116.0,116.0,393.0,199.5,0.3060885992521325,4,1
small-world/scale-free,400,14,398,226.0,363.0,358.0,354.0,364.0,364.0,309.0,199.5,0.3060885992521325,4,1
small-world/scale-free,400,14,399,226.0,394.0,301.0,296.0,395.0,395.0,226.0,199.5,0.3060885992521325,4,1
