small-world/scale-free,200,19,0,2.0,2.0,2.0,2.0,2.0,2.0,3.0,99.5,0.29961712880728053,4,1
small-world/scale-free,200,19,1,2.0,4.0,3.0,3.0,4.0,4.0,2.0,99.5,0.29961712880728053,4,1
small-world/scale-free,200,19,2,8.0,5.0,7.0,7.0,6.0,6.0,10.0,99.5,0.29961712880728053,4,1
small-world/scale-free,200,19,3,1.0,1.0,1.0,1.0,1.0,1.0,1.0,99.5,0.29961712880728053,4,1
small-world/scale-free,200,19,4,33.0,15.0,54.0,55.0,19.0,19.0,40.0,99.5,0.29961712880728053,4,1
small-world/scale-free,200,19,5,4.0,3.0,4.0,4.0,3.0,3.0,4.0,99.5,0.29961712880728053,4,1
small-world/scale-free,200,19,6,14.0,12.0,21.0,22.0,12.0,12.0,17.0,99.5,0.29961712880728053,4,1
small-world/scale-free,200,19,7,62.0,19.0,94.0,99.0,28.0,28.0,79.0,99.5,0.29961712880728053,4,1
small-world/scale-free,200,19,8,25.0,16.0,27.0,27.0,18.0,18.0,26.0,99.5,0.29961712880728053,4,1
small-world/scale-free,200,19,9,6.0,8.0,10.0,10.0,8.0,8.0,7.0,99.5,0.29961712880728053,4,1
small-world/scale-free,200,19,10,5.0,6.0,5.0,5.0,5.0,5.0,5.0,99.5,0.29961712880728053,4,1
small-world/scale-free,200,19,11,28.0,20.0,29.0,29.0,23.0,23.0,32.0,99.5,0.29961712880728053,4,1
small-world/scale-free,200,19,12,62.0,42.0,61.0,62.0,43.0,43.0,78.0,99.5,0.29961712880728053,4,1
small-world/scale-free,200,19,13,51.0,44.0,53.0,56.0,47.0,47.0,61.0,99.5,0.29961712880728053,4,1
small-world/scale-free,200,19,14,14.0,9.0,13.0,13.0,9.0,9.0,18.0,99.5,0.29961712880728053,4,1
small-world/scale-free,200,19,15,23.0,13.0,17.0,17.0,13.0,13.0,24.0,99.5,0.29961712880728053,4,1
small-world/scale-free,200,19,16,11.0,11.0,11.0,11.0,11.0,11.0,12.0,99.5,0.29961712880728053,4,1
small-world/scale-free,200,19,17,20.0,55.0,26.0,25.0,38.0,38.0,20.0,99.5,0.29961712880728053,4,1
small-world/scale-free,200,19,18,62.0,37.0,95.0,97.0,40.0,40.0,76.0,99.5,0.29961712880728053,4,1
small-world/scale-free,200,19,19,14.0,10.0,15.0,15.0,10.0,10.0,19.0,99.5,0.29961712880728053,4,1
small-world/scale-free,200,19,20,13.0,23.0,16.0,18.0,17.0,17.0,13.0,99.5,0.29961712880728053,4,1
small-world/scale-free,200,19,21,8.0,7.0,6.0,6.0,7.0,7.0,8.0,99.5,0.29961712880728053,4,1
small-world/scale-free,200,19,22,33.0,14.0,23.0,26.0,16.0,16.0,36.0,99.5,0.29961712880728053,4,1
small-world/scale-free,200,19,23,33.0,33.0,42.0,43.0,33.0,33.0,37.0,99.5,0.29961712880728053,4,1
small-world/scale-free,200,19,24,6.0,25.0,8.0,8.0,14.0,14.0,6.0,99.5,0.29961712880728053,4,1
small-world/scale-free,200,19,25,80.0,55.0,151.0,151.0,63.0,63.0,118.0,99.5,0.29961712880728053,4,1
small-world/scale-free,200,19,26,33.0,50.0,35.0,35.0,39.0,39.0,38.0,99.5,0.29961712880728053,4,1
small-world/scale-free,200,19,27,25.0,17.0,28.0,28.0,20.0,20.0,27.0,99.5,0.29961712880728053,4,1
small-world/scale-free,200,19,28,14.0,22.0,14.0,14.0,22.0,22.0,15.0,99.5,0.29961712880728053,4,1
small-world/scale-free,200,19,29,80.0,50.0,131.0,131.0,54.0,54.0,109.0,99.5,0.29961712880728053,4,1
small-world/scale-free,200,19,30,40.0,69.0,58.0,57.0,57.0,57.0,46.0,99.5,0.29961712880728053,4,1
small-world/scale-free,200,19,31,51.0,39.0,51.0,51.0,41.0,41.0,60.0,99.5,0.29961712880728053,4,1
small-world/scale-free,200,19,32,14.0,45.0,22.0,19.0,34.0,34.0,14.0,99.5,0.29961712880728053,4,1
small-world/scale-free,200,19,33,28.0,75.0,41.0,41.0,53.0,53.0,29.0,99.5,0.29961712880728053,4,1
small-world/scale-free,200,19,34,80.0,57.0,91.0,102.0,65.0,65.0,117.0,99.5,0.29961712880728053,4,1
small-world/scale-free,200,19,35,10.0,18.0,9.0,9.0,15.0,15.0,9.0,99.5,0.29961712880728053,4,1
small-world/scale-free,200,19,36,40.0,53.0,49.0,50.0,46.0,46.0,50.0,99.5,0.29961712880728053,4,1
small-world/scale-free,200,19,37,14.0,28.0,20.0,21.0,25.0,25.0,16.0,99.5,0.29961712880728053,4,1
small-world/scale-free,200,19,38,119.0,162.0,187.0,188.0,170.0,170.0,158.0,99.5,0.29961712880728053,4,1
small-world/scale-free,200,19,39,40.0,130.0,63.0,63.0,106.0,106.0,47.0,99.5,0.29961712880728053,4,1
small-world/scale-free,200,19,40,20.0,27.0,18.0,16.0,27.0,27.0,21.0,99.5,0.29961712880728053,4,1
small-world/scale-free,200,19,41,23.0,33.0,24.0,24.0,30.0,30.0,23.0,99.5,0.29961712880728053,4,1
small-world/scale-free,200,19,42,33.0,32.0,36.0,36.0,31.0,31.0,35.0,99.5,0.29961712880728053,4,1
small-world/scale-free,200,19,43,119.0,120.0,153.0,153.0,122.0,122.0,189.0,99.5,0.29961712880728053,4,1
small-world/scale-free,200,19,44,28.0,89.0,40.0,38.0,68.0,68.0,30.0,99.5,0.29961712880728053,4,1
small-world/scale-free,200,19,45,40.0,71.0,55.0,54.0,61.0,61.0,48.0,99.5,0.29961712880728053,4,1
small-world/scale-free,200,19,46,62.0,144.0,100.0,95.0,143.0,143.0,68.0,99.5,0.29961712880728053,4,1
small-world/scale-free,200,19,47,80.0,110.0,104.0,106.0,104.0,104.0,99.0,99.5,0.29961712880728053,4,1
small-world/scale-free,200,19,48,40.0,122.0,43.0,42.0,109.0,109.0,42.0,99.5,0.29961712880728053,4,1
small-world/scale-free,200,19,49,80.0,48.0,80.0,83.0,55.0,55.0,114.0,99.5,0.29961712880728053,4,1
small-world/scale-free,200,19,50,40.0,85.0,70.0,74.0,66.0,66.0,49.0,99.5,0.29961712880728053,4,1
small-world/scale-free,200,19,51,62.0,157.0,101.0,101.0,147.0,147.0,72.0,99.5,0.29961712880728053,4,1
small-world/scale-free,200,19,52,51.0,153.0,81.0,80.0,142.0,142.0,56.0,99.5,0.29961712880728053,4,1
small-world/scale-free,200,19,53,62.0,33.0,75.0,77.0,35.0,35.0,77.0,99.5,0.29961712880728053,4,1
small-world/scale-free,200,19,54,28.0,45.0,30.0,30.0,36.0,36.0,31.0,99.5,0.29961712880728053,4,1
small-world/scale-free,200,19,55,119.0,53.0,143.0,141.0,62.0,62.0,195.0,99.5,0.29961712880728053,4,1
small-world/scale-free,200,19,56,51.0,115.0,50.0,49.0,114.0,114.0,54.0,99.5,0.29961712880728053,4,1
small-world/scale-free,200,19,57,11.0,29.0,12.0,12.0,21.0,21.0,11.0,99.5,0.29961712880728053,4,1
small-world/scale-free,200,19,58,200.0,127.0,195.0,195.0,134.0,134.0,200.0,99.5,0.29961712880728053,4,1
small-world/scale-free,200,19,59,20.0,31.0,19.0,20.0,26.0,26.0,22.0,99.5,0.29961712880728053,4,1
small-world/scale-free,200,19,60,80.0,112.0,130.0,133.0,111.0,111.0,108.0,99.5,0.29961712880728053,4,1
small-world/scale-free,200,19,61,25.0,86.0,25.0,23.0,59.0,59.0,25.0,99.5,0.29961712880728053,4,1
small-world/scale-free,200,19,62,62.0,38.0,62.0,61.0,44.0,44.0,75.0,99.5,0.29961712880728053,4,1
small-world/scale-free,200,19,63,62.0,45.0,57.0,59.0,51.0,51.0,73.0,99.5,0.29961712880728053,4,1
small-world/scale-free,200,19,64,51.0,74.0,71.0,73.0,71.0,71.0,59.0,99.5,0.29961712880728053,4,1
small-world/scale-free,200,19,65,33.0,21.0,32.0,33.0,24.0,24.0,34.0,99.5,0.29961712880728053,4,1
small-world/scale-free,200,19,66,51.0,43.0,46.0,48.0,45.0,45.0,58.0,99.5,0.29961712880728053,4,1
small-world/scale-free,200,19,67,80.0,108.0,89.0,90.0,117.0,117.0,103.0,99.5,0.29961712880728053,4,1
small-world/scale-free,200,19,68,119.0,143.0,160.0,161.0,151.0,151.0,187.0,99.5,0.29961712880728053,4,1
small-world/scale-free,200,19,69,80.0,146.0,93.0,89.0,152.0,152.0,86.0,99.5,0.29961712880728053,4,1
small-world/scale-free,200,19,70,80.0,39.0,79.0,81.0,49.0,49.0,113.0,99.5,0.29961712880728053,4,1
small-world/scale-free,200,19,71,119.0,66.0,185.0,186.0,79.0,79.0,192.0,99.5,0.29961712880728053,4,1
small-world/scale-free,200,19,72,62.0,150.0,88.0,88.0,139.0,139.0,71.0,99.5,0.29961712880728053,4,1
small-world/scale-free,200,19,73,80.0,48.0,126.0,126.0,52.0,52.0,112.0,99.5,0.29961712880728053,4,1
small-world/scale-free,200,19,74,80.0,132.0,128.0,129.0,130.0,130.0,106.0,99.5,0.29961712880728053,4,1
small-world/scale-free,200,19,75,62.0,101.0,72.0,69.0,102.0,102.0,69.0,99.5,0.29961712880728053,4,1
small-world/scale-free,200,19,76,80.0,101.0,120.0,118.0,97.0,97.0,115.0,99.5,0.29961712880728053,4,1
small-world/scale-free,200,19,77,28.0,58.0,33.0,31.0,48.0,48.0,28.0,99.5,0.29961712880728053,4,1
small-world/scale-free,200,19,78,119.0,23.0,137.0,148.0,32.0,32.0,198.0,99.5,0.29961712880728053,4,1
small-world/scale-free,200,19,79,62.0,163.0,113.0,107.0,164.0,164.0,62.0,99.5,0.29961712880728053,4,1
small-world/scale-free,200,19,80,80.0,99.0,121.0,124.0,102.0,102.0,111.0,99.5,0.29961712880728053,4,1
small-world/scale-free,200,19,81,80.0,94.0,111.0,110.0,95.0,95.0,107.0,99.5,0.29961712880728053,4,1
small-world/scale-free,200,19,82,119.0,65.0,52.0,52.0,77.0,77.0,173.0,99.5,0.29961712880728053,4,1
small-world/scale-free,200,19,83,80.0,131.0,69.0,71.0,126.0,126.0,104.0,99.5,0.29961712880728053,4,1
small-world/scale-free,200,19,84,51.0,81.0,47.0,47.0,72.0,72.0,55.0,99.5,0.29961712880728053,4,1
small-world/scale-free,200,19,85,119.0,84.0,178.0,178.0,86.0,86.0,179.0,99.5,0.29961712880728053,4,1
small-world/scale-free,200,19,86,119.0,101.0,171.0,176.0,107.0,107.0,182.0,99.5,0.29961712880728053,4,1
small-world/scale-free,200,19,87,80.0,179.0,156.0,158.0,176.0,176.0,95.0,99.5,0.29961712880728053,4,1
small-world/scale-free,200,19,88,51.0,142.0,105.0,108.0,128.0,128.0,53.0,99.5,0.29961712880728053,4,1
small-world/scale-free,200,19,89,119.0,71.0,139.0,143.0,83.0,83.0,186.0,99.5,0.29961712880728053,4,1
small-world/scale-free,200,19,90,119.0,135.0,188.0,187.0,136.0,136.0,174.0,99.5,0.29961712880728053,4,1
small-world/scale-free,200,19,91,62.0,125.0,68.0,67.0,119.0,119.0,64.0,99.5,0.29961712880728053,4,1
small-world/scale-free,200,19,92,51.0,110.0,60.0,60.0,100.0,100.0,51.0,99.5,0.29961712880728053,4,1
small-world/scale-free,200,19,93,33.0,89.0,34.0,34.0,74.0,74.0,33.0,99.5,0.29961712880728053,4,1
small-world/scale-free,200,19,94,119.0,146.0,144.0,146.0,153.0,153.0,168.0,99.5,0.29961712880728053,4,1
small-world/scale-free,200,19,95,119.0,139.0,169.0,173.0,146.0,146.0,193.0,99.5,0.29961712880728053,4,1
small-world/scale-free,200,19,96,40.0,59.0,38.0,39.0,58.0,58.0,44.0,99.5,0.29961712880728053,4,1
small-world/scale-free,200,19,97,80.0,159.0,96.0,98.0,149.0,149.0,96.0,99.5,0.29961712880728053,4,1
small-world/scale-free,200,19,98,40.0,78.0,37.0,37.0,69.0,69.0,41.0,99.5,0.29961712880728053,4,1
small-world/scale-free,200,19,99,80.0,81.0,179.0,179.0,87.0,87.0,116.0,99.5,0.29961712880728053,4,1
small-world/scale-free,200,19,100,62.0,150.0,84.0,84.0,148.0,148.0,65.0,99.5,0.29961712880728053,4,1
small-world/scale-free,200,19,101,119.0,122.0,195.0,195.0,124.0,124.0,183.0,99.5,0.29961712880728053,4,1
small-world/scale-free,200,19,102,51.0,59.0,45.0,46.0,56.0,56.0,57.0,99.5,0.29961712880728053,4,1
small-world/scale-free,200,19,103,119.0,173.0,140.0,138.0,172.0,172.0,149.0,99.5,0.29961712880728053,4,1
small-world/scale-free,200,19,104,80.0,67.0,65.0,66.0,77.0,77.0,101.0,99.5,0.29961712880728053,4,1
small-world/scale-free,200,19,105,40.0,75.0,48.0,45.0,73.0,73.0,43.0,99.5,0.29961712880728053,4,1
small-world/scale-free,200,19,106,80.0,186.0,116.0,115.0,177.0,177.0,83.0,99.5,0.29961712880728053,4,1
small-world/scale-free,200,19,107,80.0,148.0,159.0,157.0,150.0,150.0,110.0,99.5,0.29961712880728053,4,1
small-world/scale-free,200,19,108,80.0,62.0,64.0,64.0,67.0,67.0,105.0,99.5,0.29961712880728053,4,1
small-world/scale-free,200,19,109,80.0,115.0,102.0,103.0,115.0,115.0,93.0,99.5,0.29961712880728053,4,1
small-world/scale-free,200,19,110,62.0,141.0,78.0,76.0,132.0,132.0,66.0,99.5,0.29961712880728053,4,1
small-world/scale-free,200,19,111,119.0,166.0,97.0,93.0,167.0,167.0,145.0,99.5,0.29961712880728053,4,1
small-world/scale-free,200,19,112,119.0,175.0,109.0,104.0,183.0,183.0,129.0,99.5,0.29961712880728053,4,1
small-world/scale-free,200,19,113,40.0,26.0,31.0,32.0,29.0,29.0,45.0,99.5,0.29961712880728053,4,1
small-world/scale-free,200,19,114,119.0,198.0,167.0,162.0,198.0,198.0,120.0,99.5,0.29961712880728053,4,1
small-world/scale-free,200,19,115,119.0,115.0,108.0,113.0,123.0,123.0,165.0,99.5,0.29961712880728053,4,1
small-world/scale-free,200,19,116,80.0,166.0,119.0,125.0,161.0,161.0,88.0,99.5,0.29961712880728053,4,1
small-world/scale-free,200,19,117,80.0,170.0,107.0,105.0,160.0,160.0,89.0,99.5,0.29961712880728053,4,1
small-world/scale-free,200,19,118,62.0,39.0,39.0,40.0,50.0,50.0,67.0,99.5,0.29961712880728053,4,1
small-world/scale-free,200,19,119,119.0,96.0,146.0,140.0,108.0,108.0,157.0,99.5,0.29961712880728053,4,1
small-world/scale-free,200,19,120,119.0,30.0,176.0,177.0,37.0,37.0,197.0,99.5,0.29961712880728053,4,1
small-world/scale-free,200,19,121,80.0,200.0,175.0,166.0,197.0,197.0,82.0,99.5,0.29961712880728053,4,1
small-world/scale-free,200,19,122,119.0,36.0,147.0,155.0,42.0,42.0,199.0,99.5,0.29961712880728053,4,1
small-world/scale-free,200,19,123,51.0,105.0,44.0,44.0,96.0,96.0,52.0,99.5,0.29961712880728053,4,1
small-world/scale-free,200,19,124,119.0,75.0,135.0,137.0,85.0,85.0,169.0,99.5,0.29961712880728053,4,1
small-world/scale-free,200,19,125,119.0,133.0,174.0,175.0,144.0,144.0,171.0,99.5,0.29961712880728053,4,1
small-world/scale-free,200,19,126,119.0,50.0,155.0,159.0,64.0,64.0,196.0,99.5,0.29961712880728053,4,1
small-world/scale-free,200,19,127,40.0,176.0,59.0,58.0,165.0,165.0,39.0,99.5,0.29961712880728053,4,1
small-world/scale-free,200,19,128,119.0,179.0,172.0,172.0,182.0,182.0,139.0,99.5,0.29961712880728053,4,1
small-world/scale-free,200,19,129,80.0,159.0,99.0,94.0,162.0,162.0,87.0,99.5,0.29961712880728053,4,1
small-world/scale-free,200,19,130,119.0,193.0,190.0,189.0,191.0,191.0,131.0,99.5,0.29961712880728053,4,1
small-world/scale-free,200,19,131,119.0,122.0,83.0,82.0,129.0,129.0,167.0,99.5,0.29961712880728053,4,1
small-world/scale-free,200,19,132,119.0,115.0,191.0,190.0,121.0,121.0,155.0,99.5,0.29961712880728053,4,1
small-world/scale-free,200,19,133,80.0,87.0,73.0,75.0,88.0,88.0,100.0,99.5,0.29961712880728053,4,1
small-world/scale-free,200,19,134,80.0,80.0,77.0,78.0,81.0,81.0,94.0,99.5,0.29961712880728053,4,1
small-world/scale-free,200,19,135,119.0,183.0,186.0,185.0,185.0,185.0,144.0,99.5,0.29961712880728053,4,1
small-world/scale-free,200,19,136,119.0,164.0,177.0,174.0,175.0,175.0,135.0,99.5,0.29961712880728053,4,1
small-world/scale-free,200,19,137,119.0,187.0,125.0,121.0,188.0,188.0,122.0,99.5,0.29961712880728053,4,1
small-world/scale-free,200,19,138,119.0,129.0,192.0,192.0,130.0,130.0,152.0,99.5,0.29961712880728053,4,1
small-world/scale-free,200,19,139,119.0,101.0,170.0,167.0,110.0,110.0,163.0,99.5,0.29961712880728053,4,1
small-world/scale-free,200,19,140,119.0,105.0,164.0,169.0,113.0,113.0,194.0,99.5,0.29961712880728053,4,1
small-world/scale-free,200,19,141,62.0,59.0,66.0,65.0,60.0,60.0,70.0,99.5,0.29961712880728053,4,1
small-world/scale-free,200,19,142,119.0,62.0,115.0,114.0,70.0,70.0,177.0,99.5,0.29961712880728053,4,1
small-world/scale-free,200,19,143,80.0,176.0,129.0,127.0,174.0,174.0,92.0,99.5,0.29961712880728053,4,1
small-world/scale-free,200,19,144,119.0,198.0,193.0,193.0,200.0,200.0,126.0,99.5,0.29961712880728053,4,1
small-world/scale-free,200,19,145,80.0,87.0,106.0,109.0,88.0,88.0,102.0,99.5,0.29961712880728053,4,1
small-world/scale-free,200,19,146,62.0,150.0,67.0,68.0,145.0,145.0,63.0,99.5,0.29961712880728053,4,1
small-world/scale-free,200,19,147,119.0,192.0,90.0,92.0,192.0,192.0,127.0,99.5,0.29961712880728053,4,1
small-world/scale-free,200,19,148,119.0,171.0,152.0,150.0,168.0,168.0,150.0,99.5,0.29961712880728053,4,1
small-world/scale-free,200,19,149,62.0,91.0,124.0,119.0,91.0,91.0,74.0,99.5,0.29961712880728053,4,1
small-world/scale-free,200,19,150,119.0,134.0,195.0,195.0,140.0,140.0,161.0,99.5,0.29961712880728053,4,1
small-world/scale-free,200,19,151,119.0,135.0,149.0,149.0,135.0,135.0,147.0,99.5,0.29961712880728053,4,1
small-world/scale-free,200,19,152,119.0,148.0,134.0,130.0,154.0,154.0,164.0,99.5,0.29961712880728053,4,1
small-world/scale-free,200,19,153,119.0,164.0,181.0,181.0,171.0,171.0,141.0,99.5,0.29961712880728053,4,1
small-world/scale-free,200,19,154,80.0,119.0,118.0,120.0,116.0,116.0,90.0,99.5,0.29961712880728053,4,1
small-world/scale-free,200,19,155,119.0,191.0,173.0,171.0,193.0,193.0,121.0,99.5,0.29961712880728053,4,1
small-world/scale-free,200,19,156,119.0,188.0,168.0,168.0,184.0,184.0,142.0,99.5,0.29961712880728053,4,1
small-world/scale-free,200,19,157,119.0,135.0,183.0,182.0,136.0,136.0,162.0,99.5,0.29961712880728053,4,1
small-world/scale-free,200,19,158,119.0,161.0,86.0,85.0,163.0,163.0,146.0,99.5,0.29961712880728053,4,1
small-world/scale-free,200,19,159,80.0,153.0,145.0,147.0,155.0,155.0,91.0,99.5,0.29961712880728053,4,1
small-world/scale-free,200,19,160,80.0,71.0,87.0,87.0,82.0,82.0,98.0,99.5,0.29961712880728053,4,1
small-world/scale-free,200,19,161,80.0,108.0,103.0,100.0,112.0,112.0,97.0,99.5,0.29961712880728053,4,1
small-world/scale-free,200,19,162,119.0,166.0,195.0,195.0,169.0,169.0,160.0,99.5,0.29961712880728053,4,1
small-world/scale-free,200,19,163,80.0,178.0,150.0,142.0,178.0,178.0,84.0,99.5,0.29961712880728053,4,1
small-world/scale-free,200,19,164,119.0,174.0,189.0,191.0,179.0,179.0,136.0,99.5,0.29961712880728053,4,1
small-world/scale-free,200,19,165,119.0,195.0,194.0,194.0,196.0,196.0,130.0,99.5,0.29961712880728053,4,1
small-world/scale-free,200,19,166,119.0,91.0,114.0,112.0,98.0,98.0,156.0,99.5,0.29961712880728053,4,1
small-world/scale-free,200,19,167,119.0,94.0,76.0,70.0,93.0,93.0,151.0,99.5,0.29961712880728053,4,1
small-world/scale-free,200,19,168,80.0,158.0,112.0,111.0,159.0,159.0,85.0,99.5,0.29961712880728053,4,1
small-world/scale-free,200,19,169,119.0,139.0,127.0,128.0,141.0,141.0,170.0,99.5,0.29961712880728053,4,1
small-world/scale-free,200,19,170,119.0,69.0,132.0,132.0,75.0,75.0,172.0,99.5,0.29961712880728053,4,1
small-world/scale-free,200,19,171,119.0,182.0,195.0,195.0,181.0,181.0,153.0,99.5,0.29961712880728053,4,1
small-world/scale-free,200,19,172,119.0,171.0,162.0,160.0,173.0,173.0,132.0,99.5,0.29961712880728053,4,1
small-world/scale-free,200,19,173,119.0,144.0,158.0,154.0,157.0,157.0,137.0,99.5,0.29961712880728053,4,1
small-world/scale-free,200,19,174,119.0,179.0,180.0,180.0,180.0,180.0,133.0,99.5,0.29961712880728053,4,1
small-world/scale-free,200,19,175,119.0,189.0,166.0,164.0,189.0,189.0,124.0,99.5,0.29961712880728053,4,1
small-world/scale-free,200,19,176,119.0,107.0,117.0,117.0,104.0,104.0,185.0,99.5,0.29961712880728053,4,1
small-world/scale-free,200,19,177,119.0,196.0,195.0,195.0,195.0,195.0,134.0,99.5,0.29961712880728053,4,1
small-world/scale-free,200,19,178,80.0,184.0,138.0,134.0,186.0,186.0,80.0,99.5,0.29961712880728053,4,1
small-world/scale-free,200,19,179,80.0,121.0,56.0,53.0,125.0,125.0,81.0,99.5,0.29961712880728053,4,1
small-world/scale-free,200,19,180,119.0,193.0,98.0,96.0,194.0,194.0,119.0,99.5,0.29961712880728053,4,1
small-world/scale-free,200,19,181,119.0,135.0,123.0,123.0,138.0,138.0,166.0,99.5,0.29961712880728053,4,1
small-world/scale-free,200,19,182,119.0,166.0,74.0,72.0,166.0,166.0,138.0,99.5,0.29961712880728053,4,1
small-world/scale-free,200,19,183,119.0,67.0,184.0,183.0,80.0,80.0,190.0,99.5,0.29961712880728053,4,1
small-world/scale-free,200,19,184,119.0,125.0,142.0,139.0,127.0,127.0,148.0,99.5,0.29961712880728053,4,1
small-world/scale-free,200,19,185,119.0,114.0,154.0,152.0,120.0,120.0,184.0,99.5,0.29961712880728053,4,1
small-world/scale-free,200,19,186,119.0,190.0,161.0,163.0,189.0,189.0,125.0,99.5,0.29961712880728053,4,1
small-world/scale-free,200,19,187,119.0,78.0,141.0,144.0,90.0,90.0,181.0,99.5,0.29961712880728053,4,1
small-world/scale-free,200,19,188,119.0,112.0,136.0,136.0,118.0,118.0,154.0,99.5,0.29961712880728053,4,1
small-world/scale-free,200,19,189,119.0,81.0,165.0,170.0,84.0,84.0,191.0,99.5,0.29961712880728053,4,1
small-world/scale-free,200,19,190,119.0,97.0,82.0,79.0,99.0,99.0,176.0,99.5,0.29961712880728053,4,1
small-world/scale-free,200,19,191,119.0,156.0,122.0,122.0,156.0,156.0,140.0,99.5,0.29961712880728053,4,1
small-world/scale-free,200,19,192,119.0,99.0,163.0,165.0,101.0,101.0,178.0,99.5,0.29961712880728053,4,1
small-world/scale-free,200,19,193,119.0,153.0,182.0,184.0,158.0,158.0,143.0,99.5,0.29961712880728053,4,1
small-world/scale-free,200,19,194,119.0,128.0,148.0,145.0,132.0,132.0,175.0,99.5,0.29961712880728053,4,1
small-world/scale-free,200,19,195,119.0,196.0,157.0,156.0,199.0,199.0,123.0,99.5,0.29961712880728053,4,1
small-world/scale-free,200,19,196,119.0,62.0,133.0,135.0,76.0,76.0,159.0,99.5,0.29961712880728053,4,1
small-world/scale-free,200,19,197,119.0,184.0,92.0,91.0,187.0,187.0,128.0,99.5,0.29961712880728053,4,1
small-world/scale-free,200,19,198,119.0,98.0,85.0,86.0,93.0,93.0,188.0,99.5,0.29961712880728053,4,1
small-world/scale-free,200,19,199,119.0,91.0,110.0,116.0,92.0,92.0,180.0,99.5,0.29961712880728053,4,1
small-world/scale-free,200,20,0,1.0,2.0,1.0,1.0,1.0,1.0,1.0,99.5,0.3311109976679438,4,1
small-world/scale-free,200,20,1,11.0,12.0,11.0,11.0,12.0,12.0,11.0,99.5,0.3311109976679438,4,1
small-world/scale-free,200,20,2,4.0,5.0,4.0,4.0,4.0,4.0,4.0,99.5,0.3311109976679438,4,1
small-world/scale-free,200,20,3,3.0,1.0,2.0,2.0,2.0,2.0,3.0,99.5,0.3311109976679438,4,1
small-world/scale-free,200,20,4,5.0,4.0,5.0,5.0,5.0,5.0,5.0,99.5,0.3311109976679438,4,1
small-world/scale-free,200,20,5,19.0,9.0,19.0,19.0,11.0,11.0,20.0,99.5,0.3311109976679438,4,1
small-world/scale-free,200,20,6,21.0,6.0,20.0,21.0,8.0,8.0,23.0,99.5,0.3311109976679438,4,1
small-world/scale-free,200,20,7,87.0,34.0,131.0,142.0,38.0,38.0,123.0,99.5,0.3311109976679438,4,1
small-world/scale-free,200,20,8,6.0,8.0,6.0,6.0,6.0,6.0,6.0,99.5,0.3311109976679438,4,1
small-world/scale-free,200,20,9,8.0,16.0,10.0,10.0,13.0,13.0,8.0,99.5,0.3311109976679438,4,1
small-world/scale-free,200,20,10,2.0,3.0,3.0,3.0,3.0,3.0,2.0,99.5,0.3311109976679438,4,1
small-world/scale-free,200,20,11,9.0,7.0,7.0,7.0,7.0,7.0,10.0,99.5,0.3311109976679438,4,1
small-world/scale-free,200,20,12,40.0,22.0,45.0,48.0,24.0,24.0,56.0,99.5,0.3311109976679438,4,1
small-world/scale-free,200,20,13,40.0,29.0,32.0,33.0,30.0,30.0,49.0,99.5,0.3311109976679438,4,1
small-world/scale-free,200,20,14,12.0,13.0,14.0,14.0,14.0,14.0,13.0,99.5,0.3311109976679438,4,1
small-world/scale-free,200,20,15,21.0,19.0,21.0,20.0,21.0,21.0,22.0,99.5,0.3311109976679438,4,1
small-world/scale-free,200,20,16,7.0,10.0,9.0,9.0,9.0,9.0,7.0,99.5,0.3311109976679438,4,1
small-world/scale-free,200,20,17,30.0,52.0,27.0,27.0,51.0,51.0,37.0,99.5,0.3311109976679438,4,1
small-world/scale-free,200,20,18,19.0,48.0,22.0,22.0,36.0,36.0,19.0,99.5,0.3311109976679438,4,1
small-world/scale-free,200,20,19,57.0,101.0,107.0,107.0,98.0,98.0,73.0,99.5,0.3311109976679438,4,1
small-world/scale-free,200,20,20,24.0,28.0,40.0,38.0,27.0,27.0,29.0,99.5,0.3311109976679438,4,1
small-world/scale-free,200,20,21,57.0,43.0,52.0,51.0,49.0,49.0,79.0,99.5,0.3311109976679438,4,1
small-world/scale-free,200,20,22,40.0,14.0,24.0,25.0,17.0,17.0,53.0,99.5,0.3311109976679438,4,1
small-world/scale-free,200,20,23,40.0,51.0,108.0,106.0,46.0,46.0,50.0,99.5,0.3311109976679438,4,1
small-world/scale-free,200,20,24,9.0,10.0,8.0,8.0,10.0,10.0,9.0,99.5,0.3311109976679438,4,1
small-world/scale-free,200,20,25,12.0,18.0,13.0,13.0,18.0,18.0,14.0,99.5,0.3311109976679438,4,1
small-world/scale-free,200,20,26,17.0,26.0,25.0,24.0,20.0,20.0,18.0,99.5,0.3311109976679438,4,1
small-world/scale-free,200,20,27,17.0,15.0,12.0,12.0,16.0,16.0,17.0,99.5,0.3311109976679438,4,1
small-world/scale-free,200,20,28,40.0,78.0,50.0,50.0,80.0,80.0,55.0,99.5,0.3311109976679438,4,1
small-world/scale-free,200,20,29,30.0,116.0,47.0,45.0,110.0,110.0,33.0,99.5,0.3311109976679438,4,1
small-world/scale-free,200,20,30,57.0,119.0,90.0,90.0,112.0,112.0,85.0,99.5,0.3311109976679438,4,1
small-world/scale-free,200,20,31,87.0,67.0,78.0,78.0,76.0,76.0,115.0,99.5,0.3311109976679438,4,1
small-world/scale-free,200,20,32,87.0,67.0,157.0,158.0,68.0,68.0,117.0,99.5,0.3311109976679438,4,1
small-world/scale-free,200,20,33,40.0,82.0,97.0,100.0,86.0,86.0,52.0,99.5,0.3311109976679438,4,1
small-world/scale-free,200,20,34,30.0,19.0,18.0,18.0,22.0,22.0,32.0,99.5,0.3311109976679438,4,1
small-world/scale-free,200,20,35,24.0,85.0,39.0,41.0,67.0,67.0,28.0,99.5,0.3311109976679438,4,1
small-world/scale-free,200,20,36,124.0,176.0,163.0,163.0,177.0,177.0,155.0,99.5,0.3311109976679438,4,1
small-world/scale-free,200,20,37,87.0,43.0,74.0,81.0,45.0,45.0,119.0,99.5,0.3311109976679438,4,1
small-world/scale-free,200,20,38,40.0,37.0,33.0,32.0,33.0,33.0,54.0,99.5,0.3311109976679438,4,1
small-world/scale-free,200,20,39,40.0,85.0,44.0,44.0,87.0,87.0,46.0,99.5,0.3311109976679438,4,1
small-world/scale-free,200,20,40,15.0,39.0,16.0,17.0,26.0,26.0,16.0,99.5,0.3311109976679438,4,1
small-world/scale-free,200,20,41,57.0,105.0,132.0,129.0,94.0,94.0,64.0,99.5,0.3311109976679438,4,1
small-world/scale-free,200,20,42,30.0,72.0,42.0,42.0,60.0,60.0,38.0,99.5,0.3311109976679438,4,1
small-world/scale-free,200,20,43,124.0,117.0,195.0,194.0,125.0,125.0,182.0,99.5,0.3311109976679438,4,1
small-world/scale-free,200,20,44,30.0,157.0,72.0,68.0,140.0,140.0,35.0,99.5,0.3311109976679438,4,1
small-world/scale-free,200,20,45,40.0,40.0,62.0,60.0,39.0,39.0,51.0,99.5,0.3311109976679438,4,1
small-world/scale-free,200,20,46,30.0,117.0,67.0,65.0,104.0,104.0,39.0,99.5,0.3311109976679438,4,1
small-world/scale-free,200,20,47,57.0,23.0,51.0,52.0,29.0,29.0,86.0,99.5,0.3311109976679438,4,1
small-world/scale-free,200,20,48,57.0,74.0,76.0,76.0,75.0,75.0,78.0,99.5,0.3311109976679438,4,1
small-world/scale-free,200,20,49,57.0,42.0,38.0,40.0,41.0,41.0,77.0,99.5,0.3311109976679438,4,1
small-world/scale-free,200,20,50,15.0,17.0,17.0,16.0,15.0,15.0,15.0,99.5,0.3311109976679438,4,1
small-world/scale-free,200,20,51,87.0,61.0,75.0,77.0,71.0,71.0,116.0,99.5,0.3311109976679438,4,1
small-world/scale-free,200,20,52,40.0,67.0,37.0,37.0,57.0,57.0,48.0,99.5,0.3311109976679438,4,1
small-world/scale-free,200,20,53,87.0,43.0,152.0,156.0,50.0,50.0,121.0,99.5,0.3311109976679438,4,1
small-world/scale-free,200,20,54,124.0,71.0,181.0,180.0,65.0,65.0,193.0,99.5,0.3311109976679438,4,1
small-world/scale-free,200,20,55,57.0,148.0,142.0,136.0,149.0,149.0,80.0,99.5,0.3311109976679438,4,1
small-world/scale-free,200,20,56,21.0,130.0,43.0,43.0,109.0,109.0,21.0,99.5,0.3311109976679438,4,1
small-world/scale-free,200,20,57,57.0,85.0,81.0,83.0,84.0,84.0,82.0,99.5,0.3311109976679438,4,1
small-world/scale-free,200,20,58,24.0,159.0,54.0,53.0,142.0,142.0,25.0,99.5,0.3311109976679438,4,1
small-world/scale-free,200,20,59,40.0,153.0,73.0,74.0,148.0,148.0,43.0,99.5,0.3311109976679438,4,1
small-world/scale-free,200,20,60,30.0,65.0,26.0,26.0,61.0,61.0,30.0,99.5,0.3311109976679438,4,1
small-world/scale-free,200,20,61,124.0,114.0,194.0,196.0,123.0,123.0,187.0,99.5,0.3311109976679438,4,1
small-world/scale-free,200,20,62,87.0,170.0,140.0,138.0,166.0,166.0,106.0,99.5,0.3311109976679438,4,1
small-world/scale-free,200,20,63,57.0,90.0,49.0,46.0,93.0,93.0,71.0,99.5,0.3311109976679438,4,1
small-world/scale-free,200,20,64,40.0,76.0,68.0,69.0,78.0,78.0,44.0,99.5,0.3311109976679438,4,1
small-world/scale-free,200,20,65,12.0,23.0,15.0,15.0,19.0,19.0,12.0,99.5,0.3311109976679438,4,1
small-world/scale-free,200,20,66,40.0,80.0,80.0,71.0,74.0,74.0,45.0,99.5,0.3311109976679438,4,1
small-world/scale-free,200,20,67,57.0,107.0,112.0,114.0,108.0,108.0,68.0,99.5,0.3311109976679438,4,1
small-world/scale-free,200,20,68,24.0,33.0,23.0,23.0,25.0,25.0,26.0,99.5,0.3311109976679438,4,1
small-world/scale-free,200,20,69,57.0,94.0,69.0,70.0,91.0,91.0,67.0,99.5,0.3311109976679438,4,1
small-world/scale-free,200,20,70,87.0,60.0,94.0,94.0,66.0,66.0,113.0,99.5,0.3311109976679438,4,1
small-world/scale-free,200,20,71,87.0,34.0,109.0,113.0,40.0,40.0,120.0,99.5,0.3311109976679438,4,1
small-world/scale-free,200,20,72,30.0,46.0,28.0,29.0,43.0,43.0,36.0,99.5,0.3311109976679438,4,1
small-world/scale-free,200,20,73,124.0,111.0,139.0,137.0,114.0,114.0,181.0,99.5,0.3311109976679438,4,1
small-world/scale-free,200,20,74,40.0,158.0,89.0,87.0,150.0,150.0,41.0,99.5,0.3311109976679438,4,1
small-world/scale-free,200,20,75,30.0,144.0,77.0,72.0,135.0,135.0,31.0,99.5,0.3311109976679438,4,1
small-world/scale-free,200,20,76,124.0,79.0,188.0,186.0,81.0,81.0,184.0,99.5,0.3311109976679438,4,1
small-world/scale-free,200,20,77,40.0,159.0,86.0,85.0,158.0,158.0,40.0,99.5,0.3311109976679438,4,1
small-world/scale-free,200,20,78,200.0,97.0,198.0,198.0,101.0,101.0,200.0,99.5,0.3311109976679438,4,1
small-world/scale-free,200,20,79,87.0,139.0,88.0,93.0,129.0,129.0,104.0,99.5,0.3311109976679438,4,1
small-world/scale-free,200,20,80,87.0,52.0,41.0,39.0,55.0,55.0,109.0,99.5,0.3311109976679438,4,1
small-world/scale-free,200,20,81,124.0,182.0,189.0,187.0,180.0,180.0,163.0,99.5,0.3311109976679438,4,1
small-world/scale-free,200,20,82,57.0,190.0,99.0,99.0,188.0,188.0,58.0,99.5,0.3311109976679438,4,1
small-world/scale-free,200,20,83,30.0,21.0,35.0,34.0,23.0,23.0,34.0,99.5,0.3311109976679438,4,1
small-world/scale-free,200,20,84,24.0,125.0,56.0,56.0,113.0,113.0,27.0,99.5,0.3311109976679438,4,1
small-world/scale-free,200,20,85,57.0,134.0,55.0,54.0,134.0,134.0,65.0,99.5,0.3311109976679438,4,1
small-world/scale-free,200,20,86,87.0,25.0,48.0,49.0,31.0,31.0,111.0,99.5,0.3311109976679438,4,1
small-world/scale-free,200,20,87,124.0,90.0,143.0,141.0,107.0,107.0,152.0,99.5,0.3311109976679438,4,1
small-world/scale-free,200,20,88,87.0,26.0,169.0,169.0,28.0,28.0,122.0,99.5,0.3311109976679438,4,1
small-world/scale-free,200,20,89,87.0,130.0,106.0,104.0,131.0,131.0,108.0,99.5,0.3311109976679438,4,1
small-world/scale-free,200,20,90,87.0,114.0,84.0,86.0,117.0,117.0,102.0,99.5,0.3311109976679438,4,1
small-world/scale-free,200,20,91,87.0,153.0,85.0,80.0,156.0,156.0,100.0,99.5,0.3311109976679438,4,1
small-world/scale-free,200,20,92,124.0,90.0,95.0,98.0,103.0,103.0,169.0,99.5,0.3311109976679438,4,1
small-world/scale-free,200,20,93,124.0,31.0,138.0,147.0,37.0,37.0,198.0,99.5,0.3311109976679438,4,1
small-world/scale-free,200,20,94,57.0,47.0,87.0,88.0,48.0,48.0,72.0,99.5,0.3311109976679438,4,1
small-world/scale-free,200,20,95,124.0,34.0,179.0,185.0,42.0,42.0,199.0,99.5,0.3311109976679438,4,1
small-world/scale-free,200,20,96,40.0,141.0,79.0,82.0,133.0,133.0,47.0,99.5,0.3311109976679438,4,1
small-world/scale-free,200,20,97,124.0,98.0,182.0,183.0,96.0,96.0,178.0,99.5,0.3311109976679438,4,1
small-world/scale-free,200,20,98,57.0,52.0,53.0,55.0,54.0,54.0,81.0,99.5,0.3311109976679438,4,1
small-world/scale-free,200,20,99,124.0,121.0,125.0,125.0,125.0,125.0,150.0,99.5,0.3311109976679438,4,1
small-world/scale-free,200,20,100,124.0,55.0,144.0,144.0,69.0,69.0,197.0,99.5,0.3311109976679438,4,1
small-world/scale-free,200,20,101,87.0,85.0,101.0,103.0,85.0,85.0,118.0,99.5,0.3311109976679438,4,1
small-world/scale-free,200,20,102,87.0,58.0,63.0,64.0,61.0,61.0,112.0,99.5,0.3311109976679438,4,1
small-world/scale-free,200,20,103,57.0,128.0,61.0,61.0,130.0,130.0,70.0,99.5,0.3311109976679438,4,1
small-world/scale-free,200,20,104,87.0,171.0,93.0,91.0,167.0,167.0,94.0,99.5,0.3311109976679438,4,1
small-world/scale-free,200,20,105,87.0,165.0,100.0,97.0,165.0,165.0,91.0,99.5,0.3311109976679438,4,1
small-world/scale-free,200,20,106,57.0,62.0,122.0,124.0,52.0,52.0,76.0,99.5,0.3311109976679438,4,1
small-world/scale-free,200,20,107,87.0,124.0,135.0,132.0,118.0,118.0,114.0,99.5,0.3311109976679438,4,1
small-world/scale-free,200,20,108,57.0,80.0,34.0,36.0,73.0,73.0,62.0,99.5,0.3311109976679438,4,1
small-world/scale-free,200,20,109,124.0,163.0,171.0,170.0,163.0,163.0,154.0,99.5,0.3311109976679438,4,1
small-world/scale-free,200,20,110,57.0,31.0,58.0,62.0,32.0,32.0,84.0,99.5,0.3311109976679438,4,1
small-world/scale-free,200,20,111,124.0,138.0,176.0,174.0,138.0,138.0,160.0,99.5,0.3311109976679438,4,1
small-world/scale-free,200,20,112,40.0,125.0,91.0,89.0,124.0,124.0,42.0,99.5,0.3311109976679438,4,1
small-world/scale-free,200,20,113,124.0,165.0,186.0,188.0,168.0,168.0,147.0,99.5,0.3311109976679438,4,1
small-world/scale-free,200,20,114,124.0,49.0,180.0,179.0,53.0,53.0,195.0,99.5,0.3311109976679438,4,1
small-world/scale-free,200,20,115,24.0,76.0,29.0,28.0,56.0,56.0,24.0,99.5,0.3311109976679438,4,1
small-world/scale-free,200,20,116,124.0,153.0,165.0,165.0,162.0,162.0,144.0,99.5,0.3311109976679438,4,1
small-world/scale-free,200,20,117,124.0,174.0,154.0,151.0,174.0,174.0,157.0,99.5,0.3311109976679438,4,1
small-world/scale-free,200,20,118,57.0,119.0,59.0,57.0,120.0,120.0,69.0,99.5,0.3311109976679438,4,1
small-world/scale-free,200,20,119,87.0,94.0,151.0,148.0,92.0,92.0,110.0,99.5,0.3311109976679438,4,1
small-world/scale-free,200,20,120,57.0,98.0,70.0,75.0,88.0,88.0,59.0,99.5,0.3311109976679438,4,1
small-world/scale-free,200,20,121,87.0,140.0,148.0,149.0,147.0,147.0,98.0,99.5,0.3311109976679438,4,1
small-world/scale-free,200,20,122,124.0,134.0,98.0,95.0,138.0,138.0,165.0,99.5,0.3311109976679438,4,1
small-world/scale-free,200,20,123,124.0,163.0,150.0,150.0,170.0,170.0,149.0,99.5,0.3311109976679438,4,1
small-world/scale-free,200,20,124,57.0,38.0,60.0,67.0,34.0,34.0,83.0,99.5,0.3311109976679438,4,1
small-world/scale-free,200,20,125,87.0,67.0,30.0,30.0,76.0,76.0,97.0,99.5,0.3311109976679438,4,1
small-world/scale-free,200,20,126,87.0,168.0,96.0,96.0,164.0,164.0,101.0,99.5,0.3311109976679438,4,1
small-world/scale-free,200,20,127,124.0,168.0,173.0,172.0,173.0,173.0,141.0,99.5,0.3311109976679438,4,1
small-world/scale-free,200,20,128,57.0,90.0,57.0,58.0,83.0,83.0,61.0,99.5,0.3311109976679438,4,1
small-world/scale-free,200,20,129,124.0,134.0,155.0,155.0,144.0,144.0,177.0,99.5,0.3311109976679438,4,1
small-world/scale-free,200,20,130,87.0,153.0,64.0,59.0,154.0,154.0,96.0,99.5,0.3311109976679438,4,1
small-world/scale-free,200,20,131,87.0,148.0,104.0,105.0,146.0,146.0,99.0,99.5,0.3311109976679438,4,1
small-world/scale-free,200,20,132,124.0,192.0,159.0,160.0,191.0,191.0,132.0,99.5,0.3311109976679438,4,1
small-world/scale-free,200,20,133,124.0,175.0,185.0,184.0,181.0,181.0,143.0,99.5,0.3311109976679438,4,1
small-world/scale-free,200,20,134,124.0,148.0,168.0,166.0,155.0,155.0,142.0,99.5,0.3311109976679438,4,1
small-world/scale-free,200,20,135,124.0,110.0,137.0,140.0,115.0,115.0,166.0,99.5,0.3311109976679438,4,1
small-world/scale-free,200,20,136,57.0,62.0,36.0,35.0,63.0,63.0,75.0,99.5,0.3311109976679438,4,1
small-world/scale-free,200,20,137,57.0,55.0,66.0,66.0,59.0,59.0,74.0,99.5,0.3311109976679438,4,1
small-world/scale-free,200,20,138,124.0,147.0,130.0,127.0,153.0,153.0,156.0,99.5,0.3311109976679438,4,1
small-world/scale-free,200,20,139,57.0,189.0,102.0,101.0,187.0,187.0,57.0,99.5,0.3311109976679438,4,1
small-world/scale-free,200,20,140,57.0,74.0,31.0,31.0,82.0,82.0,63.0,99.5,0.3311109976679438,4,1
small-world/scale-free,200,20,141,124.0,49.0,141.0,145.0,58.0,58.0,179.0,99.5,0.3311109976679438,4,1
small-world/scale-free,200,20,142,124.0,84.0,116.0,119.0,90.0,90.0,186.0,99.5,0.3311109976679438,4,1
small-world/scale-free,200,20,143,124.0,186.0,161.0,161.0,186.0,186.0,134.0,99.5,0.3311109976679438,4,1
small-world/scale-free,200,20,144,57.0,55.0,46.0,47.0,46.0,46.0,66.0,99.5,0.3311109976679438,4,1
small-world/scale-free,200,20,145,124.0,111.0,153.0,154.0,115.0,115.0,191.0,99.5,0.3311109976679438,4,1
small-world/scale-free,200,20,146,124.0,173.0,113.0,110.0,172.0,172.0,151.0,99.5,0.3311109976679438,4,1
small-world/scale-free,200,20,147,87.0,172.0,83.0,79.0,171.0,171.0,89.0,99.5,0.3311109976679438,4,1
small-world/scale-free,200,20,148,124.0,199.0,191.0,191.0,199.0,199.0,133.0,99.5,0.3311109976679438,4,1
small-world/scale-free,200,20,149,124.0,141.0,114.0,108.0,151.0,151.0,167.0,99.5,0.3311109976679438,4,1
small-world/scale-free,200,20,150,124.0,85.0,82.0,84.0,95.0,95.0,138.0,99.5,0.3311109976679438,4,1
small-world/scale-free,200,20,151,124.0,109.0,172.0,176.0,119.0,119.0,168.0,99.5,0.3311109976679438,4,1
small-world/scale-free,200,20,152,124.0,94.0,134.0,134.0,100.0,100.0,190.0,99.5,0.3311109976679438,4,1
small-world/scale-free,200,20,153,124.0,83.0,65.0,63.0,89.0,89.0,159.0,99.5,0.3311109976679438,4,1
small-world/scale-free,200,20,154,124.0,180.0,184.0,182.0,178.0,178.0,139.0,99.5,0.3311109976679438,4,1
small-world/scale-free,200,20,155,87.0,72.0,105.0,111.0,70.0,70.0,107.0,99.5,0.3311109976679438,4,1
small-world/scale-free,200,20,156,124.0,146.0,111.0,112.0,159.0,159.0,146.0,99.5,0.3311109976679438,4,1
small-world/scale-free,200,20,157,124.0,133.0,174.0,173.0,127.0,127.0,183.0,99.5,0.3311109976679438,4,1
small-world/scale-free,200,20,158,124.0,165.0,186.0,188.0,168.0,168.0,147.0,99.5,0.3311109976679438,4,1
small-world/scale-free,200,20,159,124.0,180.0,198.0,198.0,178.0,178.0,153.0,99.5,0.3311109976679438,4,1
small-world/scale-free,200,20,160,124.0,148.0,193.0,195.0,152.0,152.0,170.0,99.5,0.3311109976679438,4,1
small-world/scale-free,200,20,161,124.0,143.0,126.0,130.0,144.0,144.0,161.0,99.5,0.3311109976679438,4,1
small-world/scale-free,200,20,162,124.0,130.0,129.0,133.0,137.0,137.0,185.0,99.5,0.3311109976679438,4,1
small-world/scale-free,200,20,163,124.0,182.0,119.0,121.0,185.0,185.0,130.0,99.5,0.3311109976679438,4,1
small-world/scale-free,200,20,164,57.0,161.0,115.0,115.0,157.0,157.0,60.0,99.5,0.3311109976679438,4,1
small-world/scale-free,200,20,165,87.0,197.0,136.0,128.0,195.0,195.0,87.0,99.5,0.3311109976679438,4,1
small-world/scale-free,200,20,166,124.0,123.0,149.0,143.0,136.0,136.0,172.0,99.5,0.3311109976679438,4,1
small-world/scale-free,200,20,167,124.0,196.0,170.0,171.0,197.0,197.0,129.0,99.5,0.3311109976679438,4,1
small-world/scale-free,200,20,168,87.0,98.0,133.0,139.0,97.0,97.0,93.0,99.5,0.3311109976679438,4,1
small-world/scale-free,200,20,169,87.0,193.0,124.0,117.0,193.0,193.0,88.0,99.5,0.3311109976679438,4,1
small-world/scale-free,200,20,170,124.0,101.0,196.0,193.0,102.0,102.0,135.0,99.5,0.3311109976679438,4,1
small-world/scale-free,200,20,171,124.0,103.0,147.0,153.0,105.0,105.0,131.0,99.5,0.3311109976679438,4,1
small-world/scale-free,200,20,172,87.0,66.0,71.0,73.0,72.0,72.0,103.0,99.5,0.3311109976679438,4,1
small-world/scale-free,200,20,173,124.0,62.0,178.0,177.0,79.0,79.0,194.0,99.5,0.3311109976679438,4,1
small-world/scale-free,200,20,174,124.0,107.0,198.0,198.0,111.0,111.0,145.0,99.5,0.3311109976679438,4,1
small-world/scale-free,200,20,175,124.0,188.0,120.0,116.0,190.0,190.0,125.0,99.5,0.3311109976679438,4,1
small-world/scale-free,200,20,176,124.0,194.0,164.0,164.0,194.0,194.0,136.0,99.5,0.3311109976679438,4,1
small-world/scale-free,200,20,177,124.0,176.0,197.0,197.0,176.0,176.0,171.0,99.5,0.3311109976679438,4,1
small-world/scale-free,200,20,178,124.0,103.0,177.0,178.0,99.0,99.0,188.0,99.5,0.3311109976679438,4,1
small-world/scale-free,200,20,179,87.0,144.0,92.0,92.0,143.0,143.0,95.0,99.5,0.3311109976679438,4,1
small-world/scale-free,200,20,180,87.0,178.0,128.0,131.0,175.0,175.0,105.0,99.5,0.3311109976679438,4,1
small-world/scale-free,200,20,181,124.0,128.0,158.0,157.0,132.0,132.0,175.0,99.5,0.3311109976679438,4,1
small-world/scale-free,200,20,182,124.0,134.0,160.0,159.0,141.0,141.0,180.0,99.5,0.3311109976679438,4,1
small-world/scale-free,200,20,183,124.0,30.0,117.0,120.0,35.0,35.0,192.0,99.5,0.3311109976679438,4,1
small-world/scale-free,200,20,184,124.0,106.0,110.0,109.0,106.0,106.0,189.0,99.5,0.3311109976679438,4,1
small-world/scale-free,200,20,185,124.0,161.0,183.0,181.0,161.0,161.0,173.0,99.5,0.3311109976679438,4,1
small-world/scale-free,200,20,186,124.0,113.0,123.0,122.0,120.0,120.0,162.0,99.5,0.3311109976679438,4,1
small-world/scale-free,200,20,187,124.0,200.0,162.0,162.0,200.0,200.0,124.0,99.5,0.3311109976679438,4,1
small-world/scale-free,200,20,188,124.0,185.0,156.0,152.0,189.0,189.0,126.0,99.5,0.3311109976679438,4,1
small-world/scale-free,200,20,189,124.0,184.0,127.0,123.0,182.0,182.0,140.0,99.5,0.3311109976679438,4,1
small-world/scale-free,200,20,190,87.0,187.0,103.0,102.0,184.0,184.0,92.0,99.5,0.3311109976679438,4,1
small-world/scale-free,200,20,191,87.0,178.0,118.0,118.0,183.0,183.0,90.0,99.5,0.3311109976679438,4,1
small-world/scale-free,200,20,192,124.0,58.0,121.0,126.0,64.0,64.0,176.0,99.5,0.3311109976679438,4,1
small-world/scale-free,200,20,193,124.0,122.0,167.0,168.0,120.0,120.0,174.0,99.5,0.3311109976679438,4,1
small-world/scale-free,200,20,194,124.0,152.0,175.0,175.0,160.0,160.0,164.0,99.5,0.3311109976679438,4,1
small-world/scale-free,200,20,195,124.0,194.0,190.0,190.0,196.0,196.0,127.0,99.5,0.3311109976679438,4,1
small-world/scale-free,200,20,196,124.0,125.0,145.0,146.0,128.0,128.0,158.0,99.5,0.3311109976679438,4,1
small-world/scale-free,200,20,197,124.0,190.0,146.0,135.0,192.0,192.0,128.0,99.5,0.3311109976679438,4,1
small-world/scale-free,200,20,198,124.0,40.0,166.0,167.0,44.0,44.0,196.0,99.5,0.3311109976679438,4,1
small-world/scale-free,200,20,199,124.0,198.0,192.0,192.0,198.0,198.0,137.0,99.5,0.3311109976679438,4,1
