small-world/scale-free,200,37,0,2.0,2.0,2.0,2.0,2.0,2.0,2.0,99.5,0.31622218104752436,4,1
small-world/scale-free,200,37,1,1.0,1.0,1.0,1.0,1.0,1.0,1.0,99.5,0.31622218104752436,4,1
small-world/scale-free,200,37,2,6.0,15.0,7.0,6.0,10.0,10.0,6.0,99.5,0.31622218104752436,4,1
small-world/scale-free,200,37,3,7.0,6.0,6.0,7.0,6.0,6.0,7.0,99.5,0.31622218104752436,4,1
small-world/scale-free,200,37,4,5.0,4.0,5.0,5.0,5.0,5.0,5.0,99.5,0.31622218104752436,4,1
small-world/scale-free,200,37,5,4.0,3.0,4.0,4.0,3.0,3.0,4.0,99.5,0.31622218104752436,4,1
small-world/scale-free,200,37,6,39.0,25.0,42.0,42.0,27.0,27.0,56.0,99.5,0.31622218104752436,4,1
small-world/scale-free,200,37,7,20.0,77.0,37.0,37.0,57.0,57.0,21.0,99.5,0.31622218104752436,4,1
small-world/scale-free,200,37,8,16.0,64.0,24.0,24.0,40.0,40.0,18.0,99.5,0.31622218104752436,4,1
small-world/scale-free,200,37,9,16.0,9.0,18.0,18.0,12.0,12.0,19.0,99.5,0.31622218104752436,4,1
small-world/scale-free,200,37,10,3.0,5.0,3.0,3.0,4.0,4.0,3.0,99.5,0.31622218104752436,4,1
small-world/scale-free,200,37,11,16.0,17.0,19.0,20.0,16.0,16.0,17.0,99.5,0.31622218104752436,4,1
small-world/scale-free,200,37,12,23.0,29.0,40.0,39.0,28.0,28.0,27.0,99.5,0.31622218104752436,4,1
small-world/scale-free,200,37,13,23.0,58.0,28.0,30.0,46.0,46.0,26.0,99.5,0.31622218104752436,4,1
small-world/scale-free,200,37,14,39.0,37.0,43.0,43.0,33.0,33.0,57.0,99.5,0.31622218104752436,4,1
small-world/scale-free,200,37,15,58.0,40.0,94.0,95.0,41.0,41.0,78.0,99.5,0.31622218104752436,4,1
small-world/scale-free,200,37,16,13.0,10.0,14.0,14.0,13.0,13.0,14.0,99.5,0.31622218104752436,4,1
small-world/scale-free,200,37,17,83.0,183.0,167.0,166.0,177.0,177.0,121.0,99.5,0.31622218104752436,4,1
small-world/scale-free,200,37,18,20.0,22.0,23.0,23.0,20.0,20.0,22.0,99.5,0.31622218104752436,4,1
small-world/scale-free,200,37,19,29.0,25.0,22.0,22.0,26.0,26.0,31.0,99.5,0.31622218104752436,4,1
small-world/scale-free,200,37,20,58.0,24.0,71.0,74.0,29.0,29.0,81.0,99.5,0.31622218104752436,4,1
small-world/scale-free,200,37,21,58.0,47.0,45.0,45.0,53.0,53.0,80.0,99.5,0.31622218104752436,4,1
small-world/scale-free,200,37,22,29.0,11.0,32.0,32.0,15.0,15.0,33.0,99.5,0.31622218104752436,4,1
small-world/scale-free,200,37,23,39.0,52.0,51.0,51.0,56.0,56.0,48.0,99.5,0.31622218104752436,4,1
small-world/scale-free,200,37,24,12.0,7.0,11.0,12.0,8.0,8.0,12.0,99.5,0.31622218104752436,4,1
small-world/scale-free,200,37,25,10.0,8.0,9.0,9.0,7.0,7.0,10.0,99.5,0.31622218104752436,4,1
small-world/scale-free,200,37,26,23.0,20.0,17.0,17.0,21.0,21.0,24.0,99.5,0.31622218104752436,4,1
small-world/scale-free,200,37,27,39.0,36.0,61.0,61.0,36.0,36.0,50.0,99.5,0.31622218104752436,4,1
small-world/scale-free,200,37,28,39.0,28.0,35.0,36.0,32.0,32.0,51.0,99.5,0.31622218104752436,4,1
small-world/scale-free,200,37,29,34.0,32.0,25.0,25.0,31.0,31.0,37.0,99.5,0.31622218104752436,4,1
small-world/scale-free,200,37,30,58.0,19.0,73.0,85.0,25.0,25.0,82.0,99.5,0.31622218104752436,4,1
small-world/scale-free,200,37,31,39.0,71.0,66.0,71.0,65.0,65.0,54.0,99.5,0.31622218104752436,4,1
small-world/scale-free,200,37,32,8.0,12.0,10.0,10.0,9.0,9.0,9.0,99.5,0.31622218104752436,4,1
small-world/scale-free,200,37,33,39.0,130.0,60.0,60.0,121.0,121.0,49.0,99.5,0.31622218104752436,4,1
small-world/scale-free,200,37,34,29.0,40.0,31.0,28.0,35.0,35.0,32.0,99.5,0.31622218104752436,4,1
small-world/scale-free,200,37,35,83.0,109.0,161.0,155.0,113.0,113.0,113.0,99.5,0.31622218104752436,4,1
small-world/scale-free,200,37,36,39.0,17.0,30.0,31.0,24.0,24.0,53.0,99.5,0.31622218104752436,4,1
small-world/scale-free,200,37,37,34.0,94.0,55.0,55.0,86.0,86.0,36.0,99.5,0.31622218104752436,4,1
small-world/scale-free,200,37,38,58.0,32.0,96.0,97.0,34.0,34.0,79.0,99.5,0.31622218104752436,4,1
small-world/scale-free,200,37,39,58.0,85.0,69.0,68.0,86.0,86.0,70.0,99.5,0.31622218104752436,4,1
small-world/scale-free,200,37,40,11.0,34.0,13.0,13.0,18.0,18.0,11.0,99.5,0.31622218104752436,4,1
small-world/scale-free,200,37,41,23.0,37.0,26.0,26.0,30.0,30.0,25.0,99.5,0.31622218104752436,4,1
small-world/scale-free,200,37,42,13.0,12.0,12.0,11.0,14.0,14.0,13.0,99.5,0.31622218104752436,4,1
small-world/scale-free,200,37,43,34.0,91.0,47.0,47.0,79.0,79.0,38.0,99.5,0.31622218104752436,4,1
small-world/scale-free,200,37,44,58.0,89.0,129.0,128.0,91.0,91.0,73.0,99.5,0.31622218104752436,4,1
small-world/scale-free,200,37,45,83.0,123.0,98.0,100.0,123.0,123.0,102.0,99.5,0.31622218104752436,4,1
small-world/scale-free,200,37,46,58.0,37.0,106.0,98.0,39.0,39.0,76.0,99.5,0.31622218104752436,4,1
small-world/scale-free,200,37,47,126.0,151.0,195.0,195.0,153.0,153.0,161.0,99.5,0.31622218104752436,4,1
small-world/scale-free,200,37,48,83.0,40.0,134.0,134.0,44.0,44.0,123.0,99.5,0.31622218104752436,4,1
small-world/scale-free,200,37,49,58.0,50.0,50.0,50.0,53.0,53.0,75.0,99.5,0.31622218104752436,4,1
small-world/scale-free,200,37,50,9.0,14.0,8.0,8.0,11.0,11.0,8.0,99.5,0.31622218104752436,4,1
small-world/scale-free,200,37,51,83.0,60.0,64.0,64.0,67.0,67.0,109.0,99.5,0.31622218104752436,4,1
small-world/scale-free,200,37,52,29.0,60.0,39.0,40.0,49.0,49.0,30.0,99.5,0.31622218104752436,4,1
small-world/scale-free,200,37,53,126.0,43.0,110.0,111.0,55.0,55.0,191.0,99.5,0.31622218104752436,4,1
small-world/scale-free,200,37,54,39.0,133.0,46.0,44.0,126.0,126.0,40.0,99.5,0.31622218104752436,4,1
small-world/scale-free,200,37,55,58.0,76.0,62.0,62.0,71.0,71.0,72.0,99.5,0.31622218104752436,4,1
small-world/scale-free,200,37,56,83.0,57.0,112.0,113.0,59.0,59.0,96.0,99.5,0.31622218104752436,4,1
small-world/scale-free,200,37,57,39.0,50.0,58.0,58.0,50.0,50.0,55.0,99.5,0.31622218104752436,4,1
small-world/scale-free,200,37,58,20.0,23.0,20.0,19.0,23.0,23.0,20.0,99.5,0.31622218104752436,4,1
small-world/scale-free,200,37,59,15.0,27.0,15.0,15.0,22.0,22.0,15.0,99.5,0.31622218104752436,4,1
small-world/scale-free,200,37,60,83.0,144.0,157.0,158.0,143.0,143.0,99.0,99.5,0.31622218104752436,4,1
small-world/scale-free,200,37,61,83.0,31.0,77.0,80.0,37.0,37.0,122.0,99.5,0.31622218104752436,4,1
small-world/scale-free,200,37,62,39.0,83.0,72.0,73.0,70.0,70.0,45.0,99.5,0.31622218104752436,4,1
small-world/scale-free,200,37,63,83.0,130.0,105.0,105.0,131.0,131.0,115.0,99.5,0.31622218104752436,4,1
small-world/scale-free,200,37,64,23.0,16.0,21.0,21.0,17.0,17.0,28.0,99.5,0.31622218104752436,4,1
small-world/scale-free,200,37,65,23.0,54.0,29.0,29.0,45.0,45.0,23.0,99.5,0.31622218104752436,4,1
small-world/scale-free,200,37,66,16.0,20.0,16.0,16.0,19.0,19.0,16.0,99.5,0.31622218104752436,4,1
small-world/scale-free,200,37,67,126.0,174.0,119.0,119.0,176.0,176.0,141.0,99.5,0.31622218104752436,4,1
small-world/scale-free,200,37,68,83.0,125.0,99.0,103.0,135.0,135.0,116.0,99.5,0.31622218104752436,4,1
small-world/scale-free,200,37,69,83.0,59.0,67.0,67.0,63.0,63.0,111.0,99.5,0.31622218104752436,4,1
small-world/scale-free,200,37,70,126.0,80.0,116.0,118.0,84.0,84.0,181.0,99.5,0.31622218104752436,4,1
small-world/scale-free,200,37,71,34.0,80.0,59.0,59.0,68.0,68.0,35.0,99.5,0.31622218104752436,4,1
small-world/scale-free,200,37,72,39.0,47.0,63.0,63.0,50.0,50.0,47.0,99.5,0.31622218104752436,4,1
small-world/scale-free,200,37,73,39.0,143.0,57.0,57.0,129.0,129.0,42.0,99.5,0.31622218104752436,4,1
small-world/scale-free,200,37,74,126.0,148.0,126.0,125.0,148.0,148.0,172.0,99.5,0.31622218104752436,4,1
small-world/scale-free,200,37,75,83.0,34.0,41.0,41.0,42.0,42.0,97.0,99.5,0.31622218104752436,4,1
small-world/scale-free,200,37,76,126.0,157.0,142.0,140.0,162.0,162.0,165.0,99.5,0.31622218104752436,4,1
small-world/scale-free,200,37,77,83.0,71.0,102.0,106.0,76.0,76.0,108.0,99.5,0.31622218104752436,4,1
small-world/scale-free,200,37,78,58.0,120.0,82.0,86.0,108.0,108.0,66.0,99.5,0.31622218104752436,4,1
small-world/scale-free,200,37,79,126.0,175.0,160.0,157.0,181.0,181.0,142.0,99.5,0.31622218104752436,4,1
small-world/scale-free,200,37,80,58.0,135.0,86.0,88.0,125.0,125.0,77.0,99.5,0.31622218104752436,4,1
small-world/scale-free,200,37,81,126.0,155.0,140.0,133.0,154.0,154.0,170.0,99.5,0.31622218104752436,4,1
small-world/scale-free,200,37,82,126.0,123.0,184.0,183.0,128.0,128.0,167.0,99.5,0.31622218104752436,4,1
small-world/scale-free,200,37,83,39.0,54.0,33.0,34.0,52.0,52.0,52.0,99.5,0.31622218104752436,4,1
small-world/scale-free,200,37,84,83.0,66.0,100.0,109.0,72.0,72.0,124.0,99.5,0.31622218104752436,4,1
small-world/scale-free,200,37,85,83.0,112.0,103.0,99.0,115.0,115.0,119.0,99.5,0.31622218104752436,4,1
small-world/scale-free,200,37,86,58.0,118.0,115.0,117.0,110.0,110.0,68.0,99.5,0.31622218104752436,4,1
small-world/scale-free,200,37,87,83.0,151.0,83.0,84.0,150.0,150.0,93.0,99.5,0.31622218104752436,4,1
small-world/scale-free,200,37,88,83.0,112.0,128.0,129.0,116.0,116.0,110.0,99.5,0.31622218104752436,4,1
small-world/scale-free,200,37,89,58.0,64.0,53.0,54.0,69.0,69.0,69.0,99.5,0.31622218104752436,4,1
small-world/scale-free,200,37,90,126.0,78.0,150.0,163.0,81.0,81.0,194.0,99.5,0.31622218104752436,4,1
small-world/scale-free,200,37,91,126.0,99.0,191.0,189.0,102.0,102.0,180.0,99.5,0.31622218104752436,4,1
small-world/scale-free,200,37,92,58.0,140.0,88.0,87.0,134.0,134.0,71.0,99.5,0.31622218104752436,4,1
small-world/scale-free,200,37,93,126.0,52.0,121.0,126.0,62.0,62.0,199.0,99.5,0.31622218104752436,4,1
small-world/scale-free,200,37,94,83.0,85.0,124.0,122.0,84.0,84.0,100.0,99.5,0.31622218104752436,4,1
small-world/scale-free,200,37,95,83.0,146.0,97.0,96.0,142.0,142.0,112.0,99.5,0.31622218104752436,4,1
small-world/scale-free,200,37,96,39.0,68.0,36.0,35.0,64.0,64.0,43.0,99.5,0.31622218104752436,4,1
small-world/scale-free,200,37,97,83.0,112.0,84.0,81.0,117.0,117.0,90.0,99.5,0.31622218104752436,4,1
small-world/scale-free,200,37,98,126.0,173.0,183.0,184.0,173.0,173.0,153.0,99.5,0.31622218104752436,4,1
small-world/scale-free,200,37,99,83.0,29.0,131.0,131.0,37.0,37.0,125.0,99.5,0.31622218104752436,4,1
small-world/scale-free,200,37,100,58.0,112.0,178.0,170.0,109.0,109.0,63.0,99.5,0.31622218104752436,4,1
small-world/scale-free,200,37,101,83.0,118.0,68.0,66.0,118.0,118.0,105.0,99.5,0.31622218104752436,4,1
small-world/scale-free,200,37,102,83.0,186.0,120.0,121.0,183.0,183.0,104.0,99.5,0.31622218104752436,4,1
small-world/scale-free,200,37,103,126.0,96.0,169.0,167.0,100.0,100.0,187.0,99.5,0.31622218104752436,4,1
small-world/scale-free,200,37,104,58.0,103.0,75.0,75.0,92.0,92.0,74.0,99.5,0.31622218104752436,4,1
small-world/scale-free,200,37,105,34.0,137.0,34.0,33.0,126.0,126.0,34.0,99.5,0.31622218104752436,4,1
small-world/scale-free,200,37,106,126.0,66.0,196.0,196.0,73.0,73.0,195.0,99.5,0.31622218104752436,4,1
small-world/scale-free,200,37,107,126.0,99.0,179.0,178.0,98.0,98.0,160.0,99.5,0.31622218104752436,4,1
small-world/scale-free,200,37,108,29.0,44.0,27.0,27.0,43.0,43.0,29.0,99.5,0.31622218104752436,4,1
small-world/scale-free,200,37,109,83.0,63.0,132.0,135.0,61.0,61.0,117.0,99.5,0.31622218104752436,4,1
small-world/scale-free,200,37,110,126.0,60.0,114.0,112.0,66.0,66.0,192.0,99.5,0.31622218104752436,4,1
small-world/scale-free,200,37,111,126.0,129.0,153.0,159.0,136.0,136.0,182.0,99.5,0.31622218104752436,4,1
small-world/scale-free,200,37,112,126.0,78.0,173.0,172.0,81.0,81.0,197.0,99.5,0.31622218104752436,4,1
small-world/scale-free,200,37,113,58.0,166.0,80.0,78.0,161.0,161.0,65.0,99.5,0.31622218104752436,4,1
small-world/scale-free,200,37,114,126.0,111.0,194.0,194.0,114.0,114.0,152.0,99.5,0.31622218104752436,4,1
small-world/scale-free,200,37,115,39.0,168.0,56.0,56.0,157.0,157.0,39.0,99.5,0.31622218104752436,4,1
small-world/scale-free,200,37,116,126.0,85.0,104.0,102.0,94.0,94.0,154.0,99.5,0.31622218104752436,4,1
small-world/scale-free,200,37,117,126.0,135.0,138.0,137.0,141.0,141.0,149.0,99.5,0.31622218104752436,4,1
small-world/scale-free,200,37,118,126.0,180.0,193.0,193.0,180.0,180.0,162.0,99.5,0.31622218104752436,4,1
small-world/scale-free,200,37,119,126.0,191.0,181.0,180.0,189.0,189.0,139.0,99.5,0.31622218104752436,4,1
small-world/scale-free,200,37,120,58.0,179.0,52.0,52.0,174.0,174.0,62.0,99.5,0.31622218104752436,4,1
small-world/scale-free,200,37,121,39.0,176.0,85.0,83.0,160.0,160.0,41.0,99.5,0.31622218104752436,4,1
small-world/scale-free,200,37,122,126.0,130.0,159.0,153.0,140.0,140.0,185.0,99.5,0.31622218104752436,4,1
small-world/scale-free,200,37,123,39.0,47.0,44.0,46.0,47.0,47.0,46.0,99.5,0.31622218104752436,4,1
small-world/scale-free,200,37,124,83.0,56.0,133.0,142.0,60.0,60.0,120.0,99.5,0.31622218104752436,4,1
small-world/scale-free,200,37,125,126.0,147.0,127.0,127.0,151.0,151.0,163.0,99.5,0.31622218104752436,4,1
small-world/scale-free,200,37,126,126.0,98.0,155.0,161.0,105.0,105.0,189.0,99.5,0.31622218104752436,4,1
small-world/scale-free,200,37,127,83.0,45.0,38.0,38.0,48.0,48.0,103.0,99.5,0.31622218104752436,4,1
small-world/scale-free,200,37,128,58.0,151.0,54.0,53.0,147.0,147.0,61.0,99.5,0.31622218104752436,4,1
small-world/scale-free,200,37,129,58.0,103.0,48.0,48.0,96.0,96.0,67.0,99.5,0.31622218104752436,4,1
small-world/scale-free,200,37,130,83.0,142.0,149.0,148.0,145.0,145.0,114.0,99.5,0.31622218104752436,4,1
small-world/scale-free,200,37,131,39.0,109.0,49.0,49.0,101.0,101.0,44.0,99.5,0.31622218104752436,4,1
small-world/scale-free,200,37,132,126.0,159.0,187.0,188.0,157.0,157.0,173.0,99.5,0.31622218104752436,4,1
small-world/scale-free,200,37,133,126.0,165.0,79.0,77.0,164.0,164.0,132.0,99.5,0.31622218104752436,4,1
small-world/scale-free,200,37,134,126.0,92.0,165.0,165.0,97.0,97.0,177.0,99.5,0.31622218104752436,4,1
small-world/scale-free,200,37,135,58.0,148.0,81.0,76.0,152.0,152.0,60.0,99.5,0.31622218104752436,4,1
small-world/scale-free,200,37,136,83.0,181.0,164.0,162.0,184.0,184.0,85.0,99.5,0.31622218104752436,4,1
small-world/scale-free,200,37,137,126.0,140.0,118.0,115.0,144.0,144.0,155.0,99.5,0.31622218104752436,4,1
small-world/scale-free,200,37,138,126.0,127.0,189.0,191.0,132.0,132.0,183.0,99.5,0.31622218104752436,4,1
small-world/scale-free,200,37,139,83.0,171.0,111.0,110.0,172.0,172.0,89.0,99.5,0.31622218104752436,4,1
small-world/scale-free,200,37,140,126.0,181.0,182.0,182.0,182.0,182.0,144.0,99.5,0.31622218104752436,4,1
small-world/scale-free,200,37,141,126.0,177.0,177.0,174.0,179.0,179.0,143.0,99.5,0.31622218104752436,4,1
small-world/scale-free,200,37,142,83.0,189.0,141.0,136.0,187.0,187.0,87.0,99.5,0.31622218104752436,4,1
small-world/scale-free,200,37,143,126.0,99.0,162.0,160.0,107.0,107.0,176.0,99.5,0.31622218104752436,4,1
small-world/scale-free,200,37,144,83.0,89.0,144.0,145.0,94.0,94.0,107.0,99.5,0.31622218104752436,4,1
small-world/scale-free,200,37,145,126.0,199.0,174.0,175.0,199.0,199.0,130.0,99.5,0.31622218104752436,4,1
small-world/scale-free,200,37,146,126.0,144.0,175.0,179.0,145.0,145.0,193.0,99.5,0.31622218104752436,4,1
small-world/scale-free,200,37,147,83.0,71.0,137.0,141.0,80.0,80.0,118.0,99.5,0.31622218104752436,4,1
small-world/scale-free,200,37,148,126.0,163.0,87.0,79.0,171.0,171.0,146.0,99.5,0.31622218104752436,4,1
small-world/scale-free,200,37,149,58.0,194.0,113.0,114.0,194.0,194.0,59.0,99.5,0.31622218104752436,4,1
small-world/scale-free,200,37,150,83.0,151.0,109.0,108.0,149.0,149.0,92.0,99.5,0.31622218104752436,4,1
small-world/scale-free,200,37,151,126.0,99.0,93.0,90.0,102.0,102.0,147.0,99.5,0.31622218104752436,4,1
small-world/scale-free,200,37,152,83.0,106.0,76.0,82.0,111.0,111.0,106.0,99.5,0.31622218104752436,4,1
small-world/scale-free,200,37,153,83.0,163.0,135.0,132.0,166.0,166.0,91.0,99.5,0.31622218104752436,4,1
small-world/scale-free,200,37,154,83.0,138.0,70.0,69.0,138.0,138.0,88.0,99.5,0.31622218104752436,4,1
small-world/scale-free,200,37,155,83.0,71.0,90.0,94.0,78.0,78.0,101.0,99.5,0.31622218104752436,4,1
small-world/scale-free,200,37,156,126.0,200.0,196.0,196.0,200.0,200.0,128.0,99.5,0.31622218104752436,4,1
small-world/scale-free,200,37,157,126.0,69.0,168.0,168.0,74.0,74.0,188.0,99.5,0.31622218104752436,4,1
small-world/scale-free,200,37,158,83.0,160.0,125.0,120.0,167.0,167.0,86.0,99.5,0.31622218104752436,4,1
small-world/scale-free,200,37,159,200.0,133.0,196.0,196.0,139.0,139.0,200.0,99.5,0.31622218104752436,4,1
small-world/scale-free,200,37,160,58.0,167.0,95.0,91.0,165.0,165.0,64.0,99.5,0.31622218104752436,4,1
small-world/scale-free,200,37,161,83.0,107.0,91.0,93.0,112.0,112.0,98.0,99.5,0.31622218104752436,4,1
small-world/scale-free,200,37,162,126.0,127.0,189.0,191.0,132.0,132.0,183.0,99.5,0.31622218104752436,4,1
small-world/scale-free,200,37,163,83.0,121.0,171.0,173.0,130.0,130.0,94.0,99.5,0.31622218104752436,4,1
small-world/scale-free,200,37,164,126.0,185.0,170.0,169.0,188.0,188.0,131.0,99.5,0.31622218104752436,4,1
small-world/scale-free,200,37,165,83.0,112.0,65.0,65.0,120.0,120.0,95.0,99.5,0.31622218104752436,4,1
small-world/scale-free,200,37,166,126.0,92.0,130.0,130.0,90.0,90.0,151.0,99.5,0.31622218104752436,4,1
small-world/scale-free,200,37,167,126.0,161.0,166.0,164.0,163.0,163.0,157.0,99.5,0.31622218104752436,4,1
small-world/scale-free,200,37,168,126.0,161.0,122.0,124.0,170.0,170.0,135.0,99.5,0.31622218104752436,4,1
small-world/scale-free,200,37,169,126.0,83.0,136.0,138.0,88.0,88.0,175.0,99.5,0.31622218104752436,4,1
small-world/scale-free,200,37,170,126.0,195.0,154.0,154.0,196.0,196.0,134.0,99.5,0.31622218104752436,4,1
small-world/scale-free,200,37,171,126.0,139.0,196.0,196.0,137.0,137.0,196.0,99.5,0.31622218104752436,4,1
small-world/scale-free,200,37,172,126.0,125.0,78.0,70.0,124.0,124.0,166.0,99.5,0.31622218104752436,4,1
small-world/scale-free,200,37,173,58.0,177.0,74.0,72.0,175.0,175.0,58.0,99.5,0.31622218104752436,4,1
small-world/scale-free,200,37,174,126.0,85.0,172.0,177.0,89.0,89.0,198.0,99.5,0.31622218104752436,4,1
small-world/scale-free,200,37,175,83.0,168.0,108.0,104.0,168.0,168.0,84.0,99.5,0.31622218104752436,4,1
small-world/scale-free,200,37,176,126.0,96.0,176.0,176.0,93.0,93.0,174.0,99.5,0.31622218104752436,4,1
small-world/scale-free,200,37,177,126.0,187.0,192.0,190.0,193.0,193.0,140.0,99.5,0.31622218104752436,4,1
small-world/scale-free,200,37,178,83.0,196.0,89.0,92.0,190.0,190.0,83.0,99.5,0.31622218104752436,4,1
small-world/scale-free,200,37,179,126.0,168.0,101.0,101.0,169.0,169.0,138.0,99.5,0.31622218104752436,4,1
small-world/scale-free,200,37,180,126.0,193.0,146.0,146.0,195.0,195.0,127.0,99.5,0.31622218104752436,4,1
small-world/scale-free,200,37,181,126.0,184.0,139.0,139.0,185.0,185.0,133.0,99.5,0.31622218104752436,4,1
small-world/scale-free,200,37,182,126.0,156.0,147.0,147.0,159.0,159.0,169.0,99.5,0.31622218104752436,4,1
small-world/scale-free,200,37,183,126.0,158.0,117.0,116.0,155.0,155.0,158.0,99.5,0.31622218104752436,4,1
small-world/scale-free,200,37,184,126.0,69.0,152.0,151.0,74.0,74.0,178.0,99.5,0.31622218104752436,4,1
small-world/scale-free,200,37,185,126.0,75.0,188.0,187.0,77.0,77.0,186.0,99.5,0.31622218104752436,4,1
small-world/scale-free,200,37,186,126.0,189.0,196.0,196.0,186.0,186.0,168.0,99.5,0.31622218104752436,4,1
small-world/scale-free,200,37,187,126.0,80.0,163.0,171.0,83.0,83.0,179.0,99.5,0.31622218104752436,4,1
small-world/scale-free,200,37,188,126.0,46.0,180.0,181.0,58.0,58.0,190.0,99.5,0.31622218104752436,4,1
small-world/scale-free,200,37,189,126.0,107.0,107.0,107.0,106.0,106.0,159.0,99.5,0.31622218104752436,4,1
small-world/scale-free,200,37,190,126.0,197.0,158.0,156.0,197.0,197.0,129.0,99.5,0.31622218104752436,4,1
small-world/scale-free,200,37,191,126.0,171.0,151.0,149.0,178.0,178.0,145.0,99.5,0.31622218104752436,4,1
small-world/scale-free,200,37,192,126.0,121.0,186.0,185.0,122.0,122.0,156.0,99.5,0.31622218104752436,4,1
small-world/scale-free,200,37,193,126.0,198.0,156.0,152.0,198.0,198.0,126.0,99.5,0.31622218104752436,4,1
small-world/scale-free,200,37,194,126.0,148.0,145.0,144.0,156.0,156.0,150.0,99.5,0.31622218104752436,4,1
small-world/scale-free,200,37,195,126.0,117.0,92.0,89.0,119.0,119.0,148.0,99.5,0.31622218104752436,4,1
small-world/scale-free,200,37,196,126.0,94.0,148.0,150.0,98.0,98.0,164.0,99.5,0.31622218104752436,4,1
small-world/scale-free,200,37,197,126.0,188.0,185.0,186.0,191.0,191.0,137.0,99.5,0.31622218104752436,4,1
small-world/scale-free,200,37,198,126.0,192.0,123.0,123.0,192.0,192.0,136.0,99.5,0.31622218104752436,4,1
small-world/scale-free,200,37,199,126.0,103.0,143.0,143.0,102.0,102.0,171.0,99.5,0.31622218104752436,4,1
small-world/scale-free,200,38,0,4.0,7.0,4.0,4.0,7.0,7.0,5.0,99.5,0.32646321303814196,4,1
small-world/scale-free,200,38,1,4.0,6.0,5.0,6.0,6.0,6.0,4.0,99.5,0.32646321303814196,4,1
small-world/scale-free,200,38,2,12.0,21.0,10.0,10.0,15.0,15.0,12.0,99.5,0.32646321303814196,4,1
small-world/scale-free,200,38,3,1.0,1.0,1.0,1.0,1.0,1.0,1.0,99.5,0.32646321303814196,4,1
small-world/scale-free,200,38,4,3.0,3.0,3.0,3.0,3.0,3.0,3.0,99.5,0.32646321303814196,4,1
small-world/scale-free,200,38,5,35.0,26.0,43.0,46.0,25.0,25.0,43.0,99.5,0.32646321303814196,4,1
small-world/scale-free,200,38,6,11.0,11.0,11.0,11.0,10.0,10.0,11.0,99.5,0.32646321303814196,4,1
small-world/scale-free,200,38,7,82.0,69.0,158.0,165.0,69.0,69.0,122.0,99.5,0.32646321303814196,4,1
small-world/scale-free,200,38,8,7.0,5.0,8.0,8.0,5.0,5.0,8.0,99.5,0.32646321303814196,4,1
small-world/scale-free,200,38,9,2.0,2.0,2.0,2.0,2.0,2.0,2.0,99.5,0.32646321303814196,4,1
small-world/scale-free,200,38,10,9.0,9.0,9.0,9.0,9.0,9.0,9.0,99.5,0.32646321303814196,4,1
small-world/scale-free,200,38,11,4.0,4.0,6.0,5.0,4.0,4.0,6.0,99.5,0.32646321303814196,4,1
small-world/scale-free,200,38,12,35.0,27.0,33.0,34.0,23.0,23.0,44.0,99.5,0.32646321303814196,4,1
small-world/scale-free,200,38,13,13.0,12.0,13.0,13.0,12.0,12.0,16.0,99.5,0.32646321303814196,4,1
small-world/scale-free,200,38,14,58.0,24.0,66.0,72.0,29.0,29.0,79.0,99.5,0.32646321303814196,4,1
small-world/scale-free,200,38,15,58.0,58.0,151.0,151.0,53.0,53.0,81.0,99.5,0.32646321303814196,4,1
small-world/scale-free,200,38,16,16.0,10.0,14.0,14.0,11.0,11.0,18.0,99.5,0.32646321303814196,4,1
small-world/scale-free,200,38,17,10.0,16.0,12.0,12.0,13.0,13.0,10.0,99.5,0.32646321303814196,4,1
small-world/scale-free,200,38,18,19.0,50.0,22.0,22.0,38.0,38.0,20.0,99.5,0.32646321303814196,4,1
small-world/scale-free,200,38,19,28.0,27.0,27.0,28.0,24.0,24.0,33.0,99.5,0.32646321303814196,4,1
small-world/scale-free,200,38,20,28.0,106.0,60.0,59.0,85.0,85.0,32.0,99.5,0.32646321303814196,4,1
small-world/scale-free,200,38,21,28.0,27.0,23.0,23.0,27.0,27.0,30.0,99.5,0.32646321303814196,4,1
small-world/scale-free,200,38,22,13.0,39.0,25.0,26.0,28.0,28.0,14.0,99.5,0.32646321303814196,4,1
small-world/scale-free,200,38,23,58.0,35.0,109.0,109.0,40.0,40.0,80.0,99.5,0.32646321303814196,4,1
small-world/scale-free,200,38,24,45.0,33.0,42.0,44.0,32.0,32.0,54.0,99.5,0.32646321303814196,4,1
small-world/scale-free,200,38,25,7.0,8.0,7.0,7.0,8.0,8.0,7.0,99.5,0.32646321303814196,4,1
small-world/scale-free,200,38,26,13.0,43.0,18.0,17.0,30.0,30.0,13.0,99.5,0.32646321303814196,4,1
small-world/scale-free,200,38,27,22.0,18.0,20.0,20.0,16.0,16.0,24.0,99.5,0.32646321303814196,4,1
small-world/scale-free,200,38,28,22.0,19.0,21.0,21.0,18.0,18.0,23.0,99.5,0.32646321303814196,4,1
small-world/scale-free,200,38,29,82.0,97.0,115.0,117.0,95.0,95.0,118.0,99.5,0.32646321303814196,4,1
small-world/scale-free,200,38,30,16.0,23.0,17.0,18.0,19.0,19.0,17.0,99.5,0.32646321303814196,4,1
small-world/scale-free,200,38,31,25.0,15.0,19.0,19.0,17.0,17.0,26.0,99.5,0.32646321303814196,4,1
small-world/scale-free,200,38,32,19.0,13.0,15.0,16.0,14.0,14.0,21.0,99.5,0.32646321303814196,4,1
small-world/scale-free,200,38,33,35.0,137.0,58.0,55.0,126.0,126.0,36.0,99.5,0.32646321303814196,4,1
small-world/scale-free,200,38,34,35.0,101.0,57.0,58.0,88.0,88.0,41.0,99.5,0.32646321303814196,4,1
small-world/scale-free,200,38,35,16.0,50.0,16.0,15.0,39.0,39.0,15.0,99.5,0.32646321303814196,4,1
small-world/scale-free,200,38,36,25.0,20.0,36.0,35.0,20.0,20.0,27.0,99.5,0.32646321303814196,4,1
small-world/scale-free,200,38,37,82.0,89.0,110.0,106.0,93.0,93.0,115.0,99.5,0.32646321303814196,4,1
small-world/scale-free,200,38,38,58.0,112.0,82.0,84.0,109.0,109.0,74.0,99.5,0.32646321303814196,4,1
small-world/scale-free,200,38,39,35.0,106.0,53.0,52.0,96.0,96.0,42.0,99.5,0.32646321303814196,4,1
small-world/scale-free,200,38,40,28.0,45.0,29.0,29.0,43.0,43.0,34.0,99.5,0.32646321303814196,4,1
small-world/scale-free,200,38,41,35.0,124.0,65.0,66.0,118.0,118.0,38.0,99.5,0.32646321303814196,4,1
small-world/scale-free,200,38,42,123.0,63.0,185.0,186.0,67.0,67.0,193.0,99.5,0.32646321303814196,4,1
small-world/scale-free,200,38,43,58.0,16.0,59.0,60.0,22.0,22.0,78.0,99.5,0.32646321303814196,4,1
small-world/scale-free,200,38,44,22.0,49.0,30.0,30.0,43.0,43.0,22.0,99.5,0.32646321303814196,4,1
small-world/scale-free,200,38,45,123.0,121.0,137.0,137.0,124.0,124.0,181.0,99.5,0.32646321303814196,4,1
small-world/scale-free,200,38,46,45.0,31.0,40.0,40.0,31.0,31.0,53.0,99.5,0.32646321303814196,4,1
small-world/scale-free,200,38,47,58.0,59.0,80.0,79.0,59.0,59.0,77.0,99.5,0.32646321303814196,4,1
small-world/scale-free,200,38,48,28.0,38.0,41.0,41.0,41.0,41.0,31.0,99.5,0.32646321303814196,4,1
small-world/scale-free,200,38,49,45.0,73.0,44.0,42.0,60.0,60.0,55.0,99.5,0.32646321303814196,4,1
small-world/scale-free,200,38,50,82.0,175.0,129.0,122.0,175.0,175.0,109.0,99.5,0.32646321303814196,4,1
small-world/scale-free,200,38,51,35.0,35.0,31.0,31.0,36.0,36.0,40.0,99.5,0.32646321303814196,4,1
small-world/scale-free,200,38,52,35.0,101.0,47.0,47.0,94.0,94.0,39.0,99.5,0.32646321303814196,4,1
small-world/scale-free,200,38,53,58.0,84.0,63.0,64.0,79.0,79.0,73.0,99.5,0.32646321303814196,4,1
small-world/scale-free,200,38,54,45.0,156.0,100.0,101.0,146.0,146.0,46.0,99.5,0.32646321303814196,4,1
small-world/scale-free,200,38,55,58.0,81.0,67.0,68.0,76.0,76.0,71.0,99.5,0.32646321303814196,4,1
small-world/scale-free,200,38,56,45.0,45.0,49.0,49.0,46.0,46.0,52.0,99.5,0.32646321303814196,4,1
small-world/scale-free,200,38,57,82.0,155.0,160.0,153.0,150.0,150.0,103.0,99.5,0.32646321303814196,4,1
small-world/scale-free,200,38,58,58.0,62.0,32.0,32.0,58.0,58.0,60.0,99.5,0.32646321303814196,4,1
small-world/scale-free,200,38,59,28.0,41.0,26.0,25.0,42.0,42.0,29.0,99.5,0.32646321303814196,4,1
small-world/scale-free,200,38,60,58.0,145.0,70.0,65.0,135.0,135.0,63.0,99.5,0.32646321303814196,4,1
small-world/scale-free,200,38,61,82.0,27.0,116.0,120.0,34.0,34.0,120.0,99.5,0.32646321303814196,4,1
small-world/scale-free,200,38,62,82.0,55.0,73.0,75.0,56.0,56.0,108.0,99.5,0.32646321303814196,4,1
small-world/scale-free,200,38,63,45.0,14.0,38.0,39.0,21.0,21.0,57.0,99.5,0.32646321303814196,4,1
small-world/scale-free,200,38,64,82.0,128.0,103.0,105.0,129.0,129.0,106.0,99.5,0.32646321303814196,4,1
small-world/scale-free,200,38,65,19.0,104.0,28.0,27.0,74.0,74.0,19.0,99.5,0.32646321303814196,4,1
small-world/scale-free,200,38,66,28.0,140.0,52.0,53.0,123.0,123.0,28.0,99.5,0.32646321303814196,4,1
small-world/scale-free,200,38,67,82.0,126.0,119.0,118.0,121.0,121.0,116.0,99.5,0.32646321303814196,4,1
small-world/scale-free,200,38,68,123.0,180.0,107.0,103.0,180.0,180.0,146.0,99.5,0.32646321303814196,4,1
small-world/scale-free,200,38,69,123.0,134.0,138.0,129.0,142.0,142.0,184.0,99.5,0.32646321303814196,4,1
small-world/scale-free,200,38,70,123.0,130.0,184.0,184.0,141.0,141.0,187.0,99.5,0.32646321303814196,4,1
small-world/scale-free,200,38,71,58.0,157.0,64.0,62.0,152.0,152.0,64.0,99.5,0.32646321303814196,4,1
small-world/scale-free,200,38,72,82.0,122.0,74.0,67.0,120.0,120.0,107.0,99.5,0.32646321303814196,4,1
small-world/scale-free,200,38,73,82.0,81.0,165.0,156.0,80.0,80.0,112.0,99.5,0.32646321303814196,4,1
small-world/scale-free,200,38,74,82.0,42.0,48.0,48.0,52.0,52.0,110.0,99.5,0.32646321303814196,4,1
small-world/scale-free,200,38,75,123.0,50.0,176.0,175.0,57.0,57.0,196.0,99.5,0.32646321303814196,4,1
small-world/scale-free,200,38,76,45.0,98.0,50.0,51.0,91.0,91.0,51.0,99.5,0.32646321303814196,4,1
small-world/scale-free,200,38,77,58.0,94.0,71.0,71.0,87.0,87.0,69.0,99.5,0.32646321303814196,4,1
small-world/scale-free,200,38,78,45.0,34.0,35.0,36.0,37.0,37.0,56.0,99.5,0.32646321303814196,4,1
small-world/scale-free,200,38,79,123.0,197.0,195.0,195.0,197.0,197.0,140.0,99.5,0.32646321303814196,4,1
small-world/scale-free,200,38,80,58.0,150.0,93.0,93.0,144.0,144.0,62.0,99.5,0.32646321303814196,4,1
small-world/scale-free,200,38,81,82.0,31.0,96.0,97.0,35.0,35.0,119.0,99.5,0.32646321303814196,4,1
small-world/scale-free,200,38,82,45.0,43.0,39.0,38.0,47.0,47.0,50.0,99.5,0.32646321303814196,4,1
small-world/scale-free,200,38,83,82.0,173.0,128.0,135.0,174.0,174.0,87.0,99.5,0.32646321303814196,4,1
small-world/scale-free,200,38,84,58.0,45.0,62.0,63.0,50.0,50.0,72.0,99.5,0.32646321303814196,4,1
small-world/scale-free,200,38,85,58.0,106.0,86.0,85.0,101.0,101.0,75.0,99.5,0.32646321303814196,4,1
small-world/scale-free,200,38,86,82.0,83.0,83.0,82.0,90.0,90.0,94.0,99.5,0.32646321303814196,4,1
small-world/scale-free,200,38,87,58.0,69.0,79.0,81.0,63.0,63.0,76.0,99.5,0.32646321303814196,4,1
small-world/scale-free,200,38,88,45.0,89.0,69.0,73.0,82.0,82.0,49.0,99.5,0.32646321303814196,4,1
small-world/scale-free,200,38,89,82.0,115.0,72.0,70.0,116.0,116.0,104.0,99.5,0.32646321303814196,4,1
small-world/scale-free,200,38,90,123.0,98.0,186.0,185.0,111.0,111.0,192.0,99.5,0.32646321303814196,4,1
small-world/scale-free,200,38,91,82.0,157.0,133.0,128.0,157.0,157.0,96.0,99.5,0.32646321303814196,4,1
small-world/scale-free,200,38,92,123.0,185.0,170.0,168.0,186.0,186.0,148.0,99.5,0.32646321303814196,4,1
small-world/scale-free,200,38,93,45.0,94.0,45.0,43.0,89.0,89.0,47.0,99.5,0.32646321303814196,4,1
small-world/scale-free,200,38,94,123.0,119.0,127.0,125.0,127.0,127.0,155.0,99.5,0.32646321303814196,4,1
small-world/scale-free,200,38,95,123.0,37.0,195.0,195.0,45.0,45.0,200.0,99.5,0.32646321303814196,4,1
small-world/scale-free,200,38,96,58.0,63.0,88.0,89.0,62.0,62.0,67.0,99.5,0.32646321303814196,4,1
small-world/scale-free,200,38,97,123.0,59.0,152.0,152.0,68.0,68.0,174.0,99.5,0.32646321303814196,4,1
small-world/scale-free,200,38,98,25.0,63.0,24.0,24.0,49.0,49.0,25.0,99.5,0.32646321303814196,4,1
small-world/scale-free,200,38,99,58.0,22.0,37.0,37.0,26.0,26.0,70.0,99.5,0.32646321303814196,4,1
small-world/scale-free,200,38,100,58.0,168.0,142.0,140.0,166.0,166.0,58.0,99.5,0.32646321303814196,4,1
small-world/scale-free,200,38,101,58.0,104.0,68.0,69.0,106.0,106.0,65.0,99.5,0.32646321303814196,4,1
small-world/scale-free,200,38,102,82.0,39.0,102.0,102.0,48.0,48.0,111.0,99.5,0.32646321303814196,4,1
small-world/scale-free,200,38,103,123.0,196.0,155.0,154.0,195.0,195.0,127.0,99.5,0.32646321303814196,4,1
small-world/scale-free,200,38,104,35.0,112.0,46.0,45.0,102.0,102.0,37.0,99.5,0.32646321303814196,4,1
small-world/scale-free,200,38,105,82.0,110.0,122.0,119.0,110.0,110.0,114.0,99.5,0.32646321303814196,4,1
small-world/scale-free,200,38,106,45.0,69.0,34.0,33.0,61.0,61.0,45.0,99.5,0.32646321303814196,4,1
small-world/scale-free,200,38,107,123.0,98.0,173.0,177.0,106.0,106.0,165.0,99.5,0.32646321303814196,4,1
small-world/scale-free,200,38,108,82.0,75.0,87.0,88.0,72.0,72.0,121.0,99.5,0.32646321303814196,4,1
small-world/scale-free,200,38,109,82.0,50.0,98.0,98.0,51.0,51.0,117.0,99.5,0.32646321303814196,4,1
small-world/scale-free,200,38,110,123.0,89.0,187.0,188.0,97.0,97.0,150.0,99.5,0.32646321303814196,4,1
small-world/scale-free,200,38,111,123.0,78.0,106.0,110.0,86.0,86.0,195.0,99.5,0.32646321303814196,4,1
small-world/scale-free,200,38,112,123.0,109.0,120.0,112.0,114.0,114.0,180.0,99.5,0.32646321303814196,4,1
small-world/scale-free,200,38,113,82.0,140.0,136.0,139.0,138.0,138.0,101.0,99.5,0.32646321303814196,4,1
small-world/scale-free,200,38,114,58.0,117.0,97.0,96.0,115.0,115.0,68.0,99.5,0.32646321303814196,4,1
small-world/scale-free,200,38,115,123.0,147.0,171.0,170.0,148.0,148.0,166.0,99.5,0.32646321303814196,4,1
small-world/scale-free,200,38,116,123.0,86.0,145.0,149.0,99.0,99.0,188.0,99.5,0.32646321303814196,4,1
small-world/scale-free,200,38,117,45.0,116.0,55.0,54.0,113.0,113.0,48.0,99.5,0.32646321303814196,4,1
small-world/scale-free,200,38,118,82.0,120.0,76.0,78.0,119.0,119.0,88.0,99.5,0.32646321303814196,4,1
small-world/scale-free,200,38,119,123.0,73.0,134.0,138.0,77.0,77.0,153.0,99.5,0.32646321303814196,4,1
small-world/scale-free,200,38,120,82.0,190.0,112.0,108.0,188.0,188.0,84.0,99.5,0.32646321303814196,4,1
small-world/scale-free,200,38,121,123.0,187.0,157.0,161.0,184.0,184.0,157.0,99.5,0.32646321303814196,4,1
small-world/scale-free,200,38,122,35.0,183.0,51.0,50.0,169.0,169.0,35.0,99.5,0.32646321303814196,4,1
small-world/scale-free,200,38,123,123.0,140.0,166.0,166.0,148.0,148.0,190.0,99.5,0.32646321303814196,4,1
small-world/scale-free,200,38,124,82.0,122.0,90.0,91.0,122.0,122.0,90.0,99.5,0.32646321303814196,4,1
small-world/scale-free,200,38,125,82.0,150.0,147.0,146.0,146.0,146.0,97.0,99.5,0.32646321303814196,4,1
small-world/scale-free,200,38,126,82.0,172.0,130.0,134.0,162.0,162.0,105.0,99.5,0.32646321303814196,4,1
small-world/scale-free,200,38,127,123.0,128.0,149.0,147.0,131.0,131.0,168.0,99.5,0.32646321303814196,4,1
small-world/scale-free,200,38,128,123.0,167.0,195.0,195.0,170.0,170.0,177.0,99.5,0.32646321303814196,4,1
small-world/scale-free,200,38,129,82.0,160.0,177.0,176.0,160.0,160.0,102.0,99.5,0.32646321303814196,4,1
small-world/scale-free,200,38,130,123.0,45.0,182.0,182.0,54.0,54.0,189.0,99.5,0.32646321303814196,4,1
small-world/scale-free,200,38,131,123.0,101.0,148.0,148.0,105.0,105.0,186.0,99.5,0.32646321303814196,4,1
small-world/scale-free,200,38,132,123.0,140.0,113.0,113.0,143.0,143.0,161.0,99.5,0.32646321303814196,4,1
small-world/scale-free,200,38,133,82.0,137.0,146.0,141.0,145.0,145.0,100.0,99.5,0.32646321303814196,4,1
small-world/scale-free,200,38,134,123.0,188.0,167.0,163.0,189.0,189.0,128.0,99.5,0.32646321303814196,4,1
small-world/scale-free,200,38,135,123.0,186.0,190.0,189.0,190.0,190.0,131.0,99.5,0.32646321303814196,4,1
small-world/scale-free,200,38,136,82.0,168.0,150.0,150.0,173.0,173.0,95.0,99.5,0.32646321303814196,4,1
small-world/scale-free,200,38,137,123.0,63.0,131.0,136.0,73.0,73.0,154.0,99.5,0.32646321303814196,4,1
small-world/scale-free,200,38,138,58.0,136.0,75.0,74.0,130.0,130.0,59.0,99.5,0.32646321303814196,4,1
small-world/scale-free,200,38,139,123.0,87.0,143.0,143.0,108.0,108.0,185.0,99.5,0.32646321303814196,4,1
small-world/scale-free,200,38,140,58.0,148.0,81.0,77.0,137.0,137.0,61.0,99.5,0.32646321303814196,4,1
small-world/scale-free,200,38,141,123.0,79.0,195.0,195.0,83.0,83.0,178.0,99.5,0.32646321303814196,4,1
small-world/scale-free,200,38,142,82.0,180.0,94.0,94.0,179.0,179.0,93.0,99.5,0.32646321303814196,4,1
small-world/scale-free,200,38,143,123.0,177.0,175.0,173.0,181.0,181.0,141.0,99.5,0.32646321303814196,4,1
small-world/scale-free,200,38,144,58.0,140.0,56.0,57.0,133.0,133.0,66.0,99.5,0.32646321303814196,4,1
small-world/scale-free,200,38,145,123.0,133.0,163.0,164.0,136.0,136.0,179.0,99.5,0.32646321303814196,4,1
small-world/scale-free,200,38,146,123.0,124.0,89.0,87.0,128.0,128.0,151.0,99.5,0.32646321303814196,4,1
small-world/scale-free,200,38,147,123.0,55.0,159.0,167.0,66.0,66.0,198.0,99.5,0.32646321303814196,4,1
small-world/scale-free,200,38,148,82.0,150.0,174.0,174.0,152.0,152.0,98.0,99.5,0.32646321303814196,4,1
small-world/scale-free,200,38,149,82.0,184.0,135.0,130.0,183.0,183.0,83.0,99.5,0.32646321303814196,4,1
small-world/scale-free,200,38,150,82.0,194.0,162.0,159.0,191.0,191.0,92.0,99.5,0.32646321303814196,4,1
small-world/scale-free,200,38,151,123.0,79.0,114.0,126.0,83.0,83.0,191.0,99.5,0.32646321303814196,4,1
small-world/scale-free,200,38,152,123.0,179.0,172.0,171.0,185.0,185.0,138.0,99.5,0.32646321303814196,4,1
small-world/scale-free,200,38,153,123.0,193.0,178.0,178.0,194.0,194.0,125.0,99.5,0.32646321303814196,4,1
small-world/scale-free,200,38,154,123.0,198.0,191.0,191.0,198.0,198.0,144.0,99.5,0.32646321303814196,4,1
small-world/scale-free,200,38,155,123.0,76.0,195.0,195.0,81.0,81.0,175.0,99.5,0.32646321303814196,4,1
small-world/scale-free,200,38,156,123.0,114.0,78.0,80.0,117.0,117.0,143.0,99.5,0.32646321303814196,4,1
small-world/scale-free,200,38,157,123.0,130.0,126.0,115.0,140.0,140.0,169.0,99.5,0.32646321303814196,4,1
small-world/scale-free,200,38,158,123.0,177.0,118.0,114.0,178.0,178.0,142.0,99.5,0.32646321303814196,4,1
small-world/scale-free,200,38,159,123.0,148.0,104.0,111.0,155.0,155.0,147.0,99.5,0.32646321303814196,4,1
small-world/scale-free,200,38,160,123.0,157.0,194.0,194.0,158.0,158.0,158.0,99.5,0.32646321303814196,4,1
small-world/scale-free,200,38,161,123.0,55.0,84.0,83.0,64.0,64.0,162.0,99.5,0.32646321303814196,4,1
small-world/scale-free,200,38,162,123.0,182.0,156.0,158.0,182.0,182.0,130.0,99.5,0.32646321303814196,4,1
small-world/scale-free,200,38,163,82.0,87.0,132.0,131.0,92.0,92.0,99.0,99.5,0.32646321303814196,4,1
small-world/scale-free,200,38,164,82.0,176.0,161.0,155.0,177.0,177.0,86.0,99.5,0.32646321303814196,4,1
small-world/scale-free,200,38,165,82.0,168.0,105.0,104.0,165.0,165.0,85.0,99.5,0.32646321303814196,4,1
small-world/scale-free,200,38,166,123.0,118.0,111.0,116.0,124.0,124.0,135.0,99.5,0.32646321303814196,4,1
small-world/scale-free,200,38,167,82.0,54.0,92.0,92.0,55.0,55.0,113.0,99.5,0.32646321303814196,4,1
small-world/scale-free,200,38,168,123.0,24.0,154.0,172.0,33.0,33.0,199.0,99.5,0.32646321303814196,4,1
small-world/scale-free,200,38,169,123.0,174.0,189.0,187.0,176.0,176.0,152.0,99.5,0.32646321303814196,4,1
small-world/scale-free,200,38,170,123.0,111.0,192.0,192.0,112.0,112.0,173.0,99.5,0.32646321303814196,4,1
small-world/scale-free,200,38,171,123.0,59.0,95.0,95.0,70.0,70.0,171.0,99.5,0.32646321303814196,4,1
small-world/scale-free,200,38,172,82.0,132.0,61.0,61.0,133.0,133.0,91.0,99.5,0.32646321303814196,4,1
small-world/scale-free,200,38,173,82.0,68.0,54.0,56.0,65.0,65.0,89.0,99.5,0.32646321303814196,4,1
small-world/scale-free,200,38,174,123.0,163.0,91.0,90.0,161.0,161.0,137.0,99.5,0.32646321303814196,4,1
small-world/scale-free,200,38,175,123.0,63.0,125.0,132.0,75.0,75.0,163.0,99.5,0.32646321303814196,4,1
small-world/scale-free,200,38,176,123.0,160.0,193.0,193.0,163.0,163.0,134.0,99.5,0.32646321303814196,4,1
small-world/scale-free,200,38,177,123.0,126.0,179.0,179.0,132.0,132.0,167.0,99.5,0.32646321303814196,4,1
small-world/scale-free,200,38,178,123.0,89.0,85.0,86.0,100.0,100.0,176.0,99.5,0.32646321303814196,4,1
small-world/scale-free,200,38,179,123.0,72.0,180.0,180.0,71.0,71.0,197.0,99.5,0.32646321303814196,4,1
small-world/scale-free,200,38,180,123.0,191.0,183.0,183.0,193.0,193.0,129.0,99.5,0.32646321303814196,4,1
small-world/scale-free,200,38,181,123.0,153.0,140.0,133.0,159.0,159.0,149.0,99.5,0.32646321303814196,4,1
small-world/scale-free,200,38,182,123.0,166.0,188.0,190.0,168.0,168.0,164.0,99.5,0.32646321303814196,4,1
small-world/scale-free,200,38,183,123.0,195.0,181.0,181.0,196.0,196.0,126.0,99.5,0.32646321303814196,4,1
small-world/scale-free,200,38,184,123.0,171.0,108.0,107.0,172.0,172.0,160.0,99.5,0.32646321303814196,4,1
small-world/scale-free,200,38,185,123.0,192.0,164.0,162.0,192.0,192.0,124.0,99.5,0.32646321303814196,4,1
small-world/scale-free,200,38,186,82.0,200.0,101.0,99.0,200.0,200.0,82.0,99.5,0.32646321303814196,4,1
small-world/scale-free,200,38,187,123.0,160.0,195.0,195.0,167.0,167.0,170.0,99.5,0.32646321303814196,4,1
small-world/scale-free,200,38,188,123.0,134.0,153.0,157.0,151.0,151.0,145.0,99.5,0.32646321303814196,4,1
small-world/scale-free,200,38,189,123.0,77.0,117.0,124.0,78.0,78.0,159.0,99.5,0.32646321303814196,4,1
small-world/scale-free,200,38,190,123.0,89.0,139.0,144.0,103.0,103.0,182.0,99.5,0.32646321303814196,4,1
small-world/scale-free,200,38,191,123.0,189.0,168.0,160.0,187.0,187.0,139.0,99.5,0.32646321303814196,4,1
small-world/scale-free,200,38,192,123.0,163.0,123.0,127.0,163.0,163.0,133.0,99.5,0.32646321303814196,4,1
small-world/scale-free,200,38,193,123.0,165.0,141.0,142.0,171.0,171.0,136.0,99.5,0.32646321303814196,4,1
small-world/scale-free,200,38,194,123.0,85.0,121.0,123.0,104.0,104.0,183.0,99.5,0.32646321303814196,4,1
small-world/scale-free,200,38,195,123.0,146.0,77.0,76.0,154.0,154.0,132.0,99.5,0.32646321303814196,4,1
small-world/scale-free,200,38,196,123.0,153.0,169.0,169.0,156.0,156.0,156.0,99.5,0.32646321303814196,4,1
small-world/scale-free,200,38,197,123.0,94.0,99.0,100.0,97.0,97.0,194.0,99.5,0.32646321303814196,4,1
small-world/scale-free,200,38,198,123.0,137.0,144.0,145.0,139.0,139.0,172.0,99.5,0.32646321303814196,4,1
small-world/scale-free,200,38,199,123.0,199.0,124.0,121.0,199.0,199.0,123.0,99.5,0.32646321303814196,4,1
