small-world/scale-free,200,41,0,4.0,4.0,4.0,4.0,4.0,4.0,4.0,99.5,0.30853317896428634,4,1
small-world/scale-free,200,41,1,1.0,1.0,1.0,1.0,1.0,1.0,1.0,99.5,0.30853317896428634,4,1
small-world/scale-free,200,41,2,2.0,2.0,2.0,2.0,2.0,2.0,3.0,99.5,0.30853317896428634,4,1
small-world/scale-free,200,41,3,8.0,6.0,8.0,9.0,6.0,6.0,10.0,99.5,0.30853317896428634,4,1
small-world/scale-free,200,41,4,5.0,5.0,5.0,5.0,5.0,5.0,6.0,99.5,0.30853317896428634,4,1
small-world/scale-free,200,41,5,11.0,10.0,12.0,11.0,10.0,10.0,12.0,99.5,0.30853317896428634,4,1
small-world/scale-free,200,41,6,58.0,20.0,47.0,49.0,25.0,25.0,76.0,99.5,0.30853317896428634,4,1
small-world/scale-free,200,41,7,18.0,10.0,20.0,20.0,12.0,12.0,21.0,99.5,0.30853317896428634,4,1
small-world/scale-free,200,41,8,2.0,3.0,3.0,3.0,3.0,3.0,2.0,99.5,0.30853317896428634,4,1
small-world/scale-free,200,41,9,9.0,9.0,9.0,8.0,9.0,9.0,9.0,99.5,0.30853317896428634,4,1
small-world/scale-free,200,41,10,22.0,13.0,19.0,18.0,15.0,15.0,24.0,99.5,0.30853317896428634,4,1
small-world/scale-free,200,41,11,29.0,26.0,50.0,48.0,26.0,26.0,35.0,99.5,0.30853317896428634,4,1
small-world/scale-free,200,41,12,15.0,20.0,17.0,17.0,19.0,19.0,17.0,99.5,0.30853317896428634,4,1
small-world/scale-free,200,41,13,18.0,41.0,24.0,24.0,34.0,34.0,20.0,99.5,0.30853317896428634,4,1
small-world/scale-free,200,41,14,22.0,23.0,21.0,21.0,20.0,20.0,23.0,99.5,0.30853317896428634,4,1
small-world/scale-free,200,41,15,26.0,28.0,28.0,28.0,28.0,28.0,27.0,99.5,0.30853317896428634,4,1
small-world/scale-free,200,41,16,7.0,7.0,7.0,7.0,7.0,7.0,7.0,99.5,0.30853317896428634,4,1
small-world/scale-free,200,41,17,13.0,16.0,10.0,10.0,14.0,14.0,13.0,99.5,0.30853317896428634,4,1
small-world/scale-free,200,41,18,29.0,34.0,33.0,35.0,30.0,30.0,34.0,99.5,0.30853317896428634,4,1
small-world/scale-free,200,41,19,11.0,14.0,11.0,12.0,13.0,13.0,11.0,99.5,0.30853317896428634,4,1
small-world/scale-free,200,41,20,58.0,107.0,110.0,112.0,103.0,103.0,77.0,99.5,0.30853317896428634,4,1
small-world/scale-free,200,41,21,78.0,53.0,153.0,150.0,57.0,57.0,115.0,99.5,0.30853317896428634,4,1
small-world/scale-free,200,41,22,14.0,8.0,13.0,13.0,11.0,11.0,14.0,99.5,0.30853317896428634,4,1
small-world/scale-free,200,41,23,36.0,28.0,41.0,41.0,31.0,31.0,41.0,99.5,0.30853317896428634,4,1
small-world/scale-free,200,41,24,6.0,12.0,6.0,6.0,8.0,8.0,5.0,99.5,0.30853317896428634,4,1
small-world/scale-free,200,41,25,36.0,25.0,36.0,38.0,26.0,26.0,38.0,99.5,0.30853317896428634,4,1
small-world/scale-free,200,41,26,15.0,18.0,18.0,19.0,17.0,17.0,16.0,99.5,0.30853317896428634,4,1
small-world/scale-free,200,41,27,22.0,53.0,26.0,26.0,41.0,41.0,25.0,99.5,0.30853317896428634,4,1
small-world/scale-free,200,41,28,26.0,130.0,31.0,32.0,105.0,105.0,26.0,99.5,0.30853317896428634,4,1
small-world/scale-free,200,41,29,36.0,39.0,37.0,36.0,39.0,39.0,36.0,99.5,0.30853317896428634,4,1
small-world/scale-free,200,41,30,78.0,114.0,117.0,118.0,117.0,117.0,109.0,99.5,0.30853317896428634,4,1
small-world/scale-free,200,41,31,58.0,60.0,66.0,69.0,56.0,56.0,75.0,99.5,0.30853317896428634,4,1
small-world/scale-free,200,41,32,18.0,24.0,16.0,15.0,21.0,21.0,18.0,99.5,0.30853317896428634,4,1
small-world/scale-free,200,41,33,29.0,87.0,30.0,30.0,70.0,70.0,32.0,99.5,0.30853317896428634,4,1
small-world/scale-free,200,41,34,58.0,149.0,59.0,56.0,140.0,140.0,65.0,99.5,0.30853317896428634,4,1
small-world/scale-free,200,41,35,29.0,15.0,25.0,25.0,18.0,18.0,33.0,99.5,0.30853317896428634,4,1
small-world/scale-free,200,41,36,41.0,22.0,76.0,77.0,24.0,24.0,56.0,99.5,0.30853317896428634,4,1
small-world/scale-free,200,41,37,41.0,100.0,57.0,58.0,95.0,95.0,46.0,99.5,0.30853317896428634,4,1
small-world/scale-free,200,41,38,41.0,108.0,45.0,47.0,98.0,98.0,50.0,99.5,0.30853317896428634,4,1
small-world/scale-free,200,41,39,78.0,84.0,116.0,116.0,82.0,82.0,103.0,99.5,0.30853317896428634,4,1
small-world/scale-free,200,41,40,22.0,43.0,27.0,27.0,35.0,35.0,22.0,99.5,0.30853317896428634,4,1
small-world/scale-free,200,41,41,58.0,50.0,101.0,96.0,46.0,46.0,74.0,99.5,0.30853317896428634,4,1
small-world/scale-free,200,41,42,26.0,36.0,23.0,23.0,33.0,33.0,28.0,99.5,0.30853317896428634,4,1
small-world/scale-free,200,41,43,15.0,17.0,14.0,14.0,16.0,16.0,15.0,99.5,0.30853317896428634,4,1
small-world/scale-free,200,41,44,78.0,84.0,103.0,106.0,82.0,82.0,116.0,99.5,0.30853317896428634,4,1
small-world/scale-free,200,41,45,78.0,97.0,86.0,88.0,93.0,93.0,101.0,99.5,0.30853317896428634,4,1
small-world/scale-free,200,41,46,58.0,50.0,53.0,54.0,49.0,49.0,73.0,99.5,0.30853317896428634,4,1
small-world/scale-free,200,41,47,58.0,114.0,60.0,61.0,109.0,109.0,59.0,99.5,0.30853317896428634,4,1
small-world/scale-free,200,41,48,117.0,90.0,143.0,139.0,92.0,92.0,193.0,99.5,0.30853317896428634,4,1
small-world/scale-free,200,41,49,36.0,28.0,29.0,29.0,29.0,29.0,39.0,99.5,0.30853317896428634,4,1
small-world/scale-free,200,41,50,9.0,76.0,15.0,16.0,37.0,37.0,8.0,99.5,0.30853317896428634,4,1
small-world/scale-free,200,41,51,78.0,57.0,96.0,105.0,59.0,59.0,107.0,99.5,0.30853317896428634,4,1
small-world/scale-free,200,41,52,18.0,32.0,22.0,22.0,22.0,22.0,19.0,99.5,0.30853317896428634,4,1
small-world/scale-free,200,41,53,58.0,82.0,62.0,64.0,71.0,71.0,71.0,99.5,0.30853317896428634,4,1
small-world/scale-free,200,41,54,117.0,144.0,165.0,164.0,151.0,151.0,175.0,99.5,0.30853317896428634,4,1
small-world/scale-free,200,41,55,58.0,67.0,61.0,65.0,68.0,68.0,69.0,99.5,0.30853317896428634,4,1
small-world/scale-free,200,41,56,78.0,119.0,72.0,72.0,115.0,115.0,92.0,99.5,0.30853317896428634,4,1
small-world/scale-free,200,41,57,58.0,63.0,32.0,34.0,61.0,61.0,60.0,99.5,0.30853317896428634,4,1
small-world/scale-free,200,41,58,58.0,121.0,100.0,101.0,108.0,108.0,66.0,99.5,0.30853317896428634,4,1
small-world/scale-free,200,41,59,41.0,93.0,40.0,42.0,87.0,87.0,52.0,99.5,0.30853317896428634,4,1
small-world/scale-free,200,41,60,41.0,102.0,63.0,62.0,102.0,102.0,57.0,99.5,0.30853317896428634,4,1
small-world/scale-free,200,41,61,58.0,27.0,55.0,57.0,32.0,32.0,70.0,99.5,0.30853317896428634,4,1
small-world/scale-free,200,41,62,36.0,67.0,69.0,67.0,67.0,67.0,37.0,99.5,0.30853317896428634,4,1
small-world/scale-free,200,41,63,78.0,56.0,93.0,95.0,59.0,59.0,105.0,99.5,0.30853317896428634,4,1
small-world/scale-free,200,41,64,41.0,102.0,42.0,40.0,99.0,99.0,44.0,99.5,0.30853317896428634,4,1
small-world/scale-free,200,41,65,78.0,132.0,164.0,166.0,132.0,132.0,99.0,99.5,0.30853317896428634,4,1
small-world/scale-free,200,41,66,58.0,79.0,56.0,55.0,79.0,79.0,68.0,99.5,0.30853317896428634,4,1
small-world/scale-free,200,41,67,78.0,110.0,83.0,82.0,110.0,110.0,90.0,99.5,0.30853317896428634,4,1
small-world/scale-free,200,41,68,58.0,92.0,74.0,74.0,86.0,86.0,67.0,99.5,0.30853317896428634,4,1
small-world/scale-free,200,41,69,41.0,35.0,58.0,60.0,40.0,40.0,55.0,99.5,0.30853317896428634,4,1
small-world/scale-free,200,41,70,41.0,52.0,52.0,51.0,50.0,50.0,54.0,99.5,0.30853317896428634,4,1
small-world/scale-free,200,41,71,58.0,127.0,68.0,70.0,125.0,125.0,61.0,99.5,0.30853317896428634,4,1
small-world/scale-free,200,41,72,41.0,142.0,71.0,71.0,133.0,133.0,51.0,99.5,0.30853317896428634,4,1
small-world/scale-free,200,41,73,117.0,86.0,179.0,179.0,90.0,90.0,190.0,99.5,0.30853317896428634,4,1
small-world/scale-free,200,41,74,78.0,65.0,48.0,53.0,65.0,65.0,93.0,99.5,0.30853317896428634,4,1
small-world/scale-free,200,41,75,41.0,136.0,46.0,44.0,124.0,124.0,45.0,99.5,0.30853317896428634,4,1
small-world/scale-free,200,41,76,78.0,47.0,121.0,121.0,53.0,53.0,110.0,99.5,0.30853317896428634,4,1
small-world/scale-free,200,41,77,78.0,28.0,73.0,75.0,36.0,36.0,114.0,99.5,0.30853317896428634,4,1
small-world/scale-free,200,41,78,117.0,142.0,163.0,160.0,145.0,145.0,192.0,99.5,0.30853317896428634,4,1
small-world/scale-free,200,41,79,58.0,32.0,44.0,45.0,38.0,38.0,72.0,99.5,0.30853317896428634,4,1
small-world/scale-free,200,41,80,117.0,48.0,160.0,165.0,58.0,58.0,199.0,99.5,0.30853317896428634,4,1
small-world/scale-free,200,41,81,41.0,71.0,82.0,80.0,68.0,68.0,49.0,99.5,0.30853317896428634,4,1
small-world/scale-free,200,41,82,117.0,57.0,188.0,189.0,63.0,63.0,194.0,99.5,0.30853317896428634,4,1
small-world/scale-free,200,41,83,78.0,144.0,88.0,91.0,143.0,143.0,100.0,99.5,0.30853317896428634,4,1
small-world/scale-free,200,41,84,117.0,194.0,195.0,195.0,193.0,193.0,142.0,99.5,0.30853317896428634,4,1
small-world/scale-free,200,41,85,41.0,57.0,38.0,39.0,54.0,54.0,53.0,99.5,0.30853317896428634,4,1
small-world/scale-free,200,41,86,117.0,174.0,144.0,151.0,164.0,164.0,158.0,99.5,0.30853317896428634,4,1
small-world/scale-free,200,41,87,117.0,45.0,127.0,130.0,55.0,55.0,189.0,99.5,0.30853317896428634,4,1
small-world/scale-free,200,41,88,78.0,178.0,156.0,152.0,181.0,181.0,82.0,99.5,0.30853317896428634,4,1
small-world/scale-free,200,41,89,29.0,163.0,49.0,46.0,153.0,153.0,29.0,99.5,0.30853317896428634,4,1
small-world/scale-free,200,41,90,78.0,76.0,120.0,124.0,81.0,81.0,111.0,99.5,0.30853317896428634,4,1
small-world/scale-free,200,41,91,29.0,140.0,39.0,37.0,129.0,129.0,30.0,99.5,0.30853317896428634,4,1
small-world/scale-free,200,41,92,78.0,36.0,81.0,85.0,42.0,42.0,104.0,99.5,0.30853317896428634,4,1
small-world/scale-free,200,41,93,117.0,93.0,142.0,148.0,103.0,103.0,176.0,99.5,0.30853317896428634,4,1
small-world/scale-free,200,41,94,117.0,149.0,122.0,120.0,147.0,147.0,182.0,99.5,0.30853317896428634,4,1
small-world/scale-free,200,41,95,78.0,119.0,138.0,136.0,122.0,122.0,89.0,99.5,0.30853317896428634,4,1
small-world/scale-free,200,41,96,78.0,64.0,115.0,115.0,66.0,66.0,94.0,99.5,0.30853317896428634,4,1
small-world/scale-free,200,41,97,78.0,19.0,94.0,99.0,23.0,23.0,113.0,99.5,0.30853317896428634,4,1
small-world/scale-free,200,41,98,117.0,158.0,119.0,119.0,158.0,158.0,144.0,99.5,0.30853317896428634,4,1
small-world/scale-free,200,41,99,41.0,158.0,54.0,50.0,148.0,148.0,42.0,99.5,0.30853317896428634,4,1
small-world/scale-free,200,41,100,41.0,129.0,64.0,66.0,116.0,116.0,47.0,99.5,0.30853317896428634,4,1
small-world/scale-free,200,41,101,117.0,164.0,113.0,113.0,171.0,171.0,127.0,99.5,0.30853317896428634,4,1
small-world/scale-free,200,41,102,117.0,137.0,149.0,141.0,141.0,141.0,185.0,99.5,0.30853317896428634,4,1
small-world/scale-free,200,41,103,41.0,45.0,35.0,33.0,44.0,44.0,48.0,99.5,0.30853317896428634,4,1
small-world/scale-free,200,41,104,117.0,41.0,166.0,169.0,51.0,51.0,187.0,99.5,0.30853317896428634,4,1
small-world/scale-free,200,41,105,78.0,126.0,150.0,147.0,123.0,123.0,108.0,99.5,0.30853317896428634,4,1
small-world/scale-free,200,41,106,78.0,152.0,124.0,122.0,154.0,154.0,88.0,99.5,0.30853317896428634,4,1
small-world/scale-free,200,41,107,117.0,38.0,172.0,180.0,45.0,45.0,196.0,99.5,0.30853317896428634,4,1
small-world/scale-free,200,41,108,78.0,173.0,155.0,159.0,165.0,165.0,87.0,99.5,0.30853317896428634,4,1
small-world/scale-free,200,41,109,78.0,76.0,87.0,89.0,74.0,74.0,102.0,99.5,0.30853317896428634,4,1
small-world/scale-free,200,41,110,117.0,178.0,109.0,107.0,180.0,180.0,141.0,99.5,0.30853317896428634,4,1
small-world/scale-free,200,41,111,78.0,71.0,147.0,138.0,75.0,75.0,112.0,99.5,0.30853317896428634,4,1
small-world/scale-free,200,41,112,117.0,80.0,157.0,157.0,84.0,84.0,195.0,99.5,0.30853317896428634,4,1
small-world/scale-free,200,41,113,117.0,67.0,180.0,177.0,77.0,77.0,183.0,99.5,0.30853317896428634,4,1
small-world/scale-free,200,41,114,117.0,152.0,104.0,97.0,149.0,149.0,151.0,99.5,0.30853317896428634,4,1
small-world/scale-free,200,41,115,117.0,43.0,141.0,154.0,47.0,47.0,197.0,99.5,0.30853317896428634,4,1
small-world/scale-free,200,41,116,117.0,156.0,169.0,168.0,160.0,160.0,173.0,99.5,0.30853317896428634,4,1
small-world/scale-free,200,41,117,117.0,164.0,190.0,190.0,168.0,168.0,156.0,99.5,0.30853317896428634,4,1
small-world/scale-free,200,41,118,117.0,110.0,193.0,193.0,126.0,126.0,153.0,99.5,0.30853317896428634,4,1
small-world/scale-free,200,41,119,117.0,154.0,191.0,191.0,156.0,156.0,162.0,99.5,0.30853317896428634,4,1
small-world/scale-free,200,41,120,78.0,182.0,77.0,76.0,178.0,178.0,81.0,99.5,0.30853317896428634,4,1
small-world/scale-free,200,41,121,117.0,195.0,185.0,187.0,195.0,195.0,123.0,99.5,0.30853317896428634,4,1
small-world/scale-free,200,41,122,78.0,155.0,125.0,125.0,157.0,157.0,96.0,99.5,0.30853317896428634,4,1
small-world/scale-free,200,41,123,29.0,55.0,67.0,59.0,43.0,43.0,31.0,99.5,0.30853317896428634,4,1
small-world/scale-free,200,41,124,117.0,82.0,75.0,73.0,94.0,94.0,149.0,99.5,0.30853317896428634,4,1
small-world/scale-free,200,41,125,78.0,170.0,106.0,104.0,172.0,172.0,83.0,99.5,0.30853317896428634,4,1
small-world/scale-free,200,41,126,58.0,105.0,114.0,114.0,97.0,97.0,63.0,99.5,0.30853317896428634,4,1
small-world/scale-free,200,41,127,117.0,93.0,126.0,128.0,106.0,106.0,147.0,99.5,0.30853317896428634,4,1
small-world/scale-free,200,41,128,117.0,196.0,154.0,156.0,194.0,194.0,128.0,99.5,0.30853317896428634,4,1
small-world/scale-free,200,41,129,117.0,176.0,171.0,178.0,174.0,174.0,143.0,99.5,0.30853317896428634,4,1
small-world/scale-free,200,41,130,41.0,114.0,34.0,31.0,110.0,110.0,43.0,99.5,0.30853317896428634,4,1
small-world/scale-free,200,41,131,117.0,162.0,182.0,184.0,167.0,167.0,177.0,99.5,0.30853317896428634,4,1
small-world/scale-free,200,41,132,78.0,97.0,99.0,100.0,96.0,96.0,95.0,99.5,0.30853317896428634,4,1
small-world/scale-free,200,41,133,117.0,192.0,131.0,133.0,189.0,189.0,137.0,99.5,0.30853317896428634,4,1
small-world/scale-free,200,41,134,117.0,102.0,161.0,163.0,107.0,107.0,198.0,99.5,0.30853317896428634,4,1
small-world/scale-free,200,41,135,117.0,200.0,174.0,170.0,200.0,200.0,119.0,99.5,0.30853317896428634,4,1
small-world/scale-free,200,41,136,117.0,127.0,128.0,127.0,137.0,137.0,163.0,99.5,0.30853317896428634,4,1
small-world/scale-free,200,41,137,78.0,74.0,70.0,68.0,76.0,76.0,97.0,99.5,0.30853317896428634,4,1
small-world/scale-free,200,41,138,117.0,110.0,183.0,183.0,121.0,121.0,179.0,99.5,0.30853317896428634,4,1
small-world/scale-free,200,41,139,58.0,88.0,43.0,43.0,80.0,80.0,62.0,99.5,0.30853317896428634,4,1
small-world/scale-free,200,41,140,78.0,141.0,80.0,81.0,139.0,139.0,86.0,99.5,0.30853317896428634,4,1
small-world/scale-free,200,41,141,117.0,133.0,129.0,123.0,142.0,142.0,150.0,99.5,0.30853317896428634,4,1
small-world/scale-free,200,41,142,117.0,110.0,107.0,108.0,117.0,117.0,136.0,99.5,0.30853317896428634,4,1
small-world/scale-free,200,41,143,117.0,144.0,196.0,196.0,145.0,145.0,154.0,99.5,0.30853317896428634,4,1
small-world/scale-free,200,41,144,41.0,166.0,65.0,63.0,162.0,162.0,40.0,99.5,0.30853317896428634,4,1
small-world/scale-free,200,41,145,117.0,184.0,187.0,185.0,185.0,185.0,121.0,99.5,0.30853317896428634,4,1
small-world/scale-free,200,41,146,78.0,167.0,79.0,79.0,163.0,163.0,84.0,99.5,0.30853317896428634,4,1
small-world/scale-free,200,41,147,117.0,91.0,176.0,173.0,101.0,101.0,180.0,99.5,0.30853317896428634,4,1
small-world/scale-free,200,41,148,117.0,199.0,170.0,172.0,198.0,198.0,135.0,99.5,0.30853317896428634,4,1
small-world/scale-free,200,41,149,117.0,157.0,194.0,194.0,159.0,159.0,159.0,99.5,0.30853317896428634,4,1
small-world/scale-free,200,41,150,117.0,123.0,118.0,117.0,128.0,128.0,169.0,99.5,0.30853317896428634,4,1
small-world/scale-free,200,41,151,78.0,139.0,192.0,192.0,136.0,136.0,91.0,99.5,0.30853317896428634,4,1
small-world/scale-free,200,41,152,117.0,133.0,130.0,132.0,134.0,134.0,171.0,99.5,0.30853317896428634,4,1
small-world/scale-free,200,41,153,117.0,114.0,85.0,83.0,112.0,112.0,174.0,99.5,0.30853317896428634,4,1
small-world/scale-free,200,41,154,78.0,62.0,89.0,90.0,62.0,62.0,98.0,99.5,0.30853317896428634,4,1
small-world/scale-free,200,41,155,58.0,181.0,108.0,109.0,179.0,179.0,58.0,99.5,0.30853317896428634,4,1
small-world/scale-free,200,41,156,117.0,186.0,189.0,188.0,187.0,187.0,132.0,99.5,0.30853317896428634,4,1
small-world/scale-free,200,41,157,117.0,106.0,135.0,131.0,120.0,120.0,157.0,99.5,0.30853317896428634,4,1
small-world/scale-free,200,41,158,117.0,48.0,139.0,142.0,52.0,52.0,181.0,99.5,0.30853317896428634,4,1
small-world/scale-free,200,41,159,117.0,187.0,136.0,135.0,188.0,188.0,148.0,99.5,0.30853317896428634,4,1
small-world/scale-free,200,41,160,117.0,138.0,173.0,176.0,144.0,144.0,161.0,99.5,0.30853317896428634,4,1
small-world/scale-free,200,41,161,117.0,182.0,186.0,186.0,183.0,183.0,139.0,99.5,0.30853317896428634,4,1
small-world/scale-free,200,41,162,78.0,189.0,97.0,92.0,186.0,186.0,80.0,99.5,0.30853317896428634,4,1
small-world/scale-free,200,41,163,117.0,167.0,102.0,102.0,170.0,170.0,140.0,99.5,0.30853317896428634,4,1
small-world/scale-free,200,41,164,117.0,88.0,98.0,98.0,89.0,89.0,146.0,99.5,0.30853317896428634,4,1
small-world/scale-free,200,41,165,117.0,158.0,159.0,155.0,169.0,169.0,131.0,99.5,0.30853317896428634,4,1
small-world/scale-free,200,41,166,117.0,197.0,167.0,167.0,199.0,199.0,118.0,99.5,0.30853317896428634,4,1
small-world/scale-free,200,41,167,117.0,123.0,145.0,140.0,131.0,131.0,134.0,99.5,0.30853317896428634,4,1
small-world/scale-free,200,41,168,117.0,170.0,168.0,162.0,176.0,176.0,126.0,99.5,0.30853317896428634,4,1
small-world/scale-free,200,41,169,78.0,174.0,84.0,84.0,166.0,166.0,78.0,99.5,0.30853317896428634,4,1
small-world/scale-free,200,41,170,117.0,149.0,181.0,182.0,154.0,154.0,167.0,99.5,0.30853317896428634,4,1
small-world/scale-free,200,41,171,78.0,135.0,184.0,181.0,138.0,138.0,85.0,99.5,0.30853317896428634,4,1
small-world/scale-free,200,41,172,117.0,70.0,132.0,144.0,72.0,72.0,186.0,99.5,0.30853317896428634,4,1
small-world/scale-free,200,41,173,117.0,178.0,178.0,171.0,184.0,184.0,130.0,99.5,0.30853317896428634,4,1
small-world/scale-free,200,41,174,200.0,189.0,197.0,197.0,190.0,190.0,200.0,99.5,0.30853317896428634,4,1
small-world/scale-free,200,41,175,117.0,123.0,90.0,86.0,130.0,130.0,166.0,99.5,0.30853317896428634,4,1
small-world/scale-free,200,41,176,58.0,60.0,51.0,52.0,64.0,64.0,64.0,99.5,0.30853317896428634,4,1
small-world/scale-free,200,41,177,117.0,167.0,105.0,103.0,175.0,175.0,124.0,99.5,0.30853317896428634,4,1
small-world/scale-free,200,41,178,117.0,100.0,95.0,94.0,113.0,113.0,164.0,99.5,0.30853317896428634,4,1
small-world/scale-free,200,41,179,117.0,73.0,146.0,153.0,78.0,78.0,191.0,99.5,0.30853317896428634,4,1
small-world/scale-free,200,41,180,78.0,118.0,175.0,175.0,119.0,119.0,106.0,99.5,0.30853317896428634,4,1
small-world/scale-free,200,41,181,117.0,177.0,91.0,87.0,177.0,177.0,129.0,99.5,0.30853317896428634,4,1
small-world/scale-free,200,41,182,117.0,93.0,132.0,144.0,88.0,88.0,170.0,99.5,0.30853317896428634,4,1
small-world/scale-free,200,41,183,78.0,170.0,111.0,110.0,173.0,173.0,79.0,99.5,0.30853317896428634,4,1
small-world/scale-free,200,41,184,117.0,148.0,197.0,197.0,149.0,149.0,145.0,99.5,0.30853317896428634,4,1
small-world/scale-free,200,41,185,117.0,193.0,177.0,174.0,195.0,195.0,117.0,99.5,0.30853317896428634,4,1
small-world/scale-free,200,41,186,117.0,191.0,151.0,146.0,192.0,192.0,125.0,99.5,0.30853317896428634,4,1
small-world/scale-free,200,41,187,117.0,185.0,112.0,111.0,182.0,182.0,120.0,99.5,0.30853317896428634,4,1
small-world/scale-free,200,41,188,117.0,144.0,140.0,134.0,151.0,151.0,168.0,99.5,0.30853317896428634,4,1
small-world/scale-free,200,41,189,117.0,66.0,137.0,137.0,73.0,73.0,184.0,99.5,0.30853317896428634,4,1
small-world/scale-free,200,41,190,117.0,197.0,134.0,129.0,197.0,197.0,122.0,99.5,0.30853317896428634,4,1
small-world/scale-free,200,41,191,117.0,187.0,197.0,197.0,191.0,191.0,133.0,99.5,0.30853317896428634,4,1
small-world/scale-free,200,41,192,117.0,40.0,197.0,197.0,48.0,48.0,188.0,99.5,0.30853317896428634,4,1
small-world/scale-free,200,41,193,117.0,97.0,162.0,161.0,100.0,100.0,172.0,99.5,0.30853317896428634,4,1
small-world/scale-free,200,41,194,117.0,74.0,92.0,93.0,85.0,85.0,165.0,99.5,0.30853317896428634,4,1
small-world/scale-free,200,41,195,117.0,108.0,158.0,158.0,114.0,114.0,138.0,99.5,0.30853317896428634,4,1
small-world/scale-free,200,41,196,117.0,121.0,78.0,78.0,126.0,126.0,155.0,99.5,0.30853317896428634,4,1
small-world/scale-free,200,41,197,117.0,130.0,152.0,149.0,135.0,135.0,160.0,99.5,0.30853317896428634,4,1
small-world/scale-free,200,41,198,117.0,80.0,123.0,126.0,91.0,91.0,178.0,99.5,0.30853317896428634,4,1
small-world/scale-free,200,41,199,117.0,158.0,148.0,143.0,161.0,161.0,152.0,99.5,0.30853317896428634,4,1
small-world/scale-free,200,42,0,2.0,2.0,2.0,2.0,2.0,2.0,2.0,99.5,0.31246945752815836,4,1
small-world/scale-free,200,42,1,3.0,3.0,3.0,3.0,4.0,4.0,3.0,99.5,0.31246945752815836,4,1
small-world/scale-free,200,42,2,11.0,14.0,12.0,10.0,14.0,14.0,11.0,99.5,0.31246945752815836,4,1
small-world/scale-free,200,42,3,1.0,1.0,1.0,1.0,1.0,1.0,1.0,99.5,0.31246945752815836,4,1
small-world/scale-free,200,42,4,10.0,7.0,11.0,12.0,7.0,7.0,10.0,99.5,0.31246945752815836,4,1
small-world/scale-free,200,42,5,9.0,10.0,13.0,13.0,10.0,10.0,9.0,99.5,0.31246945752815836,4,1
small-world/scale-free,200,42,6,12.0,16.0,16.0,17.0,16.0,16.0,14.0,99.5,0.31246945752815836,4,1
small-world/scale-free,200,42,7,12.0,10.0,9.0,9.0,13.0,13.0,13.0,99.5,0.31246945752815836,4,1
small-world/scale-free,200,42,8,3.0,3.0,4.0,4.0,3.0,3.0,4.0,99.5,0.31246945752815836,4,1
small-world/scale-free,200,42,9,7.0,5.0,7.0,7.0,5.0,5.0,7.0,99.5,0.31246945752815836,4,1
small-world/scale-free,200,42,10,5.0,6.0,5.0,5.0,6.0,6.0,5.0,99.5,0.31246945752815836,4,1
small-world/scale-free,200,42,11,12.0,8.0,10.0,11.0,11.0,11.0,12.0,99.5,0.31246945752815836,4,1
small-world/scale-free,200,42,12,16.0,15.0,15.0,15.0,15.0,15.0,16.0,99.5,0.31246945752815836,4,1
small-world/scale-free,200,42,13,12.0,9.0,14.0,14.0,12.0,12.0,15.0,99.5,0.31246945752815836,4,1
small-world/scale-free,200,42,14,75.0,69.0,151.0,150.0,69.0,69.0,107.0,99.5,0.31246945752815836,4,1
small-world/scale-free,200,42,15,75.0,51.0,78.0,78.0,53.0,53.0,106.0,99.5,0.31246945752815836,4,1
small-world/scale-free,200,42,16,7.0,12.0,8.0,8.0,9.0,9.0,8.0,99.5,0.31246945752815836,4,1
small-world/scale-free,200,42,17,20.0,19.0,23.0,24.0,19.0,19.0,22.0,99.5,0.31246945752815836,4,1
small-world/scale-free,200,42,18,6.0,13.0,6.0,6.0,8.0,8.0,6.0,99.5,0.31246945752815836,4,1
small-world/scale-free,200,42,19,23.0,30.0,19.0,19.0,25.0,25.0,28.0,99.5,0.31246945752815836,4,1
small-world/scale-free,200,42,20,37.0,57.0,36.0,36.0,46.0,46.0,41.0,99.5,0.31246945752815836,4,1
small-world/scale-free,200,42,21,20.0,36.0,20.0,20.0,27.0,27.0,21.0,99.5,0.31246945752815836,4,1
small-world/scale-free,200,42,22,32.0,19.0,28.0,27.0,24.0,24.0,33.0,99.5,0.31246945752815836,4,1
small-world/scale-free,200,42,23,45.0,32.0,50.0,51.0,38.0,38.0,55.0,99.5,0.31246945752815836,4,1
small-world/scale-free,200,42,24,17.0,25.0,31.0,31.0,21.0,21.0,19.0,99.5,0.31246945752815836,4,1
small-world/scale-free,200,42,25,20.0,25.0,18.0,18.0,23.0,23.0,20.0,99.5,0.31246945752815836,4,1
small-world/scale-free,200,42,26,23.0,36.0,29.0,30.0,26.0,26.0,27.0,99.5,0.31246945752815836,4,1
small-world/scale-free,200,42,27,23.0,32.0,22.0,22.0,28.0,28.0,23.0,99.5,0.31246945752815836,4,1
small-world/scale-free,200,42,28,45.0,109.0,59.0,59.0,92.0,92.0,52.0,99.5,0.31246945752815836,4,1
small-world/scale-free,200,42,29,32.0,45.0,48.0,48.0,36.0,36.0,36.0,99.5,0.31246945752815836,4,1
small-world/scale-free,200,42,30,75.0,109.0,97.0,92.0,116.0,116.0,105.0,99.5,0.31246945752815836,4,1
small-world/scale-free,200,42,31,29.0,18.0,34.0,34.0,20.0,20.0,31.0,99.5,0.31246945752815836,4,1
small-world/scale-free,200,42,32,17.0,17.0,21.0,21.0,17.0,17.0,18.0,99.5,0.31246945752815836,4,1
small-world/scale-free,200,42,33,45.0,54.0,74.0,74.0,50.0,50.0,53.0,99.5,0.31246945752815836,4,1
small-world/scale-free,200,42,34,56.0,25.0,49.0,50.0,32.0,32.0,74.0,99.5,0.31246945752815836,4,1
small-world/scale-free,200,42,35,75.0,136.0,114.0,115.0,134.0,134.0,102.0,99.5,0.31246945752815836,4,1
small-world/scale-free,200,42,36,45.0,66.0,39.0,39.0,59.0,59.0,47.0,99.5,0.31246945752815836,4,1
small-world/scale-free,200,42,37,56.0,116.0,87.0,86.0,117.0,117.0,73.0,99.5,0.31246945752815836,4,1
small-world/scale-free,200,42,38,75.0,81.0,115.0,116.0,79.0,79.0,110.0,99.5,0.31246945752815836,4,1
small-world/scale-free,200,42,39,111.0,57.0,88.0,96.0,65.0,65.0,195.0,99.5,0.31246945752815836,4,1
small-world/scale-free,200,42,40,56.0,113.0,54.0,56.0,111.0,111.0,63.0,99.5,0.31246945752815836,4,1
small-world/scale-free,200,42,41,23.0,38.0,26.0,26.0,34.0,34.0,24.0,99.5,0.31246945752815836,4,1
small-world/scale-free,200,42,42,32.0,45.0,27.0,28.0,37.0,37.0,35.0,99.5,0.31246945752815836,4,1
small-world/scale-free,200,42,43,45.0,91.0,65.0,66.0,77.0,77.0,50.0,99.5,0.31246945752815836,4,1
small-world/scale-free,200,42,44,45.0,99.0,51.0,49.0,86.0,86.0,51.0,99.5,0.31246945752815836,4,1
small-world/scale-free,200,42,45,32.0,48.0,33.0,33.0,40.0,40.0,34.0,99.5,0.31246945752815836,4,1
small-world/scale-free,200,42,46,111.0,187.0,158.0,158.0,187.0,187.0,129.0,99.5,0.31246945752815836,4,1
small-world/scale-free,200,42,47,111.0,139.0,174.0,174.0,142.0,142.0,161.0,99.5,0.31246945752815836,4,1
small-world/scale-free,200,42,48,56.0,57.0,109.0,109.0,58.0,58.0,71.0,99.5,0.31246945752815836,4,1
small-world/scale-free,200,42,49,75.0,89.0,103.0,108.0,93.0,93.0,88.0,99.5,0.31246945752815836,4,1
small-world/scale-free,200,42,50,111.0,135.0,178.0,177.0,132.0,132.0,169.0,99.5,0.31246945752815836,4,1
small-world/scale-free,200,42,51,45.0,133.0,67.0,68.0,122.0,122.0,46.0,99.5,0.31246945752815836,4,1
small-world/scale-free,200,42,52,56.0,41.0,76.0,76.0,41.0,41.0,69.0,99.5,0.31246945752815836,4,1
small-world/scale-free,200,42,53,37.0,51.0,41.0,40.0,45.0,45.0,42.0,99.5,0.31246945752815836,4,1
small-world/scale-free,200,42,54,56.0,25.0,52.0,53.0,33.0,33.0,70.0,99.5,0.31246945752815836,4,1
small-world/scale-free,200,42,55,56.0,158.0,61.0,61.0,151.0,151.0,60.0,99.5,0.31246945752815836,4,1
small-world/scale-free,200,42,56,75.0,83.0,86.0,84.0,94.0,94.0,108.0,99.5,0.31246945752815836,4,1
small-world/scale-free,200,42,57,29.0,116.0,37.0,37.0,88.0,88.0,30.0,99.5,0.31246945752815836,4,1
small-world/scale-free,200,42,58,23.0,40.0,40.0,41.0,31.0,31.0,26.0,99.5,0.31246945752815836,4,1
small-world/scale-free,200,42,59,37.0,86.0,45.0,46.0,70.0,70.0,44.0,99.5,0.31246945752815836,4,1
small-world/scale-free,200,42,60,75.0,61.0,93.0,99.0,63.0,63.0,103.0,99.5,0.31246945752815836,4,1
small-world/scale-free,200,42,61,56.0,127.0,66.0,67.0,126.0,126.0,59.0,99.5,0.31246945752815836,4,1
small-world/scale-free,200,42,62,17.0,21.0,17.0,16.0,18.0,18.0,17.0,99.5,0.31246945752815836,4,1
small-world/scale-free,200,42,63,56.0,43.0,80.0,80.0,42.0,42.0,72.0,99.5,0.31246945752815836,4,1
small-world/scale-free,200,42,64,37.0,120.0,47.0,45.0,113.0,113.0,39.0,99.5,0.31246945752815836,4,1
small-world/scale-free,200,42,65,45.0,55.0,35.0,35.0,49.0,49.0,48.0,99.5,0.31246945752815836,4,1
small-world/scale-free,200,42,66,45.0,112.0,46.0,47.0,102.0,102.0,49.0,99.5,0.31246945752815836,4,1
small-world/scale-free,200,42,67,75.0,171.0,73.0,71.0,164.0,164.0,85.0,99.5,0.31246945752815836,4,1
small-world/scale-free,200,42,68,111.0,79.0,187.0,185.0,90.0,90.0,160.0,99.5,0.31246945752815836,4,1
small-world/scale-free,200,42,69,75.0,64.0,62.0,63.0,66.0,66.0,101.0,99.5,0.31246945752815836,4,1
small-world/scale-free,200,42,70,29.0,74.0,30.0,29.0,52.0,52.0,29.0,99.5,0.31246945752815836,4,1
small-world/scale-free,200,42,71,45.0,177.0,57.0,57.0,165.0,165.0,45.0,99.5,0.31246945752815836,4,1
small-world/scale-free,200,42,72,111.0,66.0,168.0,166.0,75.0,75.0,188.0,99.5,0.31246945752815836,4,1
small-world/scale-free,200,42,73,56.0,140.0,119.0,118.0,131.0,131.0,64.0,99.5,0.31246945752815836,4,1
small-world/scale-free,200,42,74,111.0,146.0,163.0,163.0,146.0,146.0,152.0,99.5,0.31246945752815836,4,1
small-world/scale-free,200,42,75,111.0,76.0,113.0,114.0,80.0,80.0,155.0,99.5,0.31246945752815836,4,1
small-world/scale-free,200,42,76,37.0,102.0,42.0,42.0,90.0,90.0,40.0,99.5,0.31246945752815836,4,1
small-world/scale-free,200,42,77,56.0,94.0,58.0,58.0,85.0,85.0,66.0,99.5,0.31246945752815836,4,1
small-world/scale-free,200,42,78,56.0,77.0,53.0,52.0,76.0,76.0,62.0,99.5,0.31246945752815836,4,1
small-world/scale-free,200,42,79,111.0,86.0,172.0,173.0,98.0,98.0,148.0,99.5,0.31246945752815836,4,1
small-world/scale-free,200,42,80,111.0,162.0,186.0,188.0,163.0,163.0,172.0,99.5,0.31246945752815836,4,1
small-world/scale-free,200,42,81,111.0,109.0,192.0,192.0,113.0,113.0,182.0,99.5,0.31246945752815836,4,1
small-world/scale-free,200,42,82,75.0,131.0,70.0,72.0,130.0,130.0,89.0,99.5,0.31246945752815836,4,1
small-world/scale-free,200,42,83,75.0,83.0,75.0,75.0,82.0,82.0,90.0,99.5,0.31246945752815836,4,1
small-world/scale-free,200,42,84,56.0,60.0,38.0,38.0,62.0,62.0,67.0,99.5,0.31246945752815836,4,1
small-world/scale-free,200,42,85,111.0,113.0,146.0,152.0,118.0,118.0,176.0,99.5,0.31246945752815836,4,1
small-world/scale-free,200,42,86,75.0,156.0,100.0,102.0,148.0,148.0,96.0,99.5,0.31246945752815836,4,1
small-world/scale-free,200,42,87,111.0,167.0,124.0,120.0,172.0,172.0,144.0,99.5,0.31246945752815836,4,1
small-world/scale-free,200,42,88,23.0,23.0,24.0,23.0,22.0,22.0,25.0,99.5,0.31246945752815836,4,1
small-world/scale-free,200,42,89,111.0,49.0,141.0,139.0,55.0,55.0,180.0,99.5,0.31246945752815836,4,1
small-world/scale-free,200,42,90,111.0,45.0,118.0,121.0,55.0,55.0,187.0,99.5,0.31246945752815836,4,1
small-world/scale-free,200,42,91,75.0,166.0,156.0,157.0,162.0,162.0,93.0,99.5,0.31246945752815836,4,1
small-world/scale-free,200,42,92,75.0,122.0,104.0,107.0,123.0,123.0,100.0,99.5,0.31246945752815836,4,1
small-world/scale-free,200,42,93,37.0,61.0,32.0,32.0,57.0,57.0,43.0,99.5,0.31246945752815836,4,1
small-world/scale-free,200,42,94,111.0,162.0,169.0,165.0,167.0,167.0,154.0,99.5,0.31246945752815836,4,1
small-world/scale-free,200,42,95,111.0,115.0,181.0,184.0,121.0,121.0,194.0,99.5,0.31246945752815836,4,1
small-world/scale-free,200,42,96,75.0,147.0,69.0,70.0,139.0,139.0,86.0,99.5,0.31246945752815836,4,1
small-world/scale-free,200,42,97,75.0,43.0,84.0,85.0,51.0,51.0,99.0,99.5,0.31246945752815836,4,1
small-world/scale-free,200,42,98,75.0,149.0,165.0,164.0,156.0,156.0,82.0,99.5,0.31246945752815836,4,1
small-world/scale-free,200,42,99,111.0,189.0,173.0,170.0,190.0,190.0,121.0,99.5,0.31246945752815836,4,1
small-world/scale-free,200,42,100,111.0,138.0,184.0,181.0,143.0,143.0,135.0,99.5,0.31246945752815836,4,1
small-world/scale-free,200,42,101,45.0,29.0,44.0,44.0,35.0,35.0,54.0,99.5,0.31246945752815836,4,1
small-world/scale-free,200,42,102,111.0,171.0,147.0,148.0,171.0,171.0,139.0,99.5,0.31246945752815836,4,1
small-world/scale-free,200,42,103,75.0,142.0,96.0,93.0,137.0,137.0,95.0,99.5,0.31246945752815836,4,1
small-world/scale-free,200,42,104,111.0,181.0,188.0,187.0,182.0,182.0,137.0,99.5,0.31246945752815836,4,1
small-world/scale-free,200,42,105,111.0,165.0,135.0,130.0,173.0,173.0,128.0,99.5,0.31246945752815836,4,1
small-world/scale-free,200,42,106,32.0,94.0,25.0,25.0,67.0,67.0,32.0,99.5,0.31246945752815836,4,1
small-world/scale-free,200,42,107,111.0,151.0,183.0,186.0,158.0,158.0,178.0,99.5,0.31246945752815836,4,1
small-world/scale-free,200,42,108,75.0,178.0,120.0,119.0,176.0,176.0,91.0,99.5,0.31246945752815836,4,1
small-world/scale-free,200,42,109,56.0,123.0,98.0,97.0,119.0,119.0,68.0,99.5,0.31246945752815836,4,1
small-world/scale-free,200,42,110,111.0,91.0,106.0,104.0,107.0,107.0,126.0,99.5,0.31246945752815836,4,1
small-world/scale-free,200,42,111,75.0,124.0,92.0,94.0,127.0,127.0,97.0,99.5,0.31246945752815836,4,1
small-world/scale-free,200,42,112,37.0,124.0,43.0,43.0,115.0,115.0,38.0,99.5,0.31246945752815836,4,1
small-world/scale-free,200,42,113,111.0,194.0,159.0,160.0,194.0,194.0,116.0,99.5,0.31246945752815836,4,1
small-world/scale-free,200,42,114,111.0,99.0,138.0,136.0,106.0,106.0,168.0,99.5,0.31246945752815836,4,1
small-world/scale-free,200,42,115,111.0,196.0,190.0,190.0,196.0,196.0,127.0,99.5,0.31246945752815836,4,1
small-world/scale-free,200,42,116,111.0,136.0,126.0,128.0,141.0,141.0,165.0,99.5,0.31246945752815836,4,1
small-world/scale-free,200,42,117,75.0,164.0,102.0,101.0,168.0,168.0,79.0,99.5,0.31246945752815836,4,1
small-world/scale-free,200,42,118,111.0,124.0,99.0,105.0,129.0,129.0,153.0,99.5,0.31246945752815836,4,1
small-world/scale-free,200,42,119,111.0,190.0,162.0,161.0,189.0,189.0,138.0,99.5,0.31246945752815836,4,1
small-world/scale-free,200,42,120,56.0,151.0,56.0,55.0,147.0,147.0,56.0,99.5,0.31246945752815836,4,1
small-world/scale-free,200,42,121,75.0,102.0,83.0,81.0,101.0,101.0,104.0,99.5,0.31246945752815836,4,1
small-world/scale-free,200,42,122,111.0,187.0,154.0,151.0,188.0,188.0,123.0,99.5,0.31246945752815836,4,1
small-world/scale-free,200,42,123,111.0,94.0,192.0,192.0,103.0,103.0,170.0,99.5,0.31246945752815836,4,1
small-world/scale-free,200,42,124,111.0,102.0,189.0,189.0,110.0,110.0,145.0,99.5,0.31246945752815836,4,1
small-world/scale-free,200,42,125,56.0,99.0,64.0,62.0,98.0,98.0,57.0,99.5,0.31246945752815836,4,1
small-world/scale-free,200,42,126,56.0,69.0,63.0,64.0,71.0,71.0,65.0,99.5,0.31246945752815836,4,1
small-world/scale-free,200,42,127,75.0,127.0,55.0,54.0,128.0,128.0,76.0,99.5,0.31246945752815836,4,1
small-world/scale-free,200,42,128,111.0,173.0,155.0,155.0,178.0,178.0,133.0,99.5,0.31246945752815836,4,1
small-world/scale-free,200,42,129,75.0,191.0,112.0,112.0,191.0,191.0,75.0,99.5,0.31246945752815836,4,1
small-world/scale-free,200,42,130,111.0,106.0,157.0,156.0,105.0,105.0,166.0,99.5,0.31246945752815836,4,1
small-world/scale-free,200,42,131,37.0,160.0,60.0,60.0,144.0,144.0,37.0,99.5,0.31246945752815836,4,1
small-world/scale-free,200,42,132,75.0,175.0,148.0,144.0,177.0,177.0,83.0,99.5,0.31246945752815836,4,1
small-world/scale-free,200,42,133,111.0,192.0,127.0,123.0,192.0,192.0,122.0,99.5,0.31246945752815836,4,1
small-world/scale-free,200,42,134,75.0,121.0,171.0,168.0,123.0,123.0,109.0,99.5,0.31246945752815836,4,1
small-world/scale-free,200,42,135,111.0,160.0,192.0,192.0,160.0,160.0,157.0,99.5,0.31246945752815836,4,1
small-world/scale-free,200,42,136,111.0,79.0,153.0,154.0,83.0,83.0,156.0,99.5,0.31246945752815836,4,1
small-world/scale-free,200,42,137,75.0,175.0,134.0,135.0,170.0,170.0,94.0,99.5,0.31246945752815836,4,1
small-world/scale-free,200,42,138,111.0,65.0,180.0,178.0,68.0,68.0,190.0,99.5,0.31246945752815836,4,1
small-world/scale-free,200,42,139,75.0,170.0,82.0,82.0,174.0,174.0,81.0,99.5,0.31246945752815836,4,1
small-world/scale-free,200,42,140,56.0,145.0,71.0,69.0,136.0,136.0,58.0,99.5,0.31246945752815836,4,1
small-world/scale-free,200,42,141,111.0,107.0,192.0,192.0,108.0,108.0,174.0,99.5,0.31246945752815836,4,1
small-world/scale-free,200,42,142,111.0,193.0,142.0,132.0,193.0,193.0,115.0,99.5,0.31246945752815836,4,1
small-world/scale-free,200,42,143,111.0,72.0,117.0,117.0,78.0,78.0,171.0,99.5,0.31246945752815836,4,1
small-world/scale-free,200,42,144,111.0,86.0,185.0,183.0,95.0,95.0,164.0,99.5,0.31246945752815836,4,1
small-world/scale-free,200,42,145,111.0,61.0,179.0,180.0,63.0,63.0,191.0,99.5,0.31246945752815836,4,1
small-world/scale-free,200,42,146,111.0,133.0,79.0,79.0,140.0,140.0,125.0,99.5,0.31246945752815836,4,1
small-world/scale-free,200,42,147,111.0,142.0,140.0,137.0,148.0,148.0,159.0,99.5,0.31246945752815836,4,1
small-world/scale-free,200,42,148,111.0,140.0,150.0,153.0,145.0,145.0,173.0,99.5,0.31246945752815836,4,1
small-world/scale-free,200,42,149,111.0,35.0,192.0,192.0,43.0,43.0,199.0,99.5,0.31246945752815836,4,1
small-world/scale-free,200,42,150,111.0,142.0,111.0,103.0,153.0,153.0,142.0,99.5,0.31246945752815836,4,1
small-world/scale-free,200,42,151,75.0,68.0,137.0,131.0,74.0,74.0,98.0,99.5,0.31246945752815836,4,1
small-world/scale-free,200,42,152,111.0,83.0,161.0,162.0,89.0,89.0,162.0,99.5,0.31246945752815836,4,1
small-world/scale-free,200,42,153,75.0,185.0,149.0,141.0,185.0,185.0,80.0,99.5,0.31246945752815836,4,1
small-world/scale-free,200,42,154,75.0,181.0,91.0,90.0,180.0,180.0,84.0,99.5,0.31246945752815836,4,1
small-world/scale-free,200,42,155,111.0,94.0,132.0,143.0,103.0,103.0,177.0,99.5,0.31246945752815836,4,1
small-world/scale-free,200,42,156,111.0,41.0,166.0,171.0,47.0,47.0,196.0,99.5,0.31246945752815836,4,1
small-world/scale-free,200,42,157,111.0,32.0,81.0,88.0,44.0,44.0,181.0,99.5,0.31246945752815836,4,1
small-world/scale-free,200,42,158,111.0,72.0,192.0,192.0,81.0,81.0,183.0,99.5,0.31246945752815836,4,1
small-world/scale-free,200,42,159,111.0,158.0,123.0,125.0,161.0,161.0,118.0,99.5,0.31246945752815836,4,1
small-world/scale-free,200,42,160,111.0,129.0,136.0,126.0,135.0,135.0,146.0,99.5,0.31246945752815836,4,1
small-world/scale-free,200,42,161,75.0,180.0,95.0,95.0,181.0,181.0,77.0,99.5,0.31246945752815836,4,1
small-world/scale-free,200,42,162,75.0,151.0,68.0,65.0,148.0,148.0,78.0,99.5,0.31246945752815836,4,1
small-world/scale-free,200,42,163,111.0,69.0,177.0,176.0,73.0,73.0,184.0,99.5,0.31246945752815836,4,1
small-world/scale-free,200,42,164,111.0,149.0,192.0,192.0,154.0,154.0,186.0,99.5,0.31246945752815836,4,1
small-world/scale-free,200,42,165,111.0,31.0,125.0,147.0,39.0,39.0,200.0,99.5,0.31246945752815836,4,1
small-world/scale-free,200,42,166,111.0,22.0,192.0,192.0,29.0,29.0,197.0,99.5,0.31246945752815836,4,1
small-world/scale-free,200,42,167,111.0,89.0,89.0,91.0,97.0,97.0,134.0,99.5,0.31246945752815836,4,1
small-world/scale-free,200,42,168,111.0,200.0,175.0,175.0,200.0,200.0,111.0,99.5,0.31246945752815836,4,1
small-world/scale-free,200,42,169,111.0,107.0,130.0,142.0,109.0,109.0,131.0,99.5,0.31246945752815836,4,1
small-world/scale-free,200,42,170,111.0,131.0,133.0,140.0,138.0,138.0,147.0,99.5,0.31246945752815836,4,1
small-world/scale-free,200,42,171,111.0,185.0,110.0,106.0,186.0,186.0,117.0,99.5,0.31246945752815836,4,1
small-world/scale-free,200,42,172,111.0,55.0,128.0,133.0,61.0,61.0,175.0,99.5,0.31246945752815836,4,1
small-world/scale-free,200,42,173,111.0,156.0,116.0,113.0,159.0,159.0,143.0,99.5,0.31246945752815836,4,1
small-world/scale-free,200,42,174,111.0,168.0,101.0,98.0,175.0,175.0,120.0,99.5,0.31246945752815836,4,1
small-world/scale-free,200,42,175,111.0,118.0,191.0,191.0,120.0,120.0,124.0,99.5,0.31246945752815836,4,1
small-world/scale-free,200,42,176,111.0,118.0,129.0,129.0,125.0,125.0,167.0,99.5,0.31246945752815836,4,1
small-world/scale-free,200,42,177,111.0,148.0,105.0,100.0,152.0,152.0,141.0,99.5,0.31246945752815836,4,1
small-world/scale-free,200,42,178,111.0,178.0,152.0,149.0,183.0,183.0,136.0,99.5,0.31246945752815836,4,1
small-world/scale-free,200,42,179,111.0,49.0,108.0,110.0,53.0,53.0,193.0,99.5,0.31246945752815836,4,1
small-world/scale-free,200,42,180,111.0,154.0,176.0,179.0,154.0,154.0,149.0,99.5,0.31246945752815836,4,1
small-world/scale-free,200,42,181,75.0,94.0,72.0,73.0,95.0,95.0,87.0,99.5,0.31246945752815836,4,1
small-world/scale-free,200,42,182,111.0,181.0,90.0,87.0,179.0,179.0,132.0,99.5,0.31246945752815836,4,1
small-world/scale-free,200,42,183,111.0,74.0,192.0,192.0,72.0,72.0,192.0,99.5,0.31246945752815836,4,1
small-world/scale-free,200,42,184,111.0,198.0,145.0,138.0,198.0,198.0,112.0,99.5,0.31246945752815836,4,1
small-world/scale-free,200,42,185,75.0,129.0,144.0,145.0,133.0,133.0,92.0,99.5,0.31246945752815836,4,1
small-world/scale-free,200,42,186,111.0,77.0,143.0,146.0,84.0,84.0,158.0,99.5,0.31246945752815836,4,1
small-world/scale-free,200,42,187,111.0,199.0,160.0,159.0,199.0,199.0,114.0,99.5,0.31246945752815836,4,1
small-world/scale-free,200,42,188,111.0,105.0,107.0,111.0,112.0,112.0,151.0,99.5,0.31246945752815836,4,1
small-world/scale-free,200,42,189,56.0,173.0,85.0,83.0,166.0,166.0,61.0,99.5,0.31246945752815836,4,1
small-world/scale-free,200,42,190,111.0,38.0,77.0,77.0,48.0,48.0,189.0,99.5,0.31246945752815836,4,1
small-world/scale-free,200,42,191,111.0,184.0,94.0,89.0,184.0,184.0,130.0,99.5,0.31246945752815836,4,1
small-world/scale-free,200,42,192,111.0,154.0,121.0,124.0,156.0,156.0,150.0,99.5,0.31246945752815836,4,1
small-world/scale-free,200,42,193,111.0,168.0,122.0,122.0,169.0,169.0,140.0,99.5,0.31246945752815836,4,1
small-world/scale-free,200,42,194,111.0,53.0,164.0,169.0,60.0,60.0,185.0,99.5,0.31246945752815836,4,1
small-world/scale-free,200,42,195,111.0,81.0,182.0,182.0,86.0,86.0,179.0,99.5,0.31246945752815836,4,1
small-world/scale-free,200,42,196,111.0,91.0,170.0,167.0,100.0,100.0,163.0,99.5,0.31246945752815836,4,1
small-world/scale-free,200,42,197,111.0,195.0,139.0,134.0,195.0,195.0,119.0,99.5,0.31246945752815836,4,1
small-world/scale-free,200,42,198,111.0,23.0,166.0,171.0,30.0,30.0,198.0,99.5,0.31246945752815836,4,1
small-world/scale-free,200,42,199,111.0,197.0,131.0,127.0,197.0,197.0,113.0,99.5,0.31246945752815836,4,1
