small-world/scale-free,200,43,0,1.0,2.0,2.0,2.0,2.0,2.0,1.0,99.5,0.32318514176293056,4,1
small-world/scale-free,200,43,1,18.0,18.0,23.0,23.0,20.0,20.0,21.0,99.5,0.32318514176293056,4,1
small-world/scale-free,200,43,2,8.0,9.0,8.0,8.0,8.0,8.0,8.0,99.5,0.32318514176293056,4,1
small-world/scale-free,200,43,3,1.0,1.0,1.0,1.0,1.0,1.0,2.0,99.5,0.32318514176293056,4,1
small-world/scale-free,200,43,4,5.0,4.0,5.0,5.0,4.0,4.0,5.0,99.5,0.32318514176293056,4,1
small-world/scale-free,200,43,5,7.0,7.0,9.0,9.0,6.0,6.0,7.0,99.5,0.32318514176293056,4,1
small-world/scale-free,200,43,6,25.0,15.0,26.0,28.0,19.0,19.0,35.0,99.5,0.32318514176293056,4,1
small-world/scale-free,200,43,7,10.0,8.0,11.0,11.0,8.0,8.0,10.0,99.5,0.32318514176293056,4,1
small-world/scale-free,200,43,8,4.0,3.0,4.0,4.0,3.0,3.0,4.0,99.5,0.32318514176293056,4,1
small-world/scale-free,200,43,9,3.0,5.0,3.0,3.0,5.0,5.0,3.0,99.5,0.32318514176293056,4,1
small-world/scale-free,200,43,10,83.0,50.0,103.0,101.0,58.0,58.0,102.0,99.5,0.32318514176293056,4,1
small-world/scale-free,200,43,11,10.0,6.0,10.0,10.0,7.0,7.0,11.0,99.5,0.32318514176293056,4,1
small-world/scale-free,200,43,12,12.0,23.0,15.0,15.0,18.0,18.0,13.0,99.5,0.32318514176293056,4,1
small-world/scale-free,200,43,13,36.0,35.0,65.0,65.0,30.0,30.0,44.0,99.5,0.32318514176293056,4,1
small-world/scale-free,200,43,14,22.0,18.0,19.0,19.0,21.0,21.0,24.0,99.5,0.32318514176293056,4,1
small-world/scale-free,200,43,15,46.0,59.0,56.0,56.0,53.0,53.0,54.0,99.5,0.32318514176293056,4,1
small-world/scale-free,200,43,16,9.0,9.0,6.0,6.0,10.0,10.0,9.0,99.5,0.32318514176293056,4,1
small-world/scale-free,200,43,17,46.0,45.0,47.0,46.0,44.0,44.0,57.0,99.5,0.32318514176293056,4,1
small-world/scale-free,200,43,18,12.0,18.0,13.0,13.0,15.0,15.0,12.0,99.5,0.32318514176293056,4,1
small-world/scale-free,200,43,19,25.0,38.0,36.0,37.0,28.0,28.0,31.0,99.5,0.32318514176293056,4,1
small-world/scale-free,200,43,20,6.0,12.0,7.0,7.0,11.0,11.0,6.0,99.5,0.32318514176293056,4,1
small-world/scale-free,200,43,21,25.0,41.0,27.0,27.0,39.0,39.0,30.0,99.5,0.32318514176293056,4,1
small-world/scale-free,200,43,22,36.0,55.0,48.0,48.0,51.0,51.0,42.0,99.5,0.32318514176293056,4,1
small-world/scale-free,200,43,23,15.0,16.0,12.0,12.0,14.0,14.0,17.0,99.5,0.32318514176293056,4,1
small-world/scale-free,200,43,24,46.0,70.0,72.0,71.0,68.0,68.0,56.0,99.5,0.32318514176293056,4,1
small-world/scale-free,200,43,25,25.0,13.0,21.0,21.0,16.0,16.0,34.0,99.5,0.32318514176293056,4,1
small-world/scale-free,200,43,26,36.0,70.0,53.0,51.0,75.0,75.0,40.0,99.5,0.32318514176293056,4,1
small-world/scale-free,200,43,27,25.0,49.0,43.0,43.0,45.0,45.0,33.0,99.5,0.32318514176293056,4,1
small-world/scale-free,200,43,28,36.0,24.0,31.0,33.0,24.0,24.0,45.0,99.5,0.32318514176293056,4,1
small-world/scale-free,200,43,29,83.0,137.0,91.0,86.0,137.0,137.0,113.0,99.5,0.32318514176293056,4,1
small-world/scale-free,200,43,30,83.0,29.0,80.0,83.0,34.0,34.0,119.0,99.5,0.32318514176293056,4,1
small-world/scale-free,200,43,31,123.0,27.0,158.0,167.0,32.0,32.0,197.0,99.5,0.32318514176293056,4,1
small-world/scale-free,200,43,32,25.0,92.0,33.0,31.0,79.0,79.0,27.0,99.5,0.32318514176293056,4,1
small-world/scale-free,200,43,33,15.0,39.0,17.0,17.0,27.0,27.0,15.0,99.5,0.32318514176293056,4,1
small-world/scale-free,200,43,34,25.0,28.0,22.0,22.0,29.0,29.0,32.0,99.5,0.32318514176293056,4,1
small-world/scale-free,200,43,35,58.0,66.0,63.0,64.0,70.0,70.0,73.0,99.5,0.32318514176293056,4,1
small-world/scale-free,200,43,36,22.0,84.0,29.0,26.0,56.0,56.0,23.0,99.5,0.32318514176293056,4,1
small-world/scale-free,200,43,37,58.0,76.0,88.0,89.0,64.0,64.0,82.0,99.5,0.32318514176293056,4,1
small-world/scale-free,200,43,38,58.0,119.0,67.0,67.0,122.0,122.0,76.0,99.5,0.32318514176293056,4,1
small-world/scale-free,200,43,39,25.0,32.0,28.0,29.0,31.0,31.0,26.0,99.5,0.32318514176293056,4,1
small-world/scale-free,200,43,40,83.0,127.0,87.0,82.0,125.0,125.0,101.0,99.5,0.32318514176293056,4,1
small-world/scale-free,200,43,41,15.0,14.0,18.0,18.0,13.0,13.0,16.0,99.5,0.32318514176293056,4,1
small-world/scale-free,200,43,42,14.0,24.0,16.0,16.0,22.0,22.0,14.0,99.5,0.32318514176293056,4,1
small-world/scale-free,200,43,43,22.0,57.0,24.0,24.0,43.0,43.0,22.0,99.5,0.32318514176293056,4,1
small-world/scale-free,200,43,44,36.0,82.0,62.0,62.0,73.0,73.0,43.0,99.5,0.32318514176293056,4,1
small-world/scale-free,200,43,45,58.0,61.0,95.0,96.0,61.0,61.0,81.0,99.5,0.32318514176293056,4,1
small-world/scale-free,200,43,46,123.0,89.0,194.0,194.0,90.0,90.0,199.0,99.5,0.32318514176293056,4,1
small-world/scale-free,200,43,47,58.0,50.0,85.0,84.0,47.0,47.0,79.0,99.5,0.32318514176293056,4,1
small-world/scale-free,200,43,48,25.0,41.0,30.0,30.0,37.0,37.0,28.0,99.5,0.32318514176293056,4,1
small-world/scale-free,200,43,49,123.0,109.0,194.0,194.0,104.0,104.0,189.0,99.5,0.32318514176293056,4,1
small-world/scale-free,200,43,50,58.0,35.0,54.0,55.0,33.0,33.0,78.0,99.5,0.32318514176293056,4,1
small-world/scale-free,200,43,51,83.0,114.0,179.0,176.0,112.0,112.0,103.0,99.5,0.32318514176293056,4,1
small-world/scale-free,200,43,52,123.0,30.0,71.0,80.0,38.0,38.0,188.0,99.5,0.32318514176293056,4,1
small-world/scale-free,200,43,53,46.0,80.0,55.0,57.0,78.0,78.0,55.0,99.5,0.32318514176293056,4,1
small-world/scale-free,200,43,54,58.0,163.0,123.0,130.0,153.0,153.0,77.0,99.5,0.32318514176293056,4,1
small-world/scale-free,200,43,55,36.0,57.0,34.0,32.0,57.0,57.0,41.0,99.5,0.32318514176293056,4,1
small-world/scale-free,200,43,56,58.0,140.0,112.0,109.0,128.0,128.0,70.0,99.5,0.32318514176293056,4,1
small-world/scale-free,200,43,57,46.0,163.0,70.0,68.0,148.0,148.0,49.0,99.5,0.32318514176293056,4,1
small-world/scale-free,200,43,58,25.0,178.0,51.0,50.0,160.0,160.0,25.0,99.5,0.32318514176293056,4,1
small-world/scale-free,200,43,59,18.0,11.0,14.0,14.0,12.0,12.0,20.0,99.5,0.32318514176293056,4,1
small-world/scale-free,200,43,60,36.0,70.0,37.0,36.0,59.0,59.0,38.0,99.5,0.32318514176293056,4,1
small-world/scale-free,200,43,61,46.0,53.0,58.0,58.0,54.0,54.0,53.0,99.5,0.32318514176293056,4,1
small-world/scale-free,200,43,62,58.0,33.0,38.0,38.0,35.0,35.0,80.0,99.5,0.32318514176293056,4,1
small-world/scale-free,200,43,63,123.0,143.0,169.0,169.0,142.0,142.0,187.0,99.5,0.32318514176293056,4,1
small-world/scale-free,200,43,64,46.0,119.0,73.0,74.0,117.0,117.0,51.0,99.5,0.32318514176293056,4,1
small-world/scale-free,200,43,65,83.0,103.0,89.0,91.0,98.0,98.0,99.0,99.5,0.32318514176293056,4,1
small-world/scale-free,200,43,66,46.0,133.0,66.0,63.0,132.0,132.0,50.0,99.5,0.32318514176293056,4,1
small-world/scale-free,200,43,67,83.0,100.0,126.0,124.0,93.0,93.0,110.0,99.5,0.32318514176293056,4,1
small-world/scale-free,200,43,68,58.0,165.0,100.0,92.0,165.0,165.0,63.0,99.5,0.32318514176293056,4,1
small-world/scale-free,200,43,69,36.0,70.0,42.0,42.0,63.0,63.0,39.0,99.5,0.32318514176293056,4,1
small-world/scale-free,200,43,70,83.0,103.0,93.0,98.0,94.0,94.0,104.0,99.5,0.32318514176293056,4,1
small-world/scale-free,200,43,71,123.0,95.0,116.0,116.0,107.0,107.0,179.0,99.5,0.32318514176293056,4,1
small-world/scale-free,200,43,72,123.0,138.0,99.0,99.0,138.0,138.0,162.0,99.5,0.32318514176293056,4,1
small-world/scale-free,200,43,73,58.0,153.0,77.0,72.0,154.0,154.0,59.0,99.5,0.32318514176293056,4,1
small-world/scale-free,200,43,74,18.0,53.0,20.0,20.0,41.0,41.0,19.0,99.5,0.32318514176293056,4,1
small-world/scale-free,200,43,75,58.0,144.0,64.0,66.0,141.0,141.0,62.0,99.5,0.32318514176293056,4,1
small-world/scale-free,200,43,76,25.0,16.0,32.0,34.0,17.0,17.0,29.0,99.5,0.32318514176293056,4,1
small-world/scale-free,200,43,77,83.0,84.0,96.0,95.0,83.0,83.0,97.0,99.5,0.32318514176293056,4,1
small-world/scale-free,200,43,78,83.0,40.0,84.0,85.0,46.0,46.0,122.0,99.5,0.32318514176293056,4,1
small-world/scale-free,200,43,79,123.0,192.0,159.0,159.0,192.0,192.0,159.0,99.5,0.32318514176293056,4,1
small-world/scale-free,200,43,80,46.0,79.0,52.0,52.0,69.0,69.0,47.0,99.5,0.32318514176293056,4,1
small-world/scale-free,200,43,81,83.0,109.0,136.0,144.0,114.0,114.0,114.0,99.5,0.32318514176293056,4,1
small-world/scale-free,200,43,82,83.0,148.0,134.0,131.0,149.0,149.0,106.0,99.5,0.32318514176293056,4,1
small-world/scale-free,200,43,83,58.0,138.0,129.0,128.0,133.0,133.0,66.0,99.5,0.32318514176293056,4,1
small-world/scale-free,200,43,84,58.0,47.0,78.0,79.0,55.0,55.0,75.0,99.5,0.32318514176293056,4,1
small-world/scale-free,200,43,85,58.0,158.0,61.0,61.0,155.0,155.0,60.0,99.5,0.32318514176293056,4,1
small-world/scale-free,200,43,86,123.0,45.0,174.0,175.0,50.0,50.0,190.0,99.5,0.32318514176293056,4,1
small-world/scale-free,200,43,87,58.0,82.0,46.0,47.0,77.0,77.0,72.0,99.5,0.32318514176293056,4,1
small-world/scale-free,200,43,88,83.0,114.0,120.0,119.0,123.0,123.0,118.0,99.5,0.32318514176293056,4,1
small-world/scale-free,200,43,89,58.0,105.0,40.0,41.0,100.0,100.0,61.0,99.5,0.32318514176293056,4,1
small-world/scale-free,200,43,90,18.0,116.0,25.0,25.0,92.0,92.0,18.0,99.5,0.32318514176293056,4,1
small-world/scale-free,200,43,91,36.0,147.0,50.0,53.0,143.0,143.0,37.0,99.5,0.32318514176293056,4,1
small-world/scale-free,200,43,92,123.0,186.0,150.0,152.0,185.0,185.0,146.0,99.5,0.32318514176293056,4,1
small-world/scale-free,200,43,93,83.0,61.0,49.0,49.0,76.0,76.0,91.0,99.5,0.32318514176293056,4,1
small-world/scale-free,200,43,94,123.0,195.0,185.0,184.0,196.0,196.0,126.0,99.5,0.32318514176293056,4,1
small-world/scale-free,200,43,95,58.0,89.0,35.0,35.0,91.0,91.0,65.0,99.5,0.32318514176293056,4,1
small-world/scale-free,200,43,96,58.0,89.0,68.0,69.0,95.0,95.0,68.0,99.5,0.32318514176293056,4,1
small-world/scale-free,200,43,97,123.0,41.0,110.0,115.0,48.0,48.0,191.0,99.5,0.32318514176293056,4,1
small-world/scale-free,200,43,98,83.0,185.0,139.0,137.0,182.0,182.0,89.0,99.5,0.32318514176293056,4,1
small-world/scale-free,200,43,99,123.0,176.0,157.0,157.0,181.0,181.0,164.0,99.5,0.32318514176293056,4,1
small-world/scale-free,200,43,100,123.0,95.0,177.0,181.0,103.0,103.0,192.0,99.5,0.32318514176293056,4,1
small-world/scale-free,200,43,101,58.0,160.0,79.0,87.0,159.0,159.0,69.0,99.5,0.32318514176293056,4,1
small-world/scale-free,200,43,102,123.0,129.0,160.0,160.0,135.0,135.0,184.0,99.5,0.32318514176293056,4,1
small-world/scale-free,200,43,103,123.0,150.0,175.0,178.0,151.0,151.0,182.0,99.5,0.32318514176293056,4,1
small-world/scale-free,200,43,104,58.0,48.0,45.0,45.0,52.0,52.0,67.0,99.5,0.32318514176293056,4,1
small-world/scale-free,200,43,105,123.0,66.0,114.0,120.0,81.0,81.0,181.0,99.5,0.32318514176293056,4,1
small-world/scale-free,200,43,106,123.0,165.0,161.0,158.0,172.0,172.0,165.0,99.5,0.32318514176293056,4,1
small-world/scale-free,200,43,107,83.0,129.0,75.0,75.0,129.0,129.0,96.0,99.5,0.32318514176293056,4,1
small-world/scale-free,200,43,108,83.0,157.0,104.0,103.0,158.0,158.0,95.0,99.5,0.32318514176293056,4,1
small-world/scale-free,200,43,109,123.0,168.0,109.0,107.0,170.0,170.0,149.0,99.5,0.32318514176293056,4,1
small-world/scale-free,200,43,110,83.0,22.0,74.0,76.0,26.0,26.0,112.0,99.5,0.32318514176293056,4,1
small-world/scale-free,200,43,111,123.0,145.0,122.0,122.0,151.0,151.0,154.0,99.5,0.32318514176293056,4,1
small-world/scale-free,200,43,112,83.0,112.0,124.0,127.0,108.0,108.0,107.0,99.5,0.32318514176293056,4,1
small-world/scale-free,200,43,113,83.0,92.0,166.0,166.0,85.0,85.0,120.0,99.5,0.32318514176293056,4,1
small-world/scale-free,200,43,114,83.0,194.0,118.0,117.0,194.0,194.0,84.0,99.5,0.32318514176293056,4,1
small-world/scale-free,200,43,115,46.0,124.0,94.0,88.0,116.0,116.0,46.0,99.5,0.32318514176293056,4,1
small-world/scale-free,200,43,116,58.0,88.0,69.0,70.0,88.0,88.0,64.0,99.5,0.32318514176293056,4,1
small-world/scale-free,200,43,117,123.0,183.0,153.0,153.0,184.0,184.0,153.0,99.5,0.32318514176293056,4,1
small-world/scale-free,200,43,118,200.0,188.0,194.0,194.0,191.0,191.0,200.0,99.5,0.32318514176293056,4,1
small-world/scale-free,200,43,119,83.0,142.0,83.0,77.0,144.0,144.0,94.0,99.5,0.32318514176293056,4,1
small-world/scale-free,200,43,120,83.0,99.0,81.0,81.0,99.0,99.0,85.0,99.5,0.32318514176293056,4,1
small-world/scale-free,200,43,121,36.0,171.0,41.0,40.0,163.0,163.0,36.0,99.5,0.32318514176293056,4,1
small-world/scale-free,200,43,122,123.0,167.0,107.0,105.0,167.0,167.0,163.0,99.5,0.32318514176293056,4,1
small-world/scale-free,200,43,123,58.0,26.0,44.0,44.0,25.0,25.0,71.0,99.5,0.32318514176293056,4,1
small-world/scale-free,200,43,124,83.0,119.0,90.0,90.0,120.0,120.0,111.0,99.5,0.32318514176293056,4,1
small-world/scale-free,200,43,125,123.0,76.0,131.0,138.0,84.0,84.0,183.0,99.5,0.32318514176293056,4,1
small-world/scale-free,200,43,126,83.0,150.0,121.0,118.0,146.0,146.0,98.0,99.5,0.32318514176293056,4,1
small-world/scale-free,200,43,127,83.0,191.0,144.0,143.0,189.0,189.0,83.0,99.5,0.32318514176293056,4,1
small-world/scale-free,200,43,128,58.0,59.0,92.0,93.0,62.0,62.0,74.0,99.5,0.32318514176293056,4,1
small-world/scale-free,200,43,129,46.0,87.0,60.0,60.0,72.0,72.0,48.0,99.5,0.32318514176293056,4,1
small-world/scale-free,200,43,130,123.0,124.0,141.0,142.0,139.0,139.0,170.0,99.5,0.32318514176293056,4,1
small-world/scale-free,200,43,131,123.0,171.0,188.0,189.0,174.0,174.0,178.0,99.5,0.32318514176293056,4,1
small-world/scale-free,200,43,132,46.0,21.0,39.0,39.0,23.0,23.0,52.0,99.5,0.32318514176293056,4,1
small-world/scale-free,200,43,133,83.0,129.0,133.0,134.0,136.0,136.0,88.0,99.5,0.32318514176293056,4,1
small-world/scale-free,200,43,134,123.0,84.0,190.0,191.0,96.0,96.0,161.0,99.5,0.32318514176293056,4,1
small-world/scale-free,200,43,135,123.0,107.0,108.0,110.0,110.0,110.0,173.0,99.5,0.32318514176293056,4,1
small-world/scale-free,200,43,136,83.0,187.0,135.0,132.0,186.0,186.0,87.0,99.5,0.32318514176293056,4,1
small-world/scale-free,200,43,137,123.0,149.0,194.0,194.0,157.0,157.0,135.0,99.5,0.32318514176293056,4,1
small-world/scale-free,200,43,138,83.0,65.0,76.0,73.0,67.0,67.0,105.0,99.5,0.32318514176293056,4,1
small-world/scale-free,200,43,139,83.0,122.0,182.0,182.0,115.0,115.0,92.0,99.5,0.32318514176293056,4,1
small-world/scale-free,200,43,140,123.0,180.0,111.0,108.0,179.0,179.0,131.0,99.5,0.32318514176293056,4,1
small-world/scale-free,200,43,141,123.0,170.0,170.0,170.0,168.0,168.0,152.0,99.5,0.32318514176293056,4,1
small-world/scale-free,200,43,142,123.0,182.0,171.0,171.0,171.0,171.0,143.0,99.5,0.32318514176293056,4,1
small-world/scale-free,200,43,143,83.0,133.0,187.0,187.0,127.0,127.0,86.0,99.5,0.32318514176293056,4,1
small-world/scale-free,200,43,144,83.0,66.0,137.0,141.0,80.0,80.0,108.0,99.5,0.32318514176293056,4,1
small-world/scale-free,200,43,145,123.0,146.0,82.0,78.0,162.0,162.0,148.0,99.5,0.32318514176293056,4,1
small-world/scale-free,200,43,146,123.0,158.0,125.0,126.0,156.0,156.0,136.0,99.5,0.32318514176293056,4,1
small-world/scale-free,200,43,147,123.0,168.0,167.0,163.0,173.0,173.0,150.0,99.5,0.32318514176293056,4,1
small-world/scale-free,200,43,148,83.0,30.0,86.0,94.0,36.0,36.0,121.0,99.5,0.32318514176293056,4,1
small-world/scale-free,200,43,149,123.0,132.0,191.0,190.0,131.0,131.0,155.0,99.5,0.32318514176293056,4,1
small-world/scale-free,200,43,150,123.0,95.0,180.0,179.0,102.0,102.0,195.0,99.5,0.32318514176293056,4,1
small-world/scale-free,200,43,151,83.0,50.0,59.0,59.0,60.0,60.0,90.0,99.5,0.32318514176293056,4,1
small-world/scale-free,200,43,152,123.0,193.0,189.0,188.0,193.0,193.0,140.0,99.5,0.32318514176293056,4,1
small-world/scale-free,200,43,153,123.0,100.0,163.0,164.0,105.0,105.0,156.0,99.5,0.32318514176293056,4,1
small-world/scale-free,200,43,154,83.0,162.0,138.0,135.0,166.0,166.0,93.0,99.5,0.32318514176293056,4,1
small-world/scale-free,200,43,155,123.0,80.0,184.0,186.0,89.0,89.0,196.0,99.5,0.32318514176293056,4,1
small-world/scale-free,200,43,156,123.0,195.0,145.0,146.0,195.0,195.0,151.0,99.5,0.32318514176293056,4,1
small-world/scale-free,200,43,157,58.0,113.0,57.0,54.0,113.0,113.0,58.0,99.5,0.32318514176293056,4,1
small-world/scale-free,200,43,158,83.0,69.0,148.0,148.0,74.0,74.0,117.0,99.5,0.32318514176293056,4,1
small-world/scale-free,200,43,159,123.0,100.0,164.0,165.0,105.0,105.0,158.0,99.5,0.32318514176293056,4,1
small-world/scale-free,200,43,160,123.0,56.0,194.0,194.0,71.0,71.0,198.0,99.5,0.32318514176293056,4,1
small-world/scale-free,200,43,161,123.0,61.0,168.0,168.0,65.0,65.0,186.0,99.5,0.32318514176293056,4,1
small-world/scale-free,200,43,162,83.0,76.0,176.0,174.0,86.0,86.0,100.0,99.5,0.32318514176293056,4,1
small-world/scale-free,200,43,163,123.0,133.0,147.0,150.0,133.0,133.0,180.0,99.5,0.32318514176293056,4,1
small-world/scale-free,200,43,164,123.0,136.0,162.0,161.0,145.0,145.0,169.0,99.5,0.32318514176293056,4,1
small-world/scale-free,200,43,165,83.0,75.0,154.0,147.0,81.0,81.0,109.0,99.5,0.32318514176293056,4,1
small-world/scale-free,200,43,166,123.0,176.0,156.0,155.0,177.0,177.0,133.0,99.5,0.32318514176293056,4,1
small-world/scale-free,200,43,167,123.0,153.0,146.0,145.0,164.0,164.0,172.0,99.5,0.32318514176293056,4,1
small-world/scale-free,200,43,168,123.0,160.0,155.0,154.0,169.0,169.0,141.0,99.5,0.32318514176293056,4,1
small-world/scale-free,200,43,169,123.0,153.0,119.0,121.0,161.0,161.0,171.0,99.5,0.32318514176293056,4,1
small-world/scale-free,200,43,170,123.0,152.0,178.0,177.0,147.0,147.0,168.0,99.5,0.32318514176293056,4,1
small-world/scale-free,200,43,171,123.0,116.0,172.0,173.0,118.0,118.0,193.0,99.5,0.32318514176293056,4,1
small-world/scale-free,200,43,172,83.0,92.0,149.0,149.0,97.0,97.0,115.0,99.5,0.32318514176293056,4,1
small-world/scale-free,200,43,173,123.0,190.0,143.0,140.0,190.0,190.0,125.0,99.5,0.32318514176293056,4,1
small-world/scale-free,200,43,174,123.0,199.0,140.0,136.0,199.0,199.0,127.0,99.5,0.32318514176293056,4,1
small-world/scale-free,200,43,175,123.0,174.0,115.0,113.0,176.0,176.0,144.0,99.5,0.32318514176293056,4,1
small-world/scale-free,200,43,176,123.0,171.0,142.0,139.0,175.0,175.0,129.0,99.5,0.32318514176293056,4,1
small-world/scale-free,200,43,177,123.0,95.0,98.0,100.0,101.0,101.0,174.0,99.5,0.32318514176293056,4,1
small-world/scale-free,200,43,178,123.0,195.0,193.0,193.0,197.0,197.0,124.0,99.5,0.32318514176293056,4,1
small-world/scale-free,200,43,179,123.0,124.0,97.0,97.0,130.0,130.0,142.0,99.5,0.32318514176293056,4,1
small-world/scale-free,200,43,180,123.0,70.0,194.0,194.0,86.0,86.0,185.0,99.5,0.32318514176293056,4,1
small-world/scale-free,200,43,181,123.0,34.0,105.0,111.0,42.0,42.0,194.0,99.5,0.32318514176293056,4,1
small-world/scale-free,200,43,182,83.0,41.0,102.0,104.0,48.0,48.0,116.0,99.5,0.32318514176293056,4,1
small-world/scale-free,200,43,183,123.0,109.0,113.0,114.0,121.0,121.0,167.0,99.5,0.32318514176293056,4,1
small-world/scale-free,200,43,184,123.0,140.0,186.0,185.0,140.0,140.0,177.0,99.5,0.32318514176293056,4,1
small-world/scale-free,200,43,185,123.0,127.0,192.0,192.0,125.0,125.0,147.0,99.5,0.32318514176293056,4,1
small-world/scale-free,200,43,186,123.0,184.0,128.0,125.0,187.0,187.0,128.0,99.5,0.32318514176293056,4,1
small-world/scale-free,200,43,187,123.0,35.0,151.0,156.0,40.0,40.0,175.0,99.5,0.32318514176293056,4,1
small-world/scale-free,200,43,188,123.0,153.0,181.0,180.0,150.0,150.0,145.0,99.5,0.32318514176293056,4,1
small-world/scale-free,200,43,189,123.0,107.0,130.0,133.0,110.0,110.0,157.0,99.5,0.32318514176293056,4,1
small-world/scale-free,200,43,190,123.0,106.0,101.0,106.0,109.0,109.0,132.0,99.5,0.32318514176293056,4,1
small-world/scale-free,200,43,191,123.0,174.0,152.0,151.0,178.0,178.0,139.0,99.5,0.32318514176293056,4,1
small-world/scale-free,200,43,192,123.0,116.0,183.0,183.0,119.0,119.0,160.0,99.5,0.32318514176293056,4,1
small-world/scale-free,200,43,193,123.0,181.0,127.0,123.0,183.0,183.0,138.0,99.5,0.32318514176293056,4,1
small-world/scale-free,200,43,194,123.0,178.0,132.0,129.0,180.0,180.0,137.0,99.5,0.32318514176293056,4,1
small-world/scale-free,200,43,195,123.0,122.0,117.0,112.0,124.0,124.0,166.0,99.5,0.32318514176293056,4,1
small-world/scale-free,200,43,196,123.0,188.0,165.0,162.0,188.0,188.0,134.0,99.5,0.32318514176293056,4,1
small-world/scale-free,200,43,197,123.0,200.0,194.0,194.0,200.0,200.0,130.0,99.5,0.32318514176293056,4,1
small-world/scale-free,200,43,198,123.0,61.0,173.0,172.0,66.0,66.0,176.0,99.5,0.32318514176293056,4,1
small-world/scale-free,200,43,199,123.0,198.0,106.0,102.0,198.0,198.0,123.0,99.5,0.32318514176293056,4,1
small-world/scale-free,200,44,0,1.0,2.0,1.0,1.0,1.0,1.0,1.0,99.5,0.3460982715188889,4,1
small-world/scale-free,200,44,1,2.0,3.0,2.0,2.0,2.0,2.0,3.0,99.5,0.3460982715188889,4,1
small-world/scale-free,200,44,2,8.0,8.0,7.0,7.0,8.0,8.0,8.0,99.5,0.3460982715188889,4,1
small-world/scale-free,200,44,3,5.0,1.0,6.0,6.0,3.0,3.0,6.0,99.5,0.3460982715188889,4,1
small-world/scale-free,200,44,4,10.0,11.0,12.0,14.0,11.0,11.0,11.0,99.5,0.3460982715188889,4,1
small-world/scale-free,200,44,5,13.0,9.0,11.0,11.0,10.0,10.0,14.0,99.5,0.3460982715188889,4,1
small-world/scale-free,200,44,6,9.0,7.0,9.0,9.0,7.0,7.0,9.0,99.5,0.3460982715188889,4,1
small-world/scale-free,200,44,7,19.0,24.0,29.0,26.0,23.0,23.0,21.0,99.5,0.3460982715188889,4,1
small-world/scale-free,200,44,8,10.0,12.0,10.0,10.0,12.0,12.0,10.0,99.5,0.3460982715188889,4,1
small-world/scale-free,200,44,9,2.0,5.0,3.0,3.0,4.0,4.0,2.0,99.5,0.3460982715188889,4,1
small-world/scale-free,200,44,10,5.0,4.0,5.0,5.0,6.0,6.0,5.0,99.5,0.3460982715188889,4,1
small-world/scale-free,200,44,11,4.0,6.0,4.0,4.0,5.0,5.0,4.0,99.5,0.3460982715188889,4,1
small-world/scale-free,200,44,12,54.0,29.0,77.0,78.0,33.0,33.0,84.0,99.5,0.3460982715188889,4,1
small-world/scale-free,200,44,13,13.0,13.0,15.0,15.0,13.0,13.0,13.0,99.5,0.3460982715188889,4,1
small-world/scale-free,200,44,14,24.0,15.0,22.0,22.0,17.0,17.0,28.0,99.5,0.3460982715188889,4,1
small-world/scale-free,200,44,15,29.0,16.0,23.0,25.0,16.0,16.0,37.0,99.5,0.3460982715188889,4,1
small-world/scale-free,200,44,16,7.0,10.0,8.0,8.0,9.0,9.0,7.0,99.5,0.3460982715188889,4,1
small-world/scale-free,200,44,17,85.0,146.0,173.0,171.0,143.0,143.0,117.0,99.5,0.3460982715188889,4,1
small-world/scale-free,200,44,18,17.0,14.0,16.0,16.0,15.0,15.0,18.0,99.5,0.3460982715188889,4,1
small-world/scale-free,200,44,19,54.0,46.0,83.0,82.0,47.0,47.0,76.0,99.5,0.3460982715188889,4,1
small-world/scale-free,200,44,20,85.0,49.0,139.0,143.0,57.0,57.0,121.0,99.5,0.3460982715188889,4,1
small-world/scale-free,200,44,21,42.0,41.0,52.0,51.0,42.0,42.0,53.0,99.5,0.3460982715188889,4,1
small-world/scale-free,200,44,22,38.0,26.0,36.0,36.0,25.0,25.0,39.0,99.5,0.3460982715188889,4,1
small-world/scale-free,200,44,23,29.0,75.0,39.0,37.0,58.0,58.0,34.0,99.5,0.3460982715188889,4,1
small-world/scale-free,200,44,24,19.0,36.0,26.0,28.0,31.0,31.0,22.0,99.5,0.3460982715188889,4,1
small-world/scale-free,200,44,25,19.0,26.0,17.0,17.0,20.0,20.0,23.0,99.5,0.3460982715188889,4,1
small-world/scale-free,200,44,26,38.0,39.0,50.0,52.0,39.0,39.0,41.0,99.5,0.3460982715188889,4,1
small-world/scale-free,200,44,27,15.0,21.0,13.0,12.0,18.0,18.0,16.0,99.5,0.3460982715188889,4,1
small-world/scale-free,200,44,28,29.0,96.0,38.0,40.0,83.0,83.0,31.0,99.5,0.3460982715188889,4,1
small-world/scale-free,200,44,29,54.0,96.0,113.0,111.0,87.0,87.0,73.0,99.5,0.3460982715188889,4,1
small-world/scale-free,200,44,30,12.0,17.0,14.0,13.0,14.0,14.0,12.0,99.5,0.3460982715188889,4,1
small-world/scale-free,200,44,31,122.0,67.0,168.0,170.0,67.0,67.0,188.0,99.5,0.3460982715188889,4,1
small-world/scale-free,200,44,32,29.0,30.0,24.0,24.0,26.0,26.0,32.0,99.5,0.3460982715188889,4,1
small-world/scale-free,200,44,33,38.0,19.0,40.0,38.0,19.0,19.0,40.0,99.5,0.3460982715188889,4,1
small-world/scale-free,200,44,34,29.0,26.0,42.0,41.0,27.0,27.0,35.0,99.5,0.3460982715188889,4,1
small-world/scale-free,200,44,35,24.0,85.0,32.0,30.0,71.0,71.0,27.0,99.5,0.3460982715188889,4,1
small-world/scale-free,200,44,36,42.0,163.0,63.0,63.0,154.0,154.0,45.0,99.5,0.3460982715188889,4,1
small-world/scale-free,200,44,37,29.0,23.0,28.0,29.0,22.0,22.0,33.0,99.5,0.3460982715188889,4,1
small-world/scale-free,200,44,38,85.0,58.0,121.0,119.0,73.0,73.0,112.0,99.5,0.3460982715188889,4,1
small-world/scale-free,200,44,39,54.0,31.0,66.0,66.0,37.0,37.0,83.0,99.5,0.3460982715188889,4,1
small-world/scale-free,200,44,40,15.0,40.0,18.0,18.0,29.0,29.0,15.0,99.5,0.3460982715188889,4,1
small-world/scale-free,200,44,41,85.0,51.0,91.0,91.0,54.0,54.0,120.0,99.5,0.3460982715188889,4,1
small-world/scale-free,200,44,42,85.0,128.0,150.0,148.0,128.0,128.0,107.0,99.5,0.3460982715188889,4,1
small-world/scale-free,200,44,43,85.0,85.0,149.0,144.0,82.0,82.0,104.0,99.5,0.3460982715188889,4,1
small-world/scale-free,200,44,44,42.0,43.0,47.0,48.0,44.0,44.0,51.0,99.5,0.3460982715188889,4,1
small-world/scale-free,200,44,45,54.0,81.0,67.0,67.0,77.0,77.0,75.0,99.5,0.3460982715188889,4,1
small-world/scale-free,200,44,46,29.0,103.0,30.0,32.0,94.0,94.0,29.0,99.5,0.3460982715188889,4,1
small-world/scale-free,200,44,47,122.0,57.0,122.0,122.0,61.0,61.0,196.0,99.5,0.3460982715188889,4,1
small-world/scale-free,200,44,48,54.0,62.0,107.0,104.0,59.0,59.0,80.0,99.5,0.3460982715188889,4,1
small-world/scale-free,200,44,49,42.0,109.0,105.0,101.0,99.0,99.0,47.0,99.5,0.3460982715188889,4,1
small-world/scale-free,200,44,50,17.0,65.0,19.0,19.0,43.0,43.0,17.0,99.5,0.3460982715188889,4,1
small-world/scale-free,200,44,51,29.0,32.0,43.0,43.0,28.0,28.0,36.0,99.5,0.3460982715188889,4,1
small-world/scale-free,200,44,52,122.0,84.0,186.0,188.0,105.0,105.0,198.0,99.5,0.3460982715188889,4,1
small-world/scale-free,200,44,53,122.0,105.0,164.0,166.0,113.0,113.0,187.0,99.5,0.3460982715188889,4,1
small-world/scale-free,200,44,54,85.0,63.0,70.0,75.0,69.0,69.0,103.0,99.5,0.3460982715188889,4,1
small-world/scale-free,200,44,55,85.0,18.0,41.0,42.0,24.0,24.0,116.0,99.5,0.3460982715188889,4,1
small-world/scale-free,200,44,56,42.0,100.0,51.0,50.0,88.0,88.0,46.0,99.5,0.3460982715188889,4,1
small-world/scale-free,200,44,57,24.0,32.0,21.0,21.0,30.0,30.0,26.0,99.5,0.3460982715188889,4,1
small-world/scale-free,200,44,58,42.0,153.0,57.0,54.0,141.0,141.0,50.0,99.5,0.3460982715188889,4,1
small-world/scale-free,200,44,59,42.0,51.0,49.0,49.0,51.0,51.0,49.0,99.5,0.3460982715188889,4,1
small-world/scale-free,200,44,60,85.0,65.0,106.0,105.0,75.0,75.0,114.0,99.5,0.3460982715188889,4,1
small-world/scale-free,200,44,61,42.0,58.0,92.0,95.0,50.0,50.0,52.0,99.5,0.3460982715188889,4,1
small-world/scale-free,200,44,62,122.0,61.0,104.0,107.0,66.0,66.0,186.0,99.5,0.3460982715188889,4,1
small-world/scale-free,200,44,63,38.0,20.0,34.0,35.0,21.0,21.0,38.0,99.5,0.3460982715188889,4,1
small-world/scale-free,200,44,64,54.0,100.0,58.0,56.0,95.0,95.0,64.0,99.5,0.3460982715188889,4,1
small-world/scale-free,200,44,65,54.0,24.0,73.0,76.0,35.0,35.0,79.0,99.5,0.3460982715188889,4,1
small-world/scale-free,200,44,66,85.0,45.0,124.0,129.0,47.0,47.0,119.0,99.5,0.3460982715188889,4,1
small-world/scale-free,200,44,67,24.0,54.0,35.0,34.0,40.0,40.0,25.0,99.5,0.3460982715188889,4,1
small-world/scale-free,200,44,68,122.0,21.0,96.0,108.0,34.0,34.0,199.0,99.5,0.3460982715188889,4,1
small-world/scale-free,200,44,69,85.0,38.0,88.0,90.0,41.0,41.0,118.0,99.5,0.3460982715188889,4,1
small-world/scale-free,200,44,70,85.0,71.0,95.0,97.0,74.0,74.0,108.0,99.5,0.3460982715188889,4,1
small-world/scale-free,200,44,71,122.0,70.0,131.0,134.0,80.0,80.0,191.0,99.5,0.3460982715188889,4,1
small-world/scale-free,200,44,72,19.0,36.0,20.0,20.0,31.0,31.0,20.0,99.5,0.3460982715188889,4,1
small-world/scale-free,200,44,73,85.0,117.0,74.0,73.0,114.0,114.0,96.0,99.5,0.3460982715188889,4,1
small-world/scale-free,200,44,74,122.0,138.0,94.0,96.0,149.0,149.0,127.0,99.5,0.3460982715188889,4,1
small-world/scale-free,200,44,75,85.0,126.0,59.0,57.0,126.0,126.0,92.0,99.5,0.3460982715188889,4,1
small-world/scale-free,200,44,76,85.0,95.0,87.0,89.0,96.0,96.0,110.0,99.5,0.3460982715188889,4,1
small-world/scale-free,200,44,77,85.0,91.0,65.0,65.0,103.0,103.0,102.0,99.5,0.3460982715188889,4,1
small-world/scale-free,200,44,78,54.0,143.0,85.0,84.0,142.0,142.0,62.0,99.5,0.3460982715188889,4,1
small-world/scale-free,200,44,79,122.0,96.0,163.0,163.0,104.0,104.0,171.0,99.5,0.3460982715188889,4,1
small-world/scale-free,200,44,80,54.0,34.0,56.0,60.0,36.0,36.0,81.0,99.5,0.3460982715188889,4,1
small-world/scale-free,200,44,81,54.0,67.0,46.0,46.0,60.0,60.0,74.0,99.5,0.3460982715188889,4,1
small-world/scale-free,200,44,82,54.0,81.0,86.0,87.0,85.0,85.0,82.0,99.5,0.3460982715188889,4,1
small-world/scale-free,200,44,83,85.0,54.0,89.0,88.0,56.0,56.0,111.0,99.5,0.3460982715188889,4,1
small-world/scale-free,200,44,84,54.0,71.0,54.0,59.0,64.0,64.0,67.0,99.5,0.3460982715188889,4,1
small-world/scale-free,200,44,85,42.0,127.0,80.0,72.0,116.0,116.0,48.0,99.5,0.3460982715188889,4,1
small-world/scale-free,200,44,86,122.0,93.0,183.0,185.0,101.0,101.0,184.0,99.5,0.3460982715188889,4,1
small-world/scale-free,200,44,87,54.0,177.0,78.0,79.0,166.0,166.0,70.0,99.5,0.3460982715188889,4,1
small-world/scale-free,200,44,88,29.0,148.0,55.0,55.0,136.0,136.0,30.0,99.5,0.3460982715188889,4,1
small-world/scale-free,200,44,89,54.0,112.0,101.0,94.0,107.0,107.0,61.0,99.5,0.3460982715188889,4,1
small-world/scale-free,200,44,90,42.0,123.0,45.0,45.0,115.0,115.0,44.0,99.5,0.3460982715188889,4,1
small-world/scale-free,200,44,91,122.0,135.0,189.0,189.0,131.0,131.0,157.0,99.5,0.3460982715188889,4,1
small-world/scale-free,200,44,92,54.0,156.0,76.0,74.0,152.0,152.0,66.0,99.5,0.3460982715188889,4,1
small-world/scale-free,200,44,93,85.0,148.0,111.0,116.0,146.0,146.0,105.0,99.5,0.3460982715188889,4,1
small-world/scale-free,200,44,94,122.0,112.0,123.0,124.0,118.0,118.0,159.0,99.5,0.3460982715188889,4,1
small-world/scale-free,200,44,95,85.0,109.0,100.0,103.0,119.0,119.0,97.0,99.5,0.3460982715188889,4,1
small-world/scale-free,200,44,96,85.0,160.0,127.0,125.0,162.0,162.0,106.0,99.5,0.3460982715188889,4,1
small-world/scale-free,200,44,97,24.0,114.0,25.0,23.0,81.0,81.0,24.0,99.5,0.3460982715188889,4,1
small-world/scale-free,200,44,98,54.0,120.0,81.0,81.0,109.0,109.0,69.0,99.5,0.3460982715188889,4,1
small-world/scale-free,200,44,99,54.0,35.0,82.0,83.0,38.0,38.0,78.0,99.5,0.3460982715188889,4,1
small-world/scale-free,200,44,100,122.0,155.0,172.0,172.0,157.0,157.0,174.0,99.5,0.3460982715188889,4,1
small-world/scale-free,200,44,101,122.0,123.0,137.0,132.0,132.0,132.0,178.0,99.5,0.3460982715188889,4,1
small-world/scale-free,200,44,102,54.0,160.0,102.0,98.0,153.0,153.0,60.0,99.5,0.3460982715188889,4,1
small-world/scale-free,200,44,103,54.0,89.0,37.0,39.0,89.0,89.0,55.0,99.5,0.3460982715188889,4,1
small-world/scale-free,200,44,104,54.0,129.0,68.0,70.0,120.0,120.0,57.0,99.5,0.3460982715188889,4,1
small-world/scale-free,200,44,105,85.0,115.0,178.0,178.0,117.0,117.0,101.0,99.5,0.3460982715188889,4,1
small-world/scale-free,200,44,106,85.0,178.0,140.0,137.0,178.0,178.0,89.0,99.5,0.3460982715188889,4,1
small-world/scale-free,200,44,107,122.0,138.0,167.0,162.0,150.0,150.0,167.0,99.5,0.3460982715188889,4,1
small-world/scale-free,200,44,108,85.0,83.0,84.0,85.0,93.0,93.0,98.0,99.5,0.3460982715188889,4,1
small-world/scale-free,200,44,109,42.0,100.0,33.0,33.0,98.0,98.0,43.0,99.5,0.3460982715188889,4,1
small-world/scale-free,200,44,110,122.0,154.0,147.0,147.0,160.0,160.0,161.0,99.5,0.3460982715188889,4,1
small-world/scale-free,200,44,111,122.0,197.0,160.0,159.0,197.0,197.0,126.0,99.5,0.3460982715188889,4,1
small-world/scale-free,200,44,112,54.0,63.0,98.0,99.0,65.0,65.0,77.0,99.5,0.3460982715188889,4,1
small-world/scale-free,200,44,113,122.0,159.0,148.0,146.0,164.0,164.0,144.0,99.5,0.3460982715188889,4,1
small-world/scale-free,200,44,114,85.0,160.0,120.0,120.0,162.0,162.0,90.0,99.5,0.3460982715188889,4,1
small-world/scale-free,200,44,115,122.0,131.0,181.0,183.0,139.0,139.0,189.0,99.5,0.3460982715188889,4,1
small-world/scale-free,200,44,116,19.0,143.0,31.0,31.0,123.0,123.0,19.0,99.5,0.3460982715188889,4,1
small-world/scale-free,200,44,117,85.0,85.0,69.0,69.0,84.0,84.0,109.0,99.5,0.3460982715188889,4,1
small-world/scale-free,200,44,118,122.0,115.0,189.0,189.0,122.0,122.0,183.0,99.5,0.3460982715188889,4,1
small-world/scale-free,200,44,119,122.0,119.0,180.0,180.0,125.0,125.0,172.0,99.5,0.3460982715188889,4,1
small-world/scale-free,200,44,120,85.0,85.0,171.0,169.0,92.0,92.0,113.0,99.5,0.3460982715188889,4,1
small-world/scale-free,200,44,121,85.0,79.0,48.0,47.0,85.0,85.0,94.0,99.5,0.3460982715188889,4,1
small-world/scale-free,200,44,122,54.0,91.0,61.0,61.0,91.0,91.0,63.0,99.5,0.3460982715188889,4,1
small-world/scale-free,200,44,123,54.0,67.0,27.0,27.0,72.0,72.0,58.0,99.5,0.3460982715188889,4,1
small-world/scale-free,200,44,124,122.0,150.0,130.0,127.0,159.0,159.0,136.0,99.5,0.3460982715188889,4,1
small-world/scale-free,200,44,125,122.0,120.0,109.0,110.0,127.0,127.0,158.0,99.5,0.3460982715188889,4,1
small-world/scale-free,200,44,126,122.0,150.0,185.0,184.0,151.0,151.0,151.0,99.5,0.3460982715188889,4,1
small-world/scale-free,200,44,127,122.0,167.0,189.0,189.0,168.0,168.0,169.0,99.5,0.3460982715188889,4,1
small-world/scale-free,200,44,128,122.0,99.0,159.0,164.0,99.0,99.0,195.0,99.5,0.3460982715188889,4,1
small-world/scale-free,200,44,129,122.0,130.0,144.0,149.0,130.0,130.0,185.0,99.5,0.3460982715188889,4,1
small-world/scale-free,200,44,130,54.0,169.0,90.0,86.0,165.0,165.0,56.0,99.5,0.3460982715188889,4,1
small-world/scale-free,200,44,131,85.0,182.0,110.0,109.0,181.0,181.0,85.0,99.5,0.3460982715188889,4,1
small-world/scale-free,200,44,132,122.0,190.0,189.0,189.0,195.0,195.0,139.0,99.5,0.3460982715188889,4,1
small-world/scale-free,200,44,133,85.0,188.0,93.0,92.0,188.0,188.0,86.0,99.5,0.3460982715188889,4,1
small-world/scale-free,200,44,134,54.0,141.0,62.0,64.0,138.0,138.0,65.0,99.5,0.3460982715188889,4,1
small-world/scale-free,200,44,135,122.0,200.0,187.0,186.0,200.0,200.0,130.0,99.5,0.3460982715188889,4,1
small-world/scale-free,200,44,136,122.0,143.0,166.0,168.0,147.0,147.0,148.0,99.5,0.3460982715188889,4,1
small-world/scale-free,200,44,137,54.0,108.0,71.0,71.0,106.0,106.0,72.0,99.5,0.3460982715188889,4,1
small-world/scale-free,200,44,138,122.0,196.0,175.0,175.0,196.0,196.0,128.0,99.5,0.3460982715188889,4,1
small-world/scale-free,200,44,139,122.0,147.0,189.0,189.0,148.0,148.0,164.0,99.5,0.3460982715188889,4,1
small-world/scale-free,200,44,140,85.0,141.0,97.0,93.0,145.0,145.0,93.0,99.5,0.3460982715188889,4,1
small-world/scale-free,200,44,141,122.0,41.0,156.0,157.0,45.0,45.0,197.0,99.5,0.3460982715188889,4,1
small-world/scale-free,200,44,142,54.0,189.0,136.0,139.0,186.0,186.0,54.0,99.5,0.3460982715188889,4,1
small-world/scale-free,200,44,143,85.0,76.0,79.0,80.0,76.0,76.0,99.0,99.5,0.3460982715188889,4,1
small-world/scale-free,200,44,144,122.0,105.0,189.0,189.0,110.0,110.0,177.0,99.5,0.3460982715188889,4,1
small-world/scale-free,200,44,145,42.0,165.0,60.0,58.0,161.0,161.0,42.0,99.5,0.3460982715188889,4,1
small-world/scale-free,200,44,146,54.0,73.0,75.0,77.0,67.0,67.0,68.0,99.5,0.3460982715188889,4,1
small-world/scale-free,200,44,147,122.0,169.0,134.0,135.0,170.0,170.0,141.0,99.5,0.3460982715188889,4,1
small-world/scale-free,200,44,148,85.0,78.0,162.0,161.0,78.0,78.0,100.0,99.5,0.3460982715188889,4,1
small-world/scale-free,200,44,149,85.0,186.0,146.0,142.0,182.0,182.0,91.0,99.5,0.3460982715188889,4,1
small-world/scale-free,200,44,150,122.0,133.0,118.0,118.0,135.0,135.0,150.0,99.5,0.3460982715188889,4,1
small-world/scale-free,200,44,151,85.0,93.0,188.0,187.0,97.0,97.0,115.0,99.5,0.3460982715188889,4,1
small-world/scale-free,200,44,152,122.0,167.0,103.0,100.0,169.0,169.0,132.0,99.5,0.3460982715188889,4,1
small-world/scale-free,200,44,153,54.0,73.0,53.0,53.0,70.0,70.0,59.0,99.5,0.3460982715188889,4,1
small-world/scale-free,200,44,154,122.0,105.0,189.0,189.0,110.0,110.0,179.0,99.5,0.3460982715188889,4,1
small-world/scale-free,200,44,155,122.0,120.0,189.0,189.0,124.0,124.0,163.0,99.5,0.3460982715188889,4,1
small-world/scale-free,200,44,156,122.0,109.0,165.0,167.0,108.0,108.0,173.0,99.5,0.3460982715188889,4,1
small-world/scale-free,200,44,157,122.0,175.0,143.0,136.0,176.0,176.0,137.0,99.5,0.3460982715188889,4,1
small-world/scale-free,200,44,158,122.0,137.0,145.0,151.0,140.0,140.0,145.0,99.5,0.3460982715188889,4,1
small-world/scale-free,200,44,159,122.0,89.0,132.0,131.0,102.0,102.0,193.0,99.5,0.3460982715188889,4,1
small-world/scale-free,200,44,160,122.0,199.0,138.0,138.0,199.0,199.0,122.0,99.5,0.3460982715188889,4,1
small-world/scale-free,200,44,161,122.0,169.0,135.0,130.0,172.0,172.0,143.0,99.5,0.3460982715188889,4,1
small-world/scale-free,200,44,162,122.0,185.0,115.0,113.0,187.0,187.0,154.0,99.5,0.3460982715188889,4,1
small-world/scale-free,200,44,163,122.0,76.0,189.0,189.0,79.0,79.0,200.0,99.5,0.3460982715188889,4,1
small-world/scale-free,200,44,164,122.0,191.0,176.0,177.0,190.0,190.0,140.0,99.5,0.3460982715188889,4,1
small-world/scale-free,200,44,165,122.0,158.0,112.0,114.0,158.0,158.0,162.0,99.5,0.3460982715188889,4,1
small-world/scale-free,200,44,166,122.0,169.0,189.0,189.0,173.0,173.0,156.0,99.5,0.3460982715188889,4,1
small-world/scale-free,200,44,167,122.0,181.0,169.0,165.0,185.0,185.0,133.0,99.5,0.3460982715188889,4,1
small-world/scale-free,200,44,168,122.0,178.0,142.0,145.0,179.0,179.0,138.0,99.5,0.3460982715188889,4,1
small-world/scale-free,200,44,169,122.0,46.0,151.0,156.0,52.0,52.0,180.0,99.5,0.3460982715188889,4,1
small-world/scale-free,200,44,170,122.0,131.0,152.0,152.0,134.0,134.0,149.0,99.5,0.3460982715188889,4,1
small-world/scale-free,200,44,171,122.0,46.0,154.0,153.0,49.0,49.0,194.0,99.5,0.3460982715188889,4,1
small-world/scale-free,200,44,172,54.0,58.0,44.0,44.0,62.0,62.0,71.0,99.5,0.3460982715188889,4,1
small-world/scale-free,200,44,173,122.0,175.0,189.0,189.0,175.0,175.0,155.0,99.5,0.3460982715188889,4,1
small-world/scale-free,200,44,174,122.0,43.0,116.0,126.0,46.0,46.0,190.0,99.5,0.3460982715188889,4,1
small-world/scale-free,200,44,175,85.0,133.0,72.0,68.0,133.0,133.0,88.0,99.5,0.3460982715188889,4,1
small-world/scale-free,200,44,176,122.0,198.0,141.0,141.0,198.0,198.0,123.0,99.5,0.3460982715188889,4,1
small-world/scale-free,200,44,177,122.0,187.0,158.0,155.0,189.0,189.0,129.0,99.5,0.3460982715188889,4,1
small-world/scale-free,200,44,178,85.0,184.0,117.0,112.0,183.0,183.0,87.0,99.5,0.3460982715188889,4,1
small-world/scale-free,200,44,179,122.0,169.0,157.0,154.0,177.0,177.0,134.0,99.5,0.3460982715188889,4,1
small-world/scale-free,200,44,180,122.0,195.0,161.0,160.0,194.0,194.0,124.0,99.5,0.3460982715188889,4,1
small-world/scale-free,200,44,181,122.0,152.0,119.0,115.0,156.0,156.0,152.0,99.5,0.3460982715188889,4,1
small-world/scale-free,200,44,182,122.0,117.0,99.0,102.0,121.0,121.0,165.0,99.5,0.3460982715188889,4,1
small-world/scale-free,200,44,183,122.0,165.0,179.0,179.0,167.0,167.0,160.0,99.5,0.3460982715188889,4,1
small-world/scale-free,200,44,184,122.0,50.0,128.0,133.0,53.0,53.0,192.0,99.5,0.3460982715188889,4,1
small-world/scale-free,200,44,185,122.0,193.0,184.0,182.0,193.0,193.0,131.0,99.5,0.3460982715188889,4,1
small-world/scale-free,200,44,186,122.0,193.0,126.0,121.0,191.0,191.0,135.0,99.5,0.3460982715188889,4,1
small-world/scale-free,200,44,187,85.0,103.0,64.0,62.0,110.0,110.0,95.0,99.5,0.3460982715188889,4,1
small-world/scale-free,200,44,188,122.0,174.0,155.0,158.0,174.0,174.0,142.0,99.5,0.3460982715188889,4,1
small-world/scale-free,200,44,189,122.0,138.0,189.0,189.0,143.0,143.0,147.0,99.5,0.3460982715188889,4,1
small-world/scale-free,200,44,190,122.0,54.0,133.0,140.0,55.0,55.0,176.0,99.5,0.3460982715188889,4,1
small-world/scale-free,200,44,191,122.0,79.0,108.0,106.0,90.0,90.0,168.0,99.5,0.3460982715188889,4,1
small-world/scale-free,200,44,192,122.0,191.0,129.0,128.0,192.0,192.0,125.0,99.5,0.3460982715188889,4,1
small-world/scale-free,200,44,193,122.0,136.0,174.0,174.0,137.0,137.0,166.0,99.5,0.3460982715188889,4,1
small-world/scale-free,200,44,194,122.0,164.0,182.0,181.0,170.0,170.0,170.0,99.5,0.3460982715188889,4,1
small-world/scale-free,200,44,195,122.0,123.0,153.0,150.0,129.0,129.0,175.0,99.5,0.3460982715188889,4,1
small-world/scale-free,200,44,196,122.0,180.0,125.0,123.0,180.0,180.0,153.0,99.5,0.3460982715188889,4,1
small-world/scale-free,200,44,197,122.0,157.0,177.0,176.0,155.0,155.0,181.0,99.5,0.3460982715188889,4,1
small-world/scale-free,200,44,198,122.0,51.0,114.0,117.0,62.0,62.0,182.0,99.5,0.3460982715188889,4,1
small-world/scale-free,200,44,199,122.0,183.0,170.0,173.0,184.0,184.0,146.0,99.5,0.3460982715188889,4,1
