small-world/scale-free,200,47,0,1.0,1.0,1.0,1.0,1.0,1.0,1.0,99.5,0.3292097566509311,4,1
small-world/scale-free,200,47,1,2.0,3.0,2.0,2.0,2.0,2.0,2.0,99.5,0.3292097566509311,4,1
small-world/scale-free,200,47,2,10.0,24.0,16.0,16.0,19.0,19.0,12.0,99.5,0.3292097566509311,4,1
small-world/scale-free,200,47,3,4.0,2.0,3.0,3.0,3.0,3.0,4.0,99.5,0.3292097566509311,4,1
small-world/scale-free,200,47,4,5.0,5.0,5.0,5.0,5.0,5.0,5.0,99.5,0.3292097566509311,4,1
small-world/scale-free,200,47,5,3.0,4.0,4.0,4.0,4.0,4.0,3.0,99.5,0.3292097566509311,4,1
small-world/scale-free,200,47,6,22.0,14.0,23.0,23.0,15.0,15.0,23.0,99.5,0.3292097566509311,4,1
small-world/scale-free,200,47,7,14.0,9.0,10.0,9.0,10.0,10.0,14.0,99.5,0.3292097566509311,4,1
small-world/scale-free,200,47,8,6.0,6.0,6.0,6.0,6.0,6.0,6.0,99.5,0.3292097566509311,4,1
small-world/scale-free,200,47,9,16.0,10.0,15.0,15.0,11.0,11.0,21.0,99.5,0.3292097566509311,4,1
small-world/scale-free,200,47,10,8.0,7.0,11.0,11.0,7.0,7.0,8.0,99.5,0.3292097566509311,4,1
small-world/scale-free,200,47,11,7.0,11.0,7.0,7.0,9.0,9.0,7.0,99.5,0.3292097566509311,4,1
small-world/scale-free,200,47,12,10.0,13.0,13.0,13.0,13.0,13.0,13.0,99.5,0.3292097566509311,4,1
small-world/scale-free,200,47,13,119.0,65.0,143.0,153.0,74.0,74.0,197.0,99.5,0.3292097566509311,4,1
small-world/scale-free,200,47,14,46.0,33.0,48.0,47.0,33.0,33.0,60.0,99.5,0.3292097566509311,4,1
small-world/scale-free,200,47,15,84.0,38.0,68.0,73.0,41.0,41.0,118.0,99.5,0.3292097566509311,4,1
small-world/scale-free,200,47,16,16.0,17.0,18.0,18.0,17.0,17.0,18.0,99.5,0.3292097566509311,4,1
small-world/scale-free,200,47,17,16.0,20.0,21.0,21.0,16.0,16.0,20.0,99.5,0.3292097566509311,4,1
small-world/scale-free,200,47,18,26.0,15.0,27.0,27.0,18.0,18.0,34.0,99.5,0.3292097566509311,4,1
small-world/scale-free,200,47,19,46.0,36.0,37.0,36.0,34.0,34.0,59.0,99.5,0.3292097566509311,4,1
small-world/scale-free,200,47,20,16.0,22.0,31.0,30.0,21.0,21.0,19.0,99.5,0.3292097566509311,4,1
small-world/scale-free,200,47,21,35.0,115.0,51.0,51.0,114.0,114.0,44.0,99.5,0.3292097566509311,4,1
small-world/scale-free,200,47,22,61.0,84.0,75.0,75.0,84.0,84.0,83.0,99.5,0.3292097566509311,4,1
small-world/scale-free,200,47,23,35.0,56.0,50.0,50.0,48.0,48.0,37.0,99.5,0.3292097566509311,4,1
small-world/scale-free,200,47,24,10.0,12.0,8.0,8.0,12.0,12.0,11.0,99.5,0.3292097566509311,4,1
small-world/scale-free,200,47,25,16.0,22.0,17.0,17.0,20.0,20.0,17.0,99.5,0.3292097566509311,4,1
small-world/scale-free,200,47,26,26.0,104.0,45.0,42.0,85.0,85.0,33.0,99.5,0.3292097566509311,4,1
small-world/scale-free,200,47,27,46.0,30.0,36.0,37.0,29.0,29.0,56.0,99.5,0.3292097566509311,4,1
small-world/scale-free,200,47,28,35.0,36.0,33.0,34.0,32.0,32.0,43.0,99.5,0.3292097566509311,4,1
small-world/scale-free,200,47,29,26.0,29.0,38.0,39.0,26.0,26.0,31.0,99.5,0.3292097566509311,4,1
small-world/scale-free,200,47,30,61.0,81.0,41.0,43.0,79.0,79.0,72.0,99.5,0.3292097566509311,4,1
small-world/scale-free,200,47,31,35.0,41.0,32.0,32.0,38.0,38.0,40.0,99.5,0.3292097566509311,4,1
small-world/scale-free,200,47,32,46.0,27.0,29.0,29.0,27.0,27.0,58.0,99.5,0.3292097566509311,4,1
small-world/scale-free,200,47,33,24.0,111.0,43.0,38.0,106.0,106.0,24.0,99.5,0.3292097566509311,4,1
small-world/scale-free,200,47,34,35.0,48.0,26.0,26.0,40.0,40.0,38.0,99.5,0.3292097566509311,4,1
small-world/scale-free,200,47,35,119.0,86.0,188.0,186.0,91.0,91.0,187.0,99.5,0.3292097566509311,4,1
small-world/scale-free,200,47,36,9.0,17.0,12.0,12.0,14.0,14.0,9.0,99.5,0.3292097566509311,4,1
small-world/scale-free,200,47,37,46.0,170.0,88.0,89.0,166.0,166.0,54.0,99.5,0.3292097566509311,4,1
small-world/scale-free,200,47,38,119.0,130.0,184.0,184.0,136.0,136.0,181.0,99.5,0.3292097566509311,4,1
small-world/scale-free,200,47,39,15.0,8.0,9.0,10.0,8.0,8.0,15.0,99.5,0.3292097566509311,4,1
small-world/scale-free,200,47,40,61.0,27.0,79.0,83.0,31.0,31.0,80.0,99.5,0.3292097566509311,4,1
small-world/scale-free,200,47,41,46.0,94.0,96.0,95.0,85.0,85.0,55.0,99.5,0.3292097566509311,4,1
small-world/scale-free,200,47,42,10.0,50.0,14.0,14.0,28.0,28.0,10.0,99.5,0.3292097566509311,4,1
small-world/scale-free,200,47,43,84.0,93.0,186.0,187.0,98.0,98.0,111.0,99.5,0.3292097566509311,4,1
small-world/scale-free,200,47,44,26.0,25.0,19.0,20.0,25.0,25.0,32.0,99.5,0.3292097566509311,4,1
small-world/scale-free,200,47,45,119.0,89.0,150.0,149.0,103.0,103.0,191.0,99.5,0.3292097566509311,4,1
small-world/scale-free,200,47,46,24.0,76.0,34.0,35.0,62.0,62.0,25.0,99.5,0.3292097566509311,4,1
small-world/scale-free,200,47,47,61.0,58.0,67.0,65.0,65.0,65.0,78.0,99.5,0.3292097566509311,4,1
small-world/scale-free,200,47,48,26.0,135.0,46.0,40.0,130.0,130.0,27.0,99.5,0.3292097566509311,4,1
small-world/scale-free,200,47,49,26.0,111.0,56.0,55.0,102.0,102.0,30.0,99.5,0.3292097566509311,4,1
small-world/scale-free,200,47,50,35.0,72.0,71.0,69.0,59.0,59.0,41.0,99.5,0.3292097566509311,4,1
small-world/scale-free,200,47,51,61.0,54.0,87.0,88.0,52.0,52.0,82.0,99.5,0.3292097566509311,4,1
small-world/scale-free,200,47,52,84.0,44.0,78.0,78.0,44.0,44.0,110.0,99.5,0.3292097566509311,4,1
small-world/scale-free,200,47,53,119.0,166.0,185.0,188.0,165.0,165.0,190.0,99.5,0.3292097566509311,4,1
small-world/scale-free,200,47,54,84.0,150.0,100.0,93.0,150.0,150.0,107.0,99.5,0.3292097566509311,4,1
small-world/scale-free,200,47,55,119.0,89.0,138.0,140.0,90.0,90.0,183.0,99.5,0.3292097566509311,4,1
small-world/scale-free,200,47,56,35.0,128.0,47.0,49.0,113.0,113.0,45.0,99.5,0.3292097566509311,4,1
small-world/scale-free,200,47,57,16.0,139.0,20.0,19.0,104.0,104.0,16.0,99.5,0.3292097566509311,4,1
small-world/scale-free,200,47,58,61.0,21.0,65.0,66.0,24.0,24.0,81.0,99.5,0.3292097566509311,4,1
small-world/scale-free,200,47,59,119.0,79.0,144.0,151.0,82.0,82.0,172.0,99.5,0.3292097566509311,4,1
small-world/scale-free,200,47,60,22.0,121.0,22.0,22.0,107.0,107.0,22.0,99.5,0.3292097566509311,4,1
small-world/scale-free,200,47,61,119.0,70.0,131.0,136.0,68.0,68.0,182.0,99.5,0.3292097566509311,4,1
small-world/scale-free,200,47,62,84.0,45.0,108.0,111.0,55.0,55.0,116.0,99.5,0.3292097566509311,4,1
small-world/scale-free,200,47,63,84.0,196.0,193.0,193.0,196.0,196.0,100.0,99.5,0.3292097566509311,4,1
small-world/scale-free,200,47,64,46.0,64.0,66.0,63.0,66.0,66.0,57.0,99.5,0.3292097566509311,4,1
small-world/scale-free,200,47,65,61.0,141.0,128.0,126.0,140.0,140.0,66.0,99.5,0.3292097566509311,4,1
small-world/scale-free,200,47,66,61.0,52.0,93.0,92.0,43.0,43.0,79.0,99.5,0.3292097566509311,4,1
small-world/scale-free,200,47,67,35.0,106.0,42.0,41.0,100.0,100.0,36.0,99.5,0.3292097566509311,4,1
small-world/scale-free,200,47,68,46.0,35.0,28.0,28.0,35.0,35.0,53.0,99.5,0.3292097566509311,4,1
small-world/scale-free,200,47,69,119.0,65.0,194.0,194.0,72.0,72.0,199.0,99.5,0.3292097566509311,4,1
small-world/scale-free,200,47,70,84.0,86.0,122.0,122.0,87.0,87.0,117.0,99.5,0.3292097566509311,4,1
small-world/scale-free,200,47,71,119.0,173.0,157.0,150.0,175.0,175.0,142.0,99.5,0.3292097566509311,4,1
small-world/scale-free,200,47,72,35.0,132.0,80.0,76.0,125.0,125.0,39.0,99.5,0.3292097566509311,4,1
small-world/scale-free,200,47,73,84.0,106.0,135.0,132.0,116.0,116.0,108.0,99.5,0.3292097566509311,4,1
small-world/scale-free,200,47,74,119.0,47.0,194.0,194.0,54.0,54.0,193.0,99.5,0.3292097566509311,4,1
small-world/scale-free,200,47,75,46.0,152.0,62.0,59.0,144.0,144.0,46.0,99.5,0.3292097566509311,4,1
small-world/scale-free,200,47,76,84.0,68.0,105.0,108.0,67.0,67.0,113.0,99.5,0.3292097566509311,4,1
small-world/scale-free,200,47,77,46.0,143.0,57.0,57.0,135.0,135.0,51.0,99.5,0.3292097566509311,4,1
small-world/scale-free,200,47,78,119.0,61.0,81.0,85.0,70.0,70.0,177.0,99.5,0.3292097566509311,4,1
small-world/scale-free,200,47,79,84.0,41.0,153.0,146.0,46.0,46.0,105.0,99.5,0.3292097566509311,4,1
small-world/scale-free,200,47,80,46.0,148.0,69.0,71.0,142.0,142.0,48.0,99.5,0.3292097566509311,4,1
small-world/scale-free,200,47,81,26.0,79.0,35.0,33.0,69.0,69.0,29.0,99.5,0.3292097566509311,4,1
small-world/scale-free,200,47,82,119.0,189.0,174.0,176.0,188.0,188.0,154.0,99.5,0.3292097566509311,4,1
small-world/scale-free,200,47,83,61.0,45.0,53.0,56.0,45.0,45.0,76.0,99.5,0.3292097566509311,4,1
small-world/scale-free,200,47,84,61.0,65.0,61.0,64.0,71.0,71.0,77.0,99.5,0.3292097566509311,4,1
small-world/scale-free,200,47,85,119.0,102.0,90.0,90.0,119.0,119.0,160.0,99.5,0.3292097566509311,4,1
small-world/scale-free,200,47,86,84.0,41.0,86.0,91.0,49.0,49.0,112.0,99.5,0.3292097566509311,4,1
small-world/scale-free,200,47,87,46.0,117.0,55.0,54.0,115.0,115.0,52.0,99.5,0.3292097566509311,4,1
small-world/scale-free,200,47,88,61.0,99.0,63.0,60.0,89.0,89.0,67.0,99.5,0.3292097566509311,4,1
small-world/scale-free,200,47,89,35.0,61.0,30.0,31.0,51.0,51.0,42.0,99.5,0.3292097566509311,4,1
small-world/scale-free,200,47,90,35.0,108.0,64.0,62.0,92.0,92.0,35.0,99.5,0.3292097566509311,4,1
small-world/scale-free,200,47,91,61.0,94.0,82.0,82.0,99.0,99.0,75.0,99.5,0.3292097566509311,4,1
small-world/scale-free,200,47,92,61.0,77.0,104.0,105.0,73.0,73.0,69.0,99.5,0.3292097566509311,4,1
small-world/scale-free,200,47,93,46.0,169.0,85.0,81.0,167.0,167.0,49.0,99.5,0.3292097566509311,4,1
small-world/scale-free,200,47,94,119.0,152.0,119.0,116.0,158.0,158.0,147.0,99.5,0.3292097566509311,4,1
small-world/scale-free,200,47,95,84.0,133.0,116.0,114.0,134.0,134.0,102.0,99.5,0.3292097566509311,4,1
small-world/scale-free,200,47,96,26.0,63.0,24.0,24.0,47.0,47.0,26.0,99.5,0.3292097566509311,4,1
small-world/scale-free,200,47,97,61.0,117.0,102.0,102.0,122.0,122.0,64.0,99.5,0.3292097566509311,4,1
small-world/scale-free,200,47,98,119.0,177.0,164.0,162.0,178.0,178.0,137.0,99.5,0.3292097566509311,4,1
small-world/scale-free,200,47,99,26.0,75.0,25.0,25.0,59.0,59.0,28.0,99.5,0.3292097566509311,4,1
small-world/scale-free,200,47,100,119.0,101.0,156.0,157.0,111.0,111.0,133.0,99.5,0.3292097566509311,4,1
small-world/scale-free,200,47,101,61.0,81.0,98.0,99.0,80.0,80.0,73.0,99.5,0.3292097566509311,4,1
small-world/scale-free,200,47,102,119.0,94.0,141.0,142.0,105.0,105.0,143.0,99.5,0.3292097566509311,4,1
small-world/scale-free,200,47,103,119.0,32.0,163.0,171.0,39.0,39.0,198.0,99.5,0.3292097566509311,4,1
small-world/scale-free,200,47,104,84.0,164.0,147.0,144.0,164.0,164.0,93.0,99.5,0.3292097566509311,4,1
small-world/scale-free,200,47,105,119.0,144.0,162.0,163.0,147.0,147.0,155.0,99.5,0.3292097566509311,4,1
small-world/scale-free,200,47,106,61.0,115.0,49.0,48.0,120.0,120.0,68.0,99.5,0.3292097566509311,4,1
small-world/scale-free,200,47,107,119.0,157.0,166.0,167.0,153.0,153.0,164.0,99.5,0.3292097566509311,4,1
small-world/scale-free,200,47,108,46.0,110.0,74.0,77.0,101.0,101.0,47.0,99.5,0.3292097566509311,4,1
small-world/scale-free,200,47,109,46.0,60.0,54.0,52.0,58.0,58.0,50.0,99.5,0.3292097566509311,4,1
small-world/scale-free,200,47,110,84.0,127.0,52.0,53.0,127.0,127.0,90.0,99.5,0.3292097566509311,4,1
small-world/scale-free,200,47,111,119.0,94.0,194.0,194.0,110.0,110.0,200.0,99.5,0.3292097566509311,4,1
small-world/scale-free,200,47,112,61.0,19.0,39.0,46.0,22.0,22.0,74.0,99.5,0.3292097566509311,4,1
small-world/scale-free,200,47,113,84.0,70.0,112.0,118.0,75.0,75.0,109.0,99.5,0.3292097566509311,4,1
small-world/scale-free,200,47,114,84.0,148.0,115.0,113.0,151.0,151.0,99.0,99.5,0.3292097566509311,4,1
small-world/scale-free,200,47,115,119.0,161.0,171.0,168.0,162.0,162.0,159.0,99.5,0.3292097566509311,4,1
small-world/scale-free,200,47,116,119.0,191.0,194.0,194.0,191.0,191.0,146.0,99.5,0.3292097566509311,4,1
small-world/scale-free,200,47,117,61.0,92.0,91.0,86.0,81.0,81.0,65.0,99.5,0.3292097566509311,4,1
small-world/scale-free,200,47,118,119.0,168.0,161.0,164.0,169.0,169.0,171.0,99.5,0.3292097566509311,4,1
small-world/scale-free,200,47,119,119.0,48.0,151.0,160.0,56.0,56.0,195.0,99.5,0.3292097566509311,4,1
small-world/scale-free,200,47,120,119.0,137.0,130.0,128.0,141.0,141.0,152.0,99.5,0.3292097566509311,4,1
small-world/scale-free,200,47,121,119.0,152.0,170.0,169.0,155.0,155.0,150.0,99.5,0.3292097566509311,4,1
small-world/scale-free,200,47,122,119.0,145.0,72.0,68.0,149.0,149.0,167.0,99.5,0.3292097566509311,4,1
small-world/scale-free,200,47,123,119.0,111.0,152.0,156.0,129.0,129.0,174.0,99.5,0.3292097566509311,4,1
small-world/scale-free,200,47,124,119.0,84.0,84.0,84.0,94.0,94.0,178.0,99.5,0.3292097566509311,4,1
small-world/scale-free,200,47,125,84.0,162.0,139.0,133.0,163.0,163.0,96.0,99.5,0.3292097566509311,4,1
small-world/scale-free,200,47,126,119.0,146.0,136.0,137.0,148.0,148.0,156.0,99.5,0.3292097566509311,4,1
small-world/scale-free,200,47,127,84.0,121.0,133.0,134.0,121.0,121.0,92.0,99.5,0.3292097566509311,4,1
small-world/scale-free,200,47,128,119.0,56.0,173.0,175.0,63.0,63.0,185.0,99.5,0.3292097566509311,4,1
small-world/scale-free,200,47,129,84.0,25.0,40.0,44.0,30.0,30.0,115.0,99.5,0.3292097566509311,4,1
small-world/scale-free,200,47,130,84.0,121.0,83.0,80.0,128.0,128.0,94.0,99.5,0.3292097566509311,4,1
small-world/scale-free,200,47,131,119.0,179.0,110.0,106.0,181.0,181.0,132.0,99.5,0.3292097566509311,4,1
small-world/scale-free,200,47,132,84.0,199.0,187.0,185.0,198.0,198.0,91.0,99.5,0.3292097566509311,4,1
small-world/scale-free,200,47,133,119.0,89.0,124.0,130.0,97.0,97.0,175.0,99.5,0.3292097566509311,4,1
small-world/scale-free,200,47,134,119.0,139.0,114.0,112.0,143.0,143.0,134.0,99.5,0.3292097566509311,4,1
small-world/scale-free,200,47,135,61.0,34.0,60.0,67.0,37.0,37.0,70.0,99.5,0.3292097566509311,4,1
small-world/scale-free,200,47,136,84.0,94.0,118.0,120.0,95.0,95.0,114.0,99.5,0.3292097566509311,4,1
small-world/scale-free,200,47,137,61.0,58.0,59.0,61.0,53.0,53.0,71.0,99.5,0.3292097566509311,4,1
small-world/scale-free,200,47,138,84.0,38.0,70.0,74.0,42.0,42.0,101.0,99.5,0.3292097566509311,4,1
small-world/scale-free,200,47,139,119.0,184.0,190.0,190.0,184.0,184.0,157.0,99.5,0.3292097566509311,4,1
small-world/scale-free,200,47,140,61.0,183.0,89.0,87.0,179.0,179.0,61.0,99.5,0.3292097566509311,4,1
small-world/scale-free,200,47,141,119.0,130.0,181.0,183.0,133.0,133.0,168.0,99.5,0.3292097566509311,4,1
small-world/scale-free,200,47,142,61.0,100.0,58.0,58.0,96.0,96.0,62.0,99.5,0.3292097566509311,4,1
small-world/scale-free,200,47,143,119.0,134.0,148.0,141.0,145.0,145.0,176.0,99.5,0.3292097566509311,4,1
small-world/scale-free,200,47,144,84.0,121.0,177.0,172.0,118.0,118.0,97.0,99.5,0.3292097566509311,4,1
small-world/scale-free,200,47,145,119.0,135.0,127.0,125.0,139.0,139.0,166.0,99.5,0.3292097566509311,4,1
small-world/scale-free,200,47,146,119.0,165.0,117.0,115.0,168.0,168.0,135.0,99.5,0.3292097566509311,4,1
small-world/scale-free,200,47,147,119.0,111.0,146.0,143.0,117.0,117.0,149.0,99.5,0.3292097566509311,4,1
small-world/scale-free,200,47,148,119.0,77.0,120.0,121.0,88.0,88.0,144.0,99.5,0.3292097566509311,4,1
small-world/scale-free,200,47,149,119.0,15.0,44.0,45.0,23.0,23.0,189.0,99.5,0.3292097566509311,4,1
small-world/scale-free,200,47,150,119.0,157.0,123.0,123.0,152.0,152.0,170.0,99.5,0.3292097566509311,4,1
small-world/scale-free,200,47,151,119.0,30.0,132.0,139.0,36.0,36.0,196.0,99.5,0.3292097566509311,4,1
small-world/scale-free,200,47,152,119.0,178.0,159.0,154.0,177.0,177.0,148.0,99.5,0.3292097566509311,4,1
small-world/scale-free,200,47,153,84.0,117.0,92.0,94.0,124.0,124.0,106.0,99.5,0.3292097566509311,4,1
small-world/scale-free,200,47,154,119.0,40.0,168.0,177.0,50.0,50.0,194.0,99.5,0.3292097566509311,4,1
small-world/scale-free,200,47,155,119.0,128.0,194.0,194.0,131.0,131.0,140.0,99.5,0.3292097566509311,4,1
small-world/scale-free,200,47,156,84.0,74.0,103.0,103.0,77.0,77.0,89.0,99.5,0.3292097566509311,4,1
small-world/scale-free,200,47,157,119.0,152.0,142.0,138.0,160.0,160.0,139.0,99.5,0.3292097566509311,4,1
small-world/scale-free,200,47,158,119.0,126.0,125.0,124.0,132.0,132.0,169.0,99.5,0.3292097566509311,4,1
small-world/scale-free,200,47,159,119.0,141.0,192.0,192.0,138.0,138.0,129.0,99.5,0.3292097566509311,4,1
small-world/scale-free,200,47,160,84.0,152.0,126.0,127.0,154.0,154.0,95.0,99.5,0.3292097566509311,4,1
small-world/scale-free,200,47,161,119.0,50.0,140.0,145.0,57.0,57.0,192.0,99.5,0.3292097566509311,4,1
small-world/scale-free,200,47,162,119.0,157.0,137.0,135.0,159.0,159.0,162.0,99.5,0.3292097566509311,4,1
small-world/scale-free,200,47,163,61.0,162.0,109.0,104.0,157.0,157.0,63.0,99.5,0.3292097566509311,4,1
small-world/scale-free,200,47,164,119.0,52.0,99.0,101.0,64.0,64.0,173.0,99.5,0.3292097566509311,4,1
small-world/scale-free,200,47,165,119.0,81.0,155.0,159.0,83.0,83.0,188.0,99.5,0.3292097566509311,4,1
small-world/scale-free,200,47,166,119.0,180.0,194.0,194.0,180.0,180.0,165.0,99.5,0.3292097566509311,4,1
small-world/scale-free,200,47,167,84.0,196.0,167.0,166.0,196.0,196.0,85.0,99.5,0.3292097566509311,4,1
small-world/scale-free,200,47,168,119.0,195.0,194.0,194.0,195.0,195.0,130.0,99.5,0.3292097566509311,4,1
small-world/scale-free,200,47,169,84.0,160.0,97.0,96.0,161.0,161.0,86.0,99.5,0.3292097566509311,4,1
small-world/scale-free,200,47,170,119.0,172.0,180.0,180.0,176.0,176.0,141.0,99.5,0.3292097566509311,4,1
small-world/scale-free,200,47,171,119.0,198.0,178.0,173.0,199.0,199.0,121.0,99.5,0.3292097566509311,4,1
small-world/scale-free,200,47,172,84.0,117.0,95.0,98.0,126.0,126.0,98.0,99.5,0.3292097566509311,4,1
small-world/scale-free,200,47,173,84.0,109.0,77.0,79.0,108.0,108.0,104.0,99.5,0.3292097566509311,4,1
small-world/scale-free,200,47,174,119.0,150.0,149.0,148.0,156.0,156.0,186.0,99.5,0.3292097566509311,4,1
small-world/scale-free,200,47,175,119.0,187.0,182.0,182.0,187.0,187.0,136.0,99.5,0.3292097566509311,4,1
small-world/scale-free,200,47,176,84.0,176.0,121.0,119.0,173.0,173.0,87.0,99.5,0.3292097566509311,4,1
small-world/scale-free,200,47,177,119.0,186.0,191.0,191.0,186.0,186.0,151.0,99.5,0.3292097566509311,4,1
small-world/scale-free,200,47,178,119.0,69.0,73.0,70.0,77.0,77.0,153.0,99.5,0.3292097566509311,4,1
small-world/scale-free,200,47,179,84.0,175.0,106.0,100.0,172.0,172.0,84.0,99.5,0.3292097566509311,4,1
small-world/scale-free,200,47,180,119.0,188.0,175.0,174.0,189.0,189.0,122.0,99.5,0.3292097566509311,4,1
small-world/scale-free,200,47,181,84.0,105.0,76.0,72.0,112.0,112.0,103.0,99.5,0.3292097566509311,4,1
small-world/scale-free,200,47,182,119.0,167.0,179.0,179.0,170.0,170.0,138.0,99.5,0.3292097566509311,4,1
small-world/scale-free,200,47,183,84.0,171.0,113.0,117.0,171.0,171.0,88.0,99.5,0.3292097566509311,4,1
small-world/scale-free,200,47,184,119.0,181.0,169.0,165.0,183.0,183.0,131.0,99.5,0.3292097566509311,4,1
small-world/scale-free,200,47,185,119.0,194.0,134.0,131.0,194.0,194.0,125.0,99.5,0.3292097566509311,4,1
small-world/scale-free,200,47,186,119.0,137.0,176.0,178.0,137.0,137.0,180.0,99.5,0.3292097566509311,4,1
small-world/scale-free,200,47,187,119.0,173.0,160.0,155.0,174.0,174.0,128.0,99.5,0.3292097566509311,4,1
small-world/scale-free,200,47,188,119.0,192.0,158.0,158.0,193.0,193.0,119.0,99.5,0.3292097566509311,4,1
small-world/scale-free,200,47,189,119.0,200.0,183.0,181.0,200.0,200.0,120.0,99.5,0.3292097566509311,4,1
small-world/scale-free,200,47,190,119.0,185.0,111.0,107.0,185.0,185.0,126.0,99.5,0.3292097566509311,4,1
small-world/scale-free,200,47,191,119.0,54.0,101.0,110.0,61.0,61.0,179.0,99.5,0.3292097566509311,4,1
small-world/scale-free,200,47,192,119.0,193.0,165.0,161.0,192.0,192.0,123.0,99.5,0.3292097566509311,4,1
small-world/scale-free,200,47,193,119.0,190.0,172.0,170.0,190.0,190.0,124.0,99.5,0.3292097566509311,4,1
small-world/scale-free,200,47,194,119.0,182.0,189.0,189.0,182.0,182.0,127.0,99.5,0.3292097566509311,4,1
small-world/scale-free,200,47,195,119.0,102.0,154.0,152.0,109.0,109.0,184.0,99.5,0.3292097566509311,4,1
small-world/scale-free,200,47,196,119.0,146.0,129.0,129.0,146.0,146.0,161.0,99.5,0.3292097566509311,4,1
small-world/scale-free,200,47,197,119.0,72.0,107.0,109.0,76.0,76.0,163.0,99.5,0.3292097566509311,4,1
small-world/scale-free,200,47,198,119.0,121.0,145.0,147.0,123.0,123.0,145.0,99.5,0.3292097566509311,4,1
small-world/scale-free,200,47,199,119.0,88.0,94.0,97.0,93.0,93.0,158.0,99.5,0.3292097566509311,4,1
small-world/scale-free,200,48,0,4.0,4.0,5.0,5.0,4.0,4.0,4.0,99.5,0.3447766040379725,4,1
small-world/scale-free,200,48,1,5.0,5.0,4.0,4.0,5.0,5.0,5.0,99.5,0.3447766040379725,4,1
small-world/scale-free,200,48,2,38.0,21.0,80.0,80.0,24.0,24.0,53.0,99.5,0.3447766040379725,4,1
small-world/scale-free,200,48,3,1.0,1.0,1.0,1.0,1.0,1.0,1.0,99.5,0.3447766040379725,4,1
small-world/scale-free,200,48,4,12.0,7.0,10.0,11.0,8.0,8.0,12.0,99.5,0.3447766040379725,4,1
small-world/scale-free,200,48,5,10.0,11.0,13.0,13.0,11.0,11.0,11.0,99.5,0.3447766040379725,4,1
small-world/scale-free,200,48,6,14.0,14.0,22.0,21.0,13.0,13.0,18.0,99.5,0.3447766040379725,4,1
small-world/scale-free,200,48,7,20.0,25.0,26.0,26.0,20.0,20.0,21.0,99.5,0.3447766040379725,4,1
small-world/scale-free,200,48,8,3.0,3.0,3.0,3.0,3.0,3.0,3.0,99.5,0.3447766040379725,4,1
small-world/scale-free,200,48,9,2.0,2.0,2.0,2.0,2.0,2.0,2.0,99.5,0.3447766040379725,4,1
small-world/scale-free,200,48,10,26.0,33.0,31.0,31.0,31.0,31.0,31.0,99.5,0.3447766040379725,4,1
small-world/scale-free,200,48,11,6.0,8.0,7.0,7.0,7.0,7.0,7.0,99.5,0.3447766040379725,4,1
small-world/scale-free,200,48,12,54.0,81.0,73.0,71.0,85.0,85.0,72.0,99.5,0.3447766040379725,4,1
small-world/scale-free,200,48,13,26.0,29.0,27.0,27.0,32.0,32.0,30.0,99.5,0.3447766040379725,4,1
small-world/scale-free,200,48,14,26.0,32.0,40.0,38.0,33.0,33.0,32.0,99.5,0.3447766040379725,4,1
small-world/scale-free,200,48,15,54.0,23.0,93.0,93.0,27.0,27.0,79.0,99.5,0.3447766040379725,4,1
small-world/scale-free,200,48,16,6.0,6.0,6.0,6.0,6.0,6.0,6.0,99.5,0.3447766040379725,4,1
small-world/scale-free,200,48,17,22.0,72.0,30.0,28.0,55.0,55.0,24.0,99.5,0.3447766040379725,4,1
small-world/scale-free,200,48,18,22.0,43.0,36.0,36.0,35.0,35.0,23.0,99.5,0.3447766040379725,4,1
small-world/scale-free,200,48,19,54.0,12.0,47.0,50.0,17.0,17.0,71.0,99.5,0.3447766040379725,4,1
small-world/scale-free,200,48,20,54.0,62.0,71.0,73.0,57.0,57.0,75.0,99.5,0.3447766040379725,4,1
small-world/scale-free,200,48,21,123.0,59.0,173.0,176.0,68.0,68.0,200.0,99.5,0.3447766040379725,4,1
small-world/scale-free,200,48,22,123.0,101.0,185.0,186.0,101.0,101.0,192.0,99.5,0.3447766040379725,4,1
small-world/scale-free,200,48,23,26.0,20.0,25.0,25.0,18.0,18.0,29.0,99.5,0.3447766040379725,4,1
small-world/scale-free,200,48,24,8.0,9.0,8.0,8.0,9.0,9.0,9.0,99.5,0.3447766040379725,4,1
small-world/scale-free,200,48,25,10.0,10.0,9.0,9.0,10.0,10.0,10.0,99.5,0.3447766040379725,4,1
small-world/scale-free,200,48,26,38.0,21.0,57.0,55.0,25.0,25.0,52.0,99.5,0.3447766040379725,4,1
small-world/scale-free,200,48,27,14.0,41.0,16.0,16.0,28.0,28.0,16.0,99.5,0.3447766040379725,4,1
small-world/scale-free,200,48,28,38.0,81.0,45.0,45.0,73.0,73.0,51.0,99.5,0.3447766040379725,4,1
small-world/scale-free,200,48,29,38.0,23.0,49.0,47.0,26.0,26.0,50.0,99.5,0.3447766040379725,4,1
small-world/scale-free,200,48,30,54.0,115.0,68.0,65.0,107.0,107.0,68.0,99.5,0.3447766040379725,4,1
small-world/scale-free,200,48,31,54.0,35.0,61.0,62.0,39.0,39.0,78.0,99.5,0.3447766040379725,4,1
small-world/scale-free,200,48,32,33.0,78.0,33.0,33.0,75.0,75.0,36.0,99.5,0.3447766040379725,4,1
small-world/scale-free,200,48,33,14.0,28.0,14.0,15.0,19.0,19.0,15.0,99.5,0.3447766040379725,4,1
small-world/scale-free,200,48,34,8.0,27.0,11.0,10.0,15.0,15.0,8.0,99.5,0.3447766040379725,4,1
small-world/scale-free,200,48,35,123.0,62.0,156.0,155.0,68.0,68.0,193.0,99.5,0.3447766040379725,4,1
small-world/scale-free,200,48,36,38.0,75.0,43.0,44.0,74.0,74.0,43.0,99.5,0.3447766040379725,4,1
small-world/scale-free,200,48,37,54.0,93.0,74.0,74.0,92.0,92.0,74.0,99.5,0.3447766040379725,4,1
small-world/scale-free,200,48,38,14.0,105.0,18.0,18.0,65.0,65.0,14.0,99.5,0.3447766040379725,4,1
small-world/scale-free,200,48,39,33.0,31.0,38.0,39.0,33.0,33.0,37.0,99.5,0.3447766040379725,4,1
small-world/scale-free,200,48,40,26.0,47.0,20.0,20.0,38.0,38.0,26.0,99.5,0.3447766040379725,4,1
small-world/scale-free,200,48,41,80.0,15.0,94.0,97.0,21.0,21.0,122.0,99.5,0.3447766040379725,4,1
small-world/scale-free,200,48,42,20.0,15.0,15.0,14.0,16.0,16.0,20.0,99.5,0.3447766040379725,4,1
small-world/scale-free,200,48,43,13.0,13.0,12.0,12.0,12.0,12.0,13.0,99.5,0.3447766040379725,4,1
small-world/scale-free,200,48,44,80.0,153.0,102.0,99.0,146.0,146.0,103.0,99.5,0.3447766040379725,4,1
small-world/scale-free,200,48,45,22.0,55.0,23.0,23.0,40.0,40.0,22.0,99.5,0.3447766040379725,4,1
small-world/scale-free,200,48,46,33.0,69.0,28.0,30.0,66.0,66.0,34.0,99.5,0.3447766040379725,4,1
small-world/scale-free,200,48,47,80.0,147.0,120.0,117.0,147.0,147.0,101.0,99.5,0.3447766040379725,4,1
small-world/scale-free,200,48,48,123.0,170.0,130.0,127.0,173.0,173.0,149.0,99.5,0.3447766040379725,4,1
small-world/scale-free,200,48,49,38.0,72.0,41.0,42.0,67.0,67.0,47.0,99.5,0.3447766040379725,4,1
small-world/scale-free,200,48,50,38.0,112.0,52.0,48.0,109.0,109.0,45.0,99.5,0.3447766040379725,4,1
small-world/scale-free,200,48,51,22.0,66.0,37.0,37.0,46.0,46.0,25.0,99.5,0.3447766040379725,4,1
small-world/scale-free,200,48,52,19.0,35.0,19.0,19.0,29.0,29.0,19.0,99.5,0.3447766040379725,4,1
small-world/scale-free,200,48,53,38.0,103.0,50.0,51.0,90.0,90.0,42.0,99.5,0.3447766040379725,4,1
small-world/scale-free,200,48,54,54.0,175.0,87.0,88.0,167.0,167.0,57.0,99.5,0.3447766040379725,4,1
small-world/scale-free,200,48,55,123.0,38.0,168.0,170.0,48.0,48.0,194.0,99.5,0.3447766040379725,4,1
small-world/scale-free,200,48,56,26.0,74.0,24.0,24.0,55.0,55.0,28.0,99.5,0.3447766040379725,4,1
small-world/scale-free,200,48,57,54.0,130.0,75.0,75.0,130.0,130.0,65.0,99.5,0.3447766040379725,4,1
small-world/scale-free,200,48,58,54.0,62.0,55.0,56.0,63.0,63.0,67.0,99.5,0.3447766040379725,4,1
small-world/scale-free,200,48,59,123.0,99.0,151.0,151.0,98.0,98.0,186.0,99.5,0.3447766040379725,4,1
small-world/scale-free,200,48,60,80.0,62.0,137.0,134.0,71.0,71.0,110.0,99.5,0.3447766040379725,4,1
small-world/scale-free,200,48,61,38.0,43.0,39.0,40.0,43.0,43.0,44.0,99.5,0.3447766040379725,4,1
small-world/scale-free,200,48,62,80.0,47.0,60.0,63.0,52.0,52.0,112.0,99.5,0.3447766040379725,4,1
small-world/scale-free,200,48,63,54.0,84.0,56.0,57.0,81.0,81.0,59.0,99.5,0.3447766040379725,4,1
small-world/scale-free,200,48,64,14.0,15.0,17.0,17.0,14.0,14.0,17.0,99.5,0.3447766040379725,4,1
small-world/scale-free,200,48,65,80.0,154.0,79.0,77.0,152.0,152.0,93.0,99.5,0.3447766040379725,4,1
small-world/scale-free,200,48,66,54.0,132.0,84.0,84.0,127.0,127.0,69.0,99.5,0.3447766040379725,4,1
small-world/scale-free,200,48,67,80.0,164.0,143.0,144.0,159.0,159.0,105.0,99.5,0.3447766040379725,4,1
small-world/scale-free,200,48,68,123.0,52.0,152.0,161.0,60.0,60.0,196.0,99.5,0.3447766040379725,4,1
small-world/scale-free,200,48,69,26.0,119.0,34.0,35.0,105.0,105.0,27.0,99.5,0.3447766040379725,4,1
small-world/scale-free,200,48,70,123.0,42.0,193.0,193.0,49.0,49.0,198.0,99.5,0.3447766040379725,4,1
small-world/scale-free,200,48,71,80.0,78.0,62.0,67.0,81.0,81.0,118.0,99.5,0.3447766040379725,4,1
small-world/scale-free,200,48,72,54.0,160.0,117.0,116.0,157.0,157.0,56.0,99.5,0.3447766040379725,4,1
small-world/scale-free,200,48,73,54.0,29.0,76.0,79.0,37.0,37.0,73.0,99.5,0.3447766040379725,4,1
small-world/scale-free,200,48,74,38.0,59.0,32.0,32.0,59.0,59.0,40.0,99.5,0.3447766040379725,4,1
small-world/scale-free,200,48,75,54.0,127.0,95.0,92.0,124.0,124.0,61.0,99.5,0.3447766040379725,4,1
small-world/scale-free,200,48,76,123.0,189.0,176.0,173.0,188.0,188.0,172.0,99.5,0.3447766040379725,4,1
small-world/scale-free,200,48,77,54.0,25.0,63.0,69.0,30.0,30.0,70.0,99.5,0.3447766040379725,4,1
small-world/scale-free,200,48,78,54.0,43.0,112.0,110.0,45.0,45.0,77.0,99.5,0.3447766040379725,4,1
small-world/scale-free,200,48,79,38.0,57.0,58.0,58.0,53.0,53.0,48.0,99.5,0.3447766040379725,4,1
small-world/scale-free,200,48,80,54.0,66.0,104.0,105.0,68.0,68.0,76.0,99.5,0.3447766040379725,4,1
small-world/scale-free,200,48,81,123.0,137.0,190.0,191.0,137.0,137.0,168.0,99.5,0.3447766040379725,4,1
small-world/scale-free,200,48,82,80.0,180.0,169.0,164.0,178.0,178.0,96.0,99.5,0.3447766040379725,4,1
small-world/scale-free,200,48,83,54.0,115.0,67.0,61.0,113.0,113.0,64.0,99.5,0.3447766040379725,4,1
small-world/scale-free,200,48,84,123.0,170.0,187.0,187.0,173.0,173.0,145.0,99.5,0.3447766040379725,4,1
small-world/scale-free,200,48,85,123.0,111.0,193.0,193.0,112.0,112.0,159.0,99.5,0.3447766040379725,4,1
small-world/scale-free,200,48,86,80.0,15.0,100.0,102.0,23.0,23.0,120.0,99.5,0.3447766040379725,4,1
small-world/scale-free,200,48,87,123.0,119.0,157.0,163.0,119.0,119.0,175.0,99.5,0.3447766040379725,4,1
small-world/scale-free,200,48,88,54.0,136.0,88.0,86.0,129.0,129.0,63.0,99.5,0.3447766040379725,4,1
small-world/scale-free,200,48,89,33.0,84.0,35.0,34.0,76.0,76.0,35.0,99.5,0.3447766040379725,4,1
small-world/scale-free,200,48,90,80.0,132.0,64.0,68.0,135.0,135.0,84.0,99.5,0.3447766040379725,4,1
small-world/scale-free,200,48,91,80.0,38.0,109.0,108.0,41.0,41.0,119.0,99.5,0.3447766040379725,4,1
small-world/scale-free,200,48,92,80.0,50.0,59.0,60.0,51.0,51.0,116.0,99.5,0.3447766040379725,4,1
small-world/scale-free,200,48,93,80.0,38.0,184.0,184.0,41.0,41.0,121.0,99.5,0.3447766040379725,4,1
small-world/scale-free,200,48,94,123.0,149.0,110.0,103.0,153.0,153.0,162.0,99.5,0.3447766040379725,4,1
small-world/scale-free,200,48,95,80.0,46.0,132.0,135.0,50.0,50.0,113.0,99.5,0.3447766040379725,4,1
small-world/scale-free,200,48,96,54.0,137.0,82.0,83.0,135.0,135.0,62.0,99.5,0.3447766040379725,4,1
small-world/scale-free,200,48,97,123.0,69.0,125.0,133.0,78.0,78.0,182.0,99.5,0.3447766040379725,4,1
small-world/scale-free,200,48,98,33.0,123.0,21.0,22.0,115.0,115.0,33.0,99.5,0.3447766040379725,4,1
small-world/scale-free,200,48,99,54.0,142.0,128.0,128.0,142.0,142.0,55.0,99.5,0.3447766040379725,4,1
small-world/scale-free,200,48,100,80.0,93.0,53.0,53.0,91.0,91.0,99.0,99.5,0.3447766040379725,4,1
small-world/scale-free,200,48,101,80.0,176.0,65.0,66.0,175.0,175.0,82.0,99.5,0.3447766040379725,4,1
small-world/scale-free,200,48,102,123.0,129.0,107.0,111.0,133.0,133.0,190.0,99.5,0.3447766040379725,4,1
small-world/scale-free,200,48,103,80.0,181.0,105.0,101.0,180.0,180.0,94.0,99.5,0.3447766040379725,4,1
small-world/scale-free,200,48,104,54.0,47.0,44.0,43.0,47.0,47.0,66.0,99.5,0.3447766040379725,4,1
small-world/scale-free,200,48,105,80.0,198.0,181.0,175.0,198.0,198.0,81.0,99.5,0.3447766040379725,4,1
small-world/scale-free,200,48,106,38.0,93.0,48.0,46.0,87.0,87.0,41.0,99.5,0.3447766040379725,4,1
small-world/scale-free,200,48,107,38.0,141.0,42.0,41.0,141.0,141.0,39.0,99.5,0.3447766040379725,4,1
small-world/scale-free,200,48,108,123.0,108.0,118.0,120.0,114.0,114.0,170.0,99.5,0.3447766040379725,4,1
small-world/scale-free,200,48,109,80.0,56.0,161.0,154.0,53.0,53.0,111.0,99.5,0.3447766040379725,4,1
small-world/scale-free,200,48,110,38.0,19.0,54.0,54.0,22.0,22.0,49.0,99.5,0.3447766040379725,4,1
small-world/scale-free,200,48,111,80.0,150.0,138.0,142.0,148.0,148.0,107.0,99.5,0.3447766040379725,4,1
small-world/scale-free,200,48,112,80.0,114.0,167.0,169.0,117.0,117.0,98.0,99.5,0.3447766040379725,4,1
small-world/scale-free,200,48,113,80.0,117.0,92.0,94.0,122.0,122.0,104.0,99.5,0.3447766040379725,4,1
small-world/scale-free,200,48,114,123.0,50.0,193.0,193.0,60.0,60.0,199.0,99.5,0.3447766040379725,4,1
small-world/scale-free,200,48,115,80.0,93.0,165.0,165.0,95.0,95.0,115.0,99.5,0.3447766040379725,4,1
small-world/scale-free,200,48,116,123.0,130.0,147.0,153.0,132.0,132.0,178.0,99.5,0.3447766040379725,4,1
small-world/scale-free,200,48,117,123.0,128.0,127.0,126.0,138.0,138.0,163.0,99.5,0.3447766040379725,4,1
small-world/scale-free,200,48,118,80.0,101.0,86.0,85.0,104.0,104.0,95.0,99.5,0.3447766040379725,4,1
small-world/scale-free,200,48,119,123.0,173.0,136.0,137.0,176.0,176.0,147.0,99.5,0.3447766040379725,4,1
small-world/scale-free,200,48,120,80.0,68.0,134.0,140.0,79.0,79.0,117.0,99.5,0.3447766040379725,4,1
small-world/scale-free,200,48,121,38.0,33.0,29.0,29.0,36.0,36.0,46.0,99.5,0.3447766040379725,4,1
small-world/scale-free,200,48,122,123.0,189.0,186.0,185.0,190.0,190.0,136.0,99.5,0.3447766040379725,4,1
small-world/scale-free,200,48,123,54.0,172.0,81.0,76.0,168.0,168.0,54.0,99.5,0.3447766040379725,4,1
small-world/scale-free,200,48,124,123.0,87.0,171.0,172.0,97.0,97.0,184.0,99.5,0.3447766040379725,4,1
small-world/scale-free,200,48,125,123.0,91.0,178.0,179.0,102.0,102.0,181.0,99.5,0.3447766040379725,4,1
small-world/scale-free,200,48,126,80.0,52.0,99.0,100.0,58.0,58.0,114.0,99.5,0.3447766040379725,4,1
small-world/scale-free,200,48,127,123.0,126.0,166.0,167.0,125.0,125.0,191.0,99.5,0.3447766040379725,4,1
small-world/scale-free,200,48,128,80.0,195.0,69.0,64.0,194.0,194.0,80.0,99.5,0.3447766040379725,4,1
small-world/scale-free,200,48,129,123.0,119.0,150.0,147.0,119.0,119.0,173.0,99.5,0.3447766040379725,4,1
small-world/scale-free,200,48,130,38.0,148.0,66.0,59.0,143.0,143.0,38.0,99.5,0.3447766040379725,4,1
small-world/scale-free,200,48,131,80.0,57.0,114.0,118.0,63.0,63.0,106.0,99.5,0.3447766040379725,4,1
small-world/scale-free,200,48,132,123.0,173.0,193.0,193.0,177.0,177.0,155.0,99.5,0.3447766040379725,4,1
small-world/scale-free,200,48,133,80.0,164.0,83.0,82.0,166.0,166.0,83.0,99.5,0.3447766040379725,4,1
small-world/scale-free,200,48,134,123.0,88.0,116.0,115.0,94.0,94.0,167.0,99.5,0.3447766040379725,4,1
small-world/scale-free,200,48,135,123.0,168.0,188.0,188.0,171.0,171.0,148.0,99.5,0.3447766040379725,4,1
small-world/scale-free,200,48,136,123.0,185.0,126.0,125.0,184.0,184.0,141.0,99.5,0.3447766040379725,4,1
small-world/scale-free,200,48,137,80.0,132.0,72.0,72.0,131.0,131.0,90.0,99.5,0.3447766040379725,4,1
small-world/scale-free,200,48,138,80.0,105.0,85.0,87.0,110.0,110.0,100.0,99.5,0.3447766040379725,4,1
small-world/scale-free,200,48,139,80.0,123.0,97.0,96.0,123.0,123.0,92.0,99.5,0.3447766040379725,4,1
small-world/scale-free,200,48,140,123.0,100.0,189.0,189.0,98.0,98.0,176.0,99.5,0.3447766040379725,4,1
small-world/scale-free,200,48,141,80.0,168.0,78.0,81.0,159.0,159.0,86.0,99.5,0.3447766040379725,4,1
small-world/scale-free,200,48,142,123.0,151.0,119.0,122.0,151.0,151.0,166.0,99.5,0.3447766040379725,4,1
small-world/scale-free,200,48,143,123.0,144.0,131.0,129.0,144.0,144.0,153.0,99.5,0.3447766040379725,4,1
small-world/scale-free,200,48,144,123.0,162.0,175.0,180.0,169.0,169.0,165.0,99.5,0.3447766040379725,4,1
small-world/scale-free,200,48,145,80.0,184.0,122.0,121.0,179.0,179.0,85.0,99.5,0.3447766040379725,4,1
small-world/scale-free,200,48,146,54.0,84.0,51.0,52.0,81.0,81.0,58.0,99.5,0.3447766040379725,4,1
small-world/scale-free,200,48,147,123.0,192.0,163.0,159.0,192.0,192.0,125.0,99.5,0.3447766040379725,4,1
small-world/scale-free,200,48,148,123.0,151.0,154.0,152.0,156.0,156.0,154.0,99.5,0.3447766040379725,4,1
small-world/scale-free,200,48,149,80.0,35.0,46.0,49.0,44.0,44.0,102.0,99.5,0.3447766040379725,4,1
small-world/scale-free,200,48,150,123.0,162.0,115.0,113.0,164.0,164.0,146.0,99.5,0.3447766040379725,4,1
small-world/scale-free,200,48,151,123.0,159.0,142.0,138.0,163.0,163.0,156.0,99.5,0.3447766040379725,4,1
small-world/scale-free,200,48,152,80.0,176.0,98.0,98.0,172.0,172.0,88.0,99.5,0.3447766040379725,4,1
small-world/scale-free,200,48,153,123.0,179.0,159.0,156.0,182.0,182.0,152.0,99.5,0.3447766040379725,4,1
small-world/scale-free,200,48,154,80.0,59.0,129.0,130.0,72.0,72.0,108.0,99.5,0.3447766040379725,4,1
small-world/scale-free,200,48,155,80.0,71.0,113.0,112.0,77.0,77.0,109.0,99.5,0.3447766040379725,4,1
small-world/scale-free,200,48,156,123.0,98.0,96.0,107.0,103.0,103.0,177.0,99.5,0.3447766040379725,4,1
small-world/scale-free,200,48,157,80.0,158.0,70.0,70.0,154.0,154.0,89.0,99.5,0.3447766040379725,4,1
small-world/scale-free,200,48,158,123.0,112.0,89.0,89.0,118.0,118.0,151.0,99.5,0.3447766040379725,4,1
small-world/scale-free,200,48,159,123.0,117.0,192.0,192.0,126.0,126.0,139.0,99.5,0.3447766040379725,4,1
small-world/scale-free,200,48,160,123.0,104.0,124.0,123.0,105.0,105.0,138.0,99.5,0.3447766040379725,4,1
small-world/scale-free,200,48,161,80.0,132.0,90.0,90.0,133.0,133.0,97.0,99.5,0.3447766040379725,4,1
small-world/scale-free,200,48,162,123.0,196.0,193.0,193.0,196.0,196.0,134.0,99.5,0.3447766040379725,4,1
small-world/scale-free,200,48,163,123.0,178.0,135.0,132.0,181.0,181.0,135.0,99.5,0.3447766040379725,4,1
small-world/scale-free,200,48,164,123.0,186.0,162.0,158.0,186.0,186.0,142.0,99.5,0.3447766040379725,4,1
small-world/scale-free,200,48,165,123.0,166.0,177.0,178.0,170.0,170.0,144.0,99.5,0.3447766040379725,4,1
small-world/scale-free,200,48,166,123.0,142.0,172.0,171.0,144.0,144.0,185.0,99.5,0.3447766040379725,4,1
small-world/scale-free,200,48,167,123.0,187.0,193.0,193.0,189.0,189.0,137.0,99.5,0.3447766040379725,4,1
small-world/scale-free,200,48,168,123.0,183.0,139.0,131.0,185.0,185.0,127.0,99.5,0.3447766040379725,4,1
small-world/scale-free,200,48,169,123.0,75.0,164.0,166.0,89.0,89.0,195.0,99.5,0.3447766040379725,4,1
small-world/scale-free,200,48,170,123.0,193.0,141.0,139.0,193.0,193.0,128.0,99.5,0.3447766040379725,4,1
small-world/scale-free,200,48,171,123.0,123.0,155.0,148.0,128.0,128.0,171.0,99.5,0.3447766040379725,4,1
small-world/scale-free,200,48,172,80.0,119.0,121.0,119.0,121.0,121.0,87.0,99.5,0.3447766040379725,4,1
small-world/scale-free,200,48,173,123.0,52.0,152.0,161.0,60.0,60.0,196.0,99.5,0.3447766040379725,4,1
small-world/scale-free,200,48,174,123.0,154.0,123.0,124.0,154.0,154.0,174.0,99.5,0.3447766040379725,4,1
small-world/scale-free,200,48,175,123.0,156.0,160.0,160.0,161.0,161.0,150.0,99.5,0.3447766040379725,4,1
small-world/scale-free,200,48,176,123.0,200.0,179.0,177.0,200.0,200.0,123.0,99.5,0.3447766040379725,4,1
small-world/scale-free,200,48,177,123.0,167.0,101.0,95.0,165.0,165.0,143.0,99.5,0.3447766040379725,4,1
small-world/scale-free,200,48,178,123.0,145.0,193.0,193.0,149.0,149.0,183.0,99.5,0.3447766040379725,4,1
small-world/scale-free,200,48,179,123.0,93.0,108.0,109.0,100.0,100.0,187.0,99.5,0.3447766040379725,4,1
small-world/scale-free,200,48,180,123.0,189.0,170.0,168.0,190.0,190.0,132.0,99.5,0.3447766040379725,4,1
small-world/scale-free,200,48,181,123.0,107.0,149.0,149.0,108.0,108.0,158.0,99.5,0.3447766040379725,4,1
small-world/scale-free,200,48,182,123.0,181.0,193.0,193.0,183.0,183.0,140.0,99.5,0.3447766040379725,4,1
small-world/scale-free,200,48,183,123.0,108.0,111.0,114.0,116.0,116.0,161.0,99.5,0.3447766040379725,4,1
small-world/scale-free,200,48,184,123.0,145.0,144.0,143.0,150.0,150.0,160.0,99.5,0.3447766040379725,4,1
small-world/scale-free,200,48,185,80.0,88.0,77.0,78.0,86.0,86.0,91.0,99.5,0.3447766040379725,4,1
small-world/scale-free,200,48,186,54.0,78.0,103.0,106.0,80.0,80.0,60.0,99.5,0.3447766040379725,4,1
small-world/scale-free,200,48,187,123.0,156.0,140.0,141.0,158.0,158.0,131.0,99.5,0.3447766040379725,4,1
small-world/scale-free,200,48,188,123.0,77.0,182.0,182.0,84.0,84.0,188.0,99.5,0.3447766040379725,4,1
small-world/scale-free,200,48,189,123.0,88.0,148.0,150.0,93.0,93.0,189.0,99.5,0.3447766040379725,4,1
small-world/scale-free,200,48,190,123.0,198.0,133.0,136.0,199.0,199.0,124.0,99.5,0.3447766040379725,4,1
small-world/scale-free,200,48,191,123.0,91.0,183.0,183.0,96.0,96.0,164.0,99.5,0.3447766040379725,4,1
small-world/scale-free,200,48,192,123.0,160.0,180.0,181.0,162.0,162.0,180.0,99.5,0.3447766040379725,4,1
small-world/scale-free,200,48,193,123.0,137.0,91.0,91.0,139.0,139.0,157.0,99.5,0.3447766040379725,4,1
small-world/scale-free,200,48,194,123.0,81.0,145.0,146.0,87.0,87.0,179.0,99.5,0.3447766040379725,4,1
small-world/scale-free,200,48,195,123.0,188.0,106.0,104.0,187.0,187.0,133.0,99.5,0.3447766040379725,4,1
small-world/scale-free,200,48,196,123.0,194.0,174.0,174.0,197.0,197.0,126.0,99.5,0.3447766040379725,4,1
small-world/scale-free,200,48,197,123.0,196.0,146.0,145.0,195.0,195.0,129.0,99.5,0.3447766040379725,4,1
small-world/scale-free,200,48,198,123.0,110.0,191.0,190.0,111.0,111.0,169.0,99.5,0.3447766040379725,4,1
small-world/scale-free,200,48,199,123.0,140.0,158.0,157.0,140.0,140.0,130.0,99.5,0.3447766040379725,4,1
