small-world/scale-free,200,5,0,2.0,2.0,2.0,2.0,2.0,2.0,2.0,99.5,0.31971354337458474,4,1
small-world/scale-free,200,5,1,8.0,6.0,7.0,7.0,7.0,7.0,8.0,99.5,0.31971354337458474,4,1
small-world/scale-free,200,5,2,5.0,7.0,5.0,5.0,6.0,6.0,5.0,99.5,0.31971354337458474,4,1
small-world/scale-free,200,5,3,1.0,1.0,1.0,1.0,1.0,1.0,1.0,99.5,0.31971354337458474,4,1
small-world/scale-free,200,5,4,6.0,5.0,6.0,6.0,5.0,5.0,6.0,99.5,0.31971354337458474,4,1
small-world/scale-free,200,5,5,14.0,11.0,11.0,11.0,11.0,11.0,14.0,99.5,0.31971354337458474,4,1
small-world/scale-free,200,5,6,10.0,8.0,14.0,14.0,9.0,9.0,12.0,99.5,0.31971354337458474,4,1
small-world/scale-free,200,5,7,81.0,95.0,156.0,156.0,93.0,93.0,118.0,99.5,0.31971354337458474,4,1
small-world/scale-free,200,5,8,60.0,85.0,151.0,152.0,80.0,80.0,80.0,99.5,0.31971354337458474,4,1
small-world/scale-free,200,5,9,3.0,3.0,3.0,3.0,3.0,3.0,3.0,99.5,0.31971354337458474,4,1
small-world/scale-free,200,5,10,25.0,12.0,24.0,24.0,15.0,15.0,27.0,99.5,0.31971354337458474,4,1
small-world/scale-free,200,5,11,28.0,61.0,45.0,44.0,46.0,46.0,33.0,99.5,0.31971354337458474,4,1
small-world/scale-free,200,5,12,16.0,28.0,26.0,26.0,24.0,24.0,18.0,99.5,0.31971354337458474,4,1
small-world/scale-free,200,5,13,16.0,13.0,17.0,18.0,14.0,14.0,17.0,99.5,0.31971354337458474,4,1
small-world/scale-free,200,5,14,36.0,37.0,36.0,38.0,35.0,35.0,45.0,99.5,0.31971354337458474,4,1
small-world/scale-free,200,5,15,16.0,14.0,20.0,21.0,12.0,12.0,19.0,99.5,0.31971354337458474,4,1
small-world/scale-free,200,5,16,4.0,4.0,4.0,4.0,4.0,4.0,4.0,99.5,0.31971354337458474,4,1
small-world/scale-free,200,5,17,28.0,34.0,38.0,37.0,32.0,32.0,34.0,99.5,0.31971354337458474,4,1
small-world/scale-free,200,5,18,12.0,20.0,13.0,13.0,17.0,17.0,13.0,99.5,0.31971354337458474,4,1
small-world/scale-free,200,5,19,81.0,77.0,67.0,69.0,63.0,63.0,112.0,99.5,0.31971354337458474,4,1
small-world/scale-free,200,5,20,28.0,22.0,37.0,35.0,27.0,27.0,31.0,99.5,0.31971354337458474,4,1
small-world/scale-free,200,5,21,15.0,19.0,19.0,17.0,12.0,12.0,15.0,99.5,0.31971354337458474,4,1
small-world/scale-free,200,5,22,16.0,27.0,21.0,20.0,23.0,23.0,20.0,99.5,0.31971354337458474,4,1
small-world/scale-free,200,5,23,46.0,23.0,27.0,27.0,28.0,28.0,58.0,99.5,0.31971354337458474,4,1
small-world/scale-free,200,5,24,21.0,14.0,23.0,23.0,16.0,16.0,23.0,99.5,0.31971354337458474,4,1
small-world/scale-free,200,5,25,36.0,55.0,44.0,43.0,50.0,50.0,44.0,99.5,0.31971354337458474,4,1
small-world/scale-free,200,5,26,46.0,88.0,93.0,94.0,87.0,87.0,53.0,99.5,0.31971354337458474,4,1
small-world/scale-free,200,5,27,16.0,35.0,18.0,19.0,30.0,30.0,16.0,99.5,0.31971354337458474,4,1
small-world/scale-free,200,5,28,119.0,144.0,169.0,165.0,152.0,152.0,184.0,99.5,0.31971354337458474,4,1
small-world/scale-free,200,5,29,21.0,32.0,22.0,22.0,26.0,26.0,24.0,99.5,0.31971354337458474,4,1
small-world/scale-free,200,5,30,46.0,132.0,61.0,59.0,122.0,122.0,50.0,99.5,0.31971354337458474,4,1
small-world/scale-free,200,5,31,46.0,88.0,73.0,71.0,85.0,85.0,51.0,99.5,0.31971354337458474,4,1
small-world/scale-free,200,5,32,7.0,9.0,8.0,8.0,8.0,8.0,7.0,99.5,0.31971354337458474,4,1
small-world/scale-free,200,5,33,12.0,29.0,12.0,12.0,22.0,22.0,11.0,99.5,0.31971354337458474,4,1
small-world/scale-free,200,5,34,10.0,24.0,10.0,10.0,18.0,18.0,10.0,99.5,0.31971354337458474,4,1
small-world/scale-free,200,5,35,9.0,10.0,9.0,9.0,10.0,10.0,9.0,99.5,0.31971354337458474,4,1
small-world/scale-free,200,5,36,81.0,45.0,106.0,109.0,52.0,52.0,113.0,99.5,0.31971354337458474,4,1
small-world/scale-free,200,5,37,60.0,24.0,31.0,29.0,31.0,31.0,74.0,99.5,0.31971354337458474,4,1
small-world/scale-free,200,5,38,81.0,40.0,74.0,75.0,41.0,41.0,116.0,99.5,0.31971354337458474,4,1
small-world/scale-free,200,5,39,81.0,68.0,181.0,180.0,65.0,65.0,117.0,99.5,0.31971354337458474,4,1
small-world/scale-free,200,5,40,28.0,16.0,25.0,25.0,21.0,21.0,32.0,99.5,0.31971354337458474,4,1
small-world/scale-free,200,5,41,28.0,40.0,49.0,49.0,37.0,37.0,35.0,99.5,0.31971354337458474,4,1
small-world/scale-free,200,5,42,21.0,16.0,16.0,16.0,19.0,19.0,22.0,99.5,0.31971354337458474,4,1
small-world/scale-free,200,5,43,21.0,16.0,15.0,15.0,20.0,20.0,21.0,99.5,0.31971354337458474,4,1
small-world/scale-free,200,5,44,60.0,33.0,62.0,64.0,33.0,33.0,78.0,99.5,0.31971354337458474,4,1
small-world/scale-free,200,5,45,25.0,68.0,32.0,32.0,44.0,44.0,26.0,99.5,0.31971354337458474,4,1
small-world/scale-free,200,5,46,36.0,88.0,42.0,45.0,78.0,78.0,40.0,99.5,0.31971354337458474,4,1
small-world/scale-free,200,5,47,36.0,88.0,29.0,31.0,78.0,78.0,37.0,99.5,0.31971354337458474,4,1
small-world/scale-free,200,5,48,46.0,43.0,39.0,39.0,42.0,42.0,54.0,99.5,0.31971354337458474,4,1
small-world/scale-free,200,5,49,46.0,38.0,34.0,36.0,39.0,39.0,56.0,99.5,0.31971354337458474,4,1
small-world/scale-free,200,5,50,36.0,46.0,59.0,58.0,43.0,43.0,43.0,99.5,0.31971354337458474,4,1
small-world/scale-free,200,5,51,28.0,61.0,28.0,28.0,49.0,49.0,30.0,99.5,0.31971354337458474,4,1
small-world/scale-free,200,5,52,36.0,109.0,43.0,42.0,99.0,99.0,38.0,99.5,0.31971354337458474,4,1
small-world/scale-free,200,5,53,81.0,65.0,120.0,119.0,64.0,64.0,96.0,99.5,0.31971354337458474,4,1
small-world/scale-free,200,5,54,60.0,113.0,89.0,87.0,107.0,107.0,76.0,99.5,0.31971354337458474,4,1
small-world/scale-free,200,5,55,81.0,147.0,122.0,122.0,150.0,150.0,109.0,99.5,0.31971354337458474,4,1
small-world/scale-free,200,5,56,60.0,106.0,109.0,108.0,101.0,101.0,77.0,99.5,0.31971354337458474,4,1
small-world/scale-free,200,5,57,81.0,93.0,117.0,114.0,97.0,97.0,104.0,99.5,0.31971354337458474,4,1
small-world/scale-free,200,5,58,81.0,46.0,91.0,93.0,53.0,53.0,115.0,99.5,0.31971354337458474,4,1
small-world/scale-free,200,5,59,28.0,88.0,48.0,48.0,67.0,67.0,29.0,99.5,0.31971354337458474,4,1
small-world/scale-free,200,5,60,81.0,114.0,176.0,175.0,113.0,113.0,97.0,99.5,0.31971354337458474,4,1
small-world/scale-free,200,5,61,81.0,138.0,71.0,68.0,143.0,143.0,92.0,99.5,0.31971354337458474,4,1
small-world/scale-free,200,5,62,81.0,56.0,103.0,104.0,59.0,59.0,114.0,99.5,0.31971354337458474,4,1
small-world/scale-free,200,5,63,60.0,140.0,119.0,120.0,127.0,127.0,75.0,99.5,0.31971354337458474,4,1
small-world/scale-free,200,5,64,36.0,86.0,40.0,41.0,73.0,73.0,36.0,99.5,0.31971354337458474,4,1
small-world/scale-free,200,5,65,46.0,83.0,72.0,74.0,74.0,74.0,59.0,99.5,0.31971354337458474,4,1
small-world/scale-free,200,5,66,60.0,98.0,68.0,70.0,95.0,95.0,72.0,99.5,0.31971354337458474,4,1
small-world/scale-free,200,5,67,81.0,128.0,86.0,85.0,131.0,131.0,98.0,99.5,0.31971354337458474,4,1
small-world/scale-free,200,5,68,119.0,112.0,149.0,154.0,106.0,106.0,195.0,99.5,0.31971354337458474,4,1
small-world/scale-free,200,5,69,119.0,52.0,142.0,146.0,57.0,57.0,181.0,99.5,0.31971354337458474,4,1
small-world/scale-free,200,5,70,119.0,169.0,175.0,176.0,170.0,170.0,165.0,99.5,0.31971354337458474,4,1
small-world/scale-free,200,5,71,119.0,49.0,148.0,153.0,55.0,55.0,186.0,99.5,0.31971354337458474,4,1
small-world/scale-free,200,5,72,36.0,49.0,41.0,40.0,45.0,45.0,41.0,99.5,0.31971354337458474,4,1
small-world/scale-free,200,5,73,46.0,39.0,33.0,33.0,38.0,38.0,55.0,99.5,0.31971354337458474,4,1
small-world/scale-free,200,5,74,81.0,149.0,78.0,82.0,153.0,153.0,94.0,99.5,0.31971354337458474,4,1
small-world/scale-free,200,5,75,119.0,132.0,177.0,178.0,142.0,142.0,167.0,99.5,0.31971354337458474,4,1
small-world/scale-free,200,5,76,46.0,122.0,58.0,55.0,114.0,114.0,52.0,99.5,0.31971354337458474,4,1
small-world/scale-free,200,5,77,36.0,20.0,30.0,30.0,25.0,25.0,42.0,99.5,0.31971354337458474,4,1
small-world/scale-free,200,5,78,119.0,165.0,170.0,167.0,168.0,168.0,151.0,99.5,0.31971354337458474,4,1
small-world/scale-free,200,5,79,60.0,123.0,83.0,84.0,123.0,123.0,66.0,99.5,0.31971354337458474,4,1
small-world/scale-free,200,5,80,25.0,156.0,52.0,52.0,139.0,139.0,25.0,99.5,0.31971354337458474,4,1
small-world/scale-free,200,5,81,119.0,137.0,144.0,144.0,137.0,137.0,173.0,99.5,0.31971354337458474,4,1
small-world/scale-free,200,5,82,119.0,51.0,110.0,118.0,61.0,61.0,172.0,99.5,0.31971354337458474,4,1
small-world/scale-free,200,5,83,60.0,148.0,79.0,80.0,148.0,148.0,73.0,99.5,0.31971354337458474,4,1
small-world/scale-free,200,5,84,46.0,145.0,77.0,76.0,140.0,140.0,47.0,99.5,0.31971354337458474,4,1
small-world/scale-free,200,5,85,81.0,68.0,84.0,89.0,68.0,68.0,107.0,99.5,0.31971354337458474,4,1
small-world/scale-free,200,5,86,46.0,104.0,55.0,56.0,89.0,89.0,57.0,99.5,0.31971354337458474,4,1
small-world/scale-free,200,5,87,119.0,104.0,129.0,130.0,107.0,107.0,170.0,99.5,0.31971354337458474,4,1
small-world/scale-free,200,5,88,60.0,24.0,54.0,57.0,29.0,29.0,79.0,99.5,0.31971354337458474,4,1
small-world/scale-free,200,5,89,28.0,150.0,47.0,46.0,136.0,136.0,28.0,99.5,0.31971354337458474,4,1
small-world/scale-free,200,5,90,46.0,129.0,107.0,102.0,126.0,126.0,49.0,99.5,0.31971354337458474,4,1
small-world/scale-free,200,5,91,81.0,151.0,126.0,125.0,154.0,154.0,88.0,99.5,0.31971354337458474,4,1
small-world/scale-free,200,5,92,81.0,75.0,139.0,131.0,71.0,71.0,103.0,99.5,0.31971354337458474,4,1
small-world/scale-free,200,5,93,60.0,56.0,53.0,54.0,55.0,55.0,68.0,99.5,0.31971354337458474,4,1
small-world/scale-free,200,5,94,119.0,35.0,88.0,90.0,40.0,40.0,187.0,99.5,0.31971354337458474,4,1
small-world/scale-free,200,5,95,119.0,79.0,192.0,192.0,91.0,91.0,197.0,99.5,0.31971354337458474,4,1
small-world/scale-free,200,5,96,81.0,78.0,46.0,47.0,83.0,83.0,95.0,99.5,0.31971354337458474,4,1
small-world/scale-free,200,5,97,81.0,61.0,118.0,116.0,62.0,62.0,106.0,99.5,0.31971354337458474,4,1
small-world/scale-free,200,5,98,119.0,129.0,189.0,189.0,131.0,131.0,135.0,99.5,0.31971354337458474,4,1
small-world/scale-free,200,5,99,60.0,44.0,35.0,34.0,51.0,51.0,65.0,99.5,0.31971354337458474,4,1
small-world/scale-free,200,5,100,119.0,169.0,185.0,185.0,166.0,166.0,163.0,99.5,0.31971354337458474,4,1
small-world/scale-free,200,5,101,119.0,193.0,135.0,132.0,189.0,189.0,150.0,99.5,0.31971354337458474,4,1
small-world/scale-free,200,5,102,119.0,111.0,192.0,192.0,116.0,116.0,169.0,99.5,0.31971354337458474,4,1
small-world/scale-free,200,5,103,119.0,176.0,154.0,150.0,181.0,181.0,127.0,99.5,0.31971354337458474,4,1
small-world/scale-free,200,5,104,81.0,164.0,100.0,103.0,159.0,159.0,99.0,99.5,0.31971354337458474,4,1
small-world/scale-free,200,5,105,119.0,117.0,137.0,142.0,118.0,118.0,178.0,99.5,0.31971354337458474,4,1
small-world/scale-free,200,5,106,60.0,172.0,85.0,83.0,172.0,172.0,62.0,99.5,0.31971354337458474,4,1
small-world/scale-free,200,5,107,81.0,82.0,128.0,129.0,91.0,91.0,108.0,99.5,0.31971354337458474,4,1
small-world/scale-free,200,5,108,119.0,118.0,123.0,123.0,120.0,120.0,192.0,99.5,0.31971354337458474,4,1
small-world/scale-free,200,5,109,46.0,161.0,51.0,51.0,146.0,146.0,48.0,99.5,0.31971354337458474,4,1
small-world/scale-free,200,5,110,119.0,185.0,141.0,139.0,184.0,184.0,129.0,99.5,0.31971354337458474,4,1
small-world/scale-free,200,5,111,60.0,153.0,75.0,73.0,151.0,151.0,67.0,99.5,0.31971354337458474,4,1
small-world/scale-free,200,5,112,81.0,79.0,96.0,97.0,81.0,81.0,100.0,99.5,0.31971354337458474,4,1
small-world/scale-free,200,5,113,81.0,188.0,131.0,126.0,188.0,188.0,82.0,99.5,0.31971354337458474,4,1
small-world/scale-free,200,5,114,81.0,131.0,95.0,96.0,134.0,134.0,101.0,99.5,0.31971354337458474,4,1
small-world/scale-free,200,5,115,36.0,56.0,56.0,53.0,48.0,48.0,39.0,99.5,0.31971354337458474,4,1
small-world/scale-free,200,5,116,119.0,126.0,192.0,192.0,128.0,128.0,177.0,99.5,0.31971354337458474,4,1
small-world/scale-free,200,5,117,81.0,166.0,104.0,99.0,165.0,165.0,91.0,99.5,0.31971354337458474,4,1
small-world/scale-free,200,5,118,81.0,120.0,158.0,148.0,117.0,117.0,110.0,99.5,0.31971354337458474,4,1
small-world/scale-free,200,5,119,119.0,187.0,134.0,133.0,186.0,186.0,130.0,99.5,0.31971354337458474,4,1
small-world/scale-free,200,5,120,119.0,138.0,138.0,135.0,141.0,141.0,176.0,99.5,0.31971354337458474,4,1
small-world/scale-free,200,5,121,60.0,136.0,82.0,81.0,130.0,130.0,70.0,99.5,0.31971354337458474,4,1
small-world/scale-free,200,5,122,119.0,99.0,132.0,141.0,102.0,102.0,175.0,99.5,0.31971354337458474,4,1
small-world/scale-free,200,5,123,119.0,178.0,184.0,182.0,179.0,179.0,132.0,99.5,0.31971354337458474,4,1
small-world/scale-free,200,5,124,119.0,180.0,186.0,186.0,185.0,185.0,146.0,99.5,0.31971354337458474,4,1
small-world/scale-free,200,5,125,119.0,156.0,183.0,183.0,162.0,162.0,155.0,99.5,0.31971354337458474,4,1
small-world/scale-free,200,5,126,81.0,182.0,108.0,98.0,177.0,177.0,85.0,99.5,0.31971354337458474,4,1
small-world/scale-free,200,5,127,119.0,200.0,172.0,171.0,199.0,199.0,124.0,99.5,0.31971354337458474,4,1
small-world/scale-free,200,5,128,60.0,161.0,66.0,66.0,155.0,155.0,63.0,99.5,0.31971354337458474,4,1
small-world/scale-free,200,5,129,46.0,163.0,64.0,62.0,157.0,157.0,46.0,99.5,0.31971354337458474,4,1
small-world/scale-free,200,5,130,119.0,189.0,192.0,192.0,193.0,193.0,138.0,99.5,0.31971354337458474,4,1
small-world/scale-free,200,5,131,119.0,145.0,173.0,174.0,149.0,149.0,143.0,99.5,0.31971354337458474,4,1
small-world/scale-free,200,5,132,119.0,126.0,150.0,145.0,135.0,135.0,190.0,99.5,0.31971354337458474,4,1
small-world/scale-free,200,5,133,81.0,166.0,143.0,143.0,167.0,167.0,90.0,99.5,0.31971354337458474,4,1
small-world/scale-free,200,5,134,81.0,171.0,94.0,88.0,169.0,169.0,86.0,99.5,0.31971354337458474,4,1
small-world/scale-free,200,5,135,119.0,195.0,180.0,181.0,195.0,195.0,125.0,99.5,0.31971354337458474,4,1
small-world/scale-free,200,5,136,119.0,184.0,191.0,191.0,178.0,178.0,148.0,99.5,0.31971354337458474,4,1
small-world/scale-free,200,5,137,81.0,65.0,115.0,113.0,65.0,65.0,105.0,99.5,0.31971354337458474,4,1
small-world/scale-free,200,5,138,119.0,72.0,157.0,157.0,84.0,84.0,193.0,99.5,0.31971354337458474,4,1
small-world/scale-free,200,5,139,119.0,168.0,160.0,160.0,171.0,171.0,159.0,99.5,0.31971354337458474,4,1
small-world/scale-free,200,5,140,81.0,65.0,69.0,72.0,69.0,69.0,102.0,99.5,0.31971354337458474,4,1
small-world/scale-free,200,5,141,60.0,110.0,50.0,50.0,109.0,109.0,64.0,99.5,0.31971354337458474,4,1
small-world/scale-free,200,5,142,119.0,191.0,192.0,192.0,191.0,191.0,154.0,99.5,0.31971354337458474,4,1
small-world/scale-free,200,5,143,119.0,191.0,190.0,190.0,191.0,191.0,139.0,99.5,0.31971354337458474,4,1
small-world/scale-free,200,5,144,119.0,178.0,161.0,159.0,175.0,175.0,137.0,99.5,0.31971354337458474,4,1
small-world/scale-free,200,5,145,60.0,123.0,92.0,86.0,119.0,119.0,69.0,99.5,0.31971354337458474,4,1
small-world/scale-free,200,5,146,60.0,194.0,102.0,105.0,190.0,190.0,60.0,99.5,0.31971354337458474,4,1
small-world/scale-free,200,5,147,81.0,101.0,97.0,100.0,94.0,94.0,111.0,99.5,0.31971354337458474,4,1
small-world/scale-free,200,5,148,81.0,183.0,121.0,121.0,180.0,180.0,83.0,99.5,0.31971354337458474,4,1
small-world/scale-free,200,5,149,119.0,115.0,113.0,115.0,112.0,112.0,179.0,99.5,0.31971354337458474,4,1
small-world/scale-free,200,5,150,119.0,48.0,153.0,155.0,54.0,54.0,183.0,99.5,0.31971354337458474,4,1
small-world/scale-free,200,5,151,119.0,116.0,152.0,151.0,121.0,121.0,152.0,99.5,0.31971354337458474,4,1
small-world/scale-free,200,5,152,119.0,118.0,164.0,169.0,124.0,124.0,194.0,99.5,0.31971354337458474,4,1
small-world/scale-free,200,5,153,119.0,84.0,192.0,192.0,90.0,90.0,189.0,99.5,0.31971354337458474,4,1
small-world/scale-free,200,5,154,60.0,132.0,90.0,91.0,129.0,129.0,71.0,99.5,0.31971354337458474,4,1
small-world/scale-free,200,5,155,119.0,96.0,192.0,192.0,104.0,104.0,153.0,99.5,0.31971354337458474,4,1
small-world/scale-free,200,5,156,119.0,101.0,63.0,63.0,103.0,103.0,149.0,99.5,0.31971354337458474,4,1
small-world/scale-free,200,5,157,81.0,153.0,147.0,147.0,160.0,160.0,93.0,99.5,0.31971354337458474,4,1
small-world/scale-free,200,5,158,119.0,60.0,87.0,92.0,72.0,72.0,156.0,99.5,0.31971354337458474,4,1
small-world/scale-free,200,5,159,119.0,40.0,155.0,161.0,47.0,47.0,199.0,99.5,0.31971354337458474,4,1
small-world/scale-free,200,5,160,119.0,86.0,124.0,124.0,96.0,96.0,168.0,99.5,0.31971354337458474,4,1
small-world/scale-free,200,5,161,119.0,199.0,192.0,192.0,200.0,200.0,121.0,99.5,0.31971354337458474,4,1
small-world/scale-free,200,5,162,81.0,132.0,70.0,67.0,138.0,138.0,84.0,99.5,0.31971354337458474,4,1
small-world/scale-free,200,5,163,119.0,31.0,159.0,172.0,36.0,36.0,200.0,99.5,0.31971354337458474,4,1
small-world/scale-free,200,5,164,119.0,99.0,105.0,112.0,105.0,105.0,142.0,99.5,0.31971354337458474,4,1
small-world/scale-free,200,5,165,119.0,29.0,182.0,184.0,34.0,34.0,198.0,99.5,0.31971354337458474,4,1
small-world/scale-free,200,5,166,119.0,123.0,80.0,78.0,133.0,133.0,144.0,99.5,0.31971354337458474,4,1
small-world/scale-free,200,5,167,81.0,172.0,145.0,140.0,173.0,173.0,89.0,99.5,0.31971354337458474,4,1
small-world/scale-free,200,5,168,119.0,94.0,168.0,170.0,98.0,98.0,180.0,99.5,0.31971354337458474,4,1
small-world/scale-free,200,5,169,119.0,61.0,57.0,60.0,77.0,77.0,140.0,99.5,0.31971354337458474,4,1
small-world/scale-free,200,5,170,119.0,72.0,133.0,137.0,82.0,82.0,160.0,99.5,0.31971354337458474,4,1
small-world/scale-free,200,5,171,119.0,174.0,116.0,110.0,174.0,174.0,126.0,99.5,0.31971354337458474,4,1
small-world/scale-free,200,5,172,119.0,52.0,127.0,127.0,59.0,59.0,188.0,99.5,0.31971354337458474,4,1
small-world/scale-free,200,5,173,119.0,140.0,171.0,166.0,144.0,144.0,164.0,99.5,0.31971354337458474,4,1
small-world/scale-free,200,5,174,81.0,181.0,98.0,95.0,176.0,176.0,87.0,99.5,0.31971354337458474,4,1
small-world/scale-free,200,5,175,119.0,140.0,114.0,117.0,147.0,147.0,145.0,99.5,0.31971354337458474,4,1
small-world/scale-free,200,5,176,119.0,108.0,81.0,77.0,111.0,111.0,141.0,99.5,0.31971354337458474,4,1
small-world/scale-free,200,5,177,119.0,68.0,101.0,101.0,75.0,75.0,191.0,99.5,0.31971354337458474,4,1
small-world/scale-free,200,5,178,119.0,79.0,125.0,128.0,88.0,88.0,185.0,99.5,0.31971354337458474,4,1
small-world/scale-free,200,5,179,119.0,56.0,192.0,192.0,69.0,69.0,196.0,99.5,0.31971354337458474,4,1
small-world/scale-free,200,5,180,119.0,101.0,162.0,164.0,110.0,110.0,157.0,99.5,0.31971354337458474,4,1
small-world/scale-free,200,5,181,119.0,175.0,188.0,188.0,183.0,183.0,134.0,99.5,0.31971354337458474,4,1
small-world/scale-free,200,5,182,119.0,76.0,99.0,107.0,86.0,86.0,166.0,99.5,0.31971354337458474,4,1
small-world/scale-free,200,5,183,119.0,186.0,112.0,111.0,187.0,187.0,131.0,99.5,0.31971354337458474,4,1
small-world/scale-free,200,5,184,119.0,176.0,140.0,136.0,182.0,182.0,128.0,99.5,0.31971354337458474,4,1
small-world/scale-free,200,5,185,81.0,156.0,76.0,79.0,156.0,156.0,81.0,99.5,0.31971354337458474,4,1
small-world/scale-free,200,5,186,119.0,197.0,166.0,163.0,198.0,198.0,123.0,99.5,0.31971354337458474,4,1
small-world/scale-free,200,5,187,119.0,195.0,163.0,162.0,196.0,196.0,120.0,99.5,0.31971354337458474,4,1
small-world/scale-free,200,5,188,119.0,120.0,167.0,168.0,124.0,124.0,133.0,99.5,0.31971354337458474,4,1
small-world/scale-free,200,5,189,119.0,97.0,130.0,138.0,100.0,100.0,182.0,99.5,0.31971354337458474,4,1
small-world/scale-free,200,5,190,119.0,72.0,60.0,65.0,75.0,75.0,162.0,99.5,0.31971354337458474,4,1
small-world/scale-free,200,5,191,119.0,106.0,146.0,149.0,114.0,114.0,171.0,99.5,0.31971354337458474,4,1
small-world/scale-free,200,5,192,60.0,143.0,65.0,61.0,145.0,145.0,61.0,99.5,0.31971354337458474,4,1
small-world/scale-free,200,5,193,119.0,189.0,165.0,158.0,194.0,194.0,119.0,99.5,0.31971354337458474,4,1
small-world/scale-free,200,5,194,119.0,52.0,174.0,173.0,57.0,57.0,174.0,99.5,0.31971354337458474,4,1
small-world/scale-free,200,5,195,119.0,151.0,179.0,177.0,158.0,158.0,158.0,99.5,0.31971354337458474,4,1
small-world/scale-free,200,5,196,119.0,160.0,136.0,134.0,163.0,163.0,147.0,99.5,0.31971354337458474,4,1
small-world/scale-free,200,5,197,119.0,155.0,111.0,106.0,161.0,161.0,136.0,99.5,0.31971354337458474,4,1
small-world/scale-free,200,5,198,119.0,197.0,187.0,187.0,197.0,197.0,122.0,99.5,0.31971354337458474,4,1
small-world/scale-free,200,5,199,119.0,156.0,178.0,179.0,163.0,163.0,161.0,99.5,0.31971354337458474,4,1
small-world/scale-free,200,6,0,8.0,22.0,8.0,8.0,17.0,17.0,8.0,99.5,0.3416776261083661,4,1
small-world/scale-free,200,6,1,5.0,5.0,5.0,5.0,5.0,5.0,5.0,99.5,0.3416776261083661,4,1
small-world/scale-free,200,6,2,3.0,3.0,3.0,3.0,3.0,3.0,3.0,99.5,0.3416776261083661,4,1
small-world/scale-free,200,6,3,2.0,1.0,2.0,2.0,2.0,2.0,2.0,99.5,0.3416776261083661,4,1
small-world/scale-free,200,6,4,11.0,17.0,11.0,11.0,14.0,14.0,11.0,99.5,0.3416776261083661,4,1
small-world/scale-free,200,6,5,1.0,2.0,1.0,1.0,1.0,1.0,1.0,99.5,0.3416776261083661,4,1
small-world/scale-free,200,6,6,37.0,14.0,45.0,46.0,18.0,18.0,45.0,99.5,0.3416776261083661,4,1
small-world/scale-free,200,6,7,10.0,12.0,13.0,13.0,11.0,11.0,10.0,99.5,0.3416776261083661,4,1
small-world/scale-free,200,6,8,4.0,4.0,4.0,4.0,4.0,4.0,4.0,99.5,0.3416776261083661,4,1
small-world/scale-free,200,6,9,6.0,6.0,6.0,6.0,6.0,6.0,6.0,99.5,0.3416776261083661,4,1
small-world/scale-free,200,6,10,16.0,26.0,14.0,14.0,23.0,23.0,19.0,99.5,0.3416776261083661,4,1
small-world/scale-free,200,6,11,13.0,7.0,12.0,12.0,8.0,8.0,15.0,99.5,0.3416776261083661,4,1
small-world/scale-free,200,6,12,46.0,22.0,48.0,50.0,29.0,29.0,58.0,99.5,0.3416776261083661,4,1
small-world/scale-free,200,6,13,7.0,8.0,7.0,7.0,7.0,7.0,7.0,99.5,0.3416776261083661,4,1
small-world/scale-free,200,6,14,20.0,9.0,23.0,23.0,9.0,9.0,24.0,99.5,0.3416776261083661,4,1
small-world/scale-free,200,6,15,77.0,106.0,94.0,95.0,95.0,95.0,120.0,99.5,0.3416776261083661,4,1
small-world/scale-free,200,6,16,20.0,11.0,24.0,24.0,12.0,12.0,25.0,99.5,0.3416776261083661,4,1
small-world/scale-free,200,6,17,31.0,29.0,40.0,40.0,27.0,27.0,35.0,99.5,0.3416776261083661,4,1
small-world/scale-free,200,6,18,59.0,140.0,95.0,96.0,135.0,135.0,74.0,99.5,0.3416776261083661,4,1
small-world/scale-free,200,6,19,11.0,21.0,10.0,10.0,19.0,19.0,12.0,99.5,0.3416776261083661,4,1
small-world/scale-free,200,6,20,13.0,51.0,18.0,18.0,36.0,36.0,13.0,99.5,0.3416776261083661,4,1
small-world/scale-free,200,6,21,20.0,58.0,29.0,29.0,45.0,45.0,21.0,99.5,0.3416776261083661,4,1
small-world/scale-free,200,6,22,46.0,18.0,41.0,42.0,21.0,21.0,57.0,99.5,0.3416776261083661,4,1
small-world/scale-free,200,6,23,46.0,36.0,67.0,63.0,34.0,34.0,55.0,99.5,0.3416776261083661,4,1
small-world/scale-free,200,6,24,8.0,13.0,9.0,9.0,10.0,10.0,9.0,99.5,0.3416776261083661,4,1
small-world/scale-free,200,6,25,77.0,65.0,120.0,119.0,67.0,67.0,124.0,99.5,0.3416776261083661,4,1
small-world/scale-free,200,6,26,13.0,27.0,15.0,15.0,22.0,22.0,14.0,99.5,0.3416776261083661,4,1
small-world/scale-free,200,6,27,37.0,20.0,39.0,41.0,25.0,25.0,44.0,99.5,0.3416776261083661,4,1
small-world/scale-free,200,6,28,20.0,109.0,33.0,33.0,74.0,74.0,22.0,99.5,0.3416776261083661,4,1
small-world/scale-free,200,6,29,126.0,82.0,129.0,136.0,89.0,89.0,186.0,99.5,0.3416776261083661,4,1
small-world/scale-free,200,6,30,59.0,53.0,76.0,78.0,60.0,60.0,75.0,99.5,0.3416776261083661,4,1
small-world/scale-free,200,6,31,59.0,49.0,63.0,64.0,52.0,52.0,76.0,99.5,0.3416776261083661,4,1
small-world/scale-free,200,6,32,31.0,48.0,30.0,30.0,43.0,43.0,36.0,99.5,0.3416776261083661,4,1
small-world/scale-free,200,6,33,26.0,91.0,26.0,28.0,65.0,65.0,27.0,99.5,0.3416776261083661,4,1
small-world/scale-free,200,6,34,31.0,22.0,27.0,27.0,26.0,26.0,31.0,99.5,0.3416776261083661,4,1
small-world/scale-free,200,6,35,20.0,16.0,28.0,26.0,16.0,16.0,23.0,99.5,0.3416776261083661,4,1
small-world/scale-free,200,6,36,59.0,139.0,80.0,76.0,138.0,138.0,71.0,99.5,0.3416776261083661,4,1
small-world/scale-free,200,6,37,77.0,66.0,66.0,69.0,70.0,70.0,105.0,99.5,0.3416776261083661,4,1
small-world/scale-free,200,6,38,37.0,42.0,59.0,57.0,41.0,41.0,43.0,99.5,0.3416776261083661,4,1
small-world/scale-free,200,6,39,31.0,100.0,65.0,66.0,71.0,71.0,33.0,99.5,0.3416776261083661,4,1
small-world/scale-free,200,6,40,77.0,35.0,82.0,84.0,38.0,38.0,118.0,99.5,0.3416776261083661,4,1
small-world/scale-free,200,6,41,16.0,15.0,20.0,20.0,15.0,15.0,18.0,99.5,0.3416776261083661,4,1
small-world/scale-free,200,6,42,46.0,58.0,55.0,54.0,58.0,58.0,47.0,99.5,0.3416776261083661,4,1
small-world/scale-free,200,6,43,31.0,30.0,19.0,19.0,28.0,28.0,32.0,99.5,0.3416776261083661,4,1
small-world/scale-free,200,6,44,77.0,156.0,118.0,113.0,154.0,154.0,101.0,99.5,0.3416776261083661,4,1
small-world/scale-free,200,6,45,77.0,135.0,85.0,85.0,139.0,139.0,104.0,99.5,0.3416776261083661,4,1
small-world/scale-free,200,6,46,77.0,107.0,124.0,121.0,112.0,112.0,115.0,99.5,0.3416776261083661,4,1
small-world/scale-free,200,6,47,26.0,22.0,25.0,25.0,24.0,24.0,29.0,99.5,0.3416776261083661,4,1
small-world/scale-free,200,6,48,16.0,44.0,16.0,16.0,30.0,30.0,17.0,99.5,0.3416776261083661,4,1
small-world/scale-free,200,6,49,46.0,27.0,34.0,35.0,31.0,31.0,54.0,99.5,0.3416776261083661,4,1
small-world/scale-free,200,6,50,37.0,47.0,36.0,36.0,44.0,44.0,39.0,99.5,0.3416776261083661,4,1
small-world/scale-free,200,6,51,77.0,158.0,116.0,118.0,152.0,152.0,110.0,99.5,0.3416776261083661,4,1
small-world/scale-free,200,6,52,126.0,97.0,153.0,158.0,106.0,106.0,193.0,99.5,0.3416776261083661,4,1
small-world/scale-free,200,6,53,46.0,140.0,71.0,71.0,137.0,137.0,52.0,99.5,0.3416776261083661,4,1
small-world/scale-free,200,6,54,77.0,134.0,192.0,192.0,135.0,135.0,113.0,99.5,0.3416776261083661,4,1
small-world/scale-free,200,6,55,46.0,62.0,64.0,65.0,55.0,55.0,56.0,99.5,0.3416776261083661,4,1
small-world/scale-free,200,6,56,126.0,66.0,169.0,176.0,76.0,76.0,192.0,99.5,0.3416776261083661,4,1
small-world/scale-free,200,6,57,37.0,38.0,37.0,37.0,33.0,33.0,41.0,99.5,0.3416776261083661,4,1
small-world/scale-free,200,6,58,77.0,154.0,97.0,94.0,156.0,156.0,99.0,99.5,0.3416776261083661,4,1
small-world/scale-free,200,6,59,20.0,78.0,32.0,32.0,49.0,49.0,20.0,99.5,0.3416776261083661,4,1
small-world/scale-free,200,6,60,37.0,62.0,52.0,51.0,57.0,57.0,42.0,99.5,0.3416776261083661,4,1
small-world/scale-free,200,6,61,77.0,103.0,87.0,87.0,90.0,90.0,102.0,99.5,0.3416776261083661,4,1
small-world/scale-free,200,6,62,126.0,51.0,166.0,165.0,64.0,64.0,195.0,99.5,0.3416776261083661,4,1
small-world/scale-free,200,6,63,77.0,75.0,98.0,99.0,78.0,78.0,125.0,99.5,0.3416776261083661,4,1
small-world/scale-free,200,6,64,46.0,127.0,73.0,72.0,120.0,120.0,48.0,99.5,0.3416776261083661,4,1
small-world/scale-free,200,6,65,16.0,71.0,22.0,22.0,46.0,46.0,16.0,99.5,0.3416776261083661,4,1
small-world/scale-free,200,6,66,77.0,53.0,54.0,56.0,66.0,66.0,112.0,99.5,0.3416776261083661,4,1
small-world/scale-free,200,6,67,31.0,10.0,17.0,17.0,13.0,13.0,34.0,99.5,0.3416776261083661,4,1
small-world/scale-free,200,6,68,77.0,58.0,84.0,86.0,69.0,69.0,116.0,99.5,0.3416776261083661,4,1
small-world/scale-free,200,6,69,26.0,136.0,57.0,58.0,120.0,120.0,30.0,99.5,0.3416776261083661,4,1
small-world/scale-free,200,6,70,77.0,53.0,89.0,89.0,63.0,63.0,119.0,99.5,0.3416776261083661,4,1
small-world/scale-free,200,6,71,126.0,163.0,145.0,149.0,163.0,163.0,173.0,99.5,0.3416776261083661,4,1
small-world/scale-free,200,6,72,37.0,39.0,43.0,43.0,32.0,32.0,40.0,99.5,0.3416776261083661,4,1
small-world/scale-free,200,6,73,59.0,126.0,115.0,116.0,128.0,128.0,72.0,99.5,0.3416776261083661,4,1
small-world/scale-free,200,6,74,126.0,163.0,134.0,133.0,169.0,169.0,164.0,99.5,0.3416776261083661,4,1
small-world/scale-free,200,6,75,126.0,30.0,169.0,176.0,39.0,39.0,199.0,99.5,0.3416776261083661,4,1
small-world/scale-free,200,6,76,26.0,19.0,21.0,21.0,20.0,20.0,28.0,99.5,0.3416776261083661,4,1
small-world/scale-free,200,6,77,77.0,97.0,70.0,68.0,100.0,100.0,97.0,99.5,0.3416776261083661,4,1
small-world/scale-free,200,6,78,126.0,42.0,119.0,132.0,53.0,53.0,194.0,99.5,0.3416776261083661,4,1
small-world/scale-free,200,6,79,77.0,178.0,108.0,105.0,174.0,174.0,81.0,99.5,0.3416776261083661,4,1
small-world/scale-free,200,6,80,59.0,166.0,74.0,73.0,160.0,160.0,61.0,99.5,0.3416776261083661,4,1
small-world/scale-free,200,6,81,77.0,118.0,92.0,92.0,117.0,117.0,106.0,99.5,0.3416776261083661,4,1
small-world/scale-free,200,6,82,59.0,129.0,126.0,122.0,131.0,131.0,70.0,99.5,0.3416776261083661,4,1
small-world/scale-free,200,6,83,46.0,111.0,69.0,70.0,102.0,102.0,53.0,99.5,0.3416776261083661,4,1
small-world/scale-free,200,6,84,77.0,32.0,93.0,100.0,34.0,34.0,123.0,99.5,0.3416776261083661,4,1
small-world/scale-free,200,6,85,77.0,185.0,130.0,129.0,185.0,185.0,109.0,99.5,0.3416776261083661,4,1
small-world/scale-free,200,6,86,46.0,132.0,53.0,49.0,129.0,129.0,49.0,99.5,0.3416776261083661,4,1
small-world/scale-free,200,6,87,59.0,107.0,49.0,53.0,96.0,96.0,66.0,99.5,0.3416776261083661,4,1
small-world/scale-free,200,6,88,59.0,36.0,90.0,91.0,37.0,37.0,73.0,99.5,0.3416776261083661,4,1
small-world/scale-free,200,6,89,37.0,66.0,47.0,47.0,56.0,56.0,38.0,99.5,0.3416776261083661,4,1
small-world/scale-free,200,6,90,77.0,111.0,83.0,82.0,111.0,111.0,100.0,99.5,0.3416776261083661,4,1
small-world/scale-free,200,6,91,77.0,142.0,147.0,146.0,144.0,144.0,108.0,99.5,0.3416776261083661,4,1
small-world/scale-free,200,6,92,126.0,40.0,136.0,141.0,48.0,48.0,189.0,99.5,0.3416776261083661,4,1
small-world/scale-free,200,6,93,77.0,174.0,163.0,162.0,171.0,171.0,95.0,99.5,0.3416776261083661,4,1
small-world/scale-free,200,6,94,77.0,81.0,79.0,79.0,80.0,80.0,96.0,99.5,0.3416776261083661,4,1
small-world/scale-free,200,6,95,77.0,120.0,72.0,75.0,118.0,118.0,82.0,99.5,0.3416776261083661,4,1
small-world/scale-free,200,6,96,46.0,62.0,46.0,44.0,59.0,59.0,50.0,99.5,0.3416776261083661,4,1
small-world/scale-free,200,6,97,77.0,91.0,107.0,108.0,91.0,91.0,103.0,99.5,0.3416776261083661,4,1
small-world/scale-free,200,6,98,126.0,46.0,183.0,185.0,54.0,54.0,198.0,99.5,0.3416776261083661,4,1
small-world/scale-free,200,6,99,126.0,66.0,175.0,174.0,72.0,72.0,196.0,99.5,0.3416776261083661,4,1
small-world/scale-free,200,6,100,126.0,170.0,127.0,124.0,170.0,170.0,158.0,99.5,0.3416776261083661,4,1
small-world/scale-free,200,6,101,126.0,190.0,165.0,166.0,188.0,188.0,151.0,99.5,0.3416776261083661,4,1
small-world/scale-free,200,6,102,126.0,132.0,193.0,193.0,142.0,142.0,179.0,99.5,0.3416776261083661,4,1
small-world/scale-free,200,6,103,77.0,148.0,104.0,102.0,149.0,149.0,89.0,99.5,0.3416776261083661,4,1
small-world/scale-free,200,6,104,126.0,91.0,193.0,193.0,103.0,103.0,188.0,99.5,0.3416776261083661,4,1
small-world/scale-free,200,6,105,46.0,114.0,44.0,45.0,110.0,110.0,46.0,99.5,0.3416776261083661,4,1
small-world/scale-free,200,6,106,59.0,56.0,31.0,31.0,61.0,61.0,62.0,99.5,0.3416776261083661,4,1
small-world/scale-free,200,6,107,77.0,183.0,113.0,114.0,182.0,182.0,86.0,99.5,0.3416776261083661,4,1
small-world/scale-free,200,6,108,59.0,145.0,62.0,62.0,141.0,141.0,63.0,99.5,0.3416776261083661,4,1
small-world/scale-free,200,6,109,77.0,114.0,172.0,173.0,114.0,114.0,117.0,99.5,0.3416776261083661,4,1
small-world/scale-free,200,6,110,126.0,176.0,132.0,127.0,177.0,177.0,159.0,99.5,0.3416776261083661,4,1
small-world/scale-free,200,6,111,37.0,102.0,42.0,39.0,85.0,85.0,37.0,99.5,0.3416776261083661,4,1
small-world/scale-free,200,6,112,126.0,32.0,193.0,193.0,39.0,39.0,200.0,99.5,0.3416776261083661,4,1
small-world/scale-free,200,6,113,77.0,83.0,58.0,60.0,83.0,83.0,98.0,99.5,0.3416776261083661,4,1
small-world/scale-free,200,6,114,126.0,136.0,193.0,193.0,140.0,140.0,174.0,99.5,0.3416776261083661,4,1
small-world/scale-free,200,6,115,77.0,74.0,50.0,52.0,81.0,81.0,84.0,99.5,0.3416776261083661,4,1
small-world/scale-free,200,6,116,126.0,181.0,159.0,160.0,180.0,180.0,148.0,99.5,0.3416776261083661,4,1
small-world/scale-free,200,6,117,126.0,123.0,106.0,110.0,123.0,123.0,157.0,99.5,0.3416776261083661,4,1
small-world/scale-free,200,6,118,126.0,194.0,193.0,193.0,195.0,195.0,143.0,99.5,0.3416776261083661,4,1
small-world/scale-free,200,6,119,77.0,154.0,146.0,142.0,157.0,157.0,88.0,99.5,0.3416776261083661,4,1
small-world/scale-free,200,6,120,77.0,78.0,61.0,61.0,77.0,77.0,90.0,99.5,0.3416776261083661,4,1
small-world/scale-free,200,6,121,59.0,188.0,96.0,93.0,186.0,186.0,59.0,99.5,0.3416776261083661,4,1
small-world/scale-free,200,6,122,126.0,184.0,174.0,172.0,184.0,184.0,149.0,99.5,0.3416776261083661,4,1
small-world/scale-free,200,6,123,126.0,41.0,86.0,83.0,50.0,50.0,187.0,99.5,0.3416776261083661,4,1
small-world/scale-free,200,6,124,126.0,180.0,164.0,163.0,183.0,183.0,134.0,99.5,0.3416776261083661,4,1
small-world/scale-free,200,6,125,126.0,83.0,176.0,175.0,84.0,84.0,178.0,99.5,0.3416776261083661,4,1
small-world/scale-free,200,6,126,126.0,199.0,131.0,128.0,199.0,199.0,129.0,99.5,0.3416776261083661,4,1
small-world/scale-free,200,6,127,126.0,91.0,157.0,153.0,98.0,98.0,165.0,99.5,0.3416776261083661,4,1
small-world/scale-free,200,6,128,126.0,117.0,180.0,181.0,119.0,119.0,181.0,99.5,0.3416776261083661,4,1
small-world/scale-free,200,6,129,77.0,166.0,152.0,152.0,166.0,166.0,80.0,99.5,0.3416776261083661,4,1
small-world/scale-free,200,6,130,126.0,89.0,99.0,101.0,98.0,98.0,150.0,99.5,0.3416776261083661,4,1
small-world/scale-free,200,6,131,59.0,130.0,51.0,48.0,125.0,125.0,67.0,99.5,0.3416776261083661,4,1
small-world/scale-free,200,6,132,59.0,109.0,38.0,38.0,101.0,101.0,65.0,99.5,0.3416776261083661,4,1
small-world/scale-free,200,6,133,77.0,44.0,111.0,111.0,47.0,47.0,122.0,99.5,0.3416776261083661,4,1
small-world/scale-free,200,6,134,77.0,114.0,102.0,103.0,116.0,116.0,114.0,99.5,0.3416776261083661,4,1
small-world/scale-free,200,6,135,59.0,125.0,60.0,59.0,125.0,125.0,60.0,99.5,0.3416776261083661,4,1
small-world/scale-free,200,6,136,126.0,176.0,125.0,120.0,176.0,176.0,152.0,99.5,0.3416776261083661,4,1
small-world/scale-free,200,6,137,46.0,147.0,56.0,55.0,134.0,134.0,51.0,99.5,0.3416776261083661,4,1
small-world/scale-free,200,6,138,126.0,182.0,140.0,140.0,181.0,181.0,156.0,99.5,0.3416776261083661,4,1
small-world/scale-free,200,6,139,77.0,165.0,137.0,148.0,161.0,161.0,85.0,99.5,0.3416776261083661,4,1
small-world/scale-free,200,6,140,59.0,131.0,158.0,156.0,132.0,132.0,68.0,99.5,0.3416776261083661,4,1
small-world/scale-free,200,6,141,77.0,83.0,75.0,74.0,88.0,88.0,94.0,99.5,0.3416776261083661,4,1
small-world/scale-free,200,6,142,77.0,89.0,81.0,81.0,93.0,93.0,93.0,99.5,0.3416776261083661,4,1
small-world/scale-free,200,6,143,126.0,124.0,193.0,193.0,125.0,125.0,191.0,99.5,0.3416776261083661,4,1
small-world/scale-free,200,6,144,126.0,198.0,161.0,159.0,198.0,198.0,127.0,99.5,0.3416776261083661,4,1
small-world/scale-free,200,6,145,126.0,122.0,149.0,145.0,130.0,130.0,169.0,99.5,0.3416776261083661,4,1
small-world/scale-free,200,6,146,77.0,195.0,162.0,164.0,192.0,192.0,79.0,99.5,0.3416776261083661,4,1
small-world/scale-free,200,6,147,77.0,196.0,122.0,125.0,194.0,194.0,78.0,99.5,0.3416776261083661,4,1
small-world/scale-free,200,6,148,126.0,185.0,144.0,144.0,189.0,189.0,133.0,99.5,0.3416776261083661,4,1
small-world/scale-free,200,6,149,126.0,121.0,184.0,182.0,124.0,124.0,154.0,99.5,0.3416776261083661,4,1
small-world/scale-free,200,6,150,126.0,75.0,117.0,117.0,86.0,86.0,180.0,99.5,0.3416776261083661,4,1
small-world/scale-free,200,6,151,126.0,103.0,138.0,139.0,108.0,108.0,142.0,99.5,0.3416776261083661,4,1
small-world/scale-free,200,6,152,77.0,168.0,156.0,155.0,166.0,166.0,77.0,99.5,0.3416776261083661,4,1
small-world/scale-free,200,6,153,26.0,56.0,35.0,34.0,51.0,51.0,26.0,99.5,0.3416776261083661,4,1
small-world/scale-free,200,6,154,126.0,49.0,121.0,123.0,62.0,62.0,197.0,99.5,0.3416776261083661,4,1
small-world/scale-free,200,6,155,126.0,75.0,103.0,104.0,86.0,86.0,162.0,99.5,0.3416776261083661,4,1
small-world/scale-free,200,6,156,126.0,171.0,151.0,151.0,168.0,168.0,171.0,99.5,0.3416776261083661,4,1
small-world/scale-free,200,6,157,77.0,160.0,91.0,90.0,158.0,158.0,83.0,99.5,0.3416776261083661,4,1
small-world/scale-free,200,6,158,77.0,70.0,123.0,126.0,73.0,73.0,107.0,99.5,0.3416776261083661,4,1
small-world/scale-free,200,6,159,126.0,146.0,114.0,112.0,145.0,145.0,176.0,99.5,0.3416776261083661,4,1
small-world/scale-free,200,6,160,59.0,103.0,68.0,67.0,92.0,92.0,64.0,99.5,0.3416776261083661,4,1
small-world/scale-free,200,6,161,126.0,71.0,171.0,167.0,82.0,82.0,185.0,99.5,0.3416776261083661,4,1
small-world/scale-free,200,6,162,126.0,193.0,181.0,170.0,196.0,196.0,130.0,99.5,0.3416776261083661,4,1
small-world/scale-free,200,6,163,126.0,190.0,187.0,187.0,187.0,187.0,167.0,99.5,0.3416776261083661,4,1
small-world/scale-free,200,6,164,77.0,168.0,135.0,134.0,172.0,172.0,87.0,99.5,0.3416776261083661,4,1
small-world/scale-free,200,6,165,77.0,156.0,148.0,150.0,153.0,153.0,111.0,99.5,0.3416776261083661,4,1
small-world/scale-free,200,6,166,126.0,158.0,110.0,106.0,164.0,164.0,137.0,99.5,0.3416776261083661,4,1
small-world/scale-free,200,6,167,126.0,185.0,193.0,193.0,191.0,191.0,136.0,99.5,0.3416776261083661,4,1
small-world/scale-free,200,6,168,126.0,142.0,150.0,147.0,148.0,148.0,170.0,99.5,0.3416776261083661,4,1
small-world/scale-free,200,6,169,126.0,73.0,78.0,80.0,75.0,75.0,155.0,99.5,0.3416776261083661,4,1
small-world/scale-free,200,6,170,126.0,127.0,185.0,184.0,133.0,133.0,172.0,99.5,0.3416776261083661,4,1
small-world/scale-free,200,6,171,126.0,197.0,188.0,188.0,197.0,197.0,128.0,99.5,0.3416776261083661,4,1
small-world/scale-free,200,6,172,126.0,179.0,142.0,137.0,179.0,179.0,139.0,99.5,0.3416776261083661,4,1
small-world/scale-free,200,6,173,126.0,152.0,173.0,171.0,151.0,151.0,190.0,99.5,0.3416776261083661,4,1
small-world/scale-free,200,6,174,126.0,162.0,101.0,97.0,162.0,162.0,153.0,99.5,0.3416776261083661,4,1
small-world/scale-free,200,6,175,126.0,160.0,133.0,131.0,165.0,165.0,144.0,99.5,0.3416776261083661,4,1
small-world/scale-free,200,6,176,126.0,34.0,105.0,107.0,42.0,42.0,184.0,99.5,0.3416776261083661,4,1
small-world/scale-free,200,6,177,59.0,78.0,128.0,130.0,78.0,78.0,69.0,99.5,0.3416776261083661,4,1
small-world/scale-free,200,6,178,126.0,91.0,154.0,157.0,107.0,107.0,166.0,99.5,0.3416776261083661,4,1
small-world/scale-free,200,6,179,77.0,58.0,88.0,88.0,68.0,68.0,121.0,99.5,0.3416776261083661,4,1
small-world/scale-free,200,6,180,126.0,200.0,178.0,178.0,200.0,200.0,126.0,99.5,0.3416776261083661,4,1
small-world/scale-free,200,6,181,126.0,100.0,191.0,189.0,113.0,113.0,145.0,99.5,0.3416776261083661,4,1
small-world/scale-free,200,6,182,126.0,151.0,160.0,161.0,155.0,155.0,160.0,99.5,0.3416776261083661,4,1
small-world/scale-free,200,6,183,77.0,149.0,109.0,109.0,147.0,147.0,92.0,99.5,0.3416776261083661,4,1
small-world/scale-free,200,6,184,126.0,113.0,100.0,98.0,115.0,115.0,146.0,99.5,0.3416776261083661,4,1
small-world/scale-free,200,6,185,126.0,152.0,141.0,135.0,159.0,159.0,141.0,99.5,0.3416776261083661,4,1
small-world/scale-free,200,6,186,126.0,87.0,77.0,77.0,97.0,97.0,140.0,99.5,0.3416776261083661,4,1
small-world/scale-free,200,6,187,126.0,171.0,168.0,168.0,173.0,173.0,132.0,99.5,0.3416776261083661,4,1
small-world/scale-free,200,6,188,77.0,91.0,139.0,143.0,105.0,105.0,91.0,99.5,0.3416776261083661,4,1
small-world/scale-free,200,6,189,126.0,118.0,167.0,169.0,122.0,122.0,182.0,99.5,0.3416776261083661,4,1
small-world/scale-free,200,6,190,126.0,142.0,190.0,191.0,146.0,146.0,168.0,99.5,0.3416776261083661,4,1
small-world/scale-free,200,6,191,126.0,86.0,143.0,138.0,94.0,94.0,163.0,99.5,0.3416776261083661,4,1
small-world/scale-free,200,6,192,126.0,97.0,193.0,193.0,109.0,109.0,147.0,99.5,0.3416776261083661,4,1
small-world/scale-free,200,6,193,126.0,138.0,155.0,154.0,143.0,143.0,175.0,99.5,0.3416776261083661,4,1
small-world/scale-free,200,6,194,126.0,175.0,182.0,183.0,178.0,178.0,138.0,99.5,0.3416776261083661,4,1
small-world/scale-free,200,6,195,126.0,88.0,112.0,115.0,104.0,104.0,161.0,99.5,0.3416776261083661,4,1
small-world/scale-free,200,6,196,126.0,149.0,177.0,180.0,150.0,150.0,177.0,99.5,0.3416776261083661,4,1
small-world/scale-free,200,6,197,126.0,189.0,186.0,186.0,190.0,190.0,135.0,99.5,0.3416776261083661,4,1
small-world/scale-free,200,6,198,126.0,171.0,179.0,179.0,175.0,175.0,183.0,99.5,0.3416776261083661,4,1
small-world/scale-free,200,6,199,126.0,192.0,189.0,190.0,193.0,193.0,131.0,99.5,0.3416776261083661,4,1
