small-world/scale-free,200,7,0,3.0,3.0,3.0,3.0,3.0,3.0,3.0,99.5,0.34756277620846454,4,1
small-world/scale-free,200,7,1,10.0,23.0,15.0,15.0,18.0,18.0,11.0,99.5,0.34756277620846454,4,1
small-world/scale-free,200,7,2,2.0,2.0,2.0,2.0,2.0,2.0,2.0,99.5,0.34756277620846454,4,1
small-world/scale-free,200,7,3,1.0,1.0,1.0,1.0,1.0,1.0,1.0,99.5,0.34756277620846454,4,1
small-world/scale-free,200,7,4,4.0,3.0,4.0,4.0,4.0,4.0,4.0,99.5,0.34756277620846454,4,1
small-world/scale-free,200,7,5,14.0,6.0,16.0,16.0,6.0,6.0,17.0,99.5,0.34756277620846454,4,1
small-world/scale-free,200,7,6,36.0,10.0,49.0,50.0,16.0,16.0,47.0,99.5,0.34756277620846454,4,1
small-world/scale-free,200,7,7,31.0,12.0,33.0,35.0,17.0,17.0,35.0,99.5,0.34756277620846454,4,1
small-world/scale-free,200,7,8,13.0,7.0,12.0,12.0,8.0,8.0,13.0,99.5,0.34756277620846454,4,1
small-world/scale-free,200,7,9,7.0,8.0,8.0,8.0,7.0,7.0,7.0,99.5,0.34756277620846454,4,1
small-world/scale-free,200,7,10,14.0,9.0,11.0,11.0,12.0,12.0,18.0,99.5,0.34756277620846454,4,1
small-world/scale-free,200,7,11,5.0,13.0,5.0,5.0,9.0,9.0,5.0,99.5,0.34756277620846454,4,1
small-world/scale-free,200,7,12,36.0,19.0,44.0,43.0,23.0,23.0,45.0,99.5,0.34756277620846454,4,1
small-world/scale-free,200,7,13,36.0,46.0,59.0,59.0,47.0,47.0,44.0,99.5,0.34756277620846454,4,1
small-world/scale-free,200,7,14,36.0,37.0,62.0,61.0,31.0,31.0,43.0,99.5,0.34756277620846454,4,1
small-world/scale-free,200,7,15,14.0,14.0,20.0,20.0,15.0,15.0,16.0,99.5,0.34756277620846454,4,1
small-world/scale-free,200,7,16,9.0,15.0,13.0,13.0,13.0,13.0,9.0,99.5,0.34756277620846454,4,1
small-world/scale-free,200,7,17,21.0,22.0,22.0,22.0,21.0,21.0,23.0,99.5,0.34756277620846454,4,1
small-world/scale-free,200,7,18,24.0,62.0,17.0,17.0,52.0,52.0,28.0,99.5,0.34756277620846454,4,1
small-world/scale-free,200,7,19,8.0,11.0,9.0,9.0,11.0,11.0,8.0,99.5,0.34756277620846454,4,1
small-world/scale-free,200,7,20,10.0,5.0,6.0,6.0,5.0,5.0,12.0,99.5,0.34756277620846454,4,1
small-world/scale-free,200,7,21,121.0,81.0,191.0,191.0,85.0,85.0,189.0,99.5,0.34756277620846454,4,1
small-world/scale-free,200,7,22,31.0,18.0,38.0,38.0,19.0,19.0,34.0,99.5,0.34756277620846454,4,1
small-world/scale-free,200,7,23,63.0,95.0,76.0,81.0,93.0,93.0,76.0,99.5,0.34756277620846454,4,1
small-world/scale-free,200,7,24,47.0,34.0,104.0,101.0,31.0,31.0,62.0,99.5,0.34756277620846454,4,1
small-world/scale-free,200,7,25,21.0,30.0,34.0,33.0,24.0,24.0,22.0,99.5,0.34756277620846454,4,1
small-world/scale-free,200,7,26,21.0,128.0,43.0,44.0,105.0,105.0,21.0,99.5,0.34756277620846454,4,1
small-world/scale-free,200,7,27,77.0,123.0,113.0,111.0,122.0,122.0,104.0,99.5,0.34756277620846454,4,1
small-world/scale-free,200,7,28,10.0,17.0,10.0,10.0,14.0,14.0,10.0,99.5,0.34756277620846454,4,1
small-world/scale-free,200,7,29,14.0,25.0,14.0,14.0,20.0,20.0,15.0,99.5,0.34756277620846454,4,1
small-world/scale-free,200,7,30,77.0,45.0,101.0,102.0,54.0,54.0,114.0,99.5,0.34756277620846454,4,1
small-world/scale-free,200,7,31,47.0,26.0,36.0,37.0,27.0,27.0,56.0,99.5,0.34756277620846454,4,1
small-world/scale-free,200,7,32,24.0,91.0,19.0,18.0,73.0,73.0,26.0,99.5,0.34756277620846454,4,1
small-world/scale-free,200,7,33,19.0,48.0,25.0,28.0,30.0,30.0,20.0,99.5,0.34756277620846454,4,1
small-world/scale-free,200,7,34,47.0,69.0,51.0,49.0,64.0,64.0,53.0,99.5,0.34756277620846454,4,1
small-world/scale-free,200,7,35,14.0,56.0,21.0,21.0,39.0,39.0,14.0,99.5,0.34756277620846454,4,1
small-world/scale-free,200,7,36,47.0,83.0,87.0,86.0,79.0,79.0,59.0,99.5,0.34756277620846454,4,1
small-world/scale-free,200,7,37,121.0,40.0,191.0,191.0,48.0,48.0,197.0,99.5,0.34756277620846454,4,1
small-world/scale-free,200,7,38,47.0,58.0,60.0,60.0,56.0,56.0,60.0,99.5,0.34756277620846454,4,1
small-world/scale-free,200,7,39,77.0,147.0,115.0,110.0,145.0,145.0,99.0,99.5,0.34756277620846454,4,1
small-world/scale-free,200,7,40,47.0,84.0,47.0,45.0,89.0,89.0,58.0,99.5,0.34756277620846454,4,1
small-world/scale-free,200,7,41,6.0,15.0,7.0,7.0,10.0,10.0,6.0,99.5,0.34756277620846454,4,1
small-world/scale-free,200,7,42,36.0,53.0,42.0,42.0,50.0,50.0,42.0,99.5,0.34756277620846454,4,1
small-world/scale-free,200,7,43,47.0,100.0,70.0,70.0,97.0,97.0,55.0,99.5,0.34756277620846454,4,1
small-world/scale-free,200,7,44,24.0,48.0,41.0,41.0,38.0,38.0,30.0,99.5,0.34756277620846454,4,1
small-world/scale-free,200,7,45,63.0,84.0,56.0,57.0,83.0,83.0,72.0,99.5,0.34756277620846454,4,1
small-world/scale-free,200,7,46,47.0,43.0,53.0,54.0,41.0,41.0,61.0,99.5,0.34756277620846454,4,1
small-world/scale-free,200,7,47,63.0,64.0,86.0,89.0,61.0,61.0,75.0,99.5,0.34756277620846454,4,1
small-world/scale-free,200,7,48,31.0,57.0,31.0,29.0,58.0,58.0,33.0,99.5,0.34756277620846454,4,1
small-world/scale-free,200,7,49,36.0,78.0,37.0,36.0,67.0,67.0,38.0,99.5,0.34756277620846454,4,1
small-world/scale-free,200,7,50,36.0,138.0,82.0,82.0,129.0,129.0,41.0,99.5,0.34756277620846454,4,1
small-world/scale-free,200,7,51,63.0,81.0,114.0,117.0,75.0,75.0,74.0,99.5,0.34756277620846454,4,1
small-world/scale-free,200,7,52,47.0,97.0,46.0,47.0,90.0,90.0,50.0,99.5,0.34756277620846454,4,1
small-world/scale-free,200,7,53,121.0,26.0,191.0,191.0,35.0,35.0,199.0,99.5,0.34756277620846454,4,1
small-world/scale-free,200,7,54,63.0,141.0,96.0,92.0,138.0,138.0,68.0,99.5,0.34756277620846454,4,1
small-world/scale-free,200,7,55,121.0,112.0,187.0,185.0,116.0,116.0,186.0,99.5,0.34756277620846454,4,1
small-world/scale-free,200,7,56,77.0,84.0,71.0,69.0,94.0,94.0,101.0,99.5,0.34756277620846454,4,1
small-world/scale-free,200,7,57,24.0,129.0,35.0,31.0,110.0,110.0,24.0,99.5,0.34756277620846454,4,1
small-world/scale-free,200,7,58,77.0,148.0,148.0,148.0,148.0,148.0,100.0,99.5,0.34756277620846454,4,1
small-world/scale-free,200,7,59,77.0,37.0,85.0,85.0,46.0,46.0,115.0,99.5,0.34756277620846454,4,1
small-world/scale-free,200,7,60,77.0,84.0,93.0,100.0,91.0,91.0,107.0,99.5,0.34756277620846454,4,1
small-world/scale-free,200,7,61,19.0,88.0,30.0,30.0,63.0,63.0,19.0,99.5,0.34756277620846454,4,1
small-world/scale-free,200,7,62,47.0,138.0,94.0,90.0,131.0,131.0,57.0,99.5,0.34756277620846454,4,1
small-world/scale-free,200,7,63,77.0,48.0,75.0,77.0,57.0,57.0,119.0,99.5,0.34756277620846454,4,1
small-world/scale-free,200,7,64,24.0,42.0,26.0,26.0,36.0,36.0,27.0,99.5,0.34756277620846454,4,1
small-world/scale-free,200,7,65,24.0,34.0,24.0,24.0,28.0,28.0,29.0,99.5,0.34756277620846454,4,1
small-world/scale-free,200,7,66,77.0,34.0,92.0,94.0,45.0,45.0,108.0,99.5,0.34756277620846454,4,1
small-world/scale-free,200,7,67,31.0,46.0,27.0,23.0,44.0,44.0,31.0,99.5,0.34756277620846454,4,1
small-world/scale-free,200,7,68,77.0,107.0,72.0,71.0,111.0,111.0,97.0,99.5,0.34756277620846454,4,1
small-world/scale-free,200,7,69,31.0,23.0,40.0,39.0,22.0,22.0,32.0,99.5,0.34756277620846454,4,1
small-world/scale-free,200,7,70,121.0,164.0,169.0,172.0,166.0,166.0,152.0,99.5,0.34756277620846454,4,1
small-world/scale-free,200,7,71,77.0,37.0,61.0,63.0,40.0,40.0,110.0,99.5,0.34756277620846454,4,1
small-world/scale-free,200,7,72,24.0,48.0,18.0,19.0,43.0,43.0,25.0,99.5,0.34756277620846454,4,1
small-world/scale-free,200,7,73,36.0,59.0,28.0,25.0,62.0,62.0,37.0,99.5,0.34756277620846454,4,1
small-world/scale-free,200,7,74,63.0,149.0,107.0,113.0,140.0,140.0,70.0,99.5,0.34756277620846454,4,1
small-world/scale-free,200,7,75,77.0,122.0,98.0,96.0,114.0,114.0,111.0,99.5,0.34756277620846454,4,1
small-world/scale-free,200,7,76,121.0,136.0,112.0,114.0,137.0,137.0,170.0,99.5,0.34756277620846454,4,1
small-world/scale-free,200,7,77,77.0,182.0,133.0,131.0,181.0,181.0,89.0,99.5,0.34756277620846454,4,1
small-world/scale-free,200,7,78,200.0,180.0,191.0,191.0,184.0,184.0,200.0,99.5,0.34756277620846454,4,1
small-world/scale-free,200,7,79,36.0,126.0,54.0,53.0,121.0,121.0,36.0,99.5,0.34756277620846454,4,1
small-world/scale-free,200,7,80,47.0,166.0,73.0,73.0,162.0,162.0,48.0,99.5,0.34756277620846454,4,1
small-world/scale-free,200,7,81,77.0,43.0,67.0,65.0,55.0,55.0,120.0,99.5,0.34756277620846454,4,1
small-world/scale-free,200,7,82,121.0,95.0,106.0,109.0,104.0,104.0,150.0,99.5,0.34756277620846454,4,1
small-world/scale-free,200,7,83,77.0,131.0,80.0,80.0,135.0,135.0,98.0,99.5,0.34756277620846454,4,1
small-world/scale-free,200,7,84,77.0,33.0,65.0,68.0,37.0,37.0,118.0,99.5,0.34756277620846454,4,1
small-world/scale-free,200,7,85,77.0,114.0,66.0,66.0,118.0,118.0,84.0,99.5,0.34756277620846454,4,1
small-world/scale-free,200,7,86,77.0,31.0,116.0,122.0,33.0,33.0,116.0,99.5,0.34756277620846454,4,1
small-world/scale-free,200,7,87,121.0,135.0,108.0,105.0,142.0,142.0,151.0,99.5,0.34756277620846454,4,1
small-world/scale-free,200,7,88,77.0,167.0,171.0,166.0,165.0,165.0,94.0,99.5,0.34756277620846454,4,1
small-world/scale-free,200,7,89,77.0,55.0,125.0,125.0,59.0,59.0,105.0,99.5,0.34756277620846454,4,1
small-world/scale-free,200,7,90,77.0,100.0,124.0,128.0,96.0,96.0,87.0,99.5,0.34756277620846454,4,1
small-world/scale-free,200,7,91,77.0,70.0,58.0,58.0,71.0,71.0,88.0,99.5,0.34756277620846454,4,1
small-world/scale-free,200,7,92,47.0,66.0,32.0,34.0,68.0,68.0,51.0,99.5,0.34756277620846454,4,1
small-world/scale-free,200,7,93,121.0,177.0,150.0,150.0,182.0,182.0,141.0,99.5,0.34756277620846454,4,1
small-world/scale-free,200,7,94,77.0,131.0,91.0,91.0,135.0,135.0,91.0,99.5,0.34756277620846454,4,1
small-world/scale-free,200,7,95,121.0,145.0,152.0,153.0,144.0,144.0,184.0,99.5,0.34756277620846454,4,1
small-world/scale-free,200,7,96,77.0,175.0,136.0,137.0,173.0,173.0,90.0,99.5,0.34756277620846454,4,1
small-world/scale-free,200,7,97,63.0,19.0,55.0,55.0,25.0,25.0,73.0,99.5,0.34756277620846454,4,1
small-world/scale-free,200,7,98,77.0,28.0,69.0,72.0,29.0,29.0,112.0,99.5,0.34756277620846454,4,1
small-world/scale-free,200,7,99,121.0,170.0,155.0,157.0,178.0,178.0,140.0,99.5,0.34756277620846454,4,1
small-world/scale-free,200,7,100,36.0,119.0,39.0,40.0,107.0,107.0,40.0,99.5,0.34756277620846454,4,1
small-world/scale-free,200,7,101,63.0,180.0,110.0,106.0,170.0,170.0,64.0,99.5,0.34756277620846454,4,1
small-world/scale-free,200,7,102,121.0,188.0,191.0,191.0,190.0,190.0,138.0,99.5,0.34756277620846454,4,1
small-world/scale-free,200,7,103,121.0,70.0,163.0,164.0,76.0,76.0,194.0,99.5,0.34756277620846454,4,1
small-world/scale-free,200,7,104,121.0,155.0,142.0,146.0,151.0,151.0,157.0,99.5,0.34756277620846454,4,1
small-world/scale-free,200,7,105,47.0,67.0,29.0,32.0,60.0,60.0,54.0,99.5,0.34756277620846454,4,1
small-world/scale-free,200,7,106,63.0,184.0,102.0,103.0,179.0,179.0,63.0,99.5,0.34756277620846454,4,1
small-world/scale-free,200,7,107,77.0,184.0,120.0,120.0,186.0,186.0,79.0,99.5,0.34756277620846454,4,1
small-world/scale-free,200,7,108,121.0,116.0,165.0,165.0,125.0,125.0,182.0,99.5,0.34756277620846454,4,1
small-world/scale-free,200,7,109,121.0,177.0,181.0,182.0,177.0,177.0,165.0,99.5,0.34756277620846454,4,1
small-world/scale-free,200,7,110,77.0,94.0,153.0,152.0,95.0,95.0,102.0,99.5,0.34756277620846454,4,1
small-world/scale-free,200,7,111,121.0,154.0,128.0,127.0,153.0,153.0,168.0,99.5,0.34756277620846454,4,1
small-world/scale-free,200,7,112,77.0,103.0,144.0,143.0,103.0,103.0,109.0,99.5,0.34756277620846454,4,1
small-world/scale-free,200,7,113,47.0,137.0,64.0,62.0,132.0,132.0,49.0,99.5,0.34756277620846454,4,1
small-world/scale-free,200,7,114,77.0,88.0,50.0,52.0,86.0,86.0,80.0,99.5,0.34756277620846454,4,1
small-world/scale-free,200,7,115,47.0,75.0,52.0,51.0,77.0,77.0,52.0,99.5,0.34756277620846454,4,1
small-world/scale-free,200,7,116,63.0,167.0,118.0,119.0,164.0,164.0,65.0,99.5,0.34756277620846454,4,1
small-world/scale-free,200,7,117,77.0,29.0,119.0,116.0,34.0,34.0,106.0,99.5,0.34756277620846454,4,1
small-world/scale-free,200,7,118,63.0,106.0,77.0,75.0,107.0,107.0,69.0,99.5,0.34756277620846454,4,1
small-world/scale-free,200,7,119,121.0,70.0,129.0,132.0,71.0,71.0,173.0,99.5,0.34756277620846454,4,1
small-world/scale-free,200,7,120,121.0,174.0,138.0,135.0,176.0,176.0,139.0,99.5,0.34756277620846454,4,1
small-world/scale-free,200,7,121,36.0,54.0,23.0,27.0,53.0,53.0,39.0,99.5,0.34756277620846454,4,1
small-world/scale-free,200,7,122,63.0,48.0,48.0,48.0,49.0,49.0,71.0,99.5,0.34756277620846454,4,1
small-world/scale-free,200,7,123,121.0,175.0,183.0,184.0,174.0,174.0,161.0,99.5,0.34756277620846454,4,1
small-world/scale-free,200,7,124,77.0,158.0,103.0,98.0,160.0,160.0,86.0,99.5,0.34756277620846454,4,1
small-world/scale-free,200,7,125,121.0,133.0,81.0,76.0,134.0,134.0,158.0,99.5,0.34756277620846454,4,1
small-world/scale-free,200,7,126,47.0,188.0,99.0,95.0,185.0,185.0,46.0,99.5,0.34756277620846454,4,1
small-world/scale-free,200,7,127,121.0,112.0,157.0,156.0,115.0,115.0,178.0,99.5,0.34756277620846454,4,1
small-world/scale-free,200,7,128,121.0,162.0,164.0,163.0,163.0,163.0,134.0,99.5,0.34756277620846454,4,1
small-world/scale-free,200,7,129,121.0,91.0,167.0,168.0,98.0,98.0,196.0,99.5,0.34756277620846454,4,1
small-world/scale-free,200,7,130,77.0,74.0,45.0,46.0,84.0,84.0,93.0,99.5,0.34756277620846454,4,1
small-world/scale-free,200,7,131,77.0,160.0,79.0,78.0,157.0,157.0,83.0,99.5,0.34756277620846454,4,1
small-world/scale-free,200,7,132,77.0,93.0,88.0,87.0,88.0,88.0,95.0,99.5,0.34756277620846454,4,1
small-world/scale-free,200,7,133,121.0,151.0,140.0,138.0,155.0,155.0,169.0,99.5,0.34756277620846454,4,1
small-world/scale-free,200,7,134,77.0,62.0,78.0,79.0,66.0,66.0,103.0,99.5,0.34756277620846454,4,1
small-world/scale-free,200,7,135,121.0,59.0,83.0,83.0,70.0,70.0,180.0,99.5,0.34756277620846454,4,1
small-world/scale-free,200,7,136,121.0,186.0,137.0,139.0,188.0,188.0,123.0,99.5,0.34756277620846454,4,1
small-world/scale-free,200,7,137,121.0,138.0,174.0,173.0,143.0,143.0,187.0,99.5,0.34756277620846454,4,1
small-world/scale-free,200,7,138,121.0,188.0,182.0,180.0,192.0,192.0,124.0,99.5,0.34756277620846454,4,1
small-world/scale-free,200,7,139,77.0,179.0,158.0,155.0,180.0,180.0,82.0,99.5,0.34756277620846454,4,1
small-world/scale-free,200,7,140,121.0,125.0,131.0,129.0,130.0,130.0,176.0,99.5,0.34756277620846454,4,1
small-world/scale-free,200,7,141,121.0,114.0,176.0,178.0,120.0,120.0,175.0,99.5,0.34756277620846454,4,1
small-world/scale-free,200,7,142,121.0,160.0,162.0,160.0,158.0,158.0,160.0,99.5,0.34756277620846454,4,1
small-world/scale-free,200,7,143,121.0,187.0,117.0,118.0,189.0,189.0,129.0,99.5,0.34756277620846454,4,1
small-world/scale-free,200,7,144,121.0,196.0,143.0,142.0,196.0,196.0,122.0,99.5,0.34756277620846454,4,1
small-world/scale-free,200,7,145,77.0,126.0,97.0,97.0,128.0,128.0,96.0,99.5,0.34756277620846454,4,1
small-world/scale-free,200,7,146,77.0,21.0,100.0,107.0,26.0,26.0,117.0,99.5,0.34756277620846454,4,1
small-world/scale-free,200,7,147,63.0,75.0,57.0,56.0,80.0,80.0,66.0,99.5,0.34756277620846454,4,1
small-world/scale-free,200,7,148,77.0,153.0,149.0,149.0,150.0,150.0,92.0,99.5,0.34756277620846454,4,1
small-world/scale-free,200,7,149,121.0,141.0,135.0,136.0,147.0,147.0,162.0,99.5,0.34756277620846454,4,1
small-world/scale-free,200,7,150,121.0,123.0,170.0,169.0,127.0,127.0,156.0,99.5,0.34756277620846454,4,1
small-world/scale-free,200,7,151,121.0,191.0,177.0,177.0,191.0,191.0,132.0,99.5,0.34756277620846454,4,1
small-world/scale-free,200,7,152,77.0,172.0,109.0,104.0,172.0,172.0,78.0,99.5,0.34756277620846454,4,1
small-world/scale-free,200,7,153,63.0,97.0,95.0,99.0,92.0,92.0,67.0,99.5,0.34756277620846454,4,1
small-world/scale-free,200,7,154,121.0,130.0,145.0,145.0,133.0,133.0,181.0,99.5,0.34756277620846454,4,1
small-world/scale-free,200,7,155,121.0,105.0,190.0,190.0,102.0,102.0,166.0,99.5,0.34756277620846454,4,1
small-world/scale-free,200,7,156,121.0,70.0,105.0,112.0,74.0,74.0,183.0,99.5,0.34756277620846454,4,1
small-world/scale-free,200,7,157,121.0,200.0,185.0,187.0,200.0,200.0,130.0,99.5,0.34756277620846454,4,1
small-world/scale-free,200,7,158,121.0,195.0,132.0,126.0,195.0,195.0,121.0,99.5,0.34756277620846454,4,1
small-world/scale-free,200,7,159,121.0,172.0,122.0,124.0,171.0,171.0,133.0,99.5,0.34756277620846454,4,1
small-world/scale-free,200,7,160,121.0,78.0,121.0,130.0,81.0,81.0,171.0,99.5,0.34756277620846454,4,1
small-world/scale-free,200,7,161,121.0,198.0,159.0,159.0,197.0,197.0,131.0,99.5,0.34756277620846454,4,1
small-world/scale-free,200,7,162,121.0,162.0,172.0,171.0,168.0,168.0,135.0,99.5,0.34756277620846454,4,1
small-world/scale-free,200,7,163,121.0,116.0,189.0,189.0,119.0,119.0,179.0,99.5,0.34756277620846454,4,1
small-world/scale-free,200,7,164,121.0,110.0,173.0,174.0,113.0,113.0,177.0,99.5,0.34756277620846454,4,1
small-world/scale-free,200,7,165,121.0,158.0,130.0,134.0,154.0,154.0,164.0,99.5,0.34756277620846454,4,1
small-world/scale-free,200,7,166,121.0,77.0,160.0,162.0,87.0,87.0,193.0,99.5,0.34756277620846454,4,1
small-world/scale-free,200,7,167,121.0,197.0,146.0,144.0,198.0,198.0,125.0,99.5,0.34756277620846454,4,1
small-world/scale-free,200,7,168,77.0,183.0,134.0,133.0,183.0,183.0,77.0,99.5,0.34756277620846454,4,1
small-world/scale-free,200,7,169,121.0,193.0,191.0,191.0,187.0,187.0,144.0,99.5,0.34756277620846454,4,1
small-world/scale-free,200,7,170,121.0,194.0,179.0,179.0,194.0,194.0,128.0,99.5,0.34756277620846454,4,1
small-world/scale-free,200,7,171,121.0,88.0,156.0,158.0,98.0,98.0,192.0,99.5,0.34756277620846454,4,1
small-world/scale-free,200,7,172,121.0,110.0,191.0,191.0,112.0,112.0,185.0,99.5,0.34756277620846454,4,1
small-world/scale-free,200,7,173,121.0,103.0,84.0,84.0,101.0,101.0,163.0,99.5,0.34756277620846454,4,1
small-world/scale-free,200,7,174,77.0,107.0,74.0,74.0,109.0,109.0,81.0,99.5,0.34756277620846454,4,1
small-world/scale-free,200,7,175,121.0,78.0,191.0,191.0,81.0,81.0,190.0,99.5,0.34756277620846454,4,1
small-world/scale-free,200,7,176,121.0,41.0,191.0,191.0,51.0,51.0,198.0,99.5,0.34756277620846454,4,1
small-world/scale-free,200,7,177,121.0,167.0,127.0,123.0,169.0,169.0,142.0,99.5,0.34756277620846454,4,1
small-world/scale-free,200,7,178,77.0,65.0,63.0,67.0,69.0,69.0,113.0,99.5,0.34756277620846454,4,1
small-world/scale-free,200,7,179,121.0,157.0,90.0,88.0,156.0,156.0,145.0,99.5,0.34756277620846454,4,1
small-world/scale-free,200,7,180,121.0,145.0,151.0,151.0,139.0,139.0,188.0,99.5,0.34756277620846454,4,1
small-world/scale-free,200,7,181,121.0,32.0,141.0,141.0,42.0,42.0,172.0,99.5,0.34756277620846454,4,1
small-world/scale-free,200,7,182,121.0,170.0,191.0,191.0,167.0,167.0,174.0,99.5,0.34756277620846454,4,1
small-world/scale-free,200,7,183,121.0,133.0,126.0,121.0,141.0,141.0,154.0,99.5,0.34756277620846454,4,1
small-world/scale-free,200,7,184,121.0,149.0,178.0,175.0,149.0,149.0,167.0,99.5,0.34756277620846454,4,1
small-world/scale-free,200,7,185,121.0,151.0,166.0,170.0,159.0,159.0,153.0,99.5,0.34756277620846454,4,1
small-world/scale-free,200,7,186,77.0,97.0,68.0,64.0,100.0,100.0,85.0,99.5,0.34756277620846454,4,1
small-world/scale-free,200,7,187,121.0,144.0,123.0,115.0,152.0,152.0,149.0,99.5,0.34756277620846454,4,1
small-world/scale-free,200,7,188,121.0,191.0,180.0,181.0,193.0,193.0,126.0,99.5,0.34756277620846454,4,1
small-world/scale-free,200,7,189,121.0,67.0,89.0,93.0,78.0,78.0,191.0,99.5,0.34756277620846454,4,1
small-world/scale-free,200,7,190,121.0,107.0,184.0,183.0,117.0,117.0,146.0,99.5,0.34756277620846454,4,1
small-world/scale-free,200,7,191,121.0,118.0,139.0,140.0,122.0,122.0,155.0,99.5,0.34756277620846454,4,1
small-world/scale-free,200,7,192,121.0,119.0,161.0,161.0,124.0,124.0,137.0,99.5,0.34756277620846454,4,1
small-world/scale-free,200,7,193,121.0,199.0,186.0,186.0,199.0,199.0,127.0,99.5,0.34756277620846454,4,1
small-world/scale-free,200,7,194,121.0,100.0,147.0,147.0,106.0,106.0,159.0,99.5,0.34756277620846454,4,1
small-world/scale-free,200,7,195,121.0,155.0,154.0,154.0,161.0,161.0,143.0,99.5,0.34756277620846454,4,1
small-world/scale-free,200,7,196,121.0,165.0,168.0,167.0,175.0,175.0,136.0,99.5,0.34756277620846454,4,1
small-world/scale-free,200,7,197,121.0,143.0,111.0,108.0,146.0,146.0,147.0,99.5,0.34756277620846454,4,1
small-world/scale-free,200,7,198,121.0,59.0,175.0,176.0,65.0,65.0,195.0,99.5,0.34756277620846454,4,1
small-world/scale-free,200,7,199,121.0,121.0,188.0,188.0,126.0,126.0,148.0,99.5,0.34756277620846454,4,1
small-world/scale-free,200,8,0,2.0,2.0,2.0,2.0,2.0,2.0,2.0,99.5,0.29998016666640714,4,1
small-world/scale-free,200,8,1,4.0,6.0,4.0,4.0,4.0,4.0,4.0,99.5,0.29998016666640714,4,1
small-world/scale-free,200,8,2,17.0,25.0,23.0,23.0,21.0,21.0,19.0,99.5,0.29998016666640714,4,1
small-world/scale-free,200,8,3,1.0,1.0,1.0,1.0,1.0,1.0,1.0,99.5,0.29998016666640714,4,1
small-world/scale-free,200,8,4,5.0,4.0,5.0,5.0,5.0,5.0,5.0,99.5,0.29998016666640714,4,1
small-world/scale-free,200,8,5,27.0,12.0,35.0,35.0,12.0,12.0,34.0,99.5,0.29998016666640714,4,1
small-world/scale-free,200,8,6,17.0,41.0,43.0,44.0,34.0,34.0,18.0,99.5,0.29998016666640714,4,1
small-world/scale-free,200,8,7,49.0,95.0,54.0,54.0,84.0,84.0,57.0,99.5,0.29998016666640714,4,1
small-world/scale-free,200,8,8,3.0,3.0,3.0,3.0,3.0,3.0,3.0,99.5,0.29998016666640714,4,1
small-world/scale-free,200,8,9,8.0,8.0,10.0,11.0,8.0,8.0,9.0,99.5,0.29998016666640714,4,1
small-world/scale-free,200,8,10,6.0,5.0,6.0,6.0,6.0,6.0,6.0,99.5,0.29998016666640714,4,1
small-world/scale-free,200,8,11,10.0,10.0,9.0,9.0,11.0,11.0,11.0,99.5,0.29998016666640714,4,1
small-world/scale-free,200,8,12,35.0,22.0,32.0,33.0,24.0,24.0,39.0,99.5,0.29998016666640714,4,1
small-world/scale-free,200,8,13,15.0,59.0,25.0,25.0,37.0,37.0,16.0,99.5,0.29998016666640714,4,1
small-world/scale-free,200,8,14,35.0,18.0,48.0,49.0,19.0,19.0,48.0,99.5,0.29998016666640714,4,1
small-world/scale-free,200,8,15,49.0,45.0,53.0,53.0,42.0,42.0,62.0,99.5,0.29998016666640714,4,1
small-world/scale-free,200,8,16,10.0,21.0,12.0,12.0,14.0,14.0,10.0,99.5,0.29998016666640714,4,1
small-world/scale-free,200,8,17,12.0,7.0,11.0,10.0,7.0,7.0,12.0,99.5,0.29998016666640714,4,1
small-world/scale-free,200,8,18,20.0,19.0,19.0,19.0,18.0,18.0,26.0,99.5,0.29998016666640714,4,1
small-world/scale-free,200,8,19,35.0,36.0,33.0,32.0,39.0,39.0,44.0,99.5,0.29998016666640714,4,1
small-world/scale-free,200,8,20,27.0,40.0,42.0,41.0,38.0,38.0,33.0,99.5,0.29998016666640714,4,1
small-world/scale-free,200,8,21,35.0,27.0,20.0,20.0,28.0,28.0,41.0,99.5,0.29998016666640714,4,1
small-world/scale-free,200,8,22,35.0,22.0,34.0,34.0,26.0,26.0,45.0,99.5,0.29998016666640714,4,1
small-world/scale-free,200,8,23,27.0,25.0,17.0,16.0,25.0,25.0,31.0,99.5,0.29998016666640714,4,1
small-world/scale-free,200,8,24,20.0,15.0,14.0,14.0,16.0,16.0,24.0,99.5,0.29998016666640714,4,1
small-world/scale-free,200,8,25,20.0,32.0,50.0,48.0,29.0,29.0,25.0,99.5,0.29998016666640714,4,1
small-world/scale-free,200,8,26,84.0,67.0,161.0,152.0,77.0,77.0,116.0,99.5,0.29998016666640714,4,1
small-world/scale-free,200,8,27,27.0,60.0,39.0,37.0,50.0,50.0,30.0,99.5,0.29998016666640714,4,1
small-world/scale-free,200,8,28,122.0,133.0,198.0,198.0,140.0,140.0,183.0,99.5,0.29998016666640714,4,1
small-world/scale-free,200,8,29,49.0,24.0,30.0,31.0,27.0,27.0,61.0,99.5,0.29998016666640714,4,1
small-world/scale-free,200,8,30,84.0,17.0,116.0,119.0,23.0,23.0,121.0,99.5,0.29998016666640714,4,1
small-world/scale-free,200,8,31,84.0,29.0,110.0,110.0,36.0,36.0,108.0,99.5,0.29998016666640714,4,1
small-world/scale-free,200,8,32,17.0,41.0,16.0,18.0,30.0,30.0,17.0,99.5,0.29998016666640714,4,1
small-world/scale-free,200,8,33,63.0,114.0,77.0,79.0,108.0,108.0,72.0,99.5,0.29998016666640714,4,1
small-world/scale-free,200,8,34,13.0,16.0,15.0,15.0,13.0,13.0,14.0,99.5,0.29998016666640714,4,1
small-world/scale-free,200,8,35,7.0,11.0,7.0,7.0,10.0,10.0,7.0,99.5,0.29998016666640714,4,1
small-world/scale-free,200,8,36,122.0,105.0,148.0,151.0,115.0,115.0,192.0,99.5,0.29998016666640714,4,1
small-world/scale-free,200,8,37,63.0,168.0,69.0,76.0,162.0,162.0,71.0,99.5,0.29998016666640714,4,1
small-world/scale-free,200,8,38,35.0,56.0,59.0,59.0,46.0,46.0,40.0,99.5,0.29998016666640714,4,1
small-world/scale-free,200,8,39,20.0,75.0,31.0,29.0,52.0,52.0,23.0,99.5,0.29998016666640714,4,1
small-world/scale-free,200,8,40,8.0,9.0,8.0,8.0,9.0,9.0,8.0,99.5,0.29998016666640714,4,1
small-world/scale-free,200,8,41,20.0,66.0,18.0,17.0,47.0,47.0,20.0,99.5,0.29998016666640714,4,1
small-world/scale-free,200,8,42,35.0,35.0,40.0,42.0,40.0,40.0,47.0,99.5,0.29998016666640714,4,1
small-world/scale-free,200,8,43,20.0,13.0,21.0,21.0,15.0,15.0,22.0,99.5,0.29998016666640714,4,1
small-world/scale-free,200,8,44,49.0,99.0,58.0,55.0,91.0,91.0,51.0,99.5,0.29998016666640714,4,1
small-world/scale-free,200,8,45,13.0,29.0,13.0,13.0,22.0,22.0,13.0,99.5,0.29998016666640714,4,1
small-world/scale-free,200,8,46,63.0,69.0,70.0,72.0,61.0,61.0,79.0,99.5,0.29998016666640714,4,1
small-world/scale-free,200,8,47,63.0,45.0,55.0,58.0,51.0,51.0,81.0,99.5,0.29998016666640714,4,1
small-world/scale-free,200,8,48,63.0,39.0,74.0,77.0,43.0,43.0,83.0,99.5,0.29998016666640714,4,1
small-world/scale-free,200,8,49,63.0,55.0,129.0,136.0,56.0,56.0,82.0,99.5,0.29998016666640714,4,1
small-world/scale-free,200,8,50,49.0,75.0,41.0,40.0,67.0,67.0,50.0,99.5,0.29998016666640714,4,1
small-world/scale-free,200,8,51,122.0,60.0,171.0,178.0,78.0,78.0,198.0,99.5,0.29998016666640714,4,1
small-world/scale-free,200,8,52,35.0,86.0,49.0,51.0,69.0,69.0,43.0,99.5,0.29998016666640714,4,1
small-world/scale-free,200,8,53,49.0,56.0,46.0,45.0,55.0,55.0,54.0,99.5,0.29998016666640714,4,1
small-world/scale-free,200,8,54,49.0,79.0,72.0,73.0,80.0,80.0,59.0,99.5,0.29998016666640714,4,1
small-world/scale-free,200,8,55,122.0,135.0,196.0,196.0,136.0,136.0,171.0,99.5,0.29998016666640714,4,1
small-world/scale-free,200,8,56,15.0,112.0,28.0,26.0,70.0,70.0,15.0,99.5,0.29998016666640714,4,1
small-world/scale-free,200,8,57,35.0,136.0,84.0,82.0,125.0,125.0,42.0,99.5,0.29998016666640714,4,1
small-world/scale-free,200,8,58,84.0,131.0,66.0,69.0,132.0,132.0,92.0,99.5,0.29998016666640714,4,1
small-world/scale-free,200,8,59,35.0,13.0,36.0,36.0,17.0,17.0,46.0,99.5,0.29998016666640714,4,1
small-world/scale-free,200,8,60,84.0,56.0,172.0,169.0,63.0,63.0,119.0,99.5,0.29998016666640714,4,1
small-world/scale-free,200,8,61,84.0,51.0,98.0,102.0,53.0,53.0,113.0,99.5,0.29998016666640714,4,1
small-world/scale-free,200,8,62,122.0,51.0,195.0,195.0,58.0,58.0,199.0,99.5,0.29998016666640714,4,1
small-world/scale-free,200,8,63,63.0,171.0,92.0,89.0,161.0,161.0,68.0,99.5,0.29998016666640714,4,1
small-world/scale-free,200,8,64,49.0,83.0,62.0,62.0,75.0,75.0,58.0,99.5,0.29998016666640714,4,1
small-world/scale-free,200,8,65,27.0,94.0,37.0,39.0,74.0,74.0,29.0,99.5,0.29998016666640714,4,1
small-world/scale-free,200,8,66,84.0,151.0,177.0,176.0,147.0,147.0,115.0,99.5,0.29998016666640714,4,1
small-world/scale-free,200,8,67,35.0,93.0,81.0,81.0,79.0,79.0,38.0,99.5,0.29998016666640714,4,1
small-world/scale-free,200,8,68,35.0,37.0,27.0,28.0,35.0,35.0,37.0,99.5,0.29998016666640714,4,1
small-world/scale-free,200,8,69,49.0,124.0,115.0,113.0,116.0,116.0,55.0,99.5,0.29998016666640714,4,1
small-world/scale-free,200,8,70,63.0,101.0,56.0,57.0,95.0,95.0,75.0,99.5,0.29998016666640714,4,1
small-world/scale-free,200,8,71,84.0,64.0,75.0,78.0,61.0,61.0,107.0,99.5,0.29998016666640714,4,1
small-world/scale-free,200,8,72,84.0,141.0,73.0,70.0,139.0,139.0,103.0,99.5,0.29998016666640714,4,1
small-world/scale-free,200,8,73,122.0,140.0,102.0,100.0,144.0,144.0,176.0,99.5,0.29998016666640714,4,1
small-world/scale-free,200,8,74,49.0,118.0,63.0,64.0,111.0,111.0,49.0,99.5,0.29998016666640714,4,1
small-world/scale-free,200,8,75,35.0,118.0,44.0,43.0,109.0,109.0,36.0,99.5,0.29998016666640714,4,1
small-world/scale-free,200,8,76,27.0,48.0,22.0,22.0,44.0,44.0,28.0,99.5,0.29998016666640714,4,1
small-world/scale-free,200,8,77,35.0,144.0,65.0,63.0,133.0,133.0,35.0,99.5,0.29998016666640714,4,1
small-world/scale-free,200,8,78,27.0,83.0,24.0,24.0,65.0,65.0,27.0,99.5,0.29998016666640714,4,1
small-world/scale-free,200,8,79,63.0,54.0,52.0,52.0,57.0,57.0,80.0,99.5,0.29998016666640714,4,1
small-world/scale-free,200,8,80,49.0,77.0,38.0,38.0,64.0,64.0,53.0,99.5,0.29998016666640714,4,1
small-world/scale-free,200,8,81,49.0,79.0,45.0,47.0,71.0,71.0,52.0,99.5,0.29998016666640714,4,1
small-world/scale-free,200,8,82,84.0,122.0,120.0,116.0,121.0,121.0,104.0,99.5,0.29998016666640714,4,1
small-world/scale-free,200,8,83,20.0,20.0,29.0,30.0,20.0,20.0,21.0,99.5,0.29998016666640714,4,1
small-world/scale-free,200,8,84,122.0,152.0,168.0,171.0,154.0,154.0,152.0,99.5,0.29998016666640714,4,1
small-world/scale-free,200,8,85,27.0,33.0,26.0,27.0,32.0,32.0,32.0,99.5,0.29998016666640714,4,1
small-world/scale-free,200,8,86,84.0,100.0,82.0,85.0,96.0,96.0,106.0,99.5,0.29998016666640714,4,1
small-world/scale-free,200,8,87,63.0,63.0,135.0,134.0,68.0,68.0,78.0,99.5,0.29998016666640714,4,1
small-world/scale-free,200,8,88,49.0,27.0,61.0,61.0,31.0,31.0,60.0,99.5,0.29998016666640714,4,1
small-world/scale-free,200,8,89,84.0,181.0,104.0,107.0,176.0,176.0,91.0,99.5,0.29998016666640714,4,1
small-world/scale-free,200,8,90,122.0,107.0,170.0,172.0,114.0,114.0,184.0,99.5,0.29998016666640714,4,1
small-world/scale-free,200,8,91,84.0,87.0,64.0,65.0,87.0,87.0,100.0,99.5,0.29998016666640714,4,1
small-world/scale-free,200,8,92,84.0,115.0,174.0,173.0,117.0,117.0,114.0,99.5,0.29998016666640714,4,1
small-world/scale-free,200,8,93,84.0,60.0,146.0,139.0,73.0,73.0,120.0,99.5,0.29998016666640714,4,1
small-world/scale-free,200,8,94,84.0,87.0,131.0,131.0,92.0,92.0,109.0,99.5,0.29998016666640714,4,1
small-world/scale-free,200,8,95,122.0,117.0,80.0,80.0,120.0,120.0,172.0,99.5,0.29998016666640714,4,1
small-world/scale-free,200,8,96,122.0,144.0,113.0,112.0,150.0,150.0,146.0,99.5,0.29998016666640714,4,1
small-world/scale-free,200,8,97,63.0,162.0,107.0,106.0,164.0,164.0,63.0,99.5,0.29998016666640714,4,1
small-world/scale-free,200,8,98,122.0,89.0,198.0,198.0,98.0,98.0,197.0,99.5,0.29998016666640714,4,1
small-world/scale-free,200,8,99,63.0,47.0,47.0,46.0,49.0,49.0,77.0,99.5,0.29998016666640714,4,1
small-world/scale-free,200,8,100,122.0,44.0,117.0,129.0,48.0,48.0,187.0,99.5,0.29998016666640714,4,1
small-world/scale-free,200,8,101,84.0,148.0,105.0,104.0,145.0,145.0,89.0,99.5,0.29998016666640714,4,1
small-world/scale-free,200,8,102,122.0,148.0,127.0,121.0,148.0,148.0,181.0,99.5,0.29998016666640714,4,1
small-world/scale-free,200,8,103,84.0,124.0,193.0,193.0,123.0,123.0,105.0,99.5,0.29998016666640714,4,1
small-world/scale-free,200,8,104,63.0,165.0,143.0,142.0,165.0,165.0,69.0,99.5,0.29998016666640714,4,1
small-world/scale-free,200,8,105,84.0,104.0,96.0,99.0,102.0,102.0,111.0,99.5,0.29998016666640714,4,1
small-world/scale-free,200,8,106,84.0,71.0,67.0,67.0,86.0,86.0,94.0,99.5,0.29998016666640714,4,1
small-world/scale-free,200,8,107,63.0,138.0,128.0,125.0,126.0,126.0,76.0,99.5,0.29998016666640714,4,1
small-world/scale-free,200,8,108,122.0,110.0,91.0,92.0,119.0,119.0,154.0,99.5,0.29998016666640714,4,1
small-world/scale-free,200,8,109,63.0,112.0,57.0,56.0,110.0,110.0,70.0,99.5,0.29998016666640714,4,1
small-world/scale-free,200,8,110,84.0,173.0,88.0,87.0,160.0,160.0,96.0,99.5,0.29998016666640714,4,1
small-world/scale-free,200,8,111,122.0,137.0,153.0,155.0,135.0,135.0,156.0,99.5,0.29998016666640714,4,1
small-world/scale-free,200,8,112,63.0,158.0,68.0,66.0,151.0,151.0,64.0,99.5,0.29998016666640714,4,1
small-world/scale-free,200,8,113,84.0,155.0,79.0,75.0,153.0,153.0,86.0,99.5,0.29998016666640714,4,1
small-world/scale-free,200,8,114,63.0,141.0,86.0,83.0,146.0,146.0,65.0,99.5,0.29998016666640714,4,1
small-world/scale-free,200,8,115,84.0,106.0,71.0,71.0,103.0,103.0,101.0,99.5,0.29998016666640714,4,1
small-world/scale-free,200,8,116,63.0,110.0,89.0,88.0,104.0,104.0,74.0,99.5,0.29998016666640714,4,1
small-world/scale-free,200,8,117,122.0,177.0,167.0,166.0,182.0,182.0,133.0,99.5,0.29998016666640714,4,1
small-world/scale-free,200,8,118,122.0,71.0,162.0,164.0,85.0,85.0,194.0,99.5,0.29998016666640714,4,1
small-world/scale-free,200,8,119,84.0,116.0,189.0,190.0,118.0,118.0,110.0,99.5,0.29998016666640714,4,1
small-world/scale-free,200,8,120,84.0,89.0,94.0,91.0,88.0,88.0,99.0,99.5,0.29998016666640714,4,1
small-world/scale-free,200,8,121,122.0,159.0,150.0,149.0,166.0,166.0,155.0,99.5,0.29998016666640714,4,1
small-world/scale-free,200,8,122,122.0,191.0,184.0,185.0,184.0,184.0,138.0,99.5,0.29998016666640714,4,1
small-world/scale-free,200,8,123,122.0,152.0,192.0,194.0,149.0,149.0,147.0,99.5,0.29998016666640714,4,1
small-world/scale-free,200,8,124,84.0,48.0,85.0,86.0,60.0,60.0,118.0,99.5,0.29998016666640714,4,1
small-world/scale-free,200,8,125,122.0,187.0,186.0,183.0,186.0,186.0,160.0,99.5,0.29998016666640714,4,1
small-world/scale-free,200,8,126,122.0,124.0,191.0,191.0,129.0,129.0,127.0,99.5,0.29998016666640714,4,1
small-world/scale-free,200,8,127,122.0,128.0,130.0,135.0,130.0,130.0,150.0,99.5,0.29998016666640714,4,1
small-world/scale-free,200,8,128,84.0,128.0,76.0,68.0,128.0,128.0,102.0,99.5,0.29998016666640714,4,1
small-world/scale-free,200,8,129,63.0,107.0,112.0,109.0,101.0,101.0,73.0,99.5,0.29998016666640714,4,1
small-world/scale-free,200,8,130,122.0,155.0,134.0,126.0,159.0,159.0,164.0,99.5,0.29998016666640714,4,1
small-world/scale-free,200,8,131,122.0,91.0,182.0,187.0,100.0,100.0,193.0,99.5,0.29998016666640714,4,1
small-world/scale-free,200,8,132,49.0,37.0,51.0,50.0,41.0,41.0,56.0,99.5,0.29998016666640714,4,1
small-world/scale-free,200,8,133,122.0,163.0,160.0,156.0,175.0,175.0,158.0,99.5,0.29998016666640714,4,1
small-world/scale-free,200,8,134,122.0,193.0,166.0,165.0,192.0,192.0,151.0,99.5,0.29998016666640714,4,1
small-world/scale-free,200,8,135,122.0,71.0,93.0,94.0,76.0,76.0,186.0,99.5,0.29998016666640714,4,1
small-world/scale-free,200,8,136,63.0,160.0,101.0,98.0,156.0,156.0,66.0,99.5,0.29998016666640714,4,1
small-world/scale-free,200,8,137,122.0,95.0,183.0,180.0,107.0,107.0,173.0,99.5,0.29998016666640714,4,1
small-world/scale-free,200,8,138,84.0,187.0,144.0,140.0,190.0,190.0,87.0,99.5,0.29998016666640714,4,1
small-world/scale-free,200,8,139,84.0,155.0,90.0,90.0,155.0,155.0,90.0,99.5,0.29998016666640714,4,1
small-world/scale-free,200,8,140,122.0,64.0,122.0,133.0,72.0,72.0,196.0,99.5,0.29998016666640714,4,1
small-world/scale-free,200,8,141,122.0,118.0,151.0,150.0,123.0,123.0,166.0,99.5,0.29998016666640714,4,1
small-world/scale-free,200,8,142,84.0,165.0,111.0,103.0,171.0,171.0,84.0,99.5,0.29998016666640714,4,1
small-world/scale-free,200,8,143,122.0,194.0,175.0,168.0,194.0,194.0,128.0,99.5,0.29998016666640714,4,1
small-world/scale-free,200,8,144,122.0,187.0,137.0,138.0,187.0,187.0,153.0,99.5,0.29998016666640714,4,1
small-world/scale-free,200,8,145,84.0,109.0,141.0,141.0,111.0,111.0,98.0,99.5,0.29998016666640714,4,1
small-world/scale-free,200,8,146,63.0,167.0,99.0,96.0,162.0,162.0,67.0,99.5,0.29998016666640714,4,1
small-world/scale-free,200,8,147,84.0,79.0,118.0,118.0,89.0,89.0,95.0,99.5,0.29998016666640714,4,1
small-world/scale-free,200,8,148,122.0,183.0,132.0,127.0,183.0,183.0,135.0,99.5,0.29998016666640714,4,1
small-world/scale-free,200,8,149,122.0,123.0,109.0,111.0,127.0,127.0,132.0,99.5,0.29998016666640714,4,1
small-world/scale-free,200,8,150,122.0,103.0,108.0,105.0,113.0,113.0,141.0,99.5,0.29998016666640714,4,1
small-world/scale-free,200,8,151,122.0,178.0,178.0,174.0,180.0,180.0,169.0,99.5,0.29998016666640714,4,1
small-world/scale-free,200,8,152,122.0,67.0,95.0,95.0,83.0,83.0,165.0,99.5,0.29998016666640714,4,1
small-world/scale-free,200,8,153,84.0,176.0,87.0,84.0,168.0,168.0,88.0,99.5,0.29998016666640714,4,1
small-world/scale-free,200,8,154,122.0,79.0,139.0,146.0,93.0,93.0,174.0,99.5,0.29998016666640714,4,1
small-world/scale-free,200,8,155,122.0,71.0,125.0,128.0,81.0,81.0,195.0,99.5,0.29998016666640714,4,1
small-world/scale-free,200,8,156,122.0,51.0,159.0,167.0,66.0,66.0,191.0,99.5,0.29998016666640714,4,1
small-world/scale-free,200,8,157,122.0,34.0,121.0,122.0,45.0,45.0,190.0,99.5,0.29998016666640714,4,1
small-world/scale-free,200,8,158,122.0,133.0,197.0,197.0,136.0,136.0,125.0,99.5,0.29998016666640714,4,1
small-world/scale-free,200,8,159,122.0,171.0,173.0,177.0,170.0,170.0,167.0,99.5,0.29998016666640714,4,1
small-world/scale-free,200,8,160,84.0,70.0,60.0,60.0,82.0,82.0,93.0,99.5,0.29998016666640714,4,1
small-world/scale-free,200,8,161,122.0,187.0,145.0,145.0,189.0,189.0,157.0,99.5,0.29998016666640714,4,1
small-world/scale-free,200,8,162,122.0,183.0,158.0,154.0,188.0,188.0,144.0,99.5,0.29998016666640714,4,1
small-world/scale-free,200,8,163,84.0,141.0,123.0,123.0,134.0,134.0,112.0,99.5,0.29998016666640714,4,1
small-world/scale-free,200,8,164,122.0,200.0,187.0,186.0,200.0,200.0,122.0,99.5,0.29998016666640714,4,1
small-world/scale-free,200,8,165,122.0,130.0,156.0,161.0,136.0,136.0,185.0,99.5,0.29998016666640714,4,1
small-world/scale-free,200,8,166,84.0,199.0,163.0,159.0,199.0,199.0,85.0,99.5,0.29998016666640714,4,1
small-world/scale-free,200,8,167,122.0,168.0,176.0,175.0,173.0,173.0,163.0,99.5,0.29998016666640714,4,1
small-world/scale-free,200,8,168,122.0,50.0,119.0,124.0,59.0,59.0,188.0,99.5,0.29998016666640714,4,1
small-world/scale-free,200,8,169,122.0,182.0,142.0,144.0,181.0,181.0,129.0,99.5,0.29998016666640714,4,1
small-world/scale-free,200,8,170,122.0,192.0,188.0,189.0,193.0,193.0,143.0,99.5,0.29998016666640714,4,1
small-world/scale-free,200,8,171,122.0,124.0,152.0,160.0,131.0,131.0,178.0,99.5,0.29998016666640714,4,1
small-world/scale-free,200,8,172,122.0,91.0,124.0,120.0,97.0,97.0,168.0,99.5,0.29998016666640714,4,1
small-world/scale-free,200,8,173,122.0,195.0,138.0,137.0,195.0,195.0,124.0,99.5,0.29998016666640714,4,1
small-world/scale-free,200,8,174,122.0,161.0,106.0,101.0,167.0,167.0,137.0,99.5,0.29998016666640714,4,1
small-world/scale-free,200,8,175,122.0,174.0,165.0,163.0,178.0,178.0,142.0,99.5,0.29998016666640714,4,1
small-world/scale-free,200,8,176,122.0,146.0,114.0,115.0,152.0,152.0,159.0,99.5,0.29998016666640714,4,1
small-world/scale-free,200,8,177,122.0,148.0,136.0,130.0,157.0,157.0,145.0,99.5,0.29998016666640714,4,1
small-world/scale-free,200,8,178,122.0,197.0,126.0,117.0,196.0,196.0,126.0,99.5,0.29998016666640714,4,1
small-world/scale-free,200,8,179,122.0,154.0,185.0,184.0,158.0,158.0,177.0,99.5,0.29998016666640714,4,1
small-world/scale-free,200,8,180,84.0,174.0,103.0,108.0,169.0,169.0,97.0,99.5,0.29998016666640714,4,1
small-world/scale-free,200,8,181,122.0,83.0,154.0,157.0,90.0,90.0,189.0,99.5,0.29998016666640714,4,1
small-world/scale-free,200,8,182,122.0,163.0,164.0,162.0,174.0,174.0,162.0,99.5,0.29998016666640714,4,1
small-world/scale-free,200,8,183,122.0,118.0,198.0,198.0,122.0,122.0,179.0,99.5,0.29998016666640714,4,1
small-world/scale-free,200,8,184,122.0,185.0,149.0,148.0,185.0,185.0,131.0,99.5,0.29998016666640714,4,1
small-world/scale-free,200,8,185,122.0,186.0,180.0,182.0,191.0,191.0,130.0,99.5,0.29998016666640714,4,1
small-world/scale-free,200,8,186,122.0,131.0,140.0,143.0,141.0,141.0,170.0,99.5,0.29998016666640714,4,1
small-world/scale-free,200,8,187,122.0,98.0,78.0,74.0,104.0,104.0,140.0,99.5,0.29998016666640714,4,1
small-world/scale-free,200,8,188,122.0,146.0,133.0,132.0,143.0,143.0,161.0,99.5,0.29998016666640714,4,1
small-world/scale-free,200,8,189,84.0,29.0,83.0,93.0,33.0,33.0,117.0,99.5,0.29998016666640714,4,1
small-world/scale-free,200,8,190,122.0,139.0,155.0,158.0,142.0,142.0,139.0,99.5,0.29998016666640714,4,1
small-world/scale-free,200,8,191,122.0,198.0,157.0,153.0,198.0,198.0,123.0,99.5,0.29998016666640714,4,1
small-world/scale-free,200,8,192,122.0,178.0,169.0,170.0,179.0,179.0,148.0,99.5,0.29998016666640714,4,1
small-world/scale-free,200,8,193,122.0,41.0,147.0,147.0,54.0,54.0,200.0,99.5,0.29998016666640714,4,1
small-world/scale-free,200,8,194,122.0,168.0,181.0,181.0,172.0,172.0,149.0,99.5,0.29998016666640714,4,1
small-world/scale-free,200,8,195,122.0,95.0,190.0,188.0,106.0,106.0,175.0,99.5,0.29998016666640714,4,1
small-world/scale-free,200,8,196,122.0,178.0,97.0,97.0,177.0,177.0,136.0,99.5,0.29998016666640714,4,1
small-world/scale-free,200,8,197,122.0,101.0,100.0,114.0,99.0,99.0,180.0,99.5,0.29998016666640714,4,1
small-world/scale-free,200,8,198,122.0,196.0,179.0,179.0,197.0,197.0,134.0,99.5,0.29998016666640714,4,1
small-world/scale-free,200,8,199,122.0,77.0,194.0,192.0,94.0,94.0,182.0,99.5,0.29998016666640714,4,1
