small-world/scale-free,200,13,0,3.0,6.0,4.0,4.0,5.0,5.0,3.0,99.5,0.2966025884113159,4,1
small-world/scale-free,200,13,1,15.0,13.0,16.0,16.0,14.0,14.0,16.0,99.5,0.2966025884113159,4,1
small-world/scale-free,200,13,2,1.0,1.0,1.0,1.0,1.0,1.0,1.0,99.5,0.2966025884113159,4,1
small-world/scale-free,200,13,3,6.0,4.0,6.0,6.0,4.0,4.0,8.0,99.5,0.2966025884113159,4,1
small-world/scale-free,200,13,4,10.0,11.0,19.0,19.0,11.0,11.0,12.0,99.5,0.2966025884113159,4,1
small-world/scale-free,200,13,5,4.0,2.0,3.0,3.0,3.0,3.0,5.0,99.5,0.2966025884113159,4,1
small-world/scale-free,200,13,6,4.0,10.0,9.0,9.0,8.0,8.0,4.0,99.5,0.2966025884113159,4,1
small-world/scale-free,200,13,7,21.0,7.0,21.0,21.0,9.0,9.0,24.0,99.5,0.2966025884113159,4,1
small-world/scale-free,200,13,8,2.0,3.0,2.0,2.0,2.0,2.0,2.0,99.5,0.2966025884113159,4,1
small-world/scale-free,200,13,9,10.0,12.0,10.0,10.0,12.0,12.0,11.0,99.5,0.2966025884113159,4,1
small-world/scale-free,200,13,10,6.0,8.0,8.0,8.0,7.0,7.0,6.0,99.5,0.2966025884113159,4,1
small-world/scale-free,200,13,11,6.0,9.0,7.0,7.0,10.0,10.0,7.0,99.5,0.2966025884113159,4,1
small-world/scale-free,200,13,12,9.0,5.0,5.0,5.0,6.0,6.0,9.0,99.5,0.2966025884113159,4,1
small-world/scale-free,200,13,13,121.0,33.0,182.0,187.0,44.0,44.0,198.0,99.5,0.2966025884113159,4,1
small-world/scale-free,200,13,14,36.0,32.0,60.0,61.0,32.0,32.0,45.0,99.5,0.2966025884113159,4,1
small-world/scale-free,200,13,15,121.0,79.0,157.0,158.0,85.0,85.0,195.0,99.5,0.2966025884113159,4,1
small-world/scale-free,200,13,16,60.0,115.0,121.0,119.0,108.0,108.0,83.0,99.5,0.2966025884113159,4,1
small-world/scale-free,200,13,17,23.0,19.0,25.0,25.0,20.0,20.0,26.0,99.5,0.2966025884113159,4,1
small-world/scale-free,200,13,18,36.0,42.0,70.0,73.0,37.0,37.0,46.0,99.5,0.2966025884113159,4,1
small-world/scale-free,200,13,19,13.0,15.0,11.0,11.0,13.0,13.0,13.0,99.5,0.2966025884113159,4,1
small-world/scale-free,200,13,20,48.0,36.0,51.0,52.0,38.0,38.0,58.0,99.5,0.2966025884113159,4,1
small-world/scale-free,200,13,21,31.0,25.0,31.0,32.0,25.0,25.0,34.0,99.5,0.2966025884113159,4,1
small-world/scale-free,200,13,22,36.0,66.0,83.0,82.0,60.0,60.0,42.0,99.5,0.2966025884113159,4,1
small-world/scale-free,200,13,23,85.0,53.0,107.0,105.0,61.0,61.0,118.0,99.5,0.2966025884113159,4,1
small-world/scale-free,200,13,24,36.0,23.0,53.0,51.0,28.0,28.0,41.0,99.5,0.2966025884113159,4,1
small-world/scale-free,200,13,25,15.0,29.0,17.0,17.0,22.0,22.0,15.0,99.5,0.2966025884113159,4,1
small-world/scale-free,200,13,26,17.0,14.0,12.0,12.0,17.0,17.0,18.0,99.5,0.2966025884113159,4,1
small-world/scale-free,200,13,27,21.0,15.0,13.0,14.0,16.0,16.0,21.0,99.5,0.2966025884113159,4,1
small-world/scale-free,200,13,28,23.0,31.0,22.0,22.0,27.0,27.0,25.0,99.5,0.2966025884113159,4,1
small-world/scale-free,200,13,29,60.0,62.0,80.0,79.0,63.0,63.0,78.0,99.5,0.2966025884113159,4,1
small-world/scale-free,200,13,30,60.0,81.0,96.0,94.0,75.0,75.0,77.0,99.5,0.2966025884113159,4,1
small-world/scale-free,200,13,31,85.0,21.0,99.0,106.0,29.0,29.0,119.0,99.5,0.2966025884113159,4,1
small-world/scale-free,200,13,32,17.0,27.0,20.0,20.0,23.0,23.0,20.0,99.5,0.2966025884113159,4,1
small-world/scale-free,200,13,33,48.0,57.0,56.0,55.0,52.0,52.0,57.0,99.5,0.2966025884113159,4,1
small-world/scale-free,200,13,34,121.0,29.0,152.0,163.0,33.0,33.0,193.0,99.5,0.2966025884113159,4,1
small-world/scale-free,200,13,35,13.0,17.0,15.0,15.0,15.0,15.0,14.0,99.5,0.2966025884113159,4,1
small-world/scale-free,200,13,36,85.0,88.0,181.0,176.0,93.0,93.0,117.0,99.5,0.2966025884113159,4,1
small-world/scale-free,200,13,37,31.0,43.0,47.0,47.0,39.0,39.0,35.0,99.5,0.2966025884113159,4,1
small-world/scale-free,200,13,38,60.0,35.0,67.0,67.0,35.0,35.0,82.0,99.5,0.2966025884113159,4,1
small-world/scale-free,200,13,39,121.0,98.0,130.0,130.0,99.0,99.0,177.0,99.5,0.2966025884113159,4,1
small-world/scale-free,200,13,40,85.0,69.0,147.0,150.0,69.0,69.0,120.0,99.5,0.2966025884113159,4,1
small-world/scale-free,200,13,41,36.0,23.0,32.0,33.0,30.0,30.0,44.0,99.5,0.2966025884113159,4,1
small-world/scale-free,200,13,42,48.0,34.0,38.0,37.0,34.0,34.0,59.0,99.5,0.2966025884113159,4,1
small-world/scale-free,200,13,43,17.0,51.0,23.0,23.0,31.0,31.0,17.0,99.5,0.2966025884113159,4,1
small-world/scale-free,200,13,44,121.0,125.0,186.0,186.0,125.0,125.0,192.0,99.5,0.2966025884113159,4,1
small-world/scale-free,200,13,45,121.0,36.0,165.0,170.0,46.0,46.0,196.0,99.5,0.2966025884113159,4,1
small-world/scale-free,200,13,46,36.0,26.0,35.0,35.0,25.0,25.0,47.0,99.5,0.2966025884113159,4,1
small-world/scale-free,200,13,47,121.0,147.0,160.0,160.0,151.0,151.0,158.0,99.5,0.2966025884113159,4,1
small-world/scale-free,200,13,48,17.0,21.0,18.0,18.0,19.0,19.0,19.0,99.5,0.2966025884113159,4,1
small-world/scale-free,200,13,49,60.0,47.0,68.0,68.0,45.0,45.0,84.0,99.5,0.2966025884113159,4,1
small-world/scale-free,200,13,50,27.0,59.0,29.0,30.0,42.0,42.0,27.0,99.5,0.2966025884113159,4,1
small-world/scale-free,200,13,51,121.0,138.0,171.0,173.0,140.0,140.0,182.0,99.5,0.2966025884113159,4,1
small-world/scale-free,200,13,52,60.0,43.0,48.0,49.0,51.0,51.0,79.0,99.5,0.2966025884113159,4,1
small-world/scale-free,200,13,53,85.0,60.0,79.0,81.0,66.0,66.0,115.0,99.5,0.2966025884113159,4,1
small-world/scale-free,200,13,54,60.0,49.0,45.0,46.0,48.0,48.0,72.0,99.5,0.2966025884113159,4,1
small-world/scale-free,200,13,55,36.0,53.0,34.0,34.0,49.0,49.0,43.0,99.5,0.2966025884113159,4,1
small-world/scale-free,200,13,56,28.0,27.0,27.0,27.0,24.0,24.0,30.0,99.5,0.2966025884113159,4,1
small-world/scale-free,200,13,57,23.0,75.0,30.0,29.0,47.0,47.0,23.0,99.5,0.2966025884113159,4,1
small-world/scale-free,200,13,58,28.0,19.0,24.0,24.0,21.0,21.0,29.0,99.5,0.2966025884113159,4,1
small-world/scale-free,200,13,59,10.0,18.0,14.0,13.0,18.0,18.0,10.0,99.5,0.2966025884113159,4,1
small-world/scale-free,200,13,60,85.0,118.0,101.0,101.0,118.0,118.0,112.0,99.5,0.2966025884113159,4,1
small-world/scale-free,200,13,61,121.0,143.0,166.0,167.0,149.0,149.0,167.0,99.5,0.2966025884113159,4,1
small-world/scale-free,200,13,62,48.0,36.0,41.0,40.0,36.0,36.0,56.0,99.5,0.2966025884113159,4,1
small-world/scale-free,200,13,63,121.0,64.0,187.0,188.0,82.0,82.0,191.0,99.5,0.2966025884113159,4,1
small-world/scale-free,200,13,64,31.0,104.0,54.0,54.0,91.0,91.0,33.0,99.5,0.2966025884113159,4,1
small-world/scale-free,200,13,65,48.0,75.0,59.0,57.0,67.0,67.0,49.0,99.5,0.2966025884113159,4,1
small-world/scale-free,200,13,66,23.0,98.0,26.0,26.0,70.0,70.0,22.0,99.5,0.2966025884113159,4,1
small-world/scale-free,200,13,67,36.0,112.0,62.0,63.0,102.0,102.0,40.0,99.5,0.2966025884113159,4,1
small-world/scale-free,200,13,68,48.0,40.0,33.0,31.0,41.0,41.0,48.0,99.5,0.2966025884113159,4,1
small-world/scale-free,200,13,69,85.0,94.0,105.0,104.0,101.0,101.0,110.0,99.5,0.2966025884113159,4,1
small-world/scale-free,200,13,70,121.0,86.0,196.0,196.0,97.0,97.0,197.0,99.5,0.2966025884113159,4,1
small-world/scale-free,200,13,71,85.0,136.0,108.0,107.0,133.0,133.0,108.0,99.5,0.2966025884113159,4,1
small-world/scale-free,200,13,72,36.0,96.0,37.0,38.0,80.0,80.0,38.0,99.5,0.2966025884113159,4,1
small-world/scale-free,200,13,73,121.0,96.0,111.0,113.0,111.0,111.0,183.0,99.5,0.2966025884113159,4,1
small-world/scale-free,200,13,74,60.0,102.0,72.0,71.0,107.0,107.0,73.0,99.5,0.2966025884113159,4,1
small-world/scale-free,200,13,75,60.0,62.0,85.0,89.0,59.0,59.0,81.0,99.5,0.2966025884113159,4,1
small-world/scale-free,200,13,76,60.0,66.0,64.0,66.0,68.0,68.0,71.0,99.5,0.2966025884113159,4,1
small-world/scale-free,200,13,77,60.0,69.0,57.0,58.0,74.0,74.0,75.0,99.5,0.2966025884113159,4,1
small-world/scale-free,200,13,78,85.0,120.0,98.0,97.0,123.0,123.0,99.0,99.5,0.2966025884113159,4,1
small-world/scale-free,200,13,79,85.0,92.0,87.0,87.0,95.0,95.0,94.0,99.5,0.2966025884113159,4,1
small-world/scale-free,200,13,80,48.0,164.0,103.0,102.0,153.0,153.0,53.0,99.5,0.2966025884113159,4,1
small-world/scale-free,200,13,81,48.0,115.0,76.0,77.0,112.0,112.0,52.0,99.5,0.2966025884113159,4,1
small-world/scale-free,200,13,82,28.0,85.0,28.0,28.0,64.0,64.0,28.0,99.5,0.2966025884113159,4,1
small-world/scale-free,200,13,83,48.0,49.0,50.0,50.0,50.0,50.0,54.0,99.5,0.2966025884113159,4,1
small-world/scale-free,200,13,84,60.0,150.0,113.0,112.0,150.0,150.0,68.0,99.5,0.2966025884113159,4,1
small-world/scale-free,200,13,85,121.0,142.0,159.0,155.0,142.0,142.0,161.0,99.5,0.2966025884113159,4,1
small-world/scale-free,200,13,86,48.0,122.0,71.0,72.0,106.0,106.0,55.0,99.5,0.2966025884113159,4,1
small-world/scale-free,200,13,87,48.0,112.0,46.0,45.0,100.0,100.0,50.0,99.5,0.2966025884113159,4,1
small-world/scale-free,200,13,88,85.0,147.0,77.0,76.0,145.0,145.0,98.0,99.5,0.2966025884113159,4,1
small-world/scale-free,200,13,89,85.0,181.0,117.0,121.0,173.0,173.0,104.0,99.5,0.2966025884113159,4,1
small-world/scale-free,200,13,90,121.0,82.0,100.0,99.0,94.0,94.0,169.0,99.5,0.2966025884113159,4,1
small-world/scale-free,200,13,91,121.0,109.0,123.0,125.0,114.0,114.0,170.0,99.5,0.2966025884113159,4,1
small-world/scale-free,200,13,92,36.0,82.0,36.0,36.0,77.0,77.0,36.0,99.5,0.2966025884113159,4,1
small-world/scale-free,200,13,93,48.0,94.0,40.0,41.0,92.0,92.0,51.0,99.5,0.2966025884113159,4,1
small-world/scale-free,200,13,94,60.0,72.0,93.0,95.0,71.0,71.0,80.0,99.5,0.2966025884113159,4,1
small-world/scale-free,200,13,95,60.0,163.0,86.0,83.0,156.0,156.0,63.0,99.5,0.2966025884113159,4,1
small-world/scale-free,200,13,96,31.0,88.0,39.0,39.0,73.0,73.0,32.0,99.5,0.2966025884113159,4,1
small-world/scale-free,200,13,97,60.0,102.0,74.0,75.0,98.0,98.0,74.0,99.5,0.2966025884113159,4,1
small-world/scale-free,200,13,98,60.0,130.0,61.0,60.0,122.0,122.0,60.0,99.5,0.2966025884113159,4,1
small-world/scale-free,200,13,99,85.0,43.0,84.0,84.0,54.0,54.0,113.0,99.5,0.2966025884113159,4,1
small-world/scale-free,200,13,100,85.0,173.0,129.0,133.0,171.0,171.0,107.0,99.5,0.2966025884113159,4,1
small-world/scale-free,200,13,101,121.0,170.0,191.0,189.0,174.0,174.0,142.0,99.5,0.2966025884113159,4,1
small-world/scale-free,200,13,102,60.0,112.0,66.0,64.0,103.0,103.0,67.0,99.5,0.2966025884113159,4,1
small-world/scale-free,200,13,103,60.0,57.0,52.0,53.0,56.0,56.0,76.0,99.5,0.2966025884113159,4,1
small-world/scale-free,200,13,104,36.0,55.0,44.0,44.0,55.0,55.0,37.0,99.5,0.2966025884113159,4,1
small-world/scale-free,200,13,105,121.0,168.0,179.0,183.0,170.0,170.0,150.0,99.5,0.2966025884113159,4,1
small-world/scale-free,200,13,106,85.0,194.0,175.0,171.0,193.0,193.0,91.0,99.5,0.2966025884113159,4,1
small-world/scale-free,200,13,107,85.0,145.0,97.0,98.0,146.0,146.0,106.0,99.5,0.2966025884113159,4,1
small-world/scale-free,200,13,108,85.0,69.0,128.0,128.0,78.0,78.0,116.0,99.5,0.2966025884113159,4,1
small-world/scale-free,200,13,109,85.0,155.0,92.0,93.0,159.0,159.0,87.0,99.5,0.2966025884113159,4,1
small-world/scale-free,200,13,110,60.0,165.0,110.0,114.0,165.0,165.0,65.0,99.5,0.2966025884113159,4,1
small-world/scale-free,200,13,111,85.0,186.0,145.0,141.0,184.0,184.0,88.0,99.5,0.2966025884113159,4,1
small-world/scale-free,200,13,112,121.0,82.0,89.0,90.0,88.0,88.0,160.0,99.5,0.2966025884113159,4,1
small-world/scale-free,200,13,113,60.0,111.0,65.0,65.0,110.0,110.0,70.0,99.5,0.2966025884113159,4,1
small-world/scale-free,200,13,114,121.0,122.0,156.0,156.0,129.0,129.0,181.0,99.5,0.2966025884113159,4,1
small-world/scale-free,200,13,115,121.0,109.0,177.0,180.0,113.0,113.0,178.0,99.5,0.2966025884113159,4,1
small-world/scale-free,200,13,116,121.0,136.0,188.0,185.0,141.0,141.0,152.0,99.5,0.2966025884113159,4,1
small-world/scale-free,200,13,117,60.0,92.0,55.0,56.0,86.0,86.0,69.0,99.5,0.2966025884113159,4,1
small-world/scale-free,200,13,118,121.0,182.0,170.0,169.0,179.0,179.0,141.0,99.5,0.2966025884113159,4,1
small-world/scale-free,200,13,119,121.0,122.0,124.0,124.0,127.0,127.0,185.0,99.5,0.2966025884113159,4,1
small-world/scale-free,200,13,120,121.0,190.0,162.0,159.0,191.0,191.0,129.0,99.5,0.2966025884113159,4,1
small-world/scale-free,200,13,121,36.0,72.0,88.0,86.0,65.0,65.0,39.0,99.5,0.2966025884113159,4,1
small-world/scale-free,200,13,122,85.0,125.0,73.0,74.0,124.0,124.0,100.0,99.5,0.2966025884113159,4,1
small-world/scale-free,200,13,123,60.0,172.0,104.0,100.0,167.0,167.0,64.0,99.5,0.2966025884113159,4,1
small-world/scale-free,200,13,124,121.0,183.0,132.0,132.0,185.0,185.0,131.0,99.5,0.2966025884113159,4,1
small-world/scale-free,200,13,125,31.0,46.0,43.0,43.0,40.0,40.0,31.0,99.5,0.2966025884113159,4,1
small-world/scale-free,200,13,126,60.0,150.0,75.0,70.0,148.0,148.0,62.0,99.5,0.2966025884113159,4,1
small-world/scale-free,200,13,127,121.0,192.0,192.0,193.0,192.0,192.0,149.0,99.5,0.2966025884113159,4,1
small-world/scale-free,200,13,128,121.0,176.0,174.0,175.0,178.0,178.0,147.0,99.5,0.2966025884113159,4,1
small-world/scale-free,200,13,129,85.0,120.0,63.0,62.0,120.0,120.0,90.0,99.5,0.2966025884113159,4,1
small-world/scale-free,200,13,130,121.0,51.0,154.0,151.0,58.0,58.0,188.0,99.5,0.2966025884113159,4,1
small-world/scale-free,200,13,131,121.0,175.0,140.0,135.0,175.0,175.0,163.0,99.5,0.2966025884113159,4,1
small-world/scale-free,200,13,132,85.0,155.0,151.0,149.0,155.0,155.0,93.0,99.5,0.2966025884113159,4,1
small-world/scale-free,200,13,133,121.0,86.0,169.0,168.0,89.0,89.0,175.0,99.5,0.2966025884113159,4,1
small-world/scale-free,200,13,134,121.0,184.0,176.0,174.0,188.0,188.0,133.0,99.5,0.2966025884113159,4,1
small-world/scale-free,200,13,135,85.0,134.0,137.0,134.0,130.0,130.0,105.0,99.5,0.2966025884113159,4,1
small-world/scale-free,200,13,136,60.0,119.0,49.0,48.0,116.0,116.0,61.0,99.5,0.2966025884113159,4,1
small-world/scale-free,200,13,137,85.0,143.0,91.0,88.0,138.0,138.0,97.0,99.5,0.2966025884113159,4,1
small-world/scale-free,200,13,138,85.0,90.0,82.0,85.0,90.0,90.0,103.0,99.5,0.2966025884113159,4,1
small-world/scale-free,200,13,139,121.0,155.0,119.0,115.0,163.0,163.0,138.0,99.5,0.2966025884113159,4,1
small-world/scale-free,200,13,140,121.0,140.0,150.0,153.0,139.0,139.0,156.0,99.5,0.2966025884113159,4,1
small-world/scale-free,200,13,141,85.0,161.0,81.0,80.0,158.0,158.0,89.0,99.5,0.2966025884113159,4,1
small-world/scale-free,200,13,142,85.0,150.0,118.0,116.0,147.0,147.0,102.0,99.5,0.2966025884113159,4,1
small-world/scale-free,200,13,143,121.0,169.0,172.0,172.0,169.0,169.0,136.0,99.5,0.2966025884113159,4,1
small-world/scale-free,200,13,144,85.0,127.0,78.0,78.0,131.0,131.0,95.0,99.5,0.2966025884113159,4,1
small-world/scale-free,200,13,145,85.0,130.0,141.0,138.0,135.0,135.0,101.0,99.5,0.2966025884113159,4,1
small-world/scale-free,200,13,146,121.0,105.0,153.0,148.0,114.0,114.0,154.0,99.5,0.2966025884113159,4,1
small-world/scale-free,200,13,147,121.0,90.0,126.0,137.0,96.0,96.0,166.0,99.5,0.2966025884113159,4,1
small-world/scale-free,200,13,148,121.0,68.0,106.0,108.0,83.0,83.0,176.0,99.5,0.2966025884113159,4,1
small-world/scale-free,200,13,149,121.0,100.0,90.0,91.0,109.0,109.0,155.0,99.5,0.2966025884113159,4,1
small-world/scale-free,200,13,150,121.0,199.0,155.0,157.0,198.0,198.0,124.0,99.5,0.2966025884113159,4,1
small-world/scale-free,200,13,151,85.0,74.0,95.0,96.0,81.0,81.0,111.0,99.5,0.2966025884113159,4,1
small-world/scale-free,200,13,152,121.0,176.0,136.0,129.0,180.0,180.0,122.0,99.5,0.2966025884113159,4,1
small-world/scale-free,200,13,153,121.0,80.0,102.0,103.0,87.0,87.0,171.0,99.5,0.2966025884113159,4,1
small-world/scale-free,200,13,154,85.0,189.0,133.0,131.0,186.0,186.0,86.0,99.5,0.2966025884113159,4,1
small-world/scale-free,200,13,155,121.0,195.0,164.0,162.0,197.0,197.0,127.0,99.5,0.2966025884113159,4,1
small-world/scale-free,200,13,156,121.0,47.0,134.0,147.0,62.0,62.0,189.0,99.5,0.2966025884113159,4,1
small-world/scale-free,200,13,157,121.0,140.0,116.0,117.0,144.0,144.0,172.0,99.5,0.2966025884113159,4,1
small-world/scale-free,200,13,158,85.0,56.0,69.0,69.0,57.0,57.0,114.0,99.5,0.2966025884113159,4,1
small-world/scale-free,200,13,159,121.0,195.0,190.0,191.0,194.0,194.0,146.0,99.5,0.2966025884113159,4,1
small-world/scale-free,200,13,160,121.0,134.0,125.0,123.0,135.0,135.0,139.0,99.5,0.2966025884113159,4,1
small-world/scale-free,200,13,161,200.0,161.0,196.0,196.0,164.0,164.0,200.0,99.5,0.2966025884113159,4,1
small-world/scale-free,200,13,162,121.0,115.0,115.0,118.0,121.0,121.0,164.0,99.5,0.2966025884113159,4,1
small-world/scale-free,200,13,163,85.0,130.0,122.0,120.0,132.0,132.0,109.0,99.5,0.2966025884113159,4,1
small-world/scale-free,200,13,164,121.0,127.0,163.0,164.0,126.0,126.0,186.0,99.5,0.2966025884113159,4,1
small-world/scale-free,200,13,165,121.0,64.0,127.0,126.0,76.0,76.0,194.0,99.5,0.2966025884113159,4,1
small-world/scale-free,200,13,166,121.0,40.0,173.0,177.0,53.0,53.0,199.0,99.5,0.2966025884113159,4,1
small-world/scale-free,200,13,167,121.0,154.0,184.0,181.0,154.0,154.0,168.0,99.5,0.2966025884113159,4,1
small-world/scale-free,200,13,168,121.0,197.0,195.0,195.0,196.0,196.0,143.0,99.5,0.2966025884113159,4,1
small-world/scale-free,200,13,169,121.0,160.0,146.0,142.0,161.0,161.0,157.0,99.5,0.2966025884113159,4,1
small-world/scale-free,200,13,170,60.0,138.0,58.0,59.0,134.0,134.0,66.0,99.5,0.2966025884113159,4,1
small-world/scale-free,200,13,171,121.0,105.0,183.0,182.0,104.0,104.0,174.0,99.5,0.2966025884113159,4,1
small-world/scale-free,200,13,172,121.0,105.0,185.0,184.0,104.0,104.0,184.0,99.5,0.2966025884113159,4,1
small-world/scale-free,200,13,173,85.0,178.0,94.0,92.0,176.0,176.0,85.0,99.5,0.2966025884113159,4,1
small-world/scale-free,200,13,174,121.0,193.0,158.0,154.0,195.0,195.0,132.0,99.5,0.2966025884113159,4,1
small-world/scale-free,200,13,175,121.0,184.0,196.0,196.0,183.0,183.0,134.0,99.5,0.2966025884113159,4,1
small-world/scale-free,200,13,176,121.0,105.0,138.0,144.0,117.0,117.0,180.0,99.5,0.2966025884113159,4,1
small-world/scale-free,200,13,177,121.0,100.0,180.0,179.0,119.0,119.0,173.0,99.5,0.2966025884113159,4,1
small-world/scale-free,200,13,178,121.0,198.0,149.0,146.0,199.0,199.0,121.0,99.5,0.2966025884113159,4,1
small-world/scale-free,200,13,179,121.0,179.0,135.0,127.0,182.0,182.0,125.0,99.5,0.2966025884113159,4,1
small-world/scale-free,200,13,180,85.0,78.0,42.0,42.0,79.0,79.0,92.0,99.5,0.2966025884113159,4,1
small-world/scale-free,200,13,181,121.0,150.0,112.0,111.0,162.0,162.0,137.0,99.5,0.2966025884113159,4,1
small-world/scale-free,200,13,182,121.0,188.0,193.0,192.0,187.0,187.0,145.0,99.5,0.2966025884113159,4,1
small-world/scale-free,200,13,183,85.0,147.0,168.0,165.0,152.0,152.0,96.0,99.5,0.2966025884113159,4,1
small-world/scale-free,200,13,184,121.0,200.0,196.0,196.0,200.0,200.0,130.0,99.5,0.2966025884113159,4,1
small-world/scale-free,200,13,185,121.0,155.0,167.0,166.0,159.0,159.0,162.0,99.5,0.2966025884113159,4,1
small-world/scale-free,200,13,186,121.0,179.0,114.0,109.0,181.0,181.0,123.0,99.5,0.2966025884113159,4,1
small-world/scale-free,200,13,187,121.0,155.0,148.0,145.0,157.0,157.0,148.0,99.5,0.2966025884113159,4,1
small-world/scale-free,200,13,188,121.0,191.0,161.0,161.0,190.0,190.0,128.0,99.5,0.2966025884113159,4,1
small-world/scale-free,200,13,189,121.0,75.0,143.0,152.0,84.0,84.0,179.0,99.5,0.2966025884113159,4,1
small-world/scale-free,200,13,190,121.0,171.0,194.0,194.0,172.0,172.0,140.0,99.5,0.2966025884113159,4,1
small-world/scale-free,200,13,191,121.0,186.0,178.0,178.0,189.0,189.0,135.0,99.5,0.2966025884113159,4,1
small-world/scale-free,200,13,192,121.0,39.0,109.0,110.0,43.0,43.0,190.0,99.5,0.2966025884113159,4,1
small-world/scale-free,200,13,193,121.0,165.0,120.0,122.0,166.0,166.0,151.0,99.5,0.2966025884113159,4,1
small-world/scale-free,200,13,194,121.0,173.0,142.0,140.0,177.0,177.0,126.0,99.5,0.2966025884113159,4,1
small-world/scale-free,200,13,195,121.0,61.0,189.0,190.0,72.0,72.0,187.0,99.5,0.2966025884113159,4,1
small-world/scale-free,200,13,196,121.0,165.0,144.0,143.0,168.0,168.0,144.0,99.5,0.2966025884113159,4,1
small-world/scale-free,200,13,197,121.0,130.0,139.0,139.0,137.0,137.0,153.0,99.5,0.2966025884113159,4,1
small-world/scale-free,200,13,198,121.0,146.0,196.0,196.0,143.0,143.0,165.0,99.5,0.2966025884113159,4,1
small-world/scale-free,200,13,199,121.0,127.0,131.0,136.0,128.0,128.0,159.0,99.5,0.2966025884113159,4,1
small-world/scale-free,200,14,0,4.0,4.0,5.0,5.0,4.0,4.0,6.0,99.5,0.2926343196634255,4,1
small-world/scale-free,200,14,1,13.0,28.0,22.0,22.0,21.0,21.0,15.0,99.5,0.2926343196634255,4,1
small-world/scale-free,200,14,2,20.0,19.0,32.0,32.0,18.0,18.0,23.0,99.5,0.2926343196634255,4,1
small-world/scale-free,200,14,3,1.0,1.0,1.0,1.0,1.0,1.0,1.0,99.5,0.2926343196634255,4,1
small-world/scale-free,200,14,4,17.0,10.0,21.0,21.0,12.0,12.0,19.0,99.5,0.2926343196634255,4,1
small-world/scale-free,200,14,5,24.0,9.0,23.0,23.0,10.0,10.0,31.0,99.5,0.2926343196634255,4,1
small-world/scale-free,200,14,6,3.0,2.0,3.0,3.0,3.0,3.0,3.0,99.5,0.2926343196634255,4,1
small-world/scale-free,200,14,7,24.0,16.0,57.0,55.0,20.0,20.0,29.0,99.5,0.2926343196634255,4,1
small-world/scale-free,200,14,8,8.0,7.0,8.0,8.0,8.0,8.0,8.0,99.5,0.2926343196634255,4,1
small-world/scale-free,200,14,9,2.0,3.0,2.0,2.0,2.0,2.0,2.0,99.5,0.2926343196634255,4,1
small-world/scale-free,200,14,10,6.0,8.0,6.0,6.0,7.0,7.0,7.0,99.5,0.2926343196634255,4,1
small-world/scale-free,200,14,11,16.0,30.0,14.0,13.0,23.0,23.0,16.0,99.5,0.2926343196634255,4,1
small-world/scale-free,200,14,12,30.0,12.0,50.0,51.0,16.0,16.0,38.0,99.5,0.2926343196634255,4,1
small-world/scale-free,200,14,13,30.0,47.0,25.0,26.0,42.0,42.0,33.0,99.5,0.2926343196634255,4,1
small-world/scale-free,200,14,14,64.0,21.0,65.0,66.0,25.0,25.0,82.0,99.5,0.2926343196634255,4,1
small-world/scale-free,200,14,15,116.0,59.0,182.0,185.0,63.0,63.0,197.0,99.5,0.2926343196634255,4,1
small-world/scale-free,200,14,16,6.0,5.0,7.0,7.0,5.0,5.0,5.0,99.5,0.2926343196634255,4,1
small-world/scale-free,200,14,17,11.0,12.0,11.0,11.0,11.0,11.0,11.0,99.5,0.2926343196634255,4,1
small-world/scale-free,200,14,18,10.0,14.0,10.0,10.0,13.0,13.0,10.0,99.5,0.2926343196634255,4,1
small-world/scale-free,200,14,19,49.0,15.0,28.0,30.0,22.0,22.0,63.0,99.5,0.2926343196634255,4,1
small-world/scale-free,200,14,20,20.0,19.0,15.0,15.0,19.0,19.0,21.0,99.5,0.2926343196634255,4,1
small-world/scale-free,200,14,21,39.0,47.0,45.0,42.0,45.0,45.0,44.0,99.5,0.2926343196634255,4,1
small-world/scale-free,200,14,22,30.0,32.0,41.0,40.0,29.0,29.0,37.0,99.5,0.2926343196634255,4,1
small-world/scale-free,200,14,23,49.0,33.0,81.0,81.0,39.0,39.0,61.0,99.5,0.2926343196634255,4,1
small-world/scale-free,200,14,24,20.0,24.0,19.0,20.0,24.0,24.0,22.0,99.5,0.2926343196634255,4,1
small-world/scale-free,200,14,25,24.0,39.0,36.0,36.0,33.0,33.0,27.0,99.5,0.2926343196634255,4,1
small-world/scale-free,200,14,26,4.0,6.0,4.0,4.0,6.0,6.0,4.0,99.5,0.2926343196634255,4,1
small-world/scale-free,200,14,27,17.0,17.0,16.0,17.0,17.0,17.0,18.0,99.5,0.2926343196634255,4,1
small-world/scale-free,200,14,28,17.0,17.0,13.0,16.0,15.0,15.0,17.0,99.5,0.2926343196634255,4,1
small-world/scale-free,200,14,29,64.0,51.0,92.0,94.0,51.0,51.0,83.0,99.5,0.2926343196634255,4,1
small-world/scale-free,200,14,30,13.0,23.0,12.0,12.0,14.0,14.0,13.0,99.5,0.2926343196634255,4,1
small-world/scale-free,200,14,31,39.0,33.0,47.0,47.0,34.0,34.0,45.0,99.5,0.2926343196634255,4,1
small-world/scale-free,200,14,32,9.0,11.0,9.0,9.0,9.0,9.0,9.0,99.5,0.2926343196634255,4,1
small-world/scale-free,200,14,33,49.0,52.0,54.0,57.0,56.0,56.0,62.0,99.5,0.2926343196634255,4,1
small-world/scale-free,200,14,34,30.0,69.0,35.0,34.0,60.0,60.0,32.0,99.5,0.2926343196634255,4,1
small-world/scale-free,200,14,35,86.0,159.0,119.0,116.0,158.0,158.0,104.0,99.5,0.2926343196634255,4,1
small-world/scale-free,200,14,36,49.0,26.0,33.0,33.0,30.0,30.0,52.0,99.5,0.2926343196634255,4,1
small-world/scale-free,200,14,37,64.0,39.0,70.0,71.0,46.0,46.0,85.0,99.5,0.2926343196634255,4,1
small-world/scale-free,200,14,38,30.0,31.0,44.0,43.0,28.0,28.0,34.0,99.5,0.2926343196634255,4,1
small-world/scale-free,200,14,39,86.0,21.0,117.0,119.0,27.0,27.0,115.0,99.5,0.2926343196634255,4,1
small-world/scale-free,200,14,40,39.0,61.0,53.0,53.0,55.0,55.0,47.0,99.5,0.2926343196634255,4,1
small-world/scale-free,200,14,41,49.0,71.0,71.0,73.0,66.0,66.0,58.0,99.5,0.2926343196634255,4,1
small-world/scale-free,200,14,42,49.0,55.0,43.0,45.0,53.0,53.0,59.0,99.5,0.2926343196634255,4,1
small-world/scale-free,200,14,43,49.0,57.0,40.0,41.0,52.0,52.0,53.0,99.5,0.2926343196634255,4,1
small-world/scale-free,200,14,44,116.0,81.0,191.0,190.0,82.0,82.0,190.0,99.5,0.2926343196634255,4,1
small-world/scale-free,200,14,45,39.0,29.0,48.0,49.0,32.0,32.0,48.0,99.5,0.2926343196634255,4,1
small-world/scale-free,200,14,46,20.0,42.0,20.0,19.0,36.0,36.0,20.0,99.5,0.2926343196634255,4,1
small-world/scale-free,200,14,47,116.0,57.0,197.0,197.0,61.0,61.0,191.0,99.5,0.2926343196634255,4,1
small-world/scale-free,200,14,48,24.0,44.0,38.0,39.0,38.0,38.0,26.0,99.5,0.2926343196634255,4,1
small-world/scale-free,200,14,49,86.0,144.0,93.0,91.0,146.0,146.0,97.0,99.5,0.2926343196634255,4,1
small-world/scale-free,200,14,50,39.0,102.0,60.0,59.0,85.0,85.0,43.0,99.5,0.2926343196634255,4,1
small-world/scale-free,200,14,51,30.0,46.0,37.0,37.0,43.0,43.0,35.0,99.5,0.2926343196634255,4,1
small-world/scale-free,200,14,52,64.0,36.0,42.0,44.0,39.0,39.0,84.0,99.5,0.2926343196634255,4,1
small-world/scale-free,200,14,53,39.0,101.0,64.0,65.0,86.0,86.0,46.0,99.5,0.2926343196634255,4,1
small-world/scale-free,200,14,54,39.0,102.0,52.0,52.0,94.0,94.0,42.0,99.5,0.2926343196634255,4,1
small-world/scale-free,200,14,55,64.0,114.0,101.0,99.0,116.0,116.0,73.0,99.5,0.2926343196634255,4,1
small-world/scale-free,200,14,56,86.0,136.0,130.0,128.0,139.0,139.0,109.0,99.5,0.2926343196634255,4,1
small-world/scale-free,200,14,57,12.0,38.0,17.0,14.0,26.0,26.0,12.0,99.5,0.2926343196634255,4,1
small-world/scale-free,200,14,58,30.0,41.0,26.0,25.0,41.0,41.0,30.0,99.5,0.2926343196634255,4,1
small-world/scale-free,200,14,59,86.0,169.0,134.0,135.0,168.0,168.0,96.0,99.5,0.2926343196634255,4,1
small-world/scale-free,200,14,60,116.0,107.0,196.0,196.0,110.0,110.0,179.0,99.5,0.2926343196634255,4,1
small-world/scale-free,200,14,61,49.0,91.0,55.0,56.0,87.0,87.0,56.0,99.5,0.2926343196634255,4,1
small-world/scale-free,200,14,62,116.0,33.0,176.0,175.0,48.0,48.0,195.0,99.5,0.2926343196634255,4,1
small-world/scale-free,200,14,63,64.0,121.0,78.0,76.0,118.0,118.0,76.0,99.5,0.2926343196634255,4,1
small-world/scale-free,200,14,64,116.0,117.0,121.0,126.0,121.0,121.0,170.0,99.5,0.2926343196634255,4,1
small-world/scale-free,200,14,65,24.0,55.0,27.0,27.0,44.0,44.0,25.0,99.5,0.2926343196634255,4,1
small-world/scale-free,200,14,66,49.0,135.0,59.0,58.0,131.0,131.0,49.0,99.5,0.2926343196634255,4,1
small-world/scale-free,200,14,67,116.0,98.0,120.0,120.0,107.0,107.0,166.0,99.5,0.2926343196634255,4,1
small-world/scale-free,200,14,68,116.0,50.0,139.0,148.0,57.0,57.0,194.0,99.5,0.2926343196634255,4,1
small-world/scale-free,200,14,69,64.0,93.0,126.0,121.0,96.0,96.0,78.0,99.5,0.2926343196634255,4,1
small-world/scale-free,200,14,70,86.0,77.0,89.0,92.0,73.0,73.0,113.0,99.5,0.2926343196634255,4,1
small-world/scale-free,200,14,71,116.0,112.0,122.0,123.0,115.0,115.0,169.0,99.5,0.2926343196634255,4,1
small-world/scale-free,200,14,72,30.0,53.0,30.0,31.0,50.0,50.0,36.0,99.5,0.2926343196634255,4,1
small-world/scale-free,200,14,73,13.0,59.0,18.0,18.0,37.0,37.0,14.0,99.5,0.2926343196634255,4,1
small-world/scale-free,200,14,74,49.0,63.0,46.0,46.0,65.0,65.0,60.0,99.5,0.2926343196634255,4,1
small-world/scale-free,200,14,75,64.0,132.0,108.0,105.0,124.0,124.0,77.0,99.5,0.2926343196634255,4,1
small-world/scale-free,200,14,76,86.0,114.0,116.0,117.0,116.0,116.0,108.0,99.5,0.2926343196634255,4,1
small-world/scale-free,200,14,77,49.0,107.0,72.0,75.0,100.0,100.0,55.0,99.5,0.2926343196634255,4,1
small-world/scale-free,200,14,78,64.0,68.0,66.0,67.0,64.0,64.0,69.0,99.5,0.2926343196634255,4,1
small-world/scale-free,200,14,79,49.0,65.0,39.0,38.0,62.0,62.0,54.0,99.5,0.2926343196634255,4,1
small-world/scale-free,200,14,80,39.0,123.0,56.0,54.0,113.0,113.0,39.0,99.5,0.2926343196634255,4,1
small-world/scale-free,200,14,81,30.0,114.0,29.0,28.0,108.0,108.0,28.0,99.5,0.2926343196634255,4,1
small-world/scale-free,200,14,82,116.0,165.0,135.0,131.0,170.0,170.0,143.0,99.5,0.2926343196634255,4,1
small-world/scale-free,200,14,83,116.0,62.0,149.0,157.0,69.0,69.0,178.0,99.5,0.2926343196634255,4,1
small-world/scale-free,200,14,84,116.0,145.0,118.0,118.0,141.0,141.0,181.0,99.5,0.2926343196634255,4,1
small-world/scale-free,200,14,85,116.0,25.0,125.0,134.0,35.0,35.0,198.0,99.5,0.2926343196634255,4,1
small-world/scale-free,200,14,86,64.0,44.0,51.0,50.0,49.0,49.0,81.0,99.5,0.2926343196634255,4,1
small-world/scale-free,200,14,87,64.0,94.0,69.0,68.0,93.0,93.0,75.0,99.5,0.2926343196634255,4,1
small-world/scale-free,200,14,88,64.0,186.0,103.0,100.0,181.0,181.0,64.0,99.5,0.2926343196634255,4,1
small-world/scale-free,200,14,89,116.0,69.0,140.0,144.0,72.0,72.0,186.0,99.5,0.2926343196634255,4,1
small-world/scale-free,200,14,90,64.0,136.0,114.0,114.0,128.0,128.0,72.0,99.5,0.2926343196634255,4,1
small-world/scale-free,200,14,91,24.0,105.0,34.0,35.0,83.0,83.0,24.0,99.5,0.2926343196634255,4,1
small-world/scale-free,200,14,92,116.0,65.0,169.0,177.0,70.0,70.0,192.0,99.5,0.2926343196634255,4,1
small-world/scale-free,200,14,93,116.0,53.0,160.0,164.0,59.0,59.0,193.0,99.5,0.2926343196634255,4,1
small-world/scale-free,200,14,94,64.0,86.0,61.0,63.0,80.0,80.0,70.0,99.5,0.2926343196634255,4,1
small-world/scale-free,200,14,95,116.0,74.0,179.0,178.0,75.0,75.0,189.0,99.5,0.2926343196634255,4,1
small-world/scale-free,200,14,96,86.0,94.0,112.0,111.0,99.0,99.0,101.0,99.5,0.2926343196634255,4,1
small-world/scale-free,200,14,97,86.0,168.0,102.0,104.0,164.0,164.0,94.0,99.5,0.2926343196634255,4,1
small-world/scale-free,200,14,98,116.0,176.0,180.0,176.0,173.0,173.0,144.0,99.5,0.2926343196634255,4,1
small-world/scale-free,200,14,99,86.0,143.0,86.0,85.0,144.0,144.0,95.0,99.5,0.2926343196634255,4,1
small-world/scale-free,200,14,100,64.0,91.0,68.0,72.0,95.0,95.0,79.0,99.5,0.2926343196634255,4,1
small-world/scale-free,200,14,101,86.0,157.0,104.0,102.0,157.0,157.0,93.0,99.5,0.2926343196634255,4,1
small-world/scale-free,200,14,102,116.0,171.0,184.0,180.0,177.0,177.0,127.0,99.5,0.2926343196634255,4,1
small-world/scale-free,200,14,103,49.0,27.0,24.0,24.0,31.0,31.0,57.0,99.5,0.2926343196634255,4,1
small-world/scale-free,200,14,104,64.0,71.0,88.0,87.0,74.0,74.0,80.0,99.5,0.2926343196634255,4,1
small-world/scale-free,200,14,105,86.0,37.0,95.0,98.0,47.0,47.0,112.0,99.5,0.2926343196634255,4,1
small-world/scale-free,200,14,106,116.0,125.0,138.0,138.0,126.0,126.0,175.0,99.5,0.2926343196634255,4,1
small-world/scale-free,200,14,107,86.0,88.0,74.0,70.0,92.0,92.0,106.0,99.5,0.2926343196634255,4,1
small-world/scale-free,200,14,108,116.0,89.0,113.0,113.0,98.0,98.0,160.0,99.5,0.2926343196634255,4,1
small-world/scale-free,200,14,109,64.0,136.0,87.0,86.0,136.0,136.0,67.0,99.5,0.2926343196634255,4,1
small-world/scale-free,200,14,110,64.0,83.0,58.0,60.0,84.0,84.0,68.0,99.5,0.2926343196634255,4,1
small-world/scale-free,200,14,111,116.0,89.0,187.0,187.0,102.0,102.0,196.0,99.5,0.2926343196634255,4,1
small-world/scale-free,200,14,112,64.0,74.0,75.0,74.0,77.0,77.0,74.0,99.5,0.2926343196634255,4,1
small-world/scale-free,200,14,113,116.0,182.0,158.0,158.0,184.0,184.0,133.0,99.5,0.2926343196634255,4,1
small-world/scale-free,200,14,114,86.0,127.0,84.0,83.0,122.0,122.0,99.0,99.5,0.2926343196634255,4,1
small-world/scale-free,200,14,115,86.0,189.0,100.0,97.0,188.0,188.0,88.0,99.5,0.2926343196634255,4,1
small-world/scale-free,200,14,116,116.0,188.0,132.0,132.0,187.0,187.0,135.0,99.5,0.2926343196634255,4,1
small-world/scale-free,200,14,117,86.0,136.0,77.0,78.0,136.0,136.0,92.0,99.5,0.2926343196634255,4,1
small-world/scale-free,200,14,118,86.0,98.0,62.0,62.0,101.0,101.0,90.0,99.5,0.2926343196634255,4,1
small-world/scale-free,200,14,119,116.0,121.0,167.0,167.0,125.0,125.0,176.0,99.5,0.2926343196634255,4,1
small-world/scale-free,200,14,120,116.0,105.0,133.0,136.0,105.0,105.0,172.0,99.5,0.2926343196634255,4,1
small-world/scale-free,200,14,121,39.0,79.0,49.0,48.0,71.0,71.0,41.0,99.5,0.2926343196634255,4,1
small-world/scale-free,200,14,122,64.0,111.0,96.0,93.0,111.0,111.0,71.0,99.5,0.2926343196634255,4,1
small-world/scale-free,200,14,123,116.0,172.0,170.0,170.0,167.0,167.0,157.0,99.5,0.2926343196634255,4,1
small-world/scale-free,200,14,124,116.0,176.0,147.0,139.0,179.0,179.0,118.0,99.5,0.2926343196634255,4,1
small-world/scale-free,200,14,125,116.0,84.0,197.0,197.0,88.0,88.0,188.0,99.5,0.2926343196634255,4,1
small-world/scale-free,200,14,126,116.0,148.0,97.0,96.0,150.0,150.0,131.0,99.5,0.2926343196634255,4,1
small-world/scale-free,200,14,127,200.0,145.0,197.0,197.0,152.0,152.0,200.0,99.5,0.2926343196634255,4,1
small-world/scale-free,200,14,128,116.0,165.0,156.0,149.0,172.0,172.0,120.0,99.5,0.2926343196634255,4,1
small-world/scale-free,200,14,129,64.0,156.0,80.0,79.0,151.0,151.0,66.0,99.5,0.2926343196634255,4,1
small-world/scale-free,200,14,130,86.0,63.0,129.0,130.0,68.0,68.0,114.0,99.5,0.2926343196634255,4,1
small-world/scale-free,200,14,131,86.0,197.0,109.0,108.0,196.0,196.0,86.0,99.5,0.2926343196634255,4,1
small-world/scale-free,200,14,132,116.0,169.0,161.0,160.0,169.0,169.0,137.0,99.5,0.2926343196634255,4,1
small-world/scale-free,200,14,133,116.0,98.0,106.0,109.0,104.0,104.0,150.0,99.5,0.2926343196634255,4,1
small-world/scale-free,200,14,134,86.0,161.0,111.0,110.0,162.0,162.0,100.0,99.5,0.2926343196634255,4,1
small-world/scale-free,200,14,135,116.0,184.0,197.0,197.0,185.0,185.0,139.0,99.5,0.2926343196634255,4,1
small-world/scale-free,200,14,136,86.0,145.0,83.0,82.0,144.0,144.0,98.0,99.5,0.2926343196634255,4,1
small-world/scale-free,200,14,137,86.0,159.0,153.0,153.0,158.0,158.0,102.0,99.5,0.2926343196634255,4,1
small-world/scale-free,200,14,138,86.0,97.0,98.0,106.0,103.0,103.0,107.0,99.5,0.2926343196634255,4,1
small-world/scale-free,200,14,139,86.0,178.0,164.0,163.0,174.0,174.0,89.0,99.5,0.2926343196634255,4,1
small-world/scale-free,200,14,140,86.0,117.0,79.0,80.0,114.0,114.0,110.0,99.5,0.2926343196634255,4,1
small-world/scale-free,200,14,141,49.0,167.0,91.0,89.0,161.0,161.0,51.0,99.5,0.2926343196634255,4,1
small-world/scale-free,200,14,142,64.0,129.0,67.0,64.0,127.0,127.0,65.0,99.5,0.2926343196634255,4,1
small-world/scale-free,200,14,143,116.0,65.0,148.0,152.0,67.0,67.0,182.0,99.5,0.2926343196634255,4,1
small-world/scale-free,200,14,144,116.0,196.0,185.0,183.0,197.0,197.0,121.0,99.5,0.2926343196634255,4,1
small-world/scale-free,200,14,145,39.0,96.0,31.0,29.0,90.0,90.0,40.0,99.5,0.2926343196634255,4,1
small-world/scale-free,200,14,146,86.0,194.0,172.0,169.0,192.0,192.0,91.0,99.5,0.2926343196634255,4,1
small-world/scale-free,200,14,147,116.0,150.0,159.0,159.0,148.0,148.0,164.0,99.5,0.2926343196634255,4,1
small-world/scale-free,200,14,148,116.0,140.0,175.0,174.0,140.0,140.0,171.0,99.5,0.2926343196634255,4,1
small-world/scale-free,200,14,149,116.0,184.0,145.0,145.0,186.0,186.0,123.0,99.5,0.2926343196634255,4,1
small-world/scale-free,200,14,150,116.0,172.0,162.0,162.0,171.0,171.0,142.0,99.5,0.2926343196634255,4,1
small-world/scale-free,200,14,151,116.0,113.0,143.0,147.0,120.0,120.0,167.0,99.5,0.2926343196634255,4,1
small-world/scale-free,200,14,152,116.0,125.0,166.0,168.0,130.0,130.0,165.0,99.5,0.2926343196634255,4,1
small-world/scale-free,200,14,153,116.0,162.0,144.0,142.0,163.0,163.0,159.0,99.5,0.2926343196634255,4,1
small-world/scale-free,200,14,154,116.0,77.0,82.0,84.0,79.0,79.0,141.0,99.5,0.2926343196634255,4,1
small-world/scale-free,200,14,155,116.0,42.0,90.0,90.0,54.0,54.0,187.0,99.5,0.2926343196634255,4,1
small-world/scale-free,200,14,156,116.0,164.0,146.0,143.0,165.0,165.0,161.0,99.5,0.2926343196634255,4,1
small-world/scale-free,200,14,157,116.0,198.0,194.0,194.0,199.0,199.0,130.0,99.5,0.2926343196634255,4,1
small-world/scale-free,200,14,158,116.0,148.0,157.0,156.0,155.0,155.0,153.0,99.5,0.2926343196634255,4,1
small-world/scale-free,200,14,159,116.0,120.0,173.0,173.0,129.0,129.0,147.0,99.5,0.2926343196634255,4,1
small-world/scale-free,200,14,160,116.0,141.0,171.0,172.0,143.0,143.0,177.0,99.5,0.2926343196634255,4,1
small-world/scale-free,200,14,161,116.0,130.0,107.0,103.0,135.0,135.0,152.0,99.5,0.2926343196634255,4,1
small-world/scale-free,200,14,162,116.0,174.0,186.0,186.0,175.0,175.0,151.0,99.5,0.2926343196634255,4,1
small-world/scale-free,200,14,163,116.0,180.0,155.0,155.0,183.0,183.0,128.0,99.5,0.2926343196634255,4,1
small-world/scale-free,200,14,164,49.0,134.0,63.0,61.0,123.0,123.0,50.0,99.5,0.2926343196634255,4,1
small-world/scale-free,200,14,165,116.0,73.0,127.0,127.0,76.0,76.0,168.0,99.5,0.2926343196634255,4,1
small-world/scale-free,200,14,166,86.0,183.0,73.0,69.0,182.0,182.0,87.0,99.5,0.2926343196634255,4,1
small-world/scale-free,200,14,167,116.0,49.0,177.0,182.0,58.0,58.0,199.0,99.5,0.2926343196634255,4,1
small-world/scale-free,200,14,168,116.0,153.0,190.0,191.0,149.0,149.0,174.0,99.5,0.2926343196634255,4,1
small-world/scale-free,200,14,169,86.0,110.0,76.0,77.0,109.0,109.0,105.0,99.5,0.2926343196634255,4,1
small-world/scale-free,200,14,170,116.0,150.0,152.0,154.0,147.0,147.0,149.0,99.5,0.2926343196634255,4,1
small-world/scale-free,200,14,171,116.0,117.0,150.0,146.0,119.0,119.0,163.0,99.5,0.2926343196634255,4,1
small-world/scale-free,200,14,172,116.0,150.0,123.0,124.0,155.0,155.0,132.0,99.5,0.2926343196634255,4,1
small-world/scale-free,200,14,173,116.0,87.0,183.0,184.0,97.0,97.0,184.0,99.5,0.2926343196634255,4,1
small-world/scale-free,200,14,174,86.0,102.0,94.0,95.0,106.0,106.0,103.0,99.5,0.2926343196634255,4,1
small-world/scale-free,200,14,175,116.0,200.0,151.0,151.0,200.0,200.0,116.0,99.5,0.2926343196634255,4,1
small-world/scale-free,200,14,176,116.0,82.0,85.0,88.0,91.0,91.0,173.0,99.5,0.2926343196634255,4,1
small-world/scale-free,200,14,177,116.0,180.0,195.0,195.0,180.0,180.0,154.0,99.5,0.2926343196634255,4,1
small-world/scale-free,200,14,178,116.0,163.0,141.0,140.0,166.0,166.0,148.0,99.5,0.2926343196634255,4,1
small-world/scale-free,200,14,179,116.0,175.0,124.0,122.0,175.0,175.0,125.0,99.5,0.2926343196634255,4,1
small-world/scale-free,200,14,180,116.0,109.0,181.0,181.0,112.0,112.0,180.0,99.5,0.2926343196634255,4,1
small-world/scale-free,200,14,181,116.0,133.0,136.0,137.0,138.0,138.0,156.0,99.5,0.2926343196634255,4,1
small-world/scale-free,200,14,182,116.0,157.0,168.0,166.0,160.0,160.0,138.0,99.5,0.2926343196634255,4,1
small-world/scale-free,200,14,183,116.0,124.0,189.0,189.0,134.0,134.0,145.0,99.5,0.2926343196634255,4,1
small-world/scale-free,200,14,184,116.0,153.0,193.0,193.0,153.0,153.0,158.0,99.5,0.2926343196634255,4,1
small-world/scale-free,200,14,185,116.0,194.0,131.0,125.0,194.0,194.0,124.0,99.5,0.2926343196634255,4,1
small-world/scale-free,200,14,186,116.0,130.0,105.0,107.0,133.0,133.0,140.0,99.5,0.2926343196634255,4,1
small-world/scale-free,200,14,187,86.0,84.0,115.0,115.0,89.0,89.0,111.0,99.5,0.2926343196634255,4,1
small-world/scale-free,200,14,188,116.0,190.0,137.0,133.0,189.0,189.0,119.0,99.5,0.2926343196634255,4,1
small-world/scale-free,200,14,189,116.0,187.0,165.0,161.0,190.0,190.0,122.0,99.5,0.2926343196634255,4,1
small-world/scale-free,200,14,190,116.0,192.0,142.0,141.0,193.0,193.0,117.0,99.5,0.2926343196634255,4,1
small-world/scale-free,200,14,191,116.0,198.0,128.0,129.0,198.0,198.0,126.0,99.5,0.2926343196634255,4,1
small-world/scale-free,200,14,192,116.0,80.0,192.0,192.0,81.0,81.0,185.0,99.5,0.2926343196634255,4,1
small-world/scale-free,200,14,193,116.0,127.0,99.0,101.0,132.0,132.0,146.0,99.5,0.2926343196634255,4,1
small-world/scale-free,200,14,194,116.0,141.0,110.0,112.0,142.0,142.0,162.0,99.5,0.2926343196634255,4,1
small-world/scale-free,200,14,195,116.0,191.0,188.0,188.0,191.0,191.0,134.0,99.5,0.2926343196634255,4,1
small-world/scale-free,200,14,196,116.0,193.0,174.0,171.0,195.0,195.0,136.0,99.5,0.2926343196634255,4,1
small-world/scale-free,200,14,197,116.0,74.0,178.0,179.0,78.0,78.0,183.0,99.5,0.2926343196634255,4,1
small-world/scale-free,200,14,198,116.0,153.0,154.0,150.0,154.0,154.0,155.0,99.5,0.2926343196634255,4,1
small-world/scale-free,200,14,199,116.0,179.0,163.0,165.0,178.0,178.0,129.0,99.5,0.2926343196634255,4,1
