small-world/scale-free,100,21,0,21.0,61.0,19.0,20.0,56.0,56.0,21.0,49.5,0.36639729491877837,4,1
small-world/scale-free,100,21,1,1.0,1.0,1.0,1.0,1.0,1.0,1.0,49.5,0.36639729491877837,4,1
small-world/scale-free,100,21,2,6.0,11.0,8.0,8.0,8.0,8.0,6.0,49.5,0.36639729491877837,4,1
small-world/scale-free,100,21,3,2.0,2.0,2.0,2.0,2.0,2.0,2.0,49.5,0.36639729491877837,4,1
small-world/scale-free,100,21,4,41.0,10.0,50.0,51.0,16.0,16.0,60.0,49.5,0.36639729491877837,4,1
small-world/scale-free,100,21,5,3.0,3.0,3.0,3.0,3.0,3.0,3.0,49.5,0.36639729491877837,4,1
small-world/scale-free,100,21,6,13.0,6.0,18.0,18.0,10.0,10.0,16.0,49.5,0.36639729491877837,4,1
small-world/scale-free,100,21,7,10.0,7.0,16.0,17.0,9.0,9.0,12.0,49.5,0.36639729491877837,4,1
small-world/scale-free,100,21,8,10.0,11.0,14.0,14.0,12.0,12.0,10.0,49.5,0.36639729491877837,4,1
small-world/scale-free,100,21,9,4.0,8.0,7.0,7.0,5.0,5.0,5.0,49.5,0.36639729491877837,4,1
small-world/scale-free,100,21,10,10.0,5.0,10.0,10.0,7.0,7.0,11.0,49.5,0.36639729491877837,4,1
small-world/scale-free,100,21,11,21.0,56.0,22.0,22.0,51.0,51.0,28.0,49.5,0.36639729491877837,4,1
small-world/scale-free,100,21,12,6.0,4.0,5.0,5.0,4.0,4.0,7.0,49.5,0.36639729491877837,4,1
small-world/scale-free,100,21,13,17.0,57.0,30.0,30.0,48.0,48.0,20.0,49.5,0.36639729491877837,4,1
small-world/scale-free,100,21,14,29.0,43.0,41.0,42.0,41.0,41.0,34.0,49.5,0.36639729491877837,4,1
small-world/scale-free,100,21,15,29.0,16.0,34.0,34.0,18.0,18.0,40.0,49.5,0.36639729491877837,4,1
small-world/scale-free,100,21,16,41.0,33.0,37.0,38.0,32.0,32.0,55.0,49.5,0.36639729491877837,4,1
small-world/scale-free,100,21,17,61.0,86.0,88.0,88.0,88.0,88.0,86.0,49.5,0.36639729491877837,4,1
small-world/scale-free,100,21,18,17.0,14.0,13.0,13.0,14.0,14.0,19.0,49.5,0.36639729491877837,4,1
small-world/scale-free,100,21,19,4.0,9.0,4.0,4.0,6.0,6.0,4.0,49.5,0.36639729491877837,4,1
small-world/scale-free,100,21,20,13.0,65.0,11.0,11.0,52.0,52.0,14.0,49.5,0.36639729491877837,4,1
small-world/scale-free,100,21,21,17.0,49.0,28.0,27.0,39.0,39.0,18.0,49.5,0.36639729491877837,4,1
small-world/scale-free,100,21,22,29.0,49.0,49.0,49.0,53.0,53.0,37.0,49.5,0.36639729491877837,4,1
small-world/scale-free,100,21,23,41.0,40.0,51.0,52.0,43.0,43.0,51.0,49.5,0.36639729491877837,4,1
small-world/scale-free,100,21,24,21.0,42.0,12.0,12.0,38.0,38.0,26.0,49.5,0.36639729491877837,4,1
small-world/scale-free,100,21,25,41.0,61.0,32.0,32.0,64.0,64.0,48.0,49.5,0.36639729491877837,4,1
small-world/scale-free,100,21,26,29.0,65.0,38.0,36.0,67.0,67.0,39.0,49.5,0.36639729491877837,4,1
small-world/scale-free,100,21,27,9.0,73.0,17.0,16.0,63.0,63.0,9.0,49.5,0.36639729491877837,4,1
small-world/scale-free,100,21,28,13.0,18.0,21.0,21.0,15.0,15.0,15.0,49.5,0.36639729491877837,4,1
small-world/scale-free,100,21,29,29.0,14.0,25.0,26.0,17.0,17.0,38.0,49.5,0.36639729491877837,4,1
small-world/scale-free,100,21,30,21.0,75.0,31.0,31.0,71.0,71.0,23.0,49.5,0.36639729491877837,4,1
small-world/scale-free,100,21,31,41.0,25.0,27.0,29.0,23.0,23.0,54.0,49.5,0.36639729491877837,4,1
small-world/scale-free,100,21,32,29.0,43.0,23.0,23.0,44.0,44.0,31.0,49.5,0.36639729491877837,4,1
small-world/scale-free,100,21,33,8.0,16.0,6.0,6.0,11.0,11.0,8.0,49.5,0.36639729491877837,4,1
small-world/scale-free,100,21,34,41.0,93.0,53.0,53.0,90.0,90.0,42.0,49.5,0.36639729491877837,4,1
small-world/scale-free,100,21,35,29.0,79.0,26.0,24.0,77.0,77.0,29.0,49.5,0.36639729491877837,4,1
small-world/scale-free,100,21,36,21.0,49.0,29.0,28.0,45.0,45.0,25.0,49.5,0.36639729491877837,4,1
small-world/scale-free,100,21,37,17.0,73.0,20.0,19.0,70.0,70.0,17.0,49.5,0.36639729491877837,4,1
small-world/scale-free,100,21,38,21.0,38.0,15.0,15.0,30.0,30.0,22.0,49.5,0.36639729491877837,4,1
small-world/scale-free,100,21,39,41.0,28.0,69.0,66.0,28.0,28.0,58.0,49.5,0.36639729491877837,4,1
small-world/scale-free,100,21,40,41.0,33.0,44.0,44.0,31.0,31.0,52.0,49.5,0.36639729491877837,4,1
small-world/scale-free,100,21,41,61.0,96.0,86.0,85.0,98.0,98.0,67.0,49.5,0.36639729491877837,4,1
small-world/scale-free,100,21,42,21.0,26.0,35.0,37.0,21.0,21.0,24.0,49.5,0.36639729491877837,4,1
small-world/scale-free,100,21,43,29.0,49.0,36.0,35.0,53.0,53.0,32.0,49.5,0.36639729491877837,4,1
small-world/scale-free,100,21,44,41.0,77.0,54.0,50.0,78.0,78.0,53.0,49.5,0.36639729491877837,4,1
small-world/scale-free,100,21,45,41.0,33.0,56.0,55.0,36.0,36.0,57.0,49.5,0.36639729491877837,4,1
small-world/scale-free,100,21,46,61.0,57.0,95.0,95.0,62.0,62.0,94.0,49.5,0.36639729491877837,4,1
small-world/scale-free,100,21,47,61.0,28.0,95.0,95.0,33.0,33.0,98.0,49.5,0.36639729491877837,4,1
small-world/scale-free,100,21,48,29.0,28.0,45.0,45.0,27.0,27.0,33.0,49.5,0.36639729491877837,4,1
small-world/scale-free,100,21,49,61.0,47.0,55.0,58.0,57.0,57.0,79.0,49.5,0.36639729491877837,4,1
small-world/scale-free,100,21,50,61.0,88.0,89.0,89.0,91.0,91.0,77.0,49.5,0.36639729491877837,4,1
small-world/scale-free,100,21,51,61.0,81.0,77.0,75.0,81.0,81.0,62.0,49.5,0.36639729491877837,4,1
small-world/scale-free,100,21,52,29.0,21.0,60.0,61.0,19.0,19.0,36.0,49.5,0.36639729491877837,4,1
small-world/scale-free,100,21,53,61.0,23.0,76.0,76.0,25.0,25.0,90.0,49.5,0.36639729491877837,4,1
small-world/scale-free,100,21,54,41.0,19.0,46.0,47.0,20.0,20.0,59.0,49.5,0.36639729491877837,4,1
small-world/scale-free,100,21,55,61.0,19.0,82.0,87.0,22.0,22.0,97.0,49.5,0.36639729491877837,4,1
small-world/scale-free,100,21,56,13.0,11.0,9.0,9.0,13.0,13.0,13.0,49.5,0.36639729491877837,4,1
small-world/scale-free,100,21,57,21.0,47.0,47.0,48.0,37.0,37.0,27.0,49.5,0.36639729491877837,4,1
small-world/scale-free,100,21,58,61.0,84.0,67.0,68.0,84.0,84.0,83.0,49.5,0.36639729491877837,4,1
small-world/scale-free,100,21,59,61.0,88.0,83.0,82.0,89.0,89.0,80.0,49.5,0.36639729491877837,4,1
small-world/scale-free,100,21,60,61.0,72.0,91.0,91.0,75.0,75.0,93.0,49.5,0.36639729491877837,4,1
small-world/scale-free,100,21,61,61.0,24.0,95.0,95.0,26.0,26.0,89.0,49.5,0.36639729491877837,4,1
small-world/scale-free,100,21,62,61.0,69.0,92.0,92.0,72.0,72.0,87.0,49.5,0.36639729491877837,4,1
small-world/scale-free,100,21,63,29.0,57.0,42.0,41.0,58.0,58.0,35.0,49.5,0.36639729491877837,4,1
small-world/scale-free,100,21,64,41.0,43.0,43.0,43.0,49.0,49.0,56.0,49.5,0.36639729491877837,4,1
small-world/scale-free,100,21,65,61.0,37.0,70.0,71.0,46.0,46.0,84.0,49.5,0.36639729491877837,4,1
small-world/scale-free,100,21,66,41.0,91.0,81.0,80.0,87.0,87.0,49.0,49.5,0.36639729491877837,4,1
small-world/scale-free,100,21,67,41.0,49.0,72.0,73.0,55.0,55.0,50.0,49.5,0.36639729491877837,4,1
small-world/scale-free,100,21,68,61.0,69.0,57.0,56.0,73.0,73.0,64.0,49.5,0.36639729491877837,4,1
small-world/scale-free,100,21,69,41.0,83.0,61.0,59.0,83.0,83.0,45.0,49.5,0.36639729491877837,4,1
small-world/scale-free,100,21,70,41.0,80.0,48.0,46.0,80.0,80.0,46.0,49.5,0.36639729491877837,4,1
small-world/scale-free,100,21,71,61.0,78.0,63.0,63.0,79.0,79.0,76.0,49.5,0.36639729491877837,4,1
small-world/scale-free,100,21,72,61.0,57.0,66.0,67.0,61.0,61.0,82.0,49.5,0.36639729491877837,4,1
small-world/scale-free,100,21,73,61.0,98.0,74.0,70.0,96.0,96.0,69.0,49.5,0.36639729491877837,4,1
small-world/scale-free,100,21,74,41.0,28.0,24.0,25.0,28.0,28.0,47.0,49.5,0.36639729491877837,4,1
small-world/scale-free,100,21,75,61.0,63.0,52.0,54.0,65.0,65.0,73.0,49.5,0.36639729491877837,4,1
small-world/scale-free,100,21,76,29.0,43.0,33.0,33.0,42.0,42.0,30.0,49.5,0.36639729491877837,4,1
small-world/scale-free,100,21,77,61.0,49.0,95.0,95.0,60.0,60.0,96.0,49.5,0.36639729491877837,4,1
small-world/scale-free,100,21,78,61.0,33.0,58.0,62.0,40.0,40.0,88.0,49.5,0.36639729491877837,4,1
small-world/scale-free,100,21,79,61.0,65.0,68.0,69.0,69.0,69.0,78.0,49.5,0.36639729491877837,4,1
small-world/scale-free,100,21,80,41.0,68.0,65.0,65.0,68.0,68.0,43.0,49.5,0.36639729491877837,4,1
small-world/scale-free,100,21,81,61.0,71.0,64.0,64.0,74.0,74.0,70.0,49.5,0.36639729491877837,4,1
small-world/scale-free,100,21,82,41.0,76.0,39.0,39.0,76.0,76.0,44.0,49.5,0.36639729491877837,4,1
small-world/scale-free,100,21,83,61.0,81.0,84.0,84.0,82.0,82.0,85.0,49.5,0.36639729491877837,4,1
small-world/scale-free,100,21,84,61.0,27.0,71.0,72.0,35.0,35.0,95.0,49.5,0.36639729491877837,4,1
small-world/scale-free,100,21,85,61.0,21.0,95.0,95.0,23.0,23.0,100.0,49.5,0.36639729491877837,4,1
small-world/scale-free,100,21,86,61.0,63.0,94.0,93.0,65.0,65.0,71.0,49.5,0.36639729491877837,4,1
small-world/scale-free,100,21,87,61.0,97.0,80.0,81.0,97.0,97.0,63.0,49.5,0.36639729491877837,4,1
small-world/scale-free,100,21,88,41.0,95.0,40.0,40.0,93.0,93.0,41.0,49.5,0.36639729491877837,4,1
small-world/scale-free,100,21,89,61.0,85.0,79.0,78.0,86.0,86.0,81.0,49.5,0.36639729491877837,4,1
small-world/scale-free,100,21,90,61.0,40.0,90.0,90.0,46.0,46.0,91.0,49.5,0.36639729491877837,4,1
small-world/scale-free,100,21,91,61.0,86.0,59.0,57.0,85.0,85.0,72.0,49.5,0.36639729491877837,4,1
small-world/scale-free,100,21,92,61.0,100.0,78.0,79.0,100.0,100.0,61.0,49.5,0.36639729491877837,4,1
small-world/scale-free,100,21,93,61.0,38.0,75.0,74.0,50.0,50.0,92.0,49.5,0.36639729491877837,4,1
small-world/scale-free,100,21,94,61.0,88.0,85.0,83.0,91.0,91.0,68.0,49.5,0.36639729491877837,4,1
small-world/scale-free,100,21,95,61.0,94.0,87.0,86.0,95.0,95.0,74.0,49.5,0.36639729491877837,4,1
small-world/scale-free,100,21,96,61.0,55.0,73.0,77.0,59.0,59.0,75.0,49.5,0.36639729491877837,4,1
small-world/scale-free,100,21,97,61.0,92.0,62.0,60.0,94.0,94.0,65.0,49.5,0.36639729491877837,4,1
small-world/scale-free,100,21,98,61.0,99.0,93.0,94.0,99.0,99.0,66.0,49.5,0.36639729491877837,4,1
small-world/scale-free,100,21,99,61.0,28.0,95.0,95.0,33.0,33.0,98.0,49.5,0.36639729491877837,4,1
small-world/scale-free,100,22,0,2.0,1.0,2.0,2.0,1.0,1.0,2.0,49.5,0.3574028254167573,4,1
small-world/scale-free,100,22,1,8.0,33.0,10.0,10.0,20.0,20.0,9.0,49.5,0.3574028254167573,4,1
small-world/scale-free,100,22,2,4.0,3.0,3.0,3.0,3.0,3.0,4.0,49.5,0.3574028254167573,4,1
small-world/scale-free,100,22,3,6.0,4.0,6.0,6.0,6.0,6.0,7.0,49.5,0.3574028254167573,4,1
small-world/scale-free,100,22,4,8.0,9.0,9.0,9.0,9.0,9.0,10.0,49.5,0.3574028254167573,4,1
small-world/scale-free,100,22,5,20.0,40.0,21.0,20.0,37.0,37.0,30.0,49.5,0.3574028254167573,4,1
small-world/scale-free,100,22,6,13.0,15.0,16.0,16.0,12.0,12.0,13.0,49.5,0.3574028254167573,4,1
small-world/scale-free,100,22,7,11.0,40.0,12.0,12.0,27.0,27.0,12.0,49.5,0.3574028254167573,4,1
small-world/scale-free,100,22,8,1.0,2.0,1.0,1.0,2.0,2.0,1.0,49.5,0.3574028254167573,4,1
small-world/scale-free,100,22,9,6.0,7.0,8.0,8.0,7.0,7.0,6.0,49.5,0.3574028254167573,4,1
small-world/scale-free,100,22,10,3.0,5.0,4.0,4.0,4.0,4.0,3.0,49.5,0.3574028254167573,4,1
small-world/scale-free,100,22,11,16.0,15.0,26.0,26.0,13.0,13.0,19.0,49.5,0.3574028254167573,4,1
small-world/scale-free,100,22,12,16.0,10.0,11.0,11.0,10.0,10.0,17.0,49.5,0.3574028254167573,4,1
small-world/scale-free,100,22,13,20.0,10.0,22.0,22.0,11.0,11.0,31.0,49.5,0.3574028254167573,4,1
small-world/scale-free,100,22,14,8.0,8.0,7.0,7.0,8.0,8.0,8.0,49.5,0.3574028254167573,4,1
small-world/scale-free,100,22,15,20.0,65.0,20.0,21.0,54.0,54.0,27.0,49.5,0.3574028254167573,4,1
small-world/scale-free,100,22,16,14.0,17.0,13.0,13.0,16.0,16.0,15.0,49.5,0.3574028254167573,4,1
small-world/scale-free,100,22,17,14.0,22.0,19.0,19.0,18.0,18.0,14.0,49.5,0.3574028254167573,4,1
small-world/scale-free,100,22,18,20.0,12.0,24.0,25.0,14.0,14.0,29.0,49.5,0.3574028254167573,4,1
small-world/scale-free,100,22,19,20.0,70.0,35.0,34.0,67.0,67.0,22.0,49.5,0.3574028254167573,4,1
small-world/scale-free,100,22,20,20.0,17.0,49.0,49.0,19.0,19.0,28.0,49.5,0.3574028254167573,4,1
small-world/scale-free,100,22,21,45.0,28.0,27.0,28.0,35.0,35.0,58.0,49.5,0.3574028254167573,4,1
small-world/scale-free,100,22,22,20.0,31.0,36.0,35.0,32.0,32.0,26.0,49.5,0.3574028254167573,4,1
small-world/scale-free,100,22,23,45.0,43.0,73.0,72.0,44.0,44.0,65.0,49.5,0.3574028254167573,4,1
small-world/scale-free,100,22,24,5.0,5.0,5.0,5.0,5.0,5.0,5.0,49.5,0.3574028254167573,4,1
small-world/scale-free,100,22,25,32.0,25.0,68.0,70.0,26.0,26.0,44.0,49.5,0.3574028254167573,4,1
small-world/scale-free,100,22,26,16.0,49.0,34.0,38.0,43.0,43.0,18.0,49.5,0.3574028254167573,4,1
small-world/scale-free,100,22,27,32.0,28.0,43.0,44.0,29.0,29.0,43.0,49.5,0.3574028254167573,4,1
small-world/scale-free,100,22,28,32.0,62.0,30.0,27.0,60.0,60.0,39.0,49.5,0.3574028254167573,4,1
small-world/scale-free,100,22,29,45.0,17.0,47.0,47.0,22.0,22.0,64.0,49.5,0.3574028254167573,4,1
small-world/scale-free,100,22,30,45.0,89.0,50.0,50.0,89.0,89.0,50.0,49.5,0.3574028254167573,4,1
small-world/scale-free,100,22,31,20.0,12.0,18.0,18.0,14.0,14.0,24.0,49.5,0.3574028254167573,4,1
small-world/scale-free,100,22,32,20.0,12.0,15.0,15.0,17.0,17.0,25.0,49.5,0.3574028254167573,4,1
small-world/scale-free,100,22,33,67.0,84.0,71.0,71.0,92.0,92.0,76.0,49.5,0.3574028254167573,4,1
small-world/scale-free,100,22,34,45.0,33.0,48.0,46.0,38.0,38.0,62.0,49.5,0.3574028254167573,4,1
small-world/scale-free,100,22,35,67.0,45.0,95.0,94.0,50.0,50.0,97.0,49.5,0.3574028254167573,4,1
small-world/scale-free,100,22,36,45.0,58.0,70.0,68.0,55.0,55.0,57.0,49.5,0.3574028254167573,4,1
small-world/scale-free,100,22,37,32.0,53.0,38.0,37.0,49.0,49.0,38.0,49.5,0.3574028254167573,4,1
small-world/scale-free,100,22,38,32.0,75.0,45.0,45.0,74.0,74.0,33.0,49.5,0.3574028254167573,4,1
small-world/scale-free,100,22,39,45.0,62.0,74.0,74.0,62.0,62.0,66.0,49.5,0.3574028254167573,4,1
small-world/scale-free,100,22,40,11.0,36.0,14.0,14.0,24.0,24.0,11.0,49.5,0.3574028254167573,4,1
small-world/scale-free,100,22,41,45.0,52.0,86.0,87.0,52.0,52.0,61.0,49.5,0.3574028254167573,4,1
small-world/scale-free,100,22,42,67.0,100.0,96.0,96.0,98.0,98.0,89.0,49.5,0.3574028254167573,4,1
small-world/scale-free,100,22,43,67.0,40.0,96.0,96.0,45.0,45.0,99.0,49.5,0.3574028254167573,4,1
small-world/scale-free,100,22,44,67.0,64.0,96.0,96.0,66.0,66.0,96.0,49.5,0.3574028254167573,4,1
small-world/scale-free,100,22,45,20.0,33.0,31.0,30.0,33.0,33.0,23.0,49.5,0.3574028254167573,4,1
small-world/scale-free,100,22,46,20.0,38.0,17.0,17.0,33.0,33.0,21.0,49.5,0.3574028254167573,4,1
small-world/scale-free,100,22,47,67.0,77.0,59.0,57.0,82.0,82.0,75.0,49.5,0.3574028254167573,4,1
small-world/scale-free,100,22,48,32.0,27.0,37.0,36.0,31.0,31.0,34.0,49.5,0.3574028254167573,4,1
small-world/scale-free,100,22,49,16.0,67.0,25.0,23.0,64.0,64.0,16.0,49.5,0.3574028254167573,4,1
small-world/scale-free,100,22,50,45.0,91.0,69.0,69.0,88.0,88.0,60.0,49.5,0.3574028254167573,4,1
small-world/scale-free,100,22,51,45.0,50.0,29.0,29.0,52.0,52.0,46.0,49.5,0.3574028254167573,4,1
small-world/scale-free,100,22,52,45.0,76.0,63.0,64.0,72.0,72.0,59.0,49.5,0.3574028254167573,4,1
small-world/scale-free,100,22,53,45.0,38.0,77.0,76.0,41.0,41.0,63.0,49.5,0.3574028254167573,4,1
small-world/scale-free,100,22,54,67.0,95.0,93.0,95.0,94.0,94.0,81.0,49.5,0.3574028254167573,4,1
small-world/scale-free,100,22,55,67.0,53.0,81.0,82.0,56.0,56.0,91.0,49.5,0.3574028254167573,4,1
small-world/scale-free,100,22,56,45.0,87.0,72.0,73.0,85.0,85.0,55.0,49.5,0.3574028254167573,4,1
small-world/scale-free,100,22,57,45.0,81.0,40.0,39.0,80.0,80.0,52.0,49.5,0.3574028254167573,4,1
small-world/scale-free,100,22,58,32.0,36.0,32.0,32.0,39.0,39.0,36.0,49.5,0.3574028254167573,4,1
small-world/scale-free,100,22,59,67.0,31.0,52.0,56.0,40.0,40.0,95.0,49.5,0.3574028254167573,4,1
small-world/scale-free,100,22,60,32.0,20.0,57.0,55.0,21.0,21.0,42.0,49.5,0.3574028254167573,4,1
small-world/scale-free,100,22,61,100.0,65.0,96.0,96.0,69.0,69.0,100.0,49.5,0.3574028254167573,4,1
small-world/scale-free,100,22,62,45.0,78.0,64.0,61.0,78.0,78.0,53.0,49.5,0.3574028254167573,4,1
small-world/scale-free,100,22,63,45.0,72.0,41.0,40.0,73.0,73.0,49.0,49.5,0.3574028254167573,4,1
small-world/scale-free,100,22,64,67.0,20.0,46.0,48.0,25.0,25.0,98.0,49.5,0.3574028254167573,4,1
small-world/scale-free,100,22,65,32.0,22.0,28.0,31.0,23.0,23.0,41.0,49.5,0.3574028254167573,4,1
small-world/scale-free,100,22,66,67.0,53.0,96.0,96.0,65.0,65.0,84.0,49.5,0.3574028254167573,4,1
small-world/scale-free,100,22,67,32.0,93.0,39.0,41.0,87.0,87.0,32.0,49.5,0.3574028254167573,4,1
small-world/scale-free,100,22,68,45.0,90.0,83.0,83.0,86.0,86.0,51.0,49.5,0.3574028254167573,4,1
small-world/scale-free,100,22,69,67.0,53.0,66.0,67.0,58.0,58.0,82.0,49.5,0.3574028254167573,4,1
small-world/scale-free,100,22,70,67.0,72.0,76.0,77.0,76.0,76.0,78.0,49.5,0.3574028254167573,4,1
small-world/scale-free,100,22,71,67.0,96.0,91.0,91.0,97.0,97.0,73.0,49.5,0.3574028254167573,4,1
small-world/scale-free,100,22,72,32.0,71.0,42.0,42.0,68.0,68.0,35.0,49.5,0.3574028254167573,4,1
small-world/scale-free,100,22,73,32.0,81.0,60.0,60.0,75.0,75.0,37.0,49.5,0.3574028254167573,4,1
small-world/scale-free,100,22,74,45.0,51.0,79.0,79.0,51.0,51.0,56.0,49.5,0.3574028254167573,4,1
small-world/scale-free,100,22,75,67.0,67.0,62.0,63.0,70.0,70.0,86.0,49.5,0.3574028254167573,4,1
small-world/scale-free,100,22,76,67.0,87.0,90.0,90.0,91.0,91.0,90.0,49.5,0.3574028254167573,4,1
small-world/scale-free,100,22,77,45.0,84.0,51.0,51.0,84.0,84.0,47.0,49.5,0.3574028254167573,4,1
small-world/scale-free,100,22,78,67.0,83.0,53.0,54.0,81.0,81.0,83.0,49.5,0.3574028254167573,4,1
small-world/scale-free,100,22,79,20.0,47.0,23.0,24.0,42.0,42.0,20.0,49.5,0.3574028254167573,4,1
small-world/scale-free,100,22,80,67.0,67.0,78.0,80.0,71.0,71.0,92.0,49.5,0.3574028254167573,4,1
small-world/scale-free,100,22,81,45.0,80.0,44.0,43.0,78.0,78.0,45.0,49.5,0.3574028254167573,4,1
small-world/scale-free,100,22,82,67.0,93.0,89.0,89.0,95.0,95.0,69.0,49.5,0.3574028254167573,4,1
small-world/scale-free,100,22,83,67.0,78.0,55.0,52.0,82.0,82.0,74.0,49.5,0.3574028254167573,4,1
small-world/scale-free,100,22,84,45.0,45.0,54.0,53.0,46.0,46.0,54.0,49.5,0.3574028254167573,4,1
small-world/scale-free,100,22,85,67.0,47.0,87.0,86.0,48.0,48.0,85.0,49.5,0.3574028254167573,4,1
small-world/scale-free,100,22,86,32.0,26.0,33.0,33.0,28.0,28.0,40.0,49.5,0.3574028254167573,4,1
small-world/scale-free,100,22,87,67.0,58.0,67.0,66.0,58.0,58.0,77.0,49.5,0.3574028254167573,4,1
small-world/scale-free,100,22,88,67.0,44.0,61.0,62.0,46.0,46.0,79.0,49.5,0.3574028254167573,4,1
small-world/scale-free,100,22,89,67.0,58.0,92.0,92.0,61.0,61.0,87.0,49.5,0.3574028254167573,4,1
small-world/scale-free,100,22,90,67.0,98.0,80.0,78.0,99.0,99.0,67.0,49.5,0.3574028254167573,4,1
small-world/scale-free,100,22,91,67.0,24.0,84.0,84.0,30.0,30.0,88.0,49.5,0.3574028254167573,4,1
small-world/scale-free,100,22,92,67.0,72.0,94.0,93.0,76.0,76.0,93.0,49.5,0.3574028254167573,4,1
small-world/scale-free,100,22,93,67.0,96.0,88.0,88.0,96.0,96.0,71.0,49.5,0.3574028254167573,4,1
small-world/scale-free,100,22,94,67.0,84.0,75.0,75.0,89.0,89.0,80.0,49.5,0.3574028254167573,4,1
small-world/scale-free,100,22,95,67.0,92.0,65.0,65.0,93.0,93.0,68.0,49.5,0.3574028254167573,4,1
small-world/scale-free,100,22,96,45.0,61.0,58.0,58.0,57.0,57.0,48.0,49.5,0.3574028254167573,4,1
small-world/scale-free,100,22,97,67.0,28.0,56.0,59.0,36.0,36.0,94.0,49.5,0.3574028254167573,4,1
small-world/scale-free,100,22,98,67.0,99.0,85.0,85.0,100.0,100.0,70.0,49.5,0.3574028254167573,4,1
small-world/scale-free,100,22,99,67.0,53.0,82.0,81.0,63.0,63.0,72.0,49.5,0.3574028254167573,4,1
