small-world/scale-free,100,35,0,9.0,4.0,9.0,9.0,7.0,7.0,10.0,49.5,0.3736615964874476,4,1
small-world/scale-free,100,35,1,12.0,10.0,11.0,11.0,11.0,11.0,12.0,49.5,0.3736615964874476,4,1
small-world/scale-free,100,35,2,7.0,8.0,5.0,5.0,9.0,9.0,7.0,49.5,0.3736615964874476,4,1
small-world/scale-free,100,35,3,1.0,1.0,1.0,1.0,1.0,1.0,1.0,49.5,0.3736615964874476,4,1
small-world/scale-free,100,35,4,6.0,2.0,7.0,7.0,5.0,5.0,6.0,49.5,0.3736615964874476,4,1
small-world/scale-free,100,35,5,9.0,4.0,10.0,10.0,6.0,6.0,11.0,49.5,0.3736615964874476,4,1
small-world/scale-free,100,35,6,18.0,16.0,24.0,24.0,18.0,18.0,24.0,49.5,0.3736615964874476,4,1
small-world/scale-free,100,35,7,16.0,17.0,18.0,19.0,16.0,16.0,17.0,49.5,0.3736615964874476,4,1
small-world/scale-free,100,35,8,4.0,4.0,4.0,4.0,4.0,4.0,4.0,49.5,0.3736615964874476,4,1
small-world/scale-free,100,35,9,3.0,7.0,3.0,3.0,3.0,3.0,3.0,49.5,0.3736615964874476,4,1
small-world/scale-free,100,35,10,13.0,14.0,14.0,14.0,14.0,14.0,14.0,49.5,0.3736615964874476,4,1
small-world/scale-free,100,35,11,7.0,12.0,6.0,6.0,10.0,10.0,8.0,49.5,0.3736615964874476,4,1
small-world/scale-free,100,35,12,13.0,10.0,12.0,12.0,12.0,12.0,13.0,49.5,0.3736615964874476,4,1
small-world/scale-free,100,35,13,43.0,33.0,48.0,49.0,32.0,32.0,61.0,49.5,0.3736615964874476,4,1
small-world/scale-free,100,35,14,15.0,19.0,16.0,16.0,17.0,17.0,15.0,49.5,0.3736615964874476,4,1
small-world/scale-free,100,35,15,29.0,28.0,33.0,34.0,27.0,27.0,40.0,49.5,0.3736615964874476,4,1
small-world/scale-free,100,35,16,9.0,21.0,13.0,13.0,15.0,15.0,9.0,49.5,0.3736615964874476,4,1
small-world/scale-free,100,35,17,2.0,3.0,2.0,2.0,2.0,2.0,2.0,49.5,0.3736615964874476,4,1
small-world/scale-free,100,35,18,5.0,9.0,8.0,8.0,8.0,8.0,5.0,49.5,0.3736615964874476,4,1
small-world/scale-free,100,35,19,43.0,26.0,80.0,80.0,29.0,29.0,62.0,49.5,0.3736615964874476,4,1
small-world/scale-free,100,35,20,29.0,80.0,62.0,61.0,75.0,75.0,34.0,49.5,0.3736615964874476,4,1
small-world/scale-free,100,35,21,29.0,39.0,29.0,31.0,35.0,35.0,37.0,49.5,0.3736615964874476,4,1
small-world/scale-free,100,35,22,43.0,28.0,51.0,50.0,30.0,30.0,57.0,49.5,0.3736615964874476,4,1
small-world/scale-free,100,35,23,64.0,45.0,90.0,90.0,52.0,52.0,96.0,49.5,0.3736615964874476,4,1
small-world/scale-free,100,35,24,29.0,34.0,21.0,21.0,34.0,34.0,38.0,49.5,0.3736615964874476,4,1
small-world/scale-free,100,35,25,43.0,20.0,32.0,32.0,22.0,22.0,56.0,49.5,0.3736615964874476,4,1
small-world/scale-free,100,35,26,18.0,57.0,22.0,22.0,48.0,48.0,18.0,49.5,0.3736615964874476,4,1
small-world/scale-free,100,35,27,29.0,63.0,56.0,57.0,58.0,58.0,39.0,49.5,0.3736615964874476,4,1
small-world/scale-free,100,35,28,43.0,96.0,59.0,62.0,94.0,94.0,43.0,49.5,0.3736615964874476,4,1
small-world/scale-free,100,35,29,43.0,43.0,73.0,71.0,41.0,41.0,58.0,49.5,0.3736615964874476,4,1
small-world/scale-free,100,35,30,43.0,15.0,36.0,39.0,20.0,20.0,63.0,49.5,0.3736615964874476,4,1
small-world/scale-free,100,35,31,18.0,37.0,38.0,38.0,28.0,28.0,23.0,49.5,0.3736615964874476,4,1
small-world/scale-free,100,35,32,43.0,49.0,50.0,52.0,56.0,56.0,54.0,49.5,0.3736615964874476,4,1
small-world/scale-free,100,35,33,43.0,45.0,35.0,36.0,47.0,47.0,59.0,49.5,0.3736615964874476,4,1
small-world/scale-free,100,35,34,25.0,54.0,23.0,23.0,43.0,43.0,26.0,49.5,0.3736615964874476,4,1
small-world/scale-free,100,35,35,29.0,17.0,64.0,66.0,21.0,21.0,41.0,49.5,0.3736615964874476,4,1
small-world/scale-free,100,35,36,64.0,57.0,97.0,97.0,62.0,62.0,97.0,49.5,0.3736615964874476,4,1
small-world/scale-free,100,35,37,16.0,12.0,15.0,15.0,13.0,13.0,16.0,49.5,0.3736615964874476,4,1
small-world/scale-free,100,35,38,29.0,69.0,31.0,29.0,60.0,60.0,32.0,49.5,0.3736615964874476,4,1
small-world/scale-free,100,35,39,29.0,43.0,52.0,54.0,41.0,41.0,35.0,49.5,0.3736615964874476,4,1
small-world/scale-free,100,35,40,29.0,25.0,74.0,73.0,24.0,24.0,42.0,49.5,0.3736615964874476,4,1
small-world/scale-free,100,35,41,18.0,48.0,25.0,25.0,38.0,38.0,22.0,49.5,0.3736615964874476,4,1
small-world/scale-free,100,35,42,18.0,49.0,20.0,20.0,40.0,40.0,19.0,49.5,0.3736615964874476,4,1
small-world/scale-free,100,35,43,18.0,23.0,19.0,18.0,19.0,19.0,21.0,49.5,0.3736615964874476,4,1
small-world/scale-free,100,35,44,64.0,30.0,85.0,85.0,33.0,33.0,87.0,49.5,0.3736615964874476,4,1
small-world/scale-free,100,35,45,64.0,76.0,92.0,92.0,79.0,79.0,90.0,49.5,0.3736615964874476,4,1
small-world/scale-free,100,35,46,64.0,64.0,91.0,93.0,74.0,74.0,78.0,49.5,0.3736615964874476,4,1
small-world/scale-free,100,35,47,64.0,59.0,82.0,81.0,65.0,65.0,93.0,49.5,0.3736615964874476,4,1
small-world/scale-free,100,35,48,29.0,59.0,43.0,42.0,54.0,54.0,36.0,49.5,0.3736615964874476,4,1
small-world/scale-free,100,35,49,25.0,49.0,26.0,26.0,43.0,43.0,27.0,49.5,0.3736615964874476,4,1
small-world/scale-free,100,35,50,29.0,56.0,54.0,53.0,59.0,59.0,31.0,49.5,0.3736615964874476,4,1
small-world/scale-free,100,35,51,43.0,49.0,45.0,44.0,55.0,55.0,55.0,49.5,0.3736615964874476,4,1
small-world/scale-free,100,35,52,64.0,64.0,78.0,78.0,67.0,67.0,86.0,49.5,0.3736615964874476,4,1
small-world/scale-free,100,35,53,18.0,34.0,17.0,17.0,26.0,26.0,20.0,49.5,0.3736615964874476,4,1
small-world/scale-free,100,35,54,43.0,93.0,63.0,63.0,90.0,90.0,52.0,49.5,0.3736615964874476,4,1
small-world/scale-free,100,35,55,64.0,80.0,71.0,72.0,84.0,84.0,75.0,49.5,0.3736615964874476,4,1
small-world/scale-free,100,35,56,25.0,54.0,40.0,40.0,50.0,50.0,28.0,49.5,0.3736615964874476,4,1
small-world/scale-free,100,35,57,43.0,73.0,79.0,79.0,64.0,64.0,60.0,49.5,0.3736615964874476,4,1
small-world/scale-free,100,35,58,29.0,78.0,70.0,70.0,79.0,79.0,33.0,49.5,0.3736615964874476,4,1
small-world/scale-free,100,35,59,43.0,40.0,42.0,43.0,45.0,45.0,53.0,49.5,0.3736615964874476,4,1
small-world/scale-free,100,35,60,64.0,42.0,83.0,83.0,53.0,53.0,81.0,49.5,0.3736615964874476,4,1
small-world/scale-free,100,35,61,43.0,88.0,57.0,56.0,85.0,85.0,51.0,49.5,0.3736615964874476,4,1
small-world/scale-free,100,35,62,64.0,23.0,30.0,27.0,25.0,25.0,94.0,49.5,0.3736615964874476,4,1
small-world/scale-free,100,35,63,43.0,86.0,61.0,60.0,83.0,83.0,47.0,49.5,0.3736615964874476,4,1
small-world/scale-free,100,35,64,29.0,71.0,34.0,33.0,67.0,67.0,29.0,49.5,0.3736615964874476,4,1
small-world/scale-free,100,35,65,64.0,37.0,97.0,97.0,45.0,45.0,95.0,49.5,0.3736615964874476,4,1
small-world/scale-free,100,35,66,43.0,97.0,69.0,69.0,97.0,97.0,45.0,49.5,0.3736615964874476,4,1
small-world/scale-free,100,35,67,64.0,21.0,81.0,82.0,23.0,23.0,98.0,49.5,0.3736615964874476,4,1
small-world/scale-free,100,35,68,25.0,80.0,28.0,28.0,73.0,73.0,25.0,49.5,0.3736615964874476,4,1
small-world/scale-free,100,35,69,64.0,45.0,44.0,47.0,51.0,51.0,80.0,49.5,0.3736615964874476,4,1
small-world/scale-free,100,35,70,64.0,71.0,46.0,45.0,77.0,77.0,74.0,49.5,0.3736615964874476,4,1
small-world/scale-free,100,35,71,64.0,26.0,87.0,87.0,31.0,31.0,99.0,49.5,0.3736615964874476,4,1
small-world/scale-free,100,35,72,29.0,76.0,39.0,37.0,63.0,63.0,30.0,49.5,0.3736615964874476,4,1
small-world/scale-free,100,35,73,64.0,32.0,66.0,68.0,36.0,36.0,85.0,49.5,0.3736615964874476,4,1
small-world/scale-free,100,35,74,43.0,78.0,41.0,41.0,78.0,78.0,49.0,49.5,0.3736615964874476,4,1
small-world/scale-free,100,35,75,64.0,98.0,76.0,75.0,98.0,98.0,69.0,49.5,0.3736615964874476,4,1
small-world/scale-free,100,35,76,43.0,73.0,65.0,65.0,70.0,70.0,50.0,49.5,0.3736615964874476,4,1
small-world/scale-free,100,35,77,64.0,80.0,58.0,58.0,86.0,86.0,70.0,49.5,0.3736615964874476,4,1
small-world/scale-free,100,35,78,64.0,59.0,72.0,74.0,65.0,65.0,88.0,49.5,0.3736615964874476,4,1
small-world/scale-free,100,35,79,64.0,88.0,67.0,64.0,92.0,92.0,72.0,49.5,0.3736615964874476,4,1
small-world/scale-free,100,35,80,43.0,95.0,68.0,67.0,95.0,95.0,44.0,49.5,0.3736615964874476,4,1
small-world/scale-free,100,35,81,64.0,31.0,77.0,77.0,37.0,37.0,89.0,49.5,0.3736615964874476,4,1
small-world/scale-free,100,35,82,43.0,59.0,27.0,30.0,57.0,57.0,48.0,49.5,0.3736615964874476,4,1
small-world/scale-free,100,35,83,64.0,91.0,84.0,84.0,93.0,93.0,68.0,49.5,0.3736615964874476,4,1
small-world/scale-free,100,35,84,64.0,100.0,94.0,94.0,100.0,100.0,64.0,49.5,0.3736615964874476,4,1
small-world/scale-free,100,35,85,64.0,64.0,86.0,86.0,67.0,67.0,91.0,49.5,0.3736615964874476,4,1
small-world/scale-free,100,35,86,64.0,91.0,53.0,51.0,88.0,88.0,65.0,49.5,0.3736615964874476,4,1
small-world/scale-free,100,35,87,64.0,70.0,93.0,91.0,76.0,76.0,84.0,49.5,0.3736615964874476,4,1
small-world/scale-free,100,35,88,64.0,94.0,97.0,97.0,95.0,95.0,79.0,49.5,0.3736615964874476,4,1
small-world/scale-free,100,35,89,64.0,36.0,88.0,88.0,39.0,39.0,82.0,49.5,0.3736615964874476,4,1
small-world/scale-free,100,35,90,64.0,98.0,96.0,96.0,99.0,99.0,76.0,49.5,0.3736615964874476,4,1
small-world/scale-free,100,35,91,43.0,64.0,47.0,46.0,72.0,72.0,46.0,49.5,0.3736615964874476,4,1
small-world/scale-free,100,35,92,64.0,80.0,75.0,76.0,82.0,82.0,71.0,49.5,0.3736615964874476,4,1
small-world/scale-free,100,35,93,64.0,49.0,60.0,59.0,61.0,61.0,83.0,49.5,0.3736615964874476,4,1
small-world/scale-free,100,35,94,64.0,73.0,95.0,95.0,79.0,79.0,92.0,49.5,0.3736615964874476,4,1
small-world/scale-free,100,35,95,64.0,88.0,97.0,97.0,89.0,89.0,73.0,49.5,0.3736615964874476,4,1
small-world/scale-free,100,35,96,64.0,85.0,37.0,35.0,87.0,87.0,66.0,49.5,0.3736615964874476,4,1
small-world/scale-free,100,35,97,64.0,64.0,55.0,55.0,71.0,71.0,77.0,49.5,0.3736615964874476,4,1
small-world/scale-free,100,35,98,64.0,40.0,89.0,89.0,49.0,49.0,100.0,49.5,0.3736615964874476,4,1
small-world/scale-free,100,35,99,64.0,87.0,49.0,48.0,91.0,91.0,67.0,49.5,0.3736615964874476,4,1
small-world/scale-free,100,36,0,2.0,4.0,4.0,4.0,3.0,3.0,3.0,49.5,0.3684814182188047,4,1
small-world/scale-free,100,36,1,1.0,1.0,1.0,1.0,1.0,1.0,1.0,49.5,0.3684814182188047,4,1
small-world/scale-free,100,36,2,20.0,30.0,28.0,25.0,26.0,26.0,29.0,49.5,0.3684814182188047,4,1
small-world/scale-free,100,36,3,4.0,2.0,3.0,3.0,2.0,2.0,4.0,49.5,0.3684814182188047,4,1
small-world/scale-free,100,36,4,5.0,3.0,5.0,5.0,5.0,5.0,5.0,49.5,0.3684814182188047,4,1
small-world/scale-free,100,36,5,13.0,16.0,15.0,15.0,15.0,15.0,18.0,49.5,0.3684814182188047,4,1
small-world/scale-free,100,36,6,13.0,30.0,17.0,18.0,20.0,20.0,17.0,49.5,0.3684814182188047,4,1
small-world/scale-free,100,36,7,8.0,9.0,12.0,12.0,8.0,8.0,8.0,49.5,0.3684814182188047,4,1
small-world/scale-free,100,36,8,2.0,5.0,2.0,2.0,4.0,4.0,2.0,49.5,0.3684814182188047,4,1
small-world/scale-free,100,36,9,6.0,9.0,6.0,6.0,7.0,7.0,6.0,49.5,0.3684814182188047,4,1
small-world/scale-free,100,36,10,9.0,13.0,9.0,9.0,11.0,11.0,9.0,49.5,0.3684814182188047,4,1
small-world/scale-free,100,36,11,31.0,20.0,22.0,22.0,22.0,22.0,37.0,49.5,0.3684814182188047,4,1
small-world/scale-free,100,36,12,46.0,43.0,75.0,74.0,48.0,48.0,61.0,49.5,0.3684814182188047,4,1
small-world/scale-free,100,36,13,20.0,62.0,35.0,34.0,52.0,52.0,25.0,49.5,0.3684814182188047,4,1
small-world/scale-free,100,36,14,20.0,7.0,24.0,24.0,10.0,10.0,28.0,49.5,0.3684814182188047,4,1
small-world/scale-free,100,36,15,63.0,59.0,96.0,96.0,62.0,62.0,99.0,49.5,0.3684814182188047,4,1
small-world/scale-free,100,36,16,9.0,8.0,8.0,8.0,9.0,9.0,10.0,49.5,0.3684814182188047,4,1
small-world/scale-free,100,36,17,31.0,11.0,27.0,29.0,14.0,14.0,43.0,49.5,0.3684814182188047,4,1
small-world/scale-free,100,36,18,7.0,6.0,7.0,7.0,6.0,6.0,7.0,49.5,0.3684814182188047,4,1
small-world/scale-free,100,36,19,20.0,45.0,30.0,30.0,39.0,39.0,26.0,49.5,0.3684814182188047,4,1
small-world/scale-free,100,36,20,20.0,18.0,33.0,33.0,18.0,18.0,30.0,49.5,0.3684814182188047,4,1
small-world/scale-free,100,36,21,63.0,81.0,68.0,67.0,86.0,86.0,79.0,49.5,0.3684814182188047,4,1
small-world/scale-free,100,36,22,13.0,40.0,19.0,17.0,29.0,29.0,15.0,49.5,0.3684814182188047,4,1
small-world/scale-free,100,36,23,31.0,83.0,44.0,44.0,82.0,82.0,34.0,49.5,0.3684814182188047,4,1
small-world/scale-free,100,36,24,11.0,14.0,13.0,13.0,12.0,12.0,12.0,49.5,0.3684814182188047,4,1
small-world/scale-free,100,36,25,11.0,22.0,14.0,14.0,17.0,17.0,11.0,49.5,0.3684814182188047,4,1
small-world/scale-free,100,36,26,13.0,12.0,18.0,19.0,13.0,13.0,19.0,49.5,0.3684814182188047,4,1
small-world/scale-free,100,36,27,20.0,55.0,32.0,32.0,42.0,42.0,27.0,49.5,0.3684814182188047,4,1
small-world/scale-free,100,36,28,31.0,62.0,20.0,20.0,56.0,56.0,33.0,49.5,0.3684814182188047,4,1
small-world/scale-free,100,36,29,31.0,30.0,41.0,41.0,31.0,31.0,41.0,49.5,0.3684814182188047,4,1
small-world/scale-free,100,36,30,20.0,77.0,42.0,42.0,68.0,68.0,21.0,49.5,0.3684814182188047,4,1
small-world/scale-free,100,36,31,31.0,64.0,26.0,27.0,59.0,59.0,35.0,49.5,0.3684814182188047,4,1
small-world/scale-free,100,36,32,46.0,30.0,49.0,50.0,35.0,35.0,52.0,49.5,0.3684814182188047,4,1
small-world/scale-free,100,36,33,31.0,34.0,31.0,31.0,34.0,34.0,39.0,49.5,0.3684814182188047,4,1
small-world/scale-free,100,36,34,46.0,71.0,73.0,73.0,71.0,71.0,56.0,49.5,0.3684814182188047,4,1
small-world/scale-free,100,36,35,20.0,35.0,23.0,23.0,31.0,31.0,24.0,49.5,0.3684814182188047,4,1
small-world/scale-free,100,36,36,31.0,45.0,53.0,54.0,46.0,46.0,44.0,49.5,0.3684814182188047,4,1
small-world/scale-free,100,36,37,63.0,69.0,78.0,78.0,73.0,73.0,87.0,49.5,0.3684814182188047,4,1
small-world/scale-free,100,36,38,46.0,38.0,46.0,46.0,38.0,38.0,62.0,49.5,0.3684814182188047,4,1
small-world/scale-free,100,36,39,31.0,27.0,45.0,45.0,28.0,28.0,45.0,49.5,0.3684814182188047,4,1
small-world/scale-free,100,36,40,31.0,71.0,50.0,49.0,69.0,69.0,36.0,49.5,0.3684814182188047,4,1
small-world/scale-free,100,36,41,63.0,43.0,90.0,90.0,46.0,46.0,100.0,49.5,0.3684814182188047,4,1
small-world/scale-free,100,36,42,31.0,40.0,59.0,55.0,44.0,44.0,40.0,49.5,0.3684814182188047,4,1
small-world/scale-free,100,36,43,13.0,27.0,11.0,11.0,24.0,24.0,13.0,49.5,0.3684814182188047,4,1
small-world/scale-free,100,36,44,20.0,82.0,36.0,36.0,78.0,78.0,20.0,49.5,0.3684814182188047,4,1
small-world/scale-free,100,36,45,20.0,53.0,16.0,16.0,45.0,45.0,22.0,49.5,0.3684814182188047,4,1
small-world/scale-free,100,36,46,20.0,14.0,21.0,21.0,16.0,16.0,23.0,49.5,0.3684814182188047,4,1
small-world/scale-free,100,36,47,63.0,53.0,39.0,40.0,57.0,57.0,74.0,49.5,0.3684814182188047,4,1
small-world/scale-free,100,36,48,46.0,92.0,60.0,59.0,90.0,90.0,51.0,49.5,0.3684814182188047,4,1
small-world/scale-free,100,36,49,46.0,85.0,52.0,52.0,85.0,85.0,49.0,49.5,0.3684814182188047,4,1
small-world/scale-free,100,36,50,46.0,87.0,55.0,56.0,88.0,88.0,47.0,49.5,0.3684814182188047,4,1
small-world/scale-free,100,36,51,63.0,50.0,63.0,62.0,55.0,55.0,86.0,49.5,0.3684814182188047,4,1
small-world/scale-free,100,36,52,13.0,25.0,10.0,10.0,21.0,21.0,14.0,49.5,0.3684814182188047,4,1
small-world/scale-free,100,36,53,31.0,88.0,40.0,39.0,83.0,83.0,31.0,49.5,0.3684814182188047,4,1
small-world/scale-free,100,36,54,63.0,97.0,70.0,69.0,97.0,97.0,65.0,49.5,0.3684814182188047,4,1
small-world/scale-free,100,36,55,46.0,40.0,47.0,47.0,41.0,41.0,60.0,49.5,0.3684814182188047,4,1
small-world/scale-free,100,36,56,63.0,39.0,43.0,43.0,48.0,48.0,82.0,49.5,0.3684814182188047,4,1
small-world/scale-free,100,36,57,31.0,17.0,38.0,38.0,19.0,19.0,42.0,49.5,0.3684814182188047,4,1
small-world/scale-free,100,36,58,31.0,75.0,54.0,53.0,72.0,72.0,32.0,49.5,0.3684814182188047,4,1
small-world/scale-free,100,36,59,63.0,69.0,89.0,89.0,73.0,73.0,92.0,49.5,0.3684814182188047,4,1
small-world/scale-free,100,36,60,13.0,58.0,25.0,26.0,43.0,43.0,16.0,49.5,0.3684814182188047,4,1
small-world/scale-free,100,36,61,31.0,35.0,29.0,28.0,35.0,35.0,38.0,49.5,0.3684814182188047,4,1
small-world/scale-free,100,36,62,63.0,86.0,96.0,96.0,84.0,84.0,76.0,49.5,0.3684814182188047,4,1
small-world/scale-free,100,36,63,46.0,23.0,61.0,63.0,25.0,25.0,57.0,49.5,0.3684814182188047,4,1
small-world/scale-free,100,36,64,63.0,45.0,69.0,70.0,51.0,51.0,90.0,49.5,0.3684814182188047,4,1
small-world/scale-free,100,36,65,46.0,25.0,62.0,61.0,30.0,30.0,53.0,49.5,0.3684814182188047,4,1
small-world/scale-free,100,36,66,63.0,98.0,79.0,77.0,98.0,98.0,64.0,49.5,0.3684814182188047,4,1
small-world/scale-free,100,36,67,63.0,51.0,96.0,96.0,53.0,53.0,98.0,49.5,0.3684814182188047,4,1
small-world/scale-free,100,36,68,63.0,83.0,86.0,87.0,89.0,89.0,83.0,49.5,0.3684814182188047,4,1
small-world/scale-free,100,36,69,46.0,66.0,82.0,81.0,67.0,67.0,58.0,49.5,0.3684814182188047,4,1
small-world/scale-free,100,36,70,46.0,19.0,34.0,35.0,23.0,23.0,55.0,49.5,0.3684814182188047,4,1
small-world/scale-free,100,36,71,63.0,37.0,76.0,79.0,40.0,40.0,89.0,49.5,0.3684814182188047,4,1
small-world/scale-free,100,36,72,46.0,65.0,67.0,68.0,63.0,63.0,59.0,49.5,0.3684814182188047,4,1
small-world/scale-free,100,36,73,63.0,90.0,94.0,94.0,91.0,91.0,71.0,49.5,0.3684814182188047,4,1
small-world/scale-free,100,36,74,46.0,66.0,85.0,84.0,65.0,65.0,54.0,49.5,0.3684814182188047,4,1
small-world/scale-free,100,36,75,63.0,45.0,58.0,58.0,54.0,54.0,85.0,49.5,0.3684814182188047,4,1
small-world/scale-free,100,36,76,63.0,92.0,93.0,93.0,93.0,93.0,80.0,49.5,0.3684814182188047,4,1
small-world/scale-free,100,36,77,63.0,88.0,80.0,82.0,87.0,87.0,67.0,49.5,0.3684814182188047,4,1
small-world/scale-free,100,36,78,63.0,90.0,66.0,64.0,91.0,91.0,70.0,49.5,0.3684814182188047,4,1
small-world/scale-free,100,36,79,46.0,68.0,37.0,37.0,69.0,69.0,48.0,49.5,0.3684814182188047,4,1
small-world/scale-free,100,36,80,63.0,96.0,51.0,51.0,96.0,96.0,66.0,49.5,0.3684814182188047,4,1
small-world/scale-free,100,36,81,63.0,73.0,92.0,91.0,77.0,77.0,84.0,49.5,0.3684814182188047,4,1
small-world/scale-free,100,36,82,63.0,60.0,71.0,72.0,66.0,66.0,69.0,49.5,0.3684814182188047,4,1
small-world/scale-free,100,36,83,63.0,100.0,81.0,80.0,100.0,100.0,68.0,49.5,0.3684814182188047,4,1
small-world/scale-free,100,36,84,63.0,80.0,56.0,57.0,79.0,79.0,73.0,49.5,0.3684814182188047,4,1
small-world/scale-free,100,36,85,63.0,55.0,96.0,96.0,60.0,60.0,96.0,49.5,0.3684814182188047,4,1
small-world/scale-free,100,36,86,63.0,95.0,96.0,96.0,95.0,95.0,81.0,49.5,0.3684814182188047,4,1
small-world/scale-free,100,36,87,63.0,98.0,72.0,71.0,99.0,99.0,63.0,49.5,0.3684814182188047,4,1
small-world/scale-free,100,36,88,63.0,92.0,77.0,76.0,94.0,94.0,75.0,49.5,0.3684814182188047,4,1
small-world/scale-free,100,36,89,46.0,45.0,48.0,48.0,50.0,50.0,46.0,49.5,0.3684814182188047,4,1
small-world/scale-free,100,36,90,63.0,51.0,91.0,92.0,57.0,57.0,78.0,49.5,0.3684814182188047,4,1
small-world/scale-free,100,36,91,63.0,20.0,84.0,85.0,27.0,27.0,95.0,49.5,0.3684814182188047,4,1
small-world/scale-free,100,36,92,46.0,77.0,74.0,75.0,76.0,76.0,50.0,49.5,0.3684814182188047,4,1
small-world/scale-free,100,36,93,63.0,55.0,88.0,88.0,60.0,60.0,94.0,49.5,0.3684814182188047,4,1
small-world/scale-free,100,36,94,63.0,74.0,57.0,60.0,75.0,75.0,72.0,49.5,0.3684814182188047,4,1
small-world/scale-free,100,36,95,63.0,77.0,87.0,86.0,79.0,79.0,77.0,49.5,0.3684814182188047,4,1
small-world/scale-free,100,36,96,63.0,23.0,65.0,65.0,33.0,33.0,91.0,49.5,0.3684814182188047,4,1
small-world/scale-free,100,36,97,63.0,75.0,95.0,95.0,81.0,81.0,97.0,49.5,0.3684814182188047,4,1
small-world/scale-free,100,36,98,63.0,60.0,83.0,83.0,64.0,64.0,93.0,49.5,0.3684814182188047,4,1
small-world/scale-free,100,36,99,63.0,27.0,64.0,66.0,37.0,37.0,88.0,49.5,0.3684814182188047,4,1
