small-world/scale-free,100,37,0,4.0,3.0,3.0,3.0,4.0,4.0,4.0,49.5,0.35591577043807054,4,1
small-world/scale-free,100,37,1,13.0,17.0,14.0,14.0,15.0,15.0,14.0,49.5,0.35591577043807054,4,1
small-world/scale-free,100,37,2,2.0,4.0,2.0,2.0,3.0,3.0,2.0,49.5,0.35591577043807054,4,1
small-world/scale-free,100,37,3,3.0,2.0,4.0,4.0,2.0,2.0,3.0,49.5,0.35591577043807054,4,1
small-world/scale-free,100,37,4,7.0,5.0,5.0,6.0,6.0,6.0,7.0,49.5,0.35591577043807054,4,1
small-world/scale-free,100,37,5,7.0,7.0,8.0,8.0,7.0,7.0,8.0,49.5,0.35591577043807054,4,1
small-world/scale-free,100,37,6,18.0,16.0,33.0,33.0,17.0,17.0,25.0,49.5,0.35591577043807054,4,1
small-world/scale-free,100,37,7,10.0,13.0,12.0,12.0,12.0,12.0,11.0,49.5,0.35591577043807054,4,1
small-world/scale-free,100,37,8,1.0,1.0,1.0,1.0,1.0,1.0,1.0,49.5,0.35591577043807054,4,1
small-world/scale-free,100,37,9,13.0,10.0,15.0,15.0,11.0,11.0,17.0,49.5,0.35591577043807054,4,1
small-world/scale-free,100,37,10,5.0,6.0,6.0,5.0,5.0,5.0,6.0,49.5,0.35591577043807054,4,1
small-world/scale-free,100,37,11,18.0,12.0,13.0,13.0,13.0,13.0,24.0,49.5,0.35591577043807054,4,1
small-world/scale-free,100,37,12,18.0,21.0,18.0,18.0,23.0,23.0,23.0,49.5,0.35591577043807054,4,1
small-world/scale-free,100,37,13,13.0,17.0,26.0,28.0,17.0,17.0,16.0,49.5,0.35591577043807054,4,1
small-world/scale-free,100,37,14,9.0,11.0,9.0,9.0,9.0,9.0,9.0,49.5,0.35591577043807054,4,1
small-world/scale-free,100,37,15,32.0,33.0,45.0,46.0,32.0,32.0,41.0,49.5,0.35591577043807054,4,1
small-world/scale-free,100,37,16,10.0,8.0,10.0,11.0,10.0,10.0,12.0,49.5,0.35591577043807054,4,1
small-world/scale-free,100,37,17,43.0,53.0,64.0,63.0,53.0,53.0,60.0,49.5,0.35591577043807054,4,1
small-world/scale-free,100,37,18,43.0,35.0,49.0,50.0,40.0,40.0,52.0,49.5,0.35591577043807054,4,1
small-world/scale-free,100,37,19,32.0,35.0,30.0,29.0,35.0,35.0,37.0,49.5,0.35591577043807054,4,1
small-world/scale-free,100,37,20,32.0,43.0,57.0,57.0,42.0,42.0,42.0,49.5,0.35591577043807054,4,1
small-world/scale-free,100,37,21,5.0,8.0,7.0,7.0,8.0,8.0,5.0,49.5,0.35591577043807054,4,1
small-world/scale-free,100,37,22,43.0,43.0,79.0,79.0,42.0,42.0,59.0,49.5,0.35591577043807054,4,1
small-world/scale-free,100,37,23,26.0,15.0,35.0,35.0,16.0,16.0,31.0,49.5,0.35591577043807054,4,1
small-world/scale-free,100,37,24,18.0,73.0,29.0,30.0,64.0,64.0,19.0,49.5,0.35591577043807054,4,1
small-world/scale-free,100,37,25,32.0,20.0,38.0,38.0,24.0,24.0,40.0,49.5,0.35591577043807054,4,1
small-world/scale-free,100,37,26,18.0,72.0,24.0,24.0,63.0,63.0,18.0,49.5,0.35591577043807054,4,1
small-world/scale-free,100,37,27,63.0,62.0,97.0,97.0,65.0,65.0,98.0,49.5,0.35591577043807054,4,1
small-world/scale-free,100,37,28,63.0,26.0,89.0,89.0,29.0,29.0,100.0,49.5,0.35591577043807054,4,1
small-world/scale-free,100,37,29,13.0,21.0,17.0,17.0,20.0,20.0,15.0,49.5,0.35591577043807054,4,1
small-world/scale-free,100,37,30,43.0,31.0,78.0,80.0,30.0,30.0,61.0,49.5,0.35591577043807054,4,1
small-world/scale-free,100,37,31,43.0,58.0,43.0,44.0,60.0,60.0,54.0,49.5,0.35591577043807054,4,1
small-world/scale-free,100,37,32,18.0,58.0,42.0,41.0,46.0,46.0,21.0,49.5,0.35591577043807054,4,1
small-world/scale-free,100,37,33,18.0,43.0,23.0,23.0,33.0,33.0,20.0,49.5,0.35591577043807054,4,1
small-world/scale-free,100,37,34,32.0,35.0,27.0,27.0,36.0,36.0,34.0,49.5,0.35591577043807054,4,1
small-world/scale-free,100,37,35,26.0,62.0,22.0,20.0,51.0,51.0,27.0,49.5,0.35591577043807054,4,1
small-world/scale-free,100,37,36,43.0,23.0,61.0,61.0,25.0,25.0,62.0,49.5,0.35591577043807054,4,1
small-world/scale-free,100,37,37,63.0,51.0,93.0,93.0,56.0,56.0,93.0,49.5,0.35591577043807054,4,1
small-world/scale-free,100,37,38,43.0,55.0,58.0,58.0,61.0,61.0,51.0,49.5,0.35591577043807054,4,1
small-world/scale-free,100,37,39,63.0,79.0,97.0,97.0,78.0,78.0,88.0,49.5,0.35591577043807054,4,1
small-world/scale-free,100,37,40,13.0,23.0,16.0,16.0,21.0,21.0,13.0,49.5,0.35591577043807054,4,1
small-world/scale-free,100,37,41,10.0,23.0,11.0,10.0,19.0,19.0,10.0,49.5,0.35591577043807054,4,1
small-world/scale-free,100,37,42,63.0,79.0,63.0,64.0,81.0,81.0,83.0,49.5,0.35591577043807054,4,1
small-world/scale-free,100,37,43,32.0,29.0,20.0,21.0,26.0,26.0,38.0,49.5,0.35591577043807054,4,1
small-world/scale-free,100,37,44,63.0,95.0,85.0,84.0,96.0,96.0,68.0,49.5,0.35591577043807054,4,1
small-world/scale-free,100,37,45,26.0,17.0,37.0,37.0,22.0,22.0,30.0,49.5,0.35591577043807054,4,1
small-world/scale-free,100,37,46,63.0,90.0,86.0,85.0,89.0,89.0,89.0,49.5,0.35591577043807054,4,1
small-world/scale-free,100,37,47,43.0,29.0,73.0,72.0,30.0,30.0,56.0,49.5,0.35591577043807054,4,1
small-world/scale-free,100,37,48,43.0,46.0,25.0,25.0,48.0,48.0,49.0,49.5,0.35591577043807054,4,1
small-world/scale-free,100,37,49,26.0,68.0,36.0,36.0,62.0,62.0,28.0,49.5,0.35591577043807054,4,1
small-world/scale-free,100,37,50,18.0,49.0,28.0,26.0,38.0,38.0,22.0,49.5,0.35591577043807054,4,1
small-world/scale-free,100,37,51,32.0,53.0,44.0,43.0,50.0,50.0,39.0,49.5,0.35591577043807054,4,1
small-world/scale-free,100,37,52,63.0,62.0,87.0,87.0,68.0,68.0,95.0,49.5,0.35591577043807054,4,1
small-world/scale-free,100,37,53,26.0,65.0,21.0,22.0,55.0,55.0,26.0,49.5,0.35591577043807054,4,1
small-world/scale-free,100,37,54,63.0,60.0,71.0,71.0,67.0,67.0,84.0,49.5,0.35591577043807054,4,1
small-world/scale-free,100,37,55,26.0,14.0,19.0,19.0,14.0,14.0,29.0,49.5,0.35591577043807054,4,1
small-world/scale-free,100,37,56,43.0,82.0,60.0,59.0,82.0,82.0,48.0,49.5,0.35591577043807054,4,1
small-world/scale-free,100,37,57,43.0,26.0,48.0,48.0,27.0,27.0,53.0,49.5,0.35591577043807054,4,1
small-world/scale-free,100,37,58,63.0,86.0,66.0,65.0,87.0,87.0,78.0,49.5,0.35591577043807054,4,1
small-world/scale-free,100,37,59,32.0,81.0,54.0,51.0,80.0,80.0,32.0,49.5,0.35591577043807054,4,1
small-world/scale-free,100,37,60,63.0,41.0,97.0,97.0,47.0,47.0,92.0,49.5,0.35591577043807054,4,1
small-world/scale-free,100,37,61,32.0,46.0,31.0,32.0,45.0,45.0,33.0,49.5,0.35591577043807054,4,1
small-world/scale-free,100,37,62,63.0,49.0,96.0,96.0,54.0,54.0,99.0,49.5,0.35591577043807054,4,1
small-world/scale-free,100,37,63,43.0,75.0,59.0,60.0,75.0,75.0,50.0,49.5,0.35591577043807054,4,1
small-world/scale-free,100,37,64,32.0,38.0,32.0,31.0,34.0,34.0,36.0,49.5,0.35591577043807054,4,1
small-world/scale-free,100,37,65,63.0,98.0,80.0,77.0,99.0,99.0,64.0,49.5,0.35591577043807054,4,1
small-world/scale-free,100,37,66,63.0,89.0,82.0,82.0,90.0,90.0,72.0,49.5,0.35591577043807054,4,1
small-world/scale-free,100,37,67,43.0,38.0,68.0,69.0,42.0,42.0,58.0,49.5,0.35591577043807054,4,1
small-world/scale-free,100,37,68,63.0,74.0,74.0,76.0,74.0,74.0,82.0,49.5,0.35591577043807054,4,1
small-world/scale-free,100,37,69,43.0,87.0,51.0,52.0,86.0,86.0,47.0,49.5,0.35591577043807054,4,1
small-world/scale-free,100,37,70,63.0,78.0,53.0,53.0,78.0,78.0,73.0,49.5,0.35591577043807054,4,1
small-world/scale-free,100,37,71,32.0,38.0,41.0,42.0,36.0,36.0,35.0,49.5,0.35591577043807054,4,1
small-world/scale-free,100,37,72,63.0,85.0,77.0,78.0,85.0,85.0,76.0,49.5,0.35591577043807054,4,1
small-world/scale-free,100,37,73,43.0,28.0,39.0,40.0,28.0,28.0,55.0,49.5,0.35591577043807054,4,1
small-world/scale-free,100,37,74,43.0,55.0,34.0,34.0,57.0,57.0,44.0,49.5,0.35591577043807054,4,1
small-world/scale-free,100,37,75,43.0,97.0,67.0,67.0,97.0,97.0,46.0,49.5,0.35591577043807054,4,1
small-world/scale-free,100,37,76,63.0,70.0,50.0,49.0,71.0,71.0,77.0,49.5,0.35591577043807054,4,1
small-world/scale-free,100,37,77,43.0,82.0,40.0,39.0,82.0,82.0,43.0,49.5,0.35591577043807054,4,1
small-world/scale-free,100,37,78,63.0,31.0,81.0,86.0,39.0,39.0,96.0,49.5,0.35591577043807054,4,1
small-world/scale-free,100,37,79,63.0,68.0,88.0,88.0,70.0,70.0,97.0,49.5,0.35591577043807054,4,1
small-world/scale-free,100,37,80,63.0,65.0,69.0,68.0,71.0,71.0,86.0,49.5,0.35591577043807054,4,1
small-world/scale-free,100,37,81,63.0,98.0,94.0,94.0,98.0,98.0,67.0,49.5,0.35591577043807054,4,1
small-world/scale-free,100,37,82,63.0,51.0,52.0,55.0,58.0,58.0,74.0,49.5,0.35591577043807054,4,1
small-world/scale-free,100,37,83,43.0,93.0,56.0,54.0,90.0,90.0,45.0,49.5,0.35591577043807054,4,1
small-world/scale-free,100,37,84,63.0,90.0,76.0,75.0,92.0,92.0,66.0,49.5,0.35591577043807054,4,1
small-world/scale-free,100,37,85,63.0,84.0,70.0,70.0,84.0,84.0,80.0,49.5,0.35591577043807054,4,1
small-world/scale-free,100,37,86,63.0,76.0,55.0,56.0,76.0,76.0,81.0,49.5,0.35591577043807054,4,1
small-world/scale-free,100,37,87,63.0,94.0,95.0,95.0,94.0,94.0,71.0,49.5,0.35591577043807054,4,1
small-world/scale-free,100,37,88,63.0,87.0,84.0,83.0,88.0,88.0,75.0,49.5,0.35591577043807054,4,1
small-world/scale-free,100,37,89,43.0,55.0,62.0,62.0,58.0,58.0,57.0,49.5,0.35591577043807054,4,1
small-world/scale-free,100,37,90,63.0,60.0,92.0,91.0,66.0,66.0,79.0,49.5,0.35591577043807054,4,1
small-world/scale-free,100,37,91,63.0,65.0,89.0,89.0,69.0,69.0,90.0,49.5,0.35591577043807054,4,1
small-world/scale-free,100,37,92,63.0,33.0,83.0,81.0,41.0,41.0,94.0,49.5,0.35591577043807054,4,1
small-world/scale-free,100,37,93,63.0,96.0,65.0,66.0,95.0,95.0,65.0,49.5,0.35591577043807054,4,1
small-world/scale-free,100,37,94,63.0,46.0,47.0,47.0,52.0,52.0,91.0,49.5,0.35591577043807054,4,1
small-world/scale-free,100,37,95,63.0,41.0,72.0,73.0,49.0,49.0,85.0,49.5,0.35591577043807054,4,1
small-world/scale-free,100,37,96,63.0,90.0,97.0,97.0,93.0,93.0,69.0,49.5,0.35591577043807054,4,1
small-world/scale-free,100,37,97,63.0,100.0,75.0,74.0,100.0,100.0,63.0,49.5,0.35591577043807054,4,1
small-world/scale-free,100,37,98,63.0,77.0,91.0,92.0,77.0,77.0,87.0,49.5,0.35591577043807054,4,1
small-world/scale-free,100,37,99,63.0,70.0,46.0,45.0,71.0,71.0,70.0,49.5,0.35591577043807054,4,1
small-world/scale-free,100,38,0,4.0,4.0,4.0,4.0,4.0,4.0,4.0,49.5,0.35802556780949557,4,1
small-world/scale-free,100,38,1,1.0,1.0,1.0,1.0,1.0,1.0,1.0,49.5,0.35802556780949557,4,1
small-world/scale-free,100,38,2,12.0,26.0,13.0,14.0,20.0,20.0,13.0,49.5,0.35802556780949557,4,1
small-world/scale-free,100,38,3,2.0,3.0,2.0,2.0,2.0,2.0,2.0,49.5,0.35802556780949557,4,1
small-world/scale-free,100,38,4,3.0,2.0,3.0,3.0,3.0,3.0,3.0,49.5,0.35802556780949557,4,1
small-world/scale-free,100,38,5,18.0,8.0,17.0,18.0,11.0,11.0,25.0,49.5,0.35802556780949557,4,1
small-world/scale-free,100,38,6,31.0,10.0,28.0,31.0,14.0,14.0,44.0,49.5,0.35802556780949557,4,1
small-world/scale-free,100,38,7,18.0,12.0,26.0,26.0,15.0,15.0,26.0,49.5,0.35802556780949557,4,1
small-world/scale-free,100,38,8,9.0,5.0,11.0,12.0,6.0,6.0,10.0,49.5,0.35802556780949557,4,1
small-world/scale-free,100,38,9,7.0,7.0,8.0,8.0,8.0,8.0,8.0,49.5,0.35802556780949557,4,1
small-world/scale-free,100,38,10,5.0,6.0,7.0,6.0,5.0,5.0,5.0,49.5,0.35802556780949557,4,1
small-world/scale-free,100,38,11,31.0,21.0,30.0,29.0,25.0,25.0,40.0,49.5,0.35802556780949557,4,1
small-world/scale-free,100,38,12,11.0,11.0,6.0,7.0,9.0,9.0,11.0,49.5,0.35802556780949557,4,1
small-world/scale-free,100,38,13,45.0,20.0,55.0,55.0,26.0,26.0,59.0,49.5,0.35802556780949557,4,1
small-world/scale-free,100,38,14,6.0,9.0,5.0,5.0,7.0,7.0,6.0,49.5,0.35802556780949557,4,1
small-world/scale-free,100,38,15,18.0,33.0,25.0,25.0,28.0,28.0,21.0,49.5,0.35802556780949557,4,1
small-world/scale-free,100,38,16,15.0,25.0,20.0,19.0,23.0,23.0,17.0,49.5,0.35802556780949557,4,1
small-world/scale-free,100,38,17,7.0,24.0,10.0,10.0,13.0,13.0,7.0,49.5,0.35802556780949557,4,1
small-world/scale-free,100,38,18,9.0,13.0,9.0,9.0,10.0,10.0,9.0,49.5,0.35802556780949557,4,1
small-world/scale-free,100,38,19,31.0,21.0,41.0,42.0,24.0,24.0,43.0,49.5,0.35802556780949557,4,1
small-world/scale-free,100,38,20,14.0,17.0,15.0,15.0,17.0,17.0,14.0,49.5,0.35802556780949557,4,1
small-world/scale-free,100,38,21,18.0,23.0,23.0,23.0,22.0,22.0,24.0,49.5,0.35802556780949557,4,1
small-world/scale-free,100,38,22,31.0,47.0,54.0,56.0,46.0,46.0,42.0,49.5,0.35802556780949557,4,1
small-world/scale-free,100,38,23,45.0,31.0,39.0,39.0,38.0,38.0,58.0,49.5,0.35802556780949557,4,1
small-world/scale-free,100,38,24,12.0,15.0,12.0,11.0,12.0,12.0,12.0,49.5,0.35802556780949557,4,1
small-world/scale-free,100,38,25,31.0,66.0,46.0,47.0,57.0,57.0,38.0,49.5,0.35802556780949557,4,1
small-world/scale-free,100,38,26,18.0,19.0,19.0,20.0,18.0,18.0,23.0,49.5,0.35802556780949557,4,1
small-world/scale-free,100,38,27,27.0,32.0,29.0,28.0,30.0,30.0,30.0,49.5,0.35802556780949557,4,1
small-world/scale-free,100,38,28,45.0,39.0,59.0,60.0,43.0,43.0,57.0,49.5,0.35802556780949557,4,1
small-world/scale-free,100,38,29,45.0,27.0,43.0,44.0,29.0,29.0,60.0,49.5,0.35802556780949557,4,1
small-world/scale-free,100,38,30,15.0,13.0,14.0,13.0,15.0,15.0,16.0,49.5,0.35802556780949557,4,1
small-world/scale-free,100,38,31,31.0,44.0,42.0,45.0,41.0,41.0,41.0,49.5,0.35802556780949557,4,1
small-world/scale-free,100,38,32,18.0,37.0,31.0,32.0,32.0,32.0,19.0,49.5,0.35802556780949557,4,1
small-world/scale-free,100,38,33,31.0,53.0,58.0,61.0,49.0,49.0,35.0,49.5,0.35802556780949557,4,1
small-world/scale-free,100,38,34,15.0,45.0,18.0,17.0,31.0,31.0,15.0,49.5,0.35802556780949557,4,1
small-world/scale-free,100,38,35,45.0,61.0,56.0,54.0,55.0,55.0,55.0,49.5,0.35802556780949557,4,1
small-world/scale-free,100,38,36,18.0,40.0,51.0,48.0,37.0,37.0,22.0,49.5,0.35802556780949557,4,1
small-world/scale-free,100,38,37,63.0,49.0,75.0,73.0,59.0,59.0,95.0,49.5,0.35802556780949557,4,1
small-world/scale-free,100,38,38,63.0,30.0,73.0,76.0,36.0,36.0,98.0,49.5,0.35802556780949557,4,1
small-world/scale-free,100,38,39,18.0,16.0,16.0,16.0,19.0,19.0,20.0,49.5,0.35802556780949557,4,1
small-world/scale-free,100,38,40,45.0,76.0,66.0,65.0,74.0,74.0,53.0,49.5,0.35802556780949557,4,1
small-world/scale-free,100,38,41,45.0,76.0,44.0,40.0,73.0,73.0,52.0,49.5,0.35802556780949557,4,1
small-world/scale-free,100,38,42,18.0,40.0,21.0,21.0,34.0,34.0,18.0,49.5,0.35802556780949557,4,1
small-world/scale-free,100,38,43,31.0,59.0,37.0,37.0,53.0,53.0,36.0,49.5,0.35802556780949557,4,1
small-world/scale-free,100,38,44,31.0,27.0,24.0,24.0,27.0,27.0,34.0,49.5,0.35802556780949557,4,1
small-world/scale-free,100,38,45,45.0,53.0,77.0,77.0,52.0,52.0,61.0,49.5,0.35802556780949557,4,1
small-world/scale-free,100,38,46,31.0,73.0,32.0,30.0,68.0,68.0,31.0,49.5,0.35802556780949557,4,1
small-world/scale-free,100,38,47,63.0,75.0,52.0,49.0,78.0,78.0,82.0,49.5,0.35802556780949557,4,1
small-world/scale-free,100,38,48,27.0,49.0,27.0,27.0,44.0,44.0,27.0,49.5,0.35802556780949557,4,1
small-world/scale-free,100,38,49,63.0,95.0,97.0,97.0,93.0,93.0,80.0,49.5,0.35802556780949557,4,1
small-world/scale-free,100,38,50,63.0,33.0,91.0,94.0,38.0,38.0,99.0,49.5,0.35802556780949557,4,1
small-world/scale-free,100,38,51,31.0,43.0,49.0,51.0,41.0,41.0,37.0,49.5,0.35802556780949557,4,1
small-world/scale-free,100,38,52,45.0,27.0,47.0,52.0,33.0,33.0,62.0,49.5,0.35802556780949557,4,1
small-world/scale-free,100,38,53,63.0,80.0,96.0,96.0,80.0,80.0,90.0,49.5,0.35802556780949557,4,1
small-world/scale-free,100,38,54,63.0,48.0,79.0,79.0,50.0,50.0,94.0,49.5,0.35802556780949557,4,1
small-world/scale-free,100,38,55,45.0,60.0,63.0,63.0,61.0,61.0,54.0,49.5,0.35802556780949557,4,1
small-world/scale-free,100,38,56,63.0,61.0,67.0,70.0,66.0,66.0,86.0,49.5,0.35802556780949557,4,1
small-world/scale-free,100,38,57,27.0,63.0,34.0,34.0,58.0,58.0,28.0,49.5,0.35802556780949557,4,1
small-world/scale-free,100,38,58,31.0,91.0,40.0,41.0,82.0,82.0,32.0,49.5,0.35802556780949557,4,1
small-world/scale-free,100,38,59,45.0,53.0,57.0,57.0,56.0,56.0,56.0,49.5,0.35802556780949557,4,1
small-world/scale-free,100,38,60,63.0,65.0,89.0,89.0,70.0,70.0,83.0,49.5,0.35802556780949557,4,1
small-world/scale-free,100,38,61,63.0,81.0,60.0,59.0,80.0,80.0,89.0,49.5,0.35802556780949557,4,1
small-world/scale-free,100,38,62,63.0,93.0,68.0,66.0,94.0,94.0,69.0,49.5,0.35802556780949557,4,1
small-world/scale-free,100,38,63,45.0,87.0,45.0,43.0,86.0,86.0,45.0,49.5,0.35802556780949557,4,1
small-world/scale-free,100,38,64,45.0,71.0,61.0,62.0,72.0,72.0,49.0,49.5,0.35802556780949557,4,1
small-world/scale-free,100,38,65,31.0,66.0,70.0,71.0,64.0,64.0,33.0,49.5,0.35802556780949557,4,1
small-world/scale-free,100,38,66,63.0,73.0,65.0,67.0,76.0,76.0,75.0,49.5,0.35802556780949557,4,1
small-world/scale-free,100,38,67,63.0,97.0,84.0,84.0,97.0,97.0,63.0,49.5,0.35802556780949557,4,1
small-world/scale-free,100,38,68,63.0,53.0,69.0,69.0,54.0,54.0,93.0,49.5,0.35802556780949557,4,1
small-world/scale-free,100,38,69,63.0,93.0,86.0,86.0,92.0,92.0,72.0,49.5,0.35802556780949557,4,1
small-world/scale-free,100,38,70,63.0,38.0,81.0,83.0,45.0,45.0,97.0,49.5,0.35802556780949557,4,1
small-world/scale-free,100,38,71,63.0,33.0,91.0,94.0,38.0,38.0,99.0,49.5,0.35802556780949557,4,1
small-world/scale-free,100,38,72,45.0,79.0,83.0,82.0,77.0,77.0,51.0,49.5,0.35802556780949557,4,1
small-world/scale-free,100,38,73,31.0,33.0,38.0,38.0,35.0,35.0,39.0,49.5,0.35802556780949557,4,1
small-world/scale-free,100,38,74,63.0,84.0,74.0,74.0,85.0,85.0,77.0,49.5,0.35802556780949557,4,1
small-world/scale-free,100,38,75,27.0,17.0,22.0,22.0,21.0,21.0,29.0,49.5,0.35802556780949557,4,1
small-world/scale-free,100,38,76,63.0,90.0,90.0,92.0,91.0,91.0,71.0,49.5,0.35802556780949557,4,1
small-world/scale-free,100,38,77,63.0,57.0,64.0,64.0,63.0,63.0,76.0,49.5,0.35802556780949557,4,1
small-world/scale-free,100,38,78,63.0,40.0,87.0,88.0,47.0,47.0,96.0,49.5,0.35802556780949557,4,1
small-world/scale-free,100,38,79,63.0,91.0,80.0,80.0,90.0,90.0,78.0,49.5,0.35802556780949557,4,1
small-world/scale-free,100,38,80,45.0,46.0,35.0,35.0,48.0,48.0,48.0,49.5,0.35802556780949557,4,1
small-world/scale-free,100,38,81,63.0,84.0,88.0,87.0,88.0,88.0,74.0,49.5,0.35802556780949557,4,1
small-world/scale-free,100,38,82,63.0,57.0,94.0,91.0,62.0,62.0,85.0,49.5,0.35802556780949557,4,1
small-world/scale-free,100,38,83,63.0,78.0,82.0,81.0,79.0,79.0,79.0,49.5,0.35802556780949557,4,1
small-world/scale-free,100,38,84,45.0,69.0,36.0,36.0,67.0,67.0,47.0,49.5,0.35802556780949557,4,1
small-world/scale-free,100,38,85,45.0,51.0,33.0,33.0,51.0,51.0,50.0,49.5,0.35802556780949557,4,1
small-world/scale-free,100,38,86,63.0,83.0,62.0,58.0,83.0,83.0,68.0,49.5,0.35802556780949557,4,1
small-world/scale-free,100,38,87,63.0,51.0,72.0,72.0,60.0,60.0,92.0,49.5,0.35802556780949557,4,1
small-world/scale-free,100,38,88,63.0,63.0,50.0,50.0,65.0,65.0,84.0,49.5,0.35802556780949557,4,1
small-world/scale-free,100,38,89,63.0,98.0,71.0,68.0,99.0,99.0,64.0,49.5,0.35802556780949557,4,1
small-world/scale-free,100,38,90,45.0,71.0,53.0,53.0,69.0,69.0,46.0,49.5,0.35802556780949557,4,1
small-world/scale-free,100,38,91,63.0,66.0,97.0,97.0,71.0,71.0,91.0,49.5,0.35802556780949557,4,1
small-world/scale-free,100,38,92,63.0,96.0,97.0,97.0,98.0,98.0,70.0,49.5,0.35802556780949557,4,1
small-world/scale-free,100,38,93,63.0,84.0,93.0,90.0,84.0,84.0,88.0,49.5,0.35802556780949557,4,1
small-world/scale-free,100,38,94,63.0,87.0,76.0,75.0,89.0,89.0,81.0,49.5,0.35802556780949557,4,1
small-world/scale-free,100,38,95,63.0,100.0,95.0,93.0,100.0,100.0,65.0,49.5,0.35802556780949557,4,1
small-world/scale-free,100,38,96,63.0,81.0,48.0,46.0,87.0,87.0,66.0,49.5,0.35802556780949557,4,1
small-world/scale-free,100,38,97,63.0,99.0,78.0,78.0,96.0,96.0,73.0,49.5,0.35802556780949557,4,1
small-world/scale-free,100,38,98,63.0,87.0,85.0,85.0,95.0,95.0,67.0,49.5,0.35802556780949557,4,1
small-world/scale-free,100,38,99,63.0,70.0,97.0,97.0,75.0,75.0,87.0,49.5,0.35802556780949557,4,1
