small-world/scale-free,100,3,0,6.0,5.0,6.0,6.0,5.0,5.0,6.0,49.5,0.33949085548319663,4,1
small-world/scale-free,100,3,1,2.0,2.0,2.0,2.0,2.0,2.0,2.0,49.5,0.33949085548319663,4,1
small-world/scale-free,100,3,2,18.0,17.0,23.0,31.0,17.0,17.0,25.0,49.5,0.33949085548319663,4,1
small-world/scale-free,100,3,3,1.0,1.0,1.0,1.0,1.0,1.0,1.0,49.5,0.33949085548319663,4,1
small-world/scale-free,100,3,4,8.0,9.0,10.0,10.0,8.0,8.0,9.0,49.5,0.33949085548319663,4,1
small-world/scale-free,100,3,5,18.0,11.0,20.0,22.0,12.0,12.0,28.0,49.5,0.33949085548319663,4,1
small-world/scale-free,100,3,6,7.0,8.0,7.0,7.0,7.0,7.0,7.0,49.5,0.33949085548319663,4,1
small-world/scale-free,100,3,7,29.0,81.0,54.0,53.0,77.0,77.0,38.0,49.5,0.33949085548319663,4,1
small-world/scale-free,100,3,8,4.0,6.0,5.0,5.0,6.0,6.0,4.0,49.5,0.33949085548319663,4,1
small-world/scale-free,100,3,9,3.0,4.0,3.0,3.0,3.0,3.0,3.0,49.5,0.33949085548319663,4,1
small-world/scale-free,100,3,10,4.0,3.0,4.0,4.0,4.0,4.0,5.0,49.5,0.33949085548319663,4,1
small-world/scale-free,100,3,11,11.0,12.0,15.0,15.0,13.0,13.0,12.0,49.5,0.33949085548319663,4,1
small-world/scale-free,100,3,12,63.0,68.0,81.0,82.0,71.0,71.0,84.0,49.5,0.33949085548319663,4,1
small-world/scale-free,100,3,13,29.0,19.0,38.0,39.0,18.0,18.0,43.0,49.5,0.33949085548319663,4,1
small-world/scale-free,100,3,14,44.0,25.0,44.0,47.0,27.0,27.0,60.0,49.5,0.33949085548319663,4,1
small-world/scale-free,100,3,15,11.0,7.0,9.0,9.0,9.0,9.0,11.0,49.5,0.33949085548319663,4,1
small-world/scale-free,100,3,16,10.0,28.0,18.0,17.0,20.0,20.0,10.0,49.5,0.33949085548319663,4,1
small-world/scale-free,100,3,17,13.0,9.0,11.0,11.0,11.0,11.0,16.0,49.5,0.33949085548319663,4,1
small-world/scale-free,100,3,18,13.0,12.0,28.0,27.0,14.0,14.0,17.0,49.5,0.33949085548319663,4,1
small-world/scale-free,100,3,19,63.0,23.0,87.0,89.0,29.0,29.0,98.0,49.5,0.33949085548319663,4,1
small-world/scale-free,100,3,20,44.0,40.0,52.0,52.0,41.0,41.0,59.0,49.5,0.33949085548319663,4,1
small-world/scale-free,100,3,21,44.0,42.0,86.0,86.0,44.0,44.0,62.0,49.5,0.33949085548319663,4,1
small-world/scale-free,100,3,22,29.0,32.0,24.0,29.0,31.0,31.0,39.0,49.5,0.33949085548319663,4,1
small-world/scale-free,100,3,23,44.0,32.0,63.0,64.0,36.0,36.0,61.0,49.5,0.33949085548319663,4,1
small-world/scale-free,100,3,24,13.0,15.0,25.0,23.0,15.0,15.0,15.0,49.5,0.33949085548319663,4,1
small-world/scale-free,100,3,25,29.0,28.0,17.0,18.0,27.0,27.0,32.0,49.5,0.33949085548319663,4,1
small-world/scale-free,100,3,26,63.0,60.0,95.0,95.0,62.0,62.0,90.0,49.5,0.33949085548319663,4,1
small-world/scale-free,100,3,27,44.0,63.0,42.0,42.0,65.0,65.0,54.0,49.5,0.33949085548319663,4,1
small-world/scale-free,100,3,28,13.0,17.0,19.0,19.0,16.0,16.0,13.0,49.5,0.33949085548319663,4,1
small-world/scale-free,100,3,29,13.0,23.0,13.0,13.0,21.0,21.0,14.0,49.5,0.33949085548319663,4,1
small-world/scale-free,100,3,30,63.0,53.0,84.0,85.0,53.0,53.0,89.0,49.5,0.33949085548319663,4,1
small-world/scale-free,100,3,31,29.0,63.0,26.0,24.0,59.0,59.0,34.0,49.5,0.33949085548319663,4,1
small-world/scale-free,100,3,32,8.0,14.0,8.0,8.0,10.0,10.0,8.0,49.5,0.33949085548319663,4,1
small-world/scale-free,100,3,33,18.0,31.0,48.0,46.0,26.0,26.0,26.0,49.5,0.33949085548319663,4,1
small-world/scale-free,100,3,34,18.0,66.0,31.0,30.0,61.0,61.0,20.0,49.5,0.33949085548319663,4,1
small-world/scale-free,100,3,35,29.0,21.0,12.0,12.0,23.0,23.0,37.0,49.5,0.33949085548319663,4,1
small-world/scale-free,100,3,36,44.0,54.0,39.0,37.0,55.0,55.0,51.0,49.5,0.33949085548319663,4,1
small-world/scale-free,100,3,37,29.0,75.0,41.0,40.0,80.0,80.0,30.0,49.5,0.33949085548319663,4,1
small-world/scale-free,100,3,38,63.0,26.0,95.0,95.0,34.0,34.0,99.0,49.5,0.33949085548319663,4,1
small-world/scale-free,100,3,39,29.0,32.0,51.0,51.0,31.0,31.0,42.0,49.5,0.33949085548319663,4,1
small-world/scale-free,100,3,40,44.0,85.0,64.0,62.0,81.0,81.0,50.0,49.5,0.33949085548319663,4,1
small-world/scale-free,100,3,41,44.0,50.0,43.0,43.0,50.0,50.0,52.0,49.5,0.33949085548319663,4,1
small-world/scale-free,100,3,42,18.0,72.0,40.0,41.0,66.0,66.0,22.0,49.5,0.33949085548319663,4,1
small-world/scale-free,100,3,43,63.0,40.0,95.0,95.0,45.0,45.0,94.0,49.5,0.33949085548319663,4,1
small-world/scale-free,100,3,44,29.0,32.0,46.0,48.0,30.0,30.0,41.0,49.5,0.33949085548319663,4,1
small-world/scale-free,100,3,45,44.0,62.0,60.0,59.0,63.0,63.0,53.0,49.5,0.33949085548319663,4,1
small-world/scale-free,100,3,46,18.0,42.0,34.0,34.0,38.0,38.0,24.0,49.5,0.33949085548319663,4,1
small-world/scale-free,100,3,47,63.0,45.0,50.0,49.0,49.0,49.0,87.0,49.5,0.33949085548319663,4,1
small-world/scale-free,100,3,48,18.0,28.0,16.0,16.0,24.0,24.0,23.0,49.5,0.33949085548319663,4,1
small-world/scale-free,100,3,49,44.0,76.0,67.0,66.0,75.0,75.0,47.0,49.5,0.33949085548319663,4,1
small-world/scale-free,100,3,50,44.0,70.0,35.0,35.0,68.0,68.0,49.0,49.5,0.33949085548319663,4,1
small-world/scale-free,100,3,51,63.0,54.0,62.0,65.0,57.0,57.0,85.0,49.5,0.33949085548319663,4,1
small-world/scale-free,100,3,52,63.0,54.0,71.0,69.0,60.0,60.0,86.0,49.5,0.33949085548319663,4,1
small-world/scale-free,100,3,53,63.0,92.0,76.0,76.0,90.0,90.0,71.0,49.5,0.33949085548319663,4,1
small-world/scale-free,100,3,54,29.0,37.0,27.0,26.0,36.0,36.0,40.0,49.5,0.33949085548319663,4,1
small-world/scale-free,100,3,55,63.0,78.0,93.0,93.0,82.0,82.0,80.0,49.5,0.33949085548319663,4,1
small-world/scale-free,100,3,56,18.0,21.0,33.0,33.0,19.0,19.0,27.0,49.5,0.33949085548319663,4,1
small-world/scale-free,100,3,57,29.0,87.0,29.0,25.0,83.0,83.0,29.0,49.5,0.33949085548319663,4,1
small-world/scale-free,100,3,58,44.0,50.0,66.0,68.0,48.0,48.0,58.0,49.5,0.33949085548319663,4,1
small-world/scale-free,100,3,59,29.0,46.0,49.0,50.0,42.0,42.0,36.0,49.5,0.33949085548319663,4,1
small-world/scale-free,100,3,60,63.0,15.0,65.0,75.0,22.0,22.0,97.0,49.5,0.33949085548319663,4,1
small-world/scale-free,100,3,61,63.0,89.0,94.0,94.0,89.0,89.0,79.0,49.5,0.33949085548319663,4,1
small-world/scale-free,100,3,62,63.0,26.0,89.0,88.0,34.0,34.0,95.0,49.5,0.33949085548319663,4,1
small-world/scale-free,100,3,63,44.0,59.0,70.0,70.0,57.0,57.0,55.0,49.5,0.33949085548319663,4,1
small-world/scale-free,100,3,64,18.0,81.0,21.0,21.0,73.0,73.0,21.0,49.5,0.33949085548319663,4,1
small-world/scale-free,100,3,65,44.0,72.0,47.0,45.0,70.0,70.0,48.0,49.5,0.33949085548319663,4,1
small-world/scale-free,100,3,66,29.0,37.0,14.0,14.0,33.0,33.0,31.0,49.5,0.33949085548319663,4,1
small-world/scale-free,100,3,67,63.0,99.0,58.0,57.0,98.0,98.0,65.0,49.5,0.33949085548319663,4,1
small-world/scale-free,100,3,68,29.0,46.0,37.0,36.0,42.0,42.0,35.0,49.5,0.33949085548319663,4,1
small-world/scale-free,100,3,69,63.0,76.0,80.0,80.0,79.0,79.0,88.0,49.5,0.33949085548319663,4,1
small-world/scale-free,100,3,70,63.0,81.0,83.0,83.0,84.0,84.0,76.0,49.5,0.33949085548319663,4,1
small-world/scale-free,100,3,71,44.0,54.0,36.0,38.0,56.0,56.0,46.0,49.5,0.33949085548319663,4,1
small-world/scale-free,100,3,72,18.0,54.0,22.0,20.0,51.0,51.0,19.0,49.5,0.33949085548319663,4,1
small-world/scale-free,100,3,73,18.0,78.0,32.0,32.0,73.0,73.0,18.0,49.5,0.33949085548319663,4,1
small-world/scale-free,100,3,74,63.0,63.0,55.0,54.0,67.0,67.0,83.0,49.5,0.33949085548319663,4,1
small-world/scale-free,100,3,75,44.0,93.0,45.0,44.0,91.0,91.0,44.0,49.5,0.33949085548319663,4,1
small-world/scale-free,100,3,76,44.0,95.0,57.0,58.0,95.0,95.0,45.0,49.5,0.33949085548319663,4,1
small-world/scale-free,100,3,77,63.0,94.0,75.0,74.0,94.0,94.0,68.0,49.5,0.33949085548319663,4,1
small-world/scale-free,100,3,78,63.0,78.0,59.0,60.0,85.0,85.0,74.0,49.5,0.33949085548319663,4,1
small-world/scale-free,100,3,79,100.0,86.0,95.0,95.0,88.0,88.0,100.0,49.5,0.33949085548319663,4,1
small-world/scale-free,100,3,80,63.0,100.0,88.0,87.0,99.0,99.0,67.0,49.5,0.33949085548319663,4,1
small-world/scale-free,100,3,81,63.0,90.0,79.0,78.0,93.0,93.0,70.0,49.5,0.33949085548319663,4,1
small-world/scale-free,100,3,82,63.0,84.0,82.0,79.0,86.0,86.0,73.0,49.5,0.33949085548319663,4,1
small-world/scale-free,100,3,83,63.0,61.0,95.0,95.0,64.0,64.0,91.0,49.5,0.33949085548319663,4,1
small-world/scale-free,100,3,84,29.0,42.0,30.0,28.0,39.0,39.0,33.0,49.5,0.33949085548319663,4,1
small-world/scale-free,100,3,85,63.0,66.0,92.0,92.0,69.0,69.0,77.0,49.5,0.33949085548319663,4,1
small-world/scale-free,100,3,86,63.0,49.0,95.0,95.0,52.0,52.0,93.0,49.5,0.33949085548319663,4,1
small-world/scale-free,100,3,87,63.0,96.0,61.0,61.0,97.0,97.0,64.0,49.5,0.33949085548319663,4,1
small-world/scale-free,100,3,88,44.0,48.0,56.0,56.0,47.0,47.0,56.0,49.5,0.33949085548319663,4,1
small-world/scale-free,100,3,89,63.0,70.0,69.0,63.0,78.0,78.0,75.0,49.5,0.33949085548319663,4,1
small-world/scale-free,100,3,90,63.0,20.0,72.0,73.0,25.0,25.0,96.0,49.5,0.33949085548319663,4,1
small-world/scale-free,100,3,91,44.0,32.0,53.0,55.0,40.0,40.0,57.0,49.5,0.33949085548319663,4,1
small-world/scale-free,100,3,92,63.0,68.0,73.0,71.0,71.0,71.0,78.0,49.5,0.33949085548319663,4,1
small-world/scale-free,100,3,93,63.0,96.0,90.0,90.0,96.0,96.0,69.0,49.5,0.33949085548319663,4,1
small-world/scale-free,100,3,94,63.0,39.0,85.0,84.0,46.0,46.0,92.0,49.5,0.33949085548319663,4,1
small-world/scale-free,100,3,95,63.0,90.0,74.0,72.0,92.0,92.0,66.0,49.5,0.33949085548319663,4,1
small-world/scale-free,100,3,96,63.0,52.0,78.0,81.0,53.0,53.0,81.0,49.5,0.33949085548319663,4,1
small-world/scale-free,100,3,97,63.0,72.0,77.0,77.0,76.0,76.0,82.0,49.5,0.33949085548319663,4,1
small-world/scale-free,100,3,98,63.0,98.0,68.0,67.0,100.0,100.0,63.0,49.5,0.33949085548319663,4,1
small-world/scale-free,100,3,99,63.0,88.0,91.0,91.0,87.0,87.0,72.0,49.5,0.33949085548319663,4,1
small-world/scale-free,100,4,0,2.0,5.0,3.0,3.0,4.0,4.0,2.0,49.5,0.38820258551517123,4,1
small-world/scale-free,100,4,1,57.0,82.0,65.0,65.0,83.0,83.0,63.0,49.5,0.38820258551517123,4,1
small-world/scale-free,100,4,2,9.0,9.0,11.0,10.0,9.0,9.0,10.0,49.5,0.38820258551517123,4,1
small-world/scale-free,100,4,3,7.0,4.0,5.0,5.0,5.0,5.0,7.0,49.5,0.38820258551517123,4,1
small-world/scale-free,100,4,4,2.0,1.0,2.0,2.0,1.0,1.0,3.0,49.5,0.38820258551517123,4,1
small-world/scale-free,100,4,5,11.0,11.0,10.0,11.0,12.0,12.0,11.0,49.5,0.38820258551517123,4,1
small-world/scale-free,100,4,6,24.0,36.0,49.0,45.0,37.0,37.0,30.0,49.5,0.38820258551517123,4,1
small-world/scale-free,100,4,7,24.0,33.0,37.0,38.0,33.0,33.0,34.0,49.5,0.38820258551517123,4,1
small-world/scale-free,100,4,8,4.0,3.0,4.0,4.0,3.0,3.0,4.0,49.5,0.38820258551517123,4,1
small-world/scale-free,100,4,9,1.0,2.0,1.0,1.0,2.0,2.0,1.0,49.5,0.38820258551517123,4,1
small-world/scale-free,100,4,10,5.0,6.0,6.0,6.0,6.0,6.0,6.0,49.5,0.38820258551517123,4,1
small-world/scale-free,100,4,11,8.0,7.0,8.0,8.0,8.0,8.0,8.0,49.5,0.38820258551517123,4,1
small-world/scale-free,100,4,12,11.0,11.0,12.0,12.0,11.0,11.0,12.0,49.5,0.38820258551517123,4,1
small-world/scale-free,100,4,13,21.0,25.0,27.0,27.0,22.0,22.0,22.0,49.5,0.38820258551517123,4,1
small-world/scale-free,100,4,14,14.0,20.0,16.0,16.0,18.0,18.0,16.0,49.5,0.38820258551517123,4,1
small-world/scale-free,100,4,15,24.0,44.0,44.0,43.0,41.0,41.0,33.0,49.5,0.38820258551517123,4,1
small-world/scale-free,100,4,16,9.0,9.0,9.0,9.0,9.0,9.0,9.0,49.5,0.38820258551517123,4,1
small-world/scale-free,100,4,17,5.0,8.0,7.0,7.0,7.0,7.0,5.0,49.5,0.38820258551517123,4,1
small-world/scale-free,100,4,18,17.0,16.0,23.0,24.0,17.0,17.0,20.0,49.5,0.38820258551517123,4,1
small-world/scale-free,100,4,19,57.0,42.0,61.0,63.0,44.0,44.0,94.0,49.5,0.38820258551517123,4,1
small-world/scale-free,100,4,20,24.0,25.0,30.0,30.0,24.0,24.0,31.0,49.5,0.38820258551517123,4,1
small-world/scale-free,100,4,21,57.0,47.0,95.0,95.0,49.0,49.0,97.0,49.5,0.38820258551517123,4,1
small-world/scale-free,100,4,22,21.0,14.0,18.0,18.0,15.0,15.0,23.0,49.5,0.38820258551517123,4,1
small-world/scale-free,100,4,23,36.0,38.0,42.0,42.0,39.0,39.0,47.0,49.5,0.38820258551517123,4,1
small-world/scale-free,100,4,24,17.0,24.0,17.0,17.0,20.0,20.0,19.0,49.5,0.38820258551517123,4,1
small-world/scale-free,100,4,25,14.0,13.0,14.0,14.0,14.0,14.0,15.0,49.5,0.38820258551517123,4,1
small-world/scale-free,100,4,26,57.0,66.0,58.0,58.0,68.0,68.0,88.0,49.5,0.38820258551517123,4,1
small-world/scale-free,100,4,27,36.0,35.0,48.0,47.0,35.0,35.0,56.0,49.5,0.38820258551517123,4,1
small-world/scale-free,100,4,28,36.0,73.0,79.0,79.0,71.0,71.0,49.0,49.5,0.38820258551517123,4,1
small-world/scale-free,100,4,29,36.0,50.0,51.0,51.0,51.0,51.0,48.0,49.5,0.38820258551517123,4,1
small-world/scale-free,100,4,30,57.0,21.0,95.0,95.0,26.0,26.0,100.0,49.5,0.38820258551517123,4,1
small-world/scale-free,100,4,31,24.0,17.0,20.0,21.0,19.0,19.0,35.0,49.5,0.38820258551517123,4,1
small-world/scale-free,100,4,32,57.0,38.0,82.0,83.0,42.0,42.0,98.0,49.5,0.38820258551517123,4,1
small-world/scale-free,100,4,33,24.0,58.0,21.0,20.0,55.0,55.0,26.0,49.5,0.38820258551517123,4,1
small-world/scale-free,100,4,34,17.0,58.0,19.0,19.0,45.0,45.0,17.0,49.5,0.38820258551517123,4,1
small-world/scale-free,100,4,35,36.0,50.0,35.0,35.0,48.0,48.0,46.0,49.5,0.38820258551517123,4,1
small-world/scale-free,100,4,36,36.0,58.0,70.0,71.0,57.0,57.0,51.0,49.5,0.38820258551517123,4,1
small-world/scale-free,100,4,37,57.0,42.0,54.0,55.0,46.0,46.0,72.0,49.5,0.38820258551517123,4,1
small-world/scale-free,100,4,38,57.0,91.0,92.0,91.0,91.0,91.0,79.0,49.5,0.38820258551517123,4,1
small-world/scale-free,100,4,39,36.0,30.0,46.0,49.0,33.0,33.0,53.0,49.5,0.38820258551517123,4,1
small-world/scale-free,100,4,40,13.0,14.0,13.0,13.0,13.0,13.0,13.0,49.5,0.38820258551517123,4,1
small-world/scale-free,100,4,41,57.0,71.0,57.0,57.0,75.0,75.0,68.0,49.5,0.38820258551517123,4,1
small-world/scale-free,100,4,42,36.0,23.0,38.0,40.0,23.0,23.0,55.0,49.5,0.38820258551517123,4,1
small-world/scale-free,100,4,43,14.0,18.0,15.0,15.0,16.0,16.0,14.0,49.5,0.38820258551517123,4,1
small-world/scale-free,100,4,44,36.0,46.0,28.0,31.0,49.0,49.0,42.0,49.5,0.38820258551517123,4,1
small-world/scale-free,100,4,45,36.0,18.0,33.0,34.0,21.0,21.0,50.0,49.5,0.38820258551517123,4,1
small-world/scale-free,100,4,46,36.0,93.0,50.0,50.0,93.0,93.0,39.0,49.5,0.38820258551517123,4,1
small-world/scale-free,100,4,47,21.0,56.0,40.0,39.0,43.0,43.0,21.0,49.5,0.38820258551517123,4,1
small-world/scale-free,100,4,48,24.0,66.0,29.0,29.0,60.0,60.0,25.0,49.5,0.38820258551517123,4,1
small-world/scale-free,100,4,49,24.0,29.0,22.0,23.0,24.0,24.0,32.0,49.5,0.38820258551517123,4,1
small-world/scale-free,100,4,50,24.0,30.0,24.0,22.0,27.0,27.0,29.0,49.5,0.38820258551517123,4,1
small-world/scale-free,100,4,51,36.0,92.0,55.0,54.0,92.0,92.0,40.0,49.5,0.38820258551517123,4,1
small-world/scale-free,100,4,52,36.0,62.0,52.0,52.0,58.0,58.0,54.0,49.5,0.38820258551517123,4,1
small-world/scale-free,100,4,53,57.0,87.0,76.0,75.0,90.0,90.0,62.0,49.5,0.38820258551517123,4,1
small-world/scale-free,100,4,54,57.0,63.0,69.0,69.0,68.0,68.0,92.0,49.5,0.38820258551517123,4,1
small-world/scale-free,100,4,55,57.0,66.0,63.0,62.0,66.0,66.0,75.0,49.5,0.38820258551517123,4,1
small-world/scale-free,100,4,56,36.0,63.0,36.0,36.0,63.0,63.0,37.0,49.5,0.38820258551517123,4,1
small-world/scale-free,100,4,57,57.0,21.0,64.0,68.0,29.0,29.0,93.0,49.5,0.38820258551517123,4,1
small-world/scale-free,100,4,58,57.0,25.0,95.0,95.0,36.0,36.0,99.0,49.5,0.38820258551517123,4,1
small-world/scale-free,100,4,59,57.0,66.0,89.0,89.0,71.0,71.0,91.0,49.5,0.38820258551517123,4,1
small-world/scale-free,100,4,60,24.0,30.0,31.0,28.0,27.0,27.0,27.0,49.5,0.38820258551517123,4,1
small-world/scale-free,100,4,61,36.0,55.0,26.0,26.0,58.0,58.0,36.0,49.5,0.38820258551517123,4,1
small-world/scale-free,100,4,62,57.0,85.0,90.0,90.0,83.0,83.0,71.0,49.5,0.38820258551517123,4,1
small-world/scale-free,100,4,63,36.0,63.0,83.0,81.0,64.0,64.0,43.0,49.5,0.38820258551517123,4,1
small-world/scale-free,100,4,64,57.0,99.0,66.0,64.0,99.0,99.0,57.0,49.5,0.38820258551517123,4,1
small-world/scale-free,100,4,65,17.0,41.0,25.0,25.0,32.0,32.0,18.0,49.5,0.38820258551517123,4,1
small-world/scale-free,100,4,66,36.0,36.0,32.0,32.0,38.0,38.0,45.0,49.5,0.38820258551517123,4,1
small-world/scale-free,100,4,67,57.0,40.0,95.0,95.0,40.0,40.0,96.0,49.5,0.38820258551517123,4,1
small-world/scale-free,100,4,68,57.0,89.0,43.0,44.0,88.0,88.0,70.0,49.5,0.38820258551517123,4,1
small-world/scale-free,100,4,69,57.0,97.0,94.0,94.0,97.0,97.0,60.0,49.5,0.38820258551517123,4,1
small-world/scale-free,100,4,70,24.0,33.0,34.0,33.0,31.0,31.0,28.0,49.5,0.38820258551517123,4,1
small-world/scale-free,100,4,71,57.0,50.0,56.0,56.0,56.0,56.0,76.0,49.5,0.38820258551517123,4,1
small-world/scale-free,100,4,72,24.0,82.0,53.0,53.0,79.0,79.0,24.0,49.5,0.38820258551517123,4,1
small-world/scale-free,100,4,73,57.0,82.0,95.0,95.0,83.0,83.0,69.0,49.5,0.38820258551517123,4,1
small-world/scale-free,100,4,74,57.0,47.0,75.0,76.0,54.0,54.0,84.0,49.5,0.38820258551517123,4,1
small-world/scale-free,100,4,75,36.0,90.0,47.0,46.0,87.0,87.0,38.0,49.5,0.38820258551517123,4,1
small-world/scale-free,100,4,76,57.0,78.0,91.0,92.0,75.0,75.0,87.0,49.5,0.38820258551517123,4,1
small-world/scale-free,100,4,77,57.0,98.0,67.0,67.0,98.0,98.0,59.0,49.5,0.38820258551517123,4,1
small-world/scale-free,100,4,78,57.0,79.0,72.0,72.0,82.0,82.0,73.0,49.5,0.38820258551517123,4,1
small-world/scale-free,100,4,79,57.0,47.0,80.0,77.0,51.0,51.0,89.0,49.5,0.38820258551517123,4,1
small-world/scale-free,100,4,80,36.0,25.0,41.0,41.0,30.0,30.0,52.0,49.5,0.38820258551517123,4,1
small-world/scale-free,100,4,81,57.0,94.0,73.0,73.0,95.0,95.0,66.0,49.5,0.38820258551517123,4,1
small-world/scale-free,100,4,82,57.0,100.0,60.0,60.0,100.0,100.0,58.0,49.5,0.38820258551517123,4,1
small-world/scale-free,100,4,83,36.0,50.0,59.0,61.0,53.0,53.0,44.0,49.5,0.38820258551517123,4,1
small-world/scale-free,100,4,84,57.0,88.0,93.0,93.0,89.0,89.0,67.0,49.5,0.38820258551517123,4,1
small-world/scale-free,100,4,85,57.0,85.0,77.0,80.0,86.0,86.0,78.0,49.5,0.38820258551517123,4,1
small-world/scale-free,100,4,86,57.0,96.0,62.0,59.0,96.0,96.0,61.0,49.5,0.38820258551517123,4,1
small-world/scale-free,100,4,87,57.0,56.0,71.0,74.0,61.0,61.0,80.0,49.5,0.38820258551517123,4,1
small-world/scale-free,100,4,88,57.0,54.0,84.0,86.0,61.0,61.0,77.0,49.5,0.38820258551517123,4,1
small-world/scale-free,100,4,89,57.0,71.0,81.0,82.0,71.0,71.0,85.0,49.5,0.38820258551517123,4,1
small-world/scale-free,100,4,90,36.0,79.0,39.0,37.0,67.0,67.0,41.0,49.5,0.38820258551517123,4,1
small-world/scale-free,100,4,91,57.0,76.0,68.0,66.0,70.0,70.0,90.0,49.5,0.38820258551517123,4,1
small-world/scale-free,100,4,92,57.0,79.0,88.0,88.0,81.0,81.0,83.0,49.5,0.38820258551517123,4,1
small-world/scale-free,100,4,93,57.0,73.0,85.0,84.0,75.0,75.0,81.0,49.5,0.38820258551517123,4,1
small-world/scale-free,100,4,94,57.0,95.0,87.0,87.0,94.0,94.0,64.0,49.5,0.38820258551517123,4,1
small-world/scale-free,100,4,95,57.0,44.0,95.0,95.0,46.0,46.0,95.0,49.5,0.38820258551517123,4,1
small-world/scale-free,100,4,96,57.0,73.0,85.0,84.0,75.0,75.0,81.0,49.5,0.38820258551517123,4,1
small-world/scale-free,100,4,97,57.0,76.0,74.0,70.0,79.0,79.0,74.0,49.5,0.38820258551517123,4,1
small-world/scale-free,100,4,98,57.0,58.0,45.0,48.0,64.0,64.0,65.0,49.5,0.38820258551517123,4,1
small-world/scale-free,100,4,99,57.0,66.0,78.0,78.0,71.0,71.0,86.0,49.5,0.38820258551517123,4,1
