small-world/scale-free,100,41,0,1.0,1.0,1.0,1.0,1.0,1.0,1.0,49.5,0.3663877495317248,4,1
small-world/scale-free,100,41,1,13.0,50.0,14.0,14.0,37.0,37.0,13.0,49.5,0.3663877495317248,4,1
small-world/scale-free,100,41,2,4.0,7.0,7.0,5.0,5.0,5.0,4.0,49.5,0.3663877495317248,4,1
small-world/scale-free,100,41,3,6.0,5.0,3.0,3.0,6.0,6.0,7.0,49.5,0.3663877495317248,4,1
small-world/scale-free,100,41,4,5.0,3.0,4.0,4.0,4.0,4.0,5.0,49.5,0.3663877495317248,4,1
small-world/scale-free,100,41,5,27.0,75.0,29.0,29.0,70.0,70.0,28.0,49.5,0.3663877495317248,4,1
small-world/scale-free,100,41,6,13.0,10.0,20.0,20.0,11.0,11.0,18.0,49.5,0.3663877495317248,4,1
small-world/scale-free,100,41,7,37.0,86.0,77.0,76.0,85.0,85.0,41.0,49.5,0.3663877495317248,4,1
small-world/scale-free,100,41,8,2.0,2.0,2.0,2.0,2.0,2.0,2.0,49.5,0.3663877495317248,4,1
small-world/scale-free,100,41,9,10.0,8.0,10.0,10.0,9.0,9.0,10.0,49.5,0.3663877495317248,4,1
small-world/scale-free,100,41,10,3.0,3.0,5.0,6.0,3.0,3.0,3.0,49.5,0.3663877495317248,4,1
small-world/scale-free,100,41,11,8.0,6.0,6.0,7.0,7.0,7.0,8.0,49.5,0.3663877495317248,4,1
small-world/scale-free,100,41,12,27.0,24.0,33.0,32.0,25.0,25.0,33.0,49.5,0.3663877495317248,4,1
small-world/scale-free,100,41,13,13.0,12.0,13.0,13.0,12.0,12.0,15.0,49.5,0.3663877495317248,4,1
small-world/scale-free,100,41,14,27.0,16.0,38.0,37.0,19.0,19.0,36.0,49.5,0.3663877495317248,4,1
small-world/scale-free,100,41,15,58.0,34.0,95.0,95.0,40.0,40.0,99.0,49.5,0.3663877495317248,4,1
small-world/scale-free,100,41,16,6.0,10.0,8.0,8.0,10.0,10.0,6.0,49.5,0.3663877495317248,4,1
small-world/scale-free,100,41,17,9.0,9.0,9.0,9.0,8.0,8.0,9.0,49.5,0.3663877495317248,4,1
small-world/scale-free,100,41,18,19.0,42.0,15.0,15.0,35.0,35.0,19.0,49.5,0.3663877495317248,4,1
small-world/scale-free,100,41,19,13.0,14.0,19.0,19.0,14.0,14.0,17.0,49.5,0.3663877495317248,4,1
small-world/scale-free,100,41,20,27.0,24.0,31.0,30.0,27.0,27.0,31.0,49.5,0.3663877495317248,4,1
small-world/scale-free,100,41,21,12.0,15.0,11.0,11.0,13.0,13.0,12.0,49.5,0.3663877495317248,4,1
small-world/scale-free,100,41,22,37.0,54.0,45.0,47.0,57.0,57.0,49.0,49.5,0.3663877495317248,4,1
small-world/scale-free,100,41,23,37.0,58.0,30.0,33.0,53.0,53.0,51.0,49.5,0.3663877495317248,4,1
small-world/scale-free,100,41,24,37.0,43.0,68.0,67.0,43.0,43.0,55.0,49.5,0.3663877495317248,4,1
small-world/scale-free,100,41,25,37.0,63.0,67.0,64.0,63.0,63.0,53.0,49.5,0.3663877495317248,4,1
small-world/scale-free,100,41,26,20.0,20.0,28.0,28.0,16.0,16.0,24.0,49.5,0.3663877495317248,4,1
small-world/scale-free,100,41,27,13.0,38.0,22.0,21.0,28.0,28.0,16.0,49.5,0.3663877495317248,4,1
small-world/scale-free,100,41,28,37.0,16.0,89.0,89.0,20.0,20.0,57.0,49.5,0.3663877495317248,4,1
small-world/scale-free,100,41,29,20.0,22.0,46.0,43.0,21.0,21.0,26.0,49.5,0.3663877495317248,4,1
small-world/scale-free,100,41,30,58.0,75.0,56.0,56.0,79.0,79.0,71.0,49.5,0.3663877495317248,4,1
small-world/scale-free,100,41,31,20.0,30.0,18.0,18.0,29.0,29.0,21.0,49.5,0.3663877495317248,4,1
small-world/scale-free,100,41,32,58.0,61.0,79.0,80.0,67.0,67.0,87.0,49.5,0.3663877495317248,4,1
small-world/scale-free,100,41,33,58.0,54.0,48.0,49.0,57.0,57.0,79.0,49.5,0.3663877495317248,4,1
small-world/scale-free,100,41,34,27.0,33.0,24.0,24.0,31.0,31.0,29.0,49.5,0.3663877495317248,4,1
small-world/scale-free,100,41,35,20.0,61.0,25.0,25.0,50.0,50.0,23.0,49.5,0.3663877495317248,4,1
small-world/scale-free,100,41,36,27.0,24.0,49.0,53.0,26.0,26.0,32.0,49.5,0.3663877495317248,4,1
small-world/scale-free,100,41,37,11.0,60.0,12.0,12.0,33.0,33.0,11.0,49.5,0.3663877495317248,4,1
small-world/scale-free,100,41,38,37.0,28.0,81.0,79.0,30.0,30.0,52.0,49.5,0.3663877495317248,4,1
small-world/scale-free,100,41,39,58.0,70.0,80.0,84.0,72.0,72.0,93.0,49.5,0.3663877495317248,4,1
small-world/scale-free,100,41,40,58.0,58.0,76.0,78.0,62.0,62.0,96.0,49.5,0.3663877495317248,4,1
small-world/scale-free,100,41,41,27.0,13.0,16.0,16.0,15.0,15.0,35.0,49.5,0.3663877495317248,4,1
small-world/scale-free,100,41,42,58.0,81.0,86.0,86.0,81.0,81.0,84.0,49.5,0.3663877495317248,4,1
small-world/scale-free,100,41,43,37.0,69.0,72.0,71.0,63.0,63.0,45.0,49.5,0.3663877495317248,4,1
small-world/scale-free,100,41,44,37.0,21.0,36.0,38.0,24.0,24.0,56.0,49.5,0.3663877495317248,4,1
small-world/scale-free,100,41,45,27.0,50.0,35.0,34.0,48.0,48.0,30.0,49.5,0.3663877495317248,4,1
small-world/scale-free,100,41,46,27.0,16.0,42.0,42.0,18.0,18.0,34.0,49.5,0.3663877495317248,4,1
small-world/scale-free,100,41,47,20.0,19.0,27.0,27.0,16.0,16.0,25.0,49.5,0.3663877495317248,4,1
small-world/scale-free,100,41,48,13.0,27.0,23.0,23.0,22.0,22.0,14.0,49.5,0.3663877495317248,4,1
small-world/scale-free,100,41,49,37.0,63.0,41.0,39.0,61.0,61.0,38.0,49.5,0.3663877495317248,4,1
small-world/scale-free,100,41,50,20.0,47.0,21.0,22.0,46.0,46.0,20.0,49.5,0.3663877495317248,4,1
small-world/scale-free,100,41,51,37.0,72.0,66.0,65.0,68.0,68.0,43.0,49.5,0.3663877495317248,4,1
small-world/scale-free,100,41,52,37.0,97.0,54.0,44.0,97.0,97.0,37.0,49.5,0.3663877495317248,4,1
small-world/scale-free,100,41,53,58.0,100.0,95.0,95.0,100.0,100.0,58.0,49.5,0.3663877495317248,4,1
small-world/scale-free,100,41,54,58.0,74.0,95.0,95.0,73.0,73.0,88.0,49.5,0.3663877495317248,4,1
small-world/scale-free,100,41,55,58.0,72.0,94.0,94.0,74.0,74.0,81.0,49.5,0.3663877495317248,4,1
small-world/scale-free,100,41,56,20.0,22.0,17.0,17.0,23.0,23.0,22.0,49.5,0.3663877495317248,4,1
small-world/scale-free,100,41,57,58.0,89.0,95.0,95.0,89.0,89.0,83.0,49.5,0.3663877495317248,4,1
small-world/scale-free,100,41,58,37.0,43.0,59.0,62.0,43.0,43.0,54.0,49.5,0.3663877495317248,4,1
small-world/scale-free,100,41,59,58.0,63.0,62.0,63.0,71.0,71.0,72.0,49.5,0.3663877495317248,4,1
small-world/scale-free,100,41,60,58.0,45.0,52.0,52.0,52.0,52.0,77.0,49.5,0.3663877495317248,4,1
small-world/scale-free,100,41,61,58.0,91.0,63.0,59.0,92.0,92.0,62.0,49.5,0.3663877495317248,4,1
small-world/scale-free,100,41,62,27.0,88.0,69.0,70.0,85.0,85.0,27.0,49.5,0.3663877495317248,4,1
small-world/scale-free,100,41,63,58.0,30.0,78.0,77.0,36.0,36.0,97.0,49.5,0.3663877495317248,4,1
small-world/scale-free,100,41,64,37.0,63.0,32.0,31.0,63.0,63.0,50.0,49.5,0.3663877495317248,4,1
small-world/scale-free,100,41,65,37.0,47.0,75.0,75.0,49.0,49.0,46.0,49.5,0.3663877495317248,4,1
small-world/scale-free,100,41,66,37.0,29.0,37.0,36.0,32.0,32.0,48.0,49.5,0.3663877495317248,4,1
small-world/scale-free,100,41,67,58.0,54.0,61.0,61.0,59.0,59.0,89.0,49.5,0.3663877495317248,4,1
small-world/scale-free,100,41,68,58.0,50.0,85.0,85.0,55.0,55.0,98.0,49.5,0.3663877495317248,4,1
small-world/scale-free,100,41,69,58.0,34.0,57.0,57.0,40.0,40.0,85.0,49.5,0.3663877495317248,4,1
small-world/scale-free,100,41,70,58.0,90.0,95.0,95.0,90.0,90.0,67.0,49.5,0.3663877495317248,4,1
small-world/scale-free,100,41,71,58.0,80.0,73.0,73.0,82.0,82.0,65.0,49.5,0.3663877495317248,4,1
small-world/scale-free,100,41,72,58.0,47.0,55.0,55.0,54.0,54.0,75.0,49.5,0.3663877495317248,4,1
small-world/scale-free,100,41,73,58.0,82.0,83.0,83.0,83.0,83.0,80.0,49.5,0.3663877495317248,4,1
small-world/scale-free,100,41,74,37.0,30.0,26.0,26.0,34.0,34.0,47.0,49.5,0.3663877495317248,4,1
small-world/scale-free,100,41,75,58.0,50.0,95.0,95.0,56.0,56.0,100.0,49.5,0.3663877495317248,4,1
small-world/scale-free,100,41,76,37.0,78.0,43.0,45.0,78.0,78.0,42.0,49.5,0.3663877495317248,4,1
small-world/scale-free,100,41,77,58.0,93.0,74.0,74.0,93.0,93.0,63.0,49.5,0.3663877495317248,4,1
small-world/scale-free,100,41,78,37.0,82.0,34.0,35.0,80.0,80.0,39.0,49.5,0.3663877495317248,4,1
small-world/scale-free,100,41,79,58.0,95.0,90.0,90.0,95.0,95.0,64.0,49.5,0.3663877495317248,4,1
small-world/scale-free,100,41,80,58.0,98.0,53.0,54.0,98.0,98.0,60.0,49.5,0.3663877495317248,4,1
small-world/scale-free,100,41,81,58.0,34.0,39.0,40.0,38.0,38.0,76.0,49.5,0.3663877495317248,4,1
small-world/scale-free,100,41,82,37.0,63.0,60.0,60.0,66.0,66.0,44.0,49.5,0.3663877495317248,4,1
small-world/scale-free,100,41,83,58.0,86.0,84.0,82.0,88.0,88.0,82.0,49.5,0.3663877495317248,4,1
small-world/scale-free,100,41,84,58.0,85.0,88.0,88.0,87.0,87.0,74.0,49.5,0.3663877495317248,4,1
small-world/scale-free,100,41,85,37.0,78.0,47.0,46.0,77.0,77.0,40.0,49.5,0.3663877495317248,4,1
small-world/scale-free,100,41,86,58.0,75.0,91.0,93.0,76.0,76.0,94.0,49.5,0.3663877495317248,4,1
small-world/scale-free,100,41,87,58.0,38.0,64.0,68.0,40.0,40.0,92.0,49.5,0.3663877495317248,4,1
small-world/scale-free,100,41,88,58.0,63.0,92.0,92.0,69.0,69.0,68.0,49.5,0.3663877495317248,4,1
small-world/scale-free,100,41,89,58.0,98.0,82.0,81.0,98.0,98.0,61.0,49.5,0.3663877495317248,4,1
small-world/scale-free,100,41,90,58.0,70.0,70.0,69.0,74.0,74.0,86.0,49.5,0.3663877495317248,4,1
small-world/scale-free,100,41,91,58.0,94.0,50.0,50.0,96.0,96.0,59.0,49.5,0.3663877495317248,4,1
small-world/scale-free,100,41,92,58.0,41.0,44.0,48.0,47.0,47.0,78.0,49.5,0.3663877495317248,4,1
small-world/scale-free,100,41,93,58.0,38.0,65.0,66.0,43.0,43.0,95.0,49.5,0.3663877495317248,4,1
small-world/scale-free,100,41,94,58.0,84.0,58.0,58.0,83.0,83.0,73.0,49.5,0.3663877495317248,4,1
small-world/scale-free,100,41,95,58.0,54.0,51.0,51.0,59.0,59.0,91.0,49.5,0.3663877495317248,4,1
small-world/scale-free,100,41,96,58.0,91.0,71.0,72.0,91.0,91.0,66.0,49.5,0.3663877495317248,4,1
small-world/scale-free,100,41,97,58.0,45.0,93.0,91.0,51.0,51.0,90.0,49.5,0.3663877495317248,4,1
small-world/scale-free,100,41,98,58.0,34.0,40.0,41.0,38.0,38.0,70.0,49.5,0.3663877495317248,4,1
small-world/scale-free,100,41,99,58.0,95.0,87.0,87.0,94.0,94.0,69.0,49.5,0.3663877495317248,4,1
small-world/scale-free,100,42,0,9.0,20.0,9.0,9.0,10.0,10.0,9.0,49.5,0.4172106850493846,4,1
small-world/scale-free,100,42,1,15.0,15.0,15.0,15.0,14.0,14.0,16.0,49.5,0.4172106850493846,4,1
small-world/scale-free,100,42,2,4.0,3.0,3.0,3.0,3.0,3.0,5.0,49.5,0.4172106850493846,4,1
small-world/scale-free,100,42,3,3.0,6.0,5.0,5.0,4.0,4.0,3.0,49.5,0.4172106850493846,4,1
small-world/scale-free,100,42,4,1.0,1.0,1.0,1.0,1.0,1.0,1.0,49.5,0.4172106850493846,4,1
small-world/scale-free,100,42,5,10.0,37.0,14.0,14.0,20.0,20.0,10.0,49.5,0.4172106850493846,4,1
small-world/scale-free,100,42,6,15.0,16.0,29.0,30.0,15.0,15.0,17.0,49.5,0.4172106850493846,4,1
small-world/scale-free,100,42,7,7.0,4.0,7.0,7.0,6.0,6.0,8.0,49.5,0.4172106850493846,4,1
small-world/scale-free,100,42,8,6.0,7.0,6.0,6.0,7.0,7.0,6.0,49.5,0.4172106850493846,4,1
small-world/scale-free,100,42,9,2.0,2.0,2.0,2.0,2.0,2.0,2.0,49.5,0.4172106850493846,4,1
small-world/scale-free,100,42,10,11.0,13.0,17.0,17.0,11.0,11.0,13.0,49.5,0.4172106850493846,4,1
small-world/scale-free,100,42,11,7.0,8.0,8.0,8.0,8.0,8.0,7.0,49.5,0.4172106850493846,4,1
small-world/scale-free,100,42,12,19.0,20.0,22.0,22.0,22.0,22.0,20.0,49.5,0.4172106850493846,4,1
small-world/scale-free,100,42,13,15.0,24.0,10.0,10.0,19.0,19.0,15.0,49.5,0.4172106850493846,4,1
small-world/scale-free,100,42,14,60.0,11.0,70.0,75.0,17.0,17.0,100.0,49.5,0.4172106850493846,4,1
small-world/scale-free,100,42,15,41.0,80.0,69.0,69.0,80.0,80.0,52.0,49.5,0.4172106850493846,4,1
small-world/scale-free,100,42,16,4.0,5.0,4.0,4.0,5.0,5.0,4.0,49.5,0.4172106850493846,4,1
small-world/scale-free,100,42,17,15.0,14.0,28.0,28.0,13.0,13.0,18.0,49.5,0.4172106850493846,4,1
small-world/scale-free,100,42,18,11.0,37.0,19.0,19.0,28.0,28.0,14.0,49.5,0.4172106850493846,4,1
small-world/scale-free,100,42,19,24.0,9.0,12.0,12.0,9.0,9.0,31.0,49.5,0.4172106850493846,4,1
small-world/scale-free,100,42,20,24.0,24.0,24.0,24.0,26.0,26.0,27.0,49.5,0.4172106850493846,4,1
small-world/scale-free,100,42,21,19.0,32.0,16.0,16.0,29.0,29.0,21.0,49.5,0.4172106850493846,4,1
small-world/scale-free,100,42,22,60.0,34.0,93.0,93.0,43.0,43.0,99.0,49.5,0.4172106850493846,4,1
small-world/scale-free,100,42,23,60.0,43.0,93.0,93.0,48.0,48.0,91.0,49.5,0.4172106850493846,4,1
small-world/scale-free,100,42,24,33.0,54.0,26.0,26.0,53.0,53.0,38.0,49.5,0.4172106850493846,4,1
small-world/scale-free,100,42,25,24.0,46.0,38.0,37.0,34.0,34.0,30.0,49.5,0.4172106850493846,4,1
small-world/scale-free,100,42,26,19.0,22.0,27.0,27.0,23.0,23.0,22.0,49.5,0.4172106850493846,4,1
small-world/scale-free,100,42,27,24.0,22.0,41.0,41.0,25.0,25.0,32.0,49.5,0.4172106850493846,4,1
small-world/scale-free,100,42,28,41.0,34.0,72.0,73.0,40.0,40.0,56.0,49.5,0.4172106850493846,4,1
small-world/scale-free,100,42,29,33.0,37.0,43.0,43.0,33.0,33.0,37.0,49.5,0.4172106850493846,4,1
small-world/scale-free,100,42,30,41.0,50.0,47.0,48.0,50.0,50.0,57.0,49.5,0.4172106850493846,4,1
small-world/scale-free,100,42,31,60.0,43.0,91.0,91.0,48.0,48.0,88.0,49.5,0.4172106850493846,4,1
small-world/scale-free,100,42,32,33.0,57.0,50.0,49.0,55.0,55.0,39.0,49.5,0.4172106850493846,4,1
small-world/scale-free,100,42,33,11.0,26.0,13.0,13.0,18.0,18.0,11.0,49.5,0.4172106850493846,4,1
small-world/scale-free,100,42,34,41.0,28.0,39.0,40.0,32.0,32.0,54.0,49.5,0.4172106850493846,4,1
small-world/scale-free,100,42,35,19.0,52.0,21.0,21.0,46.0,46.0,23.0,49.5,0.4172106850493846,4,1
small-world/scale-free,100,42,36,60.0,32.0,93.0,93.0,42.0,42.0,98.0,49.5,0.4172106850493846,4,1
small-world/scale-free,100,42,37,60.0,80.0,86.0,86.0,83.0,83.0,78.0,49.5,0.4172106850493846,4,1
small-world/scale-free,100,42,38,19.0,74.0,25.0,25.0,64.0,64.0,19.0,49.5,0.4172106850493846,4,1
small-world/scale-free,100,42,39,60.0,61.0,93.0,93.0,60.0,60.0,86.0,49.5,0.4172106850493846,4,1
small-world/scale-free,100,42,40,41.0,12.0,37.0,39.0,16.0,16.0,58.0,49.5,0.4172106850493846,4,1
small-world/scale-free,100,42,41,24.0,10.0,20.0,20.0,12.0,12.0,29.0,49.5,0.4172106850493846,4,1
small-world/scale-free,100,42,42,41.0,37.0,56.0,56.0,41.0,41.0,51.0,49.5,0.4172106850493846,4,1
small-world/scale-free,100,42,43,60.0,52.0,67.0,67.0,54.0,54.0,96.0,49.5,0.4172106850493846,4,1
small-world/scale-free,100,42,44,41.0,82.0,77.0,76.0,84.0,84.0,47.0,49.5,0.4172106850493846,4,1
small-world/scale-free,100,42,45,24.0,51.0,33.0,33.0,44.0,44.0,28.0,49.5,0.4172106850493846,4,1
small-world/scale-free,100,42,46,33.0,17.0,30.0,29.0,24.0,24.0,36.0,49.5,0.4172106850493846,4,1
small-world/scale-free,100,42,47,41.0,27.0,65.0,66.0,31.0,31.0,55.0,49.5,0.4172106850493846,4,1
small-world/scale-free,100,42,48,24.0,17.0,18.0,18.0,21.0,21.0,26.0,49.5,0.4172106850493846,4,1
small-world/scale-free,100,42,49,41.0,42.0,48.0,50.0,47.0,47.0,45.0,49.5,0.4172106850493846,4,1
small-world/scale-free,100,42,50,60.0,77.0,71.0,70.0,77.0,77.0,80.0,49.5,0.4172106850493846,4,1
small-world/scale-free,100,42,51,11.0,49.0,11.0,11.0,30.0,30.0,12.0,49.5,0.4172106850493846,4,1
small-world/scale-free,100,42,52,33.0,70.0,58.0,57.0,70.0,70.0,40.0,49.5,0.4172106850493846,4,1
small-world/scale-free,100,42,53,60.0,46.0,34.0,34.0,52.0,52.0,84.0,49.5,0.4172106850493846,4,1
small-world/scale-free,100,42,54,60.0,65.0,59.0,61.0,66.0,66.0,89.0,49.5,0.4172106850493846,4,1
small-world/scale-free,100,42,55,41.0,77.0,61.0,59.0,78.0,78.0,49.0,49.5,0.4172106850493846,4,1
small-world/scale-free,100,42,56,33.0,74.0,53.0,53.0,72.0,72.0,34.0,49.5,0.4172106850493846,4,1
small-world/scale-free,100,42,57,60.0,46.0,93.0,93.0,51.0,51.0,94.0,49.5,0.4172106850493846,4,1
small-world/scale-free,100,42,58,24.0,87.0,40.0,38.0,81.0,81.0,24.0,49.5,0.4172106850493846,4,1
small-world/scale-free,100,42,59,60.0,90.0,93.0,93.0,90.0,90.0,77.0,49.5,0.4172106850493846,4,1
small-world/scale-free,100,42,60,24.0,43.0,31.0,31.0,39.0,39.0,25.0,49.5,0.4172106850493846,4,1
small-world/scale-free,100,42,61,41.0,72.0,54.0,54.0,74.0,74.0,42.0,49.5,0.4172106850493846,4,1
small-world/scale-free,100,42,62,33.0,63.0,36.0,35.0,59.0,59.0,35.0,49.5,0.4172106850493846,4,1
small-world/scale-free,100,42,63,60.0,28.0,51.0,51.0,35.0,35.0,81.0,49.5,0.4172106850493846,4,1
small-world/scale-free,100,42,64,33.0,41.0,23.0,23.0,36.0,36.0,33.0,49.5,0.4172106850493846,4,1
small-world/scale-free,100,42,65,41.0,58.0,68.0,68.0,58.0,58.0,46.0,49.5,0.4172106850493846,4,1
small-world/scale-free,100,42,66,60.0,63.0,60.0,60.0,69.0,69.0,73.0,49.5,0.4172106850493846,4,1
small-world/scale-free,100,42,67,60.0,89.0,82.0,83.0,91.0,91.0,65.0,49.5,0.4172106850493846,4,1
small-world/scale-free,100,42,68,60.0,28.0,63.0,64.0,37.0,37.0,83.0,49.5,0.4172106850493846,4,1
small-world/scale-free,100,42,69,41.0,19.0,87.0,87.0,27.0,27.0,59.0,49.5,0.4172106850493846,4,1
small-world/scale-free,100,42,70,60.0,90.0,74.0,71.0,89.0,89.0,75.0,49.5,0.4172106850493846,4,1
small-world/scale-free,100,42,71,60.0,94.0,80.0,77.0,96.0,96.0,64.0,49.5,0.4172106850493846,4,1
small-world/scale-free,100,42,72,41.0,65.0,44.0,45.0,63.0,63.0,48.0,49.5,0.4172106850493846,4,1
small-world/scale-free,100,42,73,41.0,55.0,32.0,32.0,57.0,57.0,53.0,49.5,0.4172106850493846,4,1
small-world/scale-free,100,42,74,60.0,59.0,84.0,84.0,61.0,61.0,85.0,49.5,0.4172106850493846,4,1
small-world/scale-free,100,42,75,60.0,84.0,92.0,92.0,86.0,86.0,95.0,49.5,0.4172106850493846,4,1
small-world/scale-free,100,42,76,41.0,82.0,45.0,44.0,82.0,82.0,44.0,49.5,0.4172106850493846,4,1
small-world/scale-free,100,42,77,60.0,100.0,79.0,78.0,100.0,100.0,61.0,49.5,0.4172106850493846,4,1
small-world/scale-free,100,42,78,60.0,72.0,78.0,79.0,79.0,79.0,76.0,49.5,0.4172106850493846,4,1
small-world/scale-free,100,42,79,41.0,77.0,42.0,42.0,76.0,76.0,43.0,49.5,0.4172106850493846,4,1
small-world/scale-free,100,42,80,60.0,55.0,55.0,55.0,56.0,56.0,79.0,49.5,0.4172106850493846,4,1
small-world/scale-free,100,42,81,60.0,59.0,64.0,63.0,61.0,61.0,90.0,49.5,0.4172106850493846,4,1
small-world/scale-free,100,42,82,60.0,65.0,75.0,74.0,66.0,66.0,74.0,49.5,0.4172106850493846,4,1
small-world/scale-free,100,42,83,41.0,74.0,46.0,46.0,73.0,73.0,50.0,49.5,0.4172106850493846,4,1
small-world/scale-free,100,42,84,60.0,84.0,83.0,82.0,85.0,85.0,97.0,49.5,0.4172106850493846,4,1
small-world/scale-free,100,42,85,60.0,97.0,66.0,65.0,97.0,97.0,60.0,49.5,0.4172106850493846,4,1
small-world/scale-free,100,42,86,60.0,92.0,85.0,85.0,92.0,92.0,87.0,49.5,0.4172106850493846,4,1
small-world/scale-free,100,42,87,60.0,86.0,62.0,62.0,88.0,88.0,66.0,49.5,0.4172106850493846,4,1
small-world/scale-free,100,42,88,60.0,98.0,81.0,81.0,98.0,98.0,68.0,49.5,0.4172106850493846,4,1
small-world/scale-free,100,42,89,60.0,61.0,73.0,72.0,65.0,65.0,92.0,49.5,0.4172106850493846,4,1
small-world/scale-free,100,42,90,41.0,87.0,57.0,58.0,87.0,87.0,41.0,49.5,0.4172106850493846,4,1
small-world/scale-free,100,42,91,60.0,93.0,93.0,93.0,93.0,93.0,82.0,49.5,0.4172106850493846,4,1
small-world/scale-free,100,42,92,60.0,96.0,76.0,80.0,95.0,95.0,71.0,49.5,0.4172106850493846,4,1
small-world/scale-free,100,42,93,60.0,69.0,89.0,89.0,71.0,71.0,70.0,49.5,0.4172106850493846,4,1
small-world/scale-free,100,42,94,60.0,99.0,88.0,88.0,99.0,99.0,62.0,49.5,0.4172106850493846,4,1
small-world/scale-free,100,42,95,60.0,95.0,49.0,47.0,94.0,94.0,63.0,49.5,0.4172106850493846,4,1
small-world/scale-free,100,42,96,60.0,65.0,52.0,52.0,66.0,66.0,67.0,49.5,0.4172106850493846,4,1
small-world/scale-free,100,42,97,60.0,34.0,35.0,36.0,45.0,45.0,69.0,49.5,0.4172106850493846,4,1
small-world/scale-free,100,42,98,60.0,28.0,93.0,93.0,37.0,37.0,93.0,49.5,0.4172106850493846,4,1
small-world/scale-free,100,42,99,60.0,70.0,90.0,90.0,75.0,75.0,72.0,49.5,0.4172106850493846,4,1
