small-world/scale-free,100,45,0,3.0,6.0,5.0,5.0,5.0,5.0,3.0,49.5,0.32852642421218264,4,1
small-world/scale-free,100,45,1,10.0,7.0,15.0,15.0,7.0,7.0,11.0,49.5,0.32852642421218264,4,1
small-world/scale-free,100,45,2,3.0,3.0,3.0,3.0,3.0,3.0,4.0,49.5,0.32852642421218264,4,1
small-world/scale-free,100,45,3,1.0,1.0,1.0,1.0,1.0,1.0,1.0,49.5,0.32852642421218264,4,1
small-world/scale-free,100,45,4,12.0,8.0,13.0,13.0,8.0,8.0,13.0,49.5,0.32852642421218264,4,1
small-world/scale-free,100,45,5,2.0,2.0,2.0,2.0,2.0,2.0,2.0,49.5,0.32852642421218264,4,1
small-world/scale-free,100,45,6,16.0,10.0,21.0,24.0,13.0,13.0,20.0,49.5,0.32852642421218264,4,1
small-world/scale-free,100,45,7,16.0,11.0,19.0,19.0,14.0,14.0,21.0,49.5,0.32852642421218264,4,1
small-world/scale-free,100,45,8,5.0,3.0,4.0,4.0,4.0,4.0,5.0,49.5,0.32852642421218264,4,1
small-world/scale-free,100,45,9,6.0,5.0,6.0,6.0,6.0,6.0,6.0,49.5,0.32852642421218264,4,1
small-world/scale-free,100,45,10,10.0,18.0,11.0,11.0,16.0,16.0,10.0,49.5,0.32852642421218264,4,1
small-world/scale-free,100,45,11,16.0,15.0,17.0,17.0,17.0,17.0,19.0,49.5,0.32852642421218264,4,1
small-world/scale-free,100,45,12,14.0,8.0,9.0,9.0,10.0,10.0,15.0,49.5,0.32852642421218264,4,1
small-world/scale-free,100,45,13,42.0,25.0,54.0,55.0,30.0,30.0,52.0,49.5,0.32852642421218264,4,1
small-world/scale-free,100,45,14,26.0,20.0,31.0,31.0,20.0,20.0,30.0,49.5,0.32852642421218264,4,1
small-world/scale-free,100,45,15,55.0,18.0,85.0,85.0,22.0,22.0,99.0,49.5,0.32852642421218264,4,1
small-world/scale-free,100,45,16,8.0,14.0,10.0,10.0,11.0,11.0,8.0,49.5,0.32852642421218264,4,1
small-world/scale-free,100,45,17,7.0,17.0,8.0,8.0,12.0,12.0,7.0,49.5,0.32852642421218264,4,1
small-world/scale-free,100,45,18,12.0,29.0,14.0,14.0,19.0,19.0,12.0,49.5,0.32852642421218264,4,1
small-world/scale-free,100,45,19,14.0,13.0,12.0,12.0,15.0,15.0,14.0,49.5,0.32852642421218264,4,1
small-world/scale-free,100,45,20,16.0,39.0,18.0,18.0,25.0,25.0,18.0,49.5,0.32852642421218264,4,1
small-world/scale-free,100,45,21,32.0,57.0,46.0,44.0,54.0,54.0,41.0,49.5,0.32852642421218264,4,1
small-world/scale-free,100,45,22,42.0,52.0,38.0,38.0,53.0,53.0,51.0,49.5,0.32852642421218264,4,1
small-world/scale-free,100,45,23,55.0,77.0,94.0,96.0,79.0,79.0,88.0,49.5,0.32852642421218264,4,1
small-world/scale-free,100,45,24,22.0,26.0,16.0,16.0,24.0,24.0,22.0,49.5,0.32852642421218264,4,1
small-world/scale-free,100,45,25,16.0,37.0,25.0,23.0,25.0,25.0,17.0,49.5,0.32852642421218264,4,1
small-world/scale-free,100,45,26,55.0,38.0,86.0,86.0,43.0,43.0,97.0,49.5,0.32852642421218264,4,1
small-world/scale-free,100,45,27,16.0,49.0,23.0,21.0,34.0,34.0,16.0,49.5,0.32852642421218264,4,1
small-world/scale-free,100,45,28,22.0,53.0,30.0,30.0,42.0,42.0,25.0,49.5,0.32852642421218264,4,1
small-world/scale-free,100,45,29,42.0,48.0,58.0,62.0,50.0,50.0,53.0,49.5,0.32852642421218264,4,1
small-world/scale-free,100,45,30,8.0,12.0,7.0,7.0,9.0,9.0,9.0,49.5,0.32852642421218264,4,1
small-world/scale-free,100,45,31,55.0,77.0,76.0,75.0,79.0,79.0,81.0,49.5,0.32852642421218264,4,1
small-world/scale-free,100,45,32,22.0,51.0,29.0,29.0,40.0,40.0,23.0,49.5,0.32852642421218264,4,1
small-world/scale-free,100,45,33,42.0,69.0,41.0,41.0,71.0,71.0,44.0,49.5,0.32852642421218264,4,1
small-world/scale-free,100,45,34,42.0,55.0,37.0,35.0,56.0,56.0,50.0,49.5,0.32852642421218264,4,1
small-world/scale-free,100,45,35,32.0,26.0,26.0,28.0,29.0,29.0,35.0,49.5,0.32852642421218264,4,1
small-world/scale-free,100,45,36,55.0,82.0,84.0,82.0,84.0,84.0,80.0,49.5,0.32852642421218264,4,1
small-world/scale-free,100,45,37,32.0,46.0,28.0,26.0,44.0,44.0,38.0,49.5,0.32852642421218264,4,1
small-world/scale-free,100,45,38,55.0,57.0,78.0,78.0,59.0,59.0,94.0,49.5,0.32852642421218264,4,1
small-world/scale-free,100,45,39,55.0,65.0,93.0,95.0,69.0,69.0,93.0,49.5,0.32852642421218264,4,1
small-world/scale-free,100,45,40,55.0,61.0,62.0,60.0,63.0,63.0,89.0,49.5,0.32852642421218264,4,1
small-world/scale-free,100,45,41,22.0,15.0,20.0,20.0,18.0,18.0,24.0,49.5,0.32852642421218264,4,1
small-world/scale-free,100,45,42,55.0,32.0,88.0,88.0,36.0,36.0,71.0,49.5,0.32852642421218264,4,1
small-world/scale-free,100,45,43,42.0,90.0,59.0,58.0,90.0,90.0,43.0,49.5,0.32852642421218264,4,1
small-world/scale-free,100,45,44,42.0,23.0,34.0,34.0,27.0,27.0,49.0,49.5,0.32852642421218264,4,1
small-world/scale-free,100,45,45,42.0,23.0,42.0,46.0,28.0,28.0,54.0,49.5,0.32852642421218264,4,1
small-world/scale-free,100,45,46,55.0,55.0,68.0,70.0,58.0,58.0,84.0,49.5,0.32852642421218264,4,1
small-world/scale-free,100,45,47,42.0,82.0,75.0,71.0,83.0,83.0,46.0,49.5,0.32852642421218264,4,1
small-world/scale-free,100,45,48,26.0,49.0,22.0,22.0,41.0,41.0,31.0,49.5,0.32852642421218264,4,1
small-world/scale-free,100,45,49,32.0,21.0,24.0,25.0,21.0,21.0,40.0,49.5,0.32852642421218264,4,1
small-world/scale-free,100,45,50,32.0,67.0,52.0,53.0,67.0,67.0,37.0,49.5,0.32852642421218264,4,1
small-world/scale-free,100,45,51,26.0,69.0,36.0,37.0,65.0,65.0,29.0,49.5,0.32852642421218264,4,1
small-world/scale-free,100,45,52,32.0,87.0,64.0,63.0,85.0,85.0,34.0,49.5,0.32852642421218264,4,1
small-world/scale-free,100,45,53,26.0,63.0,32.0,33.0,55.0,55.0,27.0,49.5,0.32852642421218264,4,1
small-world/scale-free,100,45,54,55.0,84.0,99.0,99.0,86.0,86.0,82.0,49.5,0.32852642421218264,4,1
small-world/scale-free,100,45,55,32.0,88.0,44.0,43.0,87.0,87.0,32.0,49.5,0.32852642421218264,4,1
small-world/scale-free,100,45,56,55.0,54.0,51.0,50.0,59.0,59.0,79.0,49.5,0.32852642421218264,4,1
small-world/scale-free,100,45,57,55.0,32.0,90.0,89.0,36.0,36.0,74.0,49.5,0.32852642421218264,4,1
small-world/scale-free,100,45,58,32.0,75.0,43.0,42.0,72.0,72.0,33.0,49.5,0.32852642421218264,4,1
small-world/scale-free,100,45,59,55.0,89.0,77.0,77.0,89.0,89.0,72.0,49.5,0.32852642421218264,4,1
small-world/scale-free,100,45,60,55.0,67.0,65.0,66.0,73.0,73.0,87.0,49.5,0.32852642421218264,4,1
small-world/scale-free,100,45,61,55.0,98.0,95.0,92.0,98.0,98.0,62.0,49.5,0.32852642421218264,4,1
small-world/scale-free,100,45,62,42.0,97.0,56.0,54.0,97.0,97.0,42.0,49.5,0.32852642421218264,4,1
small-world/scale-free,100,45,63,55.0,60.0,72.0,72.0,61.0,61.0,86.0,49.5,0.32852642421218264,4,1
small-world/scale-free,100,45,64,26.0,76.0,33.0,32.0,68.0,68.0,28.0,49.5,0.32852642421218264,4,1
small-world/scale-free,100,45,65,55.0,35.0,61.0,61.0,39.0,39.0,90.0,49.5,0.32852642421218264,4,1
small-world/scale-free,100,45,66,42.0,81.0,47.0,47.0,78.0,78.0,45.0,49.5,0.32852642421218264,4,1
small-world/scale-free,100,45,67,55.0,42.0,69.0,68.0,47.0,47.0,76.0,49.5,0.32852642421218264,4,1
small-world/scale-free,100,45,68,42.0,57.0,45.0,45.0,56.0,56.0,47.0,49.5,0.32852642421218264,4,1
small-world/scale-free,100,45,69,55.0,72.0,63.0,64.0,75.0,75.0,83.0,49.5,0.32852642421218264,4,1
small-world/scale-free,100,45,70,55.0,62.0,96.0,97.0,63.0,63.0,98.0,49.5,0.32852642421218264,4,1
small-world/scale-free,100,45,71,55.0,86.0,83.0,81.0,88.0,88.0,64.0,49.5,0.32852642421218264,4,1
small-world/scale-free,100,45,72,32.0,35.0,35.0,39.0,33.0,33.0,36.0,49.5,0.32852642421218264,4,1
small-world/scale-free,100,45,73,32.0,21.0,39.0,36.0,23.0,23.0,39.0,49.5,0.32852642421218264,4,1
small-world/scale-free,100,45,74,55.0,100.0,97.0,94.0,100.0,100.0,58.0,49.5,0.32852642421218264,4,1
small-world/scale-free,100,45,75,55.0,94.0,71.0,69.0,93.0,93.0,59.0,49.5,0.32852642421218264,4,1
small-world/scale-free,100,45,76,55.0,26.0,73.0,76.0,32.0,32.0,95.0,49.5,0.32852642421218264,4,1
small-world/scale-free,100,45,77,55.0,32.0,87.0,87.0,36.0,36.0,96.0,49.5,0.32852642421218264,4,1
small-world/scale-free,100,45,78,42.0,29.0,40.0,40.0,31.0,31.0,48.0,49.5,0.32852642421218264,4,1
small-world/scale-free,100,45,79,55.0,65.0,79.0,79.0,70.0,70.0,91.0,49.5,0.32852642421218264,4,1
small-world/scale-free,100,45,80,55.0,46.0,81.0,83.0,50.0,50.0,100.0,49.5,0.32852642421218264,4,1
small-world/scale-free,100,45,81,55.0,63.0,66.0,65.0,66.0,66.0,85.0,49.5,0.32852642421218264,4,1
small-world/scale-free,100,45,82,26.0,69.0,27.0,27.0,62.0,62.0,26.0,49.5,0.32852642421218264,4,1
small-world/scale-free,100,45,83,55.0,93.0,53.0,51.0,94.0,94.0,55.0,49.5,0.32852642421218264,4,1
small-world/scale-free,100,45,84,55.0,31.0,50.0,52.0,35.0,35.0,77.0,49.5,0.32852642421218264,4,1
small-world/scale-free,100,45,85,55.0,96.0,82.0,84.0,96.0,96.0,65.0,49.5,0.32852642421218264,4,1
small-world/scale-free,100,45,86,55.0,43.0,100.0,100.0,48.0,48.0,78.0,49.5,0.32852642421218264,4,1
small-world/scale-free,100,45,87,55.0,84.0,92.0,91.0,82.0,82.0,73.0,49.5,0.32852642421218264,4,1
small-world/scale-free,100,45,88,55.0,72.0,67.0,67.0,74.0,74.0,75.0,49.5,0.32852642421218264,4,1
small-world/scale-free,100,45,89,55.0,74.0,91.0,93.0,77.0,77.0,69.0,49.5,0.32852642421218264,4,1
small-world/scale-free,100,45,90,55.0,99.0,98.0,98.0,99.0,99.0,56.0,49.5,0.32852642421218264,4,1
small-world/scale-free,100,45,91,55.0,95.0,89.0,90.0,95.0,95.0,63.0,49.5,0.32852642421218264,4,1
small-world/scale-free,100,45,92,55.0,90.0,60.0,59.0,91.0,91.0,57.0,49.5,0.32852642421218264,4,1
small-world/scale-free,100,45,93,55.0,39.0,48.0,48.0,46.0,46.0,66.0,49.5,0.32852642421218264,4,1
small-world/scale-free,100,45,94,55.0,80.0,70.0,73.0,81.0,81.0,61.0,49.5,0.32852642421218264,4,1
small-world/scale-free,100,45,95,55.0,43.0,55.0,56.0,49.0,49.0,68.0,49.5,0.32852642421218264,4,1
small-world/scale-free,100,45,96,55.0,45.0,49.0,49.0,50.0,50.0,67.0,49.5,0.32852642421218264,4,1
small-world/scale-free,100,45,97,55.0,39.0,80.0,80.0,45.0,45.0,92.0,49.5,0.32852642421218264,4,1
small-world/scale-free,100,45,98,55.0,92.0,57.0,57.0,92.0,92.0,60.0,49.5,0.32852642421218264,4,1
small-world/scale-free,100,45,99,55.0,77.0,74.0,74.0,76.0,76.0,70.0,49.5,0.32852642421218264,4,1
small-world/scale-free,100,46,0,2.0,2.0,2.0,2.0,2.0,2.0,2.0,49.5,0.36297798460756137,4,1
small-world/scale-free,100,46,1,8.0,11.0,10.0,10.0,10.0,10.0,8.0,49.5,0.36297798460756137,4,1
small-world/scale-free,100,46,2,13.0,9.0,16.0,16.0,12.0,12.0,13.0,49.5,0.36297798460756137,4,1
small-world/scale-free,100,46,3,1.0,1.0,1.0,1.0,1.0,1.0,1.0,49.5,0.36297798460756137,4,1
small-world/scale-free,100,46,4,10.0,5.0,8.0,8.0,7.0,7.0,12.0,49.5,0.36297798460756137,4,1
small-world/scale-free,100,46,5,7.0,8.0,7.0,7.0,6.0,6.0,7.0,49.5,0.36297798460756137,4,1
small-world/scale-free,100,46,6,21.0,36.0,27.0,28.0,29.0,29.0,28.0,49.5,0.36297798460756137,4,1
small-world/scale-free,100,46,7,8.0,12.0,11.0,11.0,11.0,11.0,9.0,49.5,0.36297798460756137,4,1
small-world/scale-free,100,46,8,4.0,3.0,4.0,4.0,4.0,4.0,4.0,49.5,0.36297798460756137,4,1
small-world/scale-free,100,46,9,10.0,5.0,9.0,9.0,7.0,7.0,11.0,49.5,0.36297798460756137,4,1
small-world/scale-free,100,46,10,6.0,7.0,6.0,6.0,5.0,5.0,6.0,49.5,0.36297798460756137,4,1
small-world/scale-free,100,46,11,3.0,4.0,3.0,3.0,3.0,3.0,3.0,49.5,0.36297798460756137,4,1
small-world/scale-free,100,46,12,10.0,22.0,12.0,12.0,15.0,15.0,10.0,49.5,0.36297798460756137,4,1
small-world/scale-free,100,46,13,21.0,27.0,31.0,34.0,24.0,24.0,27.0,49.5,0.36297798460756137,4,1
small-world/scale-free,100,46,14,30.0,86.0,46.0,45.0,79.0,79.0,36.0,49.5,0.36297798460756137,4,1
small-world/scale-free,100,46,15,44.0,44.0,53.0,54.0,43.0,43.0,55.0,49.5,0.36297798460756137,4,1
small-world/scale-free,100,46,16,13.0,21.0,18.0,18.0,16.0,16.0,14.0,49.5,0.36297798460756137,4,1
small-world/scale-free,100,46,17,15.0,13.0,14.0,14.0,13.0,13.0,16.0,49.5,0.36297798460756137,4,1
small-world/scale-free,100,46,18,17.0,24.0,19.0,19.0,21.0,21.0,20.0,49.5,0.36297798460756137,4,1
small-world/scale-free,100,46,19,30.0,52.0,48.0,50.0,52.0,52.0,42.0,49.5,0.36297798460756137,4,1
small-world/scale-free,100,46,20,44.0,73.0,52.0,51.0,71.0,71.0,54.0,49.5,0.36297798460756137,4,1
small-world/scale-free,100,46,21,44.0,19.0,42.0,43.0,22.0,22.0,61.0,49.5,0.36297798460756137,4,1
small-world/scale-free,100,46,22,62.0,35.0,79.0,79.0,37.0,37.0,94.0,49.5,0.36297798460756137,4,1
small-world/scale-free,100,46,23,44.0,29.0,47.0,47.0,31.0,31.0,59.0,49.5,0.36297798460756137,4,1
small-world/scale-free,100,46,24,15.0,14.0,13.0,13.0,14.0,14.0,15.0,49.5,0.36297798460756137,4,1
small-world/scale-free,100,46,25,62.0,69.0,83.0,83.0,72.0,72.0,86.0,49.5,0.36297798460756137,4,1
small-world/scale-free,100,46,26,44.0,46.0,65.0,63.0,47.0,47.0,58.0,49.5,0.36297798460756137,4,1
small-world/scale-free,100,46,27,30.0,25.0,20.0,20.0,25.0,25.0,43.0,49.5,0.36297798460756137,4,1
small-world/scale-free,100,46,28,44.0,76.0,75.0,72.0,78.0,78.0,48.0,49.5,0.36297798460756137,4,1
small-world/scale-free,100,46,29,21.0,51.0,33.0,30.0,45.0,45.0,24.0,49.5,0.36297798460756137,4,1
small-world/scale-free,100,46,30,30.0,57.0,44.0,46.0,57.0,57.0,39.0,49.5,0.36297798460756137,4,1
small-world/scale-free,100,46,31,44.0,57.0,68.0,68.0,60.0,60.0,60.0,49.5,0.36297798460756137,4,1
small-world/scale-free,100,46,32,30.0,52.0,36.0,35.0,49.0,49.0,37.0,49.5,0.36297798460756137,4,1
small-world/scale-free,100,46,33,5.0,9.0,5.0,5.0,9.0,9.0,5.0,49.5,0.36297798460756137,4,1
small-world/scale-free,100,46,34,21.0,16.0,17.0,17.0,18.0,18.0,22.0,49.5,0.36297798460756137,4,1
small-world/scale-free,100,46,35,30.0,48.0,32.0,32.0,47.0,47.0,41.0,49.5,0.36297798460756137,4,1
small-world/scale-free,100,46,36,44.0,36.0,57.0,59.0,37.0,37.0,51.0,49.5,0.36297798460756137,4,1
small-world/scale-free,100,46,37,62.0,69.0,80.0,81.0,70.0,70.0,96.0,49.5,0.36297798460756137,4,1
small-world/scale-free,100,46,38,30.0,29.0,23.0,23.0,27.0,27.0,35.0,49.5,0.36297798460756137,4,1
small-world/scale-free,100,46,39,21.0,14.0,21.0,21.0,17.0,17.0,25.0,49.5,0.36297798460756137,4,1
small-world/scale-free,100,46,40,21.0,47.0,29.0,29.0,39.0,39.0,29.0,49.5,0.36297798460756137,4,1
small-world/scale-free,100,46,41,30.0,29.0,25.0,26.0,27.0,27.0,38.0,49.5,0.36297798460756137,4,1
small-world/scale-free,100,46,42,17.0,17.0,15.0,15.0,19.0,19.0,19.0,49.5,0.36297798460756137,4,1
small-world/scale-free,100,46,43,62.0,29.0,73.0,76.0,33.0,33.0,93.0,49.5,0.36297798460756137,4,1
small-world/scale-free,100,46,44,44.0,78.0,50.0,48.0,76.0,76.0,45.0,49.5,0.36297798460756137,4,1
small-world/scale-free,100,46,45,30.0,66.0,35.0,36.0,59.0,59.0,34.0,49.5,0.36297798460756137,4,1
small-world/scale-free,100,46,46,30.0,48.0,45.0,44.0,45.0,45.0,40.0,49.5,0.36297798460756137,4,1
small-world/scale-free,100,46,47,62.0,40.0,95.0,95.0,44.0,44.0,82.0,49.5,0.36297798460756137,4,1
small-world/scale-free,100,46,48,21.0,66.0,26.0,25.0,58.0,58.0,21.0,49.5,0.36297798460756137,4,1
small-world/scale-free,100,46,49,44.0,19.0,40.0,40.0,22.0,22.0,56.0,49.5,0.36297798460756137,4,1
small-world/scale-free,100,46,50,21.0,18.0,22.0,24.0,20.0,20.0,26.0,49.5,0.36297798460756137,4,1
small-world/scale-free,100,46,51,17.0,84.0,37.0,37.0,73.0,73.0,17.0,49.5,0.36297798460756137,4,1
small-world/scale-free,100,46,52,44.0,95.0,87.0,85.0,93.0,93.0,47.0,49.5,0.36297798460756137,4,1
small-world/scale-free,100,46,53,44.0,57.0,59.0,61.0,61.0,61.0,49.0,49.5,0.36297798460756137,4,1
small-world/scale-free,100,46,54,62.0,29.0,95.0,95.0,33.0,33.0,95.0,49.5,0.36297798460756137,4,1
small-world/scale-free,100,46,55,30.0,84.0,41.0,41.0,82.0,82.0,32.0,49.5,0.36297798460756137,4,1
small-world/scale-free,100,46,56,62.0,43.0,84.0,87.0,50.0,50.0,98.0,49.5,0.36297798460756137,4,1
small-world/scale-free,100,46,57,44.0,54.0,74.0,75.0,56.0,56.0,53.0,49.5,0.36297798460756137,4,1
small-world/scale-free,100,46,58,62.0,92.0,92.0,92.0,90.0,90.0,75.0,49.5,0.36297798460756137,4,1
small-world/scale-free,100,46,59,62.0,42.0,49.0,53.0,51.0,51.0,77.0,49.5,0.36297798460756137,4,1
small-world/scale-free,100,46,60,30.0,57.0,28.0,27.0,55.0,55.0,30.0,49.5,0.36297798460756137,4,1
small-world/scale-free,100,46,61,30.0,69.0,34.0,33.0,68.0,68.0,33.0,49.5,0.36297798460756137,4,1
small-world/scale-free,100,46,62,62.0,94.0,66.0,62.0,95.0,95.0,74.0,49.5,0.36297798460756137,4,1
small-world/scale-free,100,46,63,62.0,23.0,95.0,95.0,26.0,26.0,100.0,49.5,0.36297798460756137,4,1
small-world/scale-free,100,46,64,44.0,57.0,39.0,38.0,62.0,62.0,50.0,49.5,0.36297798460756137,4,1
small-world/scale-free,100,46,65,62.0,74.0,95.0,95.0,75.0,75.0,79.0,49.5,0.36297798460756137,4,1
small-world/scale-free,100,46,66,44.0,41.0,30.0,31.0,42.0,42.0,57.0,49.5,0.36297798460756137,4,1
small-world/scale-free,100,46,67,17.0,44.0,24.0,22.0,36.0,36.0,18.0,49.5,0.36297798460756137,4,1
small-world/scale-free,100,46,68,30.0,97.0,62.0,66.0,92.0,92.0,31.0,49.5,0.36297798460756137,4,1
small-world/scale-free,100,46,69,62.0,96.0,77.0,74.0,98.0,98.0,62.0,49.5,0.36297798460756137,4,1
small-world/scale-free,100,46,70,62.0,48.0,60.0,65.0,53.0,53.0,81.0,49.5,0.36297798460756137,4,1
small-world/scale-free,100,46,71,62.0,79.0,85.0,86.0,81.0,81.0,80.0,49.5,0.36297798460756137,4,1
small-world/scale-free,100,46,72,62.0,93.0,88.0,88.0,97.0,97.0,67.0,49.5,0.36297798460756137,4,1
small-world/scale-free,100,46,73,21.0,54.0,38.0,39.0,54.0,54.0,23.0,49.5,0.36297798460756137,4,1
small-world/scale-free,100,46,74,44.0,65.0,63.0,64.0,63.0,63.0,52.0,49.5,0.36297798460756137,4,1
small-world/scale-free,100,46,75,44.0,98.0,89.0,89.0,96.0,96.0,44.0,49.5,0.36297798460756137,4,1
small-world/scale-free,100,46,76,62.0,87.0,93.0,93.0,87.0,87.0,72.0,49.5,0.36297798460756137,4,1
small-world/scale-free,100,46,77,62.0,76.0,55.0,52.0,80.0,80.0,78.0,49.5,0.36297798460756137,4,1
small-world/scale-free,100,46,78,62.0,62.0,90.0,90.0,67.0,67.0,85.0,49.5,0.36297798460756137,4,1
small-world/scale-free,100,46,79,62.0,99.0,95.0,95.0,99.0,99.0,65.0,49.5,0.36297798460756137,4,1
small-world/scale-free,100,46,80,62.0,63.0,95.0,95.0,66.0,66.0,84.0,49.5,0.36297798460756137,4,1
small-world/scale-free,100,46,81,62.0,25.0,76.0,77.0,30.0,30.0,99.0,49.5,0.36297798460756137,4,1
small-world/scale-free,100,46,82,62.0,34.0,71.0,73.0,35.0,35.0,91.0,49.5,0.36297798460756137,4,1
small-world/scale-free,100,46,83,62.0,89.0,94.0,94.0,89.0,89.0,66.0,49.5,0.36297798460756137,4,1
small-world/scale-free,100,46,84,44.0,63.0,51.0,49.0,64.0,64.0,46.0,49.5,0.36297798460756137,4,1
small-world/scale-free,100,46,85,62.0,100.0,91.0,91.0,100.0,100.0,63.0,49.5,0.36297798460756137,4,1
small-world/scale-free,100,46,86,62.0,79.0,61.0,56.0,84.0,84.0,73.0,49.5,0.36297798460756137,4,1
small-world/scale-free,100,46,87,62.0,81.0,67.0,67.0,86.0,86.0,71.0,49.5,0.36297798460756137,4,1
small-world/scale-free,100,46,88,62.0,87.0,54.0,55.0,88.0,88.0,68.0,49.5,0.36297798460756137,4,1
small-world/scale-free,100,46,89,62.0,90.0,70.0,69.0,91.0,91.0,64.0,49.5,0.36297798460756137,4,1
small-world/scale-free,100,46,90,62.0,75.0,81.0,82.0,77.0,77.0,89.0,49.5,0.36297798460756137,4,1
small-world/scale-free,100,46,91,62.0,72.0,43.0,42.0,74.0,74.0,76.0,49.5,0.36297798460756137,4,1
small-world/scale-free,100,46,92,62.0,38.0,69.0,70.0,40.0,40.0,92.0,49.5,0.36297798460756137,4,1
small-world/scale-free,100,46,93,62.0,56.0,58.0,57.0,64.0,64.0,83.0,49.5,0.36297798460756137,4,1
small-world/scale-free,100,46,94,62.0,81.0,82.0,80.0,83.0,83.0,87.0,49.5,0.36297798460756137,4,1
small-world/scale-free,100,46,95,62.0,38.0,72.0,71.0,40.0,40.0,90.0,49.5,0.36297798460756137,4,1
small-world/scale-free,100,46,96,62.0,66.0,56.0,60.0,69.0,69.0,88.0,49.5,0.36297798460756137,4,1
small-world/scale-free,100,46,97,62.0,90.0,78.0,78.0,93.0,93.0,69.0,49.5,0.36297798460756137,4,1
small-world/scale-free,100,46,98,62.0,81.0,64.0,58.0,84.0,84.0,70.0,49.5,0.36297798460756137,4,1
small-world/scale-free,100,46,99,62.0,27.0,86.0,84.0,32.0,32.0,97.0,49.5,0.36297798460756137,4,1
