small-world/scale-free,100,47,0,5.0,7.0,5.0,5.0,6.0,6.0,5.0,49.5,0.3929111649033576,4,1
small-world/scale-free,100,47,1,12.0,17.0,8.0,8.0,15.0,15.0,12.0,49.5,0.3929111649033576,4,1
small-world/scale-free,100,47,2,6.0,5.0,11.0,9.0,5.0,5.0,6.0,49.5,0.3929111649033576,4,1
small-world/scale-free,100,47,3,1.0,1.0,1.0,1.0,1.0,1.0,1.0,49.5,0.3929111649033576,4,1
small-world/scale-free,100,47,4,21.0,21.0,17.0,17.0,21.0,21.0,21.0,49.5,0.3929111649033576,4,1
small-world/scale-free,100,47,5,7.0,10.0,16.0,16.0,9.0,9.0,8.0,49.5,0.3929111649033576,4,1
small-world/scale-free,100,47,6,9.0,10.0,7.0,7.0,10.0,10.0,9.0,49.5,0.3929111649033576,4,1
small-world/scale-free,100,47,7,17.0,7.0,19.0,18.0,11.0,11.0,20.0,49.5,0.3929111649033576,4,1
small-world/scale-free,100,47,8,2.0,2.0,2.0,2.0,2.0,2.0,2.0,49.5,0.3929111649033576,4,1
small-world/scale-free,100,47,9,4.0,3.0,3.0,3.0,3.0,3.0,4.0,49.5,0.3929111649033576,4,1
small-world/scale-free,100,47,10,9.0,6.0,15.0,15.0,8.0,8.0,10.0,49.5,0.3929111649033576,4,1
small-world/scale-free,100,47,11,7.0,4.0,6.0,6.0,4.0,4.0,7.0,49.5,0.3929111649033576,4,1
small-world/scale-free,100,47,12,17.0,12.0,23.0,22.0,13.0,13.0,19.0,49.5,0.3929111649033576,4,1
small-world/scale-free,100,47,13,25.0,31.0,32.0,33.0,28.0,28.0,32.0,49.5,0.3929111649033576,4,1
small-world/scale-free,100,47,14,21.0,9.0,18.0,19.0,12.0,12.0,24.0,49.5,0.3929111649033576,4,1
small-world/scale-free,100,47,15,21.0,50.0,26.0,25.0,46.0,46.0,23.0,49.5,0.3929111649033576,4,1
small-world/scale-free,100,47,16,3.0,17.0,4.0,4.0,7.0,7.0,3.0,49.5,0.3929111649033576,4,1
small-world/scale-free,100,47,17,12.0,20.0,10.0,12.0,18.0,18.0,14.0,49.5,0.3929111649033576,4,1
small-world/scale-free,100,47,18,25.0,15.0,31.0,31.0,20.0,20.0,31.0,49.5,0.3929111649033576,4,1
small-world/scale-free,100,47,19,25.0,51.0,36.0,32.0,54.0,54.0,33.0,49.5,0.3929111649033576,4,1
small-world/scale-free,100,47,20,25.0,25.0,37.0,37.0,24.0,24.0,30.0,49.5,0.3929111649033576,4,1
small-world/scale-free,100,47,21,43.0,29.0,51.0,51.0,33.0,33.0,56.0,49.5,0.3929111649033576,4,1
small-world/scale-free,100,47,22,12.0,31.0,13.0,10.0,23.0,23.0,16.0,49.5,0.3929111649033576,4,1
small-world/scale-free,100,47,23,17.0,14.0,14.0,14.0,17.0,17.0,18.0,49.5,0.3929111649033576,4,1
small-world/scale-free,100,47,24,25.0,34.0,29.0,30.0,30.0,30.0,28.0,49.5,0.3929111649033576,4,1
small-world/scale-free,100,47,25,61.0,66.0,97.0,97.0,68.0,68.0,94.0,49.5,0.3929111649033576,4,1
small-world/scale-free,100,47,26,25.0,25.0,21.0,20.0,24.0,24.0,26.0,49.5,0.3929111649033576,4,1
small-world/scale-free,100,47,27,43.0,79.0,63.0,63.0,76.0,76.0,50.0,49.5,0.3929111649033576,4,1
small-world/scale-free,100,47,28,34.0,34.0,48.0,49.0,34.0,34.0,40.0,49.5,0.3929111649033576,4,1
small-world/scale-free,100,47,29,43.0,39.0,38.0,38.0,37.0,37.0,55.0,49.5,0.3929111649033576,4,1
small-world/scale-free,100,47,30,43.0,44.0,44.0,46.0,43.0,43.0,53.0,49.5,0.3929111649033576,4,1
small-world/scale-free,100,47,31,61.0,83.0,94.0,94.0,86.0,86.0,93.0,49.5,0.3929111649033576,4,1
small-world/scale-free,100,47,32,12.0,17.0,9.0,13.0,15.0,15.0,13.0,49.5,0.3929111649033576,4,1
small-world/scale-free,100,47,33,12.0,15.0,12.0,11.0,14.0,14.0,15.0,49.5,0.3929111649033576,4,1
small-world/scale-free,100,47,34,61.0,92.0,88.0,86.0,93.0,93.0,66.0,49.5,0.3929111649033576,4,1
small-world/scale-free,100,47,35,25.0,41.0,30.0,29.0,32.0,32.0,25.0,49.5,0.3929111649033576,4,1
small-world/scale-free,100,47,36,25.0,22.0,35.0,35.0,22.0,22.0,29.0,49.5,0.3929111649033576,4,1
small-world/scale-free,100,47,37,43.0,94.0,74.0,74.0,92.0,92.0,47.0,49.5,0.3929111649033576,4,1
small-world/scale-free,100,47,38,61.0,81.0,92.0,92.0,82.0,82.0,91.0,49.5,0.3929111649033576,4,1
small-world/scale-free,100,47,39,61.0,90.0,80.0,79.0,90.0,90.0,65.0,49.5,0.3929111649033576,4,1
small-world/scale-free,100,47,40,11.0,54.0,22.0,23.0,42.0,42.0,11.0,49.5,0.3929111649033576,4,1
small-world/scale-free,100,47,41,34.0,12.0,25.0,27.0,19.0,19.0,41.0,49.5,0.3929111649033576,4,1
small-world/scale-free,100,47,42,21.0,51.0,24.0,24.0,49.0,49.0,22.0,49.5,0.3929111649033576,4,1
small-world/scale-free,100,47,43,43.0,61.0,65.0,65.0,62.0,62.0,58.0,49.5,0.3929111649033576,4,1
small-world/scale-free,100,47,44,43.0,55.0,42.0,41.0,55.0,55.0,60.0,49.5,0.3929111649033576,4,1
small-world/scale-free,100,47,45,25.0,51.0,28.0,28.0,52.0,52.0,27.0,49.5,0.3929111649033576,4,1
small-world/scale-free,100,47,46,34.0,24.0,20.0,21.0,27.0,27.0,36.0,49.5,0.3929111649033576,4,1
small-world/scale-free,100,47,47,43.0,96.0,76.0,76.0,95.0,95.0,43.0,49.5,0.3929111649033576,4,1
small-world/scale-free,100,47,48,34.0,23.0,34.0,36.0,26.0,26.0,42.0,49.5,0.3929111649033576,4,1
small-world/scale-free,100,47,49,61.0,70.0,73.0,75.0,71.0,71.0,86.0,49.5,0.3929111649033576,4,1
small-world/scale-free,100,47,50,61.0,44.0,85.0,85.0,47.0,47.0,87.0,49.5,0.3929111649033576,4,1
small-world/scale-free,100,47,51,43.0,25.0,39.0,39.0,31.0,31.0,54.0,49.5,0.3929111649033576,4,1
small-world/scale-free,100,47,52,34.0,25.0,33.0,34.0,29.0,29.0,39.0,49.5,0.3929111649033576,4,1
small-world/scale-free,100,47,53,61.0,34.0,97.0,97.0,40.0,40.0,97.0,49.5,0.3929111649033576,4,1
small-world/scale-free,100,47,54,43.0,60.0,70.0,68.0,60.0,60.0,59.0,49.5,0.3929111649033576,4,1
small-world/scale-free,100,47,55,43.0,61.0,59.0,61.0,62.0,62.0,57.0,49.5,0.3929111649033576,4,1
small-world/scale-free,100,47,56,43.0,88.0,69.0,69.0,83.0,83.0,52.0,49.5,0.3929111649033576,4,1
small-world/scale-free,100,47,57,43.0,67.0,40.0,40.0,66.0,66.0,51.0,49.5,0.3929111649033576,4,1
small-world/scale-free,100,47,58,17.0,64.0,27.0,26.0,56.0,56.0,17.0,49.5,0.3929111649033576,4,1
small-world/scale-free,100,47,59,61.0,90.0,86.0,87.0,91.0,91.0,63.0,49.5,0.3929111649033576,4,1
small-world/scale-free,100,47,60,61.0,42.0,89.0,88.0,44.0,44.0,99.0,49.5,0.3929111649033576,4,1
small-world/scale-free,100,47,61,34.0,73.0,47.0,47.0,70.0,70.0,35.0,49.5,0.3929111649033576,4,1
small-world/scale-free,100,47,62,61.0,63.0,82.0,82.0,65.0,65.0,89.0,49.5,0.3929111649033576,4,1
small-world/scale-free,100,47,63,43.0,86.0,83.0,83.0,88.0,88.0,48.0,49.5,0.3929111649033576,4,1
small-world/scale-free,100,47,64,61.0,58.0,66.0,71.0,59.0,59.0,98.0,49.5,0.3929111649033576,4,1
small-world/scale-free,100,47,65,61.0,70.0,58.0,59.0,71.0,71.0,76.0,49.5,0.3929111649033576,4,1
small-world/scale-free,100,47,66,61.0,31.0,56.0,56.0,37.0,37.0,88.0,49.5,0.3929111649033576,4,1
small-world/scale-free,100,47,67,61.0,96.0,95.0,95.0,98.0,98.0,64.0,49.5,0.3929111649033576,4,1
small-world/scale-free,100,47,68,34.0,86.0,77.0,77.0,85.0,85.0,37.0,49.5,0.3929111649033576,4,1
small-world/scale-free,100,47,69,61.0,34.0,43.0,45.0,40.0,40.0,80.0,49.5,0.3929111649033576,4,1
small-world/scale-free,100,47,70,61.0,98.0,96.0,96.0,99.0,99.0,62.0,49.5,0.3929111649033576,4,1
small-world/scale-free,100,47,71,61.0,47.0,54.0,54.0,50.0,50.0,84.0,49.5,0.3929111649033576,4,1
small-world/scale-free,100,47,72,61.0,72.0,93.0,93.0,73.0,73.0,79.0,49.5,0.3929111649033576,4,1
small-world/scale-free,100,47,73,43.0,67.0,46.0,44.0,67.0,67.0,49.0,49.5,0.3929111649033576,4,1
small-world/scale-free,100,47,74,34.0,39.0,41.0,42.0,35.0,35.0,38.0,49.5,0.3929111649033576,4,1
small-world/scale-free,100,47,75,61.0,95.0,84.0,84.0,96.0,96.0,75.0,49.5,0.3929111649033576,4,1
small-world/scale-free,100,47,76,61.0,47.0,54.0,54.0,50.0,50.0,84.0,49.5,0.3929111649033576,4,1
small-world/scale-free,100,47,77,61.0,81.0,71.0,67.0,84.0,84.0,67.0,49.5,0.3929111649033576,4,1
small-world/scale-free,100,47,78,43.0,98.0,79.0,78.0,97.0,97.0,44.0,49.5,0.3929111649033576,4,1
small-world/scale-free,100,47,79,61.0,29.0,97.0,97.0,36.0,36.0,100.0,49.5,0.3929111649033576,4,1
small-world/scale-free,100,47,80,61.0,73.0,62.0,62.0,74.0,74.0,78.0,49.5,0.3929111649033576,4,1
small-world/scale-free,100,47,81,43.0,83.0,50.0,50.0,79.0,79.0,45.0,49.5,0.3929111649033576,4,1
small-world/scale-free,100,47,82,61.0,93.0,61.0,58.0,93.0,93.0,61.0,49.5,0.3929111649033576,4,1
small-world/scale-free,100,47,83,43.0,85.0,67.0,70.0,87.0,87.0,46.0,49.5,0.3929111649033576,4,1
small-world/scale-free,100,47,84,61.0,76.0,57.0,57.0,78.0,78.0,81.0,49.5,0.3929111649033576,4,1
small-world/scale-free,100,47,85,61.0,42.0,75.0,73.0,44.0,44.0,83.0,49.5,0.3929111649033576,4,1
small-world/scale-free,100,47,86,61.0,46.0,91.0,91.0,48.0,48.0,96.0,49.5,0.3929111649033576,4,1
small-world/scale-free,100,47,87,61.0,49.0,52.0,52.0,53.0,53.0,68.0,49.5,0.3929111649033576,4,1
small-world/scale-free,100,47,88,61.0,34.0,78.0,81.0,39.0,39.0,90.0,49.5,0.3929111649033576,4,1
small-world/scale-free,100,47,89,34.0,67.0,45.0,43.0,64.0,64.0,34.0,49.5,0.3929111649033576,4,1
small-world/scale-free,100,47,90,61.0,64.0,49.0,48.0,69.0,69.0,72.0,49.5,0.3929111649033576,4,1
small-world/scale-free,100,47,91,61.0,76.0,60.0,60.0,75.0,75.0,77.0,49.5,0.3929111649033576,4,1
small-world/scale-free,100,47,92,61.0,75.0,87.0,89.0,77.0,77.0,71.0,49.5,0.3929111649033576,4,1
small-world/scale-free,100,47,93,61.0,57.0,64.0,64.0,58.0,58.0,82.0,49.5,0.3929111649033576,4,1
small-world/scale-free,100,47,94,61.0,59.0,53.0,53.0,61.0,61.0,95.0,49.5,0.3929111649033576,4,1
small-world/scale-free,100,47,95,61.0,76.0,90.0,90.0,79.0,79.0,74.0,49.5,0.3929111649033576,4,1
small-world/scale-free,100,47,96,61.0,100.0,97.0,97.0,100.0,100.0,69.0,49.5,0.3929111649033576,4,1
small-world/scale-free,100,47,97,61.0,79.0,81.0,80.0,81.0,81.0,73.0,49.5,0.3929111649033576,4,1
small-world/scale-free,100,47,98,61.0,55.0,68.0,66.0,57.0,57.0,92.0,49.5,0.3929111649033576,4,1
small-world/scale-free,100,47,99,61.0,88.0,72.0,72.0,89.0,89.0,70.0,49.5,0.3929111649033576,4,1
small-world/scale-free,100,48,0,3.0,3.0,4.0,5.0,3.0,3.0,4.0,49.5,0.3962393188510836,4,1
small-world/scale-free,100,48,1,7.0,10.0,11.0,10.0,10.0,10.0,8.0,49.5,0.3962393188510836,4,1
small-world/scale-free,100,48,2,7.0,8.0,7.0,7.0,7.0,7.0,7.0,49.5,0.3962393188510836,4,1
small-world/scale-free,100,48,3,1.0,1.0,1.0,1.0,1.0,1.0,1.0,49.5,0.3962393188510836,4,1
small-world/scale-free,100,48,4,2.0,2.0,2.0,2.0,2.0,2.0,2.0,49.5,0.3962393188510836,4,1
small-world/scale-free,100,48,5,6.0,4.0,6.0,6.0,5.0,5.0,6.0,49.5,0.3962393188510836,4,1
small-world/scale-free,100,48,6,16.0,15.0,16.0,16.0,17.0,17.0,22.0,49.5,0.3962393188510836,4,1
small-world/scale-free,100,48,7,28.0,19.0,30.0,30.0,24.0,24.0,35.0,49.5,0.3962393188510836,4,1
small-world/scale-free,100,48,8,3.0,5.0,3.0,3.0,4.0,4.0,3.0,49.5,0.3962393188510836,4,1
small-world/scale-free,100,48,9,16.0,23.0,17.0,17.0,21.0,21.0,18.0,49.5,0.3962393188510836,4,1
small-world/scale-free,100,48,10,28.0,18.0,33.0,35.0,20.0,20.0,34.0,49.5,0.3962393188510836,4,1
small-world/scale-free,100,48,11,10.0,6.0,9.0,9.0,8.0,8.0,10.0,49.5,0.3962393188510836,4,1
small-world/scale-free,100,48,12,9.0,9.0,8.0,8.0,9.0,9.0,9.0,49.5,0.3962393188510836,4,1
small-world/scale-free,100,48,13,16.0,12.0,24.0,24.0,14.0,14.0,19.0,49.5,0.3962393188510836,4,1
small-world/scale-free,100,48,14,28.0,37.0,59.0,61.0,34.0,34.0,31.0,49.5,0.3962393188510836,4,1
small-world/scale-free,100,48,15,16.0,15.0,22.0,22.0,15.0,15.0,21.0,49.5,0.3962393188510836,4,1
small-world/scale-free,100,48,16,12.0,17.0,14.0,14.0,13.0,13.0,13.0,49.5,0.3962393188510836,4,1
small-world/scale-free,100,48,17,5.0,7.0,5.0,4.0,6.0,6.0,5.0,49.5,0.3962393188510836,4,1
small-world/scale-free,100,48,18,58.0,28.0,96.0,96.0,30.0,30.0,93.0,49.5,0.3962393188510836,4,1
small-world/scale-free,100,48,19,28.0,33.0,37.0,36.0,31.0,31.0,32.0,49.5,0.3962393188510836,4,1
small-world/scale-free,100,48,20,36.0,73.0,49.0,50.0,73.0,73.0,50.0,49.5,0.3962393188510836,4,1
small-world/scale-free,100,48,21,58.0,48.0,86.0,86.0,50.0,50.0,83.0,49.5,0.3962393188510836,4,1
small-world/scale-free,100,48,22,23.0,21.0,19.0,20.0,22.0,22.0,24.0,49.5,0.3962393188510836,4,1
small-world/scale-free,100,48,23,11.0,21.0,10.0,11.0,16.0,16.0,11.0,49.5,0.3962393188510836,4,1
small-world/scale-free,100,48,24,16.0,19.0,21.0,21.0,19.0,19.0,20.0,49.5,0.3962393188510836,4,1
small-world/scale-free,100,48,25,28.0,65.0,31.0,31.0,61.0,61.0,33.0,49.5,0.3962393188510836,4,1
small-world/scale-free,100,48,26,58.0,51.0,54.0,55.0,56.0,56.0,87.0,49.5,0.3962393188510836,4,1
small-world/scale-free,100,48,27,12.0,12.0,12.0,12.0,12.0,12.0,12.0,49.5,0.3962393188510836,4,1
small-world/scale-free,100,48,28,36.0,37.0,42.0,42.0,39.0,39.0,55.0,49.5,0.3962393188510836,4,1
small-world/scale-free,100,48,29,36.0,34.0,40.0,41.0,35.0,35.0,48.0,49.5,0.3962393188510836,4,1
small-world/scale-free,100,48,30,36.0,50.0,75.0,74.0,49.0,49.0,54.0,49.5,0.3962393188510836,4,1
small-world/scale-free,100,48,31,58.0,97.0,95.0,95.0,97.0,97.0,73.0,49.5,0.3962393188510836,4,1
small-world/scale-free,100,48,32,28.0,78.0,27.0,29.0,71.0,71.0,30.0,49.5,0.3962393188510836,4,1
small-world/scale-free,100,48,33,15.0,31.0,20.0,19.0,23.0,23.0,15.0,49.5,0.3962393188510836,4,1
small-world/scale-free,100,48,34,25.0,12.0,26.0,26.0,18.0,18.0,27.0,49.5,0.3962393188510836,4,1
small-world/scale-free,100,48,35,12.0,11.0,13.0,13.0,11.0,11.0,14.0,49.5,0.3962393188510836,4,1
small-world/scale-free,100,48,36,16.0,73.0,15.0,15.0,54.0,54.0,16.0,49.5,0.3962393188510836,4,1
small-world/scale-free,100,48,37,58.0,55.0,92.0,92.0,59.0,59.0,88.0,49.5,0.3962393188510836,4,1
small-world/scale-free,100,48,38,58.0,48.0,89.0,89.0,50.0,50.0,90.0,49.5,0.3962393188510836,4,1
small-world/scale-free,100,48,39,58.0,59.0,46.0,46.0,66.0,66.0,89.0,49.5,0.3962393188510836,4,1
small-world/scale-free,100,48,40,16.0,57.0,23.0,23.0,38.0,38.0,17.0,49.5,0.3962393188510836,4,1
small-world/scale-free,100,48,41,58.0,55.0,83.0,85.0,62.0,62.0,91.0,49.5,0.3962393188510836,4,1
small-world/scale-free,100,48,42,58.0,44.0,96.0,96.0,43.0,43.0,84.0,49.5,0.3962393188510836,4,1
small-world/scale-free,100,48,43,23.0,37.0,18.0,18.0,28.0,28.0,23.0,49.5,0.3962393188510836,4,1
small-world/scale-free,100,48,44,25.0,25.0,38.0,38.0,24.0,24.0,26.0,49.5,0.3962393188510836,4,1
small-world/scale-free,100,48,45,25.0,63.0,25.0,25.0,55.0,55.0,25.0,49.5,0.3962393188510836,4,1
small-world/scale-free,100,48,46,36.0,59.0,81.0,80.0,60.0,60.0,57.0,49.5,0.3962393188510836,4,1
small-world/scale-free,100,48,47,58.0,77.0,94.0,94.0,82.0,82.0,62.0,49.5,0.3962393188510836,4,1
small-world/scale-free,100,48,48,36.0,69.0,36.0,37.0,67.0,67.0,43.0,49.5,0.3962393188510836,4,1
small-world/scale-free,100,48,49,58.0,44.0,66.0,66.0,46.0,46.0,77.0,49.5,0.3962393188510836,4,1
small-world/scale-free,100,48,50,28.0,54.0,29.0,28.0,53.0,53.0,29.0,49.5,0.3962393188510836,4,1
small-world/scale-free,100,48,51,36.0,85.0,28.0,27.0,83.0,83.0,36.0,49.5,0.3962393188510836,4,1
small-world/scale-free,100,48,52,36.0,92.0,56.0,56.0,91.0,91.0,38.0,49.5,0.3962393188510836,4,1
small-world/scale-free,100,48,53,58.0,37.0,93.0,93.0,42.0,42.0,94.0,49.5,0.3962393188510836,4,1
small-world/scale-free,100,48,54,36.0,88.0,35.0,34.0,85.0,85.0,45.0,49.5,0.3962393188510836,4,1
small-world/scale-free,100,48,55,36.0,66.0,41.0,40.0,68.0,68.0,42.0,49.5,0.3962393188510836,4,1
small-world/scale-free,100,48,56,28.0,72.0,34.0,33.0,70.0,70.0,28.0,49.5,0.3962393188510836,4,1
small-world/scale-free,100,48,57,36.0,94.0,62.0,58.0,94.0,94.0,39.0,49.5,0.3962393188510836,4,1
small-world/scale-free,100,48,58,36.0,78.0,45.0,43.0,80.0,80.0,40.0,49.5,0.3962393188510836,4,1
small-world/scale-free,100,48,59,58.0,37.0,88.0,88.0,43.0,43.0,85.0,49.5,0.3962393188510836,4,1
small-world/scale-free,100,48,60,36.0,81.0,43.0,44.0,79.0,79.0,47.0,49.5,0.3962393188510836,4,1
small-world/scale-free,100,48,61,36.0,82.0,39.0,39.0,76.0,76.0,44.0,49.5,0.3962393188510836,4,1
small-world/scale-free,100,48,62,58.0,93.0,48.0,48.0,93.0,93.0,61.0,49.5,0.3962393188510836,4,1
small-world/scale-free,100,48,63,58.0,23.0,80.0,83.0,26.0,26.0,96.0,49.5,0.3962393188510836,4,1
small-world/scale-free,100,48,64,36.0,35.0,76.0,75.0,37.0,37.0,56.0,49.5,0.3962393188510836,4,1
small-world/scale-free,100,48,65,58.0,89.0,84.0,82.0,89.0,89.0,71.0,49.5,0.3962393188510836,4,1
small-world/scale-free,100,48,66,36.0,37.0,44.0,45.0,39.0,39.0,53.0,49.5,0.3962393188510836,4,1
small-world/scale-free,100,48,67,58.0,73.0,72.0,73.0,74.0,74.0,82.0,49.5,0.3962393188510836,4,1
small-world/scale-free,100,48,68,58.0,95.0,67.0,63.0,95.0,95.0,59.0,49.5,0.3962393188510836,4,1
small-world/scale-free,100,48,69,36.0,57.0,47.0,47.0,58.0,58.0,49.0,49.5,0.3962393188510836,4,1
small-world/scale-free,100,48,70,58.0,100.0,91.0,91.0,100.0,100.0,58.0,49.5,0.3962393188510836,4,1
small-world/scale-free,100,48,71,58.0,25.0,96.0,96.0,27.0,27.0,100.0,49.5,0.3962393188510836,4,1
small-world/scale-free,100,48,72,36.0,63.0,53.0,53.0,63.0,63.0,52.0,49.5,0.3962393188510836,4,1
small-world/scale-free,100,48,73,58.0,27.0,73.0,76.0,29.0,29.0,98.0,49.5,0.3962393188510836,4,1
small-world/scale-free,100,48,74,36.0,99.0,77.0,77.0,99.0,99.0,37.0,49.5,0.3962393188510836,4,1
small-world/scale-free,100,48,75,36.0,68.0,87.0,87.0,69.0,69.0,51.0,49.5,0.3962393188510836,4,1
small-world/scale-free,100,48,76,36.0,51.0,51.0,51.0,52.0,52.0,46.0,49.5,0.3962393188510836,4,1
small-world/scale-free,100,48,77,58.0,71.0,71.0,71.0,78.0,78.0,79.0,49.5,0.3962393188510836,4,1
small-world/scale-free,100,48,78,58.0,44.0,74.0,72.0,47.0,47.0,81.0,49.5,0.3962393188510836,4,1
small-world/scale-free,100,48,79,58.0,35.0,65.0,68.0,41.0,41.0,86.0,49.5,0.3962393188510836,4,1
small-world/scale-free,100,48,80,58.0,91.0,61.0,59.0,92.0,92.0,64.0,49.5,0.3962393188510836,4,1
small-world/scale-free,100,48,81,58.0,37.0,78.0,78.0,43.0,43.0,75.0,49.5,0.3962393188510836,4,1
small-world/scale-free,100,48,82,58.0,30.0,96.0,96.0,33.0,33.0,99.0,49.5,0.3962393188510836,4,1
small-world/scale-free,100,48,83,58.0,82.0,82.0,81.0,84.0,84.0,78.0,49.5,0.3962393188510836,4,1
small-world/scale-free,100,48,84,58.0,98.0,50.0,49.0,98.0,98.0,60.0,49.5,0.3962393188510836,4,1
small-world/scale-free,100,48,85,58.0,84.0,55.0,54.0,88.0,88.0,67.0,49.5,0.3962393188510836,4,1
small-world/scale-free,100,48,86,58.0,29.0,58.0,57.0,31.0,31.0,72.0,49.5,0.3962393188510836,4,1
small-world/scale-free,100,48,87,58.0,67.0,69.0,67.0,72.0,72.0,74.0,49.5,0.3962393188510836,4,1
small-world/scale-free,100,48,88,58.0,53.0,70.0,70.0,57.0,57.0,92.0,49.5,0.3962393188510836,4,1
small-world/scale-free,100,48,89,58.0,59.0,57.0,62.0,65.0,65.0,70.0,49.5,0.3962393188510836,4,1
small-world/scale-free,100,48,90,58.0,87.0,63.0,65.0,87.0,87.0,68.0,49.5,0.3962393188510836,4,1
small-world/scale-free,100,48,91,58.0,95.0,79.0,79.0,96.0,96.0,63.0,49.5,0.3962393188510836,4,1
small-world/scale-free,100,48,92,58.0,47.0,96.0,96.0,48.0,48.0,97.0,49.5,0.3962393188510836,4,1
small-world/scale-free,100,48,93,36.0,78.0,52.0,52.0,81.0,81.0,41.0,49.5,0.3962393188510836,4,1
small-world/scale-free,100,48,94,58.0,90.0,68.0,69.0,90.0,90.0,65.0,49.5,0.3962393188510836,4,1
small-world/scale-free,100,48,95,58.0,69.0,85.0,84.0,77.0,77.0,76.0,49.5,0.3962393188510836,4,1
small-world/scale-free,100,48,96,58.0,73.0,60.0,60.0,75.0,75.0,80.0,49.5,0.3962393188510836,4,1
small-world/scale-free,100,48,97,58.0,59.0,90.0,90.0,64.0,64.0,95.0,49.5,0.3962393188510836,4,1
small-world/scale-free,100,48,98,58.0,85.0,64.0,64.0,85.0,85.0,69.0,49.5,0.3962393188510836,4,1
small-world/scale-free,100,48,99,58.0,31.0,32.0,32.0,36.0,36.0,66.0,49.5,0.3962393188510836,4,1
