small-world,200,21,0,49.0,15.0,16.0,16.0,11.0,11.0,141.0,99.5,0.008333333333333333,3,3
small-world,200,21,1,143.0,164.0,142.0,142.0,164.0,164.0,143.0,99.5,0.008333333333333333,3,3
small-world,200,21,2,49.0,162.0,98.0,98.0,154.0,154.0,49.0,99.5,0.008333333333333333,3,3
small-world,200,21,3,49.0,159.0,81.0,81.0,147.0,147.0,69.0,99.5,0.008333333333333333,3,3
small-world,200,21,4,49.0,154.0,73.0,73.0,141.0,141.0,83.0,99.5,0.008333333333333333,3,3
small-world,200,21,5,49.0,149.0,63.0,63.0,130.0,130.0,94.0,99.5,0.008333333333333333,3,3
small-world,200,21,6,10.0,145.0,51.0,51.0,111.0,111.0,19.0,99.5,0.008333333333333333,3,3
small-world,200,21,7,49.0,138.0,43.0,43.0,105.0,105.0,116.0,99.5,0.008333333333333333,3,3
small-world,200,21,8,143.0,89.0,142.0,142.0,90.0,90.0,183.0,99.5,0.008333333333333333,3,3
small-world,200,21,9,143.0,167.0,142.0,142.0,175.0,175.0,188.0,99.5,0.008333333333333333,3,3
small-world,200,21,10,49.0,93.0,98.0,98.0,93.0,93.0,76.0,99.5,0.008333333333333333,3,3
small-world,200,21,11,49.0,107.0,98.0,98.0,112.0,112.0,59.0,99.5,0.008333333333333333,3,3
small-world,200,21,12,49.0,92.0,81.0,81.0,86.0,86.0,92.0,99.5,0.008333333333333333,3,3
small-world,200,21,13,10.0,70.0,47.0,47.0,52.0,52.0,33.0,99.5,0.008333333333333333,3,3
small-world,200,21,14,49.0,57.0,55.0,55.0,61.0,61.0,117.0,99.5,0.008333333333333333,3,3
small-world,200,21,15,49.0,51.0,48.0,48.0,63.0,63.0,110.0,99.5,0.008333333333333333,3,3
small-world,200,21,16,49.0,46.0,46.0,46.0,59.0,59.0,111.0,99.5,0.008333333333333333,3,3
small-world,200,21,17,143.0,124.0,142.0,142.0,136.0,136.0,159.0,99.5,0.008333333333333333,3,3
small-world,200,21,18,49.0,109.0,98.0,98.0,113.0,113.0,65.0,99.5,0.008333333333333333,3,3
small-world,200,21,19,143.0,113.0,142.0,142.0,142.0,142.0,148.0,99.5,0.008333333333333333,3,3
small-world,200,21,20,49.0,98.0,98.0,98.0,119.0,119.0,54.0,99.5,0.008333333333333333,3,3
small-world,200,21,21,143.0,131.0,142.0,142.0,140.0,140.0,151.0,99.5,0.008333333333333333,3,3
small-world,200,21,22,49.0,33.0,18.0,18.0,28.0,28.0,133.0,99.5,0.008333333333333333,3,3
small-world,200,21,23,143.0,79.0,142.0,142.0,120.0,120.0,156.0,99.5,0.008333333333333333,3,3
small-world,200,21,24,143.0,198.0,142.0,142.0,198.0,198.0,161.0,99.5,0.008333333333333333,3,3
small-world,200,21,25,143.0,46.0,142.0,142.0,35.0,35.0,200.0,99.5,0.008333333333333333,3,3
small-world,200,21,26,143.0,30.0,142.0,142.0,40.0,40.0,199.0,99.5,0.008333333333333333,3,3
small-world,200,21,27,49.0,96.0,81.0,81.0,103.0,103.0,82.0,99.5,0.008333333333333333,3,3
small-world,200,21,28,49.0,75.0,73.0,73.0,71.0,71.0,104.0,99.5,0.008333333333333333,3,3
small-world,200,21,29,49.0,91.0,63.0,63.0,80.0,80.0,98.0,99.5,0.008333333333333333,3,3
small-world,200,21,30,10.0,71.0,42.0,42.0,57.0,57.0,25.0,99.5,0.008333333333333333,3,3
small-world,200,21,31,49.0,21.0,81.0,81.0,39.0,39.0,96.0,99.5,0.008333333333333333,3,3
small-world,200,21,32,10.0,11.0,11.0,11.0,9.0,9.0,37.0,99.5,0.008333333333333333,3,3
small-world,200,21,33,10.0,41.0,28.0,28.0,10.0,10.0,42.0,99.5,0.008333333333333333,3,3
small-world,200,21,34,1.0,27.0,17.0,17.0,1.0,1.0,1.0,99.5,0.008333333333333333,3,3
small-world,200,21,35,49.0,39.0,45.0,45.0,16.0,16.0,138.0,99.5,0.008333333333333333,3,3
small-world,200,21,36,10.0,53.0,49.0,49.0,31.0,31.0,31.0,99.5,0.008333333333333333,3,3
small-world,200,21,37,49.0,73.0,59.0,59.0,43.0,43.0,122.0,99.5,0.008333333333333333,3,3
small-world,200,21,38,49.0,35.0,81.0,81.0,54.0,54.0,95.0,99.5,0.008333333333333333,3,3
small-world,200,21,39,143.0,171.0,142.0,142.0,177.0,177.0,195.0,99.5,0.008333333333333333,3,3
small-world,200,21,40,10.0,158.0,127.0,127.0,161.0,161.0,36.0,99.5,0.008333333333333333,3,3
small-world,200,21,41,10.0,140.0,93.0,93.0,153.0,153.0,44.0,99.5,0.008333333333333333,3,3
small-world,200,21,42,10.0,142.0,92.0,92.0,152.0,152.0,46.0,99.5,0.008333333333333333,3,3
small-world,200,21,43,49.0,28.0,36.0,36.0,26.0,26.0,137.0,99.5,0.008333333333333333,3,3
small-world,200,21,44,49.0,78.0,81.0,81.0,101.0,101.0,78.0,99.5,0.008333333333333333,3,3
small-world,200,21,45,49.0,192.0,136.0,136.0,193.0,193.0,81.0,99.5,0.008333333333333333,3,3
small-world,200,21,46,143.0,135.0,142.0,142.0,150.0,150.0,144.0,99.5,0.008333333333333333,3,3
small-world,200,21,47,49.0,128.0,98.0,98.0,134.0,134.0,50.0,99.5,0.008333333333333333,3,3
small-world,200,21,48,49.0,114.0,81.0,81.0,118.0,118.0,70.0,99.5,0.008333333333333333,3,3
small-world,200,21,49,143.0,160.0,142.0,142.0,159.0,159.0,147.0,99.5,0.008333333333333333,3,3
small-world,200,21,50,49.0,155.0,98.0,98.0,149.0,149.0,53.0,99.5,0.008333333333333333,3,3
small-world,200,21,51,143.0,200.0,142.0,142.0,200.0,200.0,175.0,99.5,0.008333333333333333,3,3
small-world,200,21,52,49.0,197.0,138.0,138.0,196.0,196.0,87.0,99.5,0.008333333333333333,3,3
small-world,200,21,53,10.0,194.0,136.0,136.0,190.0,190.0,38.0,99.5,0.008333333333333333,3,3
small-world,200,21,54,143.0,77.0,142.0,142.0,78.0,78.0,189.0,99.5,0.008333333333333333,3,3
small-world,200,21,55,143.0,126.0,142.0,142.0,121.0,121.0,182.0,99.5,0.008333333333333333,3,3
small-world,200,21,56,143.0,189.0,142.0,142.0,186.0,186.0,163.0,99.5,0.008333333333333333,3,3
small-world,200,21,57,10.0,182.0,124.0,124.0,174.0,174.0,10.0,99.5,0.008333333333333333,3,3
small-world,200,21,58,49.0,175.0,123.0,123.0,169.0,169.0,88.0,99.5,0.008333333333333333,3,3
small-world,200,21,59,49.0,129.0,98.0,98.0,131.0,131.0,51.0,99.5,0.008333333333333333,3,3
small-world,200,21,60,49.0,115.0,81.0,81.0,115.0,115.0,71.0,99.5,0.008333333333333333,3,3
small-world,200,21,61,143.0,181.0,142.0,142.0,183.0,183.0,168.0,99.5,0.008333333333333333,3,3
small-world,200,21,62,143.0,23.0,142.0,142.0,56.0,56.0,197.0,99.5,0.008333333333333333,3,3
small-world,200,21,63,143.0,183.0,142.0,142.0,185.0,185.0,158.0,99.5,0.008333333333333333,3,3
small-world,200,21,64,49.0,176.0,132.0,132.0,176.0,176.0,64.0,99.5,0.008333333333333333,3,3
small-world,200,21,65,49.0,168.0,125.0,125.0,168.0,168.0,99.0,99.5,0.008333333333333333,3,3
small-world,200,21,66,2.0,157.0,121.0,121.0,155.0,155.0,7.0,99.5,0.008333333333333333,3,3
small-world,200,21,67,49.0,163.0,141.0,141.0,166.0,166.0,135.0,99.5,0.008333333333333333,3,3
small-world,200,21,68,143.0,199.0,142.0,142.0,199.0,199.0,149.0,99.5,0.008333333333333333,3,3
small-world,200,21,69,49.0,196.0,138.0,138.0,197.0,197.0,55.0,99.5,0.008333333333333333,3,3
small-world,200,21,70,143.0,36.0,142.0,142.0,66.0,66.0,194.0,99.5,0.008333333333333333,3,3
small-world,200,21,71,2.0,18.0,30.0,30.0,20.0,20.0,5.0,99.5,0.008333333333333333,3,3
small-world,200,21,72,49.0,13.0,29.0,29.0,17.0,17.0,142.0,99.5,0.008333333333333333,3,3
small-world,200,21,73,143.0,64.0,142.0,142.0,96.0,96.0,171.0,99.5,0.008333333333333333,3,3
small-world,200,21,74,49.0,174.0,132.0,132.0,171.0,171.0,77.0,99.5,0.008333333333333333,3,3
small-world,200,21,75,10.0,16.0,9.0,9.0,4.0,4.0,48.0,99.5,0.008333333333333333,3,3
small-world,200,21,76,49.0,115.0,98.0,98.0,116.0,116.0,57.0,99.5,0.008333333333333333,3,3
small-world,200,21,77,49.0,3.0,5.0,5.0,25.0,25.0,119.0,99.5,0.008333333333333333,3,3
small-world,200,21,78,49.0,2.0,4.0,4.0,14.0,14.0,131.0,99.5,0.008333333333333333,3,3
small-world,200,21,79,10.0,1.0,1.0,1.0,5.0,5.0,45.0,99.5,0.008333333333333333,3,3
small-world,200,21,80,49.0,4.0,12.0,12.0,13.0,13.0,139.0,99.5,0.008333333333333333,3,3
small-world,200,21,81,49.0,8.0,13.0,13.0,15.0,15.0,134.0,99.5,0.008333333333333333,3,3
small-world,200,21,82,143.0,141.0,142.0,142.0,125.0,125.0,192.0,99.5,0.008333333333333333,3,3
small-world,200,21,83,2.0,132.0,27.0,27.0,70.0,70.0,4.0,99.5,0.008333333333333333,3,3
small-world,200,21,84,143.0,124.0,142.0,142.0,136.0,136.0,159.0,99.5,0.008333333333333333,3,3
small-world,200,21,85,143.0,104.0,142.0,142.0,95.0,95.0,190.0,99.5,0.008333333333333333,3,3
small-world,200,21,86,2.0,85.0,56.0,56.0,38.0,38.0,3.0,99.5,0.008333333333333333,3,3
small-world,200,21,87,49.0,76.0,60.0,60.0,55.0,55.0,125.0,99.5,0.008333333333333333,3,3
small-world,200,21,88,49.0,172.0,132.0,132.0,170.0,170.0,79.0,99.5,0.008333333333333333,3,3
small-world,200,21,89,10.0,161.0,96.0,96.0,160.0,160.0,28.0,99.5,0.008333333333333333,3,3
small-world,200,21,90,10.0,152.0,95.0,95.0,157.0,157.0,30.0,99.5,0.008333333333333333,3,3
small-world,200,21,91,10.0,146.0,94.0,94.0,156.0,156.0,34.0,99.5,0.008333333333333333,3,3
small-world,200,21,92,49.0,184.0,128.0,128.0,189.0,189.0,105.0,99.5,0.008333333333333333,3,3
small-world,200,21,93,49.0,184.0,128.0,128.0,192.0,192.0,113.0,99.5,0.008333333333333333,3,3
small-world,200,21,94,49.0,186.0,130.0,130.0,191.0,191.0,128.0,99.5,0.008333333333333333,3,3
small-world,200,21,95,10.0,191.0,131.0,131.0,184.0,184.0,41.0,99.5,0.008333333333333333,3,3
small-world,200,21,96,49.0,195.0,142.0,142.0,195.0,195.0,140.0,99.5,0.008333333333333333,3,3
small-world,200,21,97,49.0,123.0,26.0,26.0,85.0,85.0,120.0,99.5,0.008333333333333333,3,3
small-world,200,21,98,10.0,111.0,25.0,25.0,73.0,73.0,23.0,99.5,0.008333333333333333,3,3
small-world,200,21,99,49.0,97.0,24.0,24.0,74.0,74.0,108.0,99.5,0.008333333333333333,3,3
small-world,200,21,100,143.0,72.0,142.0,142.0,83.0,83.0,187.0,99.5,0.008333333333333333,3,3
small-world,200,21,101,10.0,50.0,19.0,19.0,32.0,32.0,29.0,99.5,0.008333333333333333,3,3
small-world,200,21,102,143.0,180.0,142.0,142.0,180.0,180.0,176.0,99.5,0.008333333333333333,3,3
small-world,200,21,103,143.0,56.0,142.0,142.0,108.0,108.0,157.0,99.5,0.008333333333333333,3,3
small-world,200,21,104,49.0,37.0,98.0,98.0,69.0,69.0,63.0,99.5,0.008333333333333333,3,3
small-world,200,21,105,143.0,89.0,142.0,142.0,90.0,90.0,183.0,99.5,0.008333333333333333,3,3
small-world,200,21,106,143.0,188.0,142.0,142.0,188.0,188.0,154.0,99.5,0.008333333333333333,3,3
small-world,200,21,107,49.0,179.0,132.0,132.0,178.0,178.0,60.0,99.5,0.008333333333333333,3,3
small-world,200,21,108,10.0,173.0,122.0,122.0,167.0,167.0,13.0,99.5,0.008333333333333333,3,3
small-world,200,21,109,10.0,165.0,119.0,119.0,163.0,163.0,26.0,99.5,0.008333333333333333,3,3
small-world,200,21,110,49.0,156.0,97.0,97.0,162.0,162.0,132.0,99.5,0.008333333333333333,3,3
small-world,200,21,111,49.0,148.0,98.0,98.0,148.0,148.0,52.0,99.5,0.008333333333333333,3,3
small-world,200,21,112,49.0,143.0,81.0,81.0,138.0,138.0,74.0,99.5,0.008333333333333333,3,3
small-world,200,21,113,49.0,134.0,73.0,73.0,129.0,129.0,90.0,99.5,0.008333333333333333,3,3
small-world,200,21,114,2.0,68.0,20.0,20.0,36.0,36.0,2.0,99.5,0.008333333333333333,3,3
small-world,200,21,115,143.0,121.0,142.0,142.0,133.0,133.0,174.0,99.5,0.008333333333333333,3,3
small-world,200,21,116,143.0,127.0,142.0,142.0,143.0,143.0,150.0,99.5,0.008333333333333333,3,3
small-world,200,21,117,49.0,112.0,98.0,98.0,123.0,123.0,56.0,99.5,0.008333333333333333,3,3
small-world,200,21,118,143.0,137.0,142.0,142.0,146.0,146.0,145.0,99.5,0.008333333333333333,3,3
small-world,200,21,119,143.0,189.0,142.0,142.0,186.0,186.0,163.0,99.5,0.008333333333333333,3,3
small-world,200,21,120,49.0,151.0,81.0,81.0,139.0,139.0,75.0,99.5,0.008333333333333333,3,3
small-world,200,21,121,49.0,147.0,73.0,73.0,127.0,127.0,91.0,99.5,0.008333333333333333,3,3
small-world,200,21,122,49.0,55.0,98.0,98.0,87.0,87.0,62.0,99.5,0.008333333333333333,3,3
small-world,200,21,123,143.0,122.0,142.0,142.0,135.0,135.0,153.0,99.5,0.008333333333333333,3,3
small-world,200,21,124,49.0,84.0,22.0,22.0,62.0,62.0,109.0,99.5,0.008333333333333333,3,3
small-world,200,21,125,10.0,94.0,61.0,61.0,76.0,76.0,15.0,99.5,0.008333333333333333,3,3
small-world,200,21,126,10.0,74.0,51.0,51.0,58.0,58.0,24.0,99.5,0.008333333333333333,3,3
small-world,200,21,127,10.0,52.0,33.0,33.0,41.0,41.0,35.0,99.5,0.008333333333333333,3,3
small-world,200,21,128,49.0,32.0,31.0,31.0,33.0,33.0,136.0,99.5,0.008333333333333333,3,3
small-world,200,21,129,49.0,118.0,43.0,43.0,106.0,106.0,102.0,99.5,0.008333333333333333,3,3
small-world,200,21,130,49.0,105.0,39.0,39.0,99.0,99.0,100.0,99.5,0.008333333333333333,3,3
small-world,200,21,131,49.0,101.0,73.0,73.0,92.0,92.0,89.0,99.5,0.008333333333333333,3,3
small-world,200,21,132,143.0,83.0,142.0,142.0,100.0,100.0,180.0,99.5,0.008333333333333333,3,3
small-world,200,21,133,143.0,38.0,142.0,142.0,79.0,79.0,173.0,99.5,0.008333333333333333,3,3
small-world,200,21,134,143.0,133.0,142.0,142.0,145.0,145.0,152.0,99.5,0.008333333333333333,3,3
small-world,200,21,135,49.0,7.0,7.0,7.0,29.0,29.0,114.0,99.5,0.008333333333333333,3,3
small-world,200,21,136,143.0,144.0,142.0,142.0,151.0,151.0,162.0,99.5,0.008333333333333333,3,3
small-world,200,21,137,49.0,136.0,98.0,98.0,132.0,132.0,68.0,99.5,0.008333333333333333,3,3
small-world,200,21,138,10.0,129.0,50.0,50.0,107.0,107.0,18.0,99.5,0.008333333333333333,3,3
small-world,200,21,139,143.0,86.0,142.0,142.0,117.0,117.0,155.0,99.5,0.008333333333333333,3,3
small-world,200,21,140,49.0,62.0,98.0,98.0,81.0,81.0,61.0,99.5,0.008333333333333333,3,3
small-world,200,21,141,49.0,100.0,81.0,81.0,88.0,88.0,84.0,99.5,0.008333333333333333,3,3
small-world,200,21,142,10.0,81.0,57.0,57.0,53.0,53.0,20.0,99.5,0.008333333333333333,3,3
small-world,200,21,143,143.0,117.0,142.0,142.0,126.0,126.0,165.0,99.5,0.008333333333333333,3,3
small-world,200,21,144,49.0,101.0,98.0,98.0,89.0,89.0,72.0,99.5,0.008333333333333333,3,3
small-world,200,21,145,143.0,95.0,142.0,142.0,109.0,109.0,185.0,99.5,0.008333333333333333,3,3
small-world,200,21,146,143.0,61.0,142.0,142.0,75.0,75.0,191.0,99.5,0.008333333333333333,3,3
small-world,200,21,147,10.0,40.0,38.0,38.0,27.0,27.0,32.0,99.5,0.008333333333333333,3,3
small-world,200,21,148,10.0,23.0,14.0,14.0,8.0,8.0,43.0,99.5,0.008333333333333333,3,3
small-world,200,21,149,143.0,177.0,142.0,142.0,179.0,179.0,178.0,99.5,0.008333333333333333,3,3
small-world,200,21,150,143.0,22.0,142.0,142.0,49.0,49.0,196.0,99.5,0.008333333333333333,3,3
small-world,200,21,151,49.0,120.0,98.0,98.0,124.0,124.0,58.0,99.5,0.008333333333333333,3,3
small-world,200,21,152,10.0,106.0,70.0,70.0,98.0,98.0,12.0,99.5,0.008333333333333333,3,3
small-world,200,21,153,49.0,99.0,73.0,73.0,102.0,102.0,86.0,99.5,0.008333333333333333,3,3
small-world,200,21,154,49.0,80.0,63.0,63.0,77.0,77.0,97.0,99.5,0.008333333333333333,3,3
small-world,200,21,155,10.0,58.0,51.0,51.0,48.0,48.0,21.0,99.5,0.008333333333333333,3,3
small-world,200,21,156,143.0,63.0,142.0,142.0,94.0,94.0,177.0,99.5,0.008333333333333333,3,3
small-world,200,21,157,10.0,42.0,70.0,70.0,45.0,45.0,14.0,99.5,0.008333333333333333,3,3
small-world,200,21,158,49.0,25.0,63.0,63.0,23.0,23.0,127.0,99.5,0.008333333333333333,3,3
small-world,200,21,159,2.0,14.0,2.0,2.0,2.0,2.0,9.0,99.5,0.008333333333333333,3,3
small-world,200,21,160,2.0,10.0,3.0,3.0,7.0,7.0,6.0,99.5,0.008333333333333333,3,3
small-world,200,21,161,49.0,9.0,8.0,8.0,21.0,21.0,123.0,99.5,0.008333333333333333,3,3
small-world,200,21,162,143.0,165.0,142.0,142.0,172.0,172.0,193.0,99.5,0.008333333333333333,3,3
small-world,200,21,163,49.0,109.0,98.0,98.0,113.0,113.0,65.0,99.5,0.008333333333333333,3,3
small-world,200,21,164,143.0,64.0,142.0,142.0,96.0,96.0,171.0,99.5,0.008333333333333333,3,3
small-world,200,21,165,10.0,43.0,80.0,80.0,47.0,47.0,11.0,99.5,0.008333333333333333,3,3
small-world,200,21,166,49.0,30.0,41.0,41.0,44.0,44.0,121.0,99.5,0.008333333333333333,3,3
small-world,200,21,167,49.0,139.0,63.0,63.0,110.0,110.0,107.0,99.5,0.008333333333333333,3,3
small-world,200,21,168,49.0,48.0,39.0,39.0,46.0,46.0,124.0,99.5,0.008333333333333333,3,3
small-world,200,21,169,143.0,88.0,142.0,142.0,104.0,104.0,166.0,99.5,0.008333333333333333,3,3
small-world,200,21,170,49.0,66.0,98.0,98.0,60.0,60.0,73.0,99.5,0.008333333333333333,3,3
small-world,200,21,171,10.0,45.0,70.0,70.0,22.0,22.0,22.0,99.5,0.008333333333333333,3,3
small-world,200,21,172,49.0,20.0,98.0,98.0,37.0,37.0,85.0,99.5,0.008333333333333333,3,3
small-world,200,21,173,143.0,153.0,142.0,142.0,158.0,158.0,146.0,99.5,0.008333333333333333,3,3
small-world,200,21,174,143.0,150.0,142.0,142.0,144.0,144.0,179.0,99.5,0.008333333333333333,3,3
small-world,200,21,175,49.0,82.0,63.0,63.0,67.0,67.0,101.0,99.5,0.008333333333333333,3,3
small-world,200,21,176,49.0,60.0,58.0,58.0,42.0,42.0,126.0,99.5,0.008333333333333333,3,3
small-world,200,21,177,143.0,178.0,142.0,142.0,181.0,181.0,169.0,99.5,0.008333333333333333,3,3
small-world,200,21,178,143.0,108.0,142.0,142.0,128.0,128.0,167.0,99.5,0.008333333333333333,3,3
small-world,200,21,179,49.0,5.0,6.0,6.0,30.0,30.0,112.0,99.5,0.008333333333333333,3,3
small-world,200,21,180,49.0,87.0,36.0,36.0,84.0,84.0,103.0,99.5,0.008333333333333333,3,3
small-world,200,21,181,49.0,69.0,35.0,35.0,65.0,65.0,106.0,99.5,0.008333333333333333,3,3
small-world,200,21,182,49.0,49.0,34.0,34.0,50.0,50.0,115.0,99.5,0.008333333333333333,3,3
small-world,200,21,183,49.0,29.0,31.0,31.0,24.0,24.0,130.0,99.5,0.008333333333333333,3,3
small-world,200,21,184,2.0,17.0,10.0,10.0,3.0,3.0,8.0,99.5,0.008333333333333333,3,3
small-world,200,21,185,143.0,44.0,142.0,142.0,64.0,64.0,186.0,99.5,0.008333333333333333,3,3
small-world,200,21,186,10.0,25.0,62.0,62.0,18.0,18.0,27.0,99.5,0.008333333333333333,3,3
small-world,200,21,187,49.0,193.0,138.0,138.0,194.0,194.0,67.0,99.5,0.008333333333333333,3,3
small-world,200,21,188,10.0,186.0,126.0,126.0,182.0,182.0,16.0,99.5,0.008333333333333333,3,3
small-world,200,21,189,143.0,67.0,142.0,142.0,68.0,68.0,181.0,99.5,0.008333333333333333,3,3
small-world,200,21,190,49.0,59.0,54.0,54.0,34.0,34.0,129.0,99.5,0.008333333333333333,3,3
small-world,200,21,191,10.0,169.0,120.0,120.0,165.0,165.0,17.0,99.5,0.008333333333333333,3,3
small-world,200,21,192,10.0,19.0,23.0,23.0,19.0,19.0,40.0,99.5,0.008333333333333333,3,3
small-world,200,21,193,10.0,12.0,21.0,21.0,12.0,12.0,39.0,99.5,0.008333333333333333,3,3
small-world,200,21,194,10.0,6.0,15.0,15.0,6.0,6.0,47.0,99.5,0.008333333333333333,3,3
small-world,200,21,195,49.0,54.0,73.0,73.0,72.0,72.0,93.0,99.5,0.008333333333333333,3,3
small-world,200,21,196,49.0,34.0,63.0,63.0,51.0,51.0,118.0,99.5,0.008333333333333333,3,3
small-world,200,21,197,143.0,170.0,142.0,142.0,173.0,173.0,198.0,99.5,0.008333333333333333,3,3
small-world,200,21,198,143.0,119.0,142.0,142.0,122.0,122.0,170.0,99.5,0.008333333333333333,3,3
small-world,200,21,199,49.0,103.0,98.0,98.0,82.0,82.0,80.0,99.5,0.008333333333333333,3,3
small-world,200,22,0,49.0,120.0,77.0,77.0,105.0,105.0,90.0,99.5,0.005,3,3
small-world,200,22,1,11.0,99.0,28.0,28.0,74.0,74.0,30.0,99.5,0.005,3,3
small-world,200,22,2,49.0,145.0,96.0,96.0,136.0,136.0,57.0,99.5,0.005,3,3
small-world,200,22,3,11.0,137.0,62.0,62.0,104.0,104.0,13.0,99.5,0.005,3,3
small-world,200,22,4,141.0,140.0,141.0,141.0,149.0,149.0,150.0,99.5,0.005,3,3
small-world,200,22,5,141.0,87.0,141.0,141.0,102.0,102.0,176.0,99.5,0.005,3,3
small-world,200,22,6,11.0,61.0,62.0,62.0,59.0,59.0,16.0,99.5,0.005,3,3
small-world,200,22,7,49.0,41.0,57.0,57.0,41.0,41.0,118.0,99.5,0.005,3,3
small-world,200,22,8,2.0,25.0,13.0,13.0,15.0,15.0,6.0,99.5,0.005,3,3
small-world,200,22,9,141.0,197.0,141.0,141.0,191.0,191.0,170.0,99.5,0.005,3,3
small-world,200,22,10,49.0,192.0,128.0,128.0,183.0,183.0,87.0,99.5,0.005,3,3
small-world,200,22,11,11.0,4.0,1.0,1.0,2.0,2.0,48.0,99.5,0.005,3,3
small-world,200,22,12,49.0,3.0,7.0,7.0,13.0,13.0,137.0,99.5,0.005,3,3
small-world,200,22,13,49.0,122.0,77.0,77.0,124.0,124.0,68.0,99.5,0.005,3,3
small-world,200,22,14,49.0,103.0,67.0,67.0,101.0,101.0,83.0,99.5,0.005,3,3
small-world,200,22,15,49.0,81.0,57.0,57.0,80.0,80.0,95.0,99.5,0.005,3,3
small-world,200,22,16,49.0,90.0,77.0,77.0,99.0,99.0,72.0,99.5,0.005,3,3
small-world,200,22,17,49.0,68.0,67.0,67.0,78.0,78.0,88.0,99.5,0.005,3,3
small-world,200,22,18,49.0,47.0,57.0,57.0,58.0,58.0,103.0,99.5,0.005,3,3
small-world,200,22,19,49.0,59.0,55.0,55.0,60.0,60.0,108.0,99.5,0.005,3,3
small-world,200,22,20,49.0,39.0,47.0,47.0,32.0,32.0,126.0,99.5,0.005,3,3
small-world,200,22,21,141.0,44.0,141.0,141.0,53.0,53.0,198.0,99.5,0.005,3,3
small-world,200,22,22,141.0,153.0,141.0,141.0,154.0,154.0,147.0,99.5,0.005,3,3
small-world,200,22,23,141.0,125.0,141.0,141.0,138.0,138.0,159.0,99.5,0.005,3,3
small-world,200,22,24,11.0,112.0,75.0,75.0,106.0,106.0,11.0,99.5,0.005,3,3
small-world,200,22,25,49.0,91.0,67.0,67.0,90.0,90.0,86.0,99.5,0.005,3,3
small-world,200,22,26,141.0,199.0,141.0,141.0,199.0,199.0,166.0,99.5,0.005,3,3
small-world,200,22,27,49.0,73.0,96.0,96.0,89.0,89.0,74.0,99.5,0.005,3,3
small-world,200,22,28,11.0,52.0,43.0,43.0,54.0,54.0,23.0,99.5,0.005,3,3
small-world,200,22,29,49.0,34.0,39.0,39.0,46.0,46.0,129.0,99.5,0.005,3,3
small-world,200,22,30,49.0,78.0,27.0,27.0,66.0,66.0,119.0,99.5,0.005,3,3
small-world,200,22,31,49.0,166.0,128.0,128.0,173.0,173.0,77.0,99.5,0.005,3,3
small-world,200,22,32,11.0,160.0,87.0,87.0,160.0,160.0,29.0,99.5,0.005,3,3
small-world,200,22,33,49.0,162.0,90.0,90.0,164.0,164.0,116.0,99.5,0.005,3,3
small-world,200,22,34,11.0,164.0,90.0,90.0,163.0,163.0,22.0,99.5,0.005,3,3
small-world,200,22,35,49.0,167.0,93.0,93.0,166.0,166.0,113.0,99.5,0.005,3,3
small-world,200,22,36,11.0,171.0,94.0,94.0,165.0,165.0,24.0,99.5,0.005,3,3
small-world,200,22,37,49.0,177.0,95.0,95.0,172.0,172.0,128.0,99.5,0.005,3,3
small-world,200,22,38,141.0,46.0,141.0,141.0,70.0,70.0,189.0,99.5,0.005,3,3
small-world,200,22,39,141.0,69.0,141.0,141.0,109.0,109.0,155.0,99.5,0.005,3,3
small-world,200,22,40,49.0,47.0,96.0,96.0,67.0,67.0,65.0,99.5,0.005,3,3
small-world,200,22,41,49.0,27.0,77.0,77.0,43.0,43.0,97.0,99.5,0.005,3,3
small-world,200,22,42,49.0,2.0,6.0,6.0,14.0,14.0,136.0,99.5,0.005,3,3
small-world,200,22,43,141.0,84.0,141.0,141.0,95.0,95.0,178.0,99.5,0.005,3,3
small-world,200,22,44,11.0,60.0,62.0,62.0,51.0,51.0,17.0,99.5,0.005,3,3
small-world,200,22,45,11.0,40.0,51.0,51.0,21.0,21.0,27.0,99.5,0.005,3,3
small-world,200,22,46,141.0,178.0,141.0,141.0,182.0,182.0,188.0,99.5,0.005,3,3
small-world,200,22,47,141.0,157.0,141.0,141.0,157.0,157.0,142.0,99.5,0.005,3,3
small-world,200,22,48,49.0,154.0,96.0,96.0,153.0,153.0,50.0,99.5,0.005,3,3
small-world,200,22,49,49.0,148.0,77.0,77.0,144.0,144.0,69.0,99.5,0.005,3,3
small-world,200,22,50,49.0,142.0,67.0,67.0,135.0,135.0,84.0,99.5,0.005,3,3
small-world,200,22,51,49.0,102.0,29.0,29.0,57.0,57.0,121.0,99.5,0.005,3,3
small-world,200,22,52,141.0,194.0,141.0,141.0,189.0,189.0,197.0,99.5,0.005,3,3
small-world,200,22,53,11.0,188.0,128.0,128.0,176.0,176.0,36.0,99.5,0.005,3,3
small-world,200,22,54,141.0,183.0,141.0,141.0,185.0,185.0,171.0,99.5,0.005,3,3
small-world,200,22,55,49.0,147.0,96.0,96.0,140.0,140.0,55.0,99.5,0.005,3,3
small-world,200,22,56,49.0,138.0,77.0,77.0,123.0,123.0,78.0,99.5,0.005,3,3
small-world,200,22,57,49.0,131.0,67.0,67.0,93.0,93.0,98.0,99.5,0.005,3,3
small-world,200,22,58,141.0,199.0,141.0,141.0,199.0,199.0,166.0,99.5,0.005,3,3
small-world,200,22,59,49.0,189.0,135.0,135.0,195.0,195.0,79.0,99.5,0.005,3,3
small-world,200,22,60,2.0,168.0,134.0,134.0,186.0,186.0,4.0,99.5,0.005,3,3
small-world,200,22,61,49.0,184.0,137.0,137.0,193.0,193.0,114.0,99.5,0.005,3,3
small-world,200,22,62,49.0,195.0,139.0,139.0,197.0,197.0,109.0,99.5,0.005,3,3
small-world,200,22,63,141.0,155.0,141.0,141.0,155.0,155.0,156.0,99.5,0.005,3,3
small-world,200,22,64,49.0,149.0,96.0,96.0,142.0,142.0,63.0,99.5,0.005,3,3
small-world,200,22,65,2.0,144.0,50.0,50.0,121.0,121.0,2.0,99.5,0.005,3,3
small-world,200,22,66,49.0,136.0,47.0,47.0,122.0,122.0,99.0,99.5,0.005,3,3
small-world,200,22,67,49.0,128.0,39.0,39.0,116.0,116.0,104.0,99.5,0.005,3,3
small-world,200,22,68,49.0,119.0,34.0,34.0,96.0,96.0,111.0,99.5,0.005,3,3
small-world,200,22,69,141.0,95.0,141.0,141.0,129.0,129.0,163.0,99.5,0.005,3,3
small-world,200,22,70,49.0,54.0,96.0,96.0,72.0,72.0,66.0,99.5,0.005,3,3
small-world,200,22,71,49.0,33.0,77.0,77.0,48.0,48.0,102.0,99.5,0.005,3,3
small-world,200,22,72,11.0,15.0,15.0,15.0,17.0,17.0,40.0,99.5,0.005,3,3
small-world,200,22,73,141.0,124.0,141.0,141.0,147.0,147.0,144.0,99.5,0.005,3,3
small-world,200,22,74,49.0,111.0,96.0,96.0,128.0,128.0,52.0,99.5,0.005,3,3
small-world,200,22,75,141.0,100.0,141.0,141.0,110.0,110.0,173.0,99.5,0.005,3,3
small-world,200,22,76,141.0,79.0,141.0,141.0,100.0,100.0,162.0,99.5,0.005,3,3
small-world,200,22,77,49.0,56.0,96.0,96.0,63.0,63.0,71.0,99.5,0.005,3,3
small-world,200,22,78,11.0,36.0,62.0,62.0,25.0,25.0,21.0,99.5,0.005,3,3
small-world,200,22,79,11.0,23.0,12.0,12.0,11.0,11.0,44.0,99.5,0.005,3,3
small-world,200,22,80,2.0,11.0,25.0,25.0,10.0,10.0,7.0,99.5,0.005,3,3
small-world,200,22,81,49.0,18.0,42.0,42.0,22.0,22.0,132.0,99.5,0.005,3,3
small-world,200,22,82,49.0,19.0,45.0,45.0,37.0,37.0,123.0,99.5,0.005,3,3
small-world,200,22,83,49.0,20.0,46.0,46.0,42.0,42.0,122.0,99.5,0.005,3,3
small-world,200,22,84,49.0,21.0,43.0,43.0,36.0,36.0,131.0,99.5,0.005,3,3
small-world,200,22,85,11.0,17.0,32.0,32.0,20.0,20.0,42.0,99.5,0.005,3,3
small-world,200,22,86,49.0,16.0,36.0,36.0,19.0,19.0,138.0,99.5,0.005,3,3
small-world,200,22,87,141.0,98.0,141.0,141.0,108.0,108.0,175.0,99.5,0.005,3,3
small-world,200,22,88,11.0,75.0,62.0,62.0,62.0,62.0,15.0,99.5,0.005,3,3
small-world,200,22,89,49.0,53.0,57.0,57.0,47.0,47.0,117.0,99.5,0.005,3,3
small-world,200,22,90,11.0,35.0,14.0,14.0,18.0,18.0,39.0,99.5,0.005,3,3
small-world,200,22,91,141.0,82.0,141.0,141.0,97.0,97.0,190.0,99.5,0.005,3,3
small-world,200,22,92,141.0,65.0,141.0,141.0,92.0,92.0,182.0,99.5,0.005,3,3
small-world,200,22,93,11.0,41.0,51.0,51.0,50.0,50.0,19.0,99.5,0.005,3,3
small-world,200,22,94,49.0,179.0,124.0,124.0,178.0,178.0,85.0,99.5,0.005,3,3
small-world,200,22,95,49.0,174.0,121.0,121.0,175.0,175.0,96.0,99.5,0.005,3,3
small-world,200,22,96,49.0,169.0,119.0,119.0,168.0,168.0,112.0,99.5,0.005,3,3
small-world,200,22,97,11.0,163.0,88.0,88.0,159.0,159.0,34.0,99.5,0.005,3,3
small-world,200,22,98,49.0,161.0,90.0,90.0,162.0,162.0,127.0,99.5,0.005,3,3
small-world,200,22,99,141.0,89.0,141.0,141.0,118.0,118.0,169.0,99.5,0.005,3,3
small-world,200,22,100,49.0,66.0,96.0,96.0,73.0,73.0,82.0,99.5,0.005,3,3
small-world,200,22,101,141.0,117.0,141.0,141.0,125.0,125.0,168.0,99.5,0.005,3,3
small-world,200,22,102,49.0,95.0,96.0,96.0,82.0,82.0,81.0,99.5,0.005,3,3
small-world,200,22,103,11.0,74.0,26.0,26.0,49.0,49.0,31.0,99.5,0.005,3,3
small-world,200,22,104,141.0,114.0,141.0,141.0,113.0,113.0,186.0,99.5,0.005,3,3
small-world,200,22,105,2.0,93.0,33.0,33.0,55.0,55.0,3.0,99.5,0.005,3,3
small-world,200,22,106,141.0,141.0,141.0,141.0,152.0,152.0,141.0,99.5,0.005,3,3
small-world,200,22,107,49.0,134.0,96.0,96.0,137.0,137.0,49.0,99.5,0.005,3,3
small-world,200,22,108,141.0,100.0,141.0,141.0,110.0,110.0,173.0,99.5,0.005,3,3
small-world,200,22,109,11.0,77.0,75.0,75.0,61.0,61.0,14.0,99.5,0.005,3,3
small-world,200,22,110,11.0,55.0,22.0,22.0,31.0,31.0,35.0,99.5,0.005,3,3
small-world,200,22,111,49.0,38.0,19.0,19.0,26.0,26.0,135.0,99.5,0.005,3,3
small-world,200,22,112,49.0,182.0,128.0,128.0,180.0,180.0,56.0,99.5,0.005,3,3
small-world,200,22,113,11.0,176.0,123.0,123.0,171.0,171.0,12.0,99.5,0.005,3,3
small-world,200,22,114,49.0,170.0,121.0,121.0,167.0,167.0,107.0,99.5,0.005,3,3
small-world,200,22,115,49.0,51.0,16.0,16.0,35.0,35.0,130.0,99.5,0.005,3,3
small-world,200,22,116,141.0,133.0,141.0,141.0,117.0,117.0,196.0,99.5,0.005,3,3
small-world,200,22,117,2.0,121.0,30.0,30.0,56.0,56.0,5.0,99.5,0.005,3,3
small-world,200,22,118,141.0,151.0,141.0,141.0,150.0,150.0,181.0,99.5,0.005,3,3
small-world,200,22,119,11.0,7.0,11.0,11.0,6.0,6.0,47.0,99.5,0.005,3,3
small-world,200,22,120,141.0,123.0,141.0,141.0,146.0,146.0,145.0,99.5,0.005,3,3
small-world,200,22,121,49.0,109.0,96.0,96.0,127.0,127.0,53.0,99.5,0.005,3,3
small-world,200,22,122,49.0,85.0,77.0,77.0,98.0,98.0,73.0,99.5,0.005,3,3
small-world,200,22,123,49.0,61.0,67.0,67.0,76.0,76.0,89.0,99.5,0.005,3,3
small-world,200,22,124,141.0,92.0,141.0,141.0,120.0,120.0,164.0,99.5,0.005,3,3
small-world,200,22,125,49.0,71.0,96.0,96.0,75.0,75.0,76.0,99.5,0.005,3,3
small-world,200,22,126,11.0,49.0,37.0,37.0,44.0,44.0,28.0,99.5,0.005,3,3
small-world,200,22,127,141.0,63.0,141.0,141.0,69.0,69.0,195.0,99.5,0.005,3,3
small-world,200,22,128,141.0,129.0,141.0,141.0,148.0,148.0,146.0,99.5,0.005,3,3
small-world,200,22,129,49.0,116.0,96.0,96.0,131.0,131.0,54.0,99.5,0.005,3,3
small-world,200,22,130,11.0,58.0,24.0,24.0,52.0,52.0,26.0,99.5,0.005,3,3
small-world,200,22,131,11.0,44.0,18.0,18.0,40.0,40.0,32.0,99.5,0.005,3,3
small-world,200,22,132,49.0,32.0,16.0,16.0,28.0,28.0,133.0,99.5,0.005,3,3
small-world,200,22,133,141.0,76.0,141.0,141.0,115.0,115.0,158.0,99.5,0.005,3,3
small-world,200,22,134,141.0,104.0,141.0,141.0,85.0,85.0,191.0,99.5,0.005,3,3
small-world,200,22,135,1.0,80.0,21.0,21.0,27.0,27.0,1.0,99.5,0.005,3,3
small-world,200,22,136,49.0,67.0,19.0,19.0,45.0,45.0,120.0,99.5,0.005,3,3
small-world,200,22,137,49.0,31.0,34.0,34.0,23.0,23.0,134.0,99.5,0.005,3,3
small-world,200,22,138,11.0,14.0,10.0,10.0,12.0,12.0,45.0,99.5,0.005,3,3
small-world,200,22,139,11.0,7.0,9.0,9.0,5.0,5.0,43.0,99.5,0.005,3,3
small-world,200,22,140,141.0,118.0,141.0,141.0,134.0,134.0,151.0,99.5,0.005,3,3
small-world,200,22,141,49.0,97.0,96.0,96.0,94.0,94.0,59.0,99.5,0.005,3,3
small-world,200,22,142,11.0,186.0,125.0,125.0,174.0,174.0,37.0,99.5,0.005,3,3
small-world,200,22,143,49.0,9.0,5.0,5.0,7.0,7.0,140.0,99.5,0.005,3,3
small-world,200,22,144,11.0,6.0,2.0,2.0,4.0,4.0,46.0,99.5,0.005,3,3
small-world,200,22,145,49.0,28.0,55.0,55.0,29.0,29.0,125.0,99.5,0.005,3,3
small-world,200,22,146,141.0,197.0,141.0,141.0,192.0,192.0,143.0,99.5,0.005,3,3
small-world,200,22,147,49.0,192.0,128.0,128.0,187.0,187.0,51.0,99.5,0.005,3,3
small-world,200,22,148,49.0,186.0,125.0,125.0,181.0,181.0,70.0,99.5,0.005,3,3
small-world,200,22,149,141.0,155.0,141.0,141.0,155.0,155.0,156.0,99.5,0.005,3,3
small-world,200,22,150,49.0,189.0,135.0,135.0,195.0,195.0,79.0,99.5,0.005,3,3
small-world,200,22,151,141.0,174.0,141.0,141.0,184.0,184.0,165.0,99.5,0.005,3,3
small-world,200,22,152,141.0,143.0,141.0,141.0,145.0,145.0,180.0,99.5,0.005,3,3
small-world,200,22,153,11.0,135.0,51.0,51.0,119.0,119.0,18.0,99.5,0.005,3,3
small-world,200,22,154,141.0,13.0,141.0,141.0,34.0,34.0,199.0,99.5,0.005,3,3
small-world,200,22,155,2.0,1.0,3.0,3.0,3.0,3.0,9.0,99.5,0.005,3,3
small-world,200,22,156,49.0,5.0,8.0,8.0,9.0,9.0,139.0,99.5,0.005,3,3
small-world,200,22,157,141.0,57.0,141.0,141.0,71.0,71.0,184.0,99.5,0.005,3,3
small-world,200,22,158,141.0,104.0,141.0,141.0,85.0,85.0,191.0,99.5,0.005,3,3
small-world,200,22,159,141.0,146.0,141.0,141.0,141.0,141.0,172.0,99.5,0.005,3,3
small-world,200,22,160,49.0,94.0,77.0,77.0,107.0,107.0,75.0,99.5,0.005,3,3
small-world,200,22,161,49.0,72.0,67.0,67.0,81.0,81.0,94.0,99.5,0.005,3,3
small-world,200,22,162,141.0,138.0,141.0,141.0,132.0,132.0,183.0,99.5,0.005,3,3
small-world,200,22,163,11.0,130.0,51.0,51.0,79.0,79.0,20.0,99.5,0.005,3,3
small-world,200,22,164,49.0,149.0,96.0,96.0,142.0,142.0,63.0,99.5,0.005,3,3
small-world,200,22,165,141.0,50.0,141.0,141.0,77.0,77.0,179.0,99.5,0.005,3,3
small-world,200,22,166,49.0,29.0,96.0,96.0,39.0,39.0,93.0,99.5,0.005,3,3
small-world,200,22,167,141.0,88.0,141.0,141.0,112.0,112.0,161.0,99.5,0.005,3,3
small-world,200,22,168,49.0,64.0,96.0,96.0,64.0,64.0,67.0,99.5,0.005,3,3
small-world,200,22,169,49.0,43.0,77.0,77.0,38.0,38.0,105.0,99.5,0.005,3,3
small-world,200,22,170,2.0,24.0,23.0,23.0,8.0,8.0,8.0,99.5,0.005,3,3
small-world,200,22,171,2.0,12.0,4.0,4.0,1.0,1.0,10.0,99.5,0.005,3,3
small-world,200,22,172,141.0,179.0,141.0,141.0,188.0,188.0,153.0,99.5,0.005,3,3
small-world,200,22,173,49.0,173.0,128.0,128.0,177.0,177.0,61.0,99.5,0.005,3,3
small-world,200,22,174,49.0,165.0,125.0,125.0,169.0,169.0,91.0,99.5,0.005,3,3
small-world,200,22,175,11.0,158.0,74.0,74.0,158.0,158.0,33.0,99.5,0.005,3,3
small-world,200,22,176,49.0,158.0,88.0,88.0,161.0,161.0,124.0,99.5,0.005,3,3
small-world,200,22,177,11.0,181.0,119.0,119.0,170.0,170.0,41.0,99.5,0.005,3,3
small-world,200,22,178,11.0,10.0,31.0,31.0,16.0,16.0,38.0,99.5,0.005,3,3
small-world,200,22,179,141.0,110.0,141.0,141.0,130.0,130.0,152.0,99.5,0.005,3,3
small-world,200,22,180,49.0,86.0,96.0,96.0,91.0,91.0,60.0,99.5,0.005,3,3
small-world,200,22,181,49.0,127.0,47.0,47.0,103.0,103.0,100.0,99.5,0.005,3,3
small-world,200,22,182,49.0,113.0,39.0,39.0,83.0,83.0,106.0,99.5,0.005,3,3
small-world,200,22,183,11.0,26.0,38.0,38.0,24.0,24.0,25.0,99.5,0.005,3,3
small-world,200,22,184,49.0,70.0,57.0,57.0,65.0,65.0,101.0,99.5,0.005,3,3
small-world,200,22,185,49.0,195.0,139.0,139.0,197.0,197.0,109.0,99.5,0.005,3,3
small-world,200,22,186,49.0,184.0,137.0,137.0,193.0,193.0,114.0,99.5,0.005,3,3
small-world,200,22,187,141.0,104.0,141.0,141.0,85.0,85.0,191.0,99.5,0.005,3,3
small-world,200,22,188,141.0,125.0,141.0,141.0,138.0,138.0,159.0,99.5,0.005,3,3
small-world,200,22,189,141.0,191.0,141.0,141.0,190.0,190.0,148.0,99.5,0.005,3,3
small-world,200,22,190,141.0,104.0,141.0,141.0,85.0,85.0,191.0,99.5,0.005,3,3
small-world,200,22,191,141.0,108.0,141.0,141.0,126.0,126.0,154.0,99.5,0.005,3,3
small-world,200,22,192,49.0,83.0,96.0,96.0,84.0,84.0,62.0,99.5,0.005,3,3
small-world,200,22,193,141.0,30.0,141.0,141.0,33.0,33.0,200.0,99.5,0.005,3,3
small-world,200,22,194,141.0,172.0,141.0,141.0,179.0,179.0,185.0,99.5,0.005,3,3
small-world,200,22,195,141.0,36.0,141.0,141.0,68.0,68.0,177.0,99.5,0.005,3,3
small-world,200,22,196,49.0,22.0,96.0,96.0,30.0,30.0,92.0,99.5,0.005,3,3
small-world,200,22,197,141.0,152.0,141.0,141.0,151.0,151.0,149.0,99.5,0.005,3,3
small-world,200,22,198,141.0,114.0,141.0,141.0,113.0,113.0,186.0,99.5,0.005,3,3
small-world,200,22,199,49.0,131.0,96.0,96.0,133.0,133.0,58.0,99.5,0.005,3,3
