small-world,200,29,0,142.0,84.0,140.0,140.0,81.0,81.0,197.0,99.5,0.011666666666666665,3,2
small-world,200,29,1,142.0,89.0,140.0,140.0,118.0,118.0,161.0,99.5,0.011666666666666665,3,2
small-world,200,29,2,50.0,11.0,74.0,74.0,17.0,17.0,118.0,99.5,0.011666666666666665,3,2
small-world,200,29,3,142.0,83.0,140.0,140.0,117.0,117.0,162.0,99.5,0.011666666666666665,3,2
small-world,200,29,4,50.0,64.0,106.0,106.0,71.0,71.0,68.0,99.5,0.011666666666666665,3,2
small-world,200,29,5,142.0,62.0,140.0,140.0,101.0,101.0,151.0,99.5,0.011666666666666665,3,2
small-world,200,29,6,50.0,43.0,106.0,106.0,60.0,60.0,59.0,99.5,0.011666666666666665,3,2
small-world,200,29,7,50.0,25.0,88.0,88.0,41.0,41.0,89.0,99.5,0.011666666666666665,3,2
small-world,200,29,8,142.0,139.0,140.0,140.0,148.0,148.0,163.0,99.5,0.011666666666666665,3,2
small-world,200,29,9,142.0,84.0,140.0,140.0,73.0,73.0,199.0,99.5,0.011666666666666665,3,2
small-world,200,29,10,142.0,191.0,140.0,140.0,197.0,197.0,165.0,99.5,0.011666666666666665,3,2
small-world,200,29,11,50.0,185.0,131.0,131.0,180.0,180.0,70.0,99.5,0.011666666666666665,3,2
small-world,200,29,12,11.0,175.0,69.0,69.0,158.0,158.0,26.0,99.5,0.011666666666666665,3,2
small-world,200,29,13,11.0,105.0,33.0,33.0,100.0,100.0,40.0,99.5,0.011666666666666665,3,2
small-world,200,29,14,50.0,112.0,41.0,41.0,113.0,113.0,136.0,99.5,0.011666666666666665,3,2
small-world,200,29,15,11.0,124.0,38.0,38.0,98.0,98.0,44.0,99.5,0.011666666666666665,3,2
small-world,200,29,16,142.0,122.0,140.0,140.0,150.0,150.0,158.0,99.5,0.011666666666666665,3,2
small-world,200,29,17,142.0,109.0,140.0,140.0,142.0,142.0,143.0,99.5,0.011666666666666665,3,2
small-world,200,29,18,50.0,90.0,106.0,106.0,112.0,112.0,51.0,99.5,0.011666666666666665,3,2
small-world,200,29,19,50.0,73.0,88.0,88.0,85.0,85.0,74.0,99.5,0.011666666666666665,3,2
small-world,200,29,20,50.0,121.0,24.0,24.0,80.0,80.0,113.0,99.5,0.011666666666666665,3,2
small-world,200,29,21,50.0,106.0,23.0,23.0,65.0,65.0,115.0,99.5,0.011666666666666665,3,2
small-world,200,29,22,142.0,130.0,140.0,140.0,138.0,138.0,181.0,99.5,0.011666666666666665,3,2
small-world,200,29,23,50.0,50.0,88.0,88.0,59.0,59.0,77.0,99.5,0.011666666666666665,3,2
small-world,200,29,24,50.0,29.0,74.0,74.0,42.0,42.0,96.0,99.5,0.011666666666666665,3,2
small-world,200,29,25,50.0,16.0,65.0,65.0,18.0,18.0,125.0,99.5,0.011666666666666665,3,2
small-world,200,29,26,142.0,57.0,140.0,140.0,72.0,72.0,191.0,99.5,0.011666666666666665,3,2
small-world,200,29,27,50.0,102.0,106.0,106.0,93.0,93.0,66.0,99.5,0.011666666666666665,3,2
small-world,200,29,28,142.0,60.0,140.0,140.0,83.0,83.0,174.0,99.5,0.011666666666666665,3,2
small-world,200,29,29,50.0,41.0,106.0,106.0,46.0,46.0,86.0,99.5,0.011666666666666665,3,2
small-world,200,29,30,1.0,24.0,27.0,27.0,13.0,13.0,5.0,99.5,0.011666666666666665,3,2
small-world,200,29,31,50.0,13.0,26.0,26.0,9.0,9.0,141.0,99.5,0.011666666666666665,3,2
small-world,200,29,32,11.0,15.0,8.0,8.0,14.0,14.0,38.0,99.5,0.011666666666666665,3,2
small-world,200,29,33,1.0,8.0,3.0,3.0,7.0,7.0,8.0,99.5,0.011666666666666665,3,2
small-world,200,29,34,142.0,42.0,140.0,140.0,52.0,52.0,198.0,99.5,0.011666666666666665,3,2
small-world,200,29,35,142.0,182.0,140.0,140.0,185.0,185.0,178.0,99.5,0.011666666666666665,3,2
small-world,200,29,36,11.0,171.0,102.0,102.0,156.0,156.0,15.0,99.5,0.011666666666666665,3,2
small-world,200,29,37,50.0,70.0,106.0,106.0,70.0,70.0,67.0,99.5,0.011666666666666665,3,2
small-world,200,29,38,11.0,53.0,71.0,71.0,43.0,43.0,23.0,99.5,0.011666666666666665,3,2
small-world,200,29,39,142.0,139.0,140.0,140.0,148.0,148.0,163.0,99.5,0.011666666666666665,3,2
small-world,200,29,40,11.0,129.0,84.0,84.0,111.0,111.0,12.0,99.5,0.011666666666666665,3,2
small-world,200,29,41,11.0,116.0,63.0,63.0,89.0,89.0,17.0,99.5,0.011666666666666665,3,2
small-world,200,29,42,50.0,100.0,53.0,53.0,78.0,78.0,97.0,99.5,0.011666666666666665,3,2
small-world,200,29,43,50.0,79.0,48.0,48.0,57.0,57.0,108.0,99.5,0.011666666666666665,3,2
small-world,200,29,44,50.0,94.0,74.0,74.0,84.0,84.0,93.0,99.5,0.011666666666666665,3,2
small-world,200,29,45,142.0,160.0,140.0,140.0,163.0,163.0,200.0,99.5,0.011666666666666665,3,2
small-world,200,29,46,1.0,138.0,58.0,58.0,97.0,97.0,7.0,99.5,0.011666666666666665,3,2
small-world,200,29,47,142.0,199.0,140.0,140.0,199.0,199.0,155.0,99.5,0.011666666666666665,3,2
small-world,200,29,48,50.0,195.0,131.0,131.0,186.0,186.0,64.0,99.5,0.011666666666666665,3,2
small-world,200,29,49,11.0,190.0,94.0,94.0,172.0,172.0,20.0,99.5,0.011666666666666665,3,2
small-world,200,29,50,50.0,184.0,81.0,81.0,169.0,169.0,98.0,99.5,0.011666666666666665,3,2
small-world,200,29,51,50.0,32.0,51.0,51.0,25.0,25.0,133.0,99.5,0.011666666666666665,3,2
small-world,200,29,52,142.0,173.0,140.0,140.0,177.0,177.0,190.0,99.5,0.011666666666666665,3,2
small-world,200,29,53,50.0,40.0,11.0,11.0,39.0,39.0,116.0,99.5,0.011666666666666665,3,2
small-world,200,29,54,11.0,28.0,10.0,10.0,29.0,29.0,30.0,99.5,0.011666666666666665,3,2
small-world,200,29,55,50.0,20.0,9.0,9.0,27.0,27.0,119.0,99.5,0.011666666666666665,3,2
small-world,200,29,56,50.0,186.0,131.0,131.0,188.0,188.0,50.0,99.5,0.011666666666666665,3,2
small-world,200,29,57,50.0,177.0,127.0,127.0,179.0,179.0,69.0,99.5,0.011666666666666665,3,2
small-world,200,29,58,50.0,165.0,105.0,105.0,168.0,168.0,88.0,99.5,0.011666666666666665,3,2
small-world,200,29,59,50.0,144.0,60.0,60.0,143.0,143.0,112.0,99.5,0.011666666666666665,3,2
small-world,200,29,60,50.0,126.0,57.0,57.0,124.0,124.0,127.0,99.5,0.011666666666666665,3,2
small-world,200,29,61,142.0,118.0,140.0,140.0,120.0,120.0,185.0,99.5,0.011666666666666665,3,2
small-world,200,29,62,1.0,101.0,62.0,62.0,61.0,61.0,1.0,99.5,0.011666666666666665,3,2
small-world,200,29,63,50.0,80.0,53.0,53.0,56.0,56.0,104.0,99.5,0.011666666666666665,3,2
small-world,200,29,64,1.0,65.0,22.0,22.0,33.0,33.0,4.0,99.5,0.011666666666666665,3,2
small-world,200,29,65,50.0,48.0,21.0,21.0,35.0,35.0,128.0,99.5,0.011666666666666665,3,2
small-world,200,29,66,142.0,159.0,140.0,140.0,160.0,160.0,168.0,99.5,0.011666666666666665,3,2
small-world,200,29,67,142.0,46.0,140.0,140.0,75.0,75.0,183.0,99.5,0.011666666666666665,3,2
small-world,200,29,68,142.0,49.0,140.0,140.0,67.0,67.0,193.0,99.5,0.011666666666666665,3,2
small-world,200,29,69,11.0,78.0,47.0,47.0,55.0,55.0,27.0,99.5,0.011666666666666665,3,2
small-world,200,29,70,142.0,167.0,140.0,140.0,184.0,184.0,179.0,99.5,0.011666666666666665,3,2
small-world,200,29,71,11.0,3.0,7.0,7.0,2.0,2.0,47.0,99.5,0.011666666666666665,3,2
small-world,200,29,72,142.0,189.0,140.0,140.0,196.0,196.0,148.0,99.5,0.011666666666666665,3,2
small-world,200,29,73,50.0,19.0,45.0,45.0,19.0,19.0,138.0,99.5,0.011666666666666665,3,2
small-world,200,29,74,11.0,30.0,46.0,46.0,22.0,22.0,37.0,99.5,0.011666666666666665,3,2
small-world,200,29,75,50.0,36.0,59.0,59.0,32.0,32.0,132.0,99.5,0.011666666666666665,3,2
small-world,200,29,76,142.0,111.0,140.0,140.0,140.0,140.0,145.0,99.5,0.011666666666666665,3,2
small-world,200,29,77,50.0,92.0,106.0,106.0,107.0,107.0,53.0,99.5,0.011666666666666665,3,2
small-world,200,29,78,50.0,75.0,88.0,88.0,79.0,79.0,76.0,99.5,0.011666666666666665,3,2
small-world,200,29,79,142.0,86.0,140.0,140.0,125.0,125.0,146.0,99.5,0.011666666666666665,3,2
small-world,200,29,80,50.0,67.0,106.0,106.0,90.0,90.0,54.0,99.5,0.011666666666666665,3,2
small-world,200,29,81,142.0,174.0,140.0,140.0,176.0,176.0,149.0,99.5,0.011666666666666665,3,2
small-world,200,29,82,11.0,31.0,17.0,17.0,21.0,21.0,39.0,99.5,0.011666666666666665,3,2
small-world,200,29,83,142.0,193.0,140.0,140.0,198.0,198.0,142.0,99.5,0.011666666666666665,3,2
small-world,200,29,84,142.0,163.0,140.0,140.0,182.0,182.0,182.0,99.5,0.011666666666666665,3,2
small-world,200,29,85,142.0,68.0,140.0,140.0,95.0,95.0,173.0,99.5,0.011666666666666665,3,2
small-world,200,29,86,50.0,51.0,106.0,106.0,54.0,54.0,85.0,99.5,0.011666666666666665,3,2
small-world,200,29,87,50.0,155.0,98.0,98.0,139.0,139.0,103.0,99.5,0.011666666666666665,3,2
small-world,200,29,88,142.0,125.0,140.0,140.0,130.0,130.0,169.0,99.5,0.011666666666666665,3,2
small-world,200,29,89,50.0,110.0,106.0,106.0,91.0,91.0,78.0,99.5,0.011666666666666665,3,2
small-world,200,29,90,11.0,91.0,20.0,20.0,49.0,49.0,33.0,99.5,0.011666666666666665,3,2
small-world,200,29,91,11.0,77.0,18.0,18.0,40.0,40.0,36.0,99.5,0.011666666666666665,3,2
small-world,200,29,92,1.0,65.0,13.0,13.0,24.0,24.0,6.0,99.5,0.011666666666666665,3,2
small-world,200,29,93,142.0,131.0,140.0,140.0,141.0,141.0,157.0,99.5,0.011666666666666665,3,2
small-world,200,29,94,50.0,69.0,106.0,106.0,63.0,63.0,80.0,99.5,0.011666666666666665,3,2
small-world,200,29,95,11.0,52.0,12.0,12.0,31.0,31.0,35.0,99.5,0.011666666666666665,3,2
small-world,200,29,96,50.0,148.0,106.0,106.0,127.0,127.0,73.0,99.5,0.011666666666666665,3,2
small-world,200,29,97,142.0,134.0,140.0,140.0,162.0,162.0,195.0,99.5,0.011666666666666665,3,2
small-world,200,29,98,11.0,98.0,34.0,34.0,108.0,108.0,34.0,99.5,0.011666666666666665,3,2
small-world,200,29,99,50.0,93.0,106.0,106.0,74.0,74.0,81.0,99.5,0.011666666666666665,3,2
small-world,200,29,100,142.0,149.0,140.0,140.0,145.0,145.0,176.0,99.5,0.011666666666666665,3,2
small-world,200,29,101,11.0,142.0,84.0,84.0,102.0,102.0,14.0,99.5,0.011666666666666665,3,2
small-world,200,29,102,11.0,133.0,25.0,25.0,69.0,69.0,31.0,99.5,0.011666666666666665,3,2
small-world,200,29,103,11.0,27.0,84.0,84.0,38.0,38.0,19.0,99.5,0.011666666666666665,3,2
small-world,200,29,104,50.0,182.0,131.0,131.0,181.0,181.0,56.0,99.5,0.011666666666666665,3,2
small-world,200,29,105,50.0,172.0,127.0,127.0,165.0,165.0,83.0,99.5,0.011666666666666665,3,2
small-world,200,29,106,11.0,155.0,95.0,95.0,133.0,133.0,25.0,99.5,0.011666666666666665,3,2
small-world,200,29,107,142.0,36.0,140.0,140.0,68.0,68.0,180.0,99.5,0.011666666666666665,3,2
small-world,200,29,108,50.0,20.0,106.0,106.0,37.0,37.0,91.0,99.5,0.011666666666666665,3,2
small-world,200,29,109,142.0,176.0,140.0,140.0,189.0,189.0,154.0,99.5,0.011666666666666665,3,2
small-world,200,29,110,50.0,161.0,131.0,131.0,173.0,173.0,62.0,99.5,0.011666666666666665,3,2
small-world,200,29,111,11.0,145.0,102.0,102.0,144.0,144.0,18.0,99.5,0.011666666666666665,3,2
small-world,200,29,112,50.0,127.0,98.0,98.0,129.0,129.0,110.0,99.5,0.011666666666666665,3,2
small-world,200,29,113,11.0,98.0,31.0,31.0,92.0,92.0,43.0,99.5,0.011666666666666665,3,2
small-world,200,29,114,50.0,95.0,36.0,36.0,116.0,116.0,126.0,99.5,0.011666666666666665,3,2
small-world,200,29,115,50.0,95.0,36.0,36.0,122.0,122.0,120.0,99.5,0.011666666666666665,3,2
small-world,200,29,116,142.0,137.0,140.0,140.0,159.0,159.0,144.0,99.5,0.011666666666666665,3,2
small-world,200,29,117,50.0,128.0,106.0,106.0,134.0,134.0,52.0,99.5,0.011666666666666665,3,2
small-world,200,29,118,50.0,113.0,88.0,88.0,110.0,110.0,75.0,99.5,0.011666666666666665,3,2
small-world,200,29,119,50.0,167.0,68.0,68.0,161.0,161.0,101.0,99.5,0.011666666666666665,3,2
small-world,200,29,120,50.0,154.0,61.0,61.0,157.0,157.0,102.0,99.5,0.011666666666666665,3,2
small-world,200,29,121,50.0,146.0,65.0,65.0,115.0,115.0,95.0,99.5,0.011666666666666665,3,2
small-world,200,29,122,11.0,141.0,40.0,40.0,88.0,88.0,29.0,99.5,0.011666666666666665,3,2
small-world,200,29,123,50.0,7.0,5.0,5.0,12.0,12.0,137.0,99.5,0.011666666666666665,3,2
small-world,200,29,124,50.0,55.0,74.0,74.0,58.0,58.0,92.0,99.5,0.011666666666666665,3,2
small-world,200,29,125,1.0,33.0,39.0,39.0,30.0,30.0,2.0,99.5,0.011666666666666665,3,2
small-world,200,29,126,50.0,17.0,35.0,35.0,26.0,26.0,117.0,99.5,0.011666666666666665,3,2
small-world,200,29,127,50.0,9.0,30.0,30.0,15.0,15.0,134.0,99.5,0.011666666666666665,3,2
small-world,200,29,128,11.0,2.0,2.0,2.0,5.0,5.0,46.0,99.5,0.011666666666666665,3,2
small-world,200,29,129,11.0,1.0,1.0,1.0,1.0,1.0,49.0,99.5,0.011666666666666665,3,2
small-world,200,29,130,50.0,170.0,80.0,80.0,166.0,166.0,107.0,99.5,0.011666666666666665,3,2
small-world,200,29,131,50.0,179.0,81.0,81.0,170.0,170.0,109.0,99.5,0.011666666666666665,3,2
small-world,200,29,132,142.0,180.0,140.0,140.0,191.0,191.0,150.0,99.5,0.011666666666666665,3,2
small-world,200,29,133,50.0,169.0,131.0,131.0,175.0,175.0,58.0,99.5,0.011666666666666665,3,2
small-world,200,29,134,50.0,152.0,127.0,127.0,155.0,155.0,87.0,99.5,0.011666666666666665,3,2
small-world,200,29,135,50.0,162.0,106.0,106.0,152.0,152.0,57.0,99.5,0.011666666666666665,3,2
small-world,200,29,136,11.0,158.0,71.0,71.0,126.0,126.0,13.0,99.5,0.011666666666666665,3,2
small-world,200,29,137,50.0,151.0,98.0,98.0,153.0,153.0,99.0,99.5,0.011666666666666665,3,2
small-world,200,29,138,50.0,135.0,81.0,81.0,128.0,128.0,122.0,99.5,0.011666666666666665,3,2
small-world,200,29,139,1.0,108.0,32.0,32.0,77.0,77.0,9.0,99.5,0.011666666666666665,3,2
small-world,200,29,140,142.0,39.0,140.0,140.0,51.0,51.0,196.0,99.5,0.011666666666666665,3,2
small-world,200,29,141,142.0,153.0,140.0,140.0,167.0,167.0,192.0,99.5,0.011666666666666665,3,2
small-world,200,29,142,11.0,82.0,71.0,71.0,53.0,53.0,22.0,99.5,0.011666666666666665,3,2
small-world,200,29,143,142.0,76.0,140.0,140.0,96.0,96.0,187.0,99.5,0.011666666666666665,3,2
small-world,200,29,144,11.0,58.0,63.0,63.0,50.0,50.0,21.0,99.5,0.011666666666666665,3,2
small-world,200,29,145,50.0,35.0,53.0,53.0,36.0,36.0,106.0,99.5,0.011666666666666665,3,2
small-world,200,29,146,1.0,23.0,29.0,29.0,11.0,11.0,3.0,99.5,0.011666666666666665,3,2
small-world,200,29,147,11.0,10.0,19.0,19.0,6.0,6.0,45.0,99.5,0.011666666666666665,3,2
small-world,200,29,148,142.0,199.0,140.0,140.0,199.0,199.0,155.0,99.5,0.011666666666666665,3,2
small-world,200,29,149,50.0,195.0,131.0,131.0,186.0,186.0,64.0,99.5,0.011666666666666665,3,2
small-world,200,29,150,1.0,6.0,6.0,6.0,3.0,3.0,10.0,99.5,0.011666666666666665,3,2
small-world,200,29,151,142.0,59.0,140.0,140.0,82.0,82.0,172.0,99.5,0.011666666666666665,3,2
small-world,200,29,152,50.0,38.0,106.0,106.0,44.0,44.0,84.0,99.5,0.011666666666666665,3,2
small-world,200,29,153,50.0,4.0,4.0,4.0,8.0,8.0,139.0,99.5,0.011666666666666665,3,2
small-world,200,29,154,50.0,165.0,131.0,131.0,174.0,174.0,61.0,99.5,0.011666666666666665,3,2
small-world,200,29,155,11.0,147.0,102.0,102.0,147.0,147.0,16.0,99.5,0.011666666666666665,3,2
small-world,200,29,156,50.0,132.0,98.0,98.0,136.0,136.0,105.0,99.5,0.011666666666666665,3,2
small-world,200,29,157,142.0,104.0,140.0,140.0,104.0,104.0,188.0,99.5,0.011666666666666665,3,2
small-world,200,29,158,142.0,164.0,140.0,140.0,164.0,164.0,175.0,99.5,0.011666666666666665,3,2
small-world,200,29,159,50.0,81.0,106.0,106.0,99.0,99.0,55.0,99.5,0.011666666666666665,3,2
small-world,200,29,160,50.0,63.0,88.0,88.0,66.0,66.0,82.0,99.5,0.011666666666666665,3,2
small-world,200,29,161,11.0,45.0,52.0,52.0,45.0,45.0,24.0,99.5,0.011666666666666665,3,2
small-world,200,29,162,142.0,88.0,140.0,140.0,109.0,109.0,170.0,99.5,0.011666666666666665,3,2
small-world,200,29,163,50.0,197.0,140.0,140.0,193.0,193.0,129.0,99.5,0.011666666666666665,3,2
small-world,200,29,164,142.0,72.0,140.0,140.0,87.0,87.0,189.0,99.5,0.011666666666666665,3,2
small-world,200,29,165,142.0,46.0,140.0,140.0,75.0,75.0,183.0,99.5,0.011666666666666665,3,2
small-world,200,29,166,142.0,149.0,140.0,140.0,145.0,145.0,176.0,99.5,0.011666666666666665,3,2
small-world,200,29,167,142.0,113.0,140.0,140.0,123.0,123.0,171.0,99.5,0.011666666666666665,3,2
small-world,200,29,168,142.0,122.0,140.0,140.0,150.0,150.0,158.0,99.5,0.011666666666666665,3,2
small-world,200,29,169,11.0,107.0,84.0,84.0,114.0,114.0,11.0,99.5,0.011666666666666665,3,2
small-world,200,29,170,50.0,87.0,74.0,74.0,103.0,103.0,79.0,99.5,0.011666666666666665,3,2
small-world,200,29,171,50.0,70.0,65.0,65.0,86.0,86.0,90.0,99.5,0.011666666666666665,3,2
small-world,200,29,172,50.0,54.0,53.0,53.0,64.0,64.0,94.0,99.5,0.011666666666666665,3,2
small-world,200,29,173,50.0,34.0,48.0,48.0,48.0,48.0,100.0,99.5,0.011666666666666665,3,2
small-world,200,29,174,142.0,118.0,140.0,140.0,120.0,120.0,185.0,99.5,0.011666666666666665,3,2
small-world,200,29,175,142.0,74.0,140.0,140.0,106.0,106.0,166.0,99.5,0.011666666666666665,3,2
small-world,200,29,176,50.0,56.0,106.0,106.0,62.0,62.0,71.0,99.5,0.011666666666666665,3,2
small-world,200,29,177,142.0,102.0,140.0,140.0,135.0,135.0,147.0,99.5,0.011666666666666665,3,2
small-world,200,29,178,50.0,22.0,16.0,16.0,20.0,20.0,131.0,99.5,0.011666666666666665,3,2
small-world,200,29,179,50.0,12.0,15.0,15.0,10.0,10.0,140.0,99.5,0.011666666666666665,3,2
small-world,200,29,180,142.0,178.0,140.0,140.0,190.0,190.0,153.0,99.5,0.011666666666666665,3,2
small-world,200,29,181,50.0,143.0,70.0,70.0,137.0,137.0,124.0,99.5,0.011666666666666665,3,2
small-world,200,29,182,50.0,155.0,79.0,79.0,154.0,154.0,111.0,99.5,0.011666666666666665,3,2
small-world,200,29,183,142.0,193.0,140.0,140.0,192.0,192.0,194.0,99.5,0.011666666666666665,3,2
small-world,200,29,184,142.0,188.0,140.0,140.0,195.0,195.0,152.0,99.5,0.011666666666666665,3,2
small-world,200,29,185,50.0,181.0,131.0,131.0,178.0,178.0,60.0,99.5,0.011666666666666665,3,2
small-world,200,29,186,11.0,186.0,95.0,95.0,171.0,171.0,32.0,99.5,0.011666666666666665,3,2
small-world,200,29,187,11.0,192.0,127.0,127.0,183.0,183.0,41.0,99.5,0.011666666666666665,3,2
small-world,200,29,188,50.0,197.0,140.0,140.0,193.0,193.0,129.0,99.5,0.011666666666666665,3,2
small-world,200,29,189,142.0,115.0,140.0,140.0,131.0,131.0,167.0,99.5,0.011666666666666665,3,2
small-world,200,29,190,50.0,97.0,106.0,106.0,94.0,94.0,72.0,99.5,0.011666666666666665,3,2
small-world,200,29,191,142.0,120.0,140.0,140.0,132.0,132.0,160.0,99.5,0.011666666666666665,3,2
small-world,200,29,192,50.0,26.0,48.0,48.0,34.0,34.0,114.0,99.5,0.011666666666666665,3,2
small-world,200,29,193,50.0,14.0,42.0,42.0,16.0,16.0,135.0,99.5,0.011666666666666665,3,2
small-world,200,29,194,11.0,5.0,14.0,14.0,4.0,4.0,48.0,99.5,0.011666666666666665,3,2
small-world,200,29,195,11.0,136.0,95.0,95.0,119.0,119.0,28.0,99.5,0.011666666666666665,3,2
small-world,200,29,196,50.0,17.0,42.0,42.0,28.0,28.0,121.0,99.5,0.011666666666666665,3,2
small-world,200,29,197,50.0,117.0,106.0,106.0,105.0,105.0,63.0,99.5,0.011666666666666665,3,2
small-world,200,29,198,50.0,61.0,42.0,42.0,47.0,47.0,123.0,99.5,0.011666666666666665,3,2
small-world,200,29,199,11.0,44.0,28.0,28.0,23.0,23.0,42.0,99.5,0.011666666666666665,3,2
small-world,200,30,0,140.0,117.0,140.0,140.0,126.0,126.0,178.0,99.5,0.0,2,1
small-world,200,30,1,50.0,92.0,105.0,105.0,71.0,71.0,91.0,99.5,0.0,2,1
small-world,200,30,2,50.0,48.0,105.0,105.0,60.0,60.0,78.0,99.5,0.0,2,1
small-world,200,30,3,140.0,45.0,140.0,140.0,66.0,66.0,197.0,99.5,0.0,2,1
small-world,200,30,4,50.0,56.0,18.0,18.0,33.0,33.0,138.0,99.5,0.0,2,1
small-world,200,30,5,11.0,78.0,47.0,47.0,64.0,64.0,32.0,99.5,0.0,2,1
small-world,200,30,6,3.0,53.0,31.0,31.0,43.0,43.0,5.0,99.5,0.0,2,1
small-world,200,30,7,50.0,35.0,30.0,30.0,44.0,44.0,120.0,99.5,0.0,2,1
small-world,200,30,8,50.0,136.0,105.0,105.0,134.0,134.0,62.0,99.5,0.0,2,1
small-world,200,30,9,50.0,112.0,89.0,89.0,91.0,91.0,94.0,99.5,0.0,2,1
small-world,200,30,10,140.0,135.0,140.0,140.0,171.0,171.0,170.0,99.5,0.0,2,1
small-world,200,30,11,140.0,162.0,140.0,140.0,166.0,166.0,168.0,99.5,0.0,2,1
small-world,200,30,12,140.0,153.0,140.0,140.0,178.0,178.0,151.0,99.5,0.0,2,1
small-world,200,30,13,50.0,127.0,105.0,105.0,144.0,144.0,61.0,99.5,0.0,2,1
small-world,200,30,14,50.0,103.0,89.0,89.0,110.0,110.0,93.0,99.5,0.0,2,1
small-world,200,30,15,140.0,171.0,140.0,140.0,180.0,180.0,161.0,99.5,0.0,2,1
small-world,200,30,16,140.0,94.0,140.0,140.0,148.0,148.0,148.0,99.5,0.0,2,1
small-world,200,30,17,50.0,66.0,105.0,105.0,111.0,111.0,58.0,99.5,0.0,2,1
small-world,200,30,18,50.0,123.0,105.0,105.0,104.0,104.0,75.0,99.5,0.0,2,1
small-world,200,30,19,140.0,166.0,140.0,140.0,146.0,146.0,192.0,99.5,0.0,2,1
small-world,200,30,20,140.0,111.0,140.0,140.0,142.0,142.0,156.0,99.5,0.0,2,1
small-world,200,30,21,50.0,85.0,105.0,105.0,93.0,93.0,66.0,99.5,0.0,2,1
small-world,200,30,22,140.0,150.0,140.0,140.0,157.0,157.0,164.0,99.5,0.0,2,1
small-world,200,30,23,50.0,134.0,105.0,105.0,163.0,163.0,56.0,99.5,0.0,2,1
small-world,200,30,24,11.0,24.0,36.0,36.0,28.0,28.0,36.0,99.5,0.0,2,1
small-world,200,30,25,50.0,12.0,34.0,34.0,16.0,16.0,133.0,99.5,0.0,2,1
small-world,200,30,26,140.0,150.0,140.0,140.0,157.0,157.0,164.0,99.5,0.0,2,1
small-world,200,30,27,50.0,133.0,105.0,105.0,150.0,150.0,51.0,99.5,0.0,2,1
small-world,200,30,28,140.0,199.0,140.0,140.0,199.0,199.0,143.0,99.5,0.0,2,1
small-world,200,30,29,50.0,197.0,105.0,105.0,195.0,195.0,53.0,99.5,0.0,2,1
small-world,200,30,30,50.0,189.0,89.0,89.0,175.0,175.0,80.0,99.5,0.0,2,1
small-world,200,30,31,50.0,34.0,105.0,105.0,59.0,59.0,82.0,99.5,0.0,2,1
small-world,200,30,32,11.0,20.0,11.0,11.0,21.0,21.0,35.0,99.5,0.0,2,1
small-world,200,30,33,50.0,16.0,13.0,13.0,31.0,31.0,119.0,99.5,0.0,2,1
small-world,200,30,34,50.0,8.0,10.0,10.0,22.0,22.0,121.0,99.5,0.0,2,1
small-world,200,30,35,50.0,6.0,9.0,9.0,12.0,12.0,134.0,99.5,0.0,2,1
small-world,200,30,36,3.0,2.0,1.0,1.0,1.0,1.0,10.0,99.5,0.0,2,1
small-world,200,30,37,3.0,1.0,4.0,4.0,2.0,2.0,8.0,99.5,0.0,2,1
small-world,200,30,38,11.0,4.0,2.0,2.0,4.0,4.0,44.0,99.5,0.0,2,1
small-world,200,30,39,140.0,192.0,140.0,140.0,193.0,193.0,171.0,99.5,0.0,2,1
small-world,200,30,40,50.0,141.0,105.0,105.0,119.0,119.0,79.0,99.5,0.0,2,1
small-world,200,30,41,140.0,183.0,140.0,140.0,183.0,183.0,166.0,99.5,0.0,2,1
small-world,200,30,42,50.0,152.0,105.0,105.0,165.0,165.0,54.0,99.5,0.0,2,1
small-world,200,30,43,50.0,125.0,89.0,89.0,132.0,132.0,81.0,99.5,0.0,2,1
small-world,200,30,44,11.0,102.0,68.0,68.0,88.0,88.0,21.0,99.5,0.0,2,1
small-world,200,30,45,50.0,168.0,105.0,105.0,152.0,152.0,67.0,99.5,0.0,2,1
small-world,200,30,46,50.0,123.0,105.0,105.0,104.0,104.0,75.0,99.5,0.0,2,1
small-world,200,30,47,140.0,64.0,140.0,140.0,109.0,109.0,183.0,99.5,0.0,2,1
small-world,200,30,48,50.0,43.0,89.0,89.0,72.0,72.0,86.0,99.5,0.0,2,1
small-world,200,30,49,50.0,25.0,79.0,79.0,41.0,41.0,113.0,99.5,0.0,2,1
small-world,200,30,50,140.0,97.0,140.0,140.0,116.0,116.0,191.0,99.5,0.0,2,1
small-world,200,30,51,140.0,148.0,140.0,140.0,118.0,118.0,199.0,99.5,0.0,2,1
small-world,200,30,52,140.0,158.0,140.0,140.0,172.0,172.0,152.0,99.5,0.0,2,1
small-world,200,30,53,50.0,36.0,37.0,37.0,20.0,20.0,137.0,99.5,0.0,2,1
small-world,200,30,54,140.0,196.0,140.0,140.0,198.0,198.0,140.0,99.5,0.0,2,1
small-world,200,30,55,50.0,188.0,105.0,105.0,191.0,191.0,50.0,99.5,0.0,2,1
small-world,200,30,56,50.0,184.0,89.0,89.0,174.0,174.0,72.0,99.5,0.0,2,1
small-world,200,30,57,50.0,177.0,79.0,79.0,154.0,154.0,89.0,99.5,0.0,2,1
small-world,200,30,58,50.0,164.0,70.0,70.0,125.0,125.0,103.0,99.5,0.0,2,1
small-world,200,30,59,140.0,157.0,140.0,140.0,187.0,187.0,147.0,99.5,0.0,2,1
small-world,200,30,60,140.0,179.0,140.0,140.0,184.0,184.0,157.0,99.5,0.0,2,1
small-world,200,30,61,140.0,72.0,140.0,140.0,112.0,112.0,167.0,99.5,0.0,2,1
small-world,200,30,62,140.0,98.0,140.0,140.0,137.0,137.0,173.0,99.5,0.0,2,1
small-world,200,30,63,50.0,71.0,105.0,105.0,82.0,82.0,85.0,99.5,0.0,2,1
small-world,200,30,64,140.0,179.0,140.0,140.0,184.0,184.0,157.0,99.5,0.0,2,1
small-world,200,30,65,50.0,168.0,105.0,105.0,152.0,152.0,67.0,99.5,0.0,2,1
small-world,200,30,66,11.0,149.0,66.0,66.0,114.0,114.0,18.0,99.5,0.0,2,1
small-world,200,30,67,140.0,27.0,140.0,140.0,68.0,68.0,179.0,99.5,0.0,2,1
small-world,200,30,68,50.0,13.0,105.0,105.0,26.0,26.0,96.0,99.5,0.0,2,1
small-world,200,30,69,140.0,126.0,140.0,140.0,149.0,149.0,187.0,99.5,0.0,2,1
small-world,200,30,70,140.0,178.0,140.0,140.0,192.0,192.0,146.0,99.5,0.0,2,1
small-world,200,30,71,50.0,136.0,105.0,105.0,134.0,134.0,62.0,99.5,0.0,2,1
small-world,200,30,72,140.0,156.0,140.0,140.0,179.0,179.0,141.0,99.5,0.0,2,1
small-world,200,30,73,140.0,69.0,140.0,140.0,102.0,102.0,175.0,99.5,0.0,2,1
small-world,200,30,74,11.0,47.0,86.0,86.0,49.0,49.0,15.0,99.5,0.0,2,1
small-world,200,30,75,11.0,29.0,60.0,60.0,17.0,17.0,30.0,99.5,0.0,2,1
small-world,200,30,76,50.0,163.0,105.0,105.0,167.0,167.0,57.0,99.5,0.0,2,1
small-world,200,30,77,50.0,142.0,89.0,89.0,133.0,133.0,84.0,99.5,0.0,2,1
small-world,200,30,78,140.0,115.0,140.0,140.0,156.0,156.0,174.0,99.5,0.0,2,1
small-world,200,30,79,140.0,93.0,140.0,140.0,141.0,141.0,159.0,99.5,0.0,2,1
small-world,200,30,80,140.0,129.0,140.0,140.0,145.0,145.0,184.0,99.5,0.0,2,1
small-world,200,30,81,11.0,105.0,61.0,61.0,86.0,86.0,20.0,99.5,0.0,2,1
small-world,200,30,82,50.0,81.0,56.0,56.0,67.0,67.0,115.0,99.5,0.0,2,1
small-world,200,30,83,11.0,54.0,39.0,39.0,37.0,37.0,38.0,99.5,0.0,2,1
small-world,200,30,84,50.0,107.0,105.0,105.0,117.0,117.0,65.0,99.5,0.0,2,1
small-world,200,30,85,50.0,82.0,89.0,89.0,75.0,75.0,100.0,99.5,0.0,2,1
small-world,200,30,86,140.0,27.0,140.0,140.0,68.0,68.0,179.0,99.5,0.0,2,1
small-world,200,30,87,50.0,13.0,105.0,105.0,26.0,26.0,96.0,99.5,0.0,2,1
small-world,200,30,88,50.0,122.0,62.0,62.0,89.0,89.0,109.0,99.5,0.0,2,1
small-world,200,30,89,50.0,100.0,56.0,56.0,63.0,63.0,126.0,99.5,0.0,2,1
small-world,200,30,90,11.0,17.0,7.0,7.0,7.0,7.0,46.0,99.5,0.0,2,1
small-world,200,30,91,140.0,164.0,140.0,140.0,177.0,177.0,163.0,99.5,0.0,2,1
small-world,200,30,92,50.0,143.0,105.0,105.0,139.0,139.0,71.0,99.5,0.0,2,1
small-world,200,30,93,140.0,121.0,140.0,140.0,169.0,169.0,149.0,99.5,0.0,2,1
small-world,200,30,94,50.0,112.0,89.0,89.0,91.0,91.0,94.0,99.5,0.0,2,1
small-world,200,30,95,11.0,89.0,52.0,52.0,50.0,50.0,34.0,99.5,0.0,2,1
small-world,200,30,96,3.0,61.0,33.0,33.0,23.0,23.0,7.0,99.5,0.0,2,1
small-world,200,30,97,140.0,88.0,140.0,140.0,130.0,130.0,188.0,99.5,0.0,2,1
small-world,200,30,98,50.0,57.0,70.0,70.0,58.0,58.0,107.0,99.5,0.0,2,1
small-world,200,30,99,50.0,37.0,62.0,62.0,32.0,32.0,129.0,99.5,0.0,2,1
small-world,200,30,100,50.0,10.0,13.0,13.0,9.0,9.0,139.0,99.5,0.0,2,1
small-world,200,30,101,140.0,139.0,140.0,140.0,159.0,159.0,160.0,99.5,0.0,2,1
small-world,200,30,102,50.0,116.0,105.0,105.0,113.0,113.0,70.0,99.5,0.0,2,1
small-world,200,30,103,50.0,91.0,89.0,89.0,65.0,65.0,104.0,99.5,0.0,2,1
small-world,200,30,104,140.0,190.0,140.0,140.0,188.0,188.0,185.0,99.5,0.0,2,1
small-world,200,30,105,140.0,74.0,140.0,140.0,95.0,95.0,196.0,99.5,0.0,2,1
small-world,200,30,106,3.0,49.0,65.0,65.0,39.0,39.0,6.0,99.5,0.0,2,1
small-world,200,30,107,50.0,67.0,138.0,138.0,76.0,76.0,118.0,99.5,0.0,2,1
small-world,200,30,108,140.0,167.0,140.0,140.0,161.0,161.0,177.0,99.5,0.0,2,1
small-world,200,30,109,140.0,76.0,140.0,140.0,115.0,115.0,193.0,99.5,0.0,2,1
small-world,200,30,110,11.0,52.0,104.0,104.0,56.0,56.0,29.0,99.5,0.0,2,1
small-world,200,30,111,140.0,131.0,140.0,140.0,164.0,164.0,155.0,99.5,0.0,2,1
small-world,200,30,112,50.0,182.0,62.0,62.0,160.0,160.0,102.0,99.5,0.0,2,1
small-world,200,30,113,50.0,175.0,56.0,56.0,136.0,136.0,106.0,99.5,0.0,2,1
small-world,200,30,114,140.0,192.0,140.0,140.0,193.0,193.0,171.0,99.5,0.0,2,1
small-world,200,30,115,11.0,186.0,86.0,86.0,162.0,162.0,13.0,99.5,0.0,2,1
small-world,200,30,116,11.0,181.0,43.0,43.0,127.0,127.0,25.0,99.5,0.0,2,1
small-world,200,30,117,50.0,174.0,40.0,40.0,131.0,131.0,112.0,99.5,0.0,2,1
small-world,200,30,118,50.0,160.0,37.0,37.0,120.0,120.0,110.0,99.5,0.0,2,1
small-world,200,30,119,50.0,140.0,34.0,34.0,96.0,96.0,116.0,99.5,0.0,2,1
small-world,200,30,120,11.0,118.0,28.0,28.0,70.0,70.0,33.0,99.5,0.0,2,1
small-world,200,30,121,50.0,96.0,27.0,27.0,53.0,53.0,131.0,99.5,0.0,2,1
small-world,200,30,122,3.0,77.0,17.0,17.0,25.0,25.0,9.0,99.5,0.0,2,1
small-world,200,30,123,140.0,54.0,140.0,140.0,107.0,107.0,169.0,99.5,0.0,2,1
small-world,200,30,124,50.0,99.0,105.0,105.0,129.0,129.0,60.0,99.5,0.0,2,1
small-world,200,30,125,140.0,130.0,140.0,140.0,170.0,170.0,154.0,99.5,0.0,2,1
small-world,200,30,126,140.0,86.0,140.0,140.0,108.0,108.0,182.0,99.5,0.0,2,1
small-world,200,30,127,11.0,58.0,75.0,75.0,51.0,51.0,17.0,99.5,0.0,2,1
small-world,200,30,128,50.0,63.0,105.0,105.0,94.0,94.0,69.0,99.5,0.0,2,1
small-world,200,30,129,11.0,42.0,75.0,75.0,52.0,52.0,19.0,99.5,0.0,2,1
small-world,200,30,130,50.0,128.0,79.0,79.0,122.0,122.0,88.0,99.5,0.0,2,1
small-world,200,30,131,50.0,72.0,139.0,139.0,81.0,81.0,117.0,99.5,0.0,2,1
small-world,200,30,132,140.0,18.0,140.0,140.0,36.0,36.0,200.0,99.5,0.0,2,1
small-world,200,30,133,11.0,5.0,6.0,6.0,8.0,8.0,41.0,99.5,0.0,2,1
small-world,200,30,134,11.0,7.0,3.0,3.0,5.0,5.0,49.0,99.5,0.0,2,1
small-world,200,30,135,11.0,19.0,29.0,29.0,10.0,10.0,47.0,99.5,0.0,2,1
small-world,200,30,136,11.0,30.0,46.0,46.0,24.0,24.0,43.0,99.5,0.0,2,1
small-world,200,30,137,140.0,170.0,140.0,140.0,190.0,190.0,144.0,99.5,0.0,2,1
small-world,200,30,138,140.0,200.0,140.0,140.0,200.0,200.0,142.0,99.5,0.0,2,1
small-world,200,30,139,50.0,176.0,105.0,105.0,147.0,147.0,77.0,99.5,0.0,2,1
small-world,200,30,140,11.0,161.0,44.0,44.0,98.0,98.0,28.0,99.5,0.0,2,1
small-world,200,30,141,50.0,143.0,40.0,40.0,80.0,80.0,123.0,99.5,0.0,2,1
small-world,200,30,142,50.0,106.0,105.0,105.0,128.0,128.0,64.0,99.5,0.0,2,1
small-world,200,30,143,50.0,79.0,89.0,89.0,83.0,83.0,99.0,99.5,0.0,2,1
small-world,200,30,144,140.0,158.0,140.0,140.0,172.0,172.0,152.0,99.5,0.0,2,1
small-world,200,30,145,50.0,60.0,70.0,70.0,77.0,77.0,101.0,99.5,0.0,2,1
small-world,200,30,146,11.0,41.0,53.0,53.0,46.0,46.0,23.0,99.5,0.0,2,1
small-world,200,30,147,50.0,198.0,105.0,105.0,197.0,197.0,52.0,99.5,0.0,2,1
small-world,200,30,148,50.0,194.0,89.0,89.0,186.0,186.0,74.0,99.5,0.0,2,1
small-world,200,30,149,140.0,173.0,140.0,140.0,182.0,182.0,145.0,99.5,0.0,2,1
small-world,200,30,150,50.0,155.0,105.0,105.0,155.0,155.0,55.0,99.5,0.0,2,1
small-world,200,30,151,50.0,132.0,89.0,89.0,123.0,123.0,83.0,99.5,0.0,2,1
small-world,200,30,152,50.0,108.0,79.0,79.0,84.0,84.0,105.0,99.5,0.0,2,1
small-world,200,30,153,11.0,83.0,22.0,22.0,47.0,47.0,39.0,99.5,0.0,2,1
small-world,200,30,154,50.0,64.0,21.0,21.0,48.0,48.0,124.0,99.5,0.0,2,1
small-world,200,30,155,50.0,46.0,20.0,20.0,40.0,40.0,127.0,99.5,0.0,2,1
small-world,200,30,156,50.0,33.0,18.0,18.0,19.0,19.0,136.0,99.5,0.0,2,1
small-world,200,30,157,11.0,110.0,75.0,75.0,124.0,124.0,12.0,99.5,0.0,2,1
small-world,200,30,158,50.0,109.0,89.0,89.0,121.0,121.0,73.0,99.5,0.0,2,1
small-world,200,30,159,50.0,84.0,79.0,79.0,87.0,87.0,92.0,99.5,0.0,2,1
small-world,200,30,160,50.0,38.0,70.0,70.0,30.0,30.0,125.0,99.5,0.0,2,1
small-world,200,30,161,1.0,22.0,8.0,8.0,3.0,3.0,2.0,99.5,0.0,2,1
small-world,200,30,162,140.0,62.0,140.0,140.0,99.0,99.0,190.0,99.5,0.0,2,1
small-world,200,30,163,140.0,39.0,140.0,140.0,73.0,73.0,194.0,99.5,0.0,2,1
small-world,200,30,164,11.0,21.0,26.0,26.0,29.0,29.0,31.0,99.5,0.0,2,1
small-world,200,30,165,50.0,9.0,25.0,25.0,13.0,13.0,135.0,99.5,0.0,2,1
small-world,200,30,166,140.0,69.0,140.0,140.0,102.0,102.0,175.0,99.5,0.0,2,1
small-world,200,30,167,140.0,15.0,140.0,140.0,34.0,34.0,198.0,99.5,0.0,2,1
small-world,200,30,168,11.0,3.0,5.0,5.0,6.0,6.0,40.0,99.5,0.0,2,1
small-world,200,30,169,140.0,190.0,140.0,140.0,188.0,188.0,185.0,99.5,0.0,2,1
small-world,200,30,170,3.0,185.0,59.0,59.0,138.0,138.0,3.0,99.5,0.0,2,1
small-world,200,30,171,50.0,31.0,85.0,85.0,38.0,38.0,132.0,99.5,0.0,2,1
small-world,200,30,172,50.0,147.0,105.0,105.0,101.0,101.0,90.0,99.5,0.0,2,1
small-world,200,30,173,1.0,120.0,24.0,24.0,45.0,45.0,1.0,99.5,0.0,2,1
small-world,200,30,174,50.0,104.0,23.0,23.0,61.0,61.0,130.0,99.5,0.0,2,1
small-world,200,30,175,11.0,67.0,45.0,45.0,55.0,55.0,24.0,99.5,0.0,2,1
small-world,200,30,176,50.0,51.0,40.0,40.0,42.0,42.0,128.0,99.5,0.0,2,1
small-world,200,30,177,50.0,75.0,89.0,89.0,90.0,90.0,87.0,99.5,0.0,2,1
small-world,200,30,178,50.0,50.0,79.0,79.0,57.0,57.0,114.0,99.5,0.0,2,1
small-world,200,30,179,140.0,138.0,140.0,140.0,176.0,176.0,150.0,99.5,0.0,2,1
small-world,200,30,180,50.0,114.0,105.0,105.0,140.0,140.0,59.0,99.5,0.0,2,1
small-world,200,30,181,11.0,89.0,75.0,75.0,97.0,97.0,14.0,99.5,0.0,2,1
small-world,200,30,182,140.0,195.0,140.0,140.0,196.0,196.0,181.0,99.5,0.0,2,1
small-world,200,30,183,11.0,187.0,68.0,68.0,168.0,168.0,16.0,99.5,0.0,2,1
small-world,200,30,184,140.0,145.0,140.0,140.0,151.0,151.0,189.0,99.5,0.0,2,1
small-world,200,30,185,3.0,119.0,51.0,51.0,85.0,85.0,4.0,99.5,0.0,2,1
small-world,200,30,186,50.0,95.0,49.0,49.0,78.0,78.0,108.0,99.5,0.0,2,1
small-world,200,30,187,140.0,171.0,140.0,140.0,180.0,180.0,161.0,99.5,0.0,2,1
small-world,200,30,188,11.0,154.0,86.0,86.0,143.0,143.0,11.0,99.5,0.0,2,1
small-world,200,30,189,11.0,26.0,15.0,15.0,18.0,18.0,37.0,99.5,0.0,2,1
small-world,200,30,190,11.0,101.0,66.0,66.0,54.0,54.0,27.0,99.5,0.0,2,1
small-world,200,30,191,50.0,87.0,70.0,70.0,106.0,106.0,98.0,99.5,0.0,2,1
small-world,200,30,192,11.0,59.0,53.0,53.0,74.0,74.0,22.0,99.5,0.0,2,1
small-world,200,30,193,50.0,40.0,49.0,49.0,62.0,62.0,111.0,99.5,0.0,2,1
small-world,200,30,194,50.0,23.0,48.0,48.0,35.0,35.0,122.0,99.5,0.0,2,1
small-world,200,30,195,11.0,11.0,32.0,32.0,11.0,11.0,42.0,99.5,0.0,2,1
small-world,200,30,196,11.0,146.0,53.0,53.0,79.0,79.0,26.0,99.5,0.0,2,1
small-world,200,30,197,140.0,80.0,140.0,140.0,100.0,100.0,195.0,99.5,0.0,2,1
small-world,200,30,198,11.0,44.0,16.0,16.0,14.0,14.0,48.0,99.5,0.0,2,1
small-world,200,30,199,11.0,32.0,12.0,12.0,15.0,15.0,45.0,99.5,0.0,2,1
