small-world,200,33,0,47.0,102.0,90.0,90.0,110.0,110.0,72.0,99.5,0.0,2,2
small-world,200,33,1,13.0,87.0,63.0,63.0,70.0,70.0,22.0,99.5,0.0,2,2
small-world,200,33,2,47.0,21.0,36.0,36.0,14.0,14.0,137.0,99.5,0.0,2,2
small-world,200,33,3,13.0,9.0,10.0,10.0,4.0,4.0,46.0,99.5,0.0,2,2
small-world,200,33,4,13.0,18.0,15.0,15.0,6.0,6.0,40.0,99.5,0.0,2,2
small-world,200,33,5,47.0,27.0,20.0,20.0,12.0,12.0,141.0,99.5,0.0,2,2
small-world,200,33,6,47.0,92.0,102.0,102.0,123.0,123.0,55.0,99.5,0.0,2,2
small-world,200,33,7,142.0,188.0,142.0,142.0,192.0,192.0,191.0,99.5,0.0,2,2
small-world,200,33,8,2.0,180.0,124.0,124.0,179.0,179.0,6.0,99.5,0.0,2,2
small-world,200,33,9,47.0,177.0,125.0,125.0,180.0,180.0,134.0,99.5,0.0,2,2
small-world,200,33,10,142.0,168.0,142.0,142.0,165.0,165.0,166.0,99.5,0.0,2,2
small-world,200,33,11,142.0,65.0,142.0,142.0,88.0,88.0,192.0,99.5,0.0,2,2
small-world,200,33,12,142.0,61.0,142.0,142.0,92.0,92.0,177.0,99.5,0.0,2,2
small-world,200,33,13,47.0,15.0,90.0,90.0,32.0,32.0,93.0,99.5,0.0,2,2
small-world,200,33,14,13.0,4.0,3.0,3.0,7.0,7.0,32.0,99.5,0.0,2,2
small-world,200,33,15,47.0,103.0,56.0,56.0,106.0,106.0,94.0,99.5,0.0,2,2
small-world,200,33,16,142.0,193.0,142.0,142.0,195.0,195.0,184.0,99.5,0.0,2,2
small-world,200,33,17,47.0,74.0,90.0,90.0,91.0,91.0,73.0,99.5,0.0,2,2
small-world,200,33,18,47.0,54.0,80.0,80.0,60.0,60.0,110.0,99.5,0.0,2,2
small-world,200,33,19,142.0,178.0,142.0,142.0,176.0,176.0,157.0,99.5,0.0,2,2
small-world,200,33,20,142.0,122.0,142.0,142.0,134.0,134.0,193.0,99.5,0.0,2,2
small-world,200,33,21,142.0,168.0,142.0,142.0,165.0,165.0,166.0,99.5,0.0,2,2
small-world,200,33,22,142.0,112.0,142.0,142.0,146.0,146.0,147.0,99.5,0.0,2,2
small-world,200,33,23,47.0,93.0,102.0,102.0,112.0,112.0,51.0,99.5,0.0,2,2
small-world,200,33,24,47.0,76.0,90.0,90.0,85.0,85.0,70.0,99.5,0.0,2,2
small-world,200,33,25,47.0,187.0,134.0,134.0,187.0,187.0,78.0,99.5,0.0,2,2
small-world,200,33,26,47.0,182.0,131.0,131.0,184.0,184.0,115.0,99.5,0.0,2,2
small-world,200,33,27,142.0,197.0,142.0,142.0,197.0,197.0,162.0,99.5,0.0,2,2
small-world,200,33,28,13.0,191.0,133.0,133.0,188.0,188.0,15.0,99.5,0.0,2,2
small-world,200,33,29,47.0,185.0,131.0,131.0,185.0,185.0,91.0,99.5,0.0,2,2
small-world,200,33,30,47.0,181.0,128.0,128.0,182.0,182.0,118.0,99.5,0.0,2,2
small-world,200,33,31,2.0,167.0,123.0,123.0,178.0,178.0,12.0,99.5,0.0,2,2
small-world,200,33,32,13.0,182.0,130.0,130.0,181.0,181.0,42.0,99.5,0.0,2,2
small-world,200,33,33,2.0,2.0,2.0,2.0,5.0,5.0,9.0,99.5,0.0,2,2
small-world,200,33,34,47.0,96.0,102.0,102.0,119.0,119.0,58.0,99.5,0.0,2,2
small-world,200,33,35,142.0,153.0,142.0,142.0,157.0,157.0,172.0,99.5,0.0,2,2
small-world,200,33,36,47.0,138.0,102.0,102.0,121.0,121.0,75.0,99.5,0.0,2,2
small-world,200,33,37,142.0,22.0,142.0,142.0,68.0,68.0,188.0,99.5,0.0,2,2
small-world,200,33,38,13.0,8.0,6.0,6.0,23.0,23.0,23.0,99.5,0.0,2,2
small-world,200,33,39,47.0,6.0,7.0,7.0,19.0,19.0,119.0,99.5,0.0,2,2
small-world,200,33,40,47.0,117.0,56.0,56.0,71.0,71.0,124.0,99.5,0.0,2,2
small-world,200,33,41,142.0,150.0,142.0,142.0,143.0,143.0,186.0,99.5,0.0,2,2
small-world,200,33,42,13.0,132.0,55.0,55.0,90.0,90.0,21.0,99.5,0.0,2,2
small-world,200,33,43,47.0,116.0,50.0,50.0,66.0,66.0,126.0,99.5,0.0,2,2
small-world,200,33,44,2.0,99.0,28.0,28.0,29.0,29.0,11.0,99.5,0.0,2,2
small-world,200,33,45,47.0,69.0,90.0,90.0,73.0,73.0,71.0,99.5,0.0,2,2
small-world,200,33,46,47.0,50.0,80.0,80.0,47.0,47.0,108.0,99.5,0.0,2,2
small-world,200,33,47,142.0,40.0,142.0,142.0,108.0,108.0,155.0,99.5,0.0,2,2
small-world,200,33,48,47.0,28.0,102.0,102.0,63.0,63.0,60.0,99.5,0.0,2,2
small-world,200,33,49,142.0,164.0,142.0,142.0,170.0,170.0,159.0,99.5,0.0,2,2
small-world,200,33,50,13.0,155.0,88.0,88.0,147.0,147.0,14.0,99.5,0.0,2,2
small-world,200,33,51,47.0,141.0,80.0,80.0,140.0,140.0,69.0,99.5,0.0,2,2
small-world,200,33,52,47.0,123.0,65.0,65.0,129.0,129.0,84.0,99.5,0.0,2,2
small-world,200,33,53,47.0,11.0,9.0,9.0,41.0,41.0,103.0,99.5,0.0,2,2
small-world,200,33,54,13.0,85.0,35.0,35.0,38.0,38.0,41.0,99.5,0.0,2,2
small-world,200,33,55,142.0,37.0,142.0,142.0,77.0,77.0,180.0,99.5,0.0,2,2
small-world,200,33,56,2.0,26.0,75.0,75.0,25.0,25.0,4.0,99.5,0.0,2,2
small-world,200,33,57,47.0,13.0,65.0,65.0,11.0,11.0,116.0,99.5,0.0,2,2
small-world,200,33,58,142.0,83.0,142.0,142.0,103.0,103.0,171.0,99.5,0.0,2,2
small-world,200,33,59,47.0,66.0,102.0,102.0,58.0,58.0,74.0,99.5,0.0,2,2
small-world,200,33,60,142.0,106.0,142.0,142.0,133.0,133.0,185.0,99.5,0.0,2,2
small-world,200,33,61,2.0,159.0,75.0,75.0,125.0,125.0,2.0,99.5,0.0,2,2
small-world,200,33,62,47.0,147.0,65.0,65.0,118.0,118.0,88.0,99.5,0.0,2,2
small-world,200,33,63,47.0,131.0,56.0,56.0,95.0,95.0,102.0,99.5,0.0,2,2
small-world,200,33,64,13.0,115.0,47.0,47.0,59.0,59.0,27.0,99.5,0.0,2,2
small-world,200,33,65,142.0,134.0,142.0,142.0,124.0,124.0,195.0,99.5,0.0,2,2
small-world,200,33,66,142.0,78.0,142.0,142.0,102.0,102.0,176.0,99.5,0.0,2,2
small-world,200,33,67,47.0,57.0,102.0,102.0,56.0,56.0,82.0,99.5,0.0,2,2
small-world,200,33,68,2.0,49.0,26.0,26.0,15.0,15.0,8.0,99.5,0.0,2,2
small-world,200,33,69,47.0,56.0,29.0,29.0,33.0,33.0,132.0,99.5,0.0,2,2
small-world,200,33,70,13.0,71.0,30.0,30.0,35.0,35.0,33.0,99.5,0.0,2,2
small-world,200,33,71,142.0,37.0,142.0,142.0,77.0,77.0,180.0,99.5,0.0,2,2
small-world,200,33,72,142.0,195.0,142.0,142.0,196.0,196.0,164.0,99.5,0.0,2,2
small-world,200,33,73,142.0,128.0,142.0,142.0,151.0,151.0,183.0,99.5,0.0,2,2
small-world,200,33,74,13.0,110.0,63.0,63.0,109.0,109.0,18.0,99.5,0.0,2,2
small-world,200,33,75,47.0,138.0,102.0,102.0,121.0,121.0,75.0,99.5,0.0,2,2
small-world,200,33,76,142.0,73.0,142.0,142.0,89.0,89.0,194.0,99.5,0.0,2,2
small-world,200,33,77,13.0,52.0,42.0,42.0,34.0,34.0,25.0,99.5,0.0,2,2
small-world,200,33,78,1.0,42.0,33.0,33.0,9.0,9.0,1.0,99.5,0.0,2,2
small-world,200,33,79,13.0,32.0,19.0,19.0,10.0,10.0,38.0,99.5,0.0,2,2
small-world,200,33,80,47.0,23.0,20.0,20.0,18.0,18.0,135.0,99.5,0.0,2,2
small-world,200,33,81,47.0,14.0,18.0,18.0,16.0,16.0,128.0,99.5,0.0,2,2
small-world,200,33,82,142.0,140.0,142.0,142.0,154.0,154.0,165.0,99.5,0.0,2,2
small-world,200,33,83,47.0,120.0,102.0,102.0,116.0,116.0,67.0,99.5,0.0,2,2
small-world,200,33,84,142.0,61.0,142.0,142.0,92.0,92.0,177.0,99.5,0.0,2,2
small-world,200,33,85,2.0,45.0,75.0,75.0,40.0,40.0,3.0,99.5,0.0,2,2
small-world,200,33,86,13.0,35.0,22.0,22.0,13.0,13.0,36.0,99.5,0.0,2,2
small-world,200,33,87,142.0,153.0,142.0,142.0,157.0,157.0,172.0,99.5,0.0,2,2
small-world,200,33,88,142.0,197.0,142.0,142.0,197.0,197.0,162.0,99.5,0.0,2,2
small-world,200,33,89,142.0,61.0,142.0,142.0,92.0,92.0,177.0,99.5,0.0,2,2
small-world,200,33,90,142.0,43.0,142.0,142.0,84.0,84.0,196.0,99.5,0.0,2,2
small-world,200,33,91,142.0,163.0,142.0,142.0,163.0,163.0,170.0,99.5,0.0,2,2
small-world,200,33,92,142.0,176.0,142.0,142.0,175.0,175.0,142.0,99.5,0.0,2,2
small-world,200,33,93,47.0,172.0,102.0,102.0,162.0,162.0,47.0,99.5,0.0,2,2
small-world,200,33,94,47.0,82.0,90.0,90.0,87.0,87.0,86.0,99.5,0.0,2,2
small-world,200,33,95,47.0,151.0,140.0,140.0,137.0,137.0,117.0,99.5,0.0,2,2
small-world,200,33,96,47.0,135.0,126.0,126.0,113.0,113.0,121.0,99.5,0.0,2,2
small-world,200,33,97,13.0,118.0,73.0,73.0,75.0,75.0,29.0,99.5,0.0,2,2
small-world,200,33,98,13.0,100.0,45.0,45.0,54.0,54.0,43.0,99.5,0.0,2,2
small-world,200,33,99,13.0,118.0,73.0,73.0,75.0,75.0,29.0,99.5,0.0,2,2
small-world,200,33,100,47.0,135.0,126.0,126.0,113.0,113.0,121.0,99.5,0.0,2,2
small-world,200,33,101,13.0,88.0,27.0,27.0,36.0,36.0,35.0,99.5,0.0,2,2
small-world,200,33,102,13.0,77.0,25.0,25.0,39.0,39.0,34.0,99.5,0.0,2,2
small-world,200,33,103,47.0,68.0,24.0,24.0,51.0,51.0,130.0,99.5,0.0,2,2
small-world,200,33,104,47.0,51.0,23.0,23.0,45.0,45.0,133.0,99.5,0.0,2,2
small-world,200,33,105,13.0,40.0,16.0,16.0,26.0,26.0,37.0,99.5,0.0,2,2
small-world,200,33,106,142.0,125.0,142.0,142.0,136.0,136.0,175.0,99.5,0.0,2,2
small-world,200,33,107,47.0,105.0,102.0,102.0,86.0,86.0,81.0,99.5,0.0,2,2
small-world,200,33,108,13.0,89.0,47.0,47.0,80.0,80.0,20.0,99.5,0.0,2,2
small-world,200,33,109,47.0,72.0,46.0,46.0,61.0,61.0,111.0,99.5,0.0,2,2
small-world,200,33,110,47.0,53.0,32.0,32.0,55.0,55.0,129.0,99.5,0.0,2,2
small-world,200,33,111,47.0,46.0,31.0,31.0,43.0,43.0,136.0,99.5,0.0,2,2
small-world,200,33,112,13.0,34.0,4.0,4.0,20.0,20.0,39.0,99.5,0.0,2,2
small-world,200,33,113,13.0,29.0,13.0,13.0,28.0,28.0,28.0,99.5,0.0,2,2
small-world,200,33,114,13.0,70.0,34.0,34.0,53.0,53.0,31.0,99.5,0.0,2,2
small-world,200,33,115,142.0,12.0,142.0,142.0,30.0,30.0,199.0,99.5,0.0,2,2
small-world,200,33,116,142.0,59.0,142.0,142.0,62.0,62.0,198.0,99.5,0.0,2,2
small-world,200,33,117,142.0,144.0,142.0,142.0,160.0,160.0,169.0,99.5,0.0,2,2
small-world,200,33,118,142.0,156.0,142.0,142.0,169.0,169.0,145.0,99.5,0.0,2,2
small-world,200,33,119,47.0,143.0,102.0,102.0,152.0,152.0,50.0,99.5,0.0,2,2
small-world,200,33,120,13.0,126.0,78.0,78.0,128.0,128.0,16.0,99.5,0.0,2,2
small-world,200,33,121,47.0,108.0,65.0,65.0,115.0,115.0,85.0,99.5,0.0,2,2
small-world,200,33,122,47.0,91.0,56.0,56.0,99.0,99.0,92.0,99.5,0.0,2,2
small-world,200,33,123,47.0,75.0,50.0,50.0,72.0,72.0,100.0,99.5,0.0,2,2
small-world,200,33,124,2.0,57.0,44.0,44.0,42.0,42.0,5.0,99.5,0.0,2,2
small-world,200,33,125,47.0,44.0,43.0,43.0,31.0,31.0,127.0,99.5,0.0,2,2
small-world,200,33,126,142.0,78.0,142.0,142.0,97.0,97.0,189.0,99.5,0.0,2,2
small-world,200,33,127,142.0,129.0,142.0,142.0,148.0,148.0,156.0,99.5,0.0,2,2
small-world,200,33,128,47.0,111.0,102.0,102.0,111.0,111.0,61.0,99.5,0.0,2,2
small-world,200,33,129,47.0,24.0,14.0,14.0,44.0,44.0,112.0,99.5,0.0,2,2
small-world,200,33,130,47.0,20.0,12.0,12.0,50.0,50.0,105.0,99.5,0.0,2,2
small-world,200,33,131,47.0,16.0,11.0,11.0,48.0,48.0,101.0,99.5,0.0,2,2
small-world,200,33,132,142.0,78.0,142.0,142.0,97.0,97.0,189.0,99.5,0.0,2,2
small-world,200,33,133,142.0,107.0,142.0,142.0,127.0,127.0,174.0,99.5,0.0,2,2
small-world,200,33,134,47.0,90.0,102.0,102.0,81.0,81.0,79.0,99.5,0.0,2,2
small-world,200,33,135,142.0,37.0,142.0,142.0,77.0,77.0,180.0,99.5,0.0,2,2
small-world,200,33,136,47.0,171.0,102.0,102.0,161.0,161.0,48.0,99.5,0.0,2,2
small-world,200,33,137,47.0,160.0,90.0,90.0,144.0,144.0,64.0,99.5,0.0,2,2
small-world,200,33,138,47.0,148.0,80.0,80.0,126.0,126.0,87.0,99.5,0.0,2,2
small-world,200,33,139,142.0,36.0,142.0,142.0,96.0,96.0,161.0,99.5,0.0,2,2
small-world,200,33,140,47.0,94.0,90.0,90.0,82.0,82.0,95.0,99.5,0.0,2,2
small-world,200,33,141,142.0,109.0,142.0,142.0,153.0,153.0,150.0,99.5,0.0,2,2
small-world,200,33,142,47.0,55.0,80.0,80.0,49.0,49.0,107.0,99.5,0.0,2,2
small-world,200,33,143,47.0,81.0,50.0,50.0,83.0,83.0,109.0,99.5,0.0,2,2
small-world,200,33,144,13.0,60.0,41.0,41.0,52.0,52.0,26.0,99.5,0.0,2,2
small-world,200,33,145,13.0,48.0,38.0,38.0,37.0,37.0,24.0,99.5,0.0,2,2
small-world,200,33,146,47.0,33.0,37.0,37.0,27.0,27.0,120.0,99.5,0.0,2,2
small-world,200,33,147,142.0,103.0,142.0,142.0,131.0,131.0,187.0,99.5,0.0,2,2
small-world,200,33,148,142.0,178.0,142.0,142.0,176.0,176.0,157.0,99.5,0.0,2,2
small-world,200,33,149,142.0,113.0,142.0,142.0,149.0,149.0,153.0,99.5,0.0,2,2
small-world,200,33,150,142.0,200.0,142.0,142.0,200.0,200.0,152.0,99.5,0.0,2,2
small-world,200,33,151,47.0,194.0,135.0,135.0,193.0,193.0,57.0,99.5,0.0,2,2
small-world,200,33,152,142.0,199.0,142.0,142.0,199.0,199.0,154.0,99.5,0.0,2,2
small-world,200,33,153,47.0,192.0,135.0,135.0,191.0,191.0,59.0,99.5,0.0,2,2
small-world,200,33,154,13.0,184.0,129.0,129.0,183.0,183.0,19.0,99.5,0.0,2,2
small-world,200,33,155,142.0,64.0,142.0,142.0,117.0,117.0,151.0,99.5,0.0,2,2
small-world,200,33,156,47.0,47.0,102.0,102.0,74.0,74.0,56.0,99.5,0.0,2,2
small-world,200,33,157,47.0,31.0,90.0,90.0,46.0,46.0,77.0,99.5,0.0,2,2
small-world,200,33,158,47.0,17.0,80.0,80.0,17.0,17.0,113.0,99.5,0.0,2,2
small-world,200,33,159,2.0,5.0,8.0,8.0,1.0,1.0,10.0,99.5,0.0,2,2
small-world,200,33,160,47.0,30.0,65.0,65.0,22.0,22.0,114.0,99.5,0.0,2,2
small-world,200,33,161,142.0,19.0,142.0,142.0,24.0,24.0,200.0,99.5,0.0,2,2
small-world,200,33,162,47.0,101.0,50.0,50.0,69.0,69.0,125.0,99.5,0.0,2,2
small-world,200,33,163,142.0,157.0,142.0,142.0,172.0,172.0,144.0,99.5,0.0,2,2
small-world,200,33,164,47.0,145.0,102.0,102.0,156.0,156.0,49.0,99.5,0.0,2,2
small-world,200,33,165,47.0,127.0,90.0,90.0,138.0,138.0,65.0,99.5,0.0,2,2
small-world,200,33,166,47.0,189.0,138.0,138.0,189.0,189.0,138.0,99.5,0.0,2,2
small-world,200,33,167,47.0,196.0,141.0,141.0,194.0,194.0,131.0,99.5,0.0,2,2
small-world,200,33,168,47.0,189.0,138.0,138.0,189.0,189.0,138.0,99.5,0.0,2,2
small-world,200,33,169,47.0,186.0,135.0,135.0,186.0,186.0,66.0,99.5,0.0,2,2
small-world,200,33,170,47.0,161.0,90.0,90.0,145.0,145.0,63.0,99.5,0.0,2,2
small-world,200,33,171,47.0,149.0,80.0,80.0,135.0,135.0,83.0,99.5,0.0,2,2
small-world,200,33,172,47.0,133.0,65.0,65.0,105.0,105.0,99.0,99.5,0.0,2,2
small-world,200,33,173,47.0,25.0,102.0,102.0,57.0,57.0,62.0,99.5,0.0,2,2
small-world,200,33,174,47.0,10.0,90.0,90.0,21.0,21.0,98.0,99.5,0.0,2,2
small-world,200,33,175,13.0,174.0,88.0,88.0,168.0,168.0,13.0,99.5,0.0,2,2
small-world,200,33,176,47.0,166.0,80.0,80.0,159.0,159.0,68.0,99.5,0.0,2,2
small-world,200,33,177,47.0,158.0,65.0,65.0,150.0,150.0,80.0,99.5,0.0,2,2
small-world,200,33,178,47.0,146.0,56.0,56.0,141.0,141.0,89.0,99.5,0.0,2,2
small-world,200,33,179,47.0,130.0,50.0,50.0,130.0,130.0,97.0,99.5,0.0,2,2
small-world,200,33,180,47.0,114.0,49.0,49.0,104.0,104.0,106.0,99.5,0.0,2,2
small-world,200,33,181,2.0,98.0,40.0,40.0,65.0,65.0,7.0,99.5,0.0,2,2
small-world,200,33,182,47.0,86.0,39.0,39.0,67.0,67.0,123.0,99.5,0.0,2,2
small-world,200,33,183,142.0,175.0,142.0,142.0,174.0,174.0,143.0,99.5,0.0,2,2
small-world,200,33,184,142.0,97.0,142.0,142.0,142.0,142.0,146.0,99.5,0.0,2,2
small-world,200,33,185,47.0,84.0,102.0,102.0,107.0,107.0,52.0,99.5,0.0,2,2
small-world,200,33,186,142.0,173.0,142.0,142.0,173.0,173.0,149.0,99.5,0.0,2,2
small-world,200,33,187,47.0,162.0,102.0,102.0,155.0,155.0,54.0,99.5,0.0,2,2
small-world,200,33,188,13.0,152.0,78.0,78.0,132.0,132.0,17.0,99.5,0.0,2,2
small-world,200,33,189,47.0,135.0,65.0,65.0,120.0,120.0,90.0,99.5,0.0,2,2
small-world,200,33,190,47.0,120.0,56.0,56.0,101.0,101.0,104.0,99.5,0.0,2,2
small-world,200,33,191,142.0,168.0,142.0,142.0,165.0,165.0,166.0,99.5,0.0,2,2
small-world,200,33,192,142.0,164.0,142.0,142.0,170.0,170.0,159.0,99.5,0.0,2,2
small-world,200,33,193,47.0,94.0,56.0,56.0,100.0,100.0,96.0,99.5,0.0,2,2
small-world,200,33,194,142.0,67.0,142.0,142.0,64.0,64.0,197.0,99.5,0.0,2,2
small-world,200,33,195,47.0,7.0,17.0,17.0,8.0,8.0,140.0,99.5,0.0,2,2
small-world,200,33,196,13.0,1.0,1.0,1.0,2.0,2.0,45.0,99.5,0.0,2,2
small-world,200,33,197,13.0,3.0,5.0,5.0,3.0,3.0,44.0,99.5,0.0,2,2
small-world,200,33,198,142.0,142.0,142.0,142.0,164.0,164.0,148.0,99.5,0.0,2,2
small-world,200,33,199,47.0,124.0,102.0,102.0,139.0,139.0,53.0,99.5,0.0,2,2
small-world,200,34,0,50.0,67.0,65.0,65.0,51.0,51.0,128.0,99.5,0.0,2,2
small-world,200,34,1,50.0,49.0,61.0,61.0,33.0,33.0,135.0,99.5,0.0,2,2
small-world,200,34,2,50.0,166.0,67.0,67.0,159.0,159.0,105.0,99.5,0.0,2,2
small-world,200,34,3,9.0,145.0,62.0,62.0,132.0,132.0,21.0,99.5,0.0,2,2
small-world,200,34,4,50.0,124.0,60.0,60.0,114.0,114.0,125.0,99.5,0.0,2,2
small-world,200,34,5,50.0,133.0,93.0,93.0,98.0,98.0,89.0,99.5,0.0,2,2
small-world,200,34,6,142.0,151.0,142.0,142.0,175.0,175.0,177.0,99.5,0.0,2,2
small-world,200,34,7,50.0,115.0,129.0,129.0,119.0,119.0,97.0,99.5,0.0,2,2
small-world,200,34,8,3.0,74.0,66.0,66.0,54.0,54.0,7.0,99.5,0.0,2,2
small-world,200,34,9,142.0,123.0,142.0,142.0,107.0,107.0,193.0,99.5,0.0,2,2
small-world,200,34,10,50.0,60.0,44.0,44.0,41.0,41.0,127.0,99.5,0.0,2,2
small-world,200,34,11,9.0,39.0,17.0,17.0,11.0,11.0,46.0,99.5,0.0,2,2
small-world,200,34,12,142.0,145.0,142.0,142.0,182.0,182.0,164.0,99.5,0.0,2,2
small-world,200,34,13,142.0,163.0,142.0,142.0,171.0,171.0,150.0,99.5,0.0,2,2
small-world,200,34,14,50.0,153.0,110.0,110.0,134.0,134.0,58.0,99.5,0.0,2,2
small-world,200,34,15,142.0,163.0,142.0,142.0,171.0,171.0,150.0,99.5,0.0,2,2
small-world,200,34,16,50.0,153.0,110.0,110.0,134.0,134.0,58.0,99.5,0.0,2,2
small-world,200,34,17,50.0,133.0,93.0,93.0,98.0,98.0,89.0,99.5,0.0,2,2
small-world,200,34,18,9.0,110.0,55.0,55.0,62.0,62.0,25.0,99.5,0.0,2,2
small-world,200,34,19,9.0,91.0,33.0,33.0,40.0,40.0,37.0,99.5,0.0,2,2
small-world,200,34,20,9.0,73.0,27.0,27.0,28.0,28.0,30.0,99.5,0.0,2,2
small-world,200,34,21,142.0,96.0,142.0,142.0,127.0,127.0,162.0,99.5,0.0,2,2
small-world,200,34,22,142.0,57.0,142.0,142.0,95.0,95.0,160.0,99.5,0.0,2,2
small-world,200,34,23,50.0,36.0,110.0,110.0,45.0,45.0,67.0,99.5,0.0,2,2
small-world,200,34,24,9.0,22.0,79.0,79.0,8.0,8.0,22.0,99.5,0.0,2,2
small-world,200,34,25,142.0,148.0,142.0,142.0,169.0,169.0,149.0,99.5,0.0,2,2
small-world,200,34,26,50.0,128.0,110.0,110.0,133.0,133.0,57.0,99.5,0.0,2,2
small-world,200,34,27,50.0,106.0,93.0,93.0,97.0,97.0,82.0,99.5,0.0,2,2
small-world,200,34,28,9.0,88.0,55.0,55.0,63.0,63.0,20.0,99.5,0.0,2,2
small-world,200,34,29,142.0,93.0,142.0,142.0,138.0,138.0,148.0,99.5,0.0,2,2
small-world,200,34,30,50.0,72.0,110.0,110.0,91.0,91.0,56.0,99.5,0.0,2,2
small-world,200,34,31,50.0,194.0,85.0,85.0,189.0,189.0,91.0,99.5,0.0,2,2
small-world,200,34,32,50.0,191.0,81.0,81.0,183.0,183.0,96.0,99.5,0.0,2,2
small-world,200,34,33,50.0,186.0,76.0,76.0,179.0,179.0,98.0,99.5,0.0,2,2
small-world,200,34,34,50.0,178.0,74.0,74.0,174.0,174.0,101.0,99.5,0.0,2,2
small-world,200,34,35,142.0,167.0,142.0,142.0,165.0,165.0,157.0,99.5,0.0,2,2
small-world,200,34,36,50.0,160.0,110.0,110.0,125.0,125.0,63.0,99.5,0.0,2,2
small-world,200,34,37,9.0,140.0,68.0,68.0,80.0,80.0,16.0,99.5,0.0,2,2
small-world,200,34,38,9.0,121.0,57.0,57.0,59.0,59.0,24.0,99.5,0.0,2,2
small-world,200,34,39,142.0,126.0,142.0,142.0,139.0,139.0,167.0,99.5,0.0,2,2
small-world,200,34,40,50.0,103.0,110.0,110.0,87.0,87.0,77.0,99.5,0.0,2,2
small-world,200,34,41,50.0,27.0,93.0,93.0,82.0,82.0,75.0,99.5,0.0,2,2
small-world,200,34,42,50.0,16.0,81.0,81.0,57.0,57.0,103.0,99.5,0.0,2,2
small-world,200,34,43,9.0,7.0,3.0,3.0,23.0,23.0,36.0,99.5,0.0,2,2
small-world,200,34,44,50.0,111.0,128.0,128.0,113.0,113.0,133.0,99.5,0.0,2,2
small-world,200,34,45,142.0,192.0,142.0,142.0,195.0,195.0,146.0,99.5,0.0,2,2
small-world,200,34,46,50.0,187.0,129.0,129.0,187.0,187.0,54.0,99.5,0.0,2,2
small-world,200,34,47,9.0,76.0,89.0,89.0,71.0,71.0,10.0,99.5,0.0,2,2
small-world,200,34,48,9.0,52.0,69.0,69.0,36.0,36.0,15.0,99.5,0.0,2,2
small-world,200,34,49,50.0,77.0,110.0,110.0,100.0,100.0,53.0,99.5,0.0,2,2
small-world,200,34,50,50.0,52.0,93.0,93.0,72.0,72.0,72.0,99.5,0.0,2,2
small-world,200,34,51,50.0,33.0,81.0,81.0,37.0,37.0,100.0,99.5,0.0,2,2
small-world,200,34,52,9.0,58.0,24.0,24.0,20.0,20.0,35.0,99.5,0.0,2,2
small-world,200,34,53,142.0,195.0,142.0,142.0,198.0,198.0,144.0,99.5,0.0,2,2
small-world,200,34,54,50.0,190.0,129.0,129.0,191.0,191.0,52.0,99.5,0.0,2,2
small-world,200,34,55,50.0,184.0,105.0,105.0,178.0,178.0,70.0,99.5,0.0,2,2
small-world,200,34,56,50.0,160.0,110.0,110.0,125.0,125.0,63.0,99.5,0.0,2,2
small-world,200,34,57,142.0,26.0,142.0,142.0,78.0,78.0,176.0,99.5,0.0,2,2
small-world,200,34,58,50.0,14.0,110.0,110.0,27.0,27.0,88.0,99.5,0.0,2,2
small-world,200,34,59,9.0,39.0,79.0,79.0,53.0,53.0,14.0,99.5,0.0,2,2
small-world,200,34,60,50.0,21.0,71.0,71.0,10.0,10.0,130.0,99.5,0.0,2,2
small-world,200,34,61,142.0,179.0,142.0,142.0,185.0,185.0,154.0,99.5,0.0,2,2
small-world,200,34,62,142.0,117.0,142.0,142.0,129.0,129.0,195.0,99.5,0.0,2,2
small-world,200,34,63,142.0,94.0,142.0,142.0,93.0,93.0,190.0,99.5,0.0,2,2
small-world,200,34,64,50.0,50.0,93.0,93.0,58.0,58.0,78.0,99.5,0.0,2,2
small-world,200,34,65,142.0,37.0,142.0,142.0,56.0,56.0,185.0,99.5,0.0,2,2
small-world,200,34,66,9.0,84.0,41.0,41.0,86.0,86.0,29.0,99.5,0.0,2,2
small-world,200,34,67,9.0,70.0,36.0,36.0,90.0,90.0,27.0,99.5,0.0,2,2
small-world,200,34,68,50.0,64.0,40.0,40.0,108.0,108.0,114.0,99.5,0.0,2,2
small-world,200,34,69,50.0,59.0,38.0,38.0,112.0,112.0,107.0,99.5,0.0,2,2
small-world,200,34,70,50.0,48.0,37.0,37.0,101.0,101.0,113.0,99.5,0.0,2,2
small-world,200,34,71,50.0,6.0,8.0,8.0,32.0,32.0,121.0,99.5,0.0,2,2
small-world,200,34,72,50.0,4.0,7.0,7.0,31.0,31.0,115.0,99.5,0.0,2,2
small-world,200,34,73,50.0,3.0,6.0,6.0,25.0,25.0,116.0,99.5,0.0,2,2
small-world,200,34,74,50.0,2.0,5.0,5.0,14.0,14.0,131.0,99.5,0.0,2,2
small-world,200,34,75,3.0,100.0,39.0,39.0,77.0,77.0,5.0,99.5,0.0,2,2
small-world,200,34,76,142.0,135.0,142.0,142.0,156.0,156.0,161.0,99.5,0.0,2,2
small-world,200,34,77,142.0,129.0,142.0,142.0,147.0,147.0,168.0,99.5,0.0,2,2
small-world,200,34,78,9.0,106.0,89.0,89.0,88.0,88.0,12.0,99.5,0.0,2,2
small-world,200,34,79,142.0,45.0,142.0,142.0,60.0,60.0,200.0,99.5,0.0,2,2
small-world,200,34,80,142.0,141.0,142.0,142.0,123.0,123.0,187.0,99.5,0.0,2,2
small-world,200,34,81,50.0,109.0,129.0,129.0,145.0,145.0,71.0,99.5,0.0,2,2
small-world,200,34,82,50.0,9.0,9.0,9.0,35.0,35.0,117.0,99.5,0.0,2,2
small-world,200,34,83,142.0,200.0,142.0,142.0,200.0,200.0,142.0,99.5,0.0,2,2
small-world,200,34,84,50.0,199.0,129.0,129.0,199.0,199.0,50.0,99.5,0.0,2,2
small-world,200,34,85,50.0,198.0,105.0,105.0,196.0,196.0,65.0,99.5,0.0,2,2
small-world,200,34,86,50.0,197.0,101.0,101.0,194.0,194.0,76.0,99.5,0.0,2,2
small-world,200,34,87,3.0,120.0,54.0,54.0,66.0,66.0,6.0,99.5,0.0,2,2
small-world,200,34,88,9.0,95.0,52.0,52.0,65.0,65.0,33.0,99.5,0.0,2,2
small-world,200,34,89,142.0,89.0,142.0,142.0,106.0,106.0,184.0,99.5,0.0,2,2
small-world,200,34,90,50.0,62.0,110.0,110.0,89.0,89.0,62.0,99.5,0.0,2,2
small-world,200,34,91,142.0,81.0,142.0,142.0,137.0,137.0,156.0,99.5,0.0,2,2
small-world,200,34,92,142.0,113.0,142.0,142.0,121.0,121.0,186.0,99.5,0.0,2,2
small-world,200,34,93,3.0,89.0,42.0,42.0,55.0,55.0,3.0,99.5,0.0,2,2
small-world,200,34,94,50.0,112.0,110.0,110.0,104.0,104.0,69.0,99.5,0.0,2,2
small-world,200,34,95,9.0,68.0,48.0,48.0,50.0,50.0,23.0,99.5,0.0,2,2
small-world,200,34,96,50.0,119.0,59.0,59.0,102.0,102.0,99.0,99.5,0.0,2,2
small-world,200,34,97,50.0,96.0,53.0,53.0,85.0,85.0,104.0,99.5,0.0,2,2
small-world,200,34,98,50.0,79.0,49.0,49.0,69.0,69.0,106.0,99.5,0.0,2,2
small-world,200,34,99,50.0,170.0,101.0,101.0,141.0,141.0,102.0,99.5,0.0,2,2
small-world,200,34,100,9.0,145.0,75.0,75.0,94.0,94.0,31.0,99.5,0.0,2,2
small-world,200,34,101,142.0,56.0,142.0,142.0,73.0,73.0,189.0,99.5,0.0,2,2
small-world,200,34,102,142.0,122.0,142.0,142.0,173.0,173.0,173.0,99.5,0.0,2,2
small-world,200,34,103,142.0,173.0,142.0,142.0,180.0,180.0,183.0,99.5,0.0,2,2
small-world,200,34,104,142.0,153.0,142.0,142.0,164.0,164.0,159.0,99.5,0.0,2,2
small-world,200,34,105,50.0,132.0,110.0,110.0,122.0,122.0,66.0,99.5,0.0,2,2
small-world,200,34,106,9.0,108.0,63.0,63.0,75.0,75.0,17.0,99.5,0.0,2,2
small-world,200,34,107,142.0,124.0,142.0,142.0,160.0,160.0,191.0,99.5,0.0,2,2
small-world,200,34,108,142.0,188.0,142.0,142.0,193.0,193.0,152.0,99.5,0.0,2,2
small-world,200,34,109,50.0,182.0,129.0,129.0,177.0,177.0,60.0,99.5,0.0,2,2
small-world,200,34,110,50.0,171.0,105.0,105.0,144.0,144.0,92.0,99.5,0.0,2,2
small-world,200,34,111,142.0,96.0,142.0,142.0,127.0,127.0,162.0,99.5,0.0,2,2
small-world,200,34,112,142.0,138.0,142.0,142.0,140.0,140.0,192.0,99.5,0.0,2,2
small-world,200,34,113,142.0,171.0,142.0,142.0,184.0,184.0,174.0,99.5,0.0,2,2
small-world,200,34,114,50.0,143.0,129.0,129.0,150.0,150.0,83.0,99.5,0.0,2,2
small-world,200,34,115,9.0,105.0,100.0,100.0,92.0,92.0,40.0,99.5,0.0,2,2
small-world,200,34,116,50.0,142.0,139.0,139.0,142.0,142.0,126.0,99.5,0.0,2,2
small-world,200,34,117,50.0,169.0,141.0,141.0,167.0,167.0,118.0,99.5,0.0,2,2
small-world,200,34,118,50.0,144.0,140.0,140.0,154.0,154.0,124.0,99.5,0.0,2,2
small-world,200,34,119,142.0,66.0,142.0,142.0,153.0,153.0,147.0,99.5,0.0,2,2
small-world,200,34,120,50.0,43.0,110.0,110.0,109.0,109.0,55.0,99.5,0.0,2,2
small-world,200,34,121,50.0,15.0,13.0,13.0,29.0,29.0,119.0,99.5,0.0,2,2
small-world,200,34,122,50.0,13.0,12.0,12.0,39.0,39.0,110.0,99.5,0.0,2,2
small-world,200,34,123,142.0,99.0,142.0,142.0,143.0,143.0,145.0,99.5,0.0,2,2
small-world,200,34,124,142.0,149.0,142.0,142.0,161.0,161.0,165.0,99.5,0.0,2,2
small-world,200,34,125,142.0,78.0,142.0,142.0,96.0,96.0,180.0,99.5,0.0,2,2
small-world,200,34,126,142.0,80.0,142.0,142.0,81.0,81.0,194.0,99.5,0.0,2,2
small-world,200,34,127,142.0,63.0,142.0,142.0,103.0,103.0,179.0,99.5,0.0,2,2
small-world,200,34,128,142.0,149.0,142.0,142.0,161.0,161.0,165.0,99.5,0.0,2,2
small-world,200,34,129,9.0,131.0,89.0,89.0,105.0,105.0,11.0,99.5,0.0,2,2
small-world,200,34,130,142.0,32.0,142.0,142.0,46.0,46.0,197.0,99.5,0.0,2,2
small-world,200,34,131,9.0,34.0,57.0,57.0,15.0,15.0,28.0,99.5,0.0,2,2
small-world,200,34,132,142.0,159.0,142.0,142.0,146.0,146.0,199.0,99.5,0.0,2,2
small-world,200,34,133,142.0,92.0,142.0,142.0,111.0,111.0,175.0,99.5,0.0,2,2
small-world,200,34,134,50.0,69.0,110.0,110.0,67.0,67.0,85.0,99.5,0.0,2,2
small-world,200,34,135,142.0,193.0,142.0,142.0,197.0,197.0,143.0,99.5,0.0,2,2
small-world,200,34,136,50.0,188.0,129.0,129.0,188.0,188.0,51.0,99.5,0.0,2,2
small-world,200,34,137,50.0,183.0,105.0,105.0,176.0,176.0,68.0,99.5,0.0,2,2
small-world,200,34,138,50.0,173.0,101.0,101.0,155.0,155.0,93.0,99.5,0.0,2,2
small-world,200,34,139,50.0,156.0,87.0,87.0,116.0,116.0,111.0,99.5,0.0,2,2
small-world,200,34,140,142.0,117.0,142.0,142.0,129.0,129.0,195.0,99.5,0.0,2,2
small-world,200,34,141,1.0,74.0,43.0,43.0,38.0,38.0,1.0,99.5,0.0,2,2
small-world,200,34,142,50.0,61.0,46.0,46.0,64.0,64.0,138.0,99.5,0.0,2,2
small-world,200,34,143,9.0,42.0,26.0,26.0,43.0,43.0,49.0,99.5,0.0,2,2
small-world,200,34,144,142.0,51.0,142.0,142.0,76.0,76.0,181.0,99.5,0.0,2,2
small-world,200,34,145,9.0,29.0,69.0,69.0,19.0,19.0,18.0,99.5,0.0,2,2
small-world,200,34,146,3.0,20.0,47.0,47.0,2.0,2.0,4.0,99.5,0.0,2,2
small-world,200,34,147,1.0,12.0,4.0,4.0,1.0,1.0,2.0,99.5,0.0,2,2
small-world,200,34,148,50.0,18.0,18.0,18.0,7.0,7.0,140.0,99.5,0.0,2,2
small-world,200,34,149,50.0,25.0,19.0,19.0,13.0,13.0,139.0,99.5,0.0,2,2
small-world,200,34,150,9.0,34.0,20.0,20.0,12.0,12.0,48.0,99.5,0.0,2,2
small-world,200,34,151,9.0,46.0,25.0,25.0,18.0,18.0,42.0,99.5,0.0,2,2
small-world,200,34,152,9.0,65.0,30.0,30.0,26.0,26.0,39.0,99.5,0.0,2,2
small-world,200,34,153,50.0,83.0,50.0,50.0,48.0,48.0,137.0,99.5,0.0,2,2
small-world,200,34,154,142.0,185.0,142.0,142.0,190.0,190.0,178.0,99.5,0.0,2,2
small-world,200,34,155,9.0,176.0,86.0,86.0,152.0,152.0,13.0,99.5,0.0,2,2
small-world,200,34,156,142.0,179.0,142.0,142.0,185.0,185.0,154.0,99.5,0.0,2,2
small-world,200,34,157,9.0,175.0,89.0,89.0,157.0,157.0,9.0,99.5,0.0,2,2
small-world,200,34,158,50.0,165.0,81.0,81.0,149.0,149.0,74.0,99.5,0.0,2,2
small-world,200,34,159,50.0,157.0,71.0,71.0,136.0,136.0,86.0,99.5,0.0,2,2
small-world,200,34,160,50.0,137.0,64.0,64.0,120.0,120.0,94.0,99.5,0.0,2,2
small-world,200,34,161,142.0,104.0,142.0,142.0,124.0,124.0,172.0,99.5,0.0,2,2
small-world,200,34,162,50.0,87.0,110.0,110.0,74.0,74.0,81.0,99.5,0.0,2,2
small-world,200,34,163,142.0,129.0,142.0,142.0,147.0,147.0,168.0,99.5,0.0,2,2
small-world,200,34,164,142.0,167.0,142.0,142.0,165.0,165.0,157.0,99.5,0.0,2,2
small-world,200,34,165,142.0,157.0,142.0,142.0,163.0,163.0,153.0,99.5,0.0,2,2
small-world,200,34,166,50.0,136.0,110.0,110.0,118.0,118.0,61.0,99.5,0.0,2,2
small-world,200,34,167,50.0,114.0,93.0,93.0,83.0,83.0,95.0,99.5,0.0,2,2
small-world,200,34,168,142.0,151.0,142.0,142.0,168.0,168.0,170.0,99.5,0.0,2,2
small-world,200,34,169,50.0,115.0,129.0,129.0,110.0,110.0,79.0,99.5,0.0,2,2
small-world,200,34,170,9.0,44.0,32.0,32.0,79.0,79.0,26.0,99.5,0.0,2,2
small-world,200,34,171,9.0,41.0,31.0,31.0,61.0,61.0,41.0,99.5,0.0,2,2
small-world,200,34,172,50.0,11.0,10.0,10.0,42.0,42.0,108.0,99.5,0.0,2,2
small-world,200,34,173,50.0,82.0,129.0,129.0,117.0,117.0,84.0,99.5,0.0,2,2
small-world,200,34,174,50.0,181.0,105.0,105.0,170.0,170.0,73.0,99.5,0.0,2,2
small-world,200,34,175,142.0,86.0,142.0,142.0,151.0,151.0,188.0,99.5,0.0,2,2
small-world,200,34,176,142.0,139.0,142.0,142.0,158.0,158.0,198.0,99.5,0.0,2,2
small-world,200,34,177,142.0,177.0,142.0,142.0,181.0,181.0,182.0,99.5,0.0,2,2
small-world,200,34,178,9.0,162.0,78.0,78.0,131.0,131.0,19.0,99.5,0.0,2,2
small-world,200,34,179,50.0,127.0,76.0,76.0,115.0,115.0,122.0,99.5,0.0,2,2
small-world,200,34,180,50.0,47.0,44.0,44.0,44.0,44.0,123.0,99.5,0.0,2,2
small-world,200,34,181,50.0,30.0,34.0,34.0,21.0,21.0,136.0,99.5,0.0,2,2
small-world,200,34,182,50.0,71.0,34.0,34.0,70.0,70.0,109.0,99.5,0.0,2,2
small-world,200,34,183,50.0,55.0,29.0,29.0,68.0,68.0,112.0,99.5,0.0,2,2
small-world,200,34,184,50.0,38.0,28.0,28.0,52.0,52.0,120.0,99.5,0.0,2,2
small-world,200,34,185,9.0,24.0,23.0,23.0,22.0,22.0,38.0,99.5,0.0,2,2
small-world,200,34,186,50.0,16.0,22.0,22.0,24.0,24.0,129.0,99.5,0.0,2,2
small-world,200,34,187,50.0,10.0,21.0,21.0,16.0,16.0,132.0,99.5,0.0,2,2
small-world,200,34,188,9.0,1.0,1.0,1.0,6.0,6.0,47.0,99.5,0.0,2,2
small-world,200,34,189,9.0,5.0,11.0,11.0,5.0,5.0,43.0,99.5,0.0,2,2
small-world,200,34,190,50.0,8.0,15.0,15.0,3.0,3.0,141.0,99.5,0.0,2,2
small-world,200,34,191,142.0,52.0,142.0,142.0,84.0,84.0,171.0,99.5,0.0,2,2
small-world,200,34,192,50.0,30.0,110.0,110.0,30.0,30.0,80.0,99.5,0.0,2,2
small-world,200,34,193,9.0,28.0,16.0,16.0,9.0,9.0,44.0,99.5,0.0,2,2
small-world,200,34,194,3.0,23.0,2.0,2.0,4.0,4.0,8.0,99.5,0.0,2,2
small-world,200,34,195,50.0,19.0,14.0,14.0,17.0,17.0,134.0,99.5,0.0,2,2
small-world,200,34,196,50.0,196.0,87.0,87.0,192.0,192.0,87.0,99.5,0.0,2,2
small-world,200,34,197,9.0,101.0,51.0,51.0,34.0,34.0,45.0,99.5,0.0,2,2
small-world,200,34,198,9.0,102.0,104.0,104.0,49.0,49.0,34.0,99.5,0.0,2,2
small-world,200,34,199,9.0,85.0,73.0,73.0,47.0,47.0,32.0,99.5,0.0,2,2
