small-world,200,41,0,47.0,6.0,21.0,21.0,9.0,9.0,140.0,99.5,0.0,2,1
small-world,200,41,1,12.0,1.0,2.0,2.0,3.0,3.0,46.0,99.5,0.0,2,1
small-world,200,41,2,2.0,2.0,1.0,1.0,2.0,2.0,10.0,99.5,0.0,2,1
small-world,200,41,3,2.0,4.0,4.0,4.0,4.0,4.0,9.0,99.5,0.0,2,1
small-world,200,41,4,47.0,17.0,34.0,34.0,14.0,14.0,135.0,99.5,0.0,2,1
small-world,200,41,5,143.0,78.0,143.0,143.0,80.0,80.0,199.0,99.5,0.0,2,1
small-world,200,41,6,2.0,63.0,17.0,17.0,24.0,24.0,6.0,99.5,0.0,2,1
small-world,200,41,7,47.0,50.0,16.0,16.0,37.0,37.0,133.0,99.5,0.0,2,1
small-world,200,41,8,143.0,48.0,143.0,143.0,77.0,77.0,173.0,99.5,0.0,2,1
small-world,200,41,9,12.0,176.0,85.0,85.0,158.0,158.0,14.0,99.5,0.0,2,1
small-world,200,41,10,47.0,160.0,77.0,77.0,148.0,148.0,79.0,99.5,0.0,2,1
small-world,200,41,11,47.0,141.0,74.0,74.0,123.0,123.0,93.0,99.5,0.0,2,1
small-world,200,41,12,47.0,120.0,69.0,69.0,101.0,101.0,108.0,99.5,0.0,2,1
small-world,200,41,13,143.0,101.0,143.0,143.0,155.0,155.0,153.0,99.5,0.0,2,1
small-world,200,41,14,47.0,81.0,119.0,119.0,109.0,109.0,57.0,99.5,0.0,2,1
small-world,200,41,15,47.0,64.0,105.0,105.0,72.0,72.0,84.0,99.5,0.0,2,1
small-world,200,41,16,12.0,49.0,32.0,32.0,40.0,40.0,35.0,99.5,0.0,2,1
small-world,200,41,17,47.0,72.0,43.0,43.0,71.0,71.0,113.0,99.5,0.0,2,1
small-world,200,41,18,143.0,9.0,143.0,143.0,17.0,17.0,200.0,99.5,0.0,2,1
small-world,200,41,19,143.0,137.0,143.0,143.0,141.0,141.0,191.0,99.5,0.0,2,1
small-world,200,41,20,12.0,114.0,67.0,67.0,79.0,79.0,26.0,99.5,0.0,2,1
small-world,200,41,21,47.0,90.0,60.0,60.0,60.0,60.0,134.0,99.5,0.0,2,1
small-world,200,41,22,2.0,73.0,19.0,19.0,25.0,25.0,8.0,99.5,0.0,2,1
small-world,200,41,23,143.0,168.0,143.0,143.0,180.0,180.0,163.0,99.5,0.0,2,1
small-world,200,41,24,47.0,149.0,119.0,119.0,152.0,152.0,70.0,99.5,0.0,2,1
small-world,200,41,25,12.0,130.0,66.0,66.0,103.0,103.0,30.0,99.5,0.0,2,1
small-world,200,41,26,47.0,117.0,65.0,65.0,107.0,107.0,112.0,99.5,0.0,2,1
small-world,200,41,27,143.0,107.0,143.0,143.0,133.0,133.0,192.0,99.5,0.0,2,1
small-world,200,41,28,12.0,84.0,45.0,45.0,78.0,78.0,27.0,99.5,0.0,2,1
small-world,200,41,29,47.0,100.0,49.0,49.0,95.0,95.0,123.0,99.5,0.0,2,1
small-world,200,41,30,143.0,109.0,143.0,143.0,121.0,121.0,194.0,99.5,0.0,2,1
small-world,200,41,31,2.0,86.0,47.0,47.0,62.0,62.0,4.0,99.5,0.0,2,1
small-world,200,41,32,47.0,29.0,26.0,26.0,38.0,38.0,116.0,99.5,0.0,2,1
small-world,200,41,33,47.0,16.0,22.0,22.0,23.0,23.0,126.0,99.5,0.0,2,1
small-world,200,41,34,143.0,32.0,143.0,143.0,55.0,55.0,179.0,99.5,0.0,2,1
small-world,200,41,35,47.0,15.0,119.0,119.0,19.0,19.0,91.0,99.5,0.0,2,1
small-world,200,41,36,47.0,42.0,12.0,12.0,39.0,39.0,128.0,99.5,0.0,2,1
small-world,200,41,37,47.0,30.0,11.0,11.0,29.0,29.0,129.0,99.5,0.0,2,1
small-world,200,41,38,47.0,94.0,60.0,60.0,70.0,70.0,130.0,99.5,0.0,2,1
small-world,200,41,39,47.0,108.0,119.0,119.0,132.0,132.0,56.0,99.5,0.0,2,1
small-world,200,41,40,47.0,85.0,105.0,105.0,97.0,97.0,82.0,99.5,0.0,2,1
small-world,200,41,41,143.0,75.0,143.0,143.0,125.0,125.0,154.0,99.5,0.0,2,1
small-world,200,41,42,47.0,61.0,119.0,119.0,82.0,82.0,58.0,99.5,0.0,2,1
small-world,200,41,43,47.0,44.0,105.0,105.0,49.0,49.0,89.0,99.5,0.0,2,1
small-world,200,41,44,12.0,25.0,10.0,10.0,21.0,21.0,38.0,99.5,0.0,2,1
small-world,200,41,45,143.0,131.0,143.0,143.0,170.0,170.0,152.0,99.5,0.0,2,1
small-world,200,41,46,47.0,187.0,119.0,119.0,181.0,181.0,52.0,99.5,0.0,2,1
small-world,200,41,47,47.0,191.0,119.0,119.0,185.0,185.0,54.0,99.5,0.0,2,1
small-world,200,41,48,47.0,180.0,105.0,105.0,167.0,167.0,76.0,99.5,0.0,2,1
small-world,200,41,49,143.0,192.0,143.0,143.0,193.0,193.0,164.0,99.5,0.0,2,1
small-world,200,41,50,2.0,182.0,84.0,84.0,162.0,162.0,2.0,99.5,0.0,2,1
small-world,200,41,51,47.0,11.0,60.0,60.0,12.0,12.0,139.0,99.5,0.0,2,1
small-world,200,41,52,143.0,184.0,143.0,143.0,191.0,191.0,145.0,99.5,0.0,2,1
small-world,200,41,53,47.0,170.0,119.0,119.0,173.0,173.0,49.0,99.5,0.0,2,1
small-world,200,41,54,47.0,156.0,105.0,105.0,153.0,153.0,67.0,99.5,0.0,2,1
small-world,200,41,55,47.0,136.0,87.0,87.0,116.0,116.0,80.0,99.5,0.0,2,1
small-world,200,41,56,12.0,115.0,72.0,72.0,81.0,81.0,23.0,99.5,0.0,2,1
small-world,200,41,57,47.0,98.0,77.0,77.0,87.0,87.0,111.0,99.5,0.0,2,1
small-world,200,41,58,143.0,54.0,143.0,143.0,94.0,94.0,160.0,99.5,0.0,2,1
small-world,200,41,59,47.0,36.0,119.0,119.0,50.0,50.0,64.0,99.5,0.0,2,1
small-world,200,41,60,12.0,121.0,51.0,51.0,93.0,93.0,36.0,99.5,0.0,2,1
small-world,200,41,61,47.0,139.0,83.0,83.0,118.0,118.0,118.0,99.5,0.0,2,1
small-world,200,41,62,47.0,58.0,28.0,28.0,54.0,54.0,127.0,99.5,0.0,2,1
small-world,200,41,63,47.0,46.0,27.0,27.0,47.0,47.0,117.0,99.5,0.0,2,1
small-world,200,41,64,12.0,51.0,99.0,99.0,65.0,65.0,13.0,99.5,0.0,2,1
small-world,200,41,65,143.0,192.0,143.0,143.0,193.0,193.0,164.0,99.5,0.0,2,1
small-world,200,41,66,143.0,68.0,143.0,143.0,112.0,112.0,167.0,99.5,0.0,2,1
small-world,200,41,67,143.0,40.0,143.0,143.0,61.0,61.0,178.0,99.5,0.0,2,1
small-world,200,41,68,47.0,21.0,119.0,119.0,22.0,22.0,86.0,99.5,0.0,2,1
small-world,200,41,69,1.0,8.0,18.0,18.0,5.0,5.0,1.0,99.5,0.0,2,1
small-world,200,41,70,2.0,3.0,3.0,3.0,1.0,1.0,11.0,99.5,0.0,2,1
small-world,200,41,71,47.0,197.0,119.0,119.0,192.0,192.0,51.0,99.5,0.0,2,1
small-world,200,41,72,47.0,190.0,105.0,105.0,183.0,183.0,69.0,99.5,0.0,2,1
small-world,200,41,73,47.0,179.0,87.0,87.0,165.0,165.0,87.0,99.5,0.0,2,1
small-world,200,41,74,12.0,163.0,57.0,57.0,138.0,138.0,28.0,99.5,0.0,2,1
small-world,200,41,75,143.0,123.0,143.0,143.0,127.0,127.0,182.0,99.5,0.0,2,1
small-world,200,41,76,143.0,104.0,143.0,143.0,134.0,134.0,188.0,99.5,0.0,2,1
small-world,200,41,77,2.0,83.0,39.0,39.0,73.0,73.0,3.0,99.5,0.0,2,1
small-world,200,41,78,47.0,66.0,37.0,37.0,75.0,75.0,101.0,99.5,0.0,2,1
small-world,200,41,79,47.0,53.0,35.0,35.0,64.0,64.0,102.0,99.5,0.0,2,1
small-world,200,41,80,47.0,41.0,33.0,33.0,46.0,46.0,110.0,99.5,0.0,2,1
small-world,200,41,81,47.0,24.0,30.0,30.0,26.0,26.0,124.0,99.5,0.0,2,1
small-world,200,41,82,143.0,27.0,143.0,143.0,42.0,42.0,198.0,99.5,0.0,2,1
small-world,200,41,83,47.0,7.0,8.0,8.0,7.0,7.0,142.0,99.5,0.0,2,1
small-world,200,41,84,143.0,146.0,143.0,143.0,169.0,169.0,155.0,99.5,0.0,2,1
small-world,200,41,85,47.0,127.0,119.0,119.0,129.0,129.0,59.0,99.5,0.0,2,1
small-world,200,41,86,47.0,99.0,105.0,105.0,91.0,91.0,90.0,99.5,0.0,2,1
small-world,200,41,87,12.0,80.0,52.0,52.0,51.0,51.0,41.0,99.5,0.0,2,1
small-world,200,41,88,12.0,65.0,14.0,14.0,28.0,28.0,45.0,99.5,0.0,2,1
small-world,200,41,89,12.0,52.0,13.0,13.0,34.0,34.0,37.0,99.5,0.0,2,1
small-world,200,41,90,143.0,152.0,143.0,143.0,182.0,182.0,149.0,99.5,0.0,2,1
small-world,200,41,91,47.0,132.0,119.0,119.0,156.0,156.0,53.0,99.5,0.0,2,1
small-world,200,41,92,47.0,111.0,105.0,105.0,119.0,119.0,72.0,99.5,0.0,2,1
small-world,200,41,93,47.0,87.0,87.0,87.0,84.0,84.0,104.0,99.5,0.0,2,1
small-world,200,41,94,12.0,12.0,20.0,20.0,8.0,8.0,42.0,99.5,0.0,2,1
small-world,200,41,95,143.0,199.0,143.0,143.0,199.0,199.0,143.0,99.5,0.0,2,1
small-world,200,41,96,47.0,195.0,119.0,119.0,189.0,189.0,47.0,99.5,0.0,2,1
small-world,200,41,97,47.0,183.0,105.0,105.0,177.0,177.0,65.0,99.5,0.0,2,1
small-world,200,41,98,143.0,170.0,143.0,143.0,178.0,178.0,158.0,99.5,0.0,2,1
small-world,200,41,99,47.0,154.0,119.0,119.0,149.0,149.0,62.0,99.5,0.0,2,1
small-world,200,41,100,47.0,47.0,38.0,38.0,48.0,48.0,115.0,99.5,0.0,2,1
small-world,200,41,101,47.0,31.0,36.0,36.0,33.0,33.0,121.0,99.5,0.0,2,1
small-world,200,41,102,47.0,35.0,15.0,15.0,32.0,32.0,131.0,99.5,0.0,2,1
small-world,200,41,103,47.0,169.0,87.0,87.0,163.0,163.0,73.0,99.5,0.0,2,1
small-world,200,41,104,47.0,151.0,77.0,77.0,142.0,142.0,88.0,99.5,0.0,2,1
small-world,200,41,105,143.0,116.0,143.0,143.0,111.0,111.0,196.0,99.5,0.0,2,1
small-world,200,41,106,12.0,90.0,59.0,59.0,53.0,53.0,33.0,99.5,0.0,2,1
small-world,200,41,107,143.0,70.0,143.0,143.0,83.0,83.0,197.0,99.5,0.0,2,1
small-world,200,41,108,143.0,200.0,143.0,143.0,200.0,200.0,147.0,99.5,0.0,2,1
small-world,200,41,109,47.0,129.0,69.0,69.0,124.0,124.0,95.0,99.5,0.0,2,1
small-world,200,41,110,47.0,106.0,60.0,60.0,99.0,99.0,107.0,99.5,0.0,2,1
small-world,200,41,111,143.0,55.0,143.0,143.0,85.0,85.0,176.0,99.5,0.0,2,1
small-world,200,41,112,12.0,37.0,99.0,99.0,41.0,41.0,17.0,99.5,0.0,2,1
small-world,200,41,113,12.0,22.0,24.0,24.0,13.0,13.0,39.0,99.5,0.0,2,1
small-world,200,41,114,47.0,33.0,31.0,31.0,30.0,30.0,132.0,99.5,0.0,2,1
small-world,200,41,115,143.0,174.0,143.0,143.0,175.0,175.0,171.0,99.5,0.0,2,1
small-world,200,41,116,143.0,181.0,143.0,143.0,190.0,190.0,146.0,99.5,0.0,2,1
small-world,200,41,117,143.0,122.0,143.0,143.0,154.0,154.0,157.0,99.5,0.0,2,1
small-world,200,41,118,47.0,95.0,119.0,119.0,106.0,106.0,61.0,99.5,0.0,2,1
small-world,200,41,119,47.0,77.0,105.0,105.0,66.0,66.0,94.0,99.5,0.0,2,1
small-world,200,41,120,143.0,134.0,143.0,143.0,166.0,166.0,156.0,99.5,0.0,2,1
small-world,200,41,121,47.0,112.0,119.0,119.0,126.0,126.0,60.0,99.5,0.0,2,1
small-world,200,41,122,47.0,88.0,105.0,105.0,88.0,88.0,92.0,99.5,0.0,2,1
small-world,200,41,123,2.0,71.0,29.0,29.0,44.0,44.0,5.0,99.5,0.0,2,1
small-world,200,41,124,143.0,104.0,143.0,143.0,134.0,134.0,188.0,99.5,0.0,2,1
small-world,200,41,125,143.0,166.0,143.0,143.0,168.0,168.0,190.0,99.5,0.0,2,1
small-world,200,41,126,12.0,147.0,82.0,82.0,115.0,115.0,25.0,99.5,0.0,2,1
small-world,200,41,127,143.0,185.0,143.0,143.0,186.0,186.0,161.0,99.5,0.0,2,1
small-world,200,41,128,143.0,178.0,143.0,143.0,184.0,184.0,175.0,99.5,0.0,2,1
small-world,200,41,129,143.0,198.0,143.0,143.0,198.0,198.0,150.0,99.5,0.0,2,1
small-world,200,41,130,143.0,38.0,143.0,143.0,56.0,56.0,180.0,99.5,0.0,2,1
small-world,200,41,131,143.0,170.0,143.0,143.0,178.0,178.0,158.0,99.5,0.0,2,1
small-world,200,41,132,47.0,154.0,119.0,119.0,149.0,149.0,62.0,99.5,0.0,2,1
small-world,200,41,133,12.0,135.0,76.0,76.0,102.0,102.0,18.0,99.5,0.0,2,1
small-world,200,41,134,143.0,138.0,143.0,143.0,143.0,143.0,186.0,99.5,0.0,2,1
small-world,200,41,135,47.0,74.0,105.0,105.0,104.0,104.0,66.0,99.5,0.0,2,1
small-world,200,41,136,143.0,76.0,143.0,143.0,105.0,105.0,193.0,99.5,0.0,2,1
small-world,200,41,137,12.0,62.0,42.0,42.0,52.0,52.0,31.0,99.5,0.0,2,1
small-world,200,41,138,143.0,188.0,143.0,143.0,188.0,188.0,170.0,99.5,0.0,2,1
small-world,200,41,139,47.0,165.0,119.0,119.0,172.0,172.0,50.0,99.5,0.0,2,1
small-world,200,41,140,47.0,144.0,105.0,105.0,151.0,151.0,68.0,99.5,0.0,2,1
small-world,200,41,141,47.0,125.0,87.0,87.0,117.0,117.0,81.0,99.5,0.0,2,1
small-world,200,41,142,47.0,34.0,87.0,87.0,43.0,43.0,98.0,99.5,0.0,2,1
small-world,200,41,143,12.0,18.0,7.0,7.0,15.0,15.0,44.0,99.5,0.0,2,1
small-world,200,41,144,12.0,10.0,6.0,6.0,11.0,11.0,43.0,99.5,0.0,2,1
small-world,200,41,145,47.0,5.0,5.0,5.0,6.0,6.0,141.0,99.5,0.0,2,1
small-world,200,41,146,143.0,60.0,143.0,143.0,92.0,92.0,184.0,99.5,0.0,2,1
small-world,200,41,147,47.0,59.0,87.0,87.0,74.0,74.0,78.0,99.5,0.0,2,1
small-world,200,41,148,12.0,43.0,72.0,72.0,45.0,45.0,21.0,99.5,0.0,2,1
small-world,200,41,149,47.0,23.0,69.0,69.0,27.0,27.0,120.0,99.5,0.0,2,1
small-world,200,41,150,47.0,148.0,74.0,74.0,147.0,147.0,85.0,99.5,0.0,2,1
small-world,200,41,151,47.0,143.0,53.0,53.0,131.0,131.0,109.0,99.5,0.0,2,1
small-world,200,41,152,12.0,126.0,48.0,48.0,110.0,110.0,24.0,99.5,0.0,2,1
small-world,200,41,153,143.0,45.0,143.0,143.0,76.0,76.0,174.0,99.5,0.0,2,1
small-world,200,41,154,47.0,26.0,119.0,119.0,36.0,36.0,75.0,99.5,0.0,2,1
small-world,200,41,155,143.0,153.0,143.0,143.0,161.0,161.0,185.0,99.5,0.0,2,1
small-world,200,41,156,12.0,133.0,67.0,67.0,108.0,108.0,22.0,99.5,0.0,2,1
small-world,200,41,157,47.0,113.0,60.0,60.0,89.0,89.0,114.0,99.5,0.0,2,1
small-world,200,41,158,47.0,89.0,53.0,53.0,63.0,63.0,136.0,99.5,0.0,2,1
small-world,200,41,159,47.0,57.0,40.0,40.0,59.0,59.0,122.0,99.5,0.0,2,1
small-world,200,41,160,47.0,162.0,97.0,97.0,145.0,145.0,97.0,99.5,0.0,2,1
small-world,200,41,161,47.0,164.0,98.0,98.0,146.0,146.0,96.0,99.5,0.0,2,1
small-world,200,41,162,47.0,158.0,96.0,96.0,140.0,140.0,100.0,99.5,0.0,2,1
small-world,200,41,163,143.0,68.0,143.0,143.0,112.0,112.0,167.0,99.5,0.0,2,1
small-world,200,41,164,143.0,174.0,143.0,143.0,175.0,175.0,171.0,99.5,0.0,2,1
small-world,200,41,165,12.0,158.0,99.0,99.0,130.0,130.0,15.0,99.5,0.0,2,1
small-world,200,41,166,143.0,189.0,143.0,143.0,196.0,196.0,151.0,99.5,0.0,2,1
small-world,200,41,167,47.0,177.0,119.0,119.0,174.0,174.0,55.0,99.5,0.0,2,1
small-world,200,41,168,12.0,161.0,85.0,85.0,144.0,144.0,16.0,99.5,0.0,2,1
small-world,200,41,169,47.0,142.0,77.0,77.0,120.0,120.0,103.0,99.5,0.0,2,1
small-world,200,41,170,47.0,102.0,44.0,44.0,100.0,100.0,105.0,99.5,0.0,2,1
small-world,200,41,171,143.0,185.0,143.0,143.0,186.0,186.0,161.0,99.5,0.0,2,1
small-world,200,41,172,12.0,173.0,99.0,99.0,157.0,157.0,12.0,99.5,0.0,2,1
small-world,200,41,173,47.0,157.0,87.0,87.0,136.0,136.0,83.0,99.5,0.0,2,1
small-world,200,41,174,12.0,140.0,57.0,57.0,98.0,98.0,29.0,99.5,0.0,2,1
small-world,200,41,175,47.0,119.0,53.0,53.0,90.0,90.0,125.0,99.5,0.0,2,1
small-world,200,41,176,47.0,93.0,50.0,50.0,67.0,67.0,137.0,99.5,0.0,2,1
small-world,200,41,177,47.0,14.0,9.0,9.0,16.0,16.0,138.0,99.5,0.0,2,1
small-world,200,41,178,143.0,55.0,143.0,143.0,85.0,85.0,176.0,99.5,0.0,2,1
small-world,200,41,179,47.0,167.0,77.0,77.0,159.0,159.0,77.0,99.5,0.0,2,1
small-world,200,41,180,143.0,123.0,143.0,143.0,127.0,127.0,182.0,99.5,0.0,2,1
small-world,200,41,181,12.0,97.0,99.0,99.0,68.0,68.0,20.0,99.5,0.0,2,1
small-world,200,41,182,2.0,79.0,23.0,23.0,31.0,31.0,7.0,99.5,0.0,2,1
small-world,200,41,183,143.0,128.0,143.0,143.0,160.0,160.0,169.0,99.5,0.0,2,1
small-world,200,41,184,47.0,103.0,119.0,119.0,114.0,114.0,71.0,99.5,0.0,2,1
small-world,200,41,185,12.0,82.0,46.0,46.0,69.0,69.0,32.0,99.5,0.0,2,1
small-world,200,41,186,12.0,67.0,41.0,41.0,58.0,58.0,34.0,99.5,0.0,2,1
small-world,200,41,187,143.0,109.0,143.0,143.0,121.0,121.0,194.0,99.5,0.0,2,1
small-world,200,41,188,47.0,96.0,56.0,56.0,96.0,96.0,119.0,99.5,0.0,2,1
small-world,200,41,189,143.0,196.0,143.0,143.0,197.0,197.0,148.0,99.5,0.0,2,1
small-world,200,41,190,47.0,28.0,119.0,119.0,35.0,35.0,74.0,99.5,0.0,2,1
small-world,200,41,191,12.0,13.0,25.0,25.0,10.0,10.0,40.0,99.5,0.0,2,1
small-world,200,41,192,143.0,118.0,143.0,143.0,171.0,171.0,144.0,99.5,0.0,2,1
small-world,200,41,193,47.0,92.0,119.0,119.0,137.0,137.0,48.0,99.5,0.0,2,1
small-world,200,41,194,47.0,19.0,105.0,105.0,20.0,20.0,99.0,99.5,0.0,2,1
small-world,200,41,195,143.0,38.0,143.0,143.0,56.0,56.0,180.0,99.5,0.0,2,1
small-world,200,41,196,12.0,19.0,99.0,99.0,18.0,18.0,19.0,99.5,0.0,2,1
small-world,200,41,197,143.0,192.0,143.0,143.0,193.0,193.0,164.0,99.5,0.0,2,1
small-world,200,41,198,143.0,145.0,143.0,143.0,164.0,164.0,187.0,99.5,0.0,2,1
small-world,200,41,199,47.0,150.0,95.0,95.0,139.0,139.0,106.0,99.5,0.0,2,1
small-world,200,42,0,147.0,14.0,146.0,146.0,37.0,37.0,200.0,99.5,0.008333333333333333,3,3
small-world,200,42,1,147.0,141.0,146.0,146.0,155.0,155.0,161.0,99.5,0.008333333333333333,3,3
small-world,200,42,2,43.0,121.0,120.0,120.0,113.0,113.0,57.0,99.5,0.008333333333333333,3,3
small-world,200,42,3,43.0,96.0,102.0,102.0,76.0,76.0,86.0,99.5,0.008333333333333333,3,3
small-world,200,42,4,2.0,68.0,14.0,14.0,34.0,34.0,3.0,99.5,0.008333333333333333,3,3
small-world,200,42,5,147.0,125.0,146.0,146.0,130.0,130.0,179.0,99.5,0.008333333333333333,3,3
small-world,200,42,6,12.0,99.0,92.0,92.0,75.0,75.0,16.0,99.5,0.008333333333333333,3,3
small-world,200,42,7,147.0,183.0,146.0,146.0,192.0,192.0,197.0,99.5,0.008333333333333333,3,3
small-world,200,42,8,12.0,192.0,85.0,85.0,163.0,163.0,15.0,99.5,0.008333333333333333,3,3
small-world,200,42,9,43.0,190.0,70.0,70.0,166.0,166.0,80.0,99.5,0.008333333333333333,3,3
small-world,200,42,10,43.0,187.0,62.0,62.0,158.0,158.0,93.0,99.5,0.008333333333333333,3,3
small-world,200,42,11,147.0,146.0,146.0,146.0,164.0,164.0,153.0,99.5,0.008333333333333333,3,3
small-world,200,42,12,12.0,53.0,13.0,13.0,36.0,36.0,28.0,99.5,0.008333333333333333,3,3
small-world,200,42,13,147.0,178.0,146.0,146.0,189.0,189.0,189.0,99.5,0.008333333333333333,3,3
small-world,200,42,14,147.0,134.0,146.0,146.0,156.0,156.0,154.0,99.5,0.008333333333333333,3,3
small-world,200,42,15,43.0,108.0,110.0,110.0,116.0,116.0,50.0,99.5,0.008333333333333333,3,3
small-world,200,42,16,43.0,81.0,94.0,94.0,82.0,82.0,72.0,99.5,0.008333333333333333,3,3
small-world,200,42,17,43.0,57.0,79.0,79.0,54.0,54.0,108.0,99.5,0.008333333333333333,3,3
small-world,200,42,18,12.0,35.0,17.0,17.0,24.0,24.0,37.0,99.5,0.008333333333333333,3,3
small-world,200,42,19,43.0,22.0,16.0,16.0,28.0,28.0,134.0,99.5,0.008333333333333333,3,3
small-world,200,42,20,43.0,12.0,15.0,15.0,19.0,19.0,139.0,99.5,0.008333333333333333,3,3
small-world,200,42,21,12.0,6.0,10.0,10.0,8.0,8.0,39.0,99.5,0.008333333333333333,3,3
small-world,200,42,22,2.0,4.0,4.0,4.0,4.0,4.0,7.0,99.5,0.008333333333333333,3,3
small-world,200,42,23,43.0,37.0,70.0,70.0,27.0,27.0,125.0,99.5,0.008333333333333333,3,3
small-world,200,42,24,43.0,85.0,18.0,18.0,58.0,58.0,119.0,99.5,0.008333333333333333,3,3
small-world,200,42,25,147.0,97.0,146.0,146.0,97.0,97.0,193.0,99.5,0.008333333333333333,3,3
small-world,200,42,26,147.0,59.0,146.0,146.0,72.0,72.0,194.0,99.5,0.008333333333333333,3,3
small-world,200,42,27,12.0,3.0,7.0,7.0,3.0,3.0,38.0,99.5,0.008333333333333333,3,3
small-world,200,42,28,1.0,5.0,3.0,3.0,1.0,1.0,2.0,99.5,0.008333333333333333,3,3
small-world,200,42,29,43.0,15.0,49.0,49.0,11.0,11.0,145.0,99.5,0.008333333333333333,3,3
small-world,200,42,30,43.0,102.0,94.0,94.0,96.0,96.0,71.0,99.5,0.008333333333333333,3,3
small-world,200,42,31,43.0,77.0,79.0,79.0,64.0,64.0,107.0,99.5,0.008333333333333333,3,3
small-world,200,42,32,43.0,142.0,110.0,110.0,151.0,151.0,44.0,99.5,0.008333333333333333,3,3
small-world,200,42,33,43.0,123.0,94.0,94.0,124.0,124.0,63.0,99.5,0.008333333333333333,3,3
small-world,200,42,34,43.0,98.0,79.0,79.0,105.0,105.0,73.0,99.5,0.008333333333333333,3,3
small-world,200,42,35,43.0,178.0,133.0,133.0,183.0,183.0,74.0,99.5,0.008333333333333333,3,3
small-world,200,42,36,43.0,152.0,131.0,131.0,172.0,172.0,115.0,99.5,0.008333333333333333,3,3
small-world,200,42,37,147.0,111.0,146.0,146.0,141.0,141.0,162.0,99.5,0.008333333333333333,3,3
small-world,200,42,38,147.0,90.0,146.0,146.0,107.0,107.0,186.0,99.5,0.008333333333333333,3,3
small-world,200,42,39,147.0,200.0,146.0,146.0,200.0,200.0,150.0,99.5,0.008333333333333333,3,3
small-world,200,42,40,147.0,169.0,146.0,146.0,190.0,190.0,182.0,99.5,0.008333333333333333,3,3
small-world,200,42,41,43.0,138.0,136.0,136.0,168.0,168.0,81.0,99.5,0.008333333333333333,3,3
small-world,200,42,42,147.0,65.0,146.0,146.0,102.0,102.0,188.0,99.5,0.008333333333333333,3,3
small-world,200,42,43,12.0,39.0,57.0,57.0,42.0,42.0,21.0,99.5,0.008333333333333333,3,3
small-world,200,42,44,43.0,20.0,49.0,49.0,33.0,33.0,111.0,99.5,0.008333333333333333,3,3
small-world,200,42,45,43.0,7.0,43.0,43.0,13.0,13.0,128.0,99.5,0.008333333333333333,3,3
small-world,200,42,46,147.0,11.0,146.0,146.0,32.0,32.0,199.0,99.5,0.008333333333333333,3,3
small-world,200,42,47,43.0,83.0,120.0,120.0,92.0,92.0,58.0,99.5,0.008333333333333333,3,3
small-world,200,42,48,43.0,56.0,102.0,102.0,51.0,51.0,90.0,99.5,0.008333333333333333,3,3
small-world,200,42,49,2.0,33.0,8.0,8.0,16.0,16.0,4.0,99.5,0.008333333333333333,3,3
small-world,200,42,50,43.0,42.0,12.0,12.0,38.0,38.0,124.0,99.5,0.008333333333333333,3,3
small-world,200,42,51,147.0,109.0,146.0,146.0,145.0,145.0,166.0,99.5,0.008333333333333333,3,3
small-world,200,42,52,12.0,81.0,92.0,92.0,90.0,90.0,12.0,99.5,0.008333333333333333,3,3
small-world,200,42,53,43.0,57.0,79.0,79.0,73.0,73.0,76.0,99.5,0.008333333333333333,3,3
small-world,200,42,54,43.0,35.0,65.0,65.0,50.0,50.0,98.0,99.5,0.008333333333333333,3,3
small-world,200,42,55,12.0,163.0,109.0,109.0,161.0,161.0,22.0,99.5,0.008333333333333333,3,3
small-world,200,42,56,12.0,138.0,100.0,100.0,148.0,148.0,27.0,99.5,0.008333333333333333,3,3
small-world,200,42,57,43.0,104.0,91.0,91.0,144.0,144.0,127.0,99.5,0.008333333333333333,3,3
small-world,200,42,58,147.0,189.0,146.0,146.0,196.0,196.0,171.0,99.5,0.008333333333333333,3,3
small-world,200,42,59,43.0,168.0,136.0,136.0,181.0,181.0,67.0,99.5,0.008333333333333333,3,3
small-world,200,42,60,147.0,169.0,146.0,146.0,190.0,190.0,182.0,99.5,0.008333333333333333,3,3
small-world,200,42,61,147.0,43.0,146.0,146.0,57.0,57.0,196.0,99.5,0.008333333333333333,3,3
small-world,200,42,62,12.0,21.0,9.0,9.0,12.0,12.0,33.0,99.5,0.008333333333333333,3,3
small-world,200,42,63,43.0,26.0,11.0,11.0,22.0,22.0,131.0,99.5,0.008333333333333333,3,3
small-world,200,42,64,147.0,165.0,146.0,146.0,173.0,173.0,170.0,99.5,0.008333333333333333,3,3
small-world,200,42,65,43.0,155.0,120.0,120.0,132.0,132.0,65.0,99.5,0.008333333333333333,3,3
small-world,200,42,66,147.0,184.0,146.0,146.0,182.0,182.0,151.0,99.5,0.008333333333333333,3,3
small-world,200,42,67,147.0,116.0,146.0,146.0,143.0,143.0,157.0,99.5,0.008333333333333333,3,3
small-world,200,42,68,43.0,92.0,120.0,120.0,95.0,95.0,53.0,99.5,0.008333333333333333,3,3
small-world,200,42,69,43.0,61.0,102.0,102.0,59.0,59.0,77.0,99.5,0.008333333333333333,3,3
small-world,200,42,70,43.0,38.0,89.0,89.0,29.0,29.0,118.0,99.5,0.008333333333333333,3,3
small-world,200,42,71,2.0,18.0,5.0,5.0,5.0,5.0,9.0,99.5,0.008333333333333333,3,3
small-world,200,42,72,147.0,118.0,146.0,146.0,136.0,136.0,173.0,99.5,0.008333333333333333,3,3
small-world,200,42,73,43.0,160.0,146.0,146.0,133.0,133.0,146.0,99.5,0.008333333333333333,3,3
small-world,200,42,74,147.0,199.0,146.0,146.0,199.0,199.0,155.0,99.5,0.008333333333333333,3,3
small-world,200,42,75,43.0,191.0,136.0,136.0,194.0,194.0,51.0,99.5,0.008333333333333333,3,3
small-world,200,42,76,43.0,180.0,54.0,54.0,153.0,153.0,100.0,99.5,0.008333333333333333,3,3
small-world,200,42,77,43.0,173.0,45.0,45.0,147.0,147.0,113.0,99.5,0.008333333333333333,3,3
small-world,200,42,78,43.0,164.0,41.0,41.0,129.0,129.0,132.0,99.5,0.008333333333333333,3,3
small-world,200,42,79,147.0,128.0,146.0,146.0,126.0,126.0,191.0,99.5,0.008333333333333333,3,3
small-world,200,42,80,147.0,174.0,146.0,146.0,170.0,170.0,185.0,99.5,0.008333333333333333,3,3
small-world,200,42,81,147.0,70.0,146.0,146.0,112.0,112.0,172.0,99.5,0.008333333333333333,3,3
small-world,200,42,82,43.0,44.0,110.0,110.0,61.0,61.0,68.0,99.5,0.008333333333333333,3,3
small-world,200,42,83,147.0,193.0,146.0,146.0,197.0,197.0,164.0,99.5,0.008333333333333333,3,3
small-world,200,42,84,43.0,185.0,136.0,136.0,185.0,185.0,60.0,99.5,0.008333333333333333,3,3
small-world,200,42,85,12.0,158.0,35.0,35.0,111.0,111.0,41.0,99.5,0.008333333333333333,3,3
small-world,200,42,86,147.0,151.0,146.0,146.0,162.0,162.0,159.0,99.5,0.008333333333333333,3,3
small-world,200,42,87,43.0,135.0,120.0,120.0,121.0,121.0,55.0,99.5,0.008333333333333333,3,3
small-world,200,42,88,147.0,30.0,146.0,146.0,49.0,49.0,195.0,99.5,0.008333333333333333,3,3
small-world,200,42,89,147.0,109.0,146.0,146.0,145.0,145.0,166.0,99.5,0.008333333333333333,3,3
small-world,200,42,90,147.0,118.0,146.0,146.0,136.0,136.0,173.0,99.5,0.008333333333333333,3,3
small-world,200,42,91,2.0,95.0,76.0,76.0,74.0,74.0,1.0,99.5,0.008333333333333333,3,3
small-world,200,42,92,43.0,66.0,65.0,65.0,69.0,69.0,85.0,99.5,0.008333333333333333,3,3
small-world,200,42,93,43.0,41.0,58.0,58.0,48.0,48.0,103.0,99.5,0.008333333333333333,3,3
small-world,200,42,94,12.0,23.0,37.0,37.0,26.0,26.0,29.0,99.5,0.008333333333333333,3,3
small-world,200,42,95,43.0,9.0,34.0,34.0,15.0,15.0,133.0,99.5,0.008333333333333333,3,3
small-world,200,42,96,147.0,198.0,146.0,146.0,193.0,193.0,152.0,99.5,0.008333333333333333,3,3
small-world,200,42,97,147.0,115.0,146.0,146.0,135.0,135.0,163.0,99.5,0.008333333333333333,3,3
small-world,200,42,98,43.0,88.0,120.0,120.0,83.0,83.0,59.0,99.5,0.008333333333333333,3,3
small-world,200,42,99,12.0,101.0,20.0,20.0,67.0,67.0,26.0,99.5,0.008333333333333333,3,3
small-world,200,42,100,43.0,121.0,24.0,24.0,88.0,88.0,123.0,99.5,0.008333333333333333,3,3
small-world,200,42,101,43.0,136.0,27.0,27.0,104.0,104.0,138.0,99.5,0.008333333333333333,3,3
small-world,200,42,102,12.0,149.0,31.0,31.0,103.0,103.0,42.0,99.5,0.008333333333333333,3,3
small-world,200,42,103,147.0,196.0,146.0,146.0,187.0,187.0,177.0,99.5,0.008333333333333333,3,3
small-world,200,42,104,147.0,176.0,146.0,146.0,176.0,176.0,176.0,99.5,0.008333333333333333,3,3
small-world,200,42,105,147.0,71.0,146.0,146.0,110.0,110.0,178.0,99.5,0.008333333333333333,3,3
small-world,200,42,106,43.0,45.0,110.0,110.0,56.0,56.0,70.0,99.5,0.008333333333333333,3,3
small-world,200,42,107,12.0,24.0,30.0,30.0,18.0,18.0,31.0,99.5,0.008333333333333333,3,3
small-world,200,42,108,43.0,10.0,26.0,26.0,10.0,10.0,141.0,99.5,0.008333333333333333,3,3
small-world,200,42,109,147.0,83.0,146.0,146.0,98.0,98.0,190.0,99.5,0.008333333333333333,3,3
small-world,200,42,110,43.0,29.0,18.0,18.0,21.0,21.0,142.0,99.5,0.008333333333333333,3,3
small-world,200,42,111,2.0,19.0,1.0,1.0,6.0,6.0,10.0,99.5,0.008333333333333333,3,3
small-world,200,42,112,43.0,197.0,136.0,136.0,195.0,195.0,46.0,99.5,0.008333333333333333,3,3
small-world,200,42,113,43.0,188.0,133.0,133.0,188.0,188.0,66.0,99.5,0.008333333333333333,3,3
small-world,200,42,114,43.0,169.0,131.0,131.0,180.0,180.0,87.0,99.5,0.008333333333333333,3,3
small-world,200,42,115,12.0,150.0,107.0,107.0,160.0,160.0,24.0,99.5,0.008333333333333333,3,3
small-world,200,42,116,43.0,112.0,106.0,106.0,149.0,149.0,136.0,99.5,0.008333333333333333,3,3
small-world,200,42,117,2.0,69.0,75.0,75.0,94.0,94.0,11.0,99.5,0.008333333333333333,3,3
small-world,200,42,118,43.0,85.0,41.0,41.0,65.0,65.0,116.0,99.5,0.008333333333333333,3,3
small-world,200,42,119,147.0,117.0,146.0,146.0,152.0,152.0,156.0,99.5,0.008333333333333333,3,3
small-world,200,42,120,43.0,93.0,110.0,110.0,106.0,106.0,52.0,99.5,0.008333333333333333,3,3
small-world,200,42,121,43.0,175.0,120.0,120.0,165.0,165.0,47.0,99.5,0.008333333333333333,3,3
small-world,200,42,122,12.0,165.0,85.0,85.0,134.0,134.0,14.0,99.5,0.008333333333333333,3,3
small-world,200,42,123,43.0,129.0,110.0,110.0,125.0,125.0,49.0,99.5,0.008333333333333333,3,3
small-world,200,42,124,43.0,195.0,120.0,120.0,179.0,179.0,48.0,99.5,0.008333333333333333,3,3
small-world,200,42,125,147.0,161.0,146.0,146.0,174.0,174.0,149.0,99.5,0.008333333333333333,3,3
small-world,200,42,126,43.0,148.0,120.0,120.0,150.0,150.0,45.0,99.5,0.008333333333333333,3,3
small-world,200,42,127,43.0,131.0,102.0,102.0,120.0,120.0,64.0,99.5,0.008333333333333333,3,3
small-world,200,42,128,43.0,103.0,89.0,89.0,99.0,99.0,75.0,99.5,0.008333333333333333,3,3
small-world,200,42,129,43.0,78.0,70.0,70.0,70.0,70.0,95.0,99.5,0.008333333333333333,3,3
small-world,200,42,130,12.0,55.0,53.0,53.0,41.0,41.0,25.0,99.5,0.008333333333333333,3,3
small-world,200,42,131,43.0,34.0,45.0,45.0,23.0,23.0,137.0,99.5,0.008333333333333333,3,3
small-world,200,42,132,147.0,51.0,146.0,146.0,71.0,71.0,198.0,99.5,0.008333333333333333,3,3
small-world,200,42,133,43.0,72.0,65.0,65.0,79.0,79.0,88.0,99.5,0.008333333333333333,3,3
small-world,200,42,134,43.0,48.0,58.0,58.0,55.0,55.0,99.0,99.5,0.008333333333333333,3,3
small-world,200,42,135,43.0,27.0,49.0,49.0,35.0,35.0,114.0,99.5,0.008333333333333333,3,3
small-world,200,42,136,12.0,12.0,38.0,38.0,9.0,9.0,32.0,99.5,0.008333333333333333,3,3
small-world,200,42,137,147.0,181.0,146.0,146.0,177.0,177.0,168.0,99.5,0.008333333333333333,3,3
small-world,200,42,138,147.0,94.0,146.0,146.0,119.0,119.0,181.0,99.5,0.008333333333333333,3,3
small-world,200,42,139,12.0,64.0,77.0,77.0,60.0,60.0,17.0,99.5,0.008333333333333333,3,3
small-world,200,42,140,12.0,74.0,48.0,48.0,44.0,44.0,30.0,99.5,0.008333333333333333,3,3
small-world,200,42,141,12.0,52.0,29.0,29.0,31.0,31.0,36.0,99.5,0.008333333333333333,3,3
small-world,200,42,142,43.0,2.0,6.0,6.0,7.0,7.0,144.0,99.5,0.008333333333333333,3,3
small-world,200,42,143,43.0,130.0,54.0,54.0,108.0,108.0,96.0,99.5,0.008333333333333333,3,3
small-world,200,42,144,43.0,105.0,45.0,45.0,84.0,84.0,106.0,99.5,0.008333333333333333,3,3
small-world,200,42,145,43.0,17.0,58.0,58.0,30.0,30.0,122.0,99.5,0.008333333333333333,3,3
small-world,200,42,146,2.0,1.0,2.0,2.0,2.0,2.0,8.0,99.5,0.008333333333333333,3,3
small-world,200,42,147,147.0,25.0,146.0,146.0,62.0,62.0,187.0,99.5,0.008333333333333333,3,3
small-world,200,42,148,43.0,8.0,110.0,110.0,20.0,20.0,92.0,99.5,0.008333333333333333,3,3
small-world,200,42,149,147.0,193.0,146.0,146.0,197.0,197.0,164.0,99.5,0.008333333333333333,3,3
small-world,200,42,150,43.0,185.0,136.0,136.0,185.0,185.0,60.0,99.5,0.008333333333333333,3,3
small-world,200,42,151,147.0,118.0,146.0,146.0,136.0,136.0,173.0,99.5,0.008333333333333333,3,3
small-world,200,42,152,147.0,79.0,146.0,146.0,93.0,93.0,192.0,99.5,0.008333333333333333,3,3
small-world,200,42,153,147.0,80.0,146.0,146.0,123.0,123.0,160.0,99.5,0.008333333333333333,3,3
small-world,200,42,154,43.0,54.0,110.0,110.0,77.0,77.0,56.0,99.5,0.008333333333333333,3,3
small-world,200,42,155,43.0,32.0,94.0,94.0,43.0,43.0,84.0,99.5,0.008333333333333333,3,3
small-world,200,42,156,43.0,16.0,79.0,79.0,14.0,14.0,126.0,99.5,0.008333333333333333,3,3
small-world,200,42,157,43.0,157.0,70.0,70.0,128.0,128.0,79.0,99.5,0.008333333333333333,3,3
small-world,200,42,158,43.0,145.0,62.0,62.0,118.0,118.0,91.0,99.5,0.008333333333333333,3,3
small-world,200,42,159,147.0,181.0,146.0,146.0,177.0,177.0,168.0,99.5,0.008333333333333333,3,3
small-world,200,42,160,12.0,172.0,101.0,101.0,140.0,140.0,13.0,99.5,0.008333333333333333,3,3
small-world,200,42,161,12.0,162.0,69.0,69.0,115.0,115.0,19.0,99.5,0.008333333333333333,3,3
small-world,200,42,162,43.0,153.0,62.0,62.0,114.0,114.0,97.0,99.5,0.008333333333333333,3,3
small-world,200,42,163,12.0,143.0,40.0,40.0,89.0,89.0,23.0,99.5,0.008333333333333333,3,3
small-world,200,42,164,43.0,127.0,35.0,35.0,100.0,100.0,105.0,99.5,0.008333333333333333,3,3
small-world,200,42,165,43.0,105.0,33.0,33.0,91.0,91.0,101.0,99.5,0.008333333333333333,3,3
small-world,200,42,166,43.0,88.0,31.0,31.0,78.0,78.0,104.0,99.5,0.008333333333333333,3,3
small-world,200,42,167,43.0,67.0,27.0,27.0,63.0,63.0,109.0,99.5,0.008333333333333333,3,3
small-world,200,42,168,43.0,47.0,24.0,24.0,46.0,46.0,117.0,99.5,0.008333333333333333,3,3
small-world,200,42,169,43.0,31.0,23.0,23.0,25.0,25.0,140.0,99.5,0.008333333333333333,3,3
small-world,200,42,170,12.0,60.0,85.0,85.0,45.0,45.0,20.0,99.5,0.008333333333333333,3,3
small-world,200,42,171,43.0,49.0,120.0,120.0,52.0,52.0,129.0,99.5,0.008333333333333333,3,3
small-world,200,42,172,2.0,28.0,56.0,56.0,17.0,17.0,6.0,99.5,0.008333333333333333,3,3
small-world,200,42,173,43.0,49.0,120.0,120.0,52.0,52.0,129.0,99.5,0.008333333333333333,3,3
small-world,200,42,174,43.0,75.0,144.0,144.0,85.0,85.0,120.0,99.5,0.008333333333333333,3,3
small-world,200,42,175,43.0,75.0,144.0,144.0,85.0,85.0,120.0,99.5,0.008333333333333333,3,3
small-world,200,42,176,43.0,138.0,136.0,136.0,168.0,168.0,81.0,99.5,0.008333333333333333,3,3
small-world,200,42,177,2.0,73.0,77.0,77.0,101.0,101.0,5.0,99.5,0.008333333333333333,3,3
small-world,200,42,178,43.0,133.0,143.0,143.0,157.0,157.0,143.0,99.5,0.008333333333333333,3,3
small-world,200,42,179,12.0,156.0,135.0,135.0,167.0,167.0,35.0,99.5,0.008333333333333333,3,3
small-world,200,42,180,12.0,112.0,108.0,108.0,127.0,127.0,40.0,99.5,0.008333333333333333,3,3
small-world,200,42,181,147.0,177.0,146.0,146.0,184.0,184.0,147.0,99.5,0.008333333333333333,3,3
small-world,200,42,182,43.0,167.0,110.0,110.0,171.0,171.0,43.0,99.5,0.008333333333333333,3,3
small-world,200,42,183,43.0,159.0,94.0,94.0,154.0,154.0,62.0,99.5,0.008333333333333333,3,3
small-world,200,42,184,43.0,147.0,79.0,79.0,139.0,139.0,69.0,99.5,0.008333333333333333,3,3
small-world,200,42,185,43.0,132.0,65.0,65.0,122.0,122.0,78.0,99.5,0.008333333333333333,3,3
small-world,200,42,186,43.0,107.0,58.0,58.0,109.0,109.0,89.0,99.5,0.008333333333333333,3,3
small-world,200,42,187,43.0,87.0,49.0,49.0,87.0,87.0,94.0,99.5,0.008333333333333333,3,3
small-world,200,42,188,43.0,62.0,43.0,43.0,68.0,68.0,102.0,99.5,0.008333333333333333,3,3
small-world,200,42,189,43.0,40.0,39.0,39.0,47.0,47.0,112.0,99.5,0.008333333333333333,3,3
small-world,200,42,190,147.0,125.0,146.0,146.0,130.0,130.0,179.0,99.5,0.008333333333333333,3,3
small-world,200,42,191,147.0,154.0,146.0,146.0,175.0,175.0,148.0,99.5,0.008333333333333333,3,3
small-world,200,42,192,147.0,144.0,146.0,146.0,159.0,159.0,158.0,99.5,0.008333333333333333,3,3
small-world,200,42,193,43.0,124.0,110.0,110.0,117.0,117.0,54.0,99.5,0.008333333333333333,3,3
small-world,200,42,194,43.0,99.0,94.0,94.0,81.0,81.0,83.0,99.5,0.008333333333333333,3,3
small-world,200,42,195,147.0,136.0,146.0,146.0,142.0,142.0,184.0,99.5,0.008333333333333333,3,3
small-world,200,42,196,12.0,114.0,85.0,85.0,80.0,80.0,18.0,99.5,0.008333333333333333,3,3
small-world,200,42,197,43.0,90.0,70.0,70.0,66.0,66.0,110.0,99.5,0.008333333333333333,3,3
small-world,200,42,198,12.0,63.0,22.0,22.0,40.0,40.0,34.0,99.5,0.008333333333333333,3,3
small-world,200,42,199,43.0,46.0,21.0,21.0,39.0,39.0,135.0,99.5,0.008333333333333333,3,3
