small-world,200,43,0,142.0,117.0,142.0,142.0,139.0,139.0,171.0,99.5,0.0,2,1
small-world,200,43,1,51.0,102.0,110.0,110.0,92.0,92.0,79.0,99.5,0.0,2,1
small-world,200,43,2,142.0,128.0,142.0,142.0,141.0,141.0,184.0,99.5,0.0,2,1
small-world,200,43,3,142.0,36.0,142.0,142.0,57.0,57.0,197.0,99.5,0.0,2,1
small-world,200,43,4,3.0,21.0,10.0,10.0,5.0,5.0,4.0,99.5,0.0,2,1
small-world,200,43,5,142.0,164.0,142.0,142.0,185.0,185.0,154.0,99.5,0.0,2,1
small-world,200,43,6,51.0,154.0,110.0,110.0,155.0,155.0,63.0,99.5,0.0,2,1
small-world,200,43,7,51.0,138.0,95.0,95.0,122.0,122.0,97.0,99.5,0.0,2,1
small-world,200,43,8,51.0,90.0,110.0,110.0,69.0,69.0,86.0,99.5,0.0,2,1
small-world,200,43,9,8.0,72.0,28.0,28.0,25.0,25.0,40.0,99.5,0.0,2,1
small-world,200,43,10,8.0,57.0,27.0,27.0,12.0,12.0,43.0,99.5,0.0,2,1
small-world,200,43,11,142.0,178.0,142.0,142.0,180.0,180.0,168.0,99.5,0.0,2,1
small-world,200,43,12,51.0,170.0,110.0,110.0,145.0,145.0,75.0,99.5,0.0,2,1
small-world,200,43,13,8.0,158.0,52.0,52.0,103.0,103.0,27.0,99.5,0.0,2,1
small-world,200,43,14,51.0,147.0,51.0,51.0,101.0,101.0,125.0,99.5,0.0,2,1
small-world,200,43,15,142.0,61.0,142.0,142.0,117.0,117.0,178.0,99.5,0.0,2,1
small-world,200,43,16,51.0,42.0,110.0,110.0,63.0,63.0,94.0,99.5,0.0,2,1
small-world,200,43,17,142.0,115.0,142.0,142.0,137.0,137.0,180.0,99.5,0.0,2,1
small-world,200,43,18,8.0,97.0,76.0,76.0,84.0,84.0,12.0,99.5,0.0,2,1
small-world,200,43,19,142.0,91.0,142.0,142.0,150.0,150.0,145.0,99.5,0.0,2,1
small-world,200,43,20,51.0,73.0,110.0,110.0,111.0,111.0,54.0,99.5,0.0,2,1
small-world,200,43,21,51.0,55.0,95.0,95.0,78.0,78.0,83.0,99.5,0.0,2,1
small-world,200,43,22,8.0,38.0,76.0,76.0,40.0,40.0,19.0,99.5,0.0,2,1
small-world,200,43,23,51.0,17.0,11.0,11.0,15.0,15.0,138.0,99.5,0.0,2,1
small-world,200,43,24,142.0,150.0,142.0,142.0,160.0,160.0,186.0,99.5,0.0,2,1
small-world,200,43,25,142.0,200.0,142.0,142.0,200.0,200.0,142.0,99.5,0.0,2,1
small-world,200,43,26,51.0,199.0,110.0,110.0,198.0,198.0,51.0,99.5,0.0,2,1
small-world,200,43,27,51.0,197.0,95.0,95.0,194.0,194.0,72.0,99.5,0.0,2,1
small-world,200,43,28,51.0,195.0,85.0,85.0,189.0,189.0,88.0,99.5,0.0,2,1
small-world,200,43,29,51.0,33.0,85.0,85.0,48.0,48.0,108.0,99.5,0.0,2,1
small-world,200,43,30,3.0,19.0,25.0,25.0,8.0,8.0,5.0,99.5,0.0,2,1
small-world,200,43,31,142.0,174.0,142.0,142.0,190.0,190.0,158.0,99.5,0.0,2,1
small-world,200,43,32,8.0,167.0,92.0,92.0,168.0,168.0,8.0,99.5,0.0,2,1
small-world,200,43,33,142.0,43.0,142.0,142.0,113.0,113.0,160.0,99.5,0.0,2,1
small-world,200,43,34,142.0,122.0,142.0,142.0,143.0,143.0,181.0,99.5,0.0,2,1
small-world,200,43,35,51.0,28.0,110.0,110.0,65.0,65.0,67.0,99.5,0.0,2,1
small-world,200,43,36,51.0,14.0,95.0,95.0,36.0,36.0,102.0,99.5,0.0,2,1
small-world,200,43,37,3.0,1.0,1.0,1.0,3.0,3.0,7.0,99.5,0.0,2,1
small-world,200,43,38,8.0,2.0,2.0,2.0,9.0,9.0,32.0,99.5,0.0,2,1
small-world,200,43,39,51.0,3.0,4.0,4.0,28.0,28.0,122.0,99.5,0.0,2,1
small-world,200,43,40,51.0,118.0,110.0,110.0,115.0,115.0,64.0,99.5,0.0,2,1
small-world,200,43,41,51.0,39.0,22.0,22.0,16.0,16.0,137.0,99.5,0.0,2,1
small-world,200,43,42,51.0,30.0,21.0,21.0,22.0,22.0,133.0,99.5,0.0,2,1
small-world,200,43,43,8.0,23.0,19.0,19.0,10.0,10.0,45.0,99.5,0.0,2,1
small-world,200,43,44,8.0,16.0,17.0,17.0,13.0,13.0,39.0,99.5,0.0,2,1
small-world,200,43,45,51.0,11.0,18.0,18.0,21.0,21.0,130.0,99.5,0.0,2,1
small-world,200,43,46,51.0,7.0,16.0,16.0,14.0,14.0,135.0,99.5,0.0,2,1
small-world,200,43,47,8.0,82.0,50.0,50.0,42.0,42.0,37.0,99.5,0.0,2,1
small-world,200,43,48,142.0,183.0,142.0,142.0,192.0,192.0,150.0,99.5,0.0,2,1
small-world,200,43,49,142.0,94.0,142.0,142.0,104.0,104.0,192.0,99.5,0.0,2,1
small-world,200,43,50,142.0,144.0,142.0,142.0,171.0,171.0,165.0,99.5,0.0,2,1
small-world,200,43,51,142.0,155.0,142.0,142.0,178.0,178.0,147.0,99.5,0.0,2,1
small-world,200,43,52,51.0,139.0,110.0,110.0,147.0,147.0,56.0,99.5,0.0,2,1
small-world,200,43,53,142.0,51.0,142.0,142.0,108.0,108.0,177.0,99.5,0.0,2,1
small-world,200,43,54,142.0,25.0,142.0,142.0,77.0,77.0,198.0,99.5,0.0,2,1
small-world,200,43,55,8.0,12.0,12.0,12.0,20.0,20.0,41.0,99.5,0.0,2,1
small-world,200,43,56,51.0,9.0,13.0,13.0,35.0,35.0,134.0,99.5,0.0,2,1
small-world,200,43,57,8.0,8.0,6.0,6.0,27.0,27.0,47.0,99.5,0.0,2,1
small-world,200,43,58,51.0,184.0,61.0,61.0,169.0,169.0,112.0,99.5,0.0,2,1
small-world,200,43,59,51.0,180.0,58.0,58.0,166.0,166.0,105.0,99.5,0.0,2,1
small-world,200,43,60,51.0,177.0,57.0,57.0,156.0,156.0,106.0,99.5,0.0,2,1
small-world,200,43,61,51.0,169.0,55.0,55.0,142.0,142.0,116.0,99.5,0.0,2,1
small-world,200,43,62,8.0,159.0,49.0,49.0,116.0,116.0,26.0,99.5,0.0,2,1
small-world,200,43,63,51.0,148.0,48.0,48.0,121.0,121.0,118.0,99.5,0.0,2,1
small-world,200,43,64,51.0,104.0,95.0,95.0,81.0,81.0,98.0,99.5,0.0,2,1
small-world,200,43,65,142.0,116.0,142.0,142.0,154.0,154.0,148.0,99.5,0.0,2,1
small-world,200,43,66,142.0,142.0,142.0,142.0,170.0,170.0,169.0,99.5,0.0,2,1
small-world,200,43,67,51.0,4.0,5.0,5.0,37.0,37.0,120.0,99.5,0.0,2,1
small-world,200,43,68,8.0,5.0,3.0,3.0,33.0,33.0,22.0,99.5,0.0,2,1
small-world,200,43,69,51.0,6.0,7.0,7.0,39.0,39.0,129.0,99.5,0.0,2,1
small-world,200,43,70,51.0,129.0,110.0,110.0,131.0,131.0,70.0,99.5,0.0,2,1
small-world,200,43,71,142.0,165.0,142.0,142.0,186.0,186.0,163.0,99.5,0.0,2,1
small-world,200,43,72,8.0,156.0,92.0,92.0,153.0,153.0,9.0,99.5,0.0,2,1
small-world,200,43,73,51.0,141.0,85.0,85.0,138.0,138.0,89.0,99.5,0.0,2,1
small-world,200,43,74,51.0,125.0,79.0,79.0,112.0,112.0,101.0,99.5,0.0,2,1
small-world,200,43,75,142.0,82.0,142.0,142.0,93.0,93.0,188.0,99.5,0.0,2,1
small-world,200,43,76,142.0,193.0,142.0,142.0,196.0,196.0,156.0,99.5,0.0,2,1
small-world,200,43,77,51.0,188.0,110.0,110.0,183.0,183.0,65.0,99.5,0.0,2,1
small-world,200,43,78,8.0,185.0,74.0,74.0,159.0,159.0,13.0,99.5,0.0,2,1
small-world,200,43,79,51.0,181.0,71.0,71.0,148.0,148.0,109.0,99.5,0.0,2,1
small-world,200,43,80,142.0,84.0,142.0,142.0,124.0,124.0,161.0,99.5,0.0,2,1
small-world,200,43,81,51.0,29.0,30.0,30.0,38.0,38.0,128.0,99.5,0.0,2,1
small-world,200,43,82,142.0,174.0,142.0,142.0,190.0,190.0,158.0,99.5,0.0,2,1
small-world,200,43,83,142.0,165.0,142.0,142.0,186.0,186.0,163.0,99.5,0.0,2,1
small-world,200,43,84,142.0,140.0,142.0,142.0,165.0,165.0,176.0,99.5,0.0,2,1
small-world,200,43,85,51.0,50.0,95.0,95.0,88.0,88.0,80.0,99.5,0.0,2,1
small-world,200,43,86,51.0,34.0,110.0,110.0,53.0,53.0,91.0,99.5,0.0,2,1
small-world,200,43,87,51.0,188.0,110.0,110.0,183.0,183.0,65.0,99.5,0.0,2,1
small-world,200,43,88,142.0,132.0,142.0,142.0,144.0,144.0,170.0,99.5,0.0,2,1
small-world,200,43,89,51.0,114.0,110.0,110.0,98.0,98.0,78.0,99.5,0.0,2,1
small-world,200,43,90,51.0,78.0,71.0,71.0,56.0,56.0,114.0,99.5,0.0,2,1
small-world,200,43,91,142.0,87.0,142.0,142.0,94.0,94.0,194.0,99.5,0.0,2,1
small-world,200,43,92,8.0,69.0,47.0,47.0,32.0,32.0,31.0,99.5,0.0,2,1
small-world,200,43,93,142.0,146.0,142.0,142.0,176.0,176.0,143.0,99.5,0.0,2,1
small-world,200,43,94,51.0,131.0,110.0,110.0,146.0,146.0,52.0,99.5,0.0,2,1
small-world,200,43,95,51.0,113.0,95.0,95.0,119.0,119.0,74.0,99.5,0.0,2,1
small-world,200,43,96,142.0,137.0,142.0,142.0,135.0,135.0,191.0,99.5,0.0,2,1
small-world,200,43,97,51.0,191.0,79.0,79.0,177.0,177.0,99.0,99.5,0.0,2,1
small-world,200,43,98,142.0,172.0,142.0,142.0,181.0,181.0,152.0,99.5,0.0,2,1
small-world,200,43,99,142.0,190.0,142.0,142.0,195.0,195.0,151.0,99.5,0.0,2,1
small-world,200,43,100,51.0,186.0,110.0,110.0,179.0,179.0,60.0,99.5,0.0,2,1
small-world,200,43,101,51.0,182.0,95.0,95.0,163.0,163.0,93.0,99.5,0.0,2,1
small-world,200,43,102,8.0,176.0,60.0,60.0,128.0,128.0,28.0,99.5,0.0,2,1
small-world,200,43,103,51.0,168.0,58.0,58.0,126.0,126.0,123.0,99.5,0.0,2,1
small-world,200,43,104,51.0,127.0,71.0,71.0,120.0,120.0,100.0,99.5,0.0,2,1
small-world,200,43,105,8.0,75.0,64.0,64.0,43.0,43.0,25.0,99.5,0.0,2,1
small-world,200,43,106,8.0,59.0,23.0,23.0,19.0,19.0,48.0,99.5,0.0,2,1
small-world,200,43,107,142.0,88.0,142.0,142.0,157.0,157.0,144.0,99.5,0.0,2,1
small-world,200,43,108,51.0,70.0,110.0,110.0,114.0,114.0,53.0,99.5,0.0,2,1
small-world,200,43,109,142.0,133.0,142.0,142.0,161.0,161.0,155.0,99.5,0.0,2,1
small-world,200,43,110,142.0,153.0,142.0,142.0,149.0,149.0,190.0,99.5,0.0,2,1
small-world,200,43,111,51.0,101.0,110.0,110.0,110.0,110.0,57.0,99.5,0.0,2,1
small-world,200,43,112,51.0,80.0,95.0,95.0,72.0,72.0,87.0,99.5,0.0,2,1
small-world,200,43,113,8.0,63.0,76.0,76.0,29.0,29.0,21.0,99.5,0.0,2,1
small-world,200,43,114,142.0,76.0,142.0,142.0,73.0,73.0,199.0,99.5,0.0,2,1
small-world,200,43,115,51.0,143.0,79.0,79.0,140.0,140.0,95.0,99.5,0.0,2,1
small-world,200,43,116,142.0,193.0,142.0,142.0,196.0,196.0,156.0,99.5,0.0,2,1
small-world,200,43,117,51.0,179.0,110.0,110.0,174.0,174.0,59.0,99.5,0.0,2,1
small-world,200,43,118,51.0,171.0,95.0,95.0,151.0,151.0,92.0,99.5,0.0,2,1
small-world,200,43,119,142.0,67.0,142.0,142.0,86.0,86.0,182.0,99.5,0.0,2,1
small-world,200,43,120,51.0,52.0,46.0,46.0,23.0,23.0,136.0,99.5,0.0,2,1
small-world,200,43,121,8.0,110.0,40.0,40.0,90.0,90.0,16.0,99.5,0.0,2,1
small-world,200,43,122,51.0,103.0,37.0,37.0,85.0,85.0,110.0,99.5,0.0,2,1
small-world,200,43,123,51.0,89.0,35.0,35.0,62.0,62.0,117.0,99.5,0.0,2,1
small-world,200,43,124,142.0,173.0,142.0,142.0,188.0,188.0,153.0,99.5,0.0,2,1
small-world,200,43,125,51.0,126.0,110.0,110.0,130.0,130.0,76.0,99.5,0.0,2,1
small-world,200,43,126,8.0,109.0,67.0,67.0,79.0,79.0,30.0,99.5,0.0,2,1
small-world,200,43,127,51.0,45.0,95.0,95.0,30.0,30.0,103.0,99.5,0.0,2,1
small-world,200,43,128,142.0,162.0,142.0,142.0,173.0,173.0,179.0,99.5,0.0,2,1
small-world,200,43,129,8.0,135.0,44.0,44.0,107.0,107.0,18.0,99.5,0.0,2,1
small-world,200,43,130,51.0,123.0,43.0,43.0,105.0,105.0,107.0,99.5,0.0,2,1
small-world,200,43,131,142.0,84.0,142.0,142.0,124.0,124.0,161.0,99.5,0.0,2,1
small-world,200,43,132,51.0,65.0,110.0,110.0,74.0,74.0,68.0,99.5,0.0,2,1
small-world,200,43,133,51.0,45.0,95.0,95.0,30.0,30.0,103.0,99.5,0.0,2,1
small-world,200,43,134,51.0,49.0,24.0,24.0,17.0,17.0,141.0,99.5,0.0,2,1
small-world,200,43,135,142.0,105.0,142.0,142.0,129.0,129.0,175.0,99.5,0.0,2,1
small-world,200,43,136,51.0,20.0,82.0,82.0,54.0,54.0,131.0,99.5,0.0,2,1
small-world,200,43,137,51.0,22.0,90.0,90.0,55.0,55.0,127.0,99.5,0.0,2,1
small-world,200,43,138,51.0,24.0,91.0,91.0,44.0,44.0,132.0,99.5,0.0,2,1
small-world,200,43,139,3.0,27.0,66.0,66.0,18.0,18.0,6.0,99.5,0.0,2,1
small-world,200,43,140,8.0,13.0,8.0,8.0,7.0,7.0,49.0,99.5,0.0,2,1
small-world,200,43,141,142.0,92.0,142.0,142.0,99.0,99.0,193.0,99.5,0.0,2,1
small-world,200,43,142,142.0,100.0,142.0,142.0,127.0,127.0,172.0,99.5,0.0,2,1
small-world,200,43,143,51.0,79.0,110.0,110.0,67.0,67.0,81.0,99.5,0.0,2,1
small-world,200,43,144,8.0,62.0,63.0,63.0,24.0,24.0,38.0,99.5,0.0,2,1
small-world,200,43,145,142.0,124.0,142.0,142.0,134.0,134.0,196.0,99.5,0.0,2,1
small-world,200,43,146,8.0,107.0,53.0,53.0,61.0,61.0,35.0,99.5,0.0,2,1
small-world,200,43,147,8.0,95.0,39.0,39.0,51.0,51.0,46.0,99.5,0.0,2,1
small-world,200,43,148,51.0,80.0,37.0,37.0,68.0,68.0,126.0,99.5,0.0,2,1
small-world,200,43,149,51.0,71.0,35.0,35.0,71.0,71.0,119.0,99.5,0.0,2,1
small-world,200,43,150,51.0,32.0,110.0,110.0,52.0,52.0,82.0,99.5,0.0,2,1
small-world,200,43,151,142.0,198.0,142.0,142.0,199.0,199.0,149.0,99.5,0.0,2,1
small-world,200,43,152,51.0,196.0,110.0,110.0,193.0,193.0,58.0,99.5,0.0,2,1
small-world,200,43,153,51.0,192.0,95.0,95.0,182.0,182.0,90.0,99.5,0.0,2,1
small-world,200,43,154,142.0,67.0,142.0,142.0,86.0,86.0,182.0,99.5,0.0,2,1
small-world,200,43,155,8.0,45.0,92.0,92.0,26.0,26.0,15.0,99.5,0.0,2,1
small-world,200,43,156,142.0,18.0,142.0,142.0,89.0,89.0,189.0,99.5,0.0,2,1
small-world,200,43,157,142.0,64.0,142.0,142.0,50.0,50.0,200.0,99.5,0.0,2,1
small-world,200,43,158,1.0,44.0,20.0,20.0,2.0,2.0,1.0,99.5,0.0,2,1
small-world,200,43,159,8.0,40.0,31.0,31.0,45.0,45.0,20.0,99.5,0.0,2,1
small-world,200,43,160,142.0,15.0,142.0,142.0,59.0,59.0,195.0,99.5,0.0,2,1
small-world,200,43,161,8.0,74.0,32.0,32.0,41.0,41.0,29.0,99.5,0.0,2,1
small-world,200,43,162,51.0,65.0,110.0,110.0,74.0,74.0,68.0,99.5,0.0,2,1
small-world,200,43,163,51.0,152.0,110.0,110.0,136.0,136.0,73.0,99.5,0.0,2,1
small-world,200,43,164,3.0,136.0,65.0,65.0,83.0,83.0,3.0,99.5,0.0,2,1
small-world,200,43,165,8.0,120.0,56.0,56.0,70.0,70.0,36.0,99.5,0.0,2,1
small-world,200,43,166,8.0,37.0,15.0,15.0,4.0,4.0,50.0,99.5,0.0,2,1
small-world,200,43,167,1.0,31.0,9.0,9.0,1.0,1.0,2.0,99.5,0.0,2,1
small-world,200,43,168,51.0,26.0,14.0,14.0,6.0,6.0,139.0,99.5,0.0,2,1
small-world,200,43,169,8.0,150.0,83.0,83.0,118.0,118.0,11.0,99.5,0.0,2,1
small-world,200,43,170,142.0,57.0,142.0,142.0,102.0,102.0,187.0,99.5,0.0,2,1
small-world,200,43,171,51.0,160.0,110.0,110.0,152.0,152.0,61.0,99.5,0.0,2,1
small-world,200,43,172,51.0,149.0,95.0,95.0,123.0,123.0,96.0,99.5,0.0,2,1
small-world,200,43,173,8.0,134.0,45.0,45.0,80.0,80.0,33.0,99.5,0.0,2,1
small-world,200,43,174,8.0,119.0,42.0,42.0,66.0,66.0,24.0,99.5,0.0,2,1
small-world,200,43,175,51.0,108.0,41.0,41.0,64.0,64.0,124.0,99.5,0.0,2,1
small-world,200,43,176,8.0,97.0,34.0,34.0,46.0,46.0,34.0,99.5,0.0,2,1
small-world,200,43,177,8.0,86.0,29.0,29.0,34.0,34.0,44.0,99.5,0.0,2,1
small-world,200,43,178,51.0,111.0,68.0,68.0,95.0,95.0,121.0,99.5,0.0,2,1
small-world,200,43,179,8.0,99.0,54.0,54.0,49.0,49.0,42.0,99.5,0.0,2,1
small-world,200,43,180,8.0,112.0,74.0,74.0,82.0,82.0,17.0,99.5,0.0,2,1
small-world,200,43,181,142.0,144.0,142.0,142.0,171.0,171.0,165.0,99.5,0.0,2,1
small-world,200,43,182,51.0,129.0,110.0,110.0,131.0,131.0,70.0,99.5,0.0,2,1
small-world,200,43,183,51.0,161.0,110.0,110.0,162.0,162.0,62.0,99.5,0.0,2,1
small-world,200,43,184,142.0,163.0,142.0,142.0,175.0,175.0,167.0,99.5,0.0,2,1
small-world,200,43,185,142.0,56.0,142.0,142.0,96.0,96.0,185.0,99.5,0.0,2,1
small-world,200,43,186,51.0,10.0,26.0,26.0,11.0,11.0,140.0,99.5,0.0,2,1
small-world,200,43,187,8.0,187.0,62.0,62.0,164.0,164.0,23.0,99.5,0.0,2,1
small-world,200,43,188,142.0,48.0,142.0,142.0,106.0,106.0,173.0,99.5,0.0,2,1
small-world,200,43,189,51.0,157.0,85.0,85.0,158.0,158.0,77.0,99.5,0.0,2,1
small-world,200,43,190,51.0,54.0,33.0,33.0,60.0,60.0,115.0,99.5,0.0,2,1
small-world,200,43,191,142.0,53.0,142.0,142.0,100.0,100.0,174.0,99.5,0.0,2,1
small-world,200,43,192,51.0,35.0,110.0,110.0,47.0,47.0,84.0,99.5,0.0,2,1
small-world,200,43,193,8.0,121.0,83.0,83.0,109.0,109.0,10.0,99.5,0.0,2,1
small-world,200,43,194,8.0,106.0,70.0,70.0,91.0,91.0,14.0,99.5,0.0,2,1
small-world,200,43,195,51.0,93.0,68.0,68.0,76.0,76.0,111.0,99.5,0.0,2,1
small-world,200,43,196,142.0,95.0,142.0,142.0,167.0,167.0,146.0,99.5,0.0,2,1
small-world,200,43,197,51.0,77.0,110.0,110.0,133.0,133.0,55.0,99.5,0.0,2,1
small-world,200,43,198,51.0,59.0,95.0,95.0,97.0,97.0,85.0,99.5,0.0,2,1
small-world,200,43,199,51.0,41.0,85.0,85.0,58.0,58.0,113.0,99.5,0.0,2,1
small-world,200,44,0,11.0,40.0,35.0,35.0,33.0,33.0,43.0,99.5,0.0,2,2
small-world,200,44,1,2.0,26.0,9.0,9.0,13.0,13.0,8.0,99.5,0.0,2,2
small-world,200,44,2,53.0,170.0,97.0,97.0,160.0,160.0,62.0,99.5,0.0,2,2
small-world,200,44,3,53.0,161.0,83.0,83.0,143.0,143.0,85.0,99.5,0.0,2,2
small-world,200,44,4,53.0,44.0,46.0,46.0,48.0,48.0,111.0,99.5,0.0,2,2
small-world,200,44,5,2.0,54.0,45.0,45.0,40.0,40.0,2.0,99.5,0.0,2,2
small-world,200,44,6,53.0,55.0,83.0,83.0,54.0,54.0,88.0,99.5,0.0,2,2
small-world,200,44,7,53.0,34.0,72.0,72.0,23.0,23.0,118.0,99.5,0.0,2,2
small-world,200,44,8,53.0,22.0,48.0,48.0,37.0,37.0,112.0,99.5,0.0,2,2
small-world,200,44,9,137.0,192.0,137.0,137.0,195.0,195.0,158.0,99.5,0.0,2,2
small-world,200,44,10,53.0,185.0,131.0,131.0,185.0,185.0,76.0,99.5,0.0,2,2
small-world,200,44,11,11.0,48.0,36.0,36.0,31.0,31.0,37.0,99.5,0.0,2,2
small-world,200,44,12,11.0,31.0,25.0,25.0,11.0,11.0,48.0,99.5,0.0,2,2
small-world,200,44,13,137.0,171.0,137.0,137.0,173.0,173.0,137.0,99.5,0.0,2,2
small-world,200,44,14,53.0,162.0,97.0,97.0,168.0,168.0,53.0,99.5,0.0,2,2
small-world,200,44,15,137.0,146.0,137.0,137.0,165.0,165.0,141.0,99.5,0.0,2,2
small-world,200,44,16,53.0,135.0,97.0,97.0,144.0,144.0,57.0,99.5,0.0,2,2
small-world,200,44,17,53.0,120.0,83.0,83.0,119.0,119.0,74.0,99.5,0.0,2,2
small-world,200,44,18,11.0,106.0,60.0,60.0,88.0,88.0,18.0,99.5,0.0,2,2
small-world,200,44,19,53.0,80.0,54.0,54.0,75.0,75.0,104.0,99.5,0.0,2,2
small-world,200,44,20,137.0,51.0,137.0,137.0,95.0,95.0,165.0,99.5,0.0,2,2
small-world,200,44,21,53.0,30.0,97.0,97.0,50.0,50.0,87.0,99.5,0.0,2,2
small-world,200,44,22,11.0,17.0,8.0,8.0,16.0,16.0,44.0,99.5,0.0,2,2
small-world,200,44,23,53.0,11.0,7.0,7.0,20.0,20.0,128.0,99.5,0.0,2,2
small-world,200,44,24,53.0,6.0,6.0,6.0,12.0,12.0,132.0,99.5,0.0,2,2
small-world,200,44,25,2.0,3.0,2.0,2.0,3.0,3.0,10.0,99.5,0.0,2,2
small-world,200,44,26,137.0,82.0,137.0,137.0,99.0,99.0,182.0,99.5,0.0,2,2
small-world,200,44,27,137.0,96.0,137.0,137.0,132.0,132.0,151.0,99.5,0.0,2,2
small-world,200,44,28,53.0,115.0,54.0,54.0,111.0,111.0,102.0,99.5,0.0,2,2
small-world,200,44,29,11.0,102.0,40.0,40.0,80.0,80.0,23.0,99.5,0.0,2,2
small-world,200,44,30,53.0,73.0,38.0,38.0,58.0,58.0,126.0,99.5,0.0,2,2
small-world,200,44,31,2.0,47.0,16.0,16.0,29.0,29.0,9.0,99.5,0.0,2,2
small-world,200,44,32,53.0,36.0,17.0,17.0,35.0,35.0,133.0,99.5,0.0,2,2
small-world,200,44,33,53.0,140.0,72.0,72.0,147.0,147.0,86.0,99.5,0.0,2,2
small-world,200,44,34,137.0,139.0,137.0,137.0,164.0,164.0,139.0,99.5,0.0,2,2
small-world,200,44,35,53.0,127.0,97.0,97.0,145.0,145.0,55.0,99.5,0.0,2,2
small-world,200,44,36,137.0,143.0,137.0,137.0,150.0,150.0,166.0,99.5,0.0,2,2
small-world,200,44,37,11.0,131.0,60.0,60.0,115.0,115.0,14.0,99.5,0.0,2,2
small-world,200,44,38,53.0,116.0,54.0,54.0,107.0,107.0,93.0,99.5,0.0,2,2
small-world,200,44,39,53.0,103.0,48.0,48.0,86.0,86.0,103.0,99.5,0.0,2,2
small-world,200,44,40,53.0,152.0,72.0,72.0,116.0,116.0,107.0,99.5,0.0,2,2
small-world,200,44,41,53.0,97.0,83.0,83.0,87.0,87.0,92.0,99.5,0.0,2,2
small-world,200,44,42,137.0,112.0,137.0,137.0,138.0,138.0,153.0,99.5,0.0,2,2
small-world,200,44,43,53.0,94.0,97.0,97.0,105.0,105.0,69.0,99.5,0.0,2,2
small-world,200,44,44,137.0,85.0,137.0,137.0,101.0,101.0,160.0,99.5,0.0,2,2
small-world,200,44,45,53.0,55.0,97.0,97.0,51.0,51.0,80.0,99.5,0.0,2,2
small-world,200,44,46,137.0,15.0,137.0,137.0,38.0,38.0,197.0,99.5,0.0,2,2
small-world,200,44,47,11.0,5.0,11.0,11.0,9.0,9.0,45.0,99.5,0.0,2,2
small-world,200,44,48,11.0,1.0,1.0,1.0,2.0,2.0,51.0,99.5,0.0,2,2
small-world,200,44,49,2.0,8.0,33.0,33.0,10.0,10.0,3.0,99.5,0.0,2,2
small-world,200,44,50,53.0,18.0,37.0,37.0,27.0,27.0,116.0,99.5,0.0,2,2
small-world,200,44,51,137.0,85.0,137.0,137.0,101.0,101.0,160.0,99.5,0.0,2,2
small-world,200,44,52,53.0,55.0,97.0,97.0,51.0,51.0,80.0,99.5,0.0,2,2
small-world,200,44,53,137.0,155.0,137.0,137.0,162.0,162.0,154.0,99.5,0.0,2,2
small-world,200,44,54,137.0,194.0,137.0,137.0,197.0,197.0,164.0,99.5,0.0,2,2
small-world,200,44,55,137.0,99.0,137.0,137.0,120.0,120.0,156.0,99.5,0.0,2,2
small-world,200,44,56,137.0,61.0,137.0,137.0,68.0,68.0,199.0,99.5,0.0,2,2
small-world,200,44,57,137.0,169.0,137.0,137.0,167.0,167.0,159.0,99.5,0.0,2,2
small-world,200,44,58,53.0,130.0,65.0,65.0,131.0,131.0,91.0,99.5,0.0,2,2
small-world,200,44,59,137.0,134.0,137.0,137.0,152.0,152.0,143.0,99.5,0.0,2,2
small-world,200,44,60,53.0,119.0,97.0,97.0,128.0,128.0,58.0,99.5,0.0,2,2
small-world,200,44,61,53.0,105.0,83.0,83.0,98.0,98.0,77.0,99.5,0.0,2,2
small-world,200,44,62,53.0,148.0,72.0,72.0,142.0,142.0,89.0,99.5,0.0,2,2
small-world,200,44,63,11.0,69.0,79.0,79.0,76.0,76.0,12.0,99.5,0.0,2,2
small-world,200,44,64,137.0,200.0,137.0,137.0,198.0,198.0,186.0,99.5,0.0,2,2
small-world,200,44,65,53.0,74.0,41.0,41.0,60.0,60.0,109.0,99.5,0.0,2,2
small-world,200,44,66,137.0,125.0,137.0,137.0,158.0,158.0,140.0,99.5,0.0,2,2
small-world,200,44,67,53.0,110.0,97.0,97.0,135.0,135.0,56.0,99.5,0.0,2,2
small-world,200,44,68,53.0,89.0,83.0,83.0,110.0,110.0,73.0,99.5,0.0,2,2
small-world,200,44,69,137.0,146.0,137.0,137.0,149.0,149.0,162.0,99.5,0.0,2,2
small-world,200,44,70,53.0,135.0,97.0,97.0,117.0,117.0,82.0,99.5,0.0,2,2
small-world,200,44,71,11.0,120.0,23.0,23.0,73.0,73.0,35.0,99.5,0.0,2,2
small-world,200,44,72,11.0,109.0,22.0,22.0,70.0,70.0,26.0,99.5,0.0,2,2
small-world,200,44,73,53.0,93.0,21.0,21.0,74.0,74.0,110.0,99.5,0.0,2,2
small-world,200,44,74,137.0,79.0,137.0,137.0,84.0,84.0,187.0,99.5,0.0,2,2
small-world,200,44,75,53.0,160.0,97.0,97.0,139.0,139.0,78.0,99.5,0.0,2,2
small-world,200,44,76,11.0,151.0,47.0,47.0,94.0,94.0,32.0,99.5,0.0,2,2
small-world,200,44,77,2.0,141.0,27.0,27.0,67.0,67.0,7.0,99.5,0.0,2,2
small-world,200,44,78,11.0,132.0,26.0,26.0,77.0,77.0,39.0,99.5,0.0,2,2
small-world,200,44,79,137.0,95.0,137.0,137.0,113.0,113.0,175.0,99.5,0.0,2,2
small-world,200,44,80,137.0,150.0,137.0,137.0,151.0,151.0,178.0,99.5,0.0,2,2
small-world,200,44,81,137.0,181.0,137.0,137.0,187.0,187.0,198.0,99.5,0.0,2,2
small-world,200,44,82,137.0,155.0,137.0,137.0,162.0,162.0,154.0,99.5,0.0,2,2
small-world,200,44,83,137.0,23.0,137.0,137.0,53.0,53.0,190.0,99.5,0.0,2,2
small-world,200,44,84,53.0,10.0,41.0,41.0,18.0,18.0,129.0,99.5,0.0,2,2
small-world,200,44,85,53.0,41.0,83.0,83.0,56.0,56.0,94.0,99.5,0.0,2,2
small-world,200,44,86,2.0,27.0,14.0,14.0,22.0,22.0,4.0,99.5,0.0,2,2
small-world,200,44,87,53.0,16.0,15.0,15.0,25.0,25.0,122.0,99.5,0.0,2,2
small-world,200,44,88,11.0,9.0,12.0,12.0,14.0,14.0,36.0,99.5,0.0,2,2
small-world,200,44,89,11.0,33.0,59.0,59.0,15.0,15.0,34.0,99.5,0.0,2,2
small-world,200,44,90,1.0,19.0,10.0,10.0,1.0,1.0,1.0,99.5,0.0,2,2
small-world,200,44,91,53.0,13.0,13.0,13.0,6.0,6.0,136.0,99.5,0.0,2,2
small-world,200,44,92,53.0,182.0,127.0,127.0,182.0,182.0,97.0,99.5,0.0,2,2
small-world,200,44,93,11.0,178.0,121.0,121.0,176.0,176.0,29.0,99.5,0.0,2,2
small-world,200,44,94,137.0,190.0,137.0,137.0,196.0,196.0,163.0,99.5,0.0,2,2
small-world,200,44,95,53.0,77.0,72.0,72.0,65.0,65.0,96.0,99.5,0.0,2,2
small-world,200,44,96,53.0,81.0,83.0,83.0,72.0,72.0,98.0,99.5,0.0,2,2
small-world,200,44,97,137.0,77.0,137.0,137.0,92.0,92.0,185.0,99.5,0.0,2,2
small-world,200,44,98,53.0,39.0,54.0,54.0,61.0,61.0,101.0,99.5,0.0,2,2
small-world,200,44,99,53.0,67.0,69.0,69.0,49.0,49.0,125.0,99.5,0.0,2,2
small-world,200,44,100,11.0,52.0,44.0,44.0,34.0,34.0,46.0,99.5,0.0,2,2
small-world,200,44,101,11.0,137.0,60.0,60.0,114.0,114.0,22.0,99.5,0.0,2,2
small-world,200,44,102,137.0,20.0,137.0,137.0,43.0,43.0,194.0,99.5,0.0,2,2
small-world,200,44,103,137.0,172.0,137.0,137.0,174.0,174.0,138.0,99.5,0.0,2,2
small-world,200,44,104,53.0,53.0,48.0,48.0,42.0,42.0,114.0,99.5,0.0,2,2
small-world,200,44,105,53.0,32.0,41.0,41.0,21.0,21.0,131.0,99.5,0.0,2,2
small-world,200,44,106,53.0,72.0,28.0,28.0,57.0,57.0,130.0,99.5,0.0,2,2
small-world,200,44,107,137.0,128.0,137.0,137.0,133.0,133.0,189.0,99.5,0.0,2,2
small-world,200,44,108,137.0,43.0,137.0,137.0,69.0,69.0,196.0,99.5,0.0,2,2
small-world,200,44,109,137.0,174.0,137.0,137.0,172.0,172.0,146.0,99.5,0.0,2,2
small-world,200,44,110,137.0,122.0,137.0,137.0,136.0,136.0,172.0,99.5,0.0,2,2
small-world,200,44,111,137.0,117.0,137.0,137.0,129.0,129.0,179.0,99.5,0.0,2,2
small-world,200,44,112,137.0,70.0,137.0,137.0,93.0,93.0,176.0,99.5,0.0,2,2
small-world,200,44,113,137.0,168.0,137.0,137.0,161.0,161.0,173.0,99.5,0.0,2,2
small-world,200,44,114,11.0,159.0,70.0,70.0,127.0,127.0,19.0,99.5,0.0,2,2
small-world,200,44,115,53.0,188.0,128.0,128.0,191.0,191.0,75.0,99.5,0.0,2,2
small-world,200,44,116,137.0,166.0,137.0,137.0,171.0,171.0,145.0,99.5,0.0,2,2
small-world,200,44,117,137.0,90.0,137.0,137.0,125.0,125.0,169.0,99.5,0.0,2,2
small-world,200,44,118,11.0,62.0,60.0,60.0,79.0,79.0,16.0,99.5,0.0,2,2
small-world,200,44,119,137.0,42.0,137.0,137.0,62.0,62.0,200.0,99.5,0.0,2,2
small-world,200,44,120,53.0,167.0,97.0,97.0,153.0,153.0,66.0,99.5,0.0,2,2
small-world,200,44,121,137.0,145.0,137.0,137.0,166.0,166.0,144.0,99.5,0.0,2,2
small-world,200,44,122,53.0,133.0,97.0,97.0,146.0,146.0,60.0,99.5,0.0,2,2
small-world,200,44,123,53.0,118.0,83.0,83.0,123.0,123.0,79.0,99.5,0.0,2,2
small-world,200,44,124,53.0,104.0,72.0,72.0,97.0,97.0,99.0,99.5,0.0,2,2
small-world,200,44,125,53.0,75.0,65.0,65.0,64.0,64.0,117.0,99.5,0.0,2,2
small-world,200,44,126,53.0,137.0,65.0,65.0,124.0,124.0,106.0,99.5,0.0,2,2
small-world,200,44,127,137.0,163.0,137.0,137.0,154.0,154.0,170.0,99.5,0.0,2,2
small-world,200,44,128,11.0,154.0,79.0,79.0,112.0,112.0,17.0,99.5,0.0,2,2
small-world,200,44,129,53.0,165.0,97.0,97.0,169.0,169.0,54.0,99.5,0.0,2,2
small-world,200,44,130,53.0,157.0,83.0,83.0,156.0,156.0,71.0,99.5,0.0,2,2
small-world,200,44,131,137.0,99.0,137.0,137.0,120.0,120.0,156.0,99.5,0.0,2,2
small-world,200,44,132,137.0,87.0,137.0,137.0,103.0,103.0,167.0,99.5,0.0,2,2
small-world,200,44,133,53.0,92.0,72.0,72.0,96.0,96.0,90.0,99.5,0.0,2,2
small-world,200,44,134,53.0,64.0,65.0,65.0,66.0,66.0,108.0,99.5,0.0,2,2
small-world,200,44,135,11.0,2.0,4.0,4.0,5.0,5.0,50.0,99.5,0.0,2,2
small-world,200,44,136,137.0,101.0,137.0,137.0,109.0,109.0,180.0,99.5,0.0,2,2
small-world,200,44,137,11.0,71.0,20.0,20.0,55.0,55.0,24.0,99.5,0.0,2,2
small-world,200,44,138,11.0,45.0,60.0,60.0,41.0,41.0,21.0,99.5,0.0,2,2
small-world,200,44,139,53.0,28.0,54.0,54.0,28.0,28.0,120.0,99.5,0.0,2,2
small-world,200,44,140,53.0,98.0,29.0,29.0,78.0,78.0,119.0,99.5,0.0,2,2
small-world,200,44,141,53.0,153.0,83.0,83.0,157.0,157.0,70.0,99.5,0.0,2,2
small-world,200,44,142,137.0,82.0,137.0,137.0,99.0,99.0,182.0,99.5,0.0,2,2
small-world,200,44,143,137.0,199.0,137.0,137.0,200.0,200.0,142.0,99.5,0.0,2,2
small-world,200,44,144,53.0,194.0,131.0,131.0,194.0,194.0,59.0,99.5,0.0,2,2
small-world,200,44,145,137.0,163.0,137.0,137.0,154.0,154.0,170.0,99.5,0.0,2,2
small-world,200,44,146,53.0,197.0,136.0,136.0,192.0,192.0,115.0,99.5,0.0,2,2
small-world,200,44,147,11.0,196.0,130.0,130.0,189.0,189.0,28.0,99.5,0.0,2,2
small-world,200,44,148,53.0,189.0,129.0,129.0,188.0,188.0,123.0,99.5,0.0,2,2
small-world,200,44,149,137.0,124.0,137.0,137.0,126.0,126.0,184.0,99.5,0.0,2,2
small-world,200,44,150,137.0,91.0,137.0,137.0,106.0,106.0,188.0,99.5,0.0,2,2
small-world,200,44,151,11.0,63.0,52.0,52.0,46.0,46.0,30.0,99.5,0.0,2,2
small-world,200,44,152,11.0,68.0,51.0,51.0,45.0,45.0,42.0,99.5,0.0,2,2
small-world,200,44,153,11.0,49.0,19.0,19.0,39.0,39.0,27.0,99.5,0.0,2,2
small-world,200,44,154,137.0,173.0,137.0,137.0,170.0,170.0,150.0,99.5,0.0,2,2
small-world,200,44,155,137.0,20.0,137.0,137.0,43.0,43.0,194.0,99.5,0.0,2,2
small-world,200,44,156,53.0,111.0,83.0,83.0,122.0,122.0,72.0,99.5,0.0,2,2
small-world,200,44,157,11.0,142.0,79.0,79.0,137.0,137.0,11.0,99.5,0.0,2,2
small-world,200,44,158,137.0,25.0,137.0,137.0,63.0,63.0,174.0,99.5,0.0,2,2
small-world,200,44,159,53.0,12.0,97.0,97.0,24.0,24.0,95.0,99.5,0.0,2,2
small-world,200,44,160,53.0,184.0,131.0,131.0,186.0,186.0,84.0,99.5,0.0,2,2
small-world,200,44,161,11.0,50.0,53.0,53.0,32.0,32.0,31.0,99.5,0.0,2,2
small-world,200,44,162,11.0,126.0,34.0,34.0,89.0,89.0,40.0,99.5,0.0,2,2
small-world,200,44,163,11.0,113.0,30.0,30.0,82.0,82.0,33.0,99.5,0.0,2,2
small-world,200,44,164,137.0,58.0,137.0,137.0,71.0,71.0,177.0,99.5,0.0,2,2
small-world,200,44,165,53.0,35.0,97.0,97.0,26.0,26.0,105.0,99.5,0.0,2,2
small-world,200,44,166,137.0,108.0,137.0,137.0,130.0,130.0,148.0,99.5,0.0,2,2
small-world,200,44,167,137.0,123.0,137.0,137.0,140.0,140.0,152.0,99.5,0.0,2,2
small-world,200,44,168,53.0,107.0,97.0,97.0,108.0,108.0,68.0,99.5,0.0,2,2
small-world,200,44,169,137.0,46.0,137.0,137.0,85.0,85.0,181.0,99.5,0.0,2,2
small-world,200,44,170,11.0,29.0,39.0,39.0,36.0,36.0,25.0,99.5,0.0,2,2
small-world,200,44,171,137.0,129.0,137.0,137.0,148.0,148.0,149.0,99.5,0.0,2,2
small-world,200,44,172,53.0,114.0,97.0,97.0,118.0,118.0,65.0,99.5,0.0,2,2
small-world,200,44,173,137.0,144.0,137.0,137.0,134.0,134.0,193.0,99.5,0.0,2,2
small-world,200,44,174,137.0,76.0,137.0,137.0,83.0,83.0,191.0,99.5,0.0,2,2
small-world,200,44,175,53.0,158.0,97.0,97.0,159.0,159.0,61.0,99.5,0.0,2,2
small-world,200,44,176,53.0,149.0,83.0,83.0,141.0,141.0,83.0,99.5,0.0,2,2
small-world,200,44,177,137.0,59.0,137.0,137.0,81.0,81.0,192.0,99.5,0.0,2,2
small-world,200,44,178,11.0,37.0,18.0,18.0,30.0,30.0,38.0,99.5,0.0,2,2
small-world,200,44,179,11.0,14.0,24.0,24.0,8.0,8.0,49.0,99.5,0.0,2,2
small-world,200,44,180,11.0,7.0,3.0,3.0,4.0,4.0,52.0,99.5,0.0,2,2
small-world,200,44,181,53.0,4.0,5.0,5.0,7.0,7.0,135.0,99.5,0.0,2,2
small-world,200,44,182,53.0,66.0,97.0,97.0,91.0,91.0,67.0,99.5,0.0,2,2
small-world,200,44,183,137.0,198.0,137.0,137.0,199.0,199.0,147.0,99.5,0.0,2,2
small-world,200,44,184,53.0,193.0,131.0,131.0,193.0,193.0,63.0,99.5,0.0,2,2
small-world,200,44,185,11.0,187.0,126.0,126.0,184.0,184.0,13.0,99.5,0.0,2,2
small-world,200,44,186,53.0,182.0,125.0,125.0,183.0,183.0,100.0,99.5,0.0,2,2
small-world,200,44,187,53.0,179.0,124.0,124.0,179.0,179.0,113.0,99.5,0.0,2,2
small-world,200,44,188,2.0,175.0,96.0,96.0,175.0,175.0,5.0,99.5,0.0,2,2
small-world,200,44,189,53.0,176.0,120.0,120.0,178.0,178.0,124.0,99.5,0.0,2,2
small-world,200,44,190,11.0,177.0,119.0,119.0,177.0,177.0,41.0,99.5,0.0,2,2
small-world,200,44,191,53.0,180.0,122.0,122.0,181.0,181.0,127.0,99.5,0.0,2,2
small-world,200,44,192,11.0,186.0,123.0,123.0,180.0,180.0,47.0,99.5,0.0,2,2
small-world,200,44,193,53.0,190.0,135.0,135.0,190.0,190.0,121.0,99.5,0.0,2,2
small-world,200,44,194,137.0,87.0,137.0,137.0,103.0,103.0,167.0,99.5,0.0,2,2
small-world,200,44,195,11.0,59.0,79.0,79.0,47.0,47.0,15.0,99.5,0.0,2,2
small-world,200,44,196,2.0,38.0,32.0,32.0,19.0,19.0,6.0,99.5,0.0,2,2
small-world,200,44,197,53.0,24.0,31.0,31.0,17.0,17.0,134.0,99.5,0.0,2,2
small-world,200,44,198,53.0,84.0,97.0,97.0,90.0,90.0,64.0,99.5,0.0,2,2
small-world,200,44,199,11.0,65.0,70.0,70.0,59.0,59.0,20.0,99.5,0.0,2,2
