small-world,200,49,0,141.0,52.0,141.0,141.0,112.0,112.0,156.0,99.5,0.0,2,1
small-world,200,49,1,141.0,113.0,141.0,141.0,136.0,136.0,176.0,99.5,0.0,2,1
small-world,200,49,2,8.0,10.0,22.0,22.0,3.0,3.0,49.0,99.5,0.0,2,1
small-world,200,49,3,141.0,189.0,141.0,141.0,196.0,196.0,148.0,99.5,0.0,2,1
small-world,200,49,4,52.0,179.0,112.0,112.0,179.0,179.0,59.0,99.5,0.0,2,1
small-world,200,49,5,141.0,164.0,141.0,141.0,164.0,164.0,190.0,99.5,0.0,2,1
small-world,200,49,6,2.0,155.0,62.0,62.0,100.0,100.0,2.0,99.5,0.0,2,1
small-world,200,49,7,8.0,149.0,37.0,37.0,93.0,93.0,41.0,99.5,0.0,2,1
small-world,200,49,8,52.0,139.0,36.0,36.0,96.0,96.0,134.0,99.5,0.0,2,1
small-world,200,49,9,52.0,68.0,100.0,100.0,91.0,91.0,92.0,99.5,0.0,2,1
small-world,200,49,10,52.0,156.0,46.0,46.0,109.0,109.0,130.0,99.5,0.0,2,1
small-world,200,49,11,8.0,150.0,39.0,39.0,90.0,90.0,33.0,99.5,0.0,2,1
small-world,200,49,12,141.0,176.0,141.0,141.0,178.0,178.0,167.0,99.5,0.0,2,1
small-world,200,49,13,52.0,169.0,112.0,112.0,135.0,135.0,82.0,99.5,0.0,2,1
small-world,200,49,14,141.0,111.0,141.0,141.0,144.0,144.0,162.0,99.5,0.0,2,1
small-world,200,49,15,52.0,99.0,112.0,112.0,95.0,95.0,77.0,99.5,0.0,2,1
small-world,200,49,16,52.0,34.0,112.0,112.0,28.0,28.0,90.0,99.5,0.0,2,1
small-world,200,49,17,8.0,18.0,30.0,30.0,4.0,4.0,47.0,99.5,0.0,2,1
small-world,200,49,18,141.0,15.0,141.0,141.0,27.0,27.0,199.0,99.5,0.0,2,1
small-world,200,49,19,141.0,78.0,141.0,141.0,107.0,107.0,184.0,99.5,0.0,2,1
small-world,200,49,20,141.0,161.0,141.0,141.0,197.0,197.0,141.0,99.5,0.0,2,1
small-world,200,49,21,52.0,153.0,112.0,112.0,184.0,184.0,52.0,99.5,0.0,2,1
small-world,200,49,22,141.0,160.0,141.0,141.0,189.0,189.0,146.0,99.5,0.0,2,1
small-world,200,49,23,52.0,152.0,112.0,112.0,171.0,171.0,57.0,99.5,0.0,2,1
small-world,200,49,24,52.0,141.0,100.0,100.0,148.0,148.0,76.0,99.5,0.0,2,1
small-world,200,49,25,141.0,145.0,141.0,141.0,134.0,134.0,193.0,99.5,0.0,2,1
small-world,200,49,26,141.0,194.0,141.0,141.0,194.0,194.0,180.0,99.5,0.0,2,1
small-world,200,49,27,8.0,187.0,76.0,76.0,168.0,168.0,16.0,99.5,0.0,2,1
small-world,200,49,28,52.0,26.0,41.0,41.0,37.0,37.0,131.0,99.5,0.0,2,1
small-world,200,49,29,141.0,158.0,141.0,141.0,142.0,142.0,195.0,99.5,0.0,2,1
small-world,200,49,30,141.0,138.0,141.0,141.0,180.0,180.0,147.0,99.5,0.0,2,1
small-world,200,49,31,52.0,123.0,112.0,112.0,153.0,153.0,58.0,99.5,0.0,2,1
small-world,200,49,32,141.0,93.0,141.0,141.0,129.0,129.0,183.0,99.5,0.0,2,1
small-world,200,49,33,141.0,137.0,141.0,141.0,133.0,133.0,189.0,99.5,0.0,2,1
small-world,200,49,34,141.0,164.0,141.0,141.0,164.0,164.0,190.0,99.5,0.0,2,1
small-world,200,49,35,141.0,200.0,141.0,141.0,200.0,200.0,145.0,99.5,0.0,2,1
small-world,200,49,36,141.0,61.0,141.0,141.0,106.0,106.0,157.0,99.5,0.0,2,1
small-world,200,49,37,52.0,39.0,112.0,112.0,52.0,52.0,68.0,99.5,0.0,2,1
small-world,200,49,38,52.0,22.0,100.0,100.0,23.0,23.0,103.0,99.5,0.0,2,1
small-world,200,49,39,52.0,181.0,92.0,92.0,169.0,169.0,88.0,99.5,0.0,2,1
small-world,200,49,40,52.0,85.0,92.0,92.0,92.0,92.0,85.0,99.5,0.0,2,1
small-world,200,49,41,52.0,190.0,100.0,100.0,181.0,181.0,71.0,99.5,0.0,2,1
small-world,200,49,42,141.0,96.0,141.0,141.0,125.0,125.0,165.0,99.5,0.0,2,1
small-world,200,49,43,52.0,75.0,112.0,112.0,73.0,73.0,80.0,99.5,0.0,2,1
small-world,200,49,44,141.0,198.0,141.0,141.0,198.0,198.0,143.0,99.5,0.0,2,1
small-world,200,49,45,52.0,195.0,112.0,112.0,190.0,190.0,54.0,99.5,0.0,2,1
small-world,200,49,46,141.0,27.0,141.0,141.0,53.0,53.0,197.0,99.5,0.0,2,1
small-world,200,49,47,8.0,11.0,8.0,8.0,16.0,16.0,37.0,99.5,0.0,2,1
small-world,200,49,48,8.0,9.0,3.0,3.0,11.0,11.0,50.0,99.5,0.0,2,1
small-world,200,49,49,52.0,19.0,44.0,44.0,25.0,25.0,136.0,99.5,0.0,2,1
small-world,200,49,50,141.0,198.0,141.0,141.0,198.0,198.0,143.0,99.5,0.0,2,1
small-world,200,49,51,52.0,195.0,112.0,112.0,190.0,190.0,54.0,99.5,0.0,2,1
small-world,200,49,52,52.0,190.0,100.0,100.0,181.0,181.0,71.0,99.5,0.0,2,1
small-world,200,49,53,52.0,50.0,23.0,23.0,59.0,59.0,111.0,99.5,0.0,2,1
small-world,200,49,54,52.0,35.0,19.0,19.0,46.0,46.0,118.0,99.5,0.0,2,1
small-world,200,49,55,52.0,23.0,18.0,18.0,32.0,32.0,129.0,99.5,0.0,2,1
small-world,200,49,56,8.0,15.0,13.0,13.0,13.0,13.0,46.0,99.5,0.0,2,1
small-world,200,49,57,141.0,125.0,141.0,141.0,132.0,132.0,186.0,99.5,0.0,2,1
small-world,200,49,58,8.0,110.0,25.0,25.0,65.0,65.0,21.0,99.5,0.0,2,1
small-world,200,49,59,141.0,93.0,141.0,141.0,131.0,131.0,175.0,99.5,0.0,2,1
small-world,200,49,60,141.0,106.0,141.0,141.0,160.0,160.0,152.0,99.5,0.0,2,1
small-world,200,49,61,52.0,90.0,112.0,112.0,118.0,118.0,63.0,99.5,0.0,2,1
small-world,200,49,62,52.0,126.0,35.0,35.0,94.0,94.0,132.0,99.5,0.0,2,1
small-world,200,49,63,8.0,117.0,34.0,34.0,55.0,55.0,39.0,99.5,0.0,2,1
small-world,200,49,64,52.0,118.0,78.0,78.0,143.0,143.0,87.0,99.5,0.0,2,1
small-world,200,49,65,52.0,103.0,71.0,71.0,124.0,124.0,93.0,99.5,0.0,2,1
small-world,200,49,66,141.0,80.0,141.0,141.0,122.0,122.0,163.0,99.5,0.0,2,1
small-world,200,49,67,52.0,53.0,112.0,112.0,79.0,79.0,78.0,99.5,0.0,2,1
small-world,200,49,68,8.0,33.0,49.0,49.0,31.0,31.0,31.0,99.5,0.0,2,1
small-world,200,49,69,8.0,42.0,56.0,56.0,40.0,40.0,27.0,99.5,0.0,2,1
small-world,200,49,70,141.0,96.0,141.0,141.0,125.0,125.0,165.0,99.5,0.0,2,1
small-world,200,49,71,52.0,75.0,112.0,112.0,73.0,73.0,80.0,99.5,0.0,2,1
small-world,200,49,72,2.0,48.0,15.0,15.0,22.0,22.0,3.0,99.5,0.0,2,1
small-world,200,49,73,8.0,166.0,51.0,51.0,116.0,116.0,34.0,99.5,0.0,2,1
small-world,200,49,74,52.0,71.0,69.0,69.0,83.0,83.0,114.0,99.5,0.0,2,1
small-world,200,49,75,52.0,74.0,70.0,70.0,86.0,86.0,109.0,99.5,0.0,2,1
small-world,200,49,76,8.0,71.0,65.0,65.0,70.0,70.0,18.0,99.5,0.0,2,1
small-world,200,49,77,52.0,69.0,67.0,67.0,72.0,72.0,113.0,99.5,0.0,2,1
small-world,200,49,78,141.0,129.0,141.0,141.0,154.0,154.0,169.0,99.5,0.0,2,1
small-world,200,49,79,8.0,115.0,97.0,97.0,104.0,104.0,10.0,99.5,0.0,2,1
small-world,200,49,80,141.0,65.0,141.0,141.0,101.0,101.0,192.0,99.5,0.0,2,1
small-world,200,49,81,141.0,142.0,141.0,141.0,167.0,167.0,181.0,99.5,0.0,2,1
small-world,200,49,82,8.0,128.0,76.0,76.0,117.0,117.0,17.0,99.5,0.0,2,1
small-world,200,49,83,52.0,114.0,71.0,71.0,103.0,103.0,106.0,99.5,0.0,2,1
small-world,200,49,84,8.0,101.0,54.0,54.0,71.0,71.0,28.0,99.5,0.0,2,1
small-world,200,49,85,52.0,84.0,52.0,52.0,56.0,56.0,122.0,99.5,0.0,2,1
small-world,200,49,86,52.0,60.0,46.0,46.0,38.0,38.0,123.0,99.5,0.0,2,1
small-world,200,49,87,52.0,40.0,43.0,43.0,18.0,18.0,137.0,99.5,0.0,2,1
small-world,200,49,88,1.0,24.0,27.0,27.0,1.0,1.0,1.0,99.5,0.0,2,1
small-world,200,49,89,8.0,65.0,64.0,64.0,49.0,49.0,23.0,99.5,0.0,2,1
small-world,200,49,90,52.0,58.0,66.0,66.0,42.0,42.0,126.0,99.5,0.0,2,1
small-world,200,49,91,141.0,88.0,141.0,141.0,110.0,110.0,188.0,99.5,0.0,2,1
small-world,200,49,92,141.0,134.0,141.0,141.0,176.0,176.0,142.0,99.5,0.0,2,1
small-world,200,49,93,52.0,119.0,112.0,112.0,146.0,146.0,53.0,99.5,0.0,2,1
small-world,200,49,94,52.0,104.0,100.0,100.0,114.0,114.0,70.0,99.5,0.0,2,1
small-world,200,49,95,141.0,143.0,141.0,141.0,158.0,158.0,178.0,99.5,0.0,2,1
small-world,200,49,96,141.0,185.0,141.0,141.0,185.0,185.0,160.0,99.5,0.0,2,1
small-world,200,49,97,141.0,147.0,141.0,141.0,172.0,172.0,153.0,99.5,0.0,2,1
small-world,200,49,98,52.0,134.0,112.0,112.0,138.0,138.0,64.0,99.5,0.0,2,1
small-world,200,49,99,52.0,120.0,100.0,100.0,98.0,98.0,95.0,99.5,0.0,2,1
small-world,200,49,100,2.0,105.0,28.0,28.0,44.0,44.0,6.0,99.5,0.0,2,1
small-world,200,49,101,52.0,98.0,29.0,29.0,76.0,76.0,124.0,99.5,0.0,2,1
small-world,200,49,102,141.0,185.0,141.0,141.0,185.0,185.0,160.0,99.5,0.0,2,1
small-world,200,49,103,8.0,175.0,97.0,97.0,149.0,149.0,8.0,99.5,0.0,2,1
small-world,200,49,104,52.0,168.0,92.0,92.0,130.0,130.0,100.0,99.5,0.0,2,1
small-world,200,49,105,2.0,156.0,45.0,45.0,80.0,80.0,4.0,99.5,0.0,2,1
small-world,200,49,106,8.0,150.0,39.0,39.0,77.0,77.0,35.0,99.5,0.0,2,1
small-world,200,49,107,141.0,192.0,141.0,141.0,193.0,193.0,149.0,99.5,0.0,2,1
small-world,200,49,108,141.0,51.0,141.0,141.0,111.0,111.0,155.0,99.5,0.0,2,1
small-world,200,49,109,52.0,30.0,112.0,112.0,63.0,63.0,66.0,99.5,0.0,2,1
small-world,200,49,110,52.0,13.0,100.0,100.0,29.0,29.0,99.0,99.5,0.0,2,1
small-world,200,49,111,52.0,183.0,112.0,112.0,177.0,177.0,60.0,99.5,0.0,2,1
small-world,200,49,112,8.0,174.0,87.0,87.0,145.0,145.0,12.0,99.5,0.0,2,1
small-world,200,49,113,141.0,188.0,141.0,141.0,192.0,192.0,158.0,99.5,0.0,2,1
small-world,200,49,114,52.0,86.0,68.0,68.0,97.0,97.0,104.0,99.5,0.0,2,1
small-world,200,49,115,8.0,64.0,58.0,58.0,66.0,66.0,22.0,99.5,0.0,2,1
small-world,200,49,116,8.0,45.0,42.0,42.0,39.0,39.0,32.0,99.5,0.0,2,1
small-world,200,49,117,141.0,180.0,141.0,141.0,188.0,188.0,171.0,99.5,0.0,2,1
small-world,200,49,118,141.0,87.0,141.0,141.0,127.0,127.0,187.0,99.5,0.0,2,1
small-world,200,49,119,141.0,127.0,141.0,141.0,162.0,162.0,151.0,99.5,0.0,2,1
small-world,200,49,120,52.0,167.0,78.0,78.0,121.0,121.0,112.0,99.5,0.0,2,1
small-world,200,49,121,141.0,29.0,141.0,141.0,57.0,57.0,196.0,99.5,0.0,2,1
small-world,200,49,122,8.0,12.0,38.0,38.0,17.0,17.0,36.0,99.5,0.0,2,1
small-world,200,49,123,52.0,146.0,100.0,100.0,174.0,174.0,69.0,99.5,0.0,2,1
small-world,200,49,124,52.0,133.0,92.0,92.0,161.0,161.0,79.0,99.5,0.0,2,1
small-world,200,49,125,141.0,184.0,141.0,141.0,183.0,183.0,173.0,99.5,0.0,2,1
small-world,200,49,126,141.0,83.0,141.0,141.0,115.0,115.0,168.0,99.5,0.0,2,1
small-world,200,49,127,52.0,57.0,112.0,112.0,61.0,61.0,83.0,99.5,0.0,2,1
small-world,200,49,128,8.0,36.0,14.0,14.0,19.0,19.0,38.0,99.5,0.0,2,1
small-world,200,49,129,8.0,71.0,87.0,87.0,75.0,75.0,13.0,99.5,0.0,2,1
small-world,200,49,130,52.0,46.0,78.0,78.0,43.0,43.0,115.0,99.5,0.0,2,1
small-world,200,49,131,2.0,25.0,9.0,9.0,14.0,14.0,5.0,99.5,0.0,2,1
small-world,200,49,132,52.0,20.0,11.0,11.0,20.0,20.0,135.0,99.5,0.0,2,1
small-world,200,49,133,52.0,41.0,71.0,71.0,21.0,21.0,133.0,99.5,0.0,2,1
small-world,200,49,134,8.0,100.0,87.0,87.0,88.0,88.0,14.0,99.5,0.0,2,1
small-world,200,49,135,52.0,81.0,78.0,78.0,50.0,50.0,117.0,99.5,0.0,2,1
small-world,200,49,136,52.0,154.0,52.0,52.0,120.0,120.0,125.0,99.5,0.0,2,1
small-world,200,49,137,8.0,140.0,33.0,33.0,51.0,51.0,43.0,99.5,0.0,2,1
small-world,200,49,138,8.0,132.0,32.0,32.0,62.0,62.0,30.0,99.5,0.0,2,1
small-world,200,49,139,141.0,158.0,141.0,141.0,147.0,147.0,194.0,99.5,0.0,2,1
small-world,200,49,140,52.0,197.0,112.0,112.0,195.0,195.0,56.0,99.5,0.0,2,1
small-world,200,49,141,52.0,193.0,100.0,100.0,187.0,187.0,74.0,99.5,0.0,2,1
small-world,200,49,142,141.0,108.0,141.0,141.0,157.0,157.0,150.0,99.5,0.0,2,1
small-world,200,49,143,52.0,92.0,112.0,112.0,113.0,113.0,61.0,99.5,0.0,2,1
small-world,200,49,144,52.0,82.0,26.0,26.0,81.0,81.0,116.0,99.5,0.0,2,1
small-world,200,49,145,52.0,62.0,24.0,24.0,78.0,78.0,110.0,99.5,0.0,2,1
small-world,200,49,146,141.0,44.0,141.0,141.0,36.0,36.0,200.0,99.5,0.0,2,1
small-world,200,49,147,52.0,89.0,19.0,19.0,67.0,67.0,119.0,99.5,0.0,2,1
small-world,200,49,148,8.0,79.0,17.0,17.0,45.0,45.0,29.0,99.5,0.0,2,1
small-world,200,49,149,52.0,58.0,16.0,16.0,41.0,41.0,127.0,99.5,0.0,2,1
small-world,200,49,150,52.0,172.0,78.0,78.0,150.0,150.0,107.0,99.5,0.0,2,1
small-world,200,49,151,52.0,178.0,112.0,112.0,175.0,175.0,73.0,99.5,0.0,2,1
small-world,200,49,152,8.0,170.0,57.0,57.0,141.0,141.0,24.0,99.5,0.0,2,1
small-world,200,49,153,52.0,162.0,55.0,55.0,137.0,137.0,121.0,99.5,0.0,2,1
small-world,200,49,154,141.0,116.0,141.0,141.0,128.0,128.0,185.0,99.5,0.0,2,1
small-world,200,49,155,8.0,102.0,21.0,21.0,60.0,60.0,20.0,99.5,0.0,2,1
small-world,200,49,156,141.0,129.0,141.0,141.0,154.0,154.0,169.0,99.5,0.0,2,1
small-world,200,49,157,8.0,171.0,87.0,87.0,156.0,156.0,11.0,99.5,0.0,2,1
small-world,200,49,158,52.0,163.0,78.0,78.0,140.0,140.0,97.0,99.5,0.0,2,1
small-world,200,49,159,52.0,55.0,61.0,61.0,54.0,54.0,120.0,99.5,0.0,2,1
small-world,200,49,160,8.0,70.0,60.0,60.0,58.0,58.0,26.0,99.5,0.0,2,1
small-world,200,49,161,8.0,122.0,31.0,31.0,68.0,68.0,25.0,99.5,0.0,2,1
small-world,200,49,162,141.0,67.0,141.0,141.0,84.0,84.0,182.0,99.5,0.0,2,1
small-world,200,49,163,52.0,43.0,112.0,112.0,26.0,26.0,94.0,99.5,0.0,2,1
small-world,200,49,164,141.0,143.0,141.0,141.0,158.0,158.0,178.0,99.5,0.0,2,1
small-world,200,49,165,141.0,38.0,141.0,141.0,87.0,87.0,174.0,99.5,0.0,2,1
small-world,200,49,166,52.0,181.0,92.0,92.0,169.0,169.0,88.0,99.5,0.0,2,1
small-world,200,49,167,141.0,147.0,141.0,141.0,172.0,172.0,153.0,99.5,0.0,2,1
small-world,200,49,168,52.0,134.0,112.0,112.0,138.0,138.0,64.0,99.5,0.0,2,1
small-world,200,49,169,52.0,120.0,100.0,100.0,98.0,98.0,95.0,99.5,0.0,2,1
small-world,200,49,170,52.0,63.0,78.0,78.0,48.0,48.0,105.0,99.5,0.0,2,1
small-world,200,49,171,141.0,31.0,141.0,141.0,85.0,85.0,172.0,99.5,0.0,2,1
small-world,200,49,172,52.0,13.0,112.0,112.0,33.0,33.0,84.0,99.5,0.0,2,1
small-world,200,49,173,8.0,1.0,6.0,6.0,9.0,9.0,40.0,99.5,0.0,2,1
small-world,200,49,174,8.0,2.0,4.0,4.0,8.0,8.0,44.0,99.5,0.0,2,1
small-world,200,49,175,141.0,54.0,141.0,141.0,82.0,82.0,177.0,99.5,0.0,2,1
small-world,200,49,176,141.0,47.0,141.0,141.0,69.0,69.0,198.0,99.5,0.0,2,1
small-world,200,49,177,141.0,124.0,141.0,141.0,166.0,166.0,164.0,99.5,0.0,2,1
small-world,200,49,178,8.0,109.0,87.0,87.0,119.0,119.0,9.0,99.5,0.0,2,1
small-world,200,49,179,52.0,95.0,78.0,78.0,105.0,105.0,91.0,99.5,0.0,2,1
small-world,200,49,180,52.0,75.0,71.0,71.0,89.0,89.0,98.0,99.5,0.0,2,1
small-world,200,49,181,8.0,49.0,63.0,63.0,47.0,47.0,19.0,99.5,0.0,2,1
small-world,200,49,182,52.0,28.0,59.0,59.0,35.0,35.0,128.0,99.5,0.0,2,1
small-world,200,49,183,52.0,177.0,71.0,71.0,163.0,163.0,101.0,99.5,0.0,2,1
small-world,200,49,184,8.0,131.0,97.0,97.0,102.0,102.0,15.0,99.5,0.0,2,1
small-world,200,49,185,141.0,107.0,141.0,141.0,152.0,152.0,159.0,99.5,0.0,2,1
small-world,200,49,186,52.0,91.0,112.0,112.0,108.0,108.0,75.0,99.5,0.0,2,1
small-world,200,49,187,52.0,21.0,112.0,112.0,34.0,34.0,86.0,99.5,0.0,2,1
small-world,200,49,188,8.0,8.0,12.0,12.0,5.0,5.0,45.0,99.5,0.0,2,1
small-world,200,49,189,2.0,4.0,1.0,1.0,2.0,2.0,7.0,99.5,0.0,2,1
small-world,200,49,190,52.0,2.0,7.0,7.0,10.0,10.0,138.0,99.5,0.0,2,1
small-world,200,49,191,52.0,112.0,112.0,112.0,123.0,123.0,62.0,99.5,0.0,2,1
small-world,200,49,192,52.0,172.0,78.0,78.0,150.0,150.0,107.0,99.5,0.0,2,1
small-world,200,49,193,8.0,56.0,48.0,48.0,24.0,24.0,42.0,99.5,0.0,2,1
small-world,200,49,194,52.0,37.0,50.0,50.0,15.0,15.0,139.0,99.5,0.0,2,1
small-world,200,49,195,52.0,32.0,112.0,112.0,64.0,64.0,67.0,99.5,0.0,2,1
small-world,200,49,196,52.0,15.0,100.0,100.0,30.0,30.0,102.0,99.5,0.0,2,1
small-world,200,49,197,8.0,5.0,5.0,5.0,7.0,7.0,48.0,99.5,0.0,2,1
small-world,200,49,198,8.0,6.0,2.0,2.0,6.0,6.0,51.0,99.5,0.0,2,1
small-world,200,49,199,52.0,7.0,10.0,10.0,12.0,12.0,140.0,99.5,0.0,2,1
small-world,200,50,0,145.0,37.0,145.0,145.0,37.0,37.0,194.0,99.5,0.0,2,3
small-world,200,50,1,46.0,76.0,113.0,113.0,80.0,80.0,56.0,99.5,0.0,2,3
small-world,200,50,2,46.0,54.0,84.0,84.0,42.0,42.0,87.0,99.5,0.0,2,3
small-world,200,50,3,46.0,173.0,70.0,70.0,133.0,133.0,80.0,99.5,0.0,2,3
small-world,200,50,4,145.0,152.0,145.0,145.0,160.0,160.0,180.0,99.5,0.0,2,3
small-world,200,50,5,145.0,89.0,145.0,145.0,101.0,101.0,171.0,99.5,0.0,2,3
small-world,200,50,6,145.0,65.0,145.0,145.0,59.0,59.0,190.0,99.5,0.0,2,3
small-world,200,50,7,145.0,89.0,145.0,145.0,101.0,101.0,171.0,99.5,0.0,2,3
small-world,200,50,8,10.0,65.0,82.0,82.0,34.0,34.0,12.0,99.5,0.0,2,3
small-world,200,50,9,10.0,110.0,77.0,77.0,97.0,97.0,16.0,99.5,0.0,2,3
small-world,200,50,10,145.0,116.0,145.0,145.0,132.0,132.0,168.0,99.5,0.0,2,3
small-world,200,50,11,46.0,94.0,113.0,113.0,95.0,95.0,69.0,99.5,0.0,2,3
small-world,200,50,12,10.0,68.0,47.0,47.0,46.0,46.0,19.0,99.5,0.0,2,3
small-world,200,50,13,46.0,48.0,40.0,40.0,40.0,40.0,124.0,99.5,0.0,2,3
small-world,200,50,14,145.0,18.0,145.0,145.0,30.0,30.0,191.0,99.5,0.0,2,3
small-world,200,50,15,10.0,140.0,75.0,75.0,108.0,108.0,21.0,99.5,0.0,2,3
small-world,200,50,16,145.0,149.0,145.0,145.0,149.0,149.0,164.0,99.5,0.0,2,3
small-world,200,50,17,10.0,120.0,22.0,22.0,47.0,47.0,34.0,99.5,0.0,2,3
small-world,200,50,18,46.0,111.0,56.0,56.0,69.0,69.0,130.0,99.5,0.0,2,3
small-world,200,50,19,145.0,56.0,145.0,145.0,96.0,96.0,173.0,99.5,0.0,2,3
small-world,200,50,20,46.0,33.0,113.0,113.0,36.0,36.0,85.0,99.5,0.0,2,3
small-world,200,50,21,3.0,16.0,6.0,6.0,10.0,10.0,6.0,99.5,0.0,2,3
small-world,200,50,22,46.0,23.0,13.0,13.0,24.0,24.0,132.0,99.5,0.0,2,3
small-world,200,50,23,46.0,36.0,14.0,14.0,41.0,41.0,122.0,99.5,0.0,2,3
small-world,200,50,24,145.0,118.0,145.0,145.0,135.0,135.0,188.0,99.5,0.0,2,3
small-world,200,50,25,145.0,126.0,145.0,145.0,143.0,143.0,181.0,99.5,0.0,2,3
small-world,200,50,26,46.0,103.0,70.0,70.0,94.0,94.0,81.0,99.5,0.0,2,3
small-world,200,50,27,46.0,84.0,62.0,62.0,63.0,63.0,100.0,99.5,0.0,2,3
small-world,200,50,28,46.0,61.0,57.0,57.0,31.0,31.0,121.0,99.5,0.0,2,3
small-world,200,50,29,3.0,41.0,18.0,18.0,14.0,14.0,3.0,99.5,0.0,2,3
small-world,200,50,30,46.0,24.0,15.0,15.0,11.0,11.0,140.0,99.5,0.0,2,3
small-world,200,50,31,46.0,82.0,55.0,55.0,91.0,91.0,134.0,99.5,0.0,2,3
small-world,200,50,32,10.0,42.0,24.0,24.0,20.0,20.0,28.0,99.5,0.0,2,3
small-world,200,50,33,46.0,26.0,20.0,20.0,13.0,13.0,139.0,99.5,0.0,2,3
small-world,200,50,34,10.0,13.0,5.0,5.0,5.0,5.0,41.0,99.5,0.0,2,3
small-world,200,50,35,46.0,157.0,140.0,140.0,168.0,168.0,58.0,99.5,0.0,2,3
small-world,200,50,36,46.0,27.0,39.0,39.0,53.0,53.0,143.0,99.5,0.0,2,3
small-world,200,50,37,10.0,21.0,38.0,38.0,45.0,45.0,45.0,99.5,0.0,2,3
small-world,200,50,38,145.0,156.0,145.0,145.0,166.0,166.0,184.0,99.5,0.0,2,3
small-world,200,50,39,145.0,121.0,145.0,145.0,136.0,136.0,185.0,99.5,0.0,2,3
small-world,200,50,40,3.0,21.0,31.0,31.0,27.0,27.0,11.0,99.5,0.0,2,3
small-world,200,50,41,145.0,108.0,145.0,145.0,125.0,125.0,159.0,99.5,0.0,2,3
small-world,200,50,42,46.0,88.0,113.0,113.0,82.0,82.0,60.0,99.5,0.0,2,3
small-world,200,50,43,46.0,63.0,84.0,84.0,39.0,39.0,95.0,99.5,0.0,2,3
small-world,200,50,44,46.0,44.0,16.0,16.0,52.0,52.0,117.0,99.5,0.0,2,3
small-world,200,50,45,46.0,59.0,19.0,19.0,65.0,65.0,111.0,99.5,0.0,2,3
small-world,200,50,46,46.0,69.0,23.0,23.0,75.0,75.0,113.0,99.5,0.0,2,3
small-world,200,50,47,145.0,29.0,145.0,145.0,51.0,51.0,175.0,99.5,0.0,2,3
small-world,200,50,48,46.0,11.0,113.0,113.0,17.0,17.0,90.0,99.5,0.0,2,3
small-world,200,50,49,46.0,181.0,140.0,140.0,178.0,178.0,54.0,99.5,0.0,2,3
small-world,200,50,50,46.0,165.0,127.0,127.0,151.0,151.0,77.0,99.5,0.0,2,3
small-world,200,50,51,145.0,188.0,145.0,145.0,187.0,187.0,146.0,99.5,0.0,2,3
small-world,200,50,52,46.0,185.0,113.0,113.0,172.0,172.0,47.0,99.5,0.0,2,3
small-world,200,50,53,46.0,178.0,84.0,84.0,154.0,154.0,65.0,99.5,0.0,2,3
small-world,200,50,54,145.0,135.0,145.0,145.0,163.0,163.0,178.0,99.5,0.0,2,3
small-world,200,50,55,10.0,91.0,103.0,103.0,100.0,100.0,15.0,99.5,0.0,2,3
small-world,200,50,56,145.0,177.0,145.0,145.0,188.0,188.0,160.0,99.5,0.0,2,3
small-world,200,50,57,46.0,159.0,140.0,140.0,159.0,159.0,61.0,99.5,0.0,2,3
small-world,200,50,58,46.0,133.0,127.0,127.0,121.0,121.0,96.0,99.5,0.0,2,3
small-world,200,50,59,3.0,91.0,54.0,54.0,60.0,60.0,5.0,99.5,0.0,2,3
small-world,200,50,60,10.0,67.0,52.0,52.0,62.0,62.0,33.0,99.5,0.0,2,3
small-world,200,50,61,10.0,93.0,69.0,69.0,72.0,72.0,13.0,99.5,0.0,2,3
small-world,200,50,62,46.0,53.0,113.0,113.0,68.0,68.0,55.0,99.5,0.0,2,3
small-world,200,50,63,46.0,31.0,84.0,84.0,29.0,29.0,82.0,99.5,0.0,2,3
small-world,200,50,64,46.0,15.0,70.0,70.0,15.0,15.0,127.0,99.5,0.0,2,3
small-world,200,50,65,10.0,4.0,3.0,3.0,2.0,2.0,40.0,99.5,0.0,2,3
small-world,200,50,66,3.0,2.0,2.0,2.0,1.0,1.0,7.0,99.5,0.0,2,3
small-world,200,50,67,145.0,117.0,145.0,145.0,141.0,141.0,196.0,99.5,0.0,2,3
small-world,200,50,68,145.0,132.0,145.0,145.0,124.0,124.0,182.0,99.5,0.0,2,3
small-world,200,50,69,10.0,106.0,45.0,45.0,64.0,64.0,20.0,99.5,0.0,2,3
small-world,200,50,70,46.0,99.0,48.0,48.0,83.0,83.0,116.0,99.5,0.0,2,3
small-world,200,50,71,46.0,30.0,33.0,33.0,25.0,25.0,133.0,99.5,0.0,2,3
small-world,200,50,72,145.0,155.0,145.0,145.0,175.0,175.0,167.0,99.5,0.0,2,3
small-world,200,50,73,46.0,125.0,133.0,133.0,127.0,127.0,66.0,99.5,0.0,2,3
small-world,200,50,74,10.0,78.0,98.0,98.0,74.0,74.0,18.0,99.5,0.0,2,3
small-world,200,50,75,46.0,195.0,133.0,133.0,191.0,191.0,46.0,99.5,0.0,2,3
small-world,200,50,76,46.0,187.0,108.0,108.0,186.0,186.0,64.0,99.5,0.0,2,3
small-world,200,50,77,46.0,179.0,99.0,99.0,177.0,177.0,78.0,99.5,0.0,2,3
small-world,200,50,78,46.0,167.0,92.0,92.0,164.0,164.0,93.0,99.5,0.0,2,3
small-world,200,50,79,145.0,121.0,145.0,145.0,136.0,136.0,185.0,99.5,0.0,2,3
small-world,200,50,80,10.0,64.0,51.0,51.0,77.0,77.0,26.0,99.5,0.0,2,3
small-world,200,50,81,46.0,98.0,99.0,99.0,119.0,119.0,110.0,99.5,0.0,2,3
small-world,200,50,82,46.0,58.0,92.0,92.0,85.0,85.0,137.0,99.5,0.0,2,3
small-world,200,50,83,145.0,12.0,145.0,145.0,21.0,21.0,199.0,99.5,0.0,2,3
small-world,200,50,84,145.0,85.0,145.0,145.0,113.0,113.0,200.0,99.5,0.0,2,3
small-world,200,50,85,1.0,39.0,30.0,30.0,22.0,22.0,2.0,99.5,0.0,2,3
small-world,200,50,86,145.0,109.0,145.0,145.0,145.0,145.0,189.0,99.5,0.0,2,3
small-world,200,50,87,145.0,168.0,145.0,145.0,176.0,176.0,177.0,99.5,0.0,2,3
small-world,200,50,88,145.0,100.0,145.0,145.0,122.0,122.0,155.0,99.5,0.0,2,3
small-world,200,50,89,46.0,76.0,113.0,113.0,80.0,80.0,56.0,99.5,0.0,2,3
small-world,200,50,90,46.0,54.0,84.0,84.0,42.0,42.0,87.0,99.5,0.0,2,3
small-world,200,50,91,10.0,34.0,46.0,46.0,18.0,18.0,23.0,99.5,0.0,2,3
small-world,200,50,92,10.0,18.0,32.0,32.0,8.0,8.0,30.0,99.5,0.0,2,3
small-world,200,50,93,145.0,121.0,145.0,145.0,136.0,136.0,185.0,99.5,0.0,2,3
small-world,200,50,94,1.0,74.0,61.0,61.0,49.0,49.0,1.0,99.5,0.0,2,3
small-world,200,50,95,145.0,199.0,145.0,145.0,197.0,197.0,162.0,99.5,0.0,2,3
small-world,200,50,96,145.0,135.0,145.0,145.0,144.0,144.0,193.0,99.5,0.0,2,3
small-world,200,50,97,46.0,144.0,99.0,99.0,130.0,130.0,92.0,99.5,0.0,2,3
small-world,200,50,98,46.0,162.0,62.0,62.0,120.0,120.0,94.0,99.5,0.0,2,3
small-world,200,50,99,46.0,154.0,57.0,57.0,110.0,110.0,112.0,99.5,0.0,2,3
small-world,200,50,100,46.0,139.0,49.0,49.0,84.0,84.0,128.0,99.5,0.0,2,3
small-world,200,50,101,145.0,198.0,145.0,145.0,199.0,199.0,148.0,99.5,0.0,2,3
small-world,200,50,102,46.0,194.0,140.0,140.0,189.0,189.0,49.0,99.5,0.0,2,3
small-world,200,50,103,46.0,186.0,127.0,127.0,181.0,181.0,68.0,99.5,0.0,2,3
small-world,200,50,104,10.0,104.0,28.0,28.0,48.0,48.0,27.0,99.5,0.0,2,3
small-world,200,50,105,145.0,158.0,145.0,145.0,169.0,169.0,147.0,99.5,0.0,2,3
small-world,200,50,106,145.0,189.0,145.0,145.0,194.0,194.0,151.0,99.5,0.0,2,3
small-world,200,50,107,46.0,180.0,133.0,133.0,180.0,180.0,52.0,99.5,0.0,2,3
small-world,200,50,108,3.0,40.0,36.0,36.0,33.0,33.0,8.0,99.5,0.0,2,3
small-world,200,50,109,145.0,192.0,145.0,145.0,193.0,193.0,153.0,99.5,0.0,2,3
small-world,200,50,110,46.0,87.0,42.0,42.0,90.0,90.0,105.0,99.5,0.0,2,3
small-world,200,50,111,46.0,72.0,37.0,37.0,86.0,86.0,102.0,99.5,0.0,2,3
small-world,200,50,112,145.0,130.0,145.0,145.0,157.0,157.0,198.0,99.5,0.0,2,3
small-world,200,50,113,10.0,80.0,131.0,131.0,87.0,87.0,38.0,99.5,0.0,2,3
small-world,200,50,114,10.0,96.0,132.0,132.0,98.0,98.0,36.0,99.5,0.0,2,3
small-world,200,50,115,10.0,52.0,50.0,50.0,50.0,50.0,43.0,99.5,0.0,2,3
small-world,200,50,116,145.0,174.0,145.0,145.0,190.0,190.0,157.0,99.5,0.0,2,3
small-world,200,50,117,46.0,38.0,25.0,25.0,55.0,55.0,106.0,99.5,0.0,2,3
small-world,200,50,118,46.0,28.0,21.0,21.0,44.0,44.0,114.0,99.5,0.0,2,3
small-world,200,50,119,46.0,20.0,17.0,17.0,26.0,26.0,123.0,99.5,0.0,2,3
small-world,200,50,120,10.0,7.0,4.0,4.0,4.0,4.0,42.0,99.5,0.0,2,3
small-world,200,50,121,145.0,44.0,145.0,145.0,93.0,93.0,169.0,99.5,0.0,2,3
small-world,200,50,122,46.0,24.0,113.0,113.0,35.0,35.0,73.0,99.5,0.0,2,3
small-world,200,50,123,10.0,9.0,12.0,12.0,12.0,12.0,25.0,99.5,0.0,2,3
small-world,200,50,124,46.0,144.0,78.0,78.0,148.0,148.0,108.0,99.5,0.0,2,3
small-world,200,50,125,46.0,115.0,74.0,74.0,128.0,128.0,126.0,99.5,0.0,2,3
small-world,200,50,126,46.0,79.0,68.0,68.0,111.0,111.0,138.0,99.5,0.0,2,3
small-world,200,50,127,46.0,60.0,34.0,34.0,78.0,78.0,101.0,99.5,0.0,2,3
small-world,200,50,128,46.0,95.0,43.0,43.0,88.0,88.0,107.0,99.5,0.0,2,3
small-world,200,50,129,46.0,164.0,108.0,108.0,156.0,156.0,72.0,99.5,0.0,2,3
small-world,200,50,130,10.0,143.0,91.0,91.0,118.0,118.0,14.0,99.5,0.0,2,3
small-world,200,50,131,46.0,107.0,78.0,78.0,107.0,107.0,119.0,99.5,0.0,2,3
small-world,200,50,132,10.0,70.0,67.0,67.0,58.0,58.0,24.0,99.5,0.0,2,3
small-world,200,50,133,46.0,46.0,60.0,60.0,57.0,57.0,141.0,99.5,0.0,2,3
small-world,200,50,134,10.0,47.0,41.0,41.0,56.0,56.0,35.0,99.5,0.0,2,3
small-world,200,50,135,46.0,43.0,44.0,44.0,71.0,71.0,142.0,99.5,0.0,2,3
small-world,200,50,136,145.0,114.0,145.0,145.0,126.0,126.0,176.0,99.5,0.0,2,3
small-world,200,50,137,46.0,127.0,127.0,127.0,134.0,134.0,89.0,99.5,0.0,2,3
small-world,200,50,138,46.0,80.0,104.0,104.0,104.0,104.0,131.0,99.5,0.0,2,3
small-world,200,50,139,145.0,191.0,145.0,145.0,195.0,195.0,150.0,99.5,0.0,2,3
small-world,200,50,140,46.0,183.0,133.0,133.0,182.0,182.0,51.0,99.5,0.0,2,3
small-world,200,50,141,46.0,170.0,108.0,108.0,162.0,162.0,71.0,99.5,0.0,2,3
small-world,200,50,142,145.0,57.0,145.0,145.0,109.0,109.0,161.0,99.5,0.0,2,3
small-world,200,50,143,46.0,35.0,113.0,113.0,54.0,54.0,62.0,99.5,0.0,2,3
small-world,200,50,144,46.0,17.0,84.0,84.0,23.0,23.0,98.0,99.5,0.0,2,3
small-world,200,50,145,145.0,118.0,145.0,145.0,158.0,158.0,174.0,99.5,0.0,2,3
small-world,200,50,146,46.0,70.0,133.0,133.0,106.0,106.0,86.0,99.5,0.0,2,3
small-world,200,50,147,10.0,32.0,35.0,35.0,32.0,32.0,37.0,99.5,0.0,2,3
small-world,200,50,148,145.0,147.0,145.0,145.0,152.0,152.0,192.0,99.5,0.0,2,3
small-world,200,50,149,145.0,100.0,145.0,145.0,122.0,122.0,155.0,99.5,0.0,2,3
small-world,200,50,150,145.0,169.0,145.0,145.0,173.0,173.0,179.0,99.5,0.0,2,3
small-world,200,50,151,10.0,142.0,95.0,95.0,112.0,112.0,17.0,99.5,0.0,2,3
small-world,200,50,152,145.0,151.0,145.0,145.0,140.0,140.0,170.0,99.5,0.0,2,3
small-world,200,50,153,46.0,131.0,113.0,113.0,99.0,99.0,76.0,99.5,0.0,2,3
small-world,200,50,154,145.0,137.0,145.0,145.0,153.0,153.0,158.0,99.5,0.0,2,3
small-world,200,50,155,46.0,113.0,113.0,113.0,114.0,114.0,59.0,99.5,0.0,2,3
small-world,200,50,156,145.0,193.0,145.0,145.0,196.0,196.0,149.0,99.5,0.0,2,3
small-world,200,50,157,46.0,184.0,133.0,133.0,184.0,184.0,50.0,99.5,0.0,2,3
small-world,200,50,158,46.0,171.0,108.0,108.0,167.0,167.0,70.0,99.5,0.0,2,3
small-world,200,50,159,46.0,83.0,26.0,26.0,76.0,76.0,118.0,99.5,0.0,2,3
small-world,200,50,160,46.0,97.0,29.0,29.0,70.0,70.0,125.0,99.5,0.0,2,3
small-world,200,50,161,10.0,6.0,11.0,11.0,7.0,7.0,29.0,99.5,0.0,2,3
small-world,200,50,162,10.0,1.0,1.0,1.0,3.0,3.0,39.0,99.5,0.0,2,3
small-world,200,50,163,10.0,3.0,8.0,8.0,6.0,6.0,31.0,99.5,0.0,2,3
small-world,200,50,164,10.0,5.0,7.0,7.0,9.0,9.0,32.0,99.5,0.0,2,3
small-world,200,50,165,46.0,8.0,9.0,9.0,16.0,16.0,135.0,99.5,0.0,2,3
small-world,200,50,166,46.0,10.0,10.0,10.0,19.0,19.0,136.0,99.5,0.0,2,3
small-world,200,50,167,145.0,197.0,145.0,145.0,200.0,200.0,145.0,99.5,0.0,2,3
small-world,200,50,168,145.0,165.0,145.0,145.0,171.0,171.0,183.0,99.5,0.0,2,3
small-world,200,50,169,145.0,199.0,145.0,145.0,197.0,197.0,162.0,99.5,0.0,2,3
small-world,200,50,170,10.0,196.0,126.0,126.0,183.0,183.0,9.0,99.5,0.0,2,3
small-world,200,50,171,46.0,190.0,104.0,104.0,179.0,179.0,75.0,99.5,0.0,2,3
small-world,200,50,172,46.0,182.0,96.0,96.0,170.0,170.0,91.0,99.5,0.0,2,3
small-world,200,50,173,46.0,172.0,81.0,81.0,155.0,155.0,99.0,99.5,0.0,2,3
small-world,200,50,174,46.0,153.0,76.0,76.0,129.0,129.0,115.0,99.5,0.0,2,3
small-world,200,50,175,10.0,124.0,66.0,66.0,103.0,103.0,22.0,99.5,0.0,2,3
small-world,200,50,176,46.0,51.0,27.0,27.0,73.0,73.0,104.0,99.5,0.0,2,3
small-world,200,50,177,145.0,14.0,145.0,145.0,28.0,28.0,195.0,99.5,0.0,2,3
small-world,200,50,178,145.0,141.0,145.0,145.0,161.0,161.0,197.0,99.5,0.0,2,3
small-world,200,50,179,46.0,148.0,99.0,99.0,142.0,142.0,84.0,99.5,0.0,2,3
small-world,200,50,180,46.0,112.0,92.0,92.0,117.0,117.0,109.0,99.5,0.0,2,3
small-world,200,50,181,46.0,74.0,78.0,78.0,79.0,79.0,129.0,99.5,0.0,2,3
small-world,200,50,182,145.0,176.0,145.0,145.0,192.0,192.0,152.0,99.5,0.0,2,3
small-world,200,50,183,46.0,161.0,133.0,133.0,174.0,174.0,53.0,99.5,0.0,2,3
small-world,200,50,184,46.0,138.0,108.0,108.0,147.0,147.0,74.0,99.5,0.0,2,3
small-world,200,50,185,3.0,102.0,53.0,53.0,67.0,67.0,4.0,99.5,0.0,2,3
small-world,200,50,186,46.0,49.0,107.0,107.0,92.0,92.0,144.0,99.5,0.0,2,3
small-world,200,50,187,10.0,49.0,65.0,65.0,61.0,61.0,44.0,99.5,0.0,2,3
small-world,200,50,188,145.0,149.0,145.0,145.0,149.0,149.0,164.0,99.5,0.0,2,3
small-world,200,50,189,10.0,129.0,82.0,82.0,105.0,105.0,10.0,99.5,0.0,2,3
small-world,200,50,190,145.0,163.0,145.0,145.0,185.0,185.0,166.0,99.5,0.0,2,3
small-world,200,50,191,46.0,134.0,140.0,140.0,146.0,146.0,63.0,99.5,0.0,2,3
small-world,200,50,192,145.0,73.0,145.0,145.0,116.0,116.0,154.0,99.5,0.0,2,3
small-world,200,50,193,46.0,104.0,70.0,70.0,89.0,89.0,79.0,99.5,0.0,2,3
small-world,200,50,194,46.0,86.0,62.0,62.0,66.0,66.0,97.0,99.5,0.0,2,3
small-world,200,50,195,46.0,62.0,57.0,57.0,38.0,38.0,120.0,99.5,0.0,2,3
small-world,200,50,196,46.0,175.0,104.0,104.0,165.0,165.0,83.0,99.5,0.0,2,3
small-world,200,50,197,46.0,159.0,96.0,96.0,139.0,139.0,103.0,99.5,0.0,2,3
small-world,200,50,198,46.0,146.0,113.0,113.0,131.0,131.0,48.0,99.5,0.0,2,3
small-world,200,50,199,46.0,128.0,84.0,84.0,115.0,115.0,67.0,99.5,0.0,2,3
