small-world,200,5,0,47.0,61.0,48.0,48.0,54.0,54.0,125.0,99.5,0.0,2,2
small-world,200,5,1,149.0,35.0,149.0,149.0,66.0,66.0,176.0,99.5,0.0,2,2
small-world,200,5,2,47.0,18.0,115.0,115.0,25.0,25.0,83.0,99.5,0.0,2,2
small-world,200,5,3,2.0,9.0,17.0,17.0,3.0,3.0,5.0,99.5,0.0,2,2
small-world,200,5,4,47.0,32.0,18.0,18.0,33.0,33.0,136.0,99.5,0.0,2,2
small-world,200,5,5,47.0,20.0,16.0,16.0,27.0,27.0,133.0,99.5,0.0,2,2
small-world,200,5,6,47.0,11.0,15.0,15.0,16.0,16.0,140.0,99.5,0.0,2,2
small-world,200,5,7,6.0,5.0,3.0,3.0,5.0,5.0,43.0,99.5,0.0,2,2
small-world,200,5,8,47.0,8.0,12.0,12.0,12.0,12.0,147.0,99.5,0.0,2,2
small-world,200,5,9,149.0,155.0,149.0,149.0,157.0,157.0,178.0,99.5,0.0,2,2
small-world,200,5,10,47.0,63.0,100.0,100.0,76.0,76.0,77.0,99.5,0.0,2,2
small-world,200,5,11,47.0,51.0,82.0,82.0,53.0,53.0,112.0,99.5,0.0,2,2
small-world,200,5,12,6.0,37.0,22.0,22.0,22.0,22.0,36.0,99.5,0.0,2,2
small-world,200,5,13,47.0,48.0,37.0,37.0,36.0,36.0,142.0,99.5,0.0,2,2
small-world,200,5,14,6.0,54.0,33.0,33.0,32.0,32.0,35.0,99.5,0.0,2,2
small-world,200,5,15,47.0,57.0,60.0,60.0,55.0,55.0,123.0,99.5,0.0,2,2
small-world,200,5,16,149.0,37.0,149.0,149.0,61.0,61.0,196.0,99.5,0.0,2,2
small-world,200,5,17,6.0,22.0,31.0,31.0,18.0,18.0,22.0,99.5,0.0,2,2
small-world,200,5,18,6.0,13.0,26.0,26.0,11.0,11.0,26.0,99.5,0.0,2,2
small-world,200,5,19,6.0,7.0,13.0,13.0,4.0,4.0,39.0,99.5,0.0,2,2
small-world,200,5,20,6.0,1.0,1.0,1.0,1.0,1.0,46.0,99.5,0.0,2,2
small-world,200,5,21,47.0,144.0,115.0,115.0,154.0,154.0,48.0,99.5,0.0,2,2
small-world,200,5,22,47.0,137.0,100.0,100.0,138.0,138.0,64.0,99.5,0.0,2,2
small-world,200,5,23,47.0,125.0,82.0,82.0,124.0,124.0,76.0,99.5,0.0,2,2
small-world,200,5,24,47.0,110.0,70.0,70.0,114.0,114.0,85.0,99.5,0.0,2,2
small-world,200,5,25,47.0,89.0,60.0,60.0,101.0,101.0,90.0,99.5,0.0,2,2
small-world,200,5,26,6.0,164.0,135.0,135.0,150.0,150.0,31.0,99.5,0.0,2,2
small-world,200,5,27,47.0,69.0,34.0,34.0,75.0,75.0,107.0,99.5,0.0,2,2
small-world,200,5,28,6.0,59.0,30.0,30.0,60.0,60.0,17.0,99.5,0.0,2,2
small-world,200,5,29,47.0,46.0,29.0,29.0,56.0,56.0,114.0,99.5,0.0,2,2
small-world,200,5,30,47.0,33.0,24.0,24.0,40.0,40.0,122.0,99.5,0.0,2,2
small-world,200,5,31,149.0,200.0,149.0,149.0,200.0,200.0,156.0,99.5,0.0,2,2
small-world,200,5,32,149.0,49.0,149.0,149.0,83.0,83.0,175.0,99.5,0.0,2,2
small-world,200,5,33,47.0,107.0,100.0,100.0,90.0,90.0,80.0,99.5,0.0,2,2
small-world,200,5,34,2.0,87.0,54.0,54.0,52.0,52.0,2.0,99.5,0.0,2,2
small-world,200,5,35,47.0,67.0,51.0,51.0,48.0,48.0,127.0,99.5,0.0,2,2
small-world,200,5,36,6.0,53.0,38.0,38.0,30.0,30.0,33.0,99.5,0.0,2,2
small-world,200,5,37,6.0,42.0,27.0,27.0,20.0,20.0,38.0,99.5,0.0,2,2
small-world,200,5,38,6.0,30.0,9.0,9.0,14.0,14.0,41.0,99.5,0.0,2,2
small-world,200,5,39,47.0,24.0,11.0,11.0,17.0,17.0,139.0,99.5,0.0,2,2
small-world,200,5,40,149.0,199.0,149.0,149.0,199.0,199.0,162.0,99.5,0.0,2,2
small-world,200,5,41,47.0,197.0,142.0,142.0,194.0,194.0,60.0,99.5,0.0,2,2
small-world,200,5,42,47.0,34.0,115.0,115.0,44.0,44.0,81.0,99.5,0.0,2,2
small-world,200,5,43,6.0,17.0,14.0,14.0,15.0,15.0,34.0,99.5,0.0,2,2
small-world,200,5,44,47.0,26.0,23.0,23.0,23.0,23.0,141.0,99.5,0.0,2,2
small-world,200,5,45,149.0,124.0,149.0,149.0,129.0,129.0,167.0,99.5,0.0,2,2
small-world,200,5,46,47.0,108.0,115.0,115.0,96.0,96.0,65.0,99.5,0.0,2,2
small-world,200,5,47,47.0,133.0,78.0,78.0,141.0,141.0,135.0,99.5,0.0,2,2
small-world,200,5,48,1.0,119.0,65.0,65.0,94.0,94.0,1.0,99.5,0.0,2,2
small-world,200,5,49,6.0,118.0,66.0,66.0,110.0,110.0,44.0,99.5,0.0,2,2
small-world,200,5,50,47.0,141.0,94.0,94.0,135.0,135.0,148.0,99.5,0.0,2,2
small-world,200,5,51,149.0,113.0,149.0,149.0,126.0,126.0,160.0,99.5,0.0,2,2
small-world,200,5,52,47.0,90.0,115.0,115.0,95.0,95.0,58.0,99.5,0.0,2,2
small-world,200,5,53,47.0,70.0,100.0,100.0,64.0,64.0,94.0,99.5,0.0,2,2
small-world,200,5,54,6.0,14.0,10.0,10.0,13.0,13.0,27.0,99.5,0.0,2,2
small-world,200,5,55,6.0,10.0,6.0,6.0,9.0,9.0,29.0,99.5,0.0,2,2
small-world,200,5,56,149.0,62.0,149.0,149.0,91.0,91.0,191.0,99.5,0.0,2,2
small-world,200,5,57,6.0,50.0,43.0,43.0,42.0,42.0,20.0,99.5,0.0,2,2
small-world,200,5,58,47.0,76.0,115.0,115.0,79.0,79.0,61.0,99.5,0.0,2,2
small-world,200,5,59,47.0,57.0,100.0,100.0,50.0,50.0,100.0,99.5,0.0,2,2
small-world,200,5,60,149.0,105.0,149.0,149.0,121.0,121.0,169.0,99.5,0.0,2,2
small-world,200,5,61,47.0,83.0,115.0,115.0,80.0,80.0,72.0,99.5,0.0,2,2
small-world,200,5,62,47.0,189.0,111.0,111.0,184.0,184.0,98.0,99.5,0.0,2,2
small-world,200,5,63,47.0,183.0,95.0,95.0,179.0,179.0,102.0,99.5,0.0,2,2
small-world,200,5,64,47.0,172.0,91.0,91.0,174.0,174.0,105.0,99.5,0.0,2,2
small-world,200,5,65,47.0,162.0,88.0,88.0,170.0,170.0,106.0,99.5,0.0,2,2
small-world,200,5,66,47.0,156.0,80.0,80.0,166.0,166.0,111.0,99.5,0.0,2,2
small-world,200,5,67,47.0,145.0,79.0,79.0,160.0,160.0,121.0,99.5,0.0,2,2
small-world,200,5,68,149.0,174.0,149.0,149.0,182.0,182.0,149.0,99.5,0.0,2,2
small-world,200,5,69,47.0,171.0,115.0,115.0,169.0,169.0,47.0,99.5,0.0,2,2
small-world,200,5,70,47.0,167.0,100.0,100.0,163.0,163.0,63.0,99.5,0.0,2,2
small-world,200,5,71,47.0,160.0,82.0,82.0,155.0,155.0,74.0,99.5,0.0,2,2
small-world,200,5,72,47.0,157.0,70.0,70.0,148.0,148.0,82.0,99.5,0.0,2,2
small-world,200,5,73,47.0,149.0,60.0,60.0,140.0,140.0,88.0,99.5,0.0,2,2
small-world,200,5,74,47.0,143.0,56.0,56.0,128.0,128.0,91.0,99.5,0.0,2,2
small-world,200,5,75,149.0,178.0,149.0,149.0,181.0,181.0,193.0,99.5,0.0,2,2
small-world,200,5,76,6.0,164.0,114.0,114.0,150.0,150.0,21.0,99.5,0.0,2,2
small-world,200,5,77,6.0,152.0,93.0,93.0,127.0,127.0,40.0,99.5,0.0,2,2
small-world,200,5,78,47.0,166.0,141.0,141.0,164.0,164.0,132.0,99.5,0.0,2,2
small-world,200,5,79,47.0,158.0,140.0,140.0,161.0,161.0,131.0,99.5,0.0,2,2
small-world,200,5,80,47.0,146.0,136.0,136.0,144.0,144.0,138.0,99.5,0.0,2,2
small-world,200,5,81,149.0,75.0,149.0,149.0,103.0,103.0,186.0,99.5,0.0,2,2
small-world,200,5,82,6.0,56.0,49.0,49.0,57.0,57.0,16.0,99.5,0.0,2,2
small-world,200,5,83,6.0,43.0,44.0,44.0,38.0,38.0,18.0,99.5,0.0,2,2
small-world,200,5,84,47.0,29.0,40.0,40.0,35.0,35.0,120.0,99.5,0.0,2,2
small-world,200,5,85,47.0,16.0,34.0,34.0,19.0,19.0,129.0,99.5,0.0,2,2
small-world,200,5,86,47.0,159.0,115.0,115.0,159.0,159.0,49.0,99.5,0.0,2,2
small-world,200,5,87,47.0,154.0,100.0,100.0,142.0,142.0,67.0,99.5,0.0,2,2
small-world,200,5,88,6.0,147.0,68.0,68.0,120.0,120.0,8.0,99.5,0.0,2,2
small-world,200,5,89,47.0,142.0,60.0,60.0,117.0,117.0,93.0,99.5,0.0,2,2
small-world,200,5,90,47.0,129.0,56.0,56.0,107.0,107.0,103.0,99.5,0.0,2,2
small-world,200,5,91,47.0,116.0,51.0,51.0,89.0,89.0,117.0,99.5,0.0,2,2
small-world,200,5,92,47.0,71.0,56.0,56.0,78.0,78.0,99.0,99.5,0.0,2,2
small-world,200,5,93,47.0,2.0,4.0,4.0,6.0,6.0,146.0,99.5,0.0,2,2
small-world,200,5,94,47.0,4.0,5.0,5.0,8.0,8.0,145.0,99.5,0.0,2,2
small-world,200,5,95,149.0,138.0,149.0,149.0,153.0,153.0,154.0,99.5,0.0,2,2
small-world,200,5,96,47.0,126.0,115.0,115.0,125.0,125.0,52.0,99.5,0.0,2,2
small-world,200,5,97,47.0,111.0,100.0,100.0,104.0,104.0,70.0,99.5,0.0,2,2
small-world,200,5,98,149.0,101.0,149.0,149.0,108.0,108.0,197.0,99.5,0.0,2,2
small-world,200,5,99,6.0,78.0,59.0,59.0,59.0,59.0,23.0,99.5,0.0,2,2
small-world,200,5,100,6.0,66.0,46.0,46.0,47.0,47.0,30.0,99.5,0.0,2,2
small-world,200,5,101,47.0,132.0,51.0,51.0,123.0,123.0,95.0,99.5,0.0,2,2
small-world,200,5,102,47.0,120.0,50.0,50.0,112.0,112.0,97.0,99.5,0.0,2,2
small-world,200,5,103,6.0,104.0,44.0,44.0,92.0,92.0,14.0,99.5,0.0,2,2
small-world,200,5,104,47.0,85.0,40.0,40.0,87.0,87.0,104.0,99.5,0.0,2,2
small-world,200,5,105,149.0,195.0,149.0,149.0,198.0,198.0,153.0,99.5,0.0,2,2
small-world,200,5,106,47.0,193.0,142.0,142.0,192.0,192.0,51.0,99.5,0.0,2,2
small-world,200,5,107,149.0,186.0,149.0,149.0,191.0,191.0,172.0,99.5,0.0,2,2
small-world,200,5,108,149.0,45.0,149.0,149.0,86.0,86.0,164.0,99.5,0.0,2,2
small-world,200,5,109,47.0,28.0,115.0,115.0,51.0,51.0,62.0,99.5,0.0,2,2
small-world,200,5,110,47.0,15.0,100.0,100.0,21.0,21.0,101.0,99.5,0.0,2,2
small-world,200,5,111,6.0,12.0,8.0,8.0,10.0,10.0,42.0,99.5,0.0,2,2
small-world,200,5,112,47.0,88.0,82.0,82.0,77.0,77.0,92.0,99.5,0.0,2,2
small-world,200,5,113,149.0,168.0,149.0,149.0,177.0,177.0,180.0,99.5,0.0,2,2
small-world,200,5,114,47.0,139.0,88.0,88.0,137.0,137.0,143.0,99.5,0.0,2,2
small-world,200,5,115,149.0,25.0,149.0,149.0,46.0,46.0,198.0,99.5,0.0,2,2
small-world,200,5,116,47.0,176.0,142.0,142.0,175.0,175.0,79.0,99.5,0.0,2,2
small-world,200,5,117,47.0,198.0,142.0,142.0,197.0,197.0,54.0,99.5,0.0,2,2
small-world,200,5,118,47.0,192.0,112.0,112.0,187.0,187.0,96.0,99.5,0.0,2,2
small-world,200,5,119,47.0,196.0,138.0,138.0,190.0,190.0,73.0,99.5,0.0,2,2
small-world,200,5,120,6.0,194.0,113.0,113.0,180.0,180.0,13.0,99.5,0.0,2,2
small-world,200,5,121,149.0,99.0,149.0,149.0,119.0,119.0,163.0,99.5,0.0,2,2
small-world,200,5,122,47.0,188.0,138.0,138.0,185.0,185.0,69.0,99.5,0.0,2,2
small-world,200,5,123,47.0,180.0,134.0,134.0,173.0,173.0,89.0,99.5,0.0,2,2
small-world,200,5,124,47.0,100.0,76.0,76.0,82.0,82.0,110.0,99.5,0.0,2,2
small-world,200,5,125,47.0,93.0,77.0,77.0,84.0,84.0,108.0,99.5,0.0,2,2
small-world,200,5,126,47.0,85.0,75.0,75.0,81.0,81.0,109.0,99.5,0.0,2,2
small-world,200,5,127,47.0,81.0,74.0,74.0,73.0,73.0,115.0,99.5,0.0,2,2
small-world,200,5,128,47.0,40.0,42.0,42.0,39.0,39.0,119.0,99.5,0.0,2,2
small-world,200,5,129,47.0,80.0,34.0,34.0,63.0,63.0,126.0,99.5,0.0,2,2
small-world,200,5,130,6.0,64.0,28.0,28.0,45.0,45.0,25.0,99.5,0.0,2,2
small-world,200,5,131,47.0,52.0,24.0,24.0,43.0,43.0,130.0,99.5,0.0,2,2
small-world,200,5,132,47.0,41.0,18.0,18.0,31.0,31.0,137.0,99.5,0.0,2,2
small-world,200,5,133,149.0,114.0,149.0,149.0,133.0,133.0,161.0,99.5,0.0,2,2
small-world,200,5,134,47.0,95.0,115.0,115.0,102.0,102.0,59.0,99.5,0.0,2,2
small-world,200,5,135,149.0,191.0,149.0,149.0,196.0,196.0,159.0,99.5,0.0,2,2
small-world,200,5,136,47.0,184.0,142.0,142.0,183.0,183.0,57.0,99.5,0.0,2,2
small-world,200,5,137,6.0,175.0,133.0,133.0,165.0,165.0,9.0,99.5,0.0,2,2
small-world,200,5,138,149.0,130.0,149.0,149.0,130.0,130.0,173.0,99.5,0.0,2,2
small-world,200,5,139,6.0,117.0,98.0,98.0,88.0,88.0,7.0,99.5,0.0,2,2
small-world,200,5,140,47.0,6.0,7.0,7.0,7.0,7.0,144.0,99.5,0.0,2,2
small-world,200,5,141,6.0,3.0,2.0,2.0,2.0,2.0,45.0,99.5,0.0,2,2
small-world,200,5,142,47.0,65.0,64.0,64.0,58.0,58.0,128.0,99.5,0.0,2,2
small-world,200,5,143,47.0,79.0,67.0,67.0,72.0,72.0,118.0,99.5,0.0,2,2
small-world,200,5,144,149.0,136.0,149.0,149.0,147.0,147.0,158.0,99.5,0.0,2,2
small-world,200,5,145,47.0,123.0,115.0,115.0,118.0,118.0,56.0,99.5,0.0,2,2
small-world,200,5,146,47.0,161.0,95.0,95.0,156.0,156.0,124.0,99.5,0.0,2,2
small-world,200,5,147,149.0,47.0,149.0,149.0,71.0,71.0,190.0,99.5,0.0,2,2
small-world,200,5,148,6.0,31.0,32.0,32.0,28.0,28.0,19.0,99.5,0.0,2,2
small-world,200,5,149,149.0,187.0,149.0,149.0,193.0,193.0,185.0,99.5,0.0,2,2
small-world,200,5,150,6.0,177.0,92.0,92.0,171.0,171.0,15.0,99.5,0.0,2,2
small-world,200,5,151,149.0,77.0,149.0,149.0,106.0,106.0,187.0,99.5,0.0,2,2
small-world,200,5,152,149.0,98.0,149.0,149.0,116.0,116.0,182.0,99.5,0.0,2,2
small-world,200,5,153,6.0,74.0,68.0,68.0,68.0,68.0,11.0,99.5,0.0,2,2
small-world,200,5,154,149.0,190.0,149.0,149.0,195.0,195.0,168.0,99.5,0.0,2,2
small-world,200,5,155,47.0,181.0,142.0,142.0,176.0,176.0,66.0,99.5,0.0,2,2
small-world,200,5,156,149.0,109.0,149.0,149.0,109.0,109.0,189.0,99.5,0.0,2,2
small-world,200,5,157,149.0,90.0,149.0,149.0,98.0,98.0,194.0,99.5,0.0,2,2
small-world,200,5,158,2.0,68.0,55.0,55.0,41.0,41.0,4.0,99.5,0.0,2,2
small-world,200,5,159,149.0,130.0,149.0,149.0,130.0,130.0,173.0,99.5,0.0,2,2
small-world,200,5,160,149.0,96.0,149.0,149.0,111.0,111.0,183.0,99.5,0.0,2,2
small-world,200,5,161,6.0,73.0,81.0,81.0,62.0,62.0,12.0,99.5,0.0,2,2
small-world,200,5,162,6.0,55.0,47.0,47.0,37.0,37.0,32.0,99.5,0.0,2,2
small-world,200,5,163,6.0,43.0,21.0,21.0,29.0,29.0,37.0,99.5,0.0,2,2
small-world,200,5,164,149.0,185.0,149.0,149.0,189.0,189.0,179.0,99.5,0.0,2,2
small-world,200,5,165,149.0,179.0,149.0,149.0,188.0,188.0,170.0,99.5,0.0,2,2
small-world,200,5,166,47.0,170.0,142.0,142.0,168.0,168.0,75.0,99.5,0.0,2,2
small-world,200,5,167,6.0,150.0,90.0,90.0,139.0,139.0,28.0,99.5,0.0,2,2
small-world,200,5,168,149.0,134.0,149.0,149.0,145.0,145.0,165.0,99.5,0.0,2,2
small-world,200,5,169,6.0,122.0,98.0,98.0,113.0,113.0,6.0,99.5,0.0,2,2
small-world,200,5,170,47.0,106.0,82.0,82.0,100.0,100.0,86.0,99.5,0.0,2,2
small-world,200,5,171,47.0,84.0,70.0,70.0,74.0,74.0,113.0,99.5,0.0,2,2
small-world,200,5,172,149.0,140.0,149.0,149.0,158.0,158.0,152.0,99.5,0.0,2,2
small-world,200,5,173,47.0,127.0,115.0,115.0,132.0,132.0,50.0,99.5,0.0,2,2
small-world,200,5,174,47.0,112.0,100.0,100.0,115.0,115.0,68.0,99.5,0.0,2,2
small-world,200,5,175,47.0,93.0,82.0,82.0,93.0,93.0,87.0,99.5,0.0,2,2
small-world,200,5,176,47.0,72.0,70.0,70.0,69.0,69.0,116.0,99.5,0.0,2,2
small-world,200,5,177,149.0,134.0,149.0,149.0,145.0,145.0,165.0,99.5,0.0,2,2
small-world,200,5,178,149.0,128.0,149.0,149.0,149.0,149.0,155.0,99.5,0.0,2,2
small-world,200,5,179,47.0,115.0,115.0,115.0,122.0,122.0,53.0,99.5,0.0,2,2
small-world,200,5,180,47.0,97.0,100.0,100.0,97.0,97.0,71.0,99.5,0.0,2,2
small-world,200,5,181,149.0,168.0,149.0,149.0,177.0,177.0,180.0,99.5,0.0,2,2
small-world,200,5,182,6.0,148.0,137.0,137.0,143.0,143.0,10.0,99.5,0.0,2,2
small-world,200,5,183,149.0,60.0,149.0,149.0,85.0,85.0,188.0,99.5,0.0,2,2
small-world,200,5,184,149.0,90.0,149.0,149.0,98.0,98.0,194.0,99.5,0.0,2,2
small-world,200,5,185,149.0,153.0,149.0,149.0,167.0,167.0,150.0,99.5,0.0,2,2
small-world,200,5,186,6.0,102.0,38.0,38.0,65.0,65.0,24.0,99.5,0.0,2,2
small-world,200,5,187,149.0,163.0,149.0,149.0,172.0,172.0,151.0,99.5,0.0,2,2
small-world,200,5,188,149.0,121.0,149.0,149.0,134.0,134.0,184.0,99.5,0.0,2,2
small-world,200,5,189,47.0,21.0,18.0,18.0,24.0,24.0,134.0,99.5,0.0,2,2
small-world,200,5,190,149.0,182.0,149.0,149.0,186.0,186.0,192.0,99.5,0.0,2,2
small-world,200,5,191,2.0,173.0,97.0,97.0,152.0,152.0,3.0,99.5,0.0,2,2
small-world,200,5,192,47.0,18.0,115.0,115.0,25.0,25.0,83.0,99.5,0.0,2,2
small-world,200,5,193,149.0,39.0,149.0,149.0,70.0,70.0,171.0,99.5,0.0,2,2
small-world,200,5,194,47.0,23.0,115.0,115.0,34.0,34.0,78.0,99.5,0.0,2,2
small-world,200,5,195,149.0,35.0,149.0,149.0,66.0,66.0,176.0,99.5,0.0,2,2
small-world,200,5,196,149.0,150.0,149.0,149.0,162.0,162.0,200.0,99.5,0.0,2,2
small-world,200,5,197,149.0,27.0,149.0,149.0,49.0,49.0,199.0,99.5,0.0,2,2
small-world,200,5,198,149.0,103.0,149.0,149.0,136.0,136.0,157.0,99.5,0.0,2,2
small-world,200,5,199,47.0,82.0,115.0,115.0,105.0,105.0,55.0,99.5,0.0,2,2
small-world,200,6,0,10.0,69.0,72.0,72.0,76.0,76.0,22.0,99.5,0.0,2,2
small-world,200,6,1,10.0,48.0,33.0,33.0,52.0,52.0,37.0,99.5,0.0,2,2
small-world,200,6,2,46.0,31.0,31.0,31.0,47.0,47.0,133.0,99.5,0.0,2,2
small-world,200,6,3,10.0,20.0,28.0,28.0,28.0,28.0,36.0,99.5,0.0,2,2
small-world,200,6,4,10.0,11.0,2.0,2.0,18.0,18.0,43.0,99.5,0.0,2,2
small-world,200,6,5,46.0,8.0,7.0,7.0,27.0,27.0,129.0,99.5,0.0,2,2
small-world,200,6,6,46.0,7.0,6.0,6.0,32.0,32.0,118.0,99.5,0.0,2,2
small-world,200,6,7,144.0,82.0,144.0,144.0,89.0,89.0,182.0,99.5,0.0,2,2
small-world,200,6,8,10.0,62.0,94.0,94.0,41.0,41.0,19.0,99.5,0.0,2,2
small-world,200,6,9,3.0,43.0,20.0,20.0,12.0,12.0,6.0,99.5,0.0,2,2
small-world,200,6,10,46.0,30.0,21.0,21.0,16.0,16.0,139.0,99.5,0.0,2,2
small-world,200,6,11,10.0,23.0,19.0,19.0,9.0,9.0,42.0,99.5,0.0,2,2
small-world,200,6,12,46.0,188.0,77.0,77.0,177.0,177.0,83.0,99.5,0.0,2,2
small-world,200,6,13,46.0,184.0,65.0,65.0,165.0,165.0,96.0,99.5,0.0,2,2
small-world,200,6,14,46.0,177.0,64.0,64.0,154.0,154.0,104.0,99.5,0.0,2,2
small-world,200,6,15,10.0,171.0,94.0,94.0,159.0,159.0,9.0,99.5,0.0,2,2
small-world,200,6,16,46.0,160.0,86.0,86.0,146.0,146.0,81.0,99.5,0.0,2,2
small-world,200,6,17,144.0,164.0,144.0,144.0,171.0,171.0,162.0,99.5,0.0,2,2
small-world,200,6,18,144.0,127.0,144.0,144.0,152.0,152.0,166.0,99.5,0.0,2,2
small-world,200,6,19,10.0,108.0,94.0,94.0,111.0,111.0,12.0,99.5,0.0,2,2
small-world,200,6,20,46.0,86.0,86.0,86.0,81.0,81.0,90.0,99.5,0.0,2,2
small-world,200,6,21,46.0,104.0,86.0,86.0,99.0,99.0,100.0,99.5,0.0,2,2
small-world,200,6,22,3.0,84.0,52.0,52.0,55.0,55.0,3.0,99.5,0.0,2,2
small-world,200,6,23,144.0,97.0,144.0,144.0,98.0,98.0,190.0,99.5,0.0,2,2
small-world,200,6,24,46.0,61.0,77.0,77.0,67.0,67.0,102.0,99.5,0.0,2,2
small-world,200,6,25,46.0,41.0,65.0,65.0,42.0,42.0,116.0,99.5,0.0,2,2
small-world,200,6,26,46.0,168.0,61.0,61.0,136.0,136.0,115.0,99.5,0.0,2,2
small-world,200,6,27,10.0,158.0,41.0,41.0,110.0,110.0,35.0,99.5,0.0,2,2
small-world,200,6,28,46.0,145.0,39.0,39.0,109.0,109.0,124.0,99.5,0.0,2,2
small-world,200,6,29,46.0,132.0,34.0,34.0,93.0,93.0,126.0,99.5,0.0,2,2
small-world,200,6,30,46.0,115.0,31.0,31.0,69.0,69.0,136.0,99.5,0.0,2,2
small-world,200,6,31,46.0,4.0,5.0,5.0,26.0,26.0,117.0,99.5,0.0,2,2
small-world,200,6,32,46.0,3.0,4.0,4.0,20.0,20.0,127.0,99.5,0.0,2,2
small-world,200,6,33,46.0,2.0,3.0,3.0,11.0,11.0,140.0,99.5,0.0,2,2
small-world,200,6,34,46.0,120.0,114.0,114.0,145.0,145.0,47.0,99.5,0.0,2,2
small-world,200,6,35,144.0,27.0,144.0,144.0,70.0,70.0,194.0,99.5,0.0,2,2
small-world,200,6,36,46.0,66.0,49.0,49.0,53.0,53.0,130.0,99.5,0.0,2,2
small-world,200,6,37,46.0,138.0,114.0,114.0,161.0,161.0,50.0,99.5,0.0,2,2
small-world,200,6,38,144.0,142.0,144.0,144.0,174.0,174.0,164.0,99.5,0.0,2,2
small-world,200,6,39,46.0,126.0,114.0,114.0,140.0,140.0,65.0,99.5,0.0,2,2
small-world,200,6,40,10.0,107.0,58.0,58.0,103.0,103.0,23.0,99.5,0.0,2,2
small-world,200,6,41,46.0,88.0,56.0,56.0,96.0,96.0,112.0,99.5,0.0,2,2
small-world,200,6,42,46.0,68.0,49.0,49.0,78.0,78.0,121.0,99.5,0.0,2,2
small-world,200,6,43,144.0,109.0,144.0,144.0,137.0,137.0,173.0,99.5,0.0,2,2
small-world,200,6,44,46.0,87.0,114.0,114.0,91.0,91.0,74.0,99.5,0.0,2,2
small-world,200,6,45,10.0,67.0,62.0,62.0,51.0,51.0,28.0,99.5,0.0,2,2
small-world,200,6,46,10.0,46.0,30.0,30.0,30.0,30.0,41.0,99.5,0.0,2,2
small-world,200,6,47,46.0,121.0,99.0,99.0,135.0,135.0,68.0,99.5,0.0,2,2
small-world,200,6,48,10.0,103.0,72.0,72.0,105.0,105.0,16.0,99.5,0.0,2,2
small-world,200,6,49,46.0,81.0,65.0,65.0,86.0,86.0,99.0,99.5,0.0,2,2
small-world,200,6,50,10.0,64.0,60.0,60.0,62.0,62.0,21.0,99.5,0.0,2,2
small-world,200,6,51,46.0,45.0,56.0,56.0,50.0,50.0,110.0,99.5,0.0,2,2
small-world,200,6,52,10.0,28.0,47.0,47.0,25.0,25.0,26.0,99.5,0.0,2,2
small-world,200,6,53,46.0,16.0,46.0,46.0,13.0,13.0,138.0,99.5,0.0,2,2
small-world,200,6,54,10.0,5.0,24.0,24.0,3.0,3.0,45.0,99.5,0.0,2,2
small-world,200,6,55,46.0,102.0,99.0,99.0,122.0,122.0,63.0,99.5,0.0,2,2
small-world,200,6,56,144.0,79.0,144.0,144.0,127.0,127.0,181.0,99.5,0.0,2,2
small-world,200,6,57,144.0,47.0,144.0,144.0,71.0,71.0,187.0,99.5,0.0,2,2
small-world,200,6,58,46.0,34.0,99.0,99.0,31.0,31.0,103.0,99.5,0.0,2,2
small-world,200,6,59,144.0,106.0,144.0,144.0,120.0,120.0,188.0,99.5,0.0,2,2
small-world,200,6,60,144.0,100.0,144.0,144.0,149.0,149.0,168.0,99.5,0.0,2,2
small-world,200,6,61,10.0,78.0,94.0,94.0,102.0,102.0,13.0,99.5,0.0,2,2
small-world,200,6,62,144.0,173.0,144.0,144.0,162.0,162.0,184.0,99.5,0.0,2,2
small-world,200,6,63,144.0,51.0,144.0,144.0,83.0,83.0,191.0,99.5,0.0,2,2
small-world,200,6,64,144.0,91.0,144.0,144.0,129.0,129.0,186.0,99.5,0.0,2,2
small-world,200,6,65,144.0,148.0,144.0,144.0,116.0,116.0,195.0,99.5,0.0,2,2
small-world,200,6,66,10.0,29.0,29.0,29.0,22.0,22.0,33.0,99.5,0.0,2,2
small-world,200,6,67,46.0,17.0,27.0,27.0,19.0,19.0,134.0,99.5,0.0,2,2
small-world,200,6,68,10.0,10.0,26.0,26.0,7.0,7.0,44.0,99.5,0.0,2,2
small-world,200,6,69,144.0,190.0,144.0,144.0,193.0,193.0,144.0,99.5,0.0,2,2
small-world,200,6,70,46.0,186.0,114.0,114.0,186.0,186.0,46.0,99.5,0.0,2,2
small-world,200,6,71,46.0,21.0,99.0,99.0,15.0,15.0,111.0,99.5,0.0,2,2
small-world,200,6,72,144.0,141.0,144.0,144.0,167.0,167.0,155.0,99.5,0.0,2,2
small-world,200,6,73,144.0,131.0,144.0,144.0,164.0,164.0,149.0,99.5,0.0,2,2
small-world,200,6,74,46.0,111.0,114.0,114.0,132.0,132.0,51.0,99.5,0.0,2,2
small-world,200,6,75,10.0,60.0,72.0,72.0,75.0,75.0,18.0,99.5,0.0,2,2
small-world,200,6,76,46.0,40.0,65.0,65.0,56.0,56.0,114.0,99.5,0.0,2,2
small-world,200,6,77,144.0,49.0,144.0,144.0,68.0,68.0,193.0,99.5,0.0,2,2
small-world,200,6,78,10.0,54.0,13.0,13.0,48.0,48.0,32.0,99.5,0.0,2,2
small-world,200,6,79,46.0,42.0,14.0,14.0,49.0,49.0,125.0,99.5,0.0,2,2
small-world,200,6,80,46.0,90.0,18.0,18.0,57.0,57.0,135.0,99.5,0.0,2,2
small-world,200,6,81,46.0,37.0,114.0,114.0,45.0,45.0,66.0,99.5,0.0,2,2
small-world,200,6,82,46.0,189.0,114.0,114.0,187.0,187.0,49.0,99.5,0.0,2,2
small-world,200,6,83,46.0,185.0,99.0,99.0,178.0,178.0,67.0,99.5,0.0,2,2
small-world,200,6,84,46.0,178.0,86.0,86.0,160.0,160.0,86.0,99.5,0.0,2,2
small-world,200,6,85,46.0,169.0,77.0,77.0,139.0,139.0,108.0,99.5,0.0,2,2
small-world,200,6,86,46.0,179.0,99.0,99.0,179.0,179.0,62.0,99.5,0.0,2,2
small-world,200,6,87,144.0,122.0,144.0,144.0,151.0,151.0,179.0,99.5,0.0,2,2
small-world,200,6,88,46.0,12.0,23.0,23.0,10.0,10.0,141.0,99.5,0.0,2,2
small-world,200,6,89,144.0,135.0,144.0,144.0,148.0,148.0,171.0,99.5,0.0,2,2
small-world,200,6,90,46.0,116.0,114.0,114.0,106.0,106.0,71.0,99.5,0.0,2,2
small-world,200,6,91,10.0,96.0,53.0,53.0,58.0,58.0,25.0,99.5,0.0,2,2
small-world,200,6,92,10.0,76.0,47.0,47.0,43.0,43.0,30.0,99.5,0.0,2,2
small-world,200,6,93,10.0,59.0,38.0,38.0,23.0,23.0,40.0,99.5,0.0,2,2
small-world,200,6,94,46.0,58.0,34.0,34.0,38.0,38.0,132.0,99.5,0.0,2,2
small-world,200,6,95,144.0,113.0,144.0,144.0,157.0,157.0,156.0,99.5,0.0,2,2
small-world,200,6,96,46.0,94.0,114.0,114.0,121.0,121.0,58.0,99.5,0.0,2,2
small-world,200,6,97,46.0,72.0,99.0,99.0,82.0,82.0,87.0,99.5,0.0,2,2
small-world,200,6,98,46.0,75.0,39.0,39.0,59.0,59.0,120.0,99.5,0.0,2,2
small-world,200,6,99,144.0,164.0,144.0,144.0,171.0,171.0,162.0,99.5,0.0,2,2
small-world,200,6,100,10.0,151.0,94.0,94.0,131.0,131.0,11.0,99.5,0.0,2,2
small-world,200,6,101,10.0,134.0,72.0,72.0,108.0,108.0,17.0,99.5,0.0,2,2
small-world,200,6,102,46.0,114.0,65.0,65.0,87.0,87.0,105.0,99.5,0.0,2,2
small-world,200,6,103,46.0,196.0,139.0,139.0,196.0,196.0,91.0,99.5,0.0,2,2
small-world,200,6,104,46.0,196.0,139.0,139.0,196.0,196.0,91.0,99.5,0.0,2,2
small-world,200,6,105,46.0,196.0,139.0,139.0,196.0,196.0,91.0,99.5,0.0,2,2
small-world,200,6,106,144.0,35.0,144.0,144.0,40.0,40.0,198.0,99.5,0.0,2,2
small-world,200,6,107,3.0,18.0,42.0,42.0,5.0,5.0,5.0,99.5,0.0,2,2
small-world,200,6,108,144.0,38.0,144.0,144.0,44.0,44.0,199.0,99.5,0.0,2,2
small-world,200,6,109,144.0,187.0,144.0,144.0,189.0,189.0,151.0,99.5,0.0,2,2
small-world,200,6,110,46.0,182.0,114.0,114.0,169.0,169.0,53.0,99.5,0.0,2,2
small-world,200,6,111,46.0,172.0,99.0,99.0,144.0,144.0,75.0,99.5,0.0,2,2
small-world,200,6,112,144.0,63.0,144.0,144.0,88.0,88.0,177.0,99.5,0.0,2,2
small-world,200,6,113,46.0,44.0,114.0,114.0,46.0,46.0,80.0,99.5,0.0,2,2
small-world,200,6,114,10.0,26.0,53.0,53.0,14.0,14.0,39.0,99.5,0.0,2,2
small-world,200,6,115,3.0,13.0,12.0,12.0,4.0,4.0,8.0,99.5,0.0,2,2
small-world,200,6,116,46.0,15.0,51.0,51.0,6.0,6.0,143.0,99.5,0.0,2,2
small-world,200,6,117,2.0,9.0,25.0,25.0,1.0,1.0,2.0,99.5,0.0,2,2
small-world,200,6,118,144.0,154.0,144.0,144.0,183.0,183.0,148.0,99.5,0.0,2,2
small-world,200,6,119,144.0,180.0,144.0,144.0,184.0,184.0,160.0,99.5,0.0,2,2
small-world,200,6,120,46.0,92.0,99.0,99.0,104.0,104.0,70.0,99.5,0.0,2,2
small-world,200,6,121,46.0,70.0,86.0,86.0,72.0,72.0,88.0,99.5,0.0,2,2
small-world,200,6,122,46.0,196.0,139.0,139.0,196.0,196.0,91.0,99.5,0.0,2,2
small-world,200,6,123,46.0,196.0,139.0,139.0,196.0,196.0,91.0,99.5,0.0,2,2
small-world,200,6,124,144.0,51.0,144.0,144.0,83.0,83.0,191.0,99.5,0.0,2,2
small-world,200,6,125,3.0,32.0,11.0,11.0,34.0,34.0,4.0,99.5,0.0,2,2
small-world,200,6,126,46.0,74.0,17.0,17.0,65.0,65.0,123.0,99.5,0.0,2,2
small-world,200,6,127,46.0,65.0,16.0,16.0,61.0,61.0,122.0,99.5,0.0,2,2
small-world,200,6,128,144.0,148.0,144.0,144.0,116.0,116.0,195.0,99.5,0.0,2,2
small-world,200,6,129,46.0,163.0,114.0,114.0,138.0,138.0,59.0,99.5,0.0,2,2
small-world,200,6,130,46.0,147.0,99.0,99.0,97.0,97.0,89.0,99.5,0.0,2,2
small-world,200,6,131,1.0,133.0,37.0,37.0,39.0,39.0,1.0,99.5,0.0,2,2
small-world,200,6,132,46.0,116.0,34.0,34.0,54.0,54.0,137.0,99.5,0.0,2,2
small-world,200,6,133,3.0,98.0,15.0,15.0,36.0,36.0,7.0,99.5,0.0,2,2
small-world,200,6,134,46.0,153.0,86.0,86.0,134.0,134.0,82.0,99.5,0.0,2,2
small-world,200,6,135,46.0,136.0,77.0,77.0,112.0,112.0,106.0,99.5,0.0,2,2
small-world,200,6,136,46.0,118.0,65.0,65.0,77.0,77.0,128.0,99.5,0.0,2,2
small-world,200,6,137,144.0,39.0,144.0,144.0,74.0,74.0,178.0,99.5,0.0,2,2
small-world,200,6,138,46.0,24.0,114.0,114.0,33.0,33.0,85.0,99.5,0.0,2,2
small-world,200,6,139,144.0,195.0,144.0,144.0,195.0,195.0,152.0,99.5,0.0,2,2
small-world,200,6,140,46.0,193.0,114.0,114.0,191.0,191.0,54.0,99.5,0.0,2,2
small-world,200,6,141,144.0,57.0,144.0,144.0,85.0,85.0,165.0,99.5,0.0,2,2
small-world,200,6,142,10.0,161.0,72.0,72.0,107.0,107.0,20.0,99.5,0.0,2,2
small-world,200,6,143,10.0,146.0,58.0,58.0,73.0,73.0,27.0,99.5,0.0,2,2
small-world,200,6,144,144.0,183.0,144.0,144.0,190.0,190.0,146.0,99.5,0.0,2,2
small-world,200,6,145,46.0,176.0,114.0,114.0,176.0,176.0,48.0,99.5,0.0,2,2
small-world,200,6,146,46.0,166.0,99.0,99.0,156.0,156.0,64.0,99.5,0.0,2,2
small-world,200,6,147,144.0,85.0,144.0,144.0,119.0,119.0,185.0,99.5,0.0,2,2
small-world,200,6,148,144.0,93.0,144.0,144.0,123.0,123.0,170.0,99.5,0.0,2,2
small-world,200,6,149,46.0,71.0,114.0,114.0,79.0,79.0,69.0,99.5,0.0,2,2
small-world,200,6,150,10.0,50.0,62.0,62.0,37.0,37.0,24.0,99.5,0.0,2,2
small-world,200,6,151,144.0,82.0,144.0,144.0,89.0,89.0,182.0,99.5,0.0,2,2
small-world,200,6,152,46.0,162.0,114.0,114.0,126.0,126.0,72.0,99.5,0.0,2,2
small-world,200,6,153,144.0,192.0,144.0,144.0,194.0,194.0,147.0,99.5,0.0,2,2
small-world,200,6,154,144.0,56.0,144.0,144.0,115.0,115.0,176.0,99.5,0.0,2,2
small-world,200,6,155,46.0,36.0,114.0,114.0,66.0,66.0,77.0,99.5,0.0,2,2
small-world,200,6,156,46.0,144.0,77.0,77.0,125.0,125.0,107.0,99.5,0.0,2,2
small-world,200,6,157,144.0,174.0,144.0,144.0,166.0,166.0,172.0,99.5,0.0,2,2
small-world,200,6,158,10.0,25.0,8.0,8.0,29.0,29.0,38.0,99.5,0.0,2,2
small-world,200,6,159,46.0,18.0,10.0,10.0,35.0,35.0,131.0,99.5,0.0,2,2
small-world,200,6,160,10.0,14.0,9.0,9.0,24.0,24.0,34.0,99.5,0.0,2,2
small-world,200,6,161,144.0,157.0,144.0,144.0,181.0,181.0,175.0,99.5,0.0,2,2
small-world,200,6,162,144.0,180.0,144.0,144.0,184.0,184.0,160.0,99.5,0.0,2,2
small-world,200,6,163,46.0,105.0,99.0,99.0,101.0,101.0,84.0,99.5,0.0,2,2
small-world,200,6,164,144.0,119.0,144.0,144.0,143.0,143.0,158.0,99.5,0.0,2,2
small-world,200,6,165,46.0,99.0,114.0,114.0,100.0,100.0,60.0,99.5,0.0,2,2
small-world,200,6,166,46.0,77.0,99.0,99.0,60.0,60.0,101.0,99.5,0.0,2,2
small-world,200,6,167,144.0,127.0,144.0,144.0,152.0,152.0,166.0,99.5,0.0,2,2
small-world,200,6,168,46.0,112.0,44.0,44.0,92.0,92.0,119.0,99.5,0.0,2,2
small-world,200,6,169,46.0,95.0,43.0,43.0,80.0,80.0,113.0,99.5,0.0,2,2
small-world,200,6,170,3.0,1.0,1.0,1.0,2.0,2.0,10.0,99.5,0.0,2,2
small-world,200,6,171,144.0,137.0,144.0,144.0,175.0,175.0,145.0,99.5,0.0,2,2
small-world,200,6,172,46.0,170.0,86.0,86.0,163.0,163.0,78.0,99.5,0.0,2,2
small-world,200,6,173,46.0,159.0,77.0,77.0,147.0,147.0,97.0,99.5,0.0,2,2
small-world,200,6,174,46.0,143.0,65.0,65.0,124.0,124.0,109.0,99.5,0.0,2,2
small-world,200,6,175,10.0,130.0,45.0,45.0,95.0,95.0,31.0,99.5,0.0,2,2
small-world,200,6,176,144.0,175.0,144.0,144.0,173.0,173.0,157.0,99.5,0.0,2,2
small-world,200,6,177,144.0,148.0,144.0,144.0,116.0,116.0,195.0,99.5,0.0,2,2
small-world,200,6,178,144.0,155.0,144.0,144.0,182.0,182.0,150.0,99.5,0.0,2,2
small-world,200,6,179,46.0,139.0,114.0,114.0,155.0,155.0,52.0,99.5,0.0,2,2
small-world,200,6,180,46.0,122.0,99.0,99.0,128.0,128.0,73.0,99.5,0.0,2,2
small-world,200,6,181,144.0,73.0,144.0,144.0,113.0,113.0,159.0,99.5,0.0,2,2
small-world,200,6,182,46.0,55.0,114.0,114.0,63.0,63.0,61.0,99.5,0.0,2,2
small-world,200,6,183,144.0,194.0,144.0,144.0,192.0,192.0,174.0,99.5,0.0,2,2
small-world,200,6,184,10.0,191.0,84.0,84.0,180.0,180.0,14.0,99.5,0.0,2,2
small-world,200,6,185,144.0,100.0,144.0,144.0,149.0,149.0,168.0,99.5,0.0,2,2
small-world,200,6,186,144.0,152.0,144.0,144.0,158.0,158.0,180.0,99.5,0.0,2,2
small-world,200,6,187,144.0,22.0,144.0,144.0,21.0,21.0,200.0,99.5,0.0,2,2
small-world,200,6,188,46.0,124.0,114.0,114.0,133.0,133.0,57.0,99.5,0.0,2,2
small-world,200,6,189,46.0,6.0,22.0,22.0,8.0,8.0,142.0,99.5,0.0,2,2
small-world,200,6,190,144.0,167.0,144.0,144.0,188.0,188.0,154.0,99.5,0.0,2,2
small-world,200,6,191,46.0,156.0,114.0,114.0,168.0,168.0,56.0,99.5,0.0,2,2
small-world,200,6,192,10.0,140.0,84.0,84.0,142.0,142.0,15.0,99.5,0.0,2,2
small-world,200,6,193,46.0,125.0,77.0,77.0,130.0,130.0,98.0,99.5,0.0,2,2
small-world,200,6,194,144.0,53.0,144.0,144.0,64.0,64.0,189.0,99.5,0.0,2,2
small-world,200,6,195,10.0,33.0,55.0,55.0,17.0,17.0,29.0,99.5,0.0,2,2
small-world,200,6,196,46.0,80.0,86.0,86.0,94.0,94.0,79.0,99.5,0.0,2,2
small-world,200,6,197,144.0,129.0,144.0,144.0,170.0,170.0,153.0,99.5,0.0,2,2
small-world,200,6,198,46.0,110.0,114.0,114.0,141.0,141.0,55.0,99.5,0.0,2,2
small-world,200,6,199,46.0,89.0,99.0,99.0,114.0,114.0,76.0,99.5,0.0,2,2
