small-world,200,15,0,141.0,120.0,141.0,141.0,176.0,176.0,143.0,99.5,0.0,2,1
small-world,200,15,1,141.0,175.0,141.0,141.0,186.0,186.0,151.0,99.5,0.0,2,1
small-world,200,15,2,49.0,158.0,114.0,114.0,165.0,165.0,56.0,99.5,0.0,2,1
small-world,200,15,3,49.0,140.0,98.0,98.0,139.0,139.0,87.0,99.5,0.0,2,1
small-world,200,15,4,11.0,118.0,54.0,54.0,104.0,104.0,27.0,99.5,0.0,2,1
small-world,200,15,5,49.0,104.0,50.0,50.0,98.0,98.0,114.0,99.5,0.0,2,1
small-world,200,15,6,141.0,177.0,141.0,141.0,185.0,185.0,148.0,99.5,0.0,2,1
small-world,200,15,7,49.0,125.0,114.0,114.0,127.0,127.0,68.0,99.5,0.0,2,1
small-world,200,15,8,141.0,106.0,141.0,141.0,134.0,134.0,182.0,99.5,0.0,2,1
small-world,200,15,9,141.0,151.0,141.0,141.0,167.0,167.0,163.0,99.5,0.0,2,1
small-world,200,15,10,49.0,133.0,114.0,114.0,129.0,129.0,74.0,99.5,0.0,2,1
small-world,200,15,11,11.0,114.0,29.0,29.0,83.0,83.0,26.0,99.5,0.0,2,1
small-world,200,15,12,49.0,97.0,27.0,27.0,76.0,76.0,122.0,99.5,0.0,2,1
small-world,200,15,13,11.0,85.0,26.0,26.0,46.0,46.0,33.0,99.5,0.0,2,1
small-world,200,15,14,11.0,74.0,21.0,21.0,30.0,30.0,44.0,99.5,0.0,2,1
small-world,200,15,15,49.0,171.0,98.0,98.0,158.0,158.0,84.0,99.5,0.0,2,1
small-world,200,15,16,141.0,191.0,141.0,141.0,197.0,197.0,144.0,99.5,0.0,2,1
small-world,200,15,17,49.0,186.0,114.0,114.0,188.0,188.0,52.0,99.5,0.0,2,1
small-world,200,15,18,141.0,156.0,141.0,141.0,156.0,156.0,177.0,99.5,0.0,2,1
small-world,200,15,19,49.0,155.0,76.0,76.0,154.0,154.0,94.0,99.5,0.0,2,1
small-world,200,15,20,141.0,173.0,141.0,141.0,189.0,189.0,149.0,99.5,0.0,2,1
small-world,200,15,21,49.0,81.0,114.0,114.0,106.0,106.0,62.0,99.5,0.0,2,1
small-world,200,15,22,49.0,66.0,98.0,98.0,68.0,68.0,91.0,99.5,0.0,2,1
small-world,200,15,23,11.0,43.0,72.0,72.0,31.0,31.0,31.0,99.5,0.0,2,1
small-world,200,15,24,3.0,23.0,4.0,4.0,7.0,7.0,8.0,99.5,0.0,2,1
small-world,200,15,25,49.0,21.0,16.0,16.0,22.0,22.0,138.0,99.5,0.0,2,1
small-world,200,15,26,49.0,17.0,15.0,15.0,27.0,27.0,128.0,99.5,0.0,2,1
small-world,200,15,27,49.0,64.0,42.0,42.0,51.0,51.0,124.0,99.5,0.0,2,1
small-world,200,15,28,49.0,42.0,38.0,38.0,34.0,34.0,137.0,99.5,0.0,2,1
small-world,200,15,29,141.0,164.0,141.0,141.0,173.0,173.0,172.0,99.5,0.0,2,1
small-world,200,15,30,141.0,154.0,141.0,141.0,153.0,153.0,184.0,99.5,0.0,2,1
small-world,200,15,31,11.0,136.0,70.0,70.0,96.0,96.0,22.0,99.5,0.0,2,1
small-world,200,15,32,141.0,54.0,141.0,141.0,107.0,107.0,159.0,99.5,0.0,2,1
small-world,200,15,33,141.0,128.0,141.0,141.0,140.0,140.0,180.0,99.5,0.0,2,1
small-world,200,15,34,11.0,11.0,9.0,9.0,8.0,8.0,37.0,99.5,0.0,2,1
small-world,200,15,35,1.0,18.0,6.0,6.0,4.0,4.0,2.0,99.5,0.0,2,1
small-world,200,15,36,11.0,93.0,47.0,47.0,63.0,63.0,30.0,99.5,0.0,2,1
small-world,200,15,37,49.0,79.0,44.0,44.0,67.0,67.0,119.0,99.5,0.0,2,1
small-world,200,15,38,49.0,179.0,114.0,114.0,163.0,163.0,63.0,99.5,0.0,2,1
small-world,200,15,39,49.0,167.0,98.0,98.0,135.0,135.0,93.0,99.5,0.0,2,1
small-world,200,15,40,3.0,150.0,71.0,71.0,82.0,82.0,5.0,99.5,0.0,2,1
small-world,200,15,41,49.0,165.0,140.0,140.0,116.0,116.0,123.0,99.5,0.0,2,1
small-world,200,15,42,141.0,72.0,141.0,141.0,117.0,117.0,165.0,99.5,0.0,2,1
small-world,200,15,43,141.0,175.0,141.0,141.0,186.0,186.0,151.0,99.5,0.0,2,1
small-world,200,15,44,141.0,103.0,141.0,141.0,108.0,108.0,190.0,99.5,0.0,2,1
small-world,200,15,45,141.0,47.0,141.0,141.0,101.0,101.0,167.0,99.5,0.0,2,1
small-world,200,15,46,141.0,111.0,141.0,141.0,125.0,125.0,173.0,99.5,0.0,2,1
small-world,200,15,47,11.0,92.0,93.0,93.0,69.0,69.0,15.0,99.5,0.0,2,1
small-world,200,15,48,141.0,168.0,141.0,141.0,150.0,150.0,192.0,99.5,0.0,2,1
small-world,200,15,49,141.0,107.0,141.0,141.0,160.0,160.0,145.0,99.5,0.0,2,1
small-world,200,15,50,49.0,90.0,114.0,114.0,122.0,122.0,53.0,99.5,0.0,2,1
small-world,200,15,51,49.0,75.0,98.0,98.0,89.0,89.0,73.0,99.5,0.0,2,1
small-world,200,15,52,49.0,57.0,85.0,85.0,54.0,54.0,97.0,99.5,0.0,2,1
small-world,200,15,53,49.0,193.0,68.0,68.0,180.0,180.0,98.0,99.5,0.0,2,1
small-world,200,15,54,49.0,189.0,61.0,61.0,168.0,168.0,102.0,99.5,0.0,2,1
small-world,200,15,55,11.0,184.0,48.0,48.0,148.0,148.0,20.0,99.5,0.0,2,1
small-world,200,15,56,141.0,130.0,141.0,141.0,130.0,130.0,194.0,99.5,0.0,2,1
small-world,200,15,57,11.0,166.0,113.0,113.0,114.0,114.0,25.0,99.5,0.0,2,1
small-world,200,15,58,141.0,149.0,141.0,141.0,177.0,177.0,153.0,99.5,0.0,2,1
small-world,200,15,59,49.0,131.0,114.0,114.0,144.0,144.0,61.0,99.5,0.0,2,1
small-world,200,15,60,49.0,111.0,98.0,98.0,110.0,110.0,90.0,99.5,0.0,2,1
small-world,200,15,61,141.0,20.0,141.0,141.0,44.0,44.0,197.0,99.5,0.0,2,1
small-world,200,15,62,141.0,39.0,141.0,141.0,84.0,84.0,175.0,99.5,0.0,2,1
small-world,200,15,63,141.0,55.0,141.0,141.0,99.0,99.0,168.0,99.5,0.0,2,1
small-world,200,15,64,11.0,34.0,93.0,93.0,43.0,43.0,12.0,99.5,0.0,2,1
small-world,200,15,65,49.0,16.0,85.0,85.0,20.0,20.0,117.0,99.5,0.0,2,1
small-world,200,15,66,11.0,19.0,93.0,93.0,35.0,35.0,16.0,99.5,0.0,2,1
small-world,200,15,67,141.0,111.0,141.0,141.0,125.0,125.0,173.0,99.5,0.0,2,1
small-world,200,15,68,141.0,178.0,141.0,141.0,166.0,166.0,186.0,99.5,0.0,2,1
small-world,200,15,69,49.0,27.0,114.0,114.0,41.0,41.0,83.0,99.5,0.0,2,1
small-world,200,15,70,141.0,29.0,141.0,141.0,55.0,55.0,188.0,99.5,0.0,2,1
small-world,200,15,71,49.0,100.0,114.0,114.0,146.0,146.0,51.0,99.5,0.0,2,1
small-world,200,15,72,141.0,159.0,141.0,141.0,172.0,172.0,158.0,99.5,0.0,2,1
small-world,200,15,73,11.0,101.0,36.0,36.0,49.0,49.0,42.0,99.5,0.0,2,1
small-world,200,15,74,141.0,199.0,141.0,141.0,199.0,199.0,156.0,99.5,0.0,2,1
small-world,200,15,75,49.0,174.0,44.0,44.0,151.0,151.0,106.0,99.5,0.0,2,1
small-world,200,15,76,49.0,160.0,42.0,42.0,143.0,143.0,103.0,99.5,0.0,2,1
small-world,200,15,77,49.0,146.0,38.0,38.0,131.0,131.0,105.0,99.5,0.0,2,1
small-world,200,15,78,49.0,132.0,33.0,33.0,112.0,112.0,110.0,99.5,0.0,2,1
small-world,200,15,79,49.0,190.0,114.0,114.0,178.0,178.0,71.0,99.5,0.0,2,1
small-world,200,15,80,141.0,55.0,141.0,141.0,99.0,99.0,168.0,99.5,0.0,2,1
small-world,200,15,81,141.0,51.0,141.0,141.0,81.0,81.0,187.0,99.5,0.0,2,1
small-world,200,15,82,141.0,60.0,141.0,141.0,65.0,65.0,198.0,99.5,0.0,2,1
small-world,200,15,83,11.0,38.0,18.0,18.0,15.0,15.0,41.0,99.5,0.0,2,1
small-world,200,15,84,141.0,98.0,141.0,141.0,147.0,147.0,154.0,99.5,0.0,2,1
small-world,200,15,85,49.0,188.0,114.0,114.0,192.0,192.0,49.0,99.5,0.0,2,1
small-world,200,15,86,49.0,183.0,98.0,98.0,182.0,182.0,65.0,99.5,0.0,2,1
small-world,200,15,87,49.0,172.0,85.0,85.0,169.0,169.0,81.0,99.5,0.0,2,1
small-world,200,15,88,141.0,194.0,141.0,141.0,195.0,195.0,162.0,99.5,0.0,2,1
small-world,200,15,89,141.0,146.0,141.0,141.0,170.0,170.0,160.0,99.5,0.0,2,1
small-world,200,15,90,49.0,125.0,114.0,114.0,127.0,127.0,68.0,99.5,0.0,2,1
small-world,200,15,91,49.0,65.0,30.0,30.0,47.0,47.0,121.0,99.5,0.0,2,1
small-world,200,15,92,49.0,32.0,114.0,114.0,58.0,58.0,67.0,99.5,0.0,2,1
small-world,200,15,93,49.0,15.0,98.0,98.0,28.0,28.0,109.0,99.5,0.0,2,1
small-world,200,15,94,11.0,88.0,41.0,41.0,79.0,79.0,19.0,99.5,0.0,2,1
small-world,200,15,95,141.0,61.0,141.0,141.0,73.0,73.0,191.0,99.5,0.0,2,1
small-world,200,15,96,11.0,41.0,31.0,31.0,23.0,23.0,34.0,99.5,0.0,2,1
small-world,200,15,97,11.0,22.0,8.0,8.0,5.0,5.0,47.0,99.5,0.0,2,1
small-world,200,15,98,11.0,33.0,17.0,17.0,10.0,10.0,45.0,99.5,0.0,2,1
small-world,200,15,99,141.0,187.0,141.0,141.0,193.0,193.0,147.0,99.5,0.0,2,1
small-world,200,15,100,49.0,182.0,114.0,114.0,179.0,179.0,55.0,99.5,0.0,2,1
small-world,200,15,101,49.0,123.0,76.0,76.0,105.0,105.0,107.0,99.5,0.0,2,1
small-world,200,15,102,3.0,110.0,37.0,37.0,60.0,60.0,6.0,99.5,0.0,2,1
small-world,200,15,103,49.0,95.0,33.0,33.0,72.0,72.0,125.0,99.5,0.0,2,1
small-world,200,15,104,11.0,80.0,31.0,31.0,53.0,53.0,23.0,99.5,0.0,2,1
small-world,200,15,105,141.0,199.0,141.0,141.0,199.0,199.0,156.0,99.5,0.0,2,1
small-world,200,15,106,11.0,198.0,93.0,93.0,196.0,196.0,11.0,99.5,0.0,2,1
small-world,200,15,107,49.0,197.0,85.0,85.0,194.0,194.0,78.0,99.5,0.0,2,1
small-world,200,15,108,49.0,196.0,76.0,76.0,191.0,191.0,85.0,99.5,0.0,2,1
small-world,200,15,109,49.0,119.0,63.0,63.0,95.0,95.0,120.0,99.5,0.0,2,1
small-world,200,15,110,49.0,105.0,59.0,59.0,78.0,78.0,132.0,99.5,0.0,2,1
small-world,200,15,111,11.0,89.0,25.0,25.0,40.0,40.0,43.0,99.5,0.0,2,1
small-world,200,15,112,141.0,29.0,141.0,141.0,55.0,55.0,188.0,99.5,0.0,2,1
small-world,200,15,113,3.0,13.0,65.0,65.0,12.0,12.0,4.0,99.5,0.0,2,1
small-world,200,15,114,11.0,1.0,3.0,3.0,2.0,2.0,48.0,99.5,0.0,2,1
small-world,200,15,115,3.0,2.0,2.0,2.0,3.0,3.0,9.0,99.5,0.0,2,1
small-world,200,15,116,49.0,4.0,7.0,7.0,9.0,9.0,140.0,99.5,0.0,2,1
small-world,200,15,117,11.0,5.0,5.0,5.0,13.0,13.0,38.0,99.5,0.0,2,1
small-world,200,15,118,49.0,7.0,10.0,10.0,19.0,19.0,127.0,99.5,0.0,2,1
small-world,200,15,119,49.0,84.0,98.0,98.0,119.0,119.0,70.0,99.5,0.0,2,1
small-world,200,15,120,49.0,71.0,85.0,85.0,90.0,90.0,86.0,99.5,0.0,2,1
small-world,200,15,121,141.0,96.0,141.0,141.0,113.0,113.0,183.0,99.5,0.0,2,1
small-world,200,15,122,49.0,49.0,76.0,76.0,57.0,57.0,101.0,99.5,0.0,2,1
small-world,200,15,123,3.0,26.0,56.0,56.0,24.0,24.0,3.0,99.5,0.0,2,1
small-world,200,15,124,141.0,53.0,141.0,141.0,91.0,91.0,170.0,99.5,0.0,2,1
small-world,200,15,125,141.0,39.0,141.0,141.0,84.0,84.0,175.0,99.5,0.0,2,1
small-world,200,15,126,49.0,50.0,114.0,114.0,64.0,64.0,77.0,99.5,0.0,2,1
small-world,200,15,127,141.0,31.0,141.0,141.0,52.0,52.0,196.0,99.5,0.0,2,1
small-world,200,15,128,11.0,14.0,49.0,49.0,11.0,11.0,36.0,99.5,0.0,2,1
small-world,200,15,129,141.0,185.0,141.0,141.0,190.0,190.0,155.0,99.5,0.0,2,1
small-world,200,15,130,1.0,109.0,64.0,64.0,71.0,71.0,1.0,99.5,0.0,2,1
small-world,200,15,131,141.0,93.0,141.0,141.0,92.0,92.0,195.0,99.5,0.0,2,1
small-world,200,15,132,3.0,78.0,53.0,53.0,32.0,32.0,7.0,99.5,0.0,2,1
small-world,200,15,133,11.0,62.0,19.0,19.0,17.0,17.0,46.0,99.5,0.0,2,1
small-world,200,15,134,49.0,45.0,20.0,20.0,29.0,29.0,139.0,99.5,0.0,2,1
small-world,200,15,135,49.0,83.0,85.0,85.0,118.0,118.0,82.0,99.5,0.0,2,1
small-world,200,15,136,49.0,69.0,76.0,76.0,93.0,93.0,96.0,99.5,0.0,2,1
small-world,200,15,137,141.0,139.0,141.0,141.0,184.0,184.0,142.0,99.5,0.0,2,1
small-world,200,15,138,49.0,116.0,114.0,114.0,164.0,164.0,50.0,99.5,0.0,2,1
small-world,200,15,139,49.0,99.0,98.0,98.0,142.0,142.0,66.0,99.5,0.0,2,1
small-world,200,15,140,141.0,58.0,141.0,141.0,77.0,77.0,185.0,99.5,0.0,2,1
small-world,200,15,141,11.0,35.0,73.0,73.0,25.0,25.0,24.0,99.5,0.0,2,1
small-world,200,15,142,49.0,141.0,114.0,114.0,137.0,137.0,64.0,99.5,0.0,2,1
small-world,200,15,143,49.0,120.0,98.0,98.0,97.0,97.0,100.0,99.5,0.0,2,1
small-world,200,15,144,49.0,181.0,98.0,98.0,175.0,175.0,72.0,99.5,0.0,2,1
small-world,200,15,145,49.0,170.0,85.0,85.0,155.0,155.0,95.0,99.5,0.0,2,1
small-world,200,15,146,49.0,48.0,27.0,27.0,33.0,33.0,134.0,99.5,0.0,2,1
small-world,200,15,147,49.0,195.0,74.0,74.0,183.0,183.0,92.0,99.5,0.0,2,1
small-world,200,15,148,141.0,180.0,141.0,141.0,181.0,181.0,164.0,99.5,0.0,2,1
small-world,200,15,149,49.0,169.0,114.0,114.0,145.0,145.0,75.0,99.5,0.0,2,1
small-world,200,15,150,11.0,152.0,82.0,82.0,102.0,102.0,29.0,99.5,0.0,2,1
small-world,200,15,151,141.0,145.0,141.0,141.0,174.0,174.0,150.0,99.5,0.0,2,1
small-world,200,15,152,49.0,124.0,114.0,114.0,138.0,138.0,57.0,99.5,0.0,2,1
small-world,200,15,153,141.0,125.0,141.0,141.0,149.0,149.0,171.0,99.5,0.0,2,1
small-world,200,15,154,11.0,108.0,83.0,83.0,94.0,94.0,14.0,99.5,0.0,2,1
small-world,200,15,155,49.0,91.0,76.0,76.0,70.0,70.0,108.0,99.5,0.0,2,1
small-world,200,15,156,49.0,9.0,11.0,11.0,18.0,18.0,126.0,99.5,0.0,2,1
small-world,200,15,157,141.0,146.0,141.0,141.0,170.0,170.0,160.0,99.5,0.0,2,1
small-world,200,15,158,49.0,163.0,114.0,114.0,159.0,159.0,58.0,99.5,0.0,2,1
small-world,200,15,159,11.0,144.0,83.0,83.0,124.0,124.0,13.0,99.5,0.0,2,1
small-world,200,15,160,11.0,153.0,60.0,60.0,123.0,123.0,21.0,99.5,0.0,2,1
small-world,200,15,161,49.0,135.0,57.0,57.0,121.0,121.0,112.0,99.5,0.0,2,1
small-world,200,15,162,49.0,117.0,55.0,55.0,109.0,109.0,111.0,99.5,0.0,2,1
small-world,200,15,163,49.0,101.0,50.0,50.0,87.0,87.0,116.0,99.5,0.0,2,1
small-world,200,15,164,49.0,87.0,44.0,44.0,61.0,61.0,131.0,99.5,0.0,2,1
small-world,200,15,165,49.0,138.0,74.0,74.0,136.0,136.0,104.0,99.5,0.0,2,1
small-world,200,15,166,141.0,36.0,141.0,141.0,37.0,37.0,199.0,99.5,0.0,2,1
small-world,200,15,167,49.0,161.0,114.0,114.0,161.0,161.0,59.0,99.5,0.0,2,1
small-world,200,15,168,49.0,142.0,98.0,98.0,132.0,132.0,88.0,99.5,0.0,2,1
small-world,200,15,169,11.0,44.0,22.0,22.0,26.0,26.0,35.0,99.5,0.0,2,1
small-world,200,15,170,141.0,70.0,141.0,141.0,115.0,115.0,179.0,99.5,0.0,2,1
small-world,200,15,171,11.0,45.0,67.0,67.0,59.0,59.0,18.0,99.5,0.0,2,1
small-world,200,15,172,49.0,25.0,61.0,61.0,42.0,42.0,115.0,99.5,0.0,2,1
small-world,200,15,173,49.0,12.0,57.0,57.0,21.0,21.0,135.0,99.5,0.0,2,1
small-world,200,15,174,141.0,68.0,141.0,141.0,75.0,75.0,193.0,99.5,0.0,2,1
small-world,200,15,175,3.0,3.0,1.0,1.0,1.0,1.0,10.0,99.5,0.0,2,1
small-world,200,15,176,141.0,156.0,141.0,141.0,156.0,156.0,177.0,99.5,0.0,2,1
small-world,200,15,177,11.0,137.0,93.0,93.0,103.0,103.0,17.0,99.5,0.0,2,1
small-world,200,15,178,11.0,115.0,52.0,52.0,62.0,62.0,40.0,99.5,0.0,2,1
small-world,200,15,179,49.0,134.0,69.0,69.0,86.0,86.0,133.0,99.5,0.0,2,1
small-world,200,15,180,141.0,192.0,141.0,141.0,198.0,198.0,141.0,99.5,0.0,2,1
small-world,200,15,181,49.0,63.0,23.0,23.0,36.0,36.0,130.0,99.5,0.0,2,1
small-world,200,15,182,49.0,77.0,24.0,24.0,48.0,48.0,136.0,99.5,0.0,2,1
small-world,200,15,183,141.0,82.0,141.0,141.0,120.0,120.0,166.0,99.5,0.0,2,1
small-world,200,15,184,49.0,67.0,114.0,114.0,74.0,74.0,79.0,99.5,0.0,2,1
small-world,200,15,185,49.0,161.0,114.0,114.0,161.0,161.0,59.0,99.5,0.0,2,1
small-world,200,15,186,49.0,142.0,98.0,98.0,132.0,132.0,88.0,99.5,0.0,2,1
small-world,200,15,187,11.0,122.0,65.0,65.0,88.0,88.0,28.0,99.5,0.0,2,1
small-world,200,15,188,141.0,86.0,141.0,141.0,152.0,152.0,146.0,99.5,0.0,2,1
small-world,200,15,189,49.0,72.0,114.0,114.0,111.0,111.0,54.0,99.5,0.0,2,1
small-world,200,15,190,49.0,51.0,98.0,98.0,80.0,80.0,76.0,99.5,0.0,2,1
small-world,200,15,191,49.0,28.0,85.0,85.0,39.0,39.0,99.0,99.5,0.0,2,1
small-world,200,15,192,49.0,24.0,114.0,114.0,50.0,50.0,80.0,99.5,0.0,2,1
small-world,200,15,193,11.0,10.0,13.0,13.0,16.0,16.0,32.0,99.5,0.0,2,1
small-world,200,15,194,49.0,8.0,14.0,14.0,14.0,14.0,129.0,99.5,0.0,2,1
small-world,200,15,195,11.0,5.0,12.0,12.0,6.0,6.0,39.0,99.5,0.0,2,1
small-world,200,15,196,49.0,75.0,38.0,38.0,66.0,66.0,113.0,99.5,0.0,2,1
small-world,200,15,197,49.0,59.0,33.0,33.0,45.0,45.0,118.0,99.5,0.0,2,1
small-world,200,15,198,141.0,36.0,141.0,141.0,37.0,37.0,199.0,99.5,0.0,2,1
small-world,200,15,199,141.0,128.0,141.0,141.0,140.0,140.0,180.0,99.5,0.0,2,1
small-world,200,16,0,147.0,135.0,147.0,147.0,138.0,138.0,160.0,99.5,0.0,2,4
small-world,200,16,1,41.0,126.0,91.0,91.0,116.0,116.0,53.0,99.5,0.0,2,4
small-world,200,16,2,147.0,66.0,147.0,147.0,83.0,83.0,189.0,99.5,0.0,2,4
small-world,200,16,3,147.0,55.0,147.0,147.0,54.0,54.0,198.0,99.5,0.0,2,4
small-world,200,16,4,147.0,178.0,147.0,147.0,179.0,179.0,162.0,99.5,0.0,2,4
small-world,200,16,5,41.0,169.0,127.0,127.0,168.0,168.0,56.0,99.5,0.0,2,4
small-world,200,16,6,41.0,66.0,70.0,70.0,64.0,64.0,77.0,99.5,0.0,2,4
small-world,200,16,7,41.0,46.0,61.0,61.0,40.0,40.0,117.0,99.5,0.0,2,4
small-world,200,16,8,3.0,27.0,12.0,12.0,14.0,14.0,8.0,99.5,0.0,2,4
small-world,200,16,9,147.0,90.0,147.0,147.0,101.0,101.0,170.0,99.5,0.0,2,4
small-world,200,16,10,147.0,199.0,147.0,147.0,199.0,199.0,152.0,99.5,0.0,2,4
small-world,200,16,11,41.0,196.0,137.0,137.0,192.0,192.0,46.0,99.5,0.0,2,4
small-world,200,16,12,41.0,75.0,40.0,40.0,78.0,78.0,101.0,99.5,0.0,2,4
small-world,200,16,13,41.0,52.0,35.0,35.0,58.0,58.0,113.0,99.5,0.0,2,4
small-world,200,16,14,41.0,169.0,131.0,131.0,180.0,180.0,124.0,99.5,0.0,2,4
small-world,200,16,15,147.0,29.0,147.0,147.0,57.0,57.0,177.0,99.5,0.0,2,4
small-world,200,16,16,41.0,12.0,91.0,91.0,23.0,23.0,89.0,99.5,0.0,2,4
small-world,200,16,17,147.0,80.0,147.0,147.0,99.0,99.0,166.0,99.5,0.0,2,4
small-world,200,16,18,41.0,61.0,91.0,91.0,62.0,62.0,63.0,99.5,0.0,2,4
small-world,200,16,19,13.0,38.0,49.0,49.0,28.0,28.0,18.0,99.5,0.0,2,4
small-world,200,16,20,13.0,20.0,37.0,37.0,15.0,15.0,24.0,99.5,0.0,2,4
small-world,200,16,21,147.0,110.0,147.0,147.0,102.0,102.0,194.0,99.5,0.0,2,4
small-world,200,16,22,147.0,137.0,147.0,147.0,144.0,144.0,149.0,99.5,0.0,2,4
small-world,200,16,23,41.0,131.0,91.0,91.0,135.0,135.0,42.0,99.5,0.0,2,4
small-world,200,16,24,147.0,43.0,147.0,147.0,76.0,76.0,168.0,99.5,0.0,2,4
small-world,200,16,25,41.0,25.0,91.0,91.0,37.0,37.0,68.0,99.5,0.0,2,4
small-world,200,16,26,13.0,10.0,49.0,49.0,12.0,12.0,23.0,99.5,0.0,2,4
small-world,200,16,27,13.0,2.0,2.0,2.0,2.0,2.0,38.0,99.5,0.0,2,4
small-world,200,16,28,3.0,3.0,3.0,3.0,5.0,5.0,9.0,99.5,0.0,2,4
small-world,200,16,29,147.0,127.0,147.0,147.0,123.0,123.0,182.0,99.5,0.0,2,4
small-world,200,16,30,3.0,117.0,48.0,48.0,87.0,87.0,3.0,99.5,0.0,2,4
small-world,200,16,31,41.0,108.0,43.0,43.0,82.0,82.0,118.0,99.5,0.0,2,4
small-world,200,16,32,3.0,97.0,25.0,25.0,52.0,52.0,6.0,99.5,0.0,2,4
small-world,200,16,33,41.0,88.0,22.0,22.0,55.0,55.0,136.0,99.5,0.0,2,4
small-world,200,16,34,13.0,74.0,17.0,17.0,39.0,39.0,30.0,99.5,0.0,2,4
small-world,200,16,35,41.0,59.0,16.0,16.0,42.0,42.0,134.0,99.5,0.0,2,4
small-world,200,16,36,41.0,41.0,15.0,15.0,29.0,29.0,137.0,99.5,0.0,2,4
small-world,200,16,37,147.0,87.0,147.0,147.0,110.0,110.0,159.0,99.5,0.0,2,4
small-world,200,16,38,41.0,68.0,91.0,91.0,81.0,81.0,54.0,99.5,0.0,2,4
small-world,200,16,39,41.0,47.0,70.0,70.0,51.0,51.0,93.0,99.5,0.0,2,4
small-world,200,16,40,41.0,133.0,70.0,70.0,132.0,132.0,65.0,99.5,0.0,2,4
small-world,200,16,41,41.0,124.0,61.0,61.0,120.0,120.0,79.0,99.5,0.0,2,4
small-world,200,16,42,41.0,115.0,53.0,53.0,112.0,112.0,98.0,99.5,0.0,2,4
small-world,200,16,43,41.0,106.0,43.0,43.0,95.0,95.0,119.0,99.5,0.0,2,4
small-world,200,16,44,41.0,164.0,122.0,122.0,161.0,161.0,102.0,99.5,0.0,2,4
small-world,200,16,45,147.0,69.0,147.0,147.0,85.0,85.0,176.0,99.5,0.0,2,4
small-world,200,16,46,41.0,165.0,87.0,87.0,167.0,167.0,94.0,99.5,0.0,2,4
small-world,200,16,47,41.0,163.0,86.0,86.0,165.0,165.0,97.0,99.5,0.0,2,4
small-world,200,16,48,41.0,159.0,85.0,85.0,163.0,163.0,103.0,99.5,0.0,2,4
small-world,200,16,49,41.0,154.0,84.0,84.0,162.0,162.0,110.0,99.5,0.0,2,4
small-world,200,16,50,41.0,150.0,82.0,82.0,156.0,156.0,116.0,99.5,0.0,2,4
small-world,200,16,51,41.0,149.0,81.0,81.0,152.0,152.0,125.0,99.5,0.0,2,4
small-world,200,16,52,1.0,145.0,68.0,68.0,137.0,137.0,1.0,99.5,0.0,2,4
small-world,200,16,53,13.0,147.0,80.0,80.0,143.0,143.0,37.0,99.5,0.0,2,4
small-world,200,16,54,147.0,194.0,147.0,147.0,196.0,196.0,173.0,99.5,0.0,2,4
small-world,200,16,55,41.0,183.0,137.0,137.0,183.0,183.0,83.0,99.5,0.0,2,4
small-world,200,16,56,147.0,175.0,147.0,147.0,173.0,173.0,178.0,99.5,0.0,2,4
small-world,200,16,57,41.0,78.0,70.0,70.0,79.0,79.0,70.0,99.5,0.0,2,4
small-world,200,16,58,13.0,58.0,51.0,51.0,49.0,49.0,17.0,99.5,0.0,2,4
small-world,200,16,59,41.0,177.0,114.0,114.0,170.0,170.0,88.0,99.5,0.0,2,4
small-world,200,16,60,41.0,172.0,89.0,89.0,169.0,169.0,90.0,99.5,0.0,2,4
small-world,200,16,61,41.0,113.0,91.0,91.0,114.0,114.0,50.0,99.5,0.0,2,4
small-world,200,16,62,41.0,102.0,70.0,70.0,90.0,90.0,78.0,99.5,0.0,2,4
small-world,200,16,63,13.0,91.0,51.0,51.0,59.0,59.0,19.0,99.5,0.0,2,4
small-world,200,16,64,41.0,151.0,116.0,116.0,150.0,150.0,144.0,99.5,0.0,2,4
small-world,200,16,65,13.0,157.0,115.0,115.0,149.0,149.0,31.0,99.5,0.0,2,4
small-world,200,16,66,147.0,173.0,147.0,147.0,178.0,178.0,165.0,99.5,0.0,2,4
small-world,200,16,67,41.0,165.0,127.0,127.0,166.0,166.0,59.0,99.5,0.0,2,4
small-world,200,16,68,41.0,160.0,122.0,122.0,157.0,157.0,108.0,99.5,0.0,2,4
small-world,200,16,69,147.0,130.0,147.0,147.0,129.0,129.0,174.0,99.5,0.0,2,4
small-world,200,16,70,13.0,118.0,59.0,59.0,98.0,98.0,14.0,99.5,0.0,2,4
small-world,200,16,71,41.0,109.0,53.0,53.0,84.0,84.0,115.0,99.5,0.0,2,4
small-world,200,16,72,147.0,110.0,147.0,147.0,130.0,130.0,157.0,99.5,0.0,2,4
small-world,200,16,73,41.0,97.0,91.0,91.0,106.0,106.0,51.0,99.5,0.0,2,4
small-world,200,16,74,13.0,85.0,59.0,59.0,80.0,80.0,13.0,99.5,0.0,2,4
small-world,200,16,75,41.0,64.0,53.0,53.0,61.0,61.0,100.0,99.5,0.0,2,4
small-world,200,16,76,13.0,43.0,37.0,37.0,35.0,35.0,20.0,99.5,0.0,2,4
small-world,200,16,77,13.0,28.0,30.0,30.0,22.0,22.0,28.0,99.5,0.0,2,4
small-world,200,16,78,41.0,14.0,28.0,28.0,16.0,16.0,143.0,99.5,0.0,2,4
small-world,200,16,79,147.0,148.0,147.0,147.0,154.0,154.0,148.0,99.5,0.0,2,4
small-world,200,16,80,41.0,146.0,91.0,91.0,145.0,145.0,43.0,99.5,0.0,2,4
small-world,200,16,81,41.0,144.0,70.0,70.0,142.0,142.0,62.0,99.5,0.0,2,4
small-world,200,16,82,41.0,141.0,61.0,61.0,136.0,136.0,74.0,99.5,0.0,2,4
small-world,200,16,83,41.0,138.0,53.0,53.0,131.0,131.0,85.0,99.5,0.0,2,4
small-world,200,16,84,41.0,132.0,43.0,43.0,122.0,122.0,92.0,99.5,0.0,2,4
small-world,200,16,85,41.0,121.0,40.0,40.0,111.0,111.0,104.0,99.5,0.0,2,4
small-world,200,16,86,147.0,195.0,147.0,147.0,189.0,189.0,147.0,99.5,0.0,2,4
small-world,200,16,87,147.0,93.0,147.0,147.0,109.0,109.0,163.0,99.5,0.0,2,4
small-world,200,16,88,41.0,76.0,91.0,91.0,75.0,75.0,57.0,99.5,0.0,2,4
small-world,200,16,89,41.0,53.0,70.0,70.0,44.0,44.0,106.0,99.5,0.0,2,4
small-world,200,16,90,147.0,175.0,147.0,147.0,173.0,173.0,178.0,99.5,0.0,2,4
small-world,200,16,91,13.0,167.0,121.0,121.0,158.0,158.0,15.0,99.5,0.0,2,4
small-world,200,16,92,13.0,161.0,118.0,118.0,151.0,151.0,29.0,99.5,0.0,2,4
small-world,200,16,93,147.0,79.0,147.0,147.0,91.0,91.0,185.0,99.5,0.0,2,4
small-world,200,16,94,147.0,77.0,147.0,147.0,88.0,88.0,175.0,99.5,0.0,2,4
small-world,200,16,95,41.0,54.0,91.0,91.0,47.0,47.0,86.0,99.5,0.0,2,4
small-world,200,16,96,1.0,32.0,14.0,14.0,10.0,10.0,2.0,99.5,0.0,2,4
small-world,200,16,97,41.0,153.0,122.0,122.0,155.0,155.0,96.0,99.5,0.0,2,4
small-world,200,16,98,41.0,198.0,145.0,145.0,198.0,198.0,122.0,99.5,0.0,2,4
small-world,200,16,99,41.0,16.0,9.0,9.0,17.0,17.0,145.0,99.5,0.0,2,4
small-world,200,16,100,147.0,11.0,147.0,147.0,21.0,21.0,200.0,99.5,0.0,2,4
small-world,200,16,101,147.0,23.0,147.0,147.0,33.0,33.0,197.0,99.5,0.0,2,4
small-world,200,16,102,41.0,34.0,34.0,34.0,34.0,34.0,123.0,99.5,0.0,2,4
small-world,200,16,103,41.0,18.0,33.0,33.0,20.0,20.0,140.0,99.5,0.0,2,4
small-world,200,16,104,147.0,155.0,147.0,147.0,159.0,159.0,195.0,99.5,0.0,2,4
small-world,200,16,105,147.0,72.0,147.0,147.0,66.0,66.0,193.0,99.5,0.0,2,4
small-world,200,16,106,147.0,42.0,147.0,147.0,73.0,73.0,184.0,99.5,0.0,2,4
small-world,200,16,107,41.0,24.0,91.0,91.0,32.0,32.0,95.0,99.5,0.0,2,4
small-world,200,16,108,147.0,43.0,147.0,147.0,76.0,76.0,168.0,99.5,0.0,2,4
small-world,200,16,109,41.0,25.0,91.0,91.0,37.0,37.0,68.0,99.5,0.0,2,4
small-world,200,16,110,41.0,92.0,43.0,43.0,93.0,93.0,91.0,99.5,0.0,2,4
small-world,200,16,111,41.0,190.0,127.0,127.0,181.0,181.0,41.0,99.5,0.0,2,4
small-world,200,16,112,41.0,188.0,122.0,122.0,177.0,177.0,60.0,99.5,0.0,2,4
small-world,200,16,113,41.0,186.0,119.0,119.0,175.0,175.0,72.0,99.5,0.0,2,4
small-world,200,16,114,41.0,179.0,117.0,117.0,171.0,171.0,82.0,99.5,0.0,2,4
small-world,200,16,115,147.0,127.0,147.0,147.0,123.0,123.0,182.0,99.5,0.0,2,4
small-world,200,16,116,41.0,139.0,91.0,91.0,140.0,140.0,44.0,99.5,0.0,2,4
small-world,200,16,117,41.0,133.0,70.0,70.0,132.0,132.0,65.0,99.5,0.0,2,4
small-world,200,16,118,41.0,124.0,61.0,61.0,120.0,120.0,79.0,99.5,0.0,2,4
small-world,200,16,119,41.0,115.0,53.0,53.0,112.0,112.0,98.0,99.5,0.0,2,4
small-world,200,16,120,41.0,106.0,43.0,43.0,95.0,95.0,119.0,99.5,0.0,2,4
small-world,200,16,121,13.0,96.0,26.0,26.0,72.0,72.0,27.0,99.5,0.0,2,4
small-world,200,16,122,41.0,84.0,22.0,22.0,65.0,65.0,129.0,99.5,0.0,2,4
small-world,200,16,123,147.0,104.0,147.0,147.0,125.0,125.0,153.0,99.5,0.0,2,4
small-world,200,16,124,41.0,94.0,91.0,91.0,103.0,103.0,47.0,99.5,0.0,2,4
small-world,200,16,125,41.0,47.0,91.0,91.0,45.0,45.0,87.0,99.5,0.0,2,4
small-world,200,16,126,147.0,200.0,147.0,147.0,200.0,200.0,154.0,99.5,0.0,2,4
small-world,200,16,127,41.0,197.0,140.0,140.0,197.0,197.0,48.0,99.5,0.0,2,4
small-world,200,16,128,41.0,187.0,137.0,137.0,193.0,193.0,71.0,99.5,0.0,2,4
small-world,200,16,129,147.0,136.0,147.0,147.0,139.0,139.0,158.0,99.5,0.0,2,4
small-world,200,16,130,41.0,129.0,91.0,91.0,119.0,119.0,52.0,99.5,0.0,2,4
small-world,200,16,131,147.0,56.0,147.0,147.0,70.0,70.0,180.0,99.5,0.0,2,4
small-world,200,16,132,13.0,33.0,69.0,69.0,30.0,30.0,16.0,99.5,0.0,2,4
small-world,200,16,133,13.0,17.0,11.0,11.0,9.0,9.0,33.0,99.5,0.0,2,4
small-world,200,16,134,13.0,8.0,10.0,10.0,7.0,7.0,32.0,99.5,0.0,2,4
small-world,200,16,135,13.0,4.0,5.0,5.0,4.0,4.0,40.0,99.5,0.0,2,4
small-world,200,16,136,147.0,168.0,147.0,147.0,176.0,176.0,161.0,99.5,0.0,2,4
small-world,200,16,137,41.0,162.0,127.0,127.0,164.0,164.0,55.0,99.5,0.0,2,4
small-world,200,16,138,147.0,39.0,147.0,147.0,50.0,50.0,192.0,99.5,0.0,2,4
small-world,200,16,139,147.0,80.0,147.0,147.0,99.0,99.0,166.0,99.5,0.0,2,4
small-world,200,16,140,41.0,61.0,91.0,91.0,62.0,62.0,63.0,99.5,0.0,2,4
small-world,200,16,141,147.0,122.0,147.0,147.0,126.0,126.0,186.0,99.5,0.0,2,4
small-world,200,16,142,147.0,100.0,147.0,147.0,118.0,118.0,155.0,99.5,0.0,2,4
small-world,200,16,143,41.0,86.0,91.0,91.0,94.0,94.0,49.0,99.5,0.0,2,4
small-world,200,16,144,147.0,88.0,147.0,147.0,97.0,97.0,191.0,99.5,0.0,2,4
small-world,200,16,145,13.0,69.0,21.0,21.0,56.0,56.0,22.0,99.5,0.0,2,4
small-world,200,16,146,41.0,51.0,20.0,20.0,48.0,48.0,128.0,99.5,0.0,2,4
small-world,200,16,147,41.0,36.0,19.0,19.0,31.0,31.0,138.0,99.5,0.0,2,4
small-world,200,16,148,13.0,21.0,7.0,7.0,13.0,13.0,36.0,99.5,0.0,2,4
small-world,200,16,149,41.0,101.0,53.0,53.0,107.0,107.0,84.0,99.5,0.0,2,4
small-world,200,16,150,147.0,73.0,147.0,147.0,104.0,104.0,164.0,99.5,0.0,2,4
small-world,200,16,151,41.0,50.0,91.0,91.0,68.0,68.0,58.0,99.5,0.0,2,4
small-world,200,16,152,41.0,31.0,70.0,70.0,43.0,43.0,107.0,99.5,0.0,2,4
small-world,200,16,153,147.0,103.0,147.0,147.0,105.0,105.0,188.0,99.5,0.0,2,4
small-world,200,16,154,147.0,122.0,147.0,147.0,126.0,126.0,186.0,99.5,0.0,2,4
small-world,200,16,155,3.0,114.0,32.0,32.0,89.0,89.0,4.0,99.5,0.0,2,4
small-world,200,16,156,41.0,105.0,31.0,31.0,92.0,92.0,111.0,99.5,0.0,2,4
small-world,200,16,157,41.0,95.0,28.0,28.0,86.0,86.0,112.0,99.5,0.0,2,4
small-world,200,16,158,41.0,83.0,27.0,27.0,67.0,67.0,114.0,99.5,0.0,2,4
small-world,200,16,159,41.0,65.0,22.0,22.0,53.0,53.0,121.0,99.5,0.0,2,4
small-world,200,16,160,3.0,49.0,18.0,18.0,24.0,24.0,5.0,99.5,0.0,2,4
small-world,200,16,161,147.0,59.0,147.0,147.0,69.0,69.0,190.0,99.5,0.0,2,4
small-world,200,16,162,13.0,37.0,37.0,37.0,27.0,27.0,21.0,99.5,0.0,2,4
small-world,200,16,163,41.0,19.0,35.0,35.0,18.0,18.0,139.0,99.5,0.0,2,4
small-world,200,16,164,3.0,7.0,13.0,13.0,3.0,3.0,11.0,99.5,0.0,2,4
small-world,200,16,165,3.0,1.0,1.0,1.0,1.0,1.0,12.0,99.5,0.0,2,4
small-world,200,16,166,41.0,119.0,70.0,70.0,128.0,128.0,61.0,99.5,0.0,2,4
small-world,200,16,167,41.0,112.0,61.0,61.0,117.0,117.0,73.0,99.5,0.0,2,4
small-world,200,16,168,41.0,71.0,91.0,91.0,60.0,60.0,75.0,99.5,0.0,2,4
small-world,200,16,169,147.0,82.0,147.0,147.0,108.0,108.0,171.0,99.5,0.0,2,4
small-world,200,16,170,41.0,63.0,91.0,91.0,74.0,74.0,76.0,99.5,0.0,2,4
small-world,200,16,171,147.0,120.0,147.0,147.0,134.0,134.0,156.0,99.5,0.0,2,4
small-world,200,16,172,41.0,189.0,134.0,134.0,188.0,188.0,67.0,99.5,0.0,2,4
small-world,200,16,173,41.0,180.0,133.0,133.0,186.0,186.0,81.0,99.5,0.0,2,4
small-world,200,16,174,41.0,174.0,132.0,132.0,182.0,182.0,105.0,99.5,0.0,2,4
small-world,200,16,175,41.0,192.0,143.0,143.0,194.0,194.0,126.0,99.5,0.0,2,4
small-world,200,16,176,41.0,157.0,120.0,120.0,153.0,153.0,141.0,99.5,0.0,2,4
small-world,200,16,177,13.0,151.0,90.0,90.0,146.0,146.0,35.0,99.5,0.0,2,4
small-world,200,16,178,147.0,142.0,147.0,147.0,147.0,147.0,150.0,99.5,0.0,2,4
small-world,200,16,179,41.0,181.0,136.0,136.0,191.0,191.0,109.0,99.5,0.0,2,4
small-world,200,16,180,13.0,181.0,135.0,135.0,187.0,187.0,26.0,99.5,0.0,2,4
small-world,200,16,181,41.0,192.0,143.0,143.0,194.0,194.0,126.0,99.5,0.0,2,4
small-world,200,16,182,147.0,13.0,147.0,147.0,26.0,26.0,199.0,99.5,0.0,2,4
small-world,200,16,183,147.0,56.0,147.0,147.0,70.0,70.0,180.0,99.5,0.0,2,4
small-world,200,16,184,3.0,9.0,6.0,6.0,8.0,8.0,10.0,99.5,0.0,2,4
small-world,200,16,185,41.0,6.0,8.0,8.0,11.0,11.0,146.0,99.5,0.0,2,4
small-world,200,16,186,13.0,4.0,4.0,4.0,6.0,6.0,39.0,99.5,0.0,2,4
small-world,200,16,187,13.0,15.0,42.0,42.0,19.0,19.0,34.0,99.5,0.0,2,4
small-world,200,16,188,41.0,30.0,83.0,83.0,36.0,36.0,135.0,99.5,0.0,2,4
small-world,200,16,189,41.0,35.0,88.0,88.0,46.0,46.0,131.0,99.5,0.0,2,4
small-world,200,16,190,13.0,40.0,66.0,66.0,41.0,41.0,25.0,99.5,0.0,2,4
small-world,200,16,191,41.0,22.0,67.0,67.0,25.0,25.0,142.0,99.5,0.0,2,4
small-world,200,16,192,147.0,155.0,147.0,147.0,159.0,159.0,195.0,99.5,0.0,2,4
small-world,200,16,193,147.0,142.0,147.0,147.0,147.0,147.0,150.0,99.5,0.0,2,4
small-world,200,16,194,41.0,139.0,91.0,91.0,140.0,140.0,44.0,99.5,0.0,2,4
small-world,200,16,195,41.0,183.0,141.0,141.0,183.0,183.0,132.0,99.5,0.0,2,4
small-world,200,16,196,3.0,169.0,126.0,126.0,172.0,172.0,7.0,99.5,0.0,2,4
small-world,200,16,197,41.0,183.0,141.0,141.0,183.0,183.0,132.0,99.5,0.0,2,4
small-world,200,16,198,41.0,191.0,145.0,145.0,190.0,190.0,130.0,99.5,0.0,2,4
small-world,200,16,199,147.0,99.0,147.0,147.0,115.0,115.0,172.0,99.5,0.0,2,4
