small-world,400,1,0,92.0,131.0,118.0,118.0,162.0,162.0,240.0,199.5,0.0,2,4
small-world,400,1,1,92.0,139.0,126.0,126.0,149.0,149.0,265.0,199.5,0.0,2,4
small-world,400,1,2,19.0,149.0,106.0,106.0,116.0,116.0,77.0,199.5,0.0,2,4
small-world,400,1,3,19.0,150.0,107.0,107.0,108.0,108.0,79.0,199.5,0.0,2,4
small-world,400,1,4,92.0,122.0,113.0,113.0,119.0,119.0,280.0,199.5,0.0,2,4
small-world,400,1,5,288.0,291.0,288.0,288.0,320.0,320.0,316.0,199.5,0.0,2,4
small-world,400,1,6,92.0,257.0,240.0,240.0,277.0,277.0,119.0,199.5,0.0,2,4
small-world,400,1,7,92.0,224.0,191.0,191.0,227.0,227.0,180.0,199.5,0.0,2,4
small-world,400,1,8,288.0,368.0,288.0,288.0,375.0,375.0,330.0,199.5,0.0,2,4
small-world,400,1,9,92.0,357.0,269.0,269.0,353.0,353.0,142.0,199.5,0.0,2,4
small-world,400,1,10,19.0,344.0,156.0,156.0,326.0,326.0,47.0,199.5,0.0,2,4
small-world,400,1,11,288.0,206.0,288.0,288.0,265.0,265.0,324.0,199.5,0.0,2,4
small-world,400,1,12,92.0,162.0,240.0,240.0,195.0,195.0,128.0,199.5,0.0,2,4
small-world,400,1,13,92.0,117.0,191.0,191.0,124.0,124.0,209.0,199.5,0.0,2,4
small-world,400,1,14,288.0,352.0,288.0,288.0,351.0,351.0,380.0,199.5,0.0,2,4
small-world,400,1,15,19.0,335.0,185.0,185.0,300.0,300.0,42.0,199.5,0.0,2,4
small-world,400,1,16,288.0,237.0,288.0,288.0,266.0,266.0,333.0,199.5,0.0,2,4
small-world,400,1,17,92.0,84.0,152.0,152.0,121.0,121.0,224.0,199.5,0.0,2,4
small-world,400,1,18,92.0,45.0,132.0,132.0,62.0,62.0,272.0,199.5,0.0,2,4
small-world,400,1,19,288.0,370.0,288.0,288.0,376.0,376.0,319.0,199.5,0.0,2,4
small-world,400,1,20,92.0,360.0,269.0,269.0,355.0,355.0,123.0,199.5,0.0,2,4
small-world,400,1,21,92.0,346.0,261.0,261.0,336.0,336.0,185.0,199.5,0.0,2,4
small-world,400,1,22,288.0,357.0,288.0,288.0,359.0,359.0,348.0,199.5,0.0,2,4
small-world,400,1,23,92.0,374.0,279.0,279.0,382.0,382.0,147.0,199.5,0.0,2,4
small-world,400,1,24,288.0,49.0,288.0,288.0,97.0,97.0,342.0,199.5,0.0,2,4
small-world,400,1,25,92.0,26.0,204.0,204.0,41.0,41.0,159.0,199.5,0.0,2,4
small-world,400,1,26,19.0,7.0,4.0,4.0,14.0,14.0,63.0,199.5,0.0,2,4
small-world,400,1,27,288.0,213.0,288.0,288.0,281.0,281.0,314.0,199.5,0.0,2,4
small-world,400,1,28,288.0,191.0,288.0,288.0,218.0,218.0,365.0,199.5,0.0,2,4
small-world,400,1,29,19.0,163.0,104.0,104.0,135.0,135.0,30.0,199.5,0.0,2,4
small-world,400,1,30,92.0,132.0,98.0,98.0,126.0,126.0,212.0,199.5,0.0,2,4
small-world,400,1,31,92.0,34.0,43.0,43.0,28.0,28.0,267.0,199.5,0.0,2,4
small-world,400,1,32,288.0,265.0,288.0,288.0,290.0,290.0,360.0,199.5,0.0,2,4
small-world,400,1,33,19.0,230.0,176.0,176.0,209.0,209.0,27.0,199.5,0.0,2,4
small-world,400,1,34,288.0,299.0,288.0,288.0,291.0,291.0,370.0,199.5,0.0,2,4
small-world,400,1,35,5.0,284.0,85.0,85.0,207.0,207.0,6.0,199.5,0.0,2,4
small-world,400,1,36,92.0,269.0,76.0,76.0,229.0,229.0,205.0,199.5,0.0,2,4
small-world,400,1,37,92.0,244.0,72.0,72.0,216.0,216.0,202.0,199.5,0.0,2,4
small-world,400,1,38,92.0,72.0,29.0,29.0,66.0,66.0,242.0,199.5,0.0,2,4
small-world,400,1,39,92.0,53.0,28.0,28.0,53.0,53.0,232.0,199.5,0.0,2,4
small-world,400,1,40,92.0,210.0,191.0,191.0,255.0,255.0,132.0,199.5,0.0,2,4
small-world,400,1,41,92.0,270.0,109.0,109.0,213.0,213.0,199.0,199.5,0.0,2,4
small-world,400,1,42,19.0,245.0,96.0,96.0,169.0,169.0,35.0,199.5,0.0,2,4
small-world,400,1,43,288.0,203.0,288.0,288.0,258.0,258.0,299.0,199.5,0.0,2,4
small-world,400,1,44,92.0,180.0,204.0,204.0,203.0,203.0,102.0,199.5,0.0,2,4
small-world,400,1,45,92.0,147.0,161.0,161.0,160.0,160.0,145.0,199.5,0.0,2,4
small-world,400,1,46,92.0,118.0,144.0,144.0,112.0,112.0,204.0,199.5,0.0,2,4
small-world,400,1,47,288.0,165.0,288.0,288.0,194.0,194.0,377.0,199.5,0.0,2,4
small-world,400,1,48,92.0,164.0,52.0,52.0,118.0,118.0,259.0,199.5,0.0,2,4
small-world,400,1,49,92.0,137.0,46.0,46.0,94.0,94.0,268.0,199.5,0.0,2,4
small-world,400,1,50,92.0,332.0,155.0,155.0,323.0,323.0,255.0,199.5,0.0,2,4
small-world,400,1,51,19.0,312.0,136.0,136.0,303.0,303.0,64.0,199.5,0.0,2,4
small-world,400,1,52,288.0,263.0,288.0,288.0,302.0,302.0,312.0,199.5,0.0,2,4
small-world,400,1,53,92.0,241.0,204.0,204.0,252.0,252.0,116.0,199.5,0.0,2,4
small-world,400,1,54,92.0,219.0,161.0,161.0,206.0,206.0,170.0,199.5,0.0,2,4
small-world,400,1,55,5.0,200.0,84.0,84.0,139.0,139.0,8.0,199.5,0.0,2,4
small-world,400,1,56,288.0,43.0,288.0,288.0,50.0,50.0,395.0,199.5,0.0,2,4
small-world,400,1,57,19.0,23.0,42.0,42.0,12.0,12.0,65.0,199.5,0.0,2,4
small-world,400,1,58,288.0,277.0,288.0,288.0,322.0,322.0,293.0,199.5,0.0,2,4
small-world,400,1,59,92.0,242.0,240.0,240.0,282.0,282.0,97.0,199.5,0.0,2,4
small-world,400,1,60,92.0,208.0,191.0,191.0,243.0,243.0,137.0,199.5,0.0,2,4
small-world,400,1,61,92.0,167.0,177.0,177.0,197.0,197.0,177.0,199.5,0.0,2,4
small-world,400,1,62,92.0,121.0,157.0,157.0,137.0,137.0,214.0,199.5,0.0,2,4
small-world,400,1,63,92.0,82.0,152.0,152.0,79.0,79.0,270.0,199.5,0.0,2,4
small-world,400,1,64,288.0,68.0,288.0,288.0,89.0,89.0,362.0,199.5,0.0,2,4
small-world,400,1,65,19.0,41.0,160.0,160.0,30.0,30.0,29.0,199.5,0.0,2,4
small-world,400,1,66,19.0,25.0,44.0,44.0,6.0,6.0,75.0,199.5,0.0,2,4
small-world,400,1,67,19.0,9.0,11.0,11.0,3.0,3.0,87.0,199.5,0.0,2,4
small-world,400,1,68,92.0,256.0,204.0,204.0,259.0,259.0,98.0,199.5,0.0,2,4
small-world,400,1,69,92.0,110.0,161.0,161.0,111.0,111.0,179.0,199.5,0.0,2,4
small-world,400,1,70,19.0,85.0,61.0,61.0,60.0,60.0,52.0,199.5,0.0,2,4
small-world,400,1,71,92.0,62.0,58.0,58.0,48.0,48.0,251.0,199.5,0.0,2,4
small-world,400,1,72,92.0,37.0,52.0,52.0,33.0,33.0,257.0,199.5,0.0,2,4
small-world,400,1,73,288.0,261.0,288.0,288.0,309.0,309.0,321.0,199.5,0.0,2,4
small-world,400,1,74,92.0,229.0,240.0,240.0,251.0,251.0,125.0,199.5,0.0,2,4
small-world,400,1,75,92.0,189.0,191.0,191.0,191.0,191.0,188.0,199.5,0.0,2,4
small-world,400,1,76,92.0,159.0,75.0,75.0,193.0,193.0,226.0,199.5,0.0,2,4
small-world,400,1,77,288.0,366.0,288.0,288.0,380.0,380.0,322.0,199.5,0.0,2,4
small-world,400,1,78,92.0,352.0,269.0,269.0,358.0,358.0,126.0,199.5,0.0,2,4
small-world,400,1,79,92.0,337.0,261.0,261.0,342.0,342.0,189.0,199.5,0.0,2,4
small-world,400,1,80,288.0,33.0,288.0,288.0,49.0,49.0,373.0,199.5,0.0,2,4
small-world,400,1,81,92.0,13.0,204.0,204.0,17.0,17.0,215.0,199.5,0.0,2,4
small-world,400,1,82,92.0,236.0,204.0,204.0,248.0,248.0,104.0,199.5,0.0,2,4
small-world,400,1,83,288.0,153.0,288.0,288.0,180.0,180.0,357.0,199.5,0.0,2,4
small-world,400,1,84,92.0,342.0,269.0,269.0,324.0,324.0,163.0,199.5,0.0,2,4
small-world,400,1,85,92.0,4.0,5.0,5.0,7.0,7.0,283.0,199.5,0.0,2,4
small-world,400,1,86,288.0,348.0,288.0,288.0,366.0,366.0,341.0,199.5,0.0,2,4
small-world,400,1,87,92.0,333.0,269.0,269.0,343.0,343.0,160.0,199.5,0.0,2,4
small-world,400,1,88,19.0,297.0,134.0,134.0,293.0,293.0,62.0,199.5,0.0,2,4
small-world,400,1,89,92.0,281.0,135.0,135.0,301.0,301.0,278.0,199.5,0.0,2,4
small-world,400,1,90,19.0,266.0,117.0,117.0,268.0,268.0,82.0,199.5,0.0,2,4
small-world,400,1,91,19.0,266.0,128.0,128.0,274.0,274.0,89.0,199.5,0.0,2,4
small-world,400,1,92,19.0,29.0,103.0,103.0,25.0,25.0,57.0,199.5,0.0,2,4
small-world,400,1,93,92.0,316.0,284.0,284.0,333.0,333.0,285.0,199.5,0.0,2,4
small-world,400,1,94,92.0,321.0,285.0,285.0,332.0,332.0,284.0,199.5,0.0,2,4
small-world,400,1,95,19.0,273.0,129.0,129.0,273.0,273.0,88.0,199.5,0.0,2,4
small-world,400,1,96,288.0,130.0,288.0,288.0,208.0,208.0,298.0,199.5,0.0,2,4
small-world,400,1,97,92.0,105.0,204.0,204.0,144.0,144.0,103.0,199.5,0.0,2,4
small-world,400,1,98,92.0,77.0,161.0,161.0,100.0,100.0,146.0,199.5,0.0,2,4
small-world,400,1,99,92.0,54.0,144.0,144.0,58.0,58.0,207.0,199.5,0.0,2,4
small-world,400,1,100,288.0,248.0,288.0,288.0,220.0,220.0,382.0,199.5,0.0,2,4
small-world,400,1,101,288.0,255.0,288.0,288.0,267.0,267.0,345.0,199.5,0.0,2,4
small-world,400,1,102,19.0,238.0,138.0,138.0,198.0,198.0,24.0,199.5,0.0,2,4
small-world,400,1,103,92.0,216.0,119.0,119.0,173.0,173.0,194.0,199.5,0.0,2,4
small-world,400,1,104,92.0,193.0,109.0,109.0,132.0,132.0,230.0,199.5,0.0,2,4
small-world,400,1,105,288.0,304.0,288.0,288.0,308.0,308.0,309.0,199.5,0.0,2,4
small-world,400,1,106,92.0,286.0,204.0,204.0,257.0,257.0,113.0,199.5,0.0,2,4
small-world,400,1,107,288.0,233.0,288.0,288.0,270.0,270.0,353.0,199.5,0.0,2,4
small-world,400,1,108,92.0,58.0,240.0,240.0,75.0,75.0,195.0,199.5,0.0,2,4
small-world,400,1,109,1.0,24.0,34.0,34.0,15.0,15.0,4.0,199.5,0.0,2,4
small-world,400,1,110,92.0,221.0,82.0,82.0,231.0,231.0,225.0,199.5,0.0,2,4
small-world,400,1,111,92.0,195.0,79.0,79.0,212.0,212.0,218.0,199.5,0.0,2,4
small-world,400,1,112,288.0,257.0,288.0,288.0,312.0,312.0,301.0,199.5,0.0,2,4
small-world,400,1,113,92.0,63.0,98.0,98.0,43.0,43.0,249.0,199.5,0.0,2,4
small-world,400,1,114,5.0,38.0,68.0,68.0,20.0,20.0,11.0,199.5,0.0,2,4
small-world,400,1,115,288.0,220.0,288.0,288.0,238.0,238.0,381.0,199.5,0.0,2,4
small-world,400,1,116,288.0,213.0,288.0,288.0,287.0,287.0,329.0,199.5,0.0,2,4
small-world,400,1,117,92.0,172.0,240.0,240.0,223.0,223.0,140.0,199.5,0.0,2,4
small-world,400,1,118,19.0,124.0,71.0,71.0,147.0,147.0,45.0,199.5,0.0,2,4
small-world,400,1,119,92.0,92.0,67.0,67.0,140.0,140.0,237.0,199.5,0.0,2,4
small-world,400,1,120,288.0,153.0,288.0,288.0,180.0,180.0,357.0,199.5,0.0,2,4
small-world,400,1,121,5.0,126.0,137.0,137.0,92.0,92.0,5.0,199.5,0.0,2,4
small-world,400,1,122,19.0,101.0,108.0,108.0,61.0,61.0,39.0,199.5,0.0,2,4
small-world,400,1,123,19.0,215.0,138.0,138.0,199.0,199.0,19.0,199.5,0.0,2,4
small-world,400,1,124,92.0,190.0,119.0,119.0,176.0,176.0,183.0,199.5,0.0,2,4
small-world,400,1,125,288.0,283.0,288.0,288.0,315.0,315.0,295.0,199.5,0.0,2,4
small-world,400,1,126,288.0,384.0,288.0,288.0,388.0,388.0,291.0,199.5,0.0,2,4
small-world,400,1,127,92.0,181.0,191.0,191.0,210.0,210.0,154.0,199.5,0.0,2,4
small-world,400,1,128,92.0,135.0,177.0,177.0,156.0,156.0,221.0,199.5,0.0,2,4
small-world,400,1,129,19.0,94.0,100.0,100.0,88.0,88.0,71.0,199.5,0.0,2,4
small-world,400,1,130,92.0,70.0,101.0,101.0,80.0,80.0,277.0,199.5,0.0,2,4
small-world,400,1,131,92.0,322.0,144.0,144.0,299.0,299.0,149.0,199.5,0.0,2,4
small-world,400,1,132,92.0,308.0,119.0,119.0,280.0,280.0,178.0,199.5,0.0,2,4
small-world,400,1,133,92.0,298.0,109.0,109.0,254.0,254.0,192.0,199.5,0.0,2,4
small-world,400,1,134,288.0,48.0,288.0,288.0,86.0,86.0,400.0,199.5,0.0,2,4
small-world,400,1,135,288.0,88.0,288.0,288.0,154.0,154.0,366.0,199.5,0.0,2,4
small-world,400,1,136,19.0,51.0,188.0,188.0,59.0,59.0,32.0,199.5,0.0,2,4
small-world,400,1,137,92.0,198.0,177.0,177.0,192.0,192.0,197.0,199.5,0.0,2,4
small-world,400,1,138,288.0,139.0,288.0,288.0,215.0,215.0,332.0,199.5,0.0,2,4
small-world,400,1,139,92.0,92.0,240.0,240.0,127.0,127.0,148.0,199.5,0.0,2,4
small-world,400,1,140,288.0,65.0,288.0,288.0,69.0,69.0,390.0,199.5,0.0,2,4
small-world,400,1,141,288.0,86.0,288.0,288.0,153.0,153.0,392.0,199.5,0.0,2,4
small-world,400,1,142,288.0,248.0,288.0,288.0,220.0,220.0,382.0,199.5,0.0,2,4
small-world,400,1,143,288.0,318.0,288.0,288.0,310.0,310.0,375.0,199.5,0.0,2,4
small-world,400,1,144,288.0,313.0,288.0,288.0,321.0,321.0,307.0,199.5,0.0,2,4
small-world,400,1,145,92.0,305.0,204.0,204.0,283.0,283.0,111.0,199.5,0.0,2,4
small-world,400,1,146,288.0,153.0,288.0,288.0,180.0,180.0,357.0,199.5,0.0,2,4
small-world,400,1,147,92.0,197.0,157.0,157.0,174.0,174.0,238.0,199.5,0.0,2,4
small-world,400,1,148,92.0,285.0,119.0,119.0,247.0,247.0,181.0,199.5,0.0,2,4
small-world,400,1,149,288.0,127.0,288.0,288.0,141.0,141.0,378.0,199.5,0.0,2,4
small-world,400,1,150,288.0,327.0,288.0,288.0,341.0,341.0,289.0,199.5,0.0,2,4
small-world,400,1,151,92.0,323.0,204.0,204.0,313.0,313.0,93.0,199.5,0.0,2,4
small-world,400,1,152,92.0,310.0,161.0,161.0,289.0,289.0,131.0,199.5,0.0,2,4
small-world,400,1,153,288.0,88.0,288.0,288.0,154.0,154.0,366.0,199.5,0.0,2,4
small-world,400,1,154,288.0,178.0,288.0,288.0,189.0,189.0,350.0,199.5,0.0,2,4
small-world,400,1,155,92.0,144.0,204.0,204.0,109.0,109.0,166.0,199.5,0.0,2,4
small-world,400,1,156,288.0,202.0,288.0,288.0,235.0,235.0,323.0,199.5,0.0,2,4
small-world,400,1,157,92.0,174.0,204.0,204.0,164.0,164.0,127.0,199.5,0.0,2,4
small-world,400,1,158,92.0,141.0,161.0,161.0,105.0,105.0,190.0,199.5,0.0,2,4
small-world,400,1,159,92.0,182.0,37.0,37.0,117.0,117.0,258.0,199.5,0.0,2,4
small-world,400,1,160,92.0,161.0,36.0,36.0,103.0,103.0,248.0,199.5,0.0,2,4
small-world,400,1,161,19.0,16.0,10.0,10.0,13.0,13.0,84.0,199.5,0.0,2,4
small-world,400,1,162,92.0,18.0,62.0,62.0,21.0,21.0,282.0,199.5,0.0,2,4
small-world,400,1,163,92.0,363.0,237.0,237.0,372.0,372.0,233.0,199.5,0.0,2,4
small-world,400,1,164,19.0,356.0,233.0,233.0,364.0,364.0,44.0,199.5,0.0,2,4
small-world,400,1,165,19.0,351.0,232.0,232.0,362.0,362.0,53.0,199.5,0.0,2,4
small-world,400,1,166,92.0,362.0,237.0,237.0,371.0,371.0,276.0,199.5,0.0,2,4
small-world,400,1,167,288.0,178.0,288.0,288.0,189.0,189.0,350.0,199.5,0.0,2,4
small-world,400,1,168,92.0,144.0,204.0,204.0,109.0,109.0,166.0,199.5,0.0,2,4
small-world,400,1,169,288.0,341.0,288.0,288.0,354.0,354.0,379.0,199.5,0.0,2,4
small-world,400,1,170,92.0,326.0,161.0,161.0,314.0,314.0,130.0,199.5,0.0,2,4
small-world,400,1,171,288.0,293.0,288.0,288.0,296.0,296.0,327.0,199.5,0.0,2,4
small-world,400,1,172,92.0,275.0,204.0,204.0,246.0,246.0,136.0,199.5,0.0,2,4
small-world,400,1,173,19.0,188.0,57.0,57.0,122.0,122.0,54.0,199.5,0.0,2,4
small-world,400,1,174,288.0,338.0,288.0,288.0,346.0,346.0,313.0,199.5,0.0,2,4
small-world,400,1,175,92.0,328.0,240.0,240.0,318.0,318.0,117.0,199.5,0.0,2,4
small-world,400,1,176,92.0,314.0,191.0,191.0,285.0,285.0,174.0,199.5,0.0,2,4
small-world,400,1,177,92.0,112.0,37.0,37.0,95.0,95.0,241.0,199.5,0.0,2,4
small-world,400,1,178,5.0,90.0,30.0,30.0,55.0,55.0,10.0,199.5,0.0,2,4
small-world,400,1,179,288.0,399.0,288.0,288.0,399.0,399.0,325.0,199.5,0.0,2,4
small-world,400,1,180,92.0,395.0,279.0,279.0,391.0,391.0,129.0,199.5,0.0,2,4
small-world,400,1,181,288.0,324.0,288.0,288.0,344.0,344.0,398.0,199.5,0.0,2,4
small-world,400,1,182,288.0,352.0,288.0,288.0,367.0,367.0,335.0,199.5,0.0,2,4
small-world,400,1,183,19.0,335.0,260.0,260.0,335.0,335.0,20.0,199.5,0.0,2,4
small-world,400,1,184,19.0,311.0,203.0,203.0,307.0,307.0,40.0,199.5,0.0,2,4
small-world,400,1,185,288.0,390.0,288.0,288.0,384.0,384.0,340.0,199.5,0.0,2,4
small-world,400,1,186,92.0,141.0,204.0,204.0,165.0,165.0,114.0,199.5,0.0,2,4
small-world,400,1,187,92.0,114.0,161.0,161.0,114.0,114.0,168.0,199.5,0.0,2,4
small-world,400,1,188,288.0,184.0,288.0,288.0,239.0,239.0,302.0,199.5,0.0,2,4
small-world,400,1,189,92.0,157.0,204.0,204.0,177.0,177.0,105.0,199.5,0.0,2,4
small-world,400,1,190,92.0,127.0,161.0,161.0,128.0,128.0,155.0,199.5,0.0,2,4
small-world,400,1,191,92.0,102.0,144.0,144.0,81.0,81.0,219.0,199.5,0.0,2,4
small-world,400,1,192,5.0,76.0,49.0,49.0,35.0,35.0,14.0,199.5,0.0,2,4
small-world,400,1,193,92.0,56.0,46.0,46.0,38.0,38.0,271.0,199.5,0.0,2,4
small-world,400,1,194,288.0,280.0,288.0,288.0,328.0,328.0,290.0,199.5,0.0,2,4
small-world,400,1,195,92.0,243.0,240.0,240.0,294.0,294.0,94.0,199.5,0.0,2,4
small-world,400,1,196,288.0,94.0,288.0,288.0,142.0,142.0,388.0,199.5,0.0,2,4
small-world,400,1,197,288.0,393.0,288.0,288.0,392.0,392.0,305.0,199.5,0.0,2,4
small-world,400,1,198,92.0,387.0,269.0,269.0,379.0,379.0,109.0,199.5,0.0,2,4
small-world,400,1,199,19.0,381.0,234.0,234.0,361.0,361.0,21.0,199.5,0.0,2,4
small-world,400,1,200,19.0,377.0,187.0,187.0,352.0,352.0,28.0,199.5,0.0,2,4
small-world,400,1,201,92.0,372.0,186.0,186.0,357.0,357.0,196.0,199.5,0.0,2,4
small-world,400,1,202,92.0,364.0,183.0,183.0,349.0,349.0,208.0,199.5,0.0,2,4
small-world,400,1,203,92.0,350.0,175.0,175.0,345.0,345.0,222.0,199.5,0.0,2,4
small-world,400,1,204,288.0,104.0,288.0,288.0,168.0,168.0,364.0,199.5,0.0,2,4
small-world,400,1,205,288.0,111.0,288.0,288.0,196.0,196.0,356.0,199.5,0.0,2,4
small-world,400,1,206,92.0,22.0,8.0,8.0,31.0,31.0,269.0,199.5,0.0,2,4
small-world,400,1,207,92.0,14.0,7.0,7.0,24.0,24.0,262.0,199.5,0.0,2,4
small-world,400,1,208,92.0,228.0,69.0,69.0,204.0,204.0,203.0,199.5,0.0,2,4
small-world,400,1,209,92.0,207.0,64.0,64.0,188.0,188.0,206.0,199.5,0.0,2,4
small-world,400,1,210,19.0,182.0,50.0,50.0,146.0,146.0,34.0,199.5,0.0,2,4
small-world,400,1,211,288.0,79.0,288.0,288.0,130.0,130.0,337.0,199.5,0.0,2,4
small-world,400,1,212,19.0,113.0,16.0,16.0,56.0,56.0,74.0,199.5,0.0,2,4
small-world,400,1,213,92.0,100.0,18.0,18.0,74.0,74.0,264.0,199.5,0.0,2,4
small-world,400,1,214,92.0,80.0,14.0,14.0,72.0,72.0,250.0,199.5,0.0,2,4
small-world,400,1,215,92.0,61.0,12.0,12.0,57.0,57.0,254.0,199.5,0.0,2,4
small-world,400,1,216,19.0,47.0,9.0,9.0,37.0,37.0,58.0,199.5,0.0,2,4
small-world,400,1,217,19.0,32.0,3.0,3.0,27.0,27.0,73.0,199.5,0.0,2,4
small-world,400,1,218,92.0,64.0,204.0,204.0,54.0,54.0,153.0,199.5,0.0,2,4
small-world,400,1,219,288.0,170.0,288.0,288.0,159.0,159.0,391.0,199.5,0.0,2,4
small-world,400,1,220,19.0,138.0,50.0,50.0,73.0,73.0,59.0,199.5,0.0,2,4
small-world,400,1,221,288.0,329.0,288.0,288.0,330.0,330.0,346.0,199.5,0.0,2,4
small-world,400,1,222,92.0,262.0,204.0,204.0,276.0,276.0,99.0,199.5,0.0,2,4
small-world,400,1,223,92.0,240.0,161.0,161.0,244.0,244.0,141.0,199.5,0.0,2,4
small-world,400,1,224,92.0,218.0,144.0,144.0,202.0,202.0,187.0,199.5,0.0,2,4
small-world,400,1,225,92.0,44.0,93.0,93.0,47.0,47.0,281.0,199.5,0.0,2,4
small-world,400,1,226,19.0,45.0,74.0,74.0,52.0,52.0,61.0,199.5,0.0,2,4
small-world,400,1,227,288.0,340.0,288.0,288.0,348.0,348.0,288.0,199.5,0.0,2,4
small-world,400,1,228,92.0,334.0,204.0,204.0,329.0,329.0,92.0,199.5,0.0,2,4
small-world,400,1,229,288.0,168.0,288.0,288.0,157.0,157.0,386.0,199.5,0.0,2,4
small-world,400,1,230,19.0,134.0,33.0,33.0,71.0,71.0,48.0,199.5,0.0,2,4
small-world,400,1,231,1.0,116.0,21.0,21.0,39.0,39.0,3.0,199.5,0.0,2,4
small-world,400,1,232,92.0,98.0,22.0,22.0,65.0,65.0,253.0,199.5,0.0,2,4
small-world,400,1,233,92.0,78.0,20.0,20.0,70.0,70.0,234.0,199.5,0.0,2,4
small-world,400,1,234,92.0,60.0,18.0,18.0,63.0,63.0,231.0,199.5,0.0,2,4
small-world,400,1,235,92.0,42.0,14.0,14.0,46.0,46.0,245.0,199.5,0.0,2,4
small-world,400,1,236,92.0,28.0,12.0,12.0,32.0,32.0,275.0,199.5,0.0,2,4
small-world,400,1,237,288.0,339.0,288.0,288.0,347.0,347.0,304.0,199.5,0.0,2,4
small-world,400,1,238,92.0,329.0,240.0,240.0,319.0,319.0,108.0,199.5,0.0,2,4
small-world,400,1,239,92.0,35.0,26.0,26.0,40.0,40.0,236.0,199.5,0.0,2,4
small-world,400,1,240,19.0,20.0,24.0,24.0,22.0,22.0,49.0,199.5,0.0,2,4
small-world,400,1,241,19.0,8.0,17.0,17.0,8.0,8.0,68.0,199.5,0.0,2,4
small-world,400,1,242,92.0,382.0,279.0,279.0,387.0,387.0,139.0,199.5,0.0,2,4
small-world,400,1,243,92.0,17.0,41.0,41.0,19.0,19.0,279.0,199.5,0.0,2,4
small-world,400,1,244,92.0,71.0,204.0,204.0,85.0,85.0,157.0,199.5,0.0,2,4
small-world,400,1,245,288.0,392.0,288.0,288.0,394.0,394.0,368.0,199.5,0.0,2,4
small-world,400,1,246,92.0,379.0,269.0,269.0,374.0,374.0,95.0,199.5,0.0,2,4
small-world,400,1,247,92.0,373.0,261.0,261.0,363.0,363.0,133.0,199.5,0.0,2,4
small-world,400,1,248,92.0,365.0,235.0,235.0,350.0,350.0,171.0,199.5,0.0,2,4
small-world,400,1,249,92.0,349.0,231.0,231.0,339.0,339.0,201.0,199.5,0.0,2,4
small-world,400,1,250,288.0,388.0,288.0,288.0,397.0,397.0,331.0,199.5,0.0,2,4
small-world,400,1,251,288.0,352.0,288.0,288.0,367.0,367.0,335.0,199.5,0.0,2,4
small-world,400,1,252,288.0,357.0,288.0,288.0,359.0,359.0,348.0,199.5,0.0,2,4
small-world,400,1,253,92.0,342.0,269.0,269.0,324.0,324.0,163.0,199.5,0.0,2,4
small-world,400,1,254,1.0,320.0,154.0,154.0,236.0,236.0,2.0,199.5,0.0,2,4
small-world,400,1,255,19.0,296.0,127.0,127.0,242.0,242.0,81.0,199.5,0.0,2,4
small-world,400,1,256,19.0,281.0,130.0,130.0,262.0,262.0,76.0,199.5,0.0,2,4
small-world,400,1,257,92.0,317.0,191.0,191.0,286.0,286.0,158.0,199.5,0.0,2,4
small-world,400,1,258,92.0,246.0,119.0,119.0,179.0,179.0,200.0,199.5,0.0,2,4
small-world,400,1,259,5.0,227.0,94.0,94.0,123.0,123.0,9.0,199.5,0.0,2,4
small-world,400,1,260,19.0,205.0,39.0,39.0,104.0,104.0,67.0,199.5,0.0,2,4
small-world,400,1,261,288.0,50.0,288.0,288.0,91.0,91.0,355.0,199.5,0.0,2,4
small-world,400,1,262,92.0,27.0,204.0,204.0,36.0,36.0,172.0,199.5,0.0,2,4
small-world,400,1,263,92.0,171.0,177.0,177.0,214.0,214.0,165.0,199.5,0.0,2,4
small-world,400,1,264,92.0,123.0,157.0,157.0,170.0,170.0,191.0,199.5,0.0,2,4
small-world,400,1,265,288.0,175.0,288.0,288.0,233.0,233.0,310.0,199.5,0.0,2,4
small-world,400,1,266,288.0,278.0,288.0,288.0,297.0,297.0,308.0,199.5,0.0,2,4
small-world,400,1,267,92.0,254.0,204.0,204.0,249.0,249.0,112.0,199.5,0.0,2,4
small-world,400,1,268,92.0,19.0,45.0,45.0,26.0,26.0,286.0,199.5,0.0,2,4
small-world,400,1,269,5.0,15.0,35.0,35.0,18.0,18.0,15.0,199.5,0.0,2,4
small-world,400,1,270,288.0,397.0,288.0,288.0,395.0,395.0,369.0,199.5,0.0,2,4
small-world,400,1,271,19.0,385.0,267.0,267.0,378.0,378.0,33.0,199.5,0.0,2,4
small-world,400,1,272,19.0,375.0,266.0,266.0,370.0,370.0,72.0,199.5,0.0,2,4
small-world,400,1,273,19.0,367.0,239.0,239.0,365.0,365.0,80.0,199.5,0.0,2,4
small-world,400,1,274,92.0,380.0,283.0,283.0,383.0,383.0,273.0,199.5,0.0,2,4
small-world,400,1,275,92.0,391.0,287.0,287.0,389.0,389.0,260.0,199.5,0.0,2,4
small-world,400,1,276,92.0,388.0,286.0,286.0,385.0,385.0,266.0,199.5,0.0,2,4
small-world,400,1,277,92.0,67.0,240.0,240.0,102.0,102.0,173.0,199.5,0.0,2,4
small-world,400,1,278,19.0,30.0,83.0,83.0,34.0,34.0,69.0,199.5,0.0,2,4
small-world,400,1,279,288.0,204.0,288.0,288.0,250.0,250.0,343.0,199.5,0.0,2,4
small-world,400,1,280,92.0,156.0,240.0,240.0,167.0,167.0,162.0,199.5,0.0,2,4
small-world,400,1,281,92.0,217.0,144.0,144.0,187.0,187.0,182.0,199.5,0.0,2,4
small-world,400,1,282,92.0,194.0,119.0,119.0,134.0,134.0,223.0,199.5,0.0,2,4
small-world,400,1,283,5.0,166.0,60.0,60.0,77.0,77.0,13.0,199.5,0.0,2,4
small-world,400,1,284,92.0,160.0,46.0,46.0,136.0,136.0,216.0,199.5,0.0,2,4
small-world,400,1,285,19.0,133.0,40.0,40.0,106.0,106.0,37.0,199.5,0.0,2,4
small-world,400,1,286,288.0,309.0,288.0,288.0,334.0,334.0,306.0,199.5,0.0,2,4
small-world,400,1,287,92.0,289.0,240.0,240.0,298.0,298.0,110.0,199.5,0.0,2,4
small-world,400,1,288,92.0,257.0,191.0,191.0,256.0,256.0,161.0,199.5,0.0,2,4
small-world,400,1,289,92.0,172.0,240.0,240.0,211.0,211.0,118.0,199.5,0.0,2,4
small-world,400,1,290,92.0,124.0,191.0,191.0,148.0,148.0,175.0,199.5,0.0,2,4
small-world,400,1,291,92.0,83.0,177.0,177.0,83.0,83.0,252.0,199.5,0.0,2,4
small-world,400,1,292,92.0,108.0,87.0,87.0,98.0,98.0,229.0,199.5,0.0,2,4
small-world,400,1,293,288.0,252.0,288.0,288.0,295.0,295.0,300.0,199.5,0.0,2,4
small-world,400,1,294,288.0,299.0,288.0,288.0,291.0,291.0,370.0,199.5,0.0,2,4
small-world,400,1,295,288.0,400.0,288.0,288.0,400.0,400.0,292.0,199.5,0.0,2,4
small-world,400,1,296,92.0,398.0,279.0,279.0,396.0,396.0,96.0,199.5,0.0,2,4
small-world,400,1,297,92.0,395.0,278.0,278.0,393.0,393.0,135.0,199.5,0.0,2,4
small-world,400,1,298,92.0,386.0,268.0,268.0,386.0,386.0,176.0,199.5,0.0,2,4
small-world,400,1,299,19.0,378.0,265.0,265.0,373.0,373.0,31.0,199.5,0.0,2,4
small-world,400,1,300,19.0,369.0,236.0,236.0,369.0,369.0,41.0,199.5,0.0,2,4
small-world,400,1,301,92.0,222.0,240.0,240.0,261.0,261.0,107.0,199.5,0.0,2,4
small-world,400,1,302,288.0,375.0,288.0,288.0,390.0,390.0,384.0,199.5,0.0,2,4
small-world,400,1,303,92.0,346.0,261.0,261.0,336.0,336.0,185.0,199.5,0.0,2,4
small-world,400,1,304,288.0,318.0,288.0,288.0,310.0,310.0,375.0,199.5,0.0,2,4
small-world,400,1,305,19.0,21.0,32.0,32.0,29.0,29.0,83.0,199.5,0.0,2,4
small-world,400,1,306,5.0,11.0,31.0,31.0,16.0,16.0,16.0,199.5,0.0,2,4
small-world,400,1,307,288.0,119.0,288.0,288.0,138.0,138.0,387.0,199.5,0.0,2,4
small-world,400,1,308,92.0,120.0,69.0,69.0,131.0,131.0,210.0,199.5,0.0,2,4
small-world,400,1,309,92.0,97.0,64.0,64.0,107.0,107.0,213.0,199.5,0.0,2,4
small-world,400,1,310,92.0,73.0,58.0,58.0,84.0,84.0,227.0,199.5,0.0,2,4
small-world,400,1,311,92.0,52.0,52.0,52.0,51.0,51.0,256.0,199.5,0.0,2,4
small-world,400,1,312,288.0,251.0,288.0,288.0,279.0,279.0,317.0,199.5,0.0,2,4
small-world,400,1,313,92.0,235.0,204.0,204.0,230.0,230.0,122.0,199.5,0.0,2,4
small-world,400,1,314,92.0,212.0,161.0,161.0,175.0,175.0,184.0,199.5,0.0,2,4
small-world,400,1,315,288.0,279.0,288.0,288.0,306.0,306.0,294.0,199.5,0.0,2,4
small-world,400,1,316,288.0,233.0,288.0,288.0,270.0,270.0,353.0,199.5,0.0,2,4
small-world,400,1,317,19.0,199.0,188.0,188.0,185.0,185.0,26.0,199.5,0.0,2,4
small-world,400,1,318,19.0,151.0,115.0,115.0,120.0,120.0,50.0,199.5,0.0,2,4
small-world,400,1,319,19.0,109.0,105.0,105.0,78.0,78.0,66.0,199.5,0.0,2,4
small-world,400,1,320,19.0,74.0,86.0,86.0,45.0,45.0,78.0,199.5,0.0,2,4
small-world,400,1,321,5.0,40.0,55.0,55.0,23.0,23.0,17.0,199.5,0.0,2,4
small-world,400,1,322,288.0,91.0,288.0,288.0,125.0,125.0,339.0,199.5,0.0,2,4
small-world,400,1,323,92.0,75.0,79.0,79.0,93.0,93.0,263.0,199.5,0.0,2,4
small-world,400,1,324,92.0,303.0,144.0,144.0,269.0,269.0,152.0,199.5,0.0,2,4
small-world,400,1,325,288.0,271.0,288.0,288.0,253.0,253.0,374.0,199.5,0.0,2,4
small-world,400,1,326,288.0,383.0,288.0,288.0,381.0,381.0,361.0,199.5,0.0,2,4
small-world,400,1,327,288.0,294.0,288.0,288.0,317.0,317.0,318.0,199.5,0.0,2,4
small-world,400,1,328,92.0,264.0,240.0,240.0,272.0,272.0,121.0,199.5,0.0,2,4
small-world,400,1,329,288.0,184.0,288.0,288.0,239.0,239.0,302.0,199.5,0.0,2,4
small-world,400,1,330,92.0,157.0,204.0,204.0,177.0,177.0,105.0,199.5,0.0,2,4
small-world,400,1,331,92.0,127.0,161.0,161.0,128.0,128.0,155.0,199.5,0.0,2,4
small-world,400,1,332,92.0,102.0,144.0,144.0,81.0,81.0,219.0,199.5,0.0,2,4
small-world,400,1,333,288.0,292.0,288.0,288.0,316.0,316.0,326.0,199.5,0.0,2,4
small-world,400,1,334,288.0,36.0,288.0,288.0,68.0,68.0,385.0,199.5,0.0,2,4
small-world,400,1,335,5.0,302.0,138.0,138.0,222.0,222.0,7.0,199.5,0.0,2,4
small-world,400,1,336,288.0,344.0,288.0,288.0,340.0,340.0,396.0,199.5,0.0,2,4
small-world,400,1,337,288.0,59.0,288.0,288.0,87.0,87.0,399.0,199.5,0.0,2,4
small-world,400,1,338,19.0,250.0,95.0,95.0,186.0,186.0,38.0,199.5,0.0,2,4
small-world,400,1,339,92.0,232.0,87.0,87.0,183.0,183.0,228.0,199.5,0.0,2,4
small-world,400,1,340,92.0,211.0,76.0,76.0,161.0,161.0,239.0,199.5,0.0,2,4
small-world,400,1,341,19.0,5.0,23.0,23.0,5.0,5.0,86.0,199.5,0.0,2,4
small-world,400,1,342,5.0,3.0,6.0,6.0,1.0,1.0,18.0,199.5,0.0,2,4
small-world,400,1,343,19.0,1.0,1.0,1.0,2.0,2.0,91.0,199.5,0.0,2,4
small-world,400,1,344,19.0,2.0,2.0,2.0,4.0,4.0,90.0,199.5,0.0,2,4
small-world,400,1,345,92.0,6.0,27.0,27.0,9.0,9.0,287.0,199.5,0.0,2,4
small-world,400,1,346,19.0,12.0,25.0,25.0,11.0,11.0,85.0,199.5,0.0,2,4
small-world,400,1,347,288.0,175.0,288.0,288.0,233.0,233.0,310.0,199.5,0.0,2,4
small-world,400,1,348,92.0,141.0,204.0,204.0,165.0,165.0,114.0,199.5,0.0,2,4
small-world,400,1,349,92.0,114.0,161.0,161.0,114.0,114.0,168.0,199.5,0.0,2,4
small-world,400,1,350,19.0,87.0,102.0,102.0,64.0,64.0,43.0,199.5,0.0,2,4
small-world,400,1,351,288.0,209.0,288.0,288.0,237.0,237.0,372.0,199.5,0.0,2,4
small-world,400,1,352,288.0,201.0,288.0,288.0,260.0,260.0,334.0,199.5,0.0,2,4
small-world,400,1,353,92.0,152.0,240.0,240.0,184.0,184.0,150.0,199.5,0.0,2,4
small-world,400,1,354,19.0,107.0,81.0,81.0,96.0,96.0,56.0,199.5,0.0,2,4
small-world,400,1,355,288.0,394.0,288.0,288.0,398.0,398.0,328.0,199.5,0.0,2,4
small-world,400,1,356,92.0,66.0,66.0,66.0,113.0,113.0,246.0,199.5,0.0,2,4
small-world,400,1,357,92.0,39.0,63.0,63.0,76.0,76.0,274.0,199.5,0.0,2,4
small-world,400,1,358,288.0,307.0,288.0,288.0,338.0,338.0,297.0,199.5,0.0,2,4
small-world,400,1,359,92.0,288.0,240.0,240.0,305.0,305.0,101.0,199.5,0.0,2,4
small-world,400,1,360,92.0,253.0,191.0,191.0,264.0,264.0,144.0,199.5,0.0,2,4
small-world,400,1,361,92.0,222.0,177.0,177.0,219.0,219.0,198.0,199.5,0.0,2,4
small-world,400,1,362,288.0,98.0,288.0,288.0,152.0,152.0,338.0,199.5,0.0,2,4
small-world,400,1,363,288.0,287.0,288.0,288.0,278.0,278.0,352.0,199.5,0.0,2,4
small-world,400,1,364,19.0,272.0,138.0,138.0,205.0,205.0,25.0,199.5,0.0,2,4
small-world,400,1,365,288.0,329.0,288.0,288.0,330.0,330.0,346.0,199.5,0.0,2,4
small-world,400,1,366,19.0,314.0,188.0,188.0,275.0,275.0,22.0,199.5,0.0,2,4
small-world,400,1,367,19.0,301.0,131.0,131.0,232.0,232.0,46.0,199.5,0.0,2,4
small-world,400,1,368,19.0,276.0,91.0,91.0,201.0,201.0,60.0,199.5,0.0,2,4
small-world,400,1,369,92.0,247.0,90.0,90.0,228.0,228.0,244.0,199.5,0.0,2,4
small-world,400,1,370,19.0,186.0,115.0,115.0,150.0,150.0,51.0,199.5,0.0,2,4
small-world,400,1,371,5.0,146.0,96.0,96.0,101.0,101.0,12.0,199.5,0.0,2,4
small-world,400,1,372,92.0,55.0,204.0,204.0,67.0,67.0,151.0,199.5,0.0,2,4
small-world,400,1,373,19.0,324.0,184.0,184.0,288.0,288.0,55.0,199.5,0.0,2,4
small-world,400,1,374,288.0,196.0,288.0,288.0,172.0,172.0,394.0,199.5,0.0,2,4
small-world,400,1,375,288.0,192.0,288.0,288.0,217.0,217.0,393.0,199.5,0.0,2,4
small-world,400,1,376,92.0,239.0,161.0,161.0,224.0,224.0,138.0,199.5,0.0,2,4
small-world,400,1,377,288.0,68.0,288.0,288.0,89.0,89.0,362.0,199.5,0.0,2,4
small-world,400,1,378,92.0,226.0,87.0,87.0,151.0,151.0,247.0,199.5,0.0,2,4
small-world,400,1,379,288.0,31.0,288.0,288.0,44.0,44.0,397.0,199.5,0.0,2,4
small-world,400,1,380,19.0,10.0,56.0,56.0,10.0,10.0,70.0,199.5,0.0,2,4
small-world,400,1,381,92.0,175.0,76.0,76.0,158.0,158.0,217.0,199.5,0.0,2,4
small-world,400,1,382,92.0,148.0,72.0,72.0,145.0,145.0,211.0,199.5,0.0,2,4
small-world,400,1,383,288.0,306.0,288.0,288.0,304.0,304.0,344.0,199.5,0.0,2,4
small-world,400,1,384,19.0,290.0,138.0,138.0,241.0,241.0,23.0,199.5,0.0,2,4
small-world,400,1,385,92.0,274.0,119.0,119.0,225.0,225.0,193.0,199.5,0.0,2,4
small-world,400,1,386,288.0,370.0,288.0,288.0,376.0,376.0,319.0,199.5,0.0,2,4
small-world,400,1,387,92.0,360.0,269.0,269.0,355.0,355.0,123.0,199.5,0.0,2,4
small-world,400,1,388,92.0,260.0,240.0,240.0,263.0,263.0,134.0,199.5,0.0,2,4
small-world,400,1,389,19.0,225.0,143.0,143.0,200.0,200.0,36.0,199.5,0.0,2,4
small-world,400,1,390,92.0,187.0,132.0,132.0,171.0,171.0,261.0,199.5,0.0,2,4
small-world,400,1,391,288.0,295.0,288.0,288.0,327.0,327.0,296.0,199.5,0.0,2,4
small-world,400,1,392,92.0,268.0,240.0,240.0,284.0,284.0,100.0,199.5,0.0,2,4
small-world,400,1,393,92.0,231.0,191.0,191.0,245.0,245.0,143.0,199.5,0.0,2,4
small-world,400,1,394,288.0,169.0,288.0,288.0,226.0,226.0,315.0,199.5,0.0,2,4
small-world,400,1,395,92.0,136.0,204.0,204.0,163.0,163.0,120.0,199.5,0.0,2,4
small-world,400,1,396,288.0,94.0,288.0,288.0,142.0,142.0,388.0,199.5,0.0,2,4
small-world,400,1,397,1.0,57.0,92.0,92.0,42.0,42.0,1.0,199.5,0.0,2,4
small-world,400,1,398,92.0,81.0,112.0,112.0,99.0,99.0,243.0,199.5,0.0,2,4
small-world,400,1,399,92.0,106.0,114.0,114.0,133.0,133.0,235.0,199.5,0.0,2,4
small-world,400,2,0,18.0,214.0,114.0,114.0,132.0,132.0,56.0,199.5,0.004166666666666667,3,4
small-world,400,2,1,282.0,86.0,281.0,281.0,153.0,153.0,319.0,199.5,0.004166666666666667,3,4
small-world,400,2,2,96.0,69.0,192.0,192.0,75.0,75.0,133.0,199.5,0.004166666666666667,3,4
small-world,400,2,3,96.0,52.0,24.0,24.0,90.0,90.0,197.0,199.5,0.004166666666666667,3,4
small-world,400,2,4,282.0,295.0,281.0,281.0,313.0,313.0,290.0,199.5,0.004166666666666667,3,4
small-world,400,2,5,96.0,285.0,192.0,192.0,284.0,284.0,103.0,199.5,0.004166666666666667,3,4
small-world,400,2,6,96.0,268.0,173.0,173.0,258.0,258.0,141.0,199.5,0.004166666666666667,3,4
small-world,400,2,7,18.0,249.0,140.0,140.0,212.0,212.0,28.0,199.5,0.004166666666666667,3,4
small-world,400,2,8,96.0,231.0,133.0,133.0,190.0,190.0,204.0,199.5,0.004166666666666667,3,4
small-world,400,2,9,282.0,60.0,281.0,281.0,110.0,110.0,359.0,199.5,0.004166666666666667,3,4
small-world,400,2,10,282.0,197.0,281.0,281.0,281.0,281.0,291.0,199.5,0.004166666666666667,3,4
small-world,400,2,11,282.0,362.0,281.0,281.0,377.0,377.0,335.0,199.5,0.004166666666666667,3,4
small-world,400,2,12,96.0,344.0,274.0,274.0,350.0,350.0,165.0,199.5,0.004166666666666667,3,4
small-world,400,2,13,18.0,331.0,240.0,240.0,331.0,331.0,85.0,199.5,0.004166666666666667,3,4
small-world,400,2,14,282.0,219.0,281.0,281.0,251.0,251.0,336.0,199.5,0.004166666666666667,3,4
small-world,400,2,15,96.0,195.0,192.0,192.0,182.0,182.0,166.0,199.5,0.004166666666666667,3,4
small-world,400,2,16,282.0,357.0,281.0,281.0,367.0,367.0,397.0,199.5,0.004166666666666667,3,4
small-world,400,2,17,18.0,51.0,31.0,31.0,35.0,35.0,50.0,199.5,0.004166666666666667,3,4
small-world,400,2,18,96.0,37.0,30.0,30.0,27.0,27.0,254.0,199.5,0.004166666666666667,3,4
small-world,400,2,19,282.0,150.0,281.0,281.0,199.0,199.0,366.0,199.5,0.004166666666666667,3,4
small-world,400,2,20,18.0,9.0,23.0,23.0,4.0,4.0,84.0,199.5,0.004166666666666667,3,4
small-world,400,2,21,282.0,184.0,281.0,281.0,184.0,184.0,388.0,199.5,0.004166666666666667,3,4
small-world,400,2,22,1.0,164.0,87.0,87.0,54.0,54.0,1.0,199.5,0.004166666666666667,3,4
small-world,400,2,23,282.0,33.0,281.0,281.0,68.0,68.0,378.0,199.5,0.004166666666666667,3,4
small-world,400,2,24,18.0,21.0,19.0,19.0,14.0,14.0,63.0,199.5,0.004166666666666667,3,4
small-world,400,2,25,96.0,13.0,17.0,17.0,18.0,18.0,256.0,199.5,0.004166666666666667,3,4
small-world,400,2,26,282.0,330.0,281.0,281.0,329.0,329.0,283.0,199.5,0.004166666666666667,3,4
small-world,400,2,27,282.0,133.0,281.0,281.0,204.0,204.0,338.0,199.5,0.004166666666666667,3,4
small-world,400,2,28,282.0,400.0,281.0,281.0,399.0,399.0,383.0,199.5,0.004166666666666667,3,4
small-world,400,2,29,18.0,396.0,277.0,277.0,392.0,392.0,70.0,199.5,0.004166666666666667,3,4
small-world,400,2,30,96.0,397.0,281.0,281.0,396.0,396.0,274.0,199.5,0.004166666666666667,3,4
small-world,400,2,31,18.0,389.0,273.0,273.0,387.0,387.0,90.0,199.5,0.004166666666666667,3,4
small-world,400,2,32,282.0,70.0,281.0,281.0,106.0,106.0,367.0,199.5,0.004166666666666667,3,4
small-world,400,2,33,282.0,385.0,281.0,281.0,379.0,379.0,356.0,199.5,0.004166666666666667,3,4
small-world,400,2,34,18.0,271.0,78.0,78.0,186.0,186.0,87.0,199.5,0.004166666666666667,3,4
small-world,400,2,35,18.0,169.0,113.0,113.0,98.0,98.0,88.0,199.5,0.004166666666666667,3,4
small-world,400,2,36,282.0,205.0,281.0,281.0,237.0,237.0,342.0,199.5,0.004166666666666667,3,4
small-world,400,2,37,18.0,247.0,123.0,123.0,215.0,215.0,49.0,199.5,0.004166666666666667,3,4
small-world,400,2,38,96.0,228.0,115.0,115.0,200.0,200.0,267.0,199.5,0.004166666666666667,3,4
small-world,400,2,39,96.0,77.0,27.0,27.0,100.0,100.0,203.0,199.5,0.004166666666666667,3,4
small-world,400,2,40,282.0,357.0,281.0,281.0,370.0,370.0,361.0,199.5,0.004166666666666667,3,4
small-world,400,2,41,282.0,311.0,281.0,281.0,315.0,315.0,327.0,199.5,0.004166666666666667,3,4
small-world,400,2,42,18.0,302.0,152.0,152.0,276.0,276.0,20.0,199.5,0.004166666666666667,3,4
small-world,400,2,43,96.0,172.0,192.0,192.0,245.0,245.0,105.0,199.5,0.004166666666666667,3,4
small-world,400,2,44,96.0,153.0,173.0,173.0,206.0,206.0,144.0,199.5,0.004166666666666667,3,4
small-world,400,2,45,96.0,138.0,159.0,159.0,168.0,168.0,192.0,199.5,0.004166666666666667,3,4
small-world,400,2,46,18.0,125.0,81.0,81.0,107.0,107.0,73.0,199.5,0.004166666666666667,3,4
small-world,400,2,47,282.0,162.0,281.0,281.0,231.0,231.0,345.0,199.5,0.004166666666666667,3,4
small-world,400,2,48,282.0,73.0,281.0,281.0,102.0,102.0,379.0,199.5,0.004166666666666667,3,4
small-world,400,2,49,18.0,53.0,65.0,65.0,33.0,33.0,64.0,199.5,0.004166666666666667,3,4
small-world,400,2,50,6.0,334.0,236.0,236.0,332.0,332.0,11.0,199.5,0.004166666666666667,3,4
small-world,400,2,51,96.0,341.0,245.0,245.0,339.0,339.0,273.0,199.5,0.004166666666666667,3,4
small-world,400,2,52,282.0,276.0,281.0,281.0,292.0,292.0,353.0,199.5,0.004166666666666667,3,4
small-world,400,2,53,96.0,19.0,192.0,192.0,31.0,31.0,160.0,199.5,0.004166666666666667,3,4
small-world,400,2,54,282.0,199.0,281.0,281.0,287.0,287.0,288.0,199.5,0.004166666666666667,3,4
small-world,400,2,55,96.0,260.0,126.0,126.0,222.0,222.0,218.0,199.5,0.004166666666666667,3,4
small-world,400,2,56,18.0,246.0,103.0,103.0,180.0,180.0,62.0,199.5,0.004166666666666667,3,4
small-world,400,2,57,96.0,227.0,101.0,101.0,174.0,174.0,248.0,199.5,0.004166666666666667,3,4
small-world,400,2,58,96.0,211.0,97.0,97.0,131.0,131.0,268.0,199.5,0.004166666666666667,3,4
small-world,400,2,59,18.0,38.0,64.0,64.0,20.0,20.0,78.0,199.5,0.004166666666666667,3,4
small-world,400,2,60,282.0,229.0,281.0,281.0,266.0,266.0,325.0,199.5,0.004166666666666667,3,4
small-world,400,2,61,96.0,212.0,192.0,192.0,211.0,211.0,145.0,199.5,0.004166666666666667,3,4
small-world,400,2,62,282.0,323.0,281.0,281.0,328.0,328.0,282.0,199.5,0.004166666666666667,3,4
small-world,400,2,63,96.0,318.0,192.0,192.0,323.0,323.0,96.0,199.5,0.004166666666666667,3,4
small-world,400,2,64,282.0,166.0,281.0,281.0,198.0,198.0,371.0,199.5,0.004166666666666667,3,4
small-world,400,2,65,18.0,149.0,82.0,82.0,91.0,91.0,55.0,199.5,0.004166666666666667,3,4
small-world,400,2,66,18.0,136.0,75.0,75.0,105.0,105.0,47.0,199.5,0.004166666666666667,3,4
small-world,400,2,67,96.0,124.0,73.0,73.0,119.0,119.0,206.0,199.5,0.004166666666666667,3,4
small-world,400,2,68,96.0,104.0,72.0,72.0,115.0,115.0,195.0,199.5,0.004166666666666667,3,4
small-world,400,2,69,96.0,87.0,71.0,71.0,99.0,99.0,196.0,199.5,0.004166666666666667,3,4
small-world,400,2,70,282.0,395.0,281.0,281.0,395.0,395.0,286.0,199.5,0.004166666666666667,3,4
small-world,400,2,71,96.0,282.0,133.0,133.0,288.0,288.0,178.0,199.5,0.004166666666666667,3,4
small-world,400,2,72,6.0,345.0,242.0,242.0,334.0,334.0,8.0,199.5,0.004166666666666667,3,4
small-world,400,2,73,282.0,365.0,281.0,281.0,376.0,376.0,357.0,199.5,0.004166666666666667,3,4
small-world,400,2,74,18.0,347.0,249.0,249.0,348.0,348.0,34.0,199.5,0.004166666666666667,3,4
small-world,400,2,75,96.0,336.0,246.0,246.0,346.0,346.0,211.0,199.5,0.004166666666666667,3,4
small-world,400,2,76,96.0,218.0,159.0,159.0,164.0,164.0,213.0,199.5,0.004166666666666667,3,4
small-world,400,2,77,18.0,194.0,96.0,96.0,86.0,86.0,89.0,199.5,0.004166666666666667,3,4
small-world,400,2,78,282.0,163.0,281.0,281.0,242.0,242.0,322.0,199.5,0.004166666666666667,3,4
small-world,400,2,79,282.0,232.0,281.0,281.0,225.0,225.0,348.0,199.5,0.004166666666666667,3,4
small-world,400,2,80,282.0,349.0,281.0,281.0,360.0,360.0,395.0,199.5,0.004166666666666667,3,4
small-world,400,2,81,282.0,256.0,281.0,281.0,298.0,298.0,311.0,199.5,0.004166666666666667,3,4
small-world,400,2,82,18.0,65.0,25.0,25.0,87.0,87.0,37.0,199.5,0.004166666666666667,3,4
small-world,400,2,83,96.0,8.0,16.0,16.0,12.0,12.0,275.0,199.5,0.004166666666666667,3,4
small-world,400,2,84,18.0,4.0,2.0,2.0,2.0,2.0,93.0,199.5,0.004166666666666667,3,4
small-world,400,2,85,96.0,2.0,4.0,4.0,6.0,6.0,281.0,199.5,0.004166666666666667,3,4
small-world,400,2,86,18.0,1.0,1.0,1.0,5.0,5.0,92.0,199.5,0.004166666666666667,3,4
small-world,400,2,87,96.0,6.0,13.0,13.0,15.0,15.0,277.0,199.5,0.004166666666666667,3,4
small-world,400,2,88,96.0,253.0,192.0,192.0,227.0,227.0,142.0,199.5,0.004166666666666667,3,4
small-world,400,2,89,96.0,203.0,192.0,192.0,219.0,219.0,121.0,199.5,0.004166666666666667,3,4
small-world,400,2,90,96.0,181.0,173.0,173.0,158.0,158.0,179.0,199.5,0.004166666666666667,3,4
small-world,400,2,91,282.0,234.0,281.0,281.0,221.0,221.0,373.0,199.5,0.004166666666666667,3,4
small-world,400,2,92,282.0,106.0,281.0,281.0,187.0,187.0,305.0,199.5,0.004166666666666667,3,4
small-world,400,2,93,96.0,82.0,192.0,192.0,112.0,112.0,119.0,199.5,0.004166666666666667,3,4
small-world,400,2,94,282.0,106.0,281.0,281.0,187.0,187.0,305.0,199.5,0.004166666666666667,3,4
small-world,400,2,95,96.0,82.0,192.0,192.0,112.0,112.0,119.0,199.5,0.004166666666666667,3,4
small-world,400,2,96,18.0,67.0,152.0,152.0,57.0,57.0,29.0,199.5,0.004166666666666667,3,4
small-world,400,2,97,96.0,322.0,192.0,192.0,318.0,318.0,98.0,199.5,0.004166666666666667,3,4
small-world,400,2,98,96.0,316.0,173.0,173.0,311.0,311.0,127.0,199.5,0.004166666666666667,3,4
small-world,400,2,99,96.0,308.0,159.0,159.0,294.0,294.0,151.0,199.5,0.004166666666666667,3,4
small-world,400,2,100,96.0,299.0,142.0,142.0,275.0,275.0,174.0,199.5,0.004166666666666667,3,4
small-world,400,2,101,18.0,288.0,125.0,125.0,253.0,253.0,35.0,199.5,0.004166666666666667,3,4
small-world,400,2,102,96.0,272.0,115.0,115.0,235.0,235.0,202.0,199.5,0.004166666666666667,3,4
small-world,400,2,103,96.0,252.0,111.0,111.0,210.0,210.0,227.0,199.5,0.004166666666666667,3,4
small-world,400,2,104,6.0,238.0,93.0,93.0,150.0,150.0,7.0,199.5,0.004166666666666667,3,4
small-world,400,2,105,18.0,220.0,90.0,90.0,154.0,154.0,53.0,199.5,0.004166666666666667,3,4
small-world,400,2,106,96.0,200.0,88.0,88.0,156.0,156.0,240.0,199.5,0.004166666666666667,3,4
small-world,400,2,107,282.0,98.0,281.0,281.0,124.0,124.0,386.0,199.5,0.004166666666666667,3,4
small-world,400,2,108,6.0,75.0,42.0,42.0,38.0,38.0,9.0,199.5,0.004166666666666667,3,4
small-world,400,2,109,96.0,57.0,43.0,43.0,46.0,46.0,259.0,199.5,0.004166666666666667,3,4
small-world,400,2,110,96.0,5.0,7.0,7.0,25.0,25.0,236.0,199.5,0.004166666666666667,3,4
small-world,400,2,111,282.0,277.0,281.0,281.0,301.0,301.0,300.0,199.5,0.004166666666666667,3,4
small-world,400,2,112,282.0,256.0,281.0,281.0,298.0,298.0,311.0,199.5,0.004166666666666667,3,4
small-world,400,2,113,18.0,242.0,169.0,169.0,260.0,260.0,18.0,199.5,0.004166666666666667,3,4
small-world,400,2,114,96.0,222.0,159.0,159.0,236.0,236.0,154.0,199.5,0.004166666666666667,3,4
small-world,400,2,115,96.0,110.0,192.0,192.0,160.0,160.0,117.0,199.5,0.004166666666666667,3,4
small-world,400,2,116,96.0,370.0,268.0,268.0,363.0,363.0,128.0,199.5,0.004166666666666667,3,4
small-world,400,2,117,18.0,354.0,251.0,251.0,344.0,344.0,39.0,199.5,0.004166666666666667,3,4
small-world,400,2,118,18.0,342.0,237.0,237.0,337.0,337.0,75.0,199.5,0.004166666666666667,3,4
small-world,400,2,119,96.0,337.0,239.0,239.0,343.0,343.0,260.0,199.5,0.004166666666666667,3,4
small-world,400,2,120,96.0,335.0,238.0,238.0,341.0,341.0,270.0,199.5,0.004166666666666667,3,4
small-world,400,2,121,96.0,251.0,76.0,76.0,201.0,201.0,264.0,199.5,0.004166666666666667,3,4
small-world,400,2,122,96.0,237.0,73.0,73.0,194.0,194.0,245.0,199.5,0.004166666666666667,3,4
small-world,400,2,123,18.0,221.0,70.0,70.0,165.0,165.0,60.0,199.5,0.004166666666666667,3,4
small-world,400,2,124,96.0,392.0,268.0,268.0,382.0,382.0,100.0,199.5,0.004166666666666667,3,4
small-world,400,2,125,96.0,386.0,260.0,260.0,374.0,374.0,132.0,199.5,0.004166666666666667,3,4
small-world,400,2,126,96.0,351.0,258.0,258.0,345.0,345.0,263.0,199.5,0.004166666666666667,3,4
small-world,400,2,127,96.0,312.0,173.0,173.0,317.0,317.0,125.0,199.5,0.004166666666666667,3,4
small-world,400,2,128,282.0,84.0,281.0,281.0,134.0,134.0,351.0,199.5,0.004166666666666667,3,4
small-world,400,2,129,282.0,394.0,281.0,281.0,397.0,397.0,341.0,199.5,0.004166666666666667,3,4
small-world,400,2,130,6.0,91.0,41.0,41.0,34.0,34.0,10.0,199.5,0.004166666666666667,3,4
small-world,400,2,131,282.0,55.0,281.0,281.0,76.0,76.0,385.0,199.5,0.004166666666666667,3,4
small-world,400,2,132,96.0,158.0,57.0,57.0,159.0,159.0,222.0,199.5,0.004166666666666667,3,4
small-world,400,2,133,96.0,145.0,54.0,54.0,148.0,148.0,225.0,199.5,0.004166666666666667,3,4
small-world,400,2,134,18.0,135.0,52.0,52.0,114.0,114.0,51.0,199.5,0.004166666666666667,3,4
small-world,400,2,135,282.0,269.0,281.0,281.0,273.0,273.0,350.0,199.5,0.004166666666666667,3,4
small-world,400,2,136,282.0,123.0,281.0,281.0,205.0,205.0,294.0,199.5,0.004166666666666667,3,4
small-world,400,2,137,96.0,100.0,192.0,192.0,144.0,144.0,108.0,199.5,0.004166666666666667,3,4
small-world,400,2,138,96.0,80.0,173.0,173.0,85.0,85.0,159.0,199.5,0.004166666666666667,3,4
small-world,400,2,139,96.0,236.0,173.0,173.0,214.0,214.0,153.0,199.5,0.004166666666666667,3,4
small-world,400,2,140,282.0,376.0,281.0,281.0,380.0,380.0,326.0,199.5,0.004166666666666667,3,4
small-world,400,2,141,96.0,359.0,268.0,268.0,356.0,356.0,146.0,199.5,0.004166666666666667,3,4
small-world,400,2,142,96.0,208.0,115.0,115.0,218.0,218.0,208.0,199.5,0.004166666666666667,3,4
small-world,400,2,143,18.0,188.0,107.0,107.0,193.0,193.0,42.0,199.5,0.004166666666666667,3,4
small-world,400,2,144,96.0,303.0,159.0,159.0,310.0,310.0,147.0,199.5,0.004166666666666667,3,4
small-world,400,2,145,96.0,329.0,192.0,192.0,322.0,322.0,97.0,199.5,0.004166666666666667,3,4
small-world,400,2,146,96.0,324.0,173.0,173.0,316.0,316.0,126.0,199.5,0.004166666666666667,3,4
small-world,400,2,147,96.0,321.0,159.0,159.0,306.0,306.0,149.0,199.5,0.004166666666666667,3,4
small-world,400,2,148,96.0,315.0,142.0,142.0,293.0,293.0,170.0,199.5,0.004166666666666667,3,4
small-world,400,2,149,96.0,148.0,192.0,192.0,183.0,183.0,139.0,199.5,0.004166666666666667,3,4
small-world,400,2,150,282.0,360.0,281.0,281.0,365.0,365.0,381.0,199.5,0.004166666666666667,3,4
small-world,400,2,151,282.0,387.0,281.0,281.0,389.0,389.0,313.0,199.5,0.004166666666666667,3,4
small-world,400,2,152,282.0,117.0,281.0,281.0,138.0,138.0,354.0,199.5,0.004166666666666667,3,4
small-world,400,2,153,18.0,96.0,169.0,169.0,55.0,55.0,32.0,199.5,0.004166666666666667,3,4
small-world,400,2,154,2.0,74.0,55.0,55.0,11.0,11.0,3.0,199.5,0.004166666666666667,3,4
small-world,400,2,155,18.0,56.0,53.0,53.0,13.0,13.0,86.0,199.5,0.004166666666666667,3,4
small-world,400,2,156,96.0,293.0,142.0,142.0,295.0,295.0,168.0,199.5,0.004166666666666667,3,4
small-world,400,2,157,96.0,178.0,192.0,192.0,250.0,250.0,102.0,199.5,0.004166666666666667,3,4
small-world,400,2,158,96.0,161.0,173.0,173.0,209.0,209.0,138.0,199.5,0.004166666666666667,3,4
small-world,400,2,159,96.0,63.0,35.0,35.0,49.0,49.0,238.0,199.5,0.004166666666666667,3,4
small-world,400,2,160,96.0,105.0,79.0,79.0,104.0,104.0,250.0,199.5,0.004166666666666667,3,4
small-world,400,2,161,282.0,270.0,281.0,281.0,291.0,291.0,293.0,199.5,0.004166666666666667,3,4
small-world,400,2,162,96.0,250.0,192.0,192.0,257.0,257.0,107.0,199.5,0.004166666666666667,3,4
small-world,400,2,163,282.0,41.0,281.0,281.0,50.0,50.0,400.0,199.5,0.004166666666666667,3,4
small-world,400,2,164,2.0,25.0,3.0,3.0,3.0,3.0,4.0,199.5,0.004166666666666667,3,4
small-world,400,2,165,282.0,391.0,281.0,281.0,391.0,391.0,309.0,199.5,0.004166666666666667,3,4
small-world,400,2,166,96.0,384.0,268.0,268.0,371.0,371.0,123.0,199.5,0.004166666666666667,3,4
small-world,400,2,167,282.0,216.0,281.0,281.0,223.0,223.0,387.0,199.5,0.004166666666666667,3,4
small-world,400,2,168,18.0,192.0,131.0,131.0,142.0,142.0,79.0,199.5,0.004166666666666667,3,4
small-world,400,2,169,18.0,243.0,152.0,152.0,217.0,217.0,24.0,199.5,0.004166666666666667,3,4
small-world,400,2,170,96.0,64.0,159.0,159.0,41.0,41.0,232.0,199.5,0.004166666666666667,3,4
small-world,400,2,171,282.0,187.0,281.0,281.0,177.0,177.0,396.0,199.5,0.004166666666666667,3,4
small-world,400,2,172,282.0,382.0,281.0,281.0,383.0,383.0,315.0,199.5,0.004166666666666667,3,4
small-world,400,2,173,282.0,61.0,281.0,281.0,120.0,120.0,333.0,199.5,0.004166666666666667,3,4
small-world,400,2,174,282.0,119.0,281.0,281.0,146.0,146.0,344.0,199.5,0.004166666666666667,3,4
small-world,400,2,175,282.0,292.0,281.0,281.0,304.0,304.0,301.0,199.5,0.004166666666666667,3,4
small-world,400,2,176,96.0,126.0,192.0,192.0,122.0,122.0,148.0,199.5,0.004166666666666667,3,4
small-world,400,2,177,282.0,176.0,281.0,281.0,172.0,172.0,390.0,199.5,0.004166666666666667,3,4
small-world,400,2,178,18.0,157.0,56.0,56.0,70.0,70.0,81.0,199.5,0.004166666666666667,3,4
small-world,400,2,179,282.0,300.0,281.0,281.0,296.0,296.0,358.0,199.5,0.004166666666666667,3,4
small-world,400,2,180,282.0,26.0,281.0,281.0,48.0,48.0,384.0,199.5,0.004166666666666667,3,4
small-world,400,2,181,18.0,15.0,26.0,26.0,8.0,8.0,72.0,199.5,0.004166666666666667,3,4
small-world,400,2,182,96.0,131.0,133.0,133.0,133.0,133.0,189.0,199.5,0.004166666666666667,3,4
small-world,400,2,183,96.0,114.0,126.0,126.0,92.0,92.0,219.0,199.5,0.004166666666666667,3,4
small-world,400,2,184,18.0,94.0,109.0,109.0,43.0,43.0,61.0,199.5,0.004166666666666667,3,4
small-world,400,2,185,96.0,290.0,142.0,142.0,268.0,268.0,172.0,199.5,0.004166666666666667,3,4
small-world,400,2,186,96.0,278.0,133.0,133.0,255.0,255.0,186.0,199.5,0.004166666666666667,3,4
small-world,400,2,187,96.0,217.0,101.0,101.0,234.0,234.0,190.0,199.5,0.004166666666666667,3,4
small-world,400,2,188,96.0,196.0,97.0,97.0,220.0,220.0,187.0,199.5,0.004166666666666667,3,4
small-world,400,2,189,96.0,175.0,94.0,94.0,208.0,208.0,185.0,199.5,0.004166666666666667,3,4
small-world,400,2,190,96.0,155.0,92.0,92.0,191.0,191.0,188.0,199.5,0.004166666666666667,3,4
small-world,400,2,191,18.0,43.0,152.0,152.0,36.0,36.0,36.0,199.5,0.004166666666666667,3,4
small-world,400,2,192,96.0,95.0,142.0,142.0,89.0,89.0,212.0,199.5,0.004166666666666667,3,4
small-world,400,2,193,96.0,297.0,126.0,126.0,261.0,261.0,207.0,199.5,0.004166666666666667,3,4
small-world,400,2,194,282.0,209.0,281.0,281.0,263.0,263.0,363.0,199.5,0.004166666666666667,3,4
small-world,400,2,195,282.0,225.0,281.0,281.0,274.0,274.0,307.0,199.5,0.004166666666666667,3,4
small-world,400,2,196,96.0,44.0,192.0,192.0,52.0,52.0,163.0,199.5,0.004166666666666667,3,4
small-world,400,2,197,282.0,368.0,281.0,281.0,372.0,372.0,346.0,199.5,0.004166666666666667,3,4
small-world,400,2,198,6.0,348.0,253.0,253.0,340.0,340.0,6.0,199.5,0.004166666666666667,3,4
small-world,400,2,199,282.0,273.0,281.0,281.0,282.0,282.0,323.0,199.5,0.004166666666666667,3,4
small-world,400,2,200,96.0,108.0,142.0,142.0,88.0,88.0,217.0,199.5,0.004166666666666667,3,4
small-world,400,2,201,18.0,146.0,140.0,140.0,161.0,161.0,26.0,199.5,0.004166666666666667,3,4
small-world,400,2,202,282.0,84.0,281.0,281.0,134.0,134.0,351.0,199.5,0.004166666666666667,3,4
small-world,400,2,203,18.0,67.0,152.0,152.0,57.0,57.0,29.0,199.5,0.004166666666666667,3,4
small-world,400,2,204,96.0,50.0,173.0,173.0,29.0,29.0,221.0,199.5,0.004166666666666667,3,4
small-world,400,2,205,282.0,273.0,281.0,281.0,282.0,282.0,323.0,199.5,0.004166666666666667,3,4
small-world,400,2,206,96.0,253.0,192.0,192.0,227.0,227.0,142.0,199.5,0.004166666666666667,3,4
small-world,400,2,207,282.0,304.0,281.0,281.0,319.0,319.0,289.0,199.5,0.004166666666666667,3,4
small-world,400,2,208,96.0,294.0,192.0,192.0,297.0,297.0,104.0,199.5,0.004166666666666667,3,4
small-world,400,2,209,96.0,281.0,173.0,173.0,278.0,278.0,140.0,199.5,0.004166666666666667,3,4
small-world,400,2,210,96.0,264.0,159.0,159.0,259.0,259.0,177.0,199.5,0.004166666666666667,3,4
small-world,400,2,211,96.0,267.0,192.0,192.0,280.0,280.0,135.0,199.5,0.004166666666666667,3,4
small-world,400,2,212,18.0,248.0,106.0,106.0,243.0,243.0,46.0,199.5,0.004166666666666667,3,4
small-world,400,2,213,96.0,230.0,105.0,105.0,249.0,249.0,198.0,199.5,0.004166666666666667,3,4
small-world,400,2,214,18.0,116.0,152.0,152.0,127.0,127.0,21.0,199.5,0.004166666666666667,3,4
small-world,400,2,215,282.0,234.0,281.0,281.0,233.0,233.0,337.0,199.5,0.004166666666666667,3,4
small-world,400,2,216,282.0,325.0,281.0,281.0,325.0,325.0,295.0,199.5,0.004166666666666667,3,4
small-world,400,2,217,96.0,319.0,192.0,192.0,308.0,308.0,109.0,199.5,0.004166666666666667,3,4
small-world,400,2,218,96.0,313.0,173.0,173.0,285.0,285.0,161.0,199.5,0.004166666666666667,3,4
small-world,400,2,219,96.0,177.0,192.0,192.0,196.0,196.0,122.0,199.5,0.004166666666666667,3,4
small-world,400,2,220,96.0,160.0,173.0,173.0,140.0,140.0,180.0,199.5,0.004166666666666667,3,4
small-world,400,2,221,18.0,144.0,51.0,51.0,73.0,73.0,80.0,199.5,0.004166666666666667,3,4
small-world,400,2,222,282.0,81.0,281.0,281.0,173.0,173.0,360.0,199.5,0.004166666666666667,3,4
small-world,400,2,223,282.0,36.0,281.0,281.0,108.0,108.0,368.0,199.5,0.004166666666666667,3,4
small-world,400,2,224,18.0,46.0,46.0,46.0,7.0,7.0,94.0,199.5,0.004166666666666667,3,4
small-world,400,2,225,282.0,317.0,281.0,281.0,321.0,321.0,292.0,199.5,0.004166666666666667,3,4
small-world,400,2,226,96.0,310.0,192.0,192.0,303.0,303.0,106.0,199.5,0.004166666666666667,3,4
small-world,400,2,227,282.0,139.0,281.0,281.0,197.0,197.0,328.0,199.5,0.004166666666666667,3,4
small-world,400,2,228,282.0,291.0,281.0,281.0,320.0,320.0,287.0,199.5,0.004166666666666667,3,4
small-world,400,2,229,96.0,279.0,192.0,192.0,305.0,305.0,101.0,199.5,0.004166666666666667,3,4
small-world,400,2,230,96.0,261.0,173.0,173.0,289.0,289.0,136.0,199.5,0.004166666666666667,3,4
small-world,400,2,231,96.0,244.0,159.0,159.0,265.0,265.0,169.0,199.5,0.004166666666666667,3,4
small-world,400,2,232,282.0,239.0,281.0,281.0,239.0,239.0,369.0,199.5,0.004166666666666667,3,4
small-world,400,2,233,96.0,319.0,192.0,192.0,308.0,308.0,109.0,199.5,0.004166666666666667,3,4
small-world,400,2,234,96.0,313.0,173.0,173.0,285.0,285.0,161.0,199.5,0.004166666666666667,3,4
small-world,400,2,235,96.0,280.0,192.0,192.0,270.0,270.0,115.0,199.5,0.004166666666666667,3,4
small-world,400,2,236,96.0,266.0,126.0,126.0,269.0,269.0,193.0,199.5,0.004166666666666667,3,4
small-world,400,2,237,2.0,28.0,18.0,18.0,9.0,9.0,2.0,199.5,0.004166666666666667,3,4
small-world,400,2,238,96.0,296.0,115.0,115.0,240.0,240.0,242.0,199.5,0.004166666666666667,3,4
small-world,400,2,239,18.0,286.0,104.0,104.0,202.0,202.0,69.0,199.5,0.004166666666666667,3,4
small-world,400,2,240,282.0,168.0,281.0,281.0,167.0,167.0,392.0,199.5,0.004166666666666667,3,4
small-world,400,2,241,282.0,31.0,281.0,281.0,83.0,83.0,332.0,199.5,0.004166666666666667,3,4
small-world,400,2,242,18.0,375.0,254.0,254.0,351.0,351.0,33.0,199.5,0.004166666666666667,3,4
small-world,400,2,243,18.0,360.0,250.0,250.0,342.0,342.0,77.0,199.5,0.004166666666666667,3,4
small-world,400,2,244,96.0,356.0,261.0,261.0,353.0,353.0,247.0,199.5,0.004166666666666667,3,4
small-world,400,2,245,96.0,349.0,259.0,259.0,354.0,354.0,241.0,199.5,0.004166666666666667,3,4
small-world,400,2,246,96.0,343.0,256.0,256.0,347.0,347.0,262.0,199.5,0.004166666666666667,3,4
small-world,400,2,247,282.0,346.0,281.0,281.0,361.0,361.0,372.0,199.5,0.004166666666666667,3,4
small-world,400,2,248,18.0,331.0,241.0,241.0,335.0,335.0,57.0,199.5,0.004166666666666667,3,4
small-world,400,2,249,282.0,147.0,281.0,281.0,244.0,244.0,297.0,199.5,0.004166666666666667,3,4
small-world,400,2,250,96.0,132.0,192.0,192.0,189.0,189.0,111.0,199.5,0.004166666666666667,3,4
small-world,400,2,251,282.0,263.0,281.0,281.0,307.0,307.0,317.0,199.5,0.004166666666666667,3,4
small-world,400,2,252,96.0,245.0,192.0,192.0,272.0,272.0,130.0,199.5,0.004166666666666667,3,4
small-world,400,2,253,18.0,226.0,123.0,123.0,224.0,224.0,40.0,199.5,0.004166666666666667,3,4
small-world,400,2,254,18.0,305.0,122.0,122.0,252.0,252.0,48.0,199.5,0.004166666666666667,3,4
small-world,400,2,255,96.0,97.0,192.0,192.0,63.0,63.0,173.0,199.5,0.004166666666666667,3,4
small-world,400,2,256,282.0,368.0,281.0,281.0,372.0,372.0,346.0,199.5,0.004166666666666667,3,4
small-world,400,2,257,96.0,191.0,139.0,139.0,151.0,151.0,279.0,199.5,0.004166666666666667,3,4
small-world,400,2,258,18.0,210.0,110.0,110.0,157.0,157.0,91.0,199.5,0.004166666666666667,3,4
small-world,400,2,259,282.0,173.0,281.0,281.0,171.0,171.0,399.0,199.5,0.004166666666666667,3,4
small-world,400,2,260,282.0,99.0,281.0,281.0,126.0,126.0,374.0,199.5,0.004166666666666667,3,4
small-world,400,2,261,18.0,76.0,38.0,38.0,45.0,45.0,58.0,199.5,0.004166666666666667,3,4
small-world,400,2,262,282.0,232.0,281.0,281.0,225.0,225.0,348.0,199.5,0.004166666666666667,3,4
small-world,400,2,263,18.0,213.0,169.0,169.0,143.0,143.0,27.0,199.5,0.004166666666666667,3,4
small-world,400,2,264,96.0,201.0,142.0,142.0,203.0,203.0,181.0,199.5,0.004166666666666667,3,4
small-world,400,2,265,96.0,179.0,133.0,133.0,152.0,152.0,229.0,199.5,0.004166666666666667,3,4
small-world,400,2,266,282.0,113.0,281.0,281.0,178.0,178.0,362.0,199.5,0.004166666666666667,3,4
small-world,400,2,267,96.0,258.0,192.0,192.0,267.0,267.0,113.0,199.5,0.004166666666666667,3,4
small-world,400,2,268,282.0,143.0,281.0,281.0,207.0,207.0,339.0,199.5,0.004166666666666667,3,4
small-world,400,2,269,96.0,122.0,49.0,49.0,116.0,116.0,228.0,199.5,0.004166666666666667,3,4
small-world,400,2,270,96.0,102.0,47.0,47.0,96.0,96.0,230.0,199.5,0.004166666666666667,3,4
small-world,400,2,271,18.0,92.0,29.0,29.0,95.0,95.0,41.0,199.5,0.004166666666666667,3,4
small-world,400,2,272,96.0,101.0,33.0,33.0,109.0,109.0,215.0,199.5,0.004166666666666667,3,4
small-world,400,2,273,96.0,120.0,35.0,35.0,103.0,103.0,235.0,199.5,0.004166666666666667,3,4
small-world,400,2,274,96.0,130.0,40.0,40.0,82.0,82.0,269.0,199.5,0.004166666666666667,3,4
small-world,400,2,275,282.0,284.0,281.0,281.0,314.0,314.0,320.0,199.5,0.004166666666666667,3,4
small-world,400,2,276,282.0,327.0,281.0,281.0,327.0,327.0,284.0,199.5,0.004166666666666667,3,4
small-world,400,2,277,282.0,129.0,281.0,281.0,216.0,216.0,303.0,199.5,0.004166666666666667,3,4
small-world,400,2,278,282.0,109.0,281.0,281.0,155.0,155.0,370.0,199.5,0.004166666666666667,3,4
small-world,400,2,279,96.0,373.0,280.0,280.0,368.0,368.0,257.0,199.5,0.004166666666666667,3,4
small-world,400,2,280,96.0,355.0,276.0,276.0,357.0,357.0,272.0,199.5,0.004166666666666667,3,4
small-world,400,2,281,96.0,3.0,5.0,5.0,17.0,17.0,266.0,199.5,0.004166666666666667,3,4
small-world,400,2,282,282.0,17.0,281.0,281.0,80.0,80.0,365.0,199.5,0.004166666666666667,3,4
small-world,400,2,283,6.0,338.0,248.0,248.0,333.0,333.0,15.0,199.5,0.004166666666666667,3,4
small-world,400,2,284,18.0,353.0,264.0,264.0,349.0,349.0,67.0,199.5,0.004166666666666667,3,4
small-world,400,2,285,96.0,180.0,85.0,85.0,125.0,125.0,261.0,199.5,0.004166666666666667,3,4
small-world,400,2,286,6.0,165.0,62.0,62.0,71.0,71.0,13.0,199.5,0.004166666666666667,3,4
small-world,400,2,287,18.0,152.0,61.0,61.0,64.0,64.0,83.0,199.5,0.004166666666666667,3,4
small-world,400,2,288,6.0,140.0,34.0,34.0,44.0,44.0,16.0,199.5,0.004166666666666667,3,4
small-world,400,2,289,6.0,154.0,84.0,84.0,62.0,62.0,17.0,199.5,0.004166666666666667,3,4
small-world,400,2,290,96.0,141.0,91.0,91.0,166.0,166.0,191.0,199.5,0.004166666666666667,3,4
small-world,400,2,291,96.0,127.0,88.0,88.0,130.0,130.0,200.0,199.5,0.004166666666666667,3,4
small-world,400,2,292,96.0,112.0,85.0,85.0,93.0,93.0,226.0,199.5,0.004166666666666667,3,4
small-world,400,2,293,96.0,93.0,83.0,83.0,51.0,51.0,265.0,199.5,0.004166666666666667,3,4
small-world,400,2,294,282.0,309.0,281.0,281.0,324.0,324.0,285.0,199.5,0.004166666666666667,3,4
small-world,400,2,295,96.0,301.0,192.0,192.0,312.0,312.0,99.0,199.5,0.004166666666666667,3,4
small-world,400,2,296,96.0,289.0,173.0,173.0,290.0,290.0,131.0,199.5,0.004166666666666667,3,4
small-world,400,2,297,282.0,111.0,281.0,281.0,123.0,123.0,391.0,199.5,0.004166666666666667,3,4
small-world,400,2,298,18.0,89.0,45.0,45.0,66.0,66.0,54.0,199.5,0.004166666666666667,3,4
small-world,400,2,299,282.0,398.0,281.0,281.0,398.0,398.0,318.0,199.5,0.004166666666666667,3,4
small-world,400,2,300,96.0,389.0,277.0,277.0,393.0,393.0,134.0,199.5,0.004166666666666667,3,4
small-world,400,2,301,18.0,366.0,263.0,263.0,375.0,375.0,43.0,199.5,0.004166666666666667,3,4
small-world,400,2,302,96.0,372.0,265.0,265.0,385.0,385.0,231.0,199.5,0.004166666666666667,3,4
small-world,400,2,303,282.0,307.0,281.0,281.0,302.0,302.0,329.0,199.5,0.004166666666666667,3,4
small-world,400,2,304,282.0,374.0,281.0,281.0,378.0,378.0,382.0,199.5,0.004166666666666667,3,4
small-world,400,2,305,96.0,298.0,192.0,192.0,262.0,262.0,150.0,199.5,0.004166666666666667,3,4
small-world,400,2,306,18.0,11.0,14.0,14.0,19.0,19.0,76.0,199.5,0.004166666666666667,3,4
small-world,400,2,307,96.0,378.0,255.0,255.0,369.0,369.0,157.0,199.5,0.004166666666666667,3,4
small-world,400,2,308,96.0,364.0,252.0,252.0,359.0,359.0,182.0,199.5,0.004166666666666667,3,4
small-world,400,2,309,96.0,351.0,247.0,247.0,352.0,352.0,224.0,199.5,0.004166666666666667,3,4
small-world,400,2,310,96.0,134.0,49.0,49.0,84.0,84.0,255.0,199.5,0.004166666666666667,3,4
small-world,400,2,311,96.0,121.0,47.0,47.0,77.0,77.0,249.0,199.5,0.004166666666666667,3,4
small-world,400,2,312,18.0,103.0,44.0,44.0,56.0,56.0,68.0,199.5,0.004166666666666667,3,4
small-world,400,2,313,282.0,61.0,281.0,281.0,120.0,120.0,333.0,199.5,0.004166666666666667,3,4
small-world,400,2,314,96.0,44.0,192.0,192.0,52.0,52.0,163.0,199.5,0.004166666666666667,3,4
small-world,400,2,315,18.0,338.0,244.0,244.0,338.0,338.0,38.0,199.5,0.004166666666666667,3,4
small-world,400,2,316,96.0,333.0,243.0,243.0,336.0,336.0,244.0,199.5,0.004166666666666667,3,4
small-world,400,2,317,6.0,328.0,235.0,235.0,330.0,330.0,12.0,199.5,0.004166666666666667,3,4
small-world,400,2,318,96.0,90.0,173.0,173.0,101.0,101.0,175.0,199.5,0.004166666666666667,3,4
small-world,400,2,319,18.0,71.0,68.0,68.0,47.0,47.0,71.0,199.5,0.004166666666666667,3,4
small-world,400,2,320,282.0,79.0,281.0,281.0,170.0,170.0,310.0,199.5,0.004166666666666667,3,4
small-world,400,2,321,96.0,59.0,192.0,192.0,94.0,94.0,124.0,199.5,0.004166666666666667,3,4
small-world,400,2,322,96.0,87.0,76.0,76.0,81.0,81.0,251.0,199.5,0.004166666666666667,3,4
small-world,400,2,323,96.0,241.0,126.0,126.0,229.0,229.0,184.0,199.5,0.004166666666666667,3,4
small-world,400,2,324,96.0,223.0,115.0,115.0,213.0,213.0,194.0,199.5,0.004166666666666667,3,4
small-world,400,2,325,96.0,203.0,111.0,111.0,181.0,181.0,216.0,199.5,0.004166666666666667,3,4
small-world,400,2,326,96.0,186.0,108.0,108.0,136.0,136.0,246.0,199.5,0.004166666666666667,3,4
small-world,400,2,327,96.0,48.0,142.0,142.0,23.0,23.0,252.0,199.5,0.004166666666666667,3,4
small-world,400,2,328,282.0,382.0,281.0,281.0,383.0,383.0,315.0,199.5,0.004166666666666667,3,4
small-world,400,2,329,96.0,370.0,268.0,268.0,363.0,363.0,128.0,199.5,0.004166666666666667,3,4
small-world,400,2,330,282.0,115.0,281.0,281.0,129.0,129.0,377.0,199.5,0.004166666666666667,3,4
small-world,400,2,331,282.0,381.0,281.0,281.0,386.0,386.0,302.0,199.5,0.004166666666666667,3,4
small-world,400,2,332,96.0,367.0,274.0,274.0,362.0,362.0,116.0,199.5,0.004166666666666667,3,4
small-world,400,2,333,96.0,379.0,266.0,266.0,388.0,388.0,258.0,199.5,0.004166666666666667,3,4
small-world,400,2,334,282.0,35.0,281.0,281.0,72.0,72.0,380.0,199.5,0.004166666666666667,3,4
small-world,400,2,335,18.0,22.0,11.0,11.0,16.0,16.0,66.0,199.5,0.004166666666666667,3,4
small-world,400,2,336,96.0,18.0,12.0,12.0,30.0,30.0,234.0,199.5,0.004166666666666667,3,4
small-world,400,2,337,96.0,14.0,10.0,10.0,39.0,39.0,210.0,199.5,0.004166666666666667,3,4
small-world,400,2,338,96.0,12.0,9.0,9.0,42.0,42.0,201.0,199.5,0.004166666666666667,3,4
small-world,400,2,339,96.0,10.0,8.0,8.0,37.0,37.0,205.0,199.5,0.004166666666666667,3,4
small-world,400,2,340,18.0,7.0,6.0,6.0,26.0,26.0,45.0,199.5,0.004166666666666667,3,4
small-world,400,2,341,282.0,399.0,281.0,281.0,400.0,400.0,299.0,199.5,0.004166666666666667,3,4
small-world,400,2,342,96.0,393.0,277.0,277.0,394.0,394.0,114.0,199.5,0.004166666666666667,3,4
small-world,400,2,343,18.0,380.0,267.0,267.0,381.0,381.0,23.0,199.5,0.004166666666666667,3,4
small-world,400,2,344,96.0,262.0,173.0,173.0,232.0,232.0,171.0,199.5,0.004166666666666667,3,4
small-world,400,2,345,282.0,117.0,281.0,281.0,138.0,138.0,354.0,199.5,0.004166666666666667,3,4
small-world,400,2,346,282.0,184.0,281.0,281.0,184.0,184.0,388.0,199.5,0.004166666666666667,3,4
small-world,400,2,347,96.0,214.0,192.0,192.0,163.0,163.0,167.0,199.5,0.004166666666666667,3,4
small-world,400,2,348,6.0,193.0,80.0,80.0,69.0,69.0,14.0,199.5,0.004166666666666667,3,4
small-world,400,2,349,18.0,171.0,59.0,59.0,61.0,61.0,95.0,199.5,0.004166666666666667,3,4
small-world,400,2,350,282.0,207.0,281.0,281.0,246.0,246.0,331.0,199.5,0.004166666666666667,3,4
small-world,400,2,351,96.0,183.0,192.0,192.0,169.0,169.0,155.0,199.5,0.004166666666666667,3,4
small-world,400,2,352,282.0,189.0,281.0,281.0,254.0,254.0,364.0,199.5,0.004166666666666667,3,4
small-world,400,2,353,18.0,167.0,100.0,100.0,176.0,176.0,44.0,199.5,0.004166666666666667,3,4
small-world,400,2,354,96.0,151.0,97.0,97.0,175.0,175.0,223.0,199.5,0.004166666666666667,3,4
small-world,400,2,355,96.0,137.0,94.0,94.0,149.0,149.0,239.0,199.5,0.004166666666666667,3,4
small-world,400,2,356,282.0,159.0,281.0,281.0,248.0,248.0,298.0,199.5,0.004166666666666667,3,4
small-world,400,2,357,96.0,142.0,192.0,192.0,192.0,192.0,112.0,199.5,0.004166666666666667,3,4
small-world,400,2,358,18.0,128.0,152.0,152.0,128.0,128.0,22.0,199.5,0.004166666666666667,3,4
small-world,400,2,359,282.0,78.0,281.0,281.0,74.0,74.0,393.0,199.5,0.004166666666666667,3,4
small-world,400,2,360,96.0,275.0,159.0,159.0,271.0,271.0,156.0,199.5,0.004166666666666667,3,4
small-world,400,2,361,18.0,255.0,132.0,132.0,241.0,241.0,31.0,199.5,0.004166666666666667,3,4
small-world,400,2,362,282.0,66.0,281.0,281.0,97.0,97.0,375.0,199.5,0.004166666666666667,3,4
small-world,400,2,363,18.0,47.0,38.0,38.0,32.0,32.0,59.0,199.5,0.004166666666666667,3,4
small-world,400,2,364,96.0,34.0,35.0,35.0,21.0,21.0,276.0,199.5,0.004166666666666667,3,4
small-world,400,2,365,282.0,156.0,281.0,281.0,145.0,145.0,398.0,199.5,0.004166666666666667,3,4
small-world,400,2,366,282.0,240.0,281.0,281.0,247.0,247.0,376.0,199.5,0.004166666666666667,3,4
small-world,400,2,367,282.0,32.0,281.0,281.0,118.0,118.0,330.0,199.5,0.004166666666666667,3,4
small-world,400,2,368,96.0,20.0,192.0,192.0,60.0,60.0,152.0,199.5,0.004166666666666667,3,4
small-world,400,2,369,96.0,72.0,69.0,69.0,78.0,78.0,209.0,199.5,0.004166666666666667,3,4
small-world,400,2,370,96.0,54.0,67.0,67.0,59.0,59.0,233.0,199.5,0.004166666666666667,3,4
small-world,400,2,371,96.0,39.0,66.0,66.0,28.0,28.0,271.0,199.5,0.004166666666666667,3,4
small-world,400,2,372,96.0,173.0,58.0,58.0,162.0,162.0,237.0,199.5,0.004166666666666667,3,4
small-world,400,2,373,96.0,48.0,142.0,142.0,23.0,23.0,252.0,199.5,0.004166666666666667,3,4
small-world,400,2,374,2.0,30.0,28.0,28.0,1.0,1.0,5.0,199.5,0.004166666666666667,3,4
small-world,400,2,375,96.0,24.0,32.0,32.0,10.0,10.0,280.0,199.5,0.004166666666666667,3,4
small-world,400,2,376,282.0,58.0,281.0,281.0,179.0,179.0,304.0,199.5,0.004166666666666667,3,4
small-world,400,2,377,96.0,42.0,192.0,192.0,111.0,111.0,118.0,199.5,0.004166666666666667,3,4
small-world,400,2,378,282.0,338.0,281.0,281.0,355.0,355.0,394.0,199.5,0.004166666666666667,3,4
small-world,400,2,379,282.0,325.0,281.0,281.0,325.0,325.0,295.0,199.5,0.004166666666666667,3,4
small-world,400,2,380,282.0,387.0,281.0,281.0,389.0,389.0,313.0,199.5,0.004166666666666667,3,4
small-world,400,2,381,18.0,377.0,262.0,262.0,366.0,366.0,19.0,199.5,0.004166666666666667,3,4
small-world,400,2,382,96.0,362.0,257.0,257.0,358.0,358.0,158.0,199.5,0.004166666666666667,3,4
small-world,400,2,383,282.0,205.0,281.0,281.0,237.0,237.0,342.0,199.5,0.004166666666666667,3,4
small-world,400,2,384,18.0,181.0,169.0,169.0,147.0,147.0,25.0,199.5,0.004166666666666667,3,4
small-world,400,2,385,282.0,259.0,281.0,281.0,279.0,279.0,340.0,199.5,0.004166666666666667,3,4
small-world,400,2,386,282.0,283.0,281.0,281.0,300.0,300.0,321.0,199.5,0.004166666666666667,3,4
small-world,400,2,387,96.0,265.0,192.0,192.0,264.0,264.0,137.0,199.5,0.004166666666666667,3,4
small-world,400,2,388,96.0,27.0,173.0,173.0,67.0,67.0,176.0,199.5,0.004166666666666667,3,4
small-world,400,2,389,18.0,16.0,15.0,15.0,22.0,22.0,74.0,199.5,0.004166666666666667,3,4
small-world,400,2,390,96.0,170.0,121.0,121.0,117.0,117.0,278.0,199.5,0.004166666666666667,3,4
small-world,400,2,391,96.0,287.0,115.0,115.0,230.0,230.0,243.0,199.5,0.004166666666666667,3,4
small-world,400,2,392,18.0,23.0,20.0,20.0,40.0,40.0,52.0,199.5,0.004166666666666667,3,4
small-world,400,2,393,96.0,29.0,21.0,21.0,65.0,65.0,214.0,199.5,0.004166666666666667,3,4
small-world,400,2,394,96.0,40.0,22.0,22.0,79.0,79.0,199.0,199.5,0.004166666666666667,3,4
small-world,400,2,395,282.0,198.0,281.0,281.0,256.0,256.0,308.0,199.5,0.004166666666666667,3,4
small-world,400,2,396,96.0,224.0,142.0,142.0,195.0,195.0,220.0,199.5,0.004166666666666667,3,4
small-world,400,2,397,18.0,202.0,63.0,63.0,137.0,137.0,82.0,199.5,0.004166666666666667,3,4
small-world,400,2,398,18.0,190.0,60.0,60.0,141.0,141.0,65.0,199.5,0.004166666666666667,3,4
small-world,400,2,399,96.0,306.0,133.0,133.0,277.0,277.0,183.0,199.5,0.004166666666666667,3,4
