small-world,400,25,0,103.0,31.0,202.0,202.0,43.0,43.0,190.0,199.5,0.0,2,2
small-world,400,25,1,272.0,359.0,272.0,272.0,369.0,369.0,293.0,199.5,0.0,2,2
small-world,400,25,2,103.0,346.0,202.0,202.0,356.0,356.0,124.0,199.5,0.0,2,2
small-world,400,25,3,272.0,91.0,272.0,272.0,173.0,173.0,372.0,199.5,0.0,2,2
small-world,400,25,4,103.0,189.0,175.0,175.0,220.0,220.0,156.0,199.5,0.0,2,2
small-world,400,25,5,103.0,138.0,155.0,155.0,166.0,166.0,194.0,199.5,0.0,2,2
small-world,400,25,6,25.0,96.0,104.0,104.0,97.0,97.0,62.0,199.5,0.0,2,2
small-world,400,25,7,103.0,59.0,97.0,97.0,68.0,68.0,240.0,199.5,0.0,2,2
small-world,400,25,8,103.0,32.0,89.0,89.0,37.0,37.0,258.0,199.5,0.0,2,2
small-world,400,25,9,25.0,14.0,61.0,61.0,18.0,18.0,98.0,199.5,0.0,2,2
small-world,400,25,10,25.0,2.0,3.0,3.0,6.0,6.0,101.0,199.5,0.0,2,2
small-world,400,25,11,103.0,200.0,202.0,202.0,251.0,251.0,109.0,199.5,0.0,2,2
small-world,400,25,12,103.0,158.0,175.0,175.0,184.0,184.0,158.0,199.5,0.0,2,2
small-world,400,25,13,103.0,112.0,155.0,155.0,125.0,125.0,195.0,199.5,0.0,2,2
small-world,400,25,14,272.0,394.0,272.0,272.0,396.0,396.0,351.0,199.5,0.0,2,2
small-world,400,25,15,25.0,387.0,260.0,260.0,384.0,384.0,40.0,199.5,0.0,2,2
small-world,400,25,16,103.0,382.0,259.0,259.0,382.0,382.0,214.0,199.5,0.0,2,2
small-world,400,25,17,25.0,13.0,28.0,28.0,13.0,13.0,91.0,199.5,0.0,2,2
small-world,400,25,18,3.0,5.0,2.0,2.0,5.0,5.0,23.0,199.5,0.0,2,2
small-world,400,25,19,272.0,64.0,272.0,272.0,102.0,102.0,390.0,199.5,0.0,2,2
small-world,400,25,20,25.0,34.0,83.0,83.0,31.0,31.0,68.0,199.5,0.0,2,2
small-world,400,25,21,103.0,15.0,78.0,78.0,19.0,19.0,264.0,199.5,0.0,2,2
small-world,400,25,22,272.0,338.0,272.0,272.0,333.0,333.0,353.0,199.5,0.0,2,2
small-world,400,25,23,25.0,312.0,118.0,118.0,264.0,264.0,45.0,199.5,0.0,2,2
small-world,400,25,24,272.0,339.0,272.0,272.0,361.0,361.0,297.0,199.5,0.0,2,2
small-world,400,25,25,103.0,49.0,136.0,136.0,33.0,33.0,244.0,199.5,0.0,2,2
small-world,400,25,26,272.0,322.0,272.0,272.0,338.0,338.0,311.0,199.5,0.0,2,2
small-world,400,25,27,103.0,294.0,202.0,202.0,286.0,286.0,142.0,199.5,0.0,2,2
small-world,400,25,28,25.0,266.0,132.0,132.0,203.0,203.0,44.0,199.5,0.0,2,2
small-world,400,25,29,272.0,235.0,272.0,272.0,303.0,303.0,278.0,199.5,0.0,2,2
small-world,400,25,30,272.0,322.0,272.0,272.0,338.0,338.0,311.0,199.5,0.0,2,2
small-world,400,25,31,103.0,331.0,202.0,202.0,324.0,324.0,149.0,199.5,0.0,2,2
small-world,400,25,32,272.0,314.0,272.0,272.0,340.0,340.0,343.0,199.5,0.0,2,2
small-world,400,25,33,103.0,105.0,202.0,202.0,149.0,149.0,133.0,199.5,0.0,2,2
small-world,400,25,34,25.0,67.0,147.0,147.0,69.0,69.0,36.0,199.5,0.0,2,2
small-world,400,25,35,272.0,371.0,272.0,272.0,370.0,370.0,325.0,199.5,0.0,2,2
small-world,400,25,36,272.0,328.0,272.0,272.0,331.0,331.0,305.0,199.5,0.0,2,2
small-world,400,25,37,103.0,303.0,202.0,202.0,278.0,278.0,136.0,199.5,0.0,2,2
small-world,400,25,38,103.0,277.0,175.0,175.0,204.0,204.0,197.0,199.5,0.0,2,2
small-world,400,25,39,272.0,92.0,272.0,272.0,192.0,192.0,360.0,199.5,0.0,2,2
small-world,400,25,40,25.0,356.0,116.0,116.0,311.0,311.0,47.0,199.5,0.0,2,2
small-world,400,25,41,103.0,345.0,111.0,111.0,301.0,301.0,204.0,199.5,0.0,2,2
small-world,400,25,42,272.0,103.0,272.0,272.0,179.0,179.0,384.0,199.5,0.0,2,2
small-world,400,25,43,272.0,61.0,272.0,272.0,120.0,120.0,345.0,199.5,0.0,2,2
small-world,400,25,44,272.0,315.0,272.0,272.0,349.0,349.0,321.0,199.5,0.0,2,2
small-world,400,25,45,272.0,181.0,272.0,272.0,257.0,257.0,336.0,199.5,0.0,2,2
small-world,400,25,46,272.0,264.0,272.0,272.0,268.0,268.0,388.0,199.5,0.0,2,2
small-world,400,25,47,3.0,236.0,93.0,93.0,150.0,150.0,17.0,199.5,0.0,2,2
small-world,400,25,48,103.0,204.0,89.0,89.0,126.0,126.0,259.0,199.5,0.0,2,2
small-world,400,25,49,103.0,385.0,271.0,271.0,386.0,386.0,242.0,199.5,0.0,2,2
small-world,400,25,50,103.0,313.0,202.0,202.0,327.0,327.0,129.0,199.5,0.0,2,2
small-world,400,25,51,25.0,287.0,147.0,147.0,274.0,274.0,33.0,199.5,0.0,2,2
small-world,400,25,52,272.0,279.0,272.0,272.0,347.0,347.0,282.0,199.5,0.0,2,2
small-world,400,25,53,272.0,221.0,272.0,272.0,279.0,279.0,304.0,199.5,0.0,2,2
small-world,400,25,54,103.0,176.0,202.0,202.0,196.0,196.0,135.0,199.5,0.0,2,2
small-world,400,25,55,272.0,181.0,272.0,272.0,257.0,257.0,336.0,199.5,0.0,2,2
small-world,400,25,56,25.0,218.0,95.0,95.0,106.0,106.0,67.0,199.5,0.0,2,2
small-world,400,25,57,103.0,98.0,121.0,121.0,117.0,117.0,225.0,199.5,0.0,2,2
small-world,400,25,58,25.0,58.0,84.0,84.0,49.0,49.0,74.0,199.5,0.0,2,2
small-world,400,25,59,272.0,123.0,272.0,272.0,143.0,143.0,377.0,199.5,0.0,2,2
small-world,400,25,60,25.0,84.0,128.0,128.0,46.0,46.0,58.0,199.5,0.0,2,2
small-world,400,25,61,3.0,52.0,69.0,69.0,21.0,21.0,19.0,199.5,0.0,2,2
small-world,400,25,62,103.0,26.0,67.0,67.0,15.0,15.0,267.0,199.5,0.0,2,2
small-world,400,25,63,272.0,30.0,272.0,272.0,88.0,88.0,379.0,199.5,0.0,2,2
small-world,400,25,64,272.0,209.0,272.0,272.0,218.0,218.0,373.0,199.5,0.0,2,2
small-world,400,25,65,3.0,166.0,82.0,82.0,112.0,112.0,11.0,199.5,0.0,2,2
small-world,400,25,66,25.0,121.0,72.0,72.0,84.0,84.0,66.0,199.5,0.0,2,2
small-world,400,25,67,272.0,311.0,272.0,272.0,281.0,281.0,378.0,199.5,0.0,2,2
small-world,400,25,68,25.0,284.0,85.0,85.0,169.0,169.0,60.0,199.5,0.0,2,2
small-world,400,25,69,103.0,263.0,175.0,175.0,233.0,233.0,187.0,199.5,0.0,2,2
small-world,400,25,70,272.0,315.0,272.0,272.0,349.0,349.0,321.0,199.5,0.0,2,2
small-world,400,25,71,103.0,288.0,202.0,202.0,293.0,293.0,152.0,199.5,0.0,2,2
small-world,400,25,72,272.0,224.0,272.0,272.0,231.0,231.0,334.0,199.5,0.0,2,2
small-world,400,25,73,103.0,185.0,202.0,202.0,144.0,144.0,179.0,199.5,0.0,2,2
small-world,400,25,74,272.0,117.0,272.0,272.0,165.0,165.0,344.0,199.5,0.0,2,2
small-world,400,25,75,25.0,77.0,147.0,147.0,73.0,73.0,34.0,199.5,0.0,2,2
small-world,400,25,76,272.0,256.0,272.0,272.0,329.0,329.0,277.0,199.5,0.0,2,2
small-world,400,25,77,103.0,294.0,202.0,202.0,286.0,286.0,142.0,199.5,0.0,2,2
small-world,400,25,78,103.0,291.0,155.0,155.0,285.0,285.0,183.0,199.5,0.0,2,2
small-world,400,25,79,103.0,262.0,136.0,136.0,223.0,223.0,209.0,199.5,0.0,2,2
small-world,400,25,80,272.0,280.0,272.0,272.0,346.0,346.0,287.0,199.5,0.0,2,2
small-world,400,25,81,103.0,252.0,202.0,202.0,298.0,298.0,118.0,199.5,0.0,2,2
small-world,400,25,82,272.0,318.0,272.0,272.0,305.0,305.0,363.0,199.5,0.0,2,2
small-world,400,25,83,3.0,290.0,94.0,94.0,198.0,198.0,6.0,199.5,0.0,2,2
small-world,400,25,84,272.0,146.0,272.0,272.0,217.0,217.0,366.0,199.5,0.0,2,2
small-world,400,25,85,272.0,326.0,272.0,272.0,335.0,335.0,309.0,199.5,0.0,2,2
small-world,400,25,86,103.0,300.0,202.0,202.0,288.0,288.0,139.0,199.5,0.0,2,2
small-world,400,25,87,103.0,282.0,155.0,155.0,275.0,275.0,201.0,199.5,0.0,2,2
small-world,400,25,88,272.0,387.0,272.0,272.0,390.0,390.0,381.0,199.5,0.0,2,2
small-world,400,25,89,272.0,253.0,272.0,272.0,325.0,325.0,308.0,199.5,0.0,2,2
small-world,400,25,90,103.0,226.0,202.0,202.0,271.0,271.0,141.0,199.5,0.0,2,2
small-world,400,25,91,25.0,186.0,127.0,127.0,190.0,190.0,42.0,199.5,0.0,2,2
small-world,400,25,92,103.0,135.0,121.0,121.0,163.0,163.0,203.0,199.5,0.0,2,2
small-world,400,25,93,25.0,96.0,105.0,105.0,108.0,108.0,50.0,199.5,0.0,2,2
small-world,400,25,94,272.0,247.0,272.0,272.0,216.0,216.0,389.0,199.5,0.0,2,2
small-world,400,25,95,103.0,251.0,202.0,202.0,302.0,302.0,113.0,199.5,0.0,2,2
small-world,400,25,96,103.0,225.0,175.0,175.0,265.0,265.0,163.0,199.5,0.0,2,2
small-world,400,25,97,272.0,260.0,272.0,272.0,304.0,304.0,306.0,199.5,0.0,2,2
small-world,400,25,98,272.0,108.0,272.0,272.0,167.0,167.0,346.0,199.5,0.0,2,2
small-world,400,25,99,103.0,390.0,262.0,262.0,388.0,388.0,207.0,199.5,0.0,2,2
small-world,400,25,100,25.0,383.0,261.0,261.0,380.0,380.0,82.0,199.5,0.0,2,2
small-world,400,25,101,272.0,257.0,272.0,272.0,307.0,307.0,285.0,199.5,0.0,2,2
small-world,400,25,102,103.0,70.0,175.0,175.0,121.0,121.0,161.0,199.5,0.0,2,2
small-world,400,25,103,272.0,353.0,272.0,272.0,351.0,351.0,349.0,199.5,0.0,2,2
small-world,400,25,104,272.0,348.0,272.0,272.0,360.0,360.0,319.0,199.5,0.0,2,2
small-world,400,25,105,272.0,285.0,272.0,272.0,221.0,221.0,398.0,199.5,0.0,2,2
small-world,400,25,106,272.0,273.0,272.0,272.0,320.0,320.0,313.0,199.5,0.0,2,2
small-world,400,25,107,103.0,342.0,202.0,202.0,310.0,310.0,151.0,199.5,0.0,2,2
small-world,400,25,108,103.0,214.0,76.0,76.0,113.0,113.0,250.0,199.5,0.0,2,2
small-world,400,25,109,272.0,76.0,272.0,272.0,96.0,96.0,392.0,199.5,0.0,2,2
small-world,400,25,110,25.0,47.0,95.0,95.0,27.0,27.0,72.0,199.5,0.0,2,2
small-world,400,25,111,103.0,54.0,62.0,62.0,41.0,41.0,262.0,199.5,0.0,2,2
small-world,400,25,112,25.0,27.0,30.0,30.0,22.0,22.0,92.0,199.5,0.0,2,2
small-world,400,25,113,25.0,56.0,23.0,23.0,93.0,93.0,51.0,199.5,0.0,2,2
small-world,400,25,114,103.0,65.0,26.0,26.0,110.0,110.0,223.0,199.5,0.0,2,2
small-world,400,25,115,103.0,79.0,27.0,27.0,100.0,100.0,232.0,199.5,0.0,2,2
small-world,400,25,116,103.0,119.0,65.0,65.0,127.0,127.0,217.0,199.5,0.0,2,2
small-world,400,25,117,103.0,86.0,62.0,62.0,85.0,85.0,228.0,199.5,0.0,2,2
small-world,400,25,118,25.0,53.0,60.0,60.0,40.0,40.0,65.0,199.5,0.0,2,2
small-world,400,25,119,272.0,157.0,272.0,272.0,238.0,238.0,291.0,199.5,0.0,2,2
small-world,400,25,120,103.0,111.0,202.0,202.0,161.0,161.0,122.0,199.5,0.0,2,2
small-world,400,25,121,103.0,72.0,175.0,175.0,92.0,92.0,173.0,199.5,0.0,2,2
small-world,400,25,122,103.0,46.0,155.0,155.0,42.0,42.0,216.0,199.5,0.0,2,2
small-world,400,25,123,25.0,344.0,118.0,118.0,291.0,291.0,46.0,199.5,0.0,2,2
small-world,400,25,124,103.0,329.0,111.0,111.0,267.0,267.0,230.0,199.5,0.0,2,2
small-world,400,25,125,103.0,234.0,202.0,202.0,234.0,234.0,137.0,199.5,0.0,2,2
small-world,400,25,126,103.0,197.0,175.0,175.0,162.0,162.0,198.0,199.5,0.0,2,2
small-world,400,25,127,272.0,387.0,272.0,272.0,390.0,390.0,381.0,199.5,0.0,2,2
small-world,400,25,128,3.0,379.0,255.0,255.0,377.0,377.0,14.0,199.5,0.0,2,2
small-world,400,25,129,103.0,140.0,202.0,202.0,136.0,136.0,181.0,199.5,0.0,2,2
small-world,400,25,130,1.0,95.0,22.0,22.0,38.0,38.0,1.0,199.5,0.0,2,2
small-world,400,25,131,103.0,381.0,267.0,267.0,385.0,385.0,246.0,199.5,0.0,2,2
small-world,400,25,132,103.0,384.0,270.0,270.0,387.0,387.0,236.0,199.5,0.0,2,2
small-world,400,25,133,103.0,199.0,71.0,71.0,185.0,185.0,221.0,199.5,0.0,2,2
small-world,400,25,134,25.0,163.0,66.0,66.0,146.0,146.0,49.0,199.5,0.0,2,2
small-world,400,25,135,25.0,134.0,9.0,9.0,44.0,44.0,95.0,199.5,0.0,2,2
small-world,400,25,136,103.0,151.0,51.0,51.0,80.0,80.0,257.0,199.5,0.0,2,2
small-world,400,25,137,103.0,161.0,52.0,52.0,90.0,90.0,243.0,199.5,0.0,2,2
small-world,400,25,138,25.0,164.0,50.0,50.0,87.0,87.0,64.0,199.5,0.0,2,2
small-world,400,25,139,272.0,81.0,272.0,272.0,182.0,182.0,361.0,199.5,0.0,2,2
small-world,400,25,140,272.0,273.0,272.0,272.0,320.0,320.0,313.0,199.5,0.0,2,2
small-world,400,25,141,25.0,241.0,170.0,170.0,260.0,260.0,22.0,199.5,0.0,2,2
small-world,400,25,142,103.0,211.0,155.0,155.0,207.0,207.0,177.0,199.5,0.0,2,2
small-world,400,25,143,25.0,168.0,128.0,128.0,153.0,153.0,39.0,199.5,0.0,2,2
small-world,400,25,144,103.0,59.0,97.0,97.0,75.0,75.0,229.0,199.5,0.0,2,2
small-world,400,25,145,103.0,32.0,89.0,89.0,39.0,39.0,252.0,199.5,0.0,2,2
small-world,400,25,146,103.0,238.0,58.0,58.0,116.0,116.0,253.0,199.5,0.0,2,2
small-world,400,25,147,272.0,25.0,272.0,272.0,54.0,54.0,394.0,199.5,0.0,2,2
small-world,400,25,148,25.0,8.0,12.0,12.0,17.0,17.0,80.0,199.5,0.0,2,2
small-world,400,25,149,25.0,11.0,14.0,14.0,25.0,25.0,59.0,199.5,0.0,2,2
small-world,400,25,150,103.0,204.0,89.0,89.0,174.0,174.0,224.0,199.5,0.0,2,2
small-world,400,25,151,272.0,400.0,272.0,272.0,400.0,400.0,273.0,199.5,0.0,2,2
small-world,400,25,152,103.0,398.0,268.0,268.0,398.0,398.0,104.0,199.5,0.0,2,2
small-world,400,25,153,103.0,396.0,265.0,265.0,393.0,393.0,146.0,199.5,0.0,2,2
small-world,400,25,154,103.0,391.0,262.0,262.0,389.0,389.0,180.0,199.5,0.0,2,2
small-world,400,25,155,272.0,371.0,272.0,272.0,370.0,370.0,325.0,199.5,0.0,2,2
small-world,400,25,156,25.0,363.0,170.0,170.0,342.0,342.0,26.0,199.5,0.0,2,2
small-world,400,25,157,103.0,43.0,46.0,46.0,23.0,23.0,266.0,199.5,0.0,2,2
small-world,400,25,158,25.0,22.0,31.0,31.0,11.0,11.0,99.0,199.5,0.0,2,2
small-world,400,25,159,3.0,10.0,1.0,1.0,1.0,1.0,27.0,199.5,0.0,2,2
small-world,400,25,160,103.0,9.0,10.0,10.0,7.0,7.0,271.0,199.5,0.0,2,2
small-world,400,25,161,103.0,288.0,202.0,202.0,293.0,293.0,152.0,199.5,0.0,2,2
small-world,400,25,162,3.0,261.0,102.0,102.0,208.0,208.0,10.0,199.5,0.0,2,2
small-world,400,25,163,103.0,236.0,97.0,97.0,209.0,209.0,222.0,199.5,0.0,2,2
small-world,400,25,164,103.0,395.0,265.0,265.0,392.0,392.0,168.0,199.5,0.0,2,2
small-world,400,25,165,272.0,156.0,272.0,272.0,232.0,232.0,295.0,199.5,0.0,2,2
small-world,400,25,166,25.0,93.0,117.0,117.0,101.0,101.0,52.0,199.5,0.0,2,2
small-world,400,25,167,3.0,239.0,103.0,103.0,142.0,142.0,13.0,199.5,0.0,2,2
small-world,400,25,168,272.0,162.0,272.0,272.0,224.0,224.0,299.0,199.5,0.0,2,2
small-world,400,25,169,103.0,116.0,202.0,202.0,152.0,152.0,131.0,199.5,0.0,2,2
small-world,400,25,170,272.0,332.0,272.0,272.0,334.0,334.0,365.0,199.5,0.0,2,2
small-world,400,25,171,3.0,305.0,115.0,115.0,252.0,252.0,7.0,199.5,0.0,2,2
small-world,400,25,172,272.0,217.0,272.0,272.0,263.0,263.0,328.0,199.5,0.0,2,2
small-world,400,25,173,272.0,367.0,272.0,272.0,372.0,372.0,280.0,199.5,0.0,2,2
small-world,400,25,174,103.0,361.0,202.0,202.0,358.0,358.0,111.0,199.5,0.0,2,2
small-world,400,25,175,103.0,12.0,13.0,13.0,10.0,10.0,269.0,199.5,0.0,2,2
small-world,400,25,176,103.0,300.0,202.0,202.0,288.0,288.0,139.0,199.5,0.0,2,2
small-world,400,25,177,25.0,275.0,132.0,132.0,206.0,206.0,43.0,199.5,0.0,2,2
small-world,400,25,178,272.0,335.0,272.0,272.0,354.0,354.0,327.0,199.5,0.0,2,2
small-world,400,25,179,103.0,307.0,202.0,202.0,296.0,296.0,162.0,199.5,0.0,2,2
small-world,400,25,180,3.0,281.0,88.0,88.0,205.0,205.0,16.0,199.5,0.0,2,2
small-world,400,25,181,25.0,258.0,75.0,75.0,193.0,193.0,71.0,199.5,0.0,2,2
small-world,400,25,182,272.0,232.0,272.0,272.0,300.0,300.0,284.0,199.5,0.0,2,2
small-world,400,25,183,103.0,194.0,202.0,202.0,247.0,247.0,115.0,199.5,0.0,2,2
small-world,400,25,184,272.0,250.0,272.0,272.0,316.0,316.0,300.0,199.5,0.0,2,2
small-world,400,25,185,103.0,223.0,202.0,202.0,261.0,261.0,130.0,199.5,0.0,2,2
small-world,400,25,186,103.0,177.0,175.0,175.0,187.0,187.0,189.0,199.5,0.0,2,2
small-world,400,25,187,272.0,41.0,272.0,272.0,114.0,114.0,370.0,199.5,0.0,2,2
small-world,400,25,188,3.0,17.0,15.0,15.0,34.0,34.0,9.0,199.5,0.0,2,2
small-world,400,25,189,103.0,23.0,18.0,18.0,63.0,63.0,213.0,199.5,0.0,2,2
small-world,400,25,190,103.0,28.0,20.0,20.0,89.0,89.0,206.0,199.5,0.0,2,2
small-world,400,25,191,103.0,37.0,21.0,21.0,94.0,94.0,208.0,199.5,0.0,2,2
small-world,400,25,192,3.0,51.0,19.0,19.0,82.0,82.0,5.0,199.5,0.0,2,2
small-world,400,25,193,103.0,352.0,175.0,175.0,332.0,332.0,160.0,199.5,0.0,2,2
small-world,400,25,194,25.0,341.0,134.0,134.0,290.0,290.0,38.0,199.5,0.0,2,2
small-world,400,25,195,25.0,321.0,109.0,109.0,245.0,245.0,55.0,199.5,0.0,2,2
small-world,400,25,196,103.0,297.0,106.0,106.0,213.0,213.0,237.0,199.5,0.0,2,2
small-world,400,25,197,272.0,143.0,272.0,272.0,201.0,201.0,359.0,199.5,0.0,2,2
small-world,400,25,198,272.0,149.0,272.0,272.0,229.0,229.0,316.0,199.5,0.0,2,2
small-world,400,25,199,272.0,293.0,272.0,272.0,284.0,284.0,367.0,199.5,0.0,2,2
small-world,400,25,200,103.0,118.0,175.0,175.0,140.0,140.0,159.0,199.5,0.0,2,2
small-world,400,25,201,272.0,69.0,272.0,272.0,103.0,103.0,383.0,199.5,0.0,2,2
small-world,400,25,202,272.0,191.0,272.0,272.0,256.0,256.0,348.0,199.5,0.0,2,2
small-world,400,25,203,103.0,190.0,202.0,202.0,225.0,225.0,134.0,199.5,0.0,2,2
small-world,400,25,204,25.0,138.0,147.0,147.0,158.0,158.0,37.0,199.5,0.0,2,2
small-world,400,25,205,272.0,247.0,272.0,272.0,189.0,189.0,393.0,199.5,0.0,2,2
small-world,400,25,206,25.0,218.0,54.0,54.0,83.0,83.0,76.0,199.5,0.0,2,2
small-world,400,25,207,272.0,399.0,272.0,272.0,399.0,399.0,286.0,199.5,0.0,2,2
small-world,400,25,208,103.0,397.0,268.0,268.0,397.0,397.0,117.0,199.5,0.0,2,2
small-world,400,25,209,103.0,334.0,106.0,106.0,282.0,282.0,210.0,199.5,0.0,2,2
small-world,400,25,210,272.0,201.0,272.0,272.0,239.0,239.0,331.0,199.5,0.0,2,2
small-world,400,25,211,272.0,152.0,272.0,272.0,226.0,226.0,302.0,199.5,0.0,2,2
small-world,400,25,212,272.0,147.0,272.0,272.0,243.0,243.0,332.0,199.5,0.0,2,2
small-world,400,25,213,25.0,102.0,170.0,170.0,147.0,147.0,30.0,199.5,0.0,2,2
small-world,400,25,214,3.0,63.0,29.0,29.0,77.0,77.0,15.0,199.5,0.0,2,2
small-world,400,25,215,25.0,55.0,33.0,33.0,81.0,81.0,56.0,199.5,0.0,2,2
small-world,400,25,216,103.0,50.0,34.0,34.0,78.0,78.0,234.0,199.5,0.0,2,2
small-world,400,25,217,103.0,36.0,32.0,32.0,55.0,55.0,247.0,199.5,0.0,2,2
small-world,400,25,218,25.0,39.0,128.0,128.0,30.0,30.0,61.0,199.5,0.0,2,2
small-world,400,25,219,103.0,159.0,202.0,202.0,151.0,151.0,172.0,199.5,0.0,2,2
small-world,400,25,220,25.0,113.0,35.0,35.0,57.0,57.0,75.0,199.5,0.0,2,2
small-world,400,25,221,272.0,179.0,272.0,272.0,235.0,235.0,339.0,199.5,0.0,2,2
small-world,400,25,222,272.0,299.0,272.0,272.0,330.0,330.0,292.0,199.5,0.0,2,2
small-world,400,25,223,103.0,272.0,202.0,202.0,280.0,280.0,123.0,199.5,0.0,2,2
small-world,400,25,224,103.0,242.0,175.0,175.0,211.0,211.0,174.0,199.5,0.0,2,2
small-world,400,25,225,25.0,212.0,134.0,134.0,138.0,138.0,48.0,199.5,0.0,2,2
small-world,400,25,226,25.0,169.0,48.0,48.0,71.0,71.0,85.0,199.5,0.0,2,2
small-world,400,25,227,25.0,171.0,53.0,53.0,72.0,72.0,83.0,199.5,0.0,2,2
small-world,400,25,228,103.0,222.0,67.0,67.0,99.0,99.0,263.0,199.5,0.0,2,2
small-world,400,25,229,25.0,178.0,17.0,17.0,47.0,47.0,96.0,199.5,0.0,2,2
small-world,400,25,230,103.0,48.0,136.0,136.0,36.0,36.0,235.0,199.5,0.0,2,2
small-world,400,25,231,25.0,166.0,36.0,36.0,60.0,60.0,97.0,199.5,0.0,2,2
small-world,400,25,232,272.0,375.0,272.0,272.0,374.0,374.0,290.0,199.5,0.0,2,2
small-world,400,25,233,103.0,368.0,202.0,202.0,363.0,363.0,121.0,199.5,0.0,2,2
small-world,400,25,234,25.0,362.0,147.0,147.0,341.0,341.0,29.0,199.5,0.0,2,2
small-world,400,25,235,103.0,355.0,136.0,136.0,326.0,326.0,191.0,199.5,0.0,2,2
small-world,400,25,236,103.0,80.0,155.0,155.0,79.0,79.0,196.0,199.5,0.0,2,2
small-world,400,25,237,272.0,230.0,272.0,272.0,297.0,297.0,303.0,199.5,0.0,2,2
small-world,400,25,238,103.0,229.0,202.0,202.0,283.0,283.0,108.0,199.5,0.0,2,2
small-world,400,25,239,272.0,38.0,272.0,272.0,61.0,61.0,391.0,199.5,0.0,2,2
small-world,400,25,240,272.0,376.0,272.0,272.0,375.0,375.0,289.0,199.5,0.0,2,2
small-world,400,25,241,103.0,370.0,202.0,202.0,364.0,364.0,120.0,199.5,0.0,2,2
small-world,400,25,242,103.0,363.0,175.0,175.0,355.0,355.0,170.0,199.5,0.0,2,2
small-world,400,25,243,272.0,174.0,272.0,272.0,214.0,214.0,315.0,199.5,0.0,2,2
small-world,400,25,244,103.0,124.0,202.0,202.0,137.0,137.0,144.0,199.5,0.0,2,2
small-world,400,25,245,103.0,85.0,175.0,175.0,62.0,62.0,205.0,199.5,0.0,2,2
small-world,400,25,246,272.0,81.0,272.0,272.0,182.0,182.0,361.0,199.5,0.0,2,2
small-world,400,25,247,272.0,155.0,272.0,272.0,262.0,262.0,281.0,199.5,0.0,2,2
small-world,400,25,248,103.0,109.0,202.0,202.0,177.0,177.0,112.0,199.5,0.0,2,2
small-world,400,25,249,3.0,175.0,57.0,57.0,52.0,52.0,20.0,199.5,0.0,2,2
small-world,400,25,250,103.0,129.0,56.0,56.0,66.0,66.0,261.0,199.5,0.0,2,2
small-world,400,25,251,103.0,94.0,55.0,55.0,48.0,48.0,260.0,199.5,0.0,2,2
small-world,400,25,252,25.0,16.0,118.0,118.0,20.0,20.0,70.0,199.5,0.0,2,2
small-world,400,25,253,272.0,41.0,272.0,272.0,114.0,114.0,370.0,199.5,0.0,2,2
small-world,400,25,254,272.0,106.0,272.0,272.0,164.0,164.0,347.0,199.5,0.0,2,2
small-world,400,25,255,3.0,130.0,146.0,146.0,148.0,148.0,3.0,199.5,0.0,2,2
small-world,400,25,256,272.0,285.0,272.0,272.0,221.0,221.0,398.0,199.5,0.0,2,2
small-world,400,25,257,2.0,259.0,59.0,59.0,95.0,95.0,2.0,199.5,0.0,2,2
small-world,400,25,258,25.0,21.0,74.0,74.0,14.0,14.0,93.0,199.5,0.0,2,2
small-world,400,25,259,25.0,7.0,5.0,5.0,3.0,3.0,102.0,199.5,0.0,2,2
small-world,400,25,260,272.0,392.0,272.0,272.0,394.0,394.0,341.0,199.5,0.0,2,2
small-world,400,25,261,25.0,386.0,264.0,264.0,383.0,383.0,32.0,199.5,0.0,2,2
small-world,400,25,262,25.0,380.0,257.0,257.0,379.0,379.0,79.0,199.5,0.0,2,2
small-world,400,25,263,103.0,378.0,258.0,258.0,381.0,381.0,256.0,199.5,0.0,2,2
small-world,400,25,264,25.0,377.0,256.0,256.0,378.0,378.0,87.0,199.5,0.0,2,2
small-world,400,25,265,272.0,141.0,272.0,272.0,155.0,155.0,396.0,199.5,0.0,2,2
small-world,400,25,266,103.0,330.0,175.0,175.0,318.0,318.0,175.0,199.5,0.0,2,2
small-world,400,25,267,272.0,245.0,272.0,272.0,299.0,299.0,276.0,199.5,0.0,2,2
small-world,400,25,268,103.0,215.0,202.0,202.0,242.0,242.0,107.0,199.5,0.0,2,2
small-world,400,25,269,103.0,172.0,175.0,175.0,176.0,176.0,154.0,199.5,0.0,2,2
small-world,400,25,270,103.0,122.0,155.0,155.0,118.0,118.0,192.0,199.5,0.0,2,2
small-world,400,25,271,272.0,72.0,272.0,272.0,104.0,104.0,368.0,199.5,0.0,2,2
small-world,400,25,272,272.0,206.0,272.0,272.0,188.0,188.0,386.0,199.5,0.0,2,2
small-world,400,25,273,103.0,249.0,175.0,175.0,210.0,210.0,176.0,199.5,0.0,2,2
small-world,400,25,274,103.0,220.0,155.0,155.0,141.0,141.0,227.0,199.5,0.0,2,2
small-world,400,25,275,272.0,343.0,272.0,272.0,345.0,345.0,307.0,199.5,0.0,2,2
small-world,400,25,276,103.0,324.0,202.0,202.0,292.0,292.0,138.0,199.5,0.0,2,2
small-world,400,25,277,103.0,71.0,175.0,175.0,86.0,86.0,178.0,199.5,0.0,2,2
small-world,400,25,278,272.0,88.0,272.0,272.0,129.0,129.0,387.0,199.5,0.0,2,2
small-world,400,25,279,272.0,268.0,272.0,272.0,266.0,266.0,380.0,199.5,0.0,2,2
small-world,400,25,280,103.0,110.0,202.0,202.0,160.0,160.0,126.0,199.5,0.0,2,2
small-world,400,25,281,272.0,215.0,272.0,272.0,178.0,178.0,395.0,199.5,0.0,2,2
small-world,400,25,282,272.0,351.0,272.0,272.0,366.0,366.0,274.0,199.5,0.0,2,2
small-world,400,25,283,103.0,340.0,202.0,202.0,352.0,352.0,105.0,199.5,0.0,2,2
small-world,400,25,284,103.0,315.0,175.0,175.0,322.0,322.0,148.0,199.5,0.0,2,2
small-world,400,25,285,103.0,173.0,202.0,202.0,170.0,170.0,166.0,199.5,0.0,2,2
small-world,400,25,286,272.0,308.0,272.0,272.0,312.0,312.0,385.0,199.5,0.0,2,2
small-world,400,25,287,272.0,147.0,272.0,272.0,243.0,243.0,332.0,199.5,0.0,2,2
small-world,400,25,288,272.0,203.0,272.0,272.0,246.0,246.0,358.0,199.5,0.0,2,2
small-world,400,25,289,272.0,320.0,272.0,272.0,344.0,344.0,298.0,199.5,0.0,2,2
small-world,400,25,290,103.0,292.0,202.0,202.0,295.0,295.0,128.0,199.5,0.0,2,2
small-world,400,25,291,272.0,141.0,272.0,272.0,155.0,155.0,396.0,199.5,0.0,2,2
small-world,400,25,292,272.0,192.0,272.0,272.0,227.0,227.0,335.0,199.5,0.0,2,2
small-world,400,25,293,272.0,357.0,272.0,272.0,353.0,353.0,356.0,199.5,0.0,2,2
small-world,400,25,294,103.0,57.0,111.0,111.0,67.0,67.0,241.0,199.5,0.0,2,2
small-world,400,25,295,25.0,28.0,16.0,16.0,32.0,32.0,89.0,199.5,0.0,2,2
small-world,400,25,296,103.0,24.0,24.0,24.0,26.0,26.0,265.0,199.5,0.0,2,2
small-world,400,25,297,3.0,18.0,11.0,11.0,12.0,12.0,21.0,199.5,0.0,2,2
small-world,400,25,298,272.0,194.0,272.0,272.0,199.0,199.0,354.0,199.5,0.0,2,2
small-world,400,25,299,3.0,144.0,125.0,125.0,98.0,98.0,4.0,199.5,0.0,2,2
small-world,400,25,300,103.0,101.0,121.0,121.0,65.0,65.0,238.0,199.5,0.0,2,2
small-world,400,25,301,25.0,62.0,47.0,47.0,28.0,28.0,90.0,199.5,0.0,2,2
small-world,400,25,302,272.0,243.0,272.0,272.0,241.0,241.0,357.0,199.5,0.0,2,2
small-world,400,25,303,272.0,254.0,272.0,272.0,319.0,319.0,329.0,199.5,0.0,2,2
small-world,400,25,304,25.0,227.0,147.0,147.0,253.0,253.0,28.0,199.5,0.0,2,2
small-world,400,25,305,103.0,187.0,136.0,136.0,212.0,212.0,185.0,199.5,0.0,2,2
small-world,400,25,306,103.0,136.0,131.0,131.0,168.0,168.0,199.0,199.5,0.0,2,2
small-world,400,25,307,272.0,326.0,272.0,272.0,335.0,335.0,309.0,199.5,0.0,2,2
small-world,400,25,308,272.0,374.0,272.0,272.0,376.0,376.0,272.0,199.5,0.0,2,2
small-world,400,25,309,103.0,366.0,202.0,202.0,367.0,367.0,103.0,199.5,0.0,2,2
small-world,400,25,310,103.0,360.0,175.0,175.0,359.0,359.0,145.0,199.5,0.0,2,2
small-world,400,25,311,103.0,350.0,155.0,155.0,337.0,337.0,171.0,199.5,0.0,2,2
small-world,400,25,312,103.0,337.0,136.0,136.0,309.0,309.0,188.0,199.5,0.0,2,2
small-world,400,25,313,272.0,302.0,272.0,272.0,314.0,314.0,323.0,199.5,0.0,2,2
small-world,400,25,314,103.0,276.0,202.0,202.0,248.0,248.0,155.0,199.5,0.0,2,2
small-world,400,25,315,25.0,244.0,109.0,109.0,159.0,159.0,57.0,199.5,0.0,2,2
small-world,400,25,316,272.0,255.0,272.0,272.0,323.0,323.0,288.0,199.5,0.0,2,2
small-world,400,25,317,103.0,228.0,202.0,202.0,269.0,269.0,119.0,199.5,0.0,2,2
small-world,400,25,318,103.0,188.0,175.0,175.0,194.0,194.0,169.0,199.5,0.0,2,2
small-world,400,25,319,103.0,137.0,155.0,155.0,128.0,128.0,212.0,199.5,0.0,2,2
small-world,400,25,320,103.0,145.0,175.0,175.0,180.0,180.0,165.0,199.5,0.0,2,2
small-world,400,25,321,103.0,100.0,155.0,155.0,124.0,124.0,202.0,199.5,0.0,2,2
small-world,400,25,322,25.0,265.0,85.0,85.0,172.0,172.0,54.0,199.5,0.0,2,2
small-world,400,25,323,272.0,354.0,272.0,272.0,357.0,357.0,320.0,199.5,0.0,2,2
small-world,400,25,324,272.0,213.0,272.0,272.0,249.0,249.0,350.0,199.5,0.0,2,2
small-world,400,25,325,25.0,99.0,39.0,39.0,131.0,131.0,53.0,199.5,0.0,2,2
small-world,400,25,326,103.0,90.0,40.0,40.0,134.0,134.0,219.0,199.5,0.0,2,2
small-world,400,25,327,103.0,78.0,38.0,38.0,119.0,119.0,226.0,199.5,0.0,2,2
small-world,400,25,328,272.0,318.0,272.0,272.0,305.0,305.0,363.0,199.5,0.0,2,2
small-world,400,25,329,103.0,106.0,202.0,202.0,154.0,154.0,132.0,199.5,0.0,2,2
small-world,400,25,330,25.0,68.0,147.0,147.0,76.0,76.0,35.0,199.5,0.0,2,2
small-world,400,25,331,103.0,40.0,136.0,136.0,35.0,35.0,239.0,199.5,0.0,2,2
small-world,400,25,332,272.0,149.0,272.0,272.0,229.0,229.0,316.0,199.5,0.0,2,2
small-world,400,25,333,25.0,104.0,170.0,170.0,145.0,145.0,25.0,199.5,0.0,2,2
small-world,400,25,334,103.0,66.0,155.0,155.0,91.0,91.0,182.0,199.5,0.0,2,2
small-world,400,25,335,103.0,35.0,136.0,136.0,45.0,45.0,211.0,199.5,0.0,2,2
small-world,400,25,336,272.0,194.0,272.0,272.0,199.0,199.0,354.0,199.5,0.0,2,2
small-world,400,25,337,103.0,207.0,97.0,97.0,123.0,123.0,254.0,199.5,0.0,2,2
small-world,400,25,338,25.0,170.0,42.0,42.0,59.0,59.0,94.0,199.5,0.0,2,2
small-world,400,25,339,272.0,304.0,272.0,272.0,328.0,328.0,294.0,199.5,0.0,2,2
small-world,400,25,340,103.0,278.0,202.0,202.0,277.0,277.0,125.0,199.5,0.0,2,2
small-world,400,25,341,272.0,269.0,272.0,272.0,254.0,254.0,375.0,199.5,0.0,2,2
small-world,400,25,342,103.0,44.0,155.0,155.0,58.0,58.0,200.0,199.5,0.0,2,2
small-world,400,25,343,103.0,19.0,136.0,136.0,24.0,24.0,248.0,199.5,0.0,2,2
small-world,400,25,344,272.0,296.0,272.0,272.0,313.0,313.0,324.0,199.5,0.0,2,2
small-world,400,25,345,103.0,267.0,202.0,202.0,240.0,240.0,157.0,199.5,0.0,2,2
small-world,400,25,346,103.0,115.0,44.0,44.0,135.0,135.0,233.0,199.5,0.0,2,2
small-world,400,25,347,272.0,325.0,272.0,272.0,308.0,308.0,352.0,199.5,0.0,2,2
small-world,400,25,348,272.0,392.0,272.0,272.0,394.0,394.0,341.0,199.5,0.0,2,2
small-world,400,25,349,103.0,120.0,121.0,121.0,107.0,107.0,215.0,199.5,0.0,2,2
small-world,400,25,350,103.0,83.0,111.0,111.0,53.0,53.0,245.0,199.5,0.0,2,2
small-world,400,25,351,272.0,209.0,272.0,272.0,218.0,218.0,373.0,199.5,0.0,2,2
small-world,400,25,352,272.0,208.0,272.0,272.0,276.0,276.0,279.0,199.5,0.0,2,2
small-world,400,25,353,103.0,165.0,202.0,202.0,197.0,197.0,110.0,199.5,0.0,2,2
small-world,400,25,354,272.0,201.0,272.0,272.0,272.0,272.0,296.0,199.5,0.0,2,2
small-world,400,25,355,103.0,159.0,202.0,202.0,191.0,191.0,127.0,199.5,0.0,2,2
small-world,400,25,356,103.0,113.0,175.0,175.0,130.0,130.0,184.0,199.5,0.0,2,2
small-world,400,25,357,25.0,75.0,108.0,108.0,50.0,50.0,63.0,199.5,0.0,2,2
small-world,400,25,358,103.0,125.0,175.0,175.0,132.0,132.0,193.0,199.5,0.0,2,2
small-world,400,25,359,25.0,87.0,64.0,64.0,51.0,51.0,78.0,199.5,0.0,2,2
small-world,400,25,360,272.0,179.0,272.0,272.0,235.0,235.0,339.0,199.5,0.0,2,2
small-world,400,25,361,25.0,128.0,170.0,170.0,139.0,139.0,31.0,199.5,0.0,2,2
small-world,400,25,362,25.0,89.0,25.0,25.0,64.0,64.0,73.0,199.5,0.0,2,2
small-world,400,25,363,272.0,269.0,272.0,272.0,254.0,254.0,375.0,199.5,0.0,2,2
small-world,400,25,364,3.0,240.0,77.0,77.0,133.0,133.0,12.0,199.5,0.0,2,2
small-world,400,25,365,25.0,298.0,147.0,147.0,215.0,215.0,41.0,199.5,0.0,2,2
small-world,400,25,366,25.0,271.0,81.0,81.0,157.0,157.0,81.0,199.5,0.0,2,2
small-world,400,25,367,25.0,245.0,70.0,70.0,122.0,122.0,86.0,199.5,0.0,2,2
small-world,400,25,368,103.0,3.0,7.0,7.0,9.0,9.0,270.0,199.5,0.0,2,2
small-world,400,25,369,272.0,184.0,272.0,272.0,270.0,270.0,318.0,199.5,0.0,2,2
small-world,400,25,370,103.0,131.0,202.0,202.0,181.0,181.0,147.0,199.5,0.0,2,2
small-world,400,25,371,272.0,153.0,272.0,272.0,228.0,228.0,301.0,199.5,0.0,2,2
small-world,400,25,372,272.0,373.0,272.0,272.0,373.0,373.0,275.0,199.5,0.0,2,2
small-world,400,25,373,103.0,365.0,202.0,202.0,362.0,362.0,106.0,199.5,0.0,2,2
small-world,400,25,374,103.0,358.0,175.0,175.0,343.0,343.0,150.0,199.5,0.0,2,2
small-world,400,25,375,103.0,347.0,155.0,155.0,315.0,315.0,186.0,199.5,0.0,2,2
small-world,400,25,376,103.0,333.0,136.0,136.0,273.0,273.0,218.0,199.5,0.0,2,2
small-world,400,25,377,25.0,306.0,80.0,80.0,195.0,195.0,77.0,199.5,0.0,2,2
small-world,400,25,378,103.0,283.0,78.0,78.0,171.0,171.0,255.0,199.5,0.0,2,2
small-world,400,25,379,272.0,369.0,272.0,272.0,368.0,368.0,330.0,199.5,0.0,2,2
small-world,400,25,380,272.0,198.0,272.0,272.0,186.0,186.0,400.0,199.5,0.0,2,2
small-world,400,25,381,3.0,154.0,45.0,45.0,70.0,70.0,18.0,199.5,0.0,2,2
small-world,400,25,382,103.0,133.0,49.0,49.0,109.0,109.0,251.0,199.5,0.0,2,2
small-world,400,25,383,25.0,127.0,43.0,43.0,111.0,111.0,69.0,199.5,0.0,2,2
small-world,400,25,384,103.0,310.0,97.0,97.0,237.0,237.0,220.0,199.5,0.0,2,2
small-world,400,25,385,103.0,126.0,41.0,41.0,74.0,74.0,249.0,199.5,0.0,2,2
small-world,400,25,386,25.0,132.0,37.0,37.0,56.0,56.0,84.0,199.5,0.0,2,2
small-world,400,25,387,103.0,4.0,8.0,8.0,8.0,8.0,268.0,199.5,0.0,2,2
small-world,400,25,388,3.0,1.0,4.0,4.0,2.0,2.0,24.0,199.5,0.0,2,2
small-world,400,25,389,103.0,231.0,202.0,202.0,250.0,250.0,116.0,199.5,0.0,2,2
small-world,400,25,390,103.0,192.0,175.0,175.0,175.0,175.0,167.0,199.5,0.0,2,2
small-world,400,25,391,272.0,349.0,272.0,272.0,365.0,365.0,283.0,199.5,0.0,2,2
small-world,400,25,392,103.0,336.0,202.0,202.0,348.0,348.0,114.0,199.5,0.0,2,2
small-world,400,25,393,103.0,309.0,175.0,175.0,317.0,317.0,164.0,199.5,0.0,2,2
small-world,400,25,394,272.0,72.0,272.0,272.0,104.0,104.0,368.0,199.5,0.0,2,2
small-world,400,25,395,3.0,45.0,125.0,125.0,29.0,29.0,8.0,199.5,0.0,2,2
small-world,400,25,396,25.0,20.0,87.0,87.0,16.0,16.0,88.0,199.5,0.0,2,2
small-world,400,25,397,25.0,6.0,6.0,6.0,4.0,4.0,100.0,199.5,0.0,2,2
small-world,400,25,398,272.0,181.0,272.0,272.0,257.0,257.0,336.0,199.5,0.0,2,2
small-world,400,25,399,103.0,233.0,73.0,73.0,202.0,202.0,231.0,199.5,0.0,2,2
small-world,400,26,0,284.0,238.0,284.0,284.0,269.0,269.0,385.0,199.5,0.0,2,1
small-world,400,26,1,100.0,347.0,234.0,234.0,374.0,374.0,102.0,199.5,0.0,2,1
small-world,400,26,2,284.0,132.0,284.0,284.0,220.0,220.0,345.0,199.5,0.0,2,1
small-world,400,26,3,100.0,68.0,147.0,147.0,81.0,81.0,197.0,199.5,0.0,2,1
small-world,400,26,4,100.0,45.0,141.0,141.0,58.0,58.0,235.0,199.5,0.0,2,1
small-world,400,26,5,284.0,100.0,284.0,284.0,148.0,148.0,338.0,199.5,0.0,2,1
small-world,400,26,6,284.0,388.0,284.0,284.0,387.0,387.0,372.0,199.5,0.0,2,1
small-world,400,26,7,17.0,384.0,132.0,132.0,345.0,345.0,46.0,199.5,0.0,2,1
small-world,400,26,8,100.0,380.0,126.0,126.0,337.0,337.0,242.0,199.5,0.0,2,1
small-world,400,26,9,17.0,377.0,74.0,74.0,309.0,309.0,74.0,199.5,0.0,2,1
small-world,400,26,10,284.0,102.0,284.0,284.0,203.0,203.0,384.0,199.5,0.0,2,1
small-world,400,26,11,17.0,74.0,65.0,65.0,106.0,106.0,52.0,199.5,0.0,2,1
small-world,400,26,12,100.0,88.0,72.0,72.0,134.0,134.0,222.0,199.5,0.0,2,1
small-world,400,26,13,284.0,76.0,284.0,284.0,96.0,96.0,381.0,199.5,0.0,2,1
small-world,400,26,14,284.0,346.0,284.0,284.0,349.0,349.0,358.0,199.5,0.0,2,1
small-world,400,26,15,284.0,268.0,284.0,284.0,339.0,339.0,307.0,199.5,0.0,2,1
small-world,400,26,16,100.0,176.0,213.0,213.0,151.0,151.0,180.0,199.5,0.0,2,1
small-world,400,26,17,17.0,145.0,31.0,31.0,83.0,83.0,75.0,199.5,0.0,2,1
small-world,400,26,18,284.0,251.0,284.0,284.0,241.0,241.0,388.0,199.5,0.0,2,1
small-world,400,26,19,17.0,225.0,125.0,125.0,117.0,117.0,66.0,199.5,0.0,2,1
small-world,400,26,20,100.0,69.0,58.0,58.0,105.0,105.0,216.0,199.5,0.0,2,1
small-world,400,26,21,100.0,51.0,56.0,56.0,72.0,72.0,234.0,199.5,0.0,2,1
small-world,400,26,22,17.0,32.0,55.0,55.0,44.0,44.0,64.0,199.5,0.0,2,1
small-world,400,26,23,284.0,64.0,284.0,284.0,163.0,163.0,354.0,199.5,0.0,2,1
small-world,400,26,24,100.0,254.0,170.0,170.0,202.0,202.0,209.0,199.5,0.0,2,1
small-world,400,26,25,17.0,226.0,138.0,138.0,118.0,118.0,69.0,199.5,0.0,2,1
small-world,400,26,26,3.0,189.0,34.0,34.0,69.0,69.0,15.0,199.5,0.0,2,1
small-world,400,26,27,100.0,172.0,35.0,35.0,98.0,98.0,279.0,199.5,0.0,2,1
small-world,400,26,28,284.0,279.0,284.0,284.0,286.0,286.0,373.0,199.5,0.0,2,1
small-world,400,26,29,100.0,227.0,79.0,79.0,176.0,176.0,230.0,199.5,0.0,2,1
small-world,400,26,30,284.0,357.0,284.0,284.0,371.0,371.0,309.0,199.5,0.0,2,1
small-world,400,26,31,100.0,345.0,234.0,234.0,341.0,341.0,125.0,199.5,0.0,2,1
small-world,400,26,32,17.0,331.0,181.0,181.0,289.0,289.0,30.0,199.5,0.0,2,1
small-world,400,26,33,284.0,87.0,284.0,284.0,123.0,123.0,347.0,199.5,0.0,2,1
small-world,400,26,34,100.0,121.0,234.0,234.0,178.0,178.0,129.0,199.5,0.0,2,1
small-world,400,26,35,284.0,157.0,284.0,284.0,261.0,261.0,315.0,199.5,0.0,2,1
small-world,400,26,36,284.0,81.0,284.0,284.0,186.0,186.0,370.0,199.5,0.0,2,1
small-world,400,26,37,17.0,58.0,168.0,168.0,90.0,90.0,42.0,199.5,0.0,2,1
small-world,400,26,38,284.0,311.0,284.0,284.0,350.0,350.0,318.0,199.5,0.0,2,1
small-world,400,26,39,100.0,294.0,234.0,234.0,310.0,310.0,132.0,199.5,0.0,2,1
small-world,400,26,40,17.0,271.0,156.0,156.0,249.0,249.0,35.0,199.5,0.0,2,1
small-world,400,26,41,284.0,216.0,284.0,284.0,212.0,212.0,376.0,199.5,0.0,2,1
small-world,400,26,42,17.0,181.0,76.0,76.0,107.0,107.0,49.0,199.5,0.0,2,1
small-world,400,26,43,284.0,218.0,284.0,284.0,267.0,267.0,336.0,199.5,0.0,2,1
small-world,400,26,44,100.0,183.0,234.0,234.0,183.0,183.0,156.0,199.5,0.0,2,1
small-world,400,26,45,284.0,64.0,284.0,284.0,163.0,163.0,354.0,199.5,0.0,2,1
small-world,400,26,46,100.0,335.0,170.0,170.0,313.0,313.0,193.0,199.5,0.0,2,1
small-world,400,26,47,17.0,322.0,122.0,122.0,264.0,264.0,57.0,199.5,0.0,2,1
small-world,400,26,48,100.0,305.0,118.0,118.0,259.0,259.0,221.0,199.5,0.0,2,1
small-world,400,26,49,100.0,285.0,113.0,113.0,224.0,224.0,215.0,199.5,0.0,2,1
small-world,400,26,50,284.0,112.0,284.0,284.0,233.0,233.0,306.0,199.5,0.0,2,1
small-world,400,26,51,100.0,84.0,234.0,234.0,150.0,150.0,121.0,199.5,0.0,2,1
small-world,400,26,52,100.0,352.0,126.0,126.0,278.0,278.0,266.0,199.5,0.0,2,1
small-world,400,26,53,284.0,201.0,284.0,284.0,218.0,218.0,350.0,199.5,0.0,2,1
small-world,400,26,54,100.0,170.0,234.0,234.0,120.0,120.0,173.0,199.5,0.0,2,1
small-world,400,26,55,3.0,139.0,53.0,53.0,49.0,49.0,14.0,199.5,0.0,2,1
small-world,400,26,56,100.0,188.0,234.0,234.0,191.0,191.0,116.0,199.5,0.0,2,1
small-world,400,26,57,100.0,161.0,213.0,213.0,115.0,115.0,167.0,199.5,0.0,2,1
small-world,400,26,58,100.0,133.0,191.0,191.0,60.0,60.0,245.0,199.5,0.0,2,1
small-world,400,26,59,100.0,334.0,213.0,213.0,359.0,359.0,138.0,199.5,0.0,2,1
small-world,400,26,60,284.0,147.0,284.0,284.0,155.0,155.0,394.0,199.5,0.0,2,1
small-world,400,26,61,284.0,85.0,284.0,284.0,170.0,170.0,356.0,199.5,0.0,2,1
small-world,400,26,62,17.0,62.0,181.0,181.0,87.0,87.0,28.0,199.5,0.0,2,1
small-world,400,26,63,100.0,42.0,170.0,170.0,53.0,53.0,250.0,199.5,0.0,2,1
small-world,400,26,64,17.0,26.0,9.0,9.0,14.0,14.0,94.0,199.5,0.0,2,1
small-world,400,26,65,17.0,17.0,3.0,3.0,20.0,20.0,90.0,199.5,0.0,2,1
small-world,400,26,66,100.0,16.0,8.0,8.0,38.0,38.0,270.0,199.5,0.0,2,1
small-world,400,26,67,100.0,13.0,7.0,7.0,46.0,46.0,247.0,199.5,0.0,2,1
small-world,400,26,68,100.0,10.0,6.0,6.0,47.0,47.0,241.0,199.5,0.0,2,1
small-world,400,26,69,100.0,7.0,5.0,5.0,40.0,40.0,260.0,199.5,0.0,2,1
small-world,400,26,70,17.0,3.0,4.0,4.0,22.0,22.0,83.0,199.5,0.0,2,1
small-world,400,26,71,284.0,104.0,284.0,284.0,113.0,113.0,390.0,199.5,0.0,2,1
small-world,400,26,72,100.0,290.0,191.0,191.0,302.0,302.0,165.0,199.5,0.0,2,1
small-world,400,26,73,17.0,269.0,158.0,158.0,258.0,258.0,31.0,199.5,0.0,2,1
small-world,400,26,74,100.0,247.0,147.0,147.0,229.0,229.0,203.0,199.5,0.0,2,1
small-world,400,26,75,284.0,317.0,284.0,284.0,325.0,325.0,351.0,199.5,0.0,2,1
small-world,400,26,76,284.0,273.0,284.0,284.0,305.0,305.0,365.0,199.5,0.0,2,1
small-world,400,26,77,284.0,159.0,284.0,284.0,119.0,119.0,395.0,199.5,0.0,2,1
small-world,400,26,78,284.0,339.0,284.0,284.0,373.0,373.0,284.0,199.5,0.0,2,1
small-world,400,26,79,100.0,240.0,191.0,191.0,250.0,250.0,196.0,199.5,0.0,2,1
small-world,400,26,80,17.0,204.0,100.0,100.0,181.0,181.0,78.0,199.5,0.0,2,1
small-world,400,26,81,284.0,332.0,284.0,284.0,352.0,352.0,304.0,199.5,0.0,2,1
small-world,400,26,82,100.0,316.0,234.0,234.0,308.0,308.0,120.0,199.5,0.0,2,1
small-world,400,26,83,284.0,119.0,284.0,284.0,135.0,135.0,391.0,199.5,0.0,2,1
small-world,400,26,84,100.0,179.0,234.0,234.0,221.0,221.0,118.0,199.5,0.0,2,1
small-world,400,26,85,100.0,300.0,213.0,213.0,297.0,297.0,140.0,199.5,0.0,2,1
small-world,400,26,86,100.0,276.0,191.0,191.0,253.0,253.0,170.0,199.5,0.0,2,1
small-world,400,26,87,284.0,287.0,284.0,284.0,273.0,273.0,377.0,199.5,0.0,2,1
small-world,400,26,88,1.0,267.0,101.0,101.0,153.0,153.0,1.0,199.5,0.0,2,1
small-world,400,26,89,100.0,243.0,89.0,89.0,169.0,169.0,208.0,199.5,0.0,2,1
small-world,400,26,90,17.0,390.0,156.0,156.0,369.0,369.0,34.0,199.5,0.0,2,1
small-world,400,26,91,100.0,387.0,147.0,147.0,368.0,368.0,195.0,199.5,0.0,2,1
small-world,400,26,92,100.0,385.0,141.0,141.0,355.0,355.0,212.0,199.5,0.0,2,1
small-world,400,26,93,100.0,381.0,134.0,134.0,342.0,342.0,240.0,199.5,0.0,2,1
small-world,400,26,94,284.0,160.0,284.0,284.0,271.0,271.0,301.0,199.5,0.0,2,1
small-world,400,26,95,100.0,130.0,234.0,234.0,200.0,200.0,117.0,199.5,0.0,2,1
small-world,400,26,96,17.0,97.0,181.0,181.0,121.0,121.0,23.0,199.5,0.0,2,1
small-world,400,26,97,17.0,71.0,158.0,158.0,76.0,76.0,43.0,199.5,0.0,2,1
small-world,400,26,98,100.0,47.0,147.0,147.0,51.0,51.0,263.0,199.5,0.0,2,1
small-world,400,26,99,17.0,29.0,13.0,13.0,15.0,15.0,96.0,199.5,0.0,2,1
small-world,400,26,100,100.0,54.0,63.0,63.0,85.0,85.0,257.0,199.5,0.0,2,1
small-world,400,26,101,284.0,303.0,284.0,284.0,361.0,361.0,296.0,199.5,0.0,2,1
small-world,400,26,102,100.0,281.0,234.0,234.0,324.0,324.0,112.0,199.5,0.0,2,1
small-world,400,26,103,100.0,262.0,213.0,213.0,284.0,284.0,153.0,199.5,0.0,2,1
small-world,400,26,104,100.0,233.0,191.0,191.0,235.0,235.0,192.0,199.5,0.0,2,1
small-world,400,26,105,17.0,196.0,95.0,95.0,158.0,158.0,70.0,199.5,0.0,2,1
small-world,400,26,106,17.0,203.0,105.0,105.0,160.0,160.0,56.0,199.5,0.0,2,1
small-world,400,26,107,284.0,364.0,284.0,284.0,372.0,372.0,353.0,199.5,0.0,2,1
small-world,400,26,108,17.0,353.0,168.0,168.0,329.0,329.0,26.0,199.5,0.0,2,1
small-world,400,26,109,100.0,229.0,234.0,234.0,251.0,251.0,146.0,199.5,0.0,2,1
small-world,400,26,110,3.0,191.0,93.0,93.0,159.0,159.0,7.0,199.5,0.0,2,1
small-world,400,26,111,100.0,194.0,104.0,104.0,185.0,185.0,254.0,199.5,0.0,2,1
small-world,400,26,112,284.0,307.0,284.0,284.0,366.0,366.0,297.0,199.5,0.0,2,1
small-world,400,26,113,17.0,257.0,102.0,102.0,197.0,197.0,45.0,199.5,0.0,2,1
small-world,400,26,114,100.0,231.0,89.0,89.0,189.0,189.0,204.0,199.5,0.0,2,1
small-world,400,26,115,100.0,195.0,82.0,82.0,156.0,156.0,213.0,199.5,0.0,2,1
small-world,400,26,116,284.0,365.0,284.0,284.0,382.0,382.0,322.0,199.5,0.0,2,1
small-world,400,26,117,17.0,356.0,207.0,207.0,343.0,343.0,18.0,199.5,0.0,2,1
small-world,400,26,118,100.0,374.0,213.0,213.0,357.0,357.0,148.0,199.5,0.0,2,1
small-world,400,26,119,100.0,369.0,191.0,191.0,334.0,334.0,186.0,199.5,0.0,2,1
small-world,400,26,120,17.0,362.0,131.0,131.0,290.0,290.0,62.0,199.5,0.0,2,1
small-world,400,26,121,100.0,115.0,234.0,234.0,99.0,99.0,174.0,199.5,0.0,2,1
small-world,400,26,122,284.0,56.0,284.0,284.0,192.0,192.0,319.0,199.5,0.0,2,1
small-world,400,26,123,100.0,33.0,234.0,234.0,108.0,108.0,133.0,199.5,0.0,2,1
small-world,400,26,124,284.0,255.0,284.0,284.0,232.0,232.0,393.0,199.5,0.0,2,1
small-world,400,26,125,100.0,2.0,15.0,15.0,31.0,31.0,276.0,199.5,0.0,2,1
small-world,400,26,126,17.0,114.0,181.0,181.0,75.0,75.0,40.0,199.5,0.0,2,1
small-world,400,26,127,3.0,89.0,98.0,98.0,29.0,29.0,13.0,199.5,0.0,2,1
small-world,400,26,128,284.0,52.0,284.0,284.0,111.0,111.0,389.0,199.5,0.0,2,1
small-world,400,26,129,284.0,186.0,284.0,284.0,166.0,166.0,366.0,199.5,0.0,2,1
small-world,400,26,130,17.0,153.0,181.0,181.0,74.0,74.0,39.0,199.5,0.0,2,1
small-world,400,26,131,100.0,237.0,213.0,213.0,227.0,227.0,144.0,199.5,0.0,2,1
small-world,400,26,132,100.0,200.0,191.0,191.0,167.0,167.0,179.0,199.5,0.0,2,1
small-world,400,26,133,100.0,169.0,170.0,170.0,110.0,110.0,239.0,199.5,0.0,2,1
small-world,400,26,134,100.0,21.0,213.0,213.0,61.0,61.0,184.0,199.5,0.0,2,1
small-world,400,26,135,100.0,198.0,234.0,234.0,213.0,213.0,119.0,199.5,0.0,2,1
small-world,400,26,136,17.0,166.0,181.0,181.0,132.0,132.0,25.0,199.5,0.0,2,1
small-world,400,26,137,100.0,137.0,170.0,170.0,89.0,89.0,223.0,199.5,0.0,2,1
small-world,400,26,138,284.0,321.0,284.0,284.0,356.0,356.0,360.0,199.5,0.0,2,1
small-world,400,26,139,17.0,304.0,158.0,158.0,306.0,306.0,32.0,199.5,0.0,2,1
small-world,400,26,140,100.0,283.0,147.0,147.0,288.0,288.0,206.0,199.5,0.0,2,1
small-world,400,26,141,17.0,264.0,123.0,123.0,246.0,246.0,55.0,199.5,0.0,2,1
small-world,400,26,142,100.0,239.0,118.0,118.0,226.0,226.0,258.0,199.5,0.0,2,1
small-world,400,26,143,284.0,108.0,284.0,284.0,236.0,236.0,334.0,199.5,0.0,2,1
small-world,400,26,144,17.0,80.0,207.0,207.0,141.0,141.0,20.0,199.5,0.0,2,1
small-world,400,26,145,100.0,299.0,113.0,113.0,248.0,248.0,229.0,199.5,0.0,2,1
small-world,400,26,146,17.0,277.0,107.0,107.0,217.0,217.0,48.0,199.5,0.0,2,1
small-world,400,26,147,284.0,117.0,284.0,284.0,104.0,104.0,399.0,199.5,0.0,2,1
small-world,400,26,148,284.0,149.0,284.0,284.0,173.0,173.0,368.0,199.5,0.0,2,1
small-world,400,26,149,284.0,201.0,284.0,284.0,177.0,177.0,387.0,199.5,0.0,2,1
small-world,400,26,150,17.0,170.0,92.0,92.0,79.0,79.0,58.0,199.5,0.0,2,1
small-world,400,26,151,17.0,44.0,207.0,207.0,80.0,80.0,27.0,199.5,0.0,2,1
small-world,400,26,152,17.0,27.0,52.0,52.0,41.0,41.0,79.0,199.5,0.0,2,1
small-world,400,26,153,284.0,129.0,284.0,284.0,124.0,124.0,392.0,199.5,0.0,2,1
small-world,400,26,154,17.0,95.0,107.0,107.0,48.0,48.0,67.0,199.5,0.0,2,1
small-world,400,26,155,17.0,70.0,28.0,28.0,19.0,19.0,93.0,199.5,0.0,2,1
small-world,400,26,156,17.0,1.0,2.0,2.0,17.0,17.0,91.0,199.5,0.0,2,1
small-world,400,26,157,284.0,376.0,284.0,284.0,394.0,394.0,289.0,199.5,0.0,2,1
small-world,400,26,158,100.0,371.0,234.0,234.0,381.0,381.0,105.0,199.5,0.0,2,1
small-world,400,26,159,100.0,363.0,213.0,213.0,362.0,362.0,141.0,199.5,0.0,2,1
small-world,400,26,160,284.0,287.0,284.0,284.0,273.0,273.0,377.0,199.5,0.0,2,1
small-world,400,26,161,284.0,350.0,284.0,284.0,354.0,354.0,357.0,199.5,0.0,2,1
small-world,400,26,162,17.0,336.0,181.0,181.0,299.0,299.0,29.0,199.5,0.0,2,1
small-world,400,26,163,284.0,165.0,284.0,284.0,287.0,287.0,326.0,199.5,0.0,2,1
small-world,400,26,164,284.0,291.0,284.0,284.0,328.0,328.0,359.0,199.5,0.0,2,1
small-world,400,26,165,284.0,282.0,284.0,284.0,330.0,330.0,290.0,199.5,0.0,2,1
small-world,400,26,166,284.0,246.0,284.0,284.0,293.0,293.0,310.0,199.5,0.0,2,1
small-world,400,26,167,100.0,210.0,234.0,234.0,223.0,223.0,126.0,199.5,0.0,2,1
small-world,400,26,168,100.0,242.0,234.0,234.0,292.0,292.0,124.0,199.5,0.0,2,1
small-world,400,26,169,100.0,206.0,213.0,213.0,238.0,238.0,178.0,199.5,0.0,2,1
small-world,400,26,170,17.0,173.0,75.0,75.0,157.0,157.0,72.0,199.5,0.0,2,1
small-world,400,26,171,100.0,143.0,68.0,68.0,162.0,162.0,244.0,199.5,0.0,2,1
small-world,400,26,172,284.0,287.0,284.0,284.0,273.0,273.0,377.0,199.5,0.0,2,1
small-world,400,26,173,284.0,382.0,284.0,284.0,392.0,392.0,291.0,199.5,0.0,2,1
small-world,400,26,174,100.0,378.0,234.0,234.0,378.0,378.0,107.0,199.5,0.0,2,1
small-world,400,26,175,100.0,374.0,213.0,213.0,357.0,357.0,148.0,199.5,0.0,2,1
small-world,400,26,176,100.0,369.0,191.0,191.0,334.0,334.0,186.0,199.5,0.0,2,1
small-world,400,26,177,100.0,386.0,147.0,147.0,367.0,367.0,188.0,199.5,0.0,2,1
small-world,400,26,178,284.0,298.0,284.0,284.0,300.0,300.0,364.0,199.5,0.0,2,1
small-world,400,26,179,100.0,347.0,191.0,191.0,340.0,340.0,168.0,199.5,0.0,2,1
small-world,400,26,180,100.0,142.0,86.0,86.0,66.0,66.0,267.0,199.5,0.0,2,1
small-world,400,26,181,17.0,120.0,64.0,64.0,34.0,34.0,86.0,199.5,0.0,2,1
small-world,400,26,182,284.0,245.0,284.0,284.0,315.0,315.0,294.0,199.5,0.0,2,1
small-world,400,26,183,100.0,209.0,234.0,234.0,256.0,256.0,109.0,199.5,0.0,2,1
small-world,400,26,184,100.0,175.0,213.0,213.0,199.0,199.0,151.0,199.5,0.0,2,1
small-world,400,26,185,100.0,144.0,191.0,191.0,126.0,126.0,189.0,199.5,0.0,2,1
small-world,400,26,186,284.0,354.0,284.0,284.0,364.0,364.0,362.0,199.5,0.0,2,1
small-world,400,26,187,17.0,340.0,145.0,145.0,312.0,312.0,33.0,199.5,0.0,2,1
small-world,400,26,188,100.0,327.0,141.0,141.0,307.0,307.0,191.0,199.5,0.0,2,1
small-world,400,26,189,284.0,236.0,284.0,284.0,283.0,283.0,303.0,199.5,0.0,2,1
small-world,400,26,190,100.0,174.0,97.0,97.0,201.0,201.0,218.0,199.5,0.0,2,1
small-world,400,26,191,284.0,234.0,284.0,284.0,276.0,276.0,324.0,199.5,0.0,2,1
small-world,400,26,192,284.0,224.0,284.0,284.0,265.0,265.0,300.0,199.5,0.0,2,1
small-world,400,26,193,17.0,107.0,116.0,116.0,42.0,42.0,85.0,199.5,0.0,2,1
small-world,400,26,194,100.0,249.0,234.0,234.0,255.0,255.0,143.0,199.5,0.0,2,1
small-world,400,26,195,17.0,213.0,123.0,123.0,172.0,172.0,54.0,199.5,0.0,2,1
small-world,400,26,196,100.0,182.0,118.0,118.0,146.0,146.0,249.0,199.5,0.0,2,1
small-world,400,26,197,284.0,271.0,284.0,284.0,319.0,319.0,327.0,199.5,0.0,2,1
small-world,400,26,198,100.0,263.0,234.0,234.0,279.0,279.0,106.0,199.5,0.0,2,1
small-world,400,26,199,284.0,123.0,284.0,284.0,204.0,204.0,361.0,199.5,0.0,2,1
small-world,400,26,200,3.0,93.0,154.0,154.0,100.0,100.0,5.0,199.5,0.0,2,1
small-world,400,26,201,284.0,25.0,284.0,284.0,71.0,71.0,398.0,199.5,0.0,2,1
small-world,400,26,202,284.0,35.0,284.0,284.0,128.0,128.0,343.0,199.5,0.0,2,1
small-world,400,26,203,100.0,19.0,234.0,234.0,63.0,63.0,161.0,199.5,0.0,2,1
small-world,400,26,204,3.0,5.0,10.0,10.0,13.0,13.0,11.0,199.5,0.0,2,1
small-world,400,26,205,100.0,4.0,16.0,16.0,32.0,32.0,269.0,199.5,0.0,2,1
small-world,400,26,206,284.0,258.0,284.0,284.0,266.0,266.0,333.0,199.5,0.0,2,1
small-world,400,26,207,100.0,228.0,234.0,234.0,182.0,182.0,147.0,199.5,0.0,2,1
small-world,400,26,208,100.0,118.0,66.0,66.0,145.0,145.0,220.0,199.5,0.0,2,1
small-world,400,26,209,17.0,94.0,59.0,59.0,114.0,114.0,47.0,199.5,0.0,2,1
small-world,400,26,210,284.0,111.0,284.0,284.0,195.0,195.0,311.0,199.5,0.0,2,1
small-world,400,26,211,100.0,83.0,234.0,234.0,112.0,112.0,127.0,199.5,0.0,2,1
small-world,400,26,212,100.0,61.0,213.0,213.0,62.0,62.0,182.0,199.5,0.0,2,1
small-world,400,26,213,100.0,286.0,234.0,234.0,332.0,332.0,113.0,199.5,0.0,2,1
small-world,400,26,214,100.0,266.0,213.0,213.0,298.0,298.0,155.0,199.5,0.0,2,1
small-world,400,26,215,284.0,396.0,284.0,284.0,396.0,396.0,317.0,199.5,0.0,2,1
small-world,400,26,216,100.0,393.0,234.0,234.0,389.0,389.0,131.0,199.5,0.0,2,1
small-world,400,26,217,17.0,205.0,106.0,106.0,165.0,165.0,51.0,199.5,0.0,2,1
small-world,400,26,218,100.0,207.0,109.0,109.0,188.0,188.0,232.0,199.5,0.0,2,1
small-world,400,26,219,100.0,210.0,110.0,110.0,168.0,168.0,252.0,199.5,0.0,2,1
small-world,400,26,220,17.0,214.0,96.0,96.0,138.0,138.0,73.0,199.5,0.0,2,1
small-world,400,26,221,17.0,221.0,111.0,111.0,131.0,131.0,59.0,199.5,0.0,2,1
small-world,400,26,222,100.0,223.0,112.0,112.0,133.0,133.0,246.0,199.5,0.0,2,1
small-world,400,26,223,17.0,190.0,103.0,103.0,101.0,101.0,61.0,199.5,0.0,2,1
small-world,400,26,224,284.0,301.0,284.0,284.0,304.0,304.0,375.0,199.5,0.0,2,1
small-world,400,26,225,284.0,260.0,284.0,284.0,322.0,322.0,313.0,199.5,0.0,2,1
small-world,400,26,226,100.0,137.0,170.0,170.0,91.0,91.0,226.0,199.5,0.0,2,1
small-world,400,26,227,284.0,382.0,284.0,284.0,392.0,392.0,291.0,199.5,0.0,2,1
small-world,400,26,228,100.0,378.0,234.0,234.0,378.0,378.0,107.0,199.5,0.0,2,1
small-world,400,26,229,284.0,329.0,284.0,284.0,318.0,318.0,380.0,199.5,0.0,2,1
small-world,400,26,230,17.0,41.0,36.0,36.0,18.0,18.0,77.0,199.5,0.0,2,1
small-world,400,26,231,3.0,30.0,32.0,32.0,5.0,5.0,10.0,199.5,0.0,2,1
small-world,400,26,232,100.0,22.0,33.0,33.0,6.0,6.0,280.0,199.5,0.0,2,1
small-world,400,26,233,284.0,98.0,284.0,284.0,161.0,161.0,369.0,199.5,0.0,2,1
small-world,400,26,234,284.0,361.0,284.0,284.0,376.0,376.0,308.0,199.5,0.0,2,1
small-world,400,26,235,100.0,349.0,234.0,234.0,344.0,344.0,123.0,199.5,0.0,2,1
small-world,400,26,236,284.0,108.0,284.0,284.0,236.0,236.0,334.0,199.5,0.0,2,1
small-world,400,26,237,284.0,260.0,284.0,284.0,322.0,322.0,313.0,199.5,0.0,2,1
small-world,400,26,238,17.0,232.0,207.0,207.0,260.0,260.0,17.0,199.5,0.0,2,1
small-world,400,26,239,100.0,193.0,191.0,191.0,225.0,225.0,154.0,199.5,0.0,2,1
small-world,400,26,240,100.0,163.0,170.0,170.0,187.0,187.0,171.0,199.5,0.0,2,1
small-world,400,26,241,100.0,135.0,163.0,163.0,137.0,137.0,185.0,199.5,0.0,2,1
small-world,400,26,242,100.0,103.0,147.0,147.0,86.0,86.0,217.0,199.5,0.0,2,1
small-world,400,26,243,17.0,78.0,132.0,132.0,45.0,45.0,63.0,199.5,0.0,2,1
small-world,400,26,244,284.0,35.0,284.0,284.0,128.0,128.0,343.0,199.5,0.0,2,1
small-world,400,26,245,100.0,19.0,234.0,234.0,63.0,63.0,161.0,199.5,0.0,2,1
small-world,400,26,246,284.0,49.0,284.0,284.0,65.0,65.0,396.0,199.5,0.0,2,1
small-world,400,26,247,284.0,34.0,284.0,284.0,125.0,125.0,363.0,199.5,0.0,2,1
small-world,400,26,248,17.0,18.0,181.0,181.0,55.0,55.0,36.0,199.5,0.0,2,1
small-world,400,26,249,284.0,342.0,284.0,284.0,363.0,363.0,341.0,199.5,0.0,2,1
small-world,400,26,250,284.0,230.0,284.0,284.0,272.0,272.0,386.0,199.5,0.0,2,1
small-world,400,26,251,284.0,157.0,284.0,284.0,261.0,261.0,315.0,199.5,0.0,2,1
small-world,400,26,252,100.0,121.0,234.0,234.0,178.0,178.0,129.0,199.5,0.0,2,1
small-world,400,26,253,100.0,343.0,191.0,191.0,327.0,327.0,169.0,199.5,0.0,2,1
small-world,400,26,254,284.0,325.0,284.0,284.0,370.0,370.0,295.0,199.5,0.0,2,1
small-world,400,26,255,100.0,310.0,234.0,234.0,336.0,336.0,110.0,199.5,0.0,2,1
small-world,400,26,256,100.0,293.0,213.0,213.0,301.0,301.0,152.0,199.5,0.0,2,1
small-world,400,26,257,100.0,324.0,234.0,234.0,346.0,346.0,100.0,199.5,0.0,2,1
small-world,400,26,258,100.0,309.0,213.0,213.0,321.0,321.0,136.0,199.5,0.0,2,1
small-world,400,26,259,100.0,292.0,191.0,191.0,294.0,294.0,163.0,199.5,0.0,2,1
small-world,400,26,260,100.0,270.0,170.0,170.0,254.0,254.0,183.0,199.5,0.0,2,1
small-world,400,26,261,100.0,248.0,163.0,163.0,208.0,208.0,225.0,199.5,0.0,2,1
small-world,400,26,262,100.0,320.0,191.0,191.0,338.0,338.0,166.0,199.5,0.0,2,1
small-world,400,26,263,100.0,86.0,27.0,27.0,67.0,67.0,271.0,199.5,0.0,2,1
small-world,400,26,264,17.0,72.0,21.0,21.0,39.0,39.0,89.0,199.5,0.0,2,1
small-world,400,26,265,100.0,57.0,22.0,22.0,35.0,35.0,282.0,199.5,0.0,2,1
small-world,400,26,266,17.0,46.0,14.0,14.0,10.0,10.0,99.0,199.5,0.0,2,1
small-world,400,26,267,100.0,37.0,20.0,20.0,24.0,24.0,283.0,199.5,0.0,2,1
small-world,400,26,268,284.0,365.0,284.0,284.0,382.0,382.0,322.0,199.5,0.0,2,1
small-world,400,26,269,284.0,397.0,284.0,284.0,397.0,397.0,328.0,199.5,0.0,2,1
small-world,400,26,270,100.0,166.0,79.0,79.0,122.0,122.0,231.0,199.5,0.0,2,1
small-world,400,26,271,100.0,140.0,77.0,77.0,77.0,77.0,268.0,199.5,0.0,2,1
small-world,400,26,272,17.0,110.0,41.0,41.0,37.0,37.0,92.0,199.5,0.0,2,1
small-world,400,26,273,17.0,90.0,40.0,40.0,33.0,33.0,84.0,199.5,0.0,2,1
small-world,400,26,274,284.0,215.0,284.0,284.0,291.0,291.0,302.0,199.5,0.0,2,1
small-world,400,26,275,284.0,124.0,284.0,284.0,214.0,214.0,374.0,199.5,0.0,2,1
small-world,400,26,276,284.0,400.0,284.0,284.0,400.0,400.0,293.0,199.5,0.0,2,1
small-world,400,26,277,100.0,395.0,234.0,234.0,395.0,395.0,111.0,199.5,0.0,2,1
small-world,400,26,278,100.0,392.0,213.0,213.0,388.0,388.0,150.0,199.5,0.0,2,1
small-world,400,26,279,100.0,217.0,134.0,134.0,211.0,211.0,190.0,199.5,0.0,2,1
small-world,400,26,280,100.0,186.0,126.0,126.0,171.0,171.0,194.0,199.5,0.0,2,1
small-world,400,26,281,100.0,156.0,118.0,118.0,136.0,136.0,202.0,199.5,0.0,2,1
small-world,400,26,282,100.0,127.0,113.0,113.0,92.0,92.0,228.0,199.5,0.0,2,1
small-world,400,26,283,284.0,150.0,284.0,284.0,194.0,194.0,349.0,199.5,0.0,2,1
small-world,400,26,284,284.0,199.0,284.0,284.0,228.0,228.0,348.0,199.5,0.0,2,1
small-world,400,26,285,100.0,358.0,62.0,62.0,303.0,303.0,233.0,199.5,0.0,2,1
small-world,400,26,286,100.0,351.0,60.0,60.0,281.0,281.0,256.0,199.5,0.0,2,1
small-world,400,26,287,17.0,55.0,26.0,26.0,8.0,8.0,95.0,199.5,0.0,2,1
small-world,400,26,288,284.0,234.0,284.0,284.0,276.0,276.0,324.0,199.5,0.0,2,1
small-world,400,26,289,17.0,197.0,207.0,207.0,196.0,196.0,19.0,199.5,0.0,2,1
small-world,400,26,290,100.0,166.0,191.0,191.0,143.0,143.0,175.0,199.5,0.0,2,1
small-world,400,26,291,284.0,373.0,284.0,284.0,391.0,391.0,287.0,199.5,0.0,2,1
small-world,400,26,292,100.0,368.0,234.0,234.0,375.0,375.0,103.0,199.5,0.0,2,1
small-world,400,26,293,100.0,358.0,213.0,213.0,360.0,360.0,139.0,199.5,0.0,2,1
small-world,400,26,294,284.0,338.0,284.0,284.0,384.0,384.0,285.0,199.5,0.0,2,1
small-world,400,26,295,100.0,323.0,234.0,234.0,353.0,353.0,101.0,199.5,0.0,2,1
small-world,400,26,296,100.0,308.0,213.0,213.0,333.0,333.0,137.0,199.5,0.0,2,1
small-world,400,26,297,284.0,218.0,284.0,284.0,242.0,242.0,320.0,199.5,0.0,2,1
small-world,400,26,298,100.0,183.0,234.0,234.0,147.0,147.0,134.0,199.5,0.0,2,1
small-world,400,26,299,100.0,15.0,51.0,51.0,36.0,36.0,278.0,199.5,0.0,2,1
small-world,400,26,300,284.0,74.0,284.0,284.0,116.0,116.0,342.0,199.5,0.0,2,1
small-world,400,26,301,100.0,48.0,234.0,234.0,54.0,54.0,160.0,199.5,0.0,2,1
small-world,400,26,302,100.0,319.0,234.0,234.0,331.0,331.0,104.0,199.5,0.0,2,1
small-world,400,26,303,100.0,192.0,77.0,77.0,142.0,142.0,238.0,199.5,0.0,2,1
small-world,400,26,304,100.0,164.0,68.0,68.0,102.0,102.0,262.0,199.5,0.0,2,1
small-world,400,26,305,284.0,82.0,284.0,284.0,230.0,230.0,298.0,199.5,0.0,2,1
small-world,400,26,306,100.0,60.0,234.0,234.0,154.0,154.0,114.0,199.5,0.0,2,1
small-world,400,26,307,100.0,40.0,213.0,213.0,103.0,103.0,158.0,199.5,0.0,2,1
small-world,400,26,308,100.0,24.0,191.0,191.0,56.0,56.0,201.0,199.5,0.0,2,1
small-world,400,26,309,3.0,8.0,11.0,11.0,12.0,12.0,12.0,199.5,0.0,2,1
small-world,400,26,310,284.0,59.0,284.0,284.0,190.0,190.0,312.0,199.5,0.0,2,1
small-world,400,26,311,100.0,38.0,234.0,234.0,109.0,109.0,128.0,199.5,0.0,2,1
small-world,400,26,312,100.0,265.0,45.0,45.0,215.0,215.0,211.0,199.5,0.0,2,1
small-world,400,26,313,100.0,244.0,44.0,44.0,175.0,175.0,236.0,199.5,0.0,2,1
small-world,400,26,314,100.0,222.0,43.0,43.0,130.0,130.0,272.0,199.5,0.0,2,1
small-world,400,26,315,17.0,31.0,23.0,23.0,2.0,2.0,88.0,199.5,0.0,2,1
small-world,400,26,316,100.0,23.0,24.0,24.0,4.0,4.0,281.0,199.5,0.0,2,1
small-world,400,26,317,284.0,317.0,284.0,284.0,325.0,325.0,351.0,199.5,0.0,2,1
small-world,400,26,318,3.0,297.0,167.0,167.0,234.0,234.0,4.0,199.5,0.0,2,1
small-world,400,26,319,17.0,275.0,145.0,145.0,209.0,209.0,37.0,199.5,0.0,2,1
small-world,400,26,320,100.0,252.0,141.0,141.0,180.0,180.0,224.0,199.5,0.0,2,1
small-world,400,26,321,100.0,63.0,234.0,234.0,57.0,57.0,172.0,199.5,0.0,2,1
small-world,400,26,322,17.0,43.0,25.0,25.0,7.0,7.0,87.0,199.5,0.0,2,1
small-world,400,26,323,17.0,337.0,50.0,50.0,240.0,240.0,81.0,199.5,0.0,2,1
small-world,400,26,324,100.0,326.0,49.0,49.0,252.0,252.0,253.0,199.5,0.0,2,1
small-world,400,26,325,17.0,313.0,48.0,48.0,239.0,239.0,50.0,199.5,0.0,2,1
small-world,400,26,326,100.0,302.0,47.0,47.0,244.0,244.0,207.0,199.5,0.0,2,1
small-world,400,26,327,284.0,259.0,284.0,284.0,317.0,317.0,332.0,199.5,0.0,2,1
small-world,400,26,328,100.0,136.0,234.0,234.0,219.0,219.0,142.0,199.5,0.0,2,1
small-world,400,26,329,17.0,104.0,73.0,73.0,139.0,139.0,53.0,199.5,0.0,2,1
small-world,400,26,330,100.0,126.0,81.0,81.0,174.0,174.0,214.0,199.5,0.0,2,1
small-world,400,26,331,100.0,141.0,87.0,87.0,198.0,198.0,198.0,199.5,0.0,2,1
small-world,400,26,332,100.0,162.0,94.0,94.0,206.0,206.0,200.0,199.5,0.0,2,1
small-world,400,26,333,100.0,256.0,234.0,234.0,216.0,216.0,159.0,199.5,0.0,2,1
small-world,400,26,334,284.0,333.0,284.0,284.0,365.0,365.0,288.0,199.5,0.0,2,1
small-world,400,26,335,17.0,250.0,139.0,139.0,222.0,222.0,38.0,199.5,0.0,2,1
small-world,400,26,336,100.0,280.0,46.0,46.0,231.0,231.0,199.0,199.5,0.0,2,1
small-world,400,26,337,100.0,208.0,82.0,82.0,144.0,144.0,210.0,199.5,0.0,2,1
small-world,400,26,338,284.0,344.0,284.0,284.0,348.0,348.0,367.0,199.5,0.0,2,1
small-world,400,26,339,17.0,330.0,158.0,158.0,282.0,282.0,41.0,199.5,0.0,2,1
small-world,400,26,340,17.0,315.0,117.0,117.0,247.0,247.0,60.0,199.5,0.0,2,1
small-world,400,26,341,284.0,212.0,284.0,284.0,280.0,280.0,305.0,199.5,0.0,2,1
small-world,400,26,342,100.0,177.0,234.0,234.0,210.0,210.0,122.0,199.5,0.0,2,1
small-world,400,26,343,100.0,145.0,213.0,213.0,127.0,127.0,176.0,199.5,0.0,2,1
small-world,400,26,344,3.0,113.0,130.0,130.0,59.0,59.0,9.0,199.5,0.0,2,1
small-world,400,26,345,284.0,178.0,284.0,284.0,245.0,245.0,321.0,199.5,0.0,2,1
small-world,400,26,346,100.0,148.0,234.0,234.0,152.0,152.0,135.0,199.5,0.0,2,1
small-world,400,26,347,284.0,134.0,284.0,284.0,73.0,73.0,400.0,199.5,0.0,2,1
small-world,400,26,348,284.0,218.0,284.0,284.0,267.0,267.0,336.0,199.5,0.0,2,1
small-world,400,26,349,100.0,183.0,234.0,234.0,183.0,183.0,156.0,199.5,0.0,2,1
small-world,400,26,350,3.0,153.0,99.0,99.0,93.0,93.0,8.0,199.5,0.0,2,1
small-world,400,26,351,100.0,125.0,89.0,89.0,94.0,94.0,261.0,199.5,0.0,2,1
small-world,400,26,352,100.0,96.0,82.0,82.0,70.0,70.0,274.0,199.5,0.0,2,1
small-world,400,26,353,284.0,76.0,284.0,284.0,96.0,96.0,381.0,199.5,0.0,2,1
small-world,400,26,354,100.0,28.0,134.0,134.0,26.0,26.0,275.0,199.5,0.0,2,1
small-world,400,26,355,3.0,14.0,1.0,1.0,1.0,1.0,16.0,199.5,0.0,2,1
small-world,400,26,356,100.0,12.0,19.0,19.0,11.0,11.0,277.0,199.5,0.0,2,1
small-world,400,26,357,100.0,11.0,18.0,18.0,25.0,25.0,264.0,199.5,0.0,2,1
small-world,400,26,358,100.0,9.0,17.0,17.0,27.0,27.0,265.0,199.5,0.0,2,1
small-world,400,26,359,17.0,39.0,54.0,54.0,52.0,52.0,80.0,199.5,0.0,2,1
small-world,400,26,360,17.0,73.0,207.0,207.0,68.0,68.0,21.0,199.5,0.0,2,1
small-world,400,26,361,3.0,49.0,155.0,155.0,28.0,28.0,6.0,199.5,0.0,2,1
small-world,400,26,362,284.0,397.0,284.0,284.0,397.0,397.0,328.0,199.5,0.0,2,1
small-world,400,26,363,284.0,355.0,284.0,284.0,380.0,380.0,299.0,199.5,0.0,2,1
small-world,400,26,364,100.0,341.0,234.0,234.0,347.0,347.0,115.0,199.5,0.0,2,1
small-world,400,26,365,100.0,295.0,126.0,126.0,257.0,257.0,237.0,199.5,0.0,2,1
small-world,400,26,366,17.0,274.0,88.0,88.0,207.0,207.0,71.0,199.5,0.0,2,1
small-world,400,26,367,100.0,253.0,82.0,82.0,205.0,205.0,248.0,199.5,0.0,2,1
small-world,400,26,368,284.0,180.0,284.0,284.0,243.0,243.0,346.0,199.5,0.0,2,1
small-world,400,26,369,17.0,151.0,181.0,181.0,140.0,140.0,24.0,199.5,0.0,2,1
small-world,400,26,370,100.0,130.0,30.0,30.0,95.0,95.0,259.0,199.5,0.0,2,1
small-world,400,26,371,100.0,106.0,29.0,29.0,82.0,82.0,255.0,199.5,0.0,2,1
small-world,400,26,372,17.0,328.0,181.0,181.0,314.0,314.0,22.0,199.5,0.0,2,1
small-world,400,26,373,100.0,313.0,170.0,170.0,296.0,296.0,181.0,199.5,0.0,2,1
small-world,400,26,374,100.0,296.0,163.0,163.0,263.0,263.0,219.0,199.5,0.0,2,1
small-world,400,26,375,100.0,372.0,68.0,68.0,320.0,320.0,251.0,199.5,0.0,2,1
small-world,400,26,376,100.0,367.0,66.0,66.0,316.0,316.0,227.0,199.5,0.0,2,1
small-world,400,26,377,284.0,152.0,284.0,284.0,193.0,193.0,371.0,199.5,0.0,2,1
small-world,400,26,378,17.0,116.0,158.0,158.0,88.0,88.0,44.0,199.5,0.0,2,1
small-world,400,26,379,17.0,91.0,139.0,139.0,50.0,50.0,65.0,199.5,0.0,2,1
small-world,400,26,380,17.0,66.0,57.0,57.0,21.0,21.0,97.0,199.5,0.0,2,1
small-world,400,26,381,100.0,155.0,68.0,68.0,78.0,78.0,243.0,199.5,0.0,2,1
small-world,400,26,382,17.0,128.0,61.0,61.0,43.0,43.0,68.0,199.5,0.0,2,1
small-world,400,26,383,1.0,99.0,42.0,42.0,3.0,3.0,3.0,199.5,0.0,2,1
small-world,400,26,384,17.0,79.0,37.0,37.0,9.0,9.0,98.0,199.5,0.0,2,1
small-world,400,26,385,17.0,6.0,12.0,12.0,16.0,16.0,82.0,199.5,0.0,2,1
small-world,400,26,386,284.0,100.0,284.0,284.0,148.0,148.0,338.0,199.5,0.0,2,1
small-world,400,26,387,284.0,241.0,284.0,284.0,270.0,270.0,383.0,199.5,0.0,2,1
small-world,400,26,388,284.0,397.0,284.0,284.0,397.0,397.0,328.0,199.5,0.0,2,1
small-world,400,26,389,3.0,394.0,180.0,180.0,385.0,385.0,2.0,199.5,0.0,2,1
small-world,400,26,390,100.0,391.0,170.0,170.0,386.0,386.0,164.0,199.5,0.0,2,1
small-world,400,26,391,100.0,389.0,163.0,163.0,377.0,377.0,177.0,199.5,0.0,2,1
small-world,400,26,392,100.0,312.0,134.0,134.0,285.0,285.0,205.0,199.5,0.0,2,1
small-world,400,26,393,284.0,92.0,284.0,284.0,84.0,84.0,397.0,199.5,0.0,2,1
small-world,400,26,394,17.0,67.0,39.0,39.0,23.0,23.0,76.0,199.5,0.0,2,1
small-world,400,26,395,100.0,53.0,38.0,38.0,30.0,30.0,273.0,199.5,0.0,2,1
small-world,400,26,396,284.0,305.0,284.0,284.0,351.0,351.0,331.0,199.5,0.0,2,1
small-world,400,26,397,100.0,284.0,234.0,234.0,311.0,311.0,145.0,199.5,0.0,2,1
small-world,400,26,398,284.0,360.0,284.0,284.0,390.0,390.0,286.0,199.5,0.0,2,1
small-world,400,26,399,284.0,278.0,284.0,284.0,295.0,295.0,340.0,199.5,0.0,2,1
