small-world,400,37,0,278.0,182.0,278.0,278.0,206.0,206.0,342.0,199.5,0.0,2,1
small-world,400,37,1,107.0,202.0,222.0,222.0,219.0,219.0,144.0,199.5,0.0,2,1
small-world,400,37,2,278.0,169.0,278.0,278.0,276.0,276.0,297.0,199.5,0.0,2,1
small-world,400,37,3,278.0,360.0,278.0,278.0,380.0,380.0,336.0,199.5,0.0,2,1
small-world,400,37,4,16.0,337.0,174.0,174.0,329.0,329.0,20.0,199.5,0.0,2,1
small-world,400,37,5,107.0,312.0,161.0,161.0,311.0,311.0,196.0,199.5,0.0,2,1
small-world,400,37,6,16.0,280.0,134.0,134.0,254.0,254.0,44.0,199.5,0.0,2,1
small-world,400,37,7,278.0,159.0,278.0,278.0,264.0,264.0,323.0,199.5,0.0,2,1
small-world,400,37,8,107.0,128.0,222.0,222.0,189.0,189.0,152.0,199.5,0.0,2,1
small-world,400,37,9,16.0,95.0,123.0,123.0,113.0,113.0,47.0,199.5,0.0,2,1
small-world,400,37,10,107.0,68.0,119.0,119.0,91.0,91.0,232.0,199.5,0.0,2,1
small-world,400,37,11,278.0,363.0,278.0,278.0,397.0,397.0,278.0,199.5,0.0,2,1
small-world,400,37,12,107.0,344.0,222.0,222.0,385.0,385.0,107.0,199.5,0.0,2,1
small-world,400,37,13,107.0,320.0,200.0,200.0,369.0,369.0,141.0,199.5,0.0,2,1
small-world,400,37,14,278.0,297.0,278.0,278.0,341.0,341.0,305.0,199.5,0.0,2,1
small-world,400,37,15,107.0,267.0,222.0,222.0,274.0,274.0,134.0,199.5,0.0,2,1
small-world,400,37,16,107.0,239.0,200.0,200.0,222.0,222.0,188.0,199.5,0.0,2,1
small-world,400,37,17,278.0,286.0,278.0,278.0,297.0,297.0,352.0,199.5,0.0,2,1
small-world,400,37,18,278.0,16.0,278.0,278.0,32.0,32.0,400.0,199.5,0.0,2,1
small-world,400,37,19,278.0,199.0,278.0,278.0,238.0,238.0,335.0,199.5,0.0,2,1
small-world,400,37,20,107.0,165.0,222.0,222.0,147.0,147.0,174.0,199.5,0.0,2,1
small-world,400,37,21,107.0,8.0,10.0,10.0,21.0,21.0,263.0,199.5,0.0,2,1
small-world,400,37,22,278.0,183.0,278.0,278.0,268.0,268.0,357.0,199.5,0.0,2,1
small-world,400,37,23,16.0,147.0,108.0,108.0,174.0,174.0,36.0,199.5,0.0,2,1
small-world,400,37,24,107.0,115.0,103.0,103.0,154.0,154.0,210.0,199.5,0.0,2,1
small-world,400,37,25,107.0,88.0,95.0,95.0,122.0,122.0,215.0,199.5,0.0,2,1
small-world,400,37,26,107.0,63.0,91.0,91.0,86.0,86.0,235.0,199.5,0.0,2,1
small-world,400,37,27,16.0,42.0,71.0,71.0,45.0,45.0,72.0,199.5,0.0,2,1
small-world,400,37,28,107.0,231.0,200.0,200.0,232.0,232.0,182.0,199.5,0.0,2,1
small-world,400,37,29,16.0,201.0,107.0,107.0,148.0,148.0,65.0,199.5,0.0,2,1
small-world,400,37,30,278.0,375.0,278.0,278.0,395.0,395.0,295.0,199.5,0.0,2,1
small-world,400,37,31,278.0,151.0,278.0,278.0,161.0,161.0,350.0,199.5,0.0,2,1
small-world,400,37,32,107.0,338.0,222.0,222.0,349.0,349.0,131.0,199.5,0.0,2,1
small-world,400,37,33,107.0,96.0,222.0,222.0,124.0,124.0,138.0,199.5,0.0,2,1
small-world,400,37,34,107.0,67.0,200.0,200.0,69.0,69.0,203.0,199.5,0.0,2,1
small-world,400,37,35,278.0,303.0,278.0,278.0,270.0,270.0,389.0,199.5,0.0,2,1
small-world,400,37,36,278.0,150.0,278.0,278.0,183.0,183.0,369.0,199.5,0.0,2,1
small-world,400,37,37,278.0,334.0,278.0,278.0,378.0,378.0,281.0,199.5,0.0,2,1
small-world,400,37,38,107.0,305.0,222.0,222.0,344.0,344.0,110.0,199.5,0.0,2,1
small-world,400,37,39,107.0,274.0,200.0,200.0,312.0,312.0,155.0,199.5,0.0,2,1
small-world,400,37,40,107.0,247.0,185.0,185.0,258.0,258.0,187.0,199.5,0.0,2,1
small-world,400,37,41,16.0,223.0,147.0,147.0,195.0,195.0,45.0,199.5,0.0,2,1
small-world,400,37,42,278.0,309.0,278.0,278.0,304.0,304.0,371.0,199.5,0.0,2,1
small-world,400,37,43,278.0,394.0,278.0,278.0,390.0,390.0,318.0,199.5,0.0,2,1
small-world,400,37,44,278.0,361.0,278.0,278.0,387.0,387.0,302.0,199.5,0.0,2,1
small-world,400,37,45,16.0,348.0,59.0,59.0,216.0,216.0,69.0,199.5,0.0,2,1
small-world,400,37,46,107.0,324.0,55.0,55.0,218.0,218.0,259.0,199.5,0.0,2,1
small-world,400,37,47,107.0,103.0,32.0,32.0,99.0,99.0,224.0,199.5,0.0,2,1
small-world,400,37,48,107.0,81.0,31.0,31.0,80.0,80.0,231.0,199.5,0.0,2,1
small-world,400,37,49,107.0,62.0,29.0,29.0,56.0,56.0,249.0,199.5,0.0,2,1
small-world,400,37,50,16.0,46.0,26.0,26.0,30.0,30.0,89.0,199.5,0.0,2,1
small-world,400,37,51,278.0,292.0,278.0,278.0,347.0,347.0,299.0,199.5,0.0,2,1
small-world,400,37,52,107.0,169.0,74.0,74.0,157.0,157.0,228.0,199.5,0.0,2,1
small-world,400,37,53,278.0,100.0,278.0,278.0,188.0,188.0,327.0,199.5,0.0,2,1
small-world,400,37,54,278.0,317.0,278.0,278.0,346.0,346.0,311.0,199.5,0.0,2,1
small-world,400,37,55,107.0,283.0,222.0,222.0,275.0,275.0,140.0,199.5,0.0,2,1
small-world,400,37,56,16.0,58.0,20.0,20.0,54.0,54.0,57.0,199.5,0.0,2,1
small-world,400,37,57,107.0,38.0,19.0,19.0,44.0,44.0,244.0,199.5,0.0,2,1
small-world,400,37,58,107.0,27.0,18.0,18.0,31.0,31.0,262.0,199.5,0.0,2,1
small-world,400,37,59,278.0,338.0,278.0,278.0,361.0,361.0,316.0,199.5,0.0,2,1
small-world,400,37,60,16.0,313.0,197.0,197.0,309.0,309.0,16.0,199.5,0.0,2,1
small-world,400,37,61,278.0,293.0,278.0,278.0,350.0,350.0,283.0,199.5,0.0,2,1
small-world,400,37,62,107.0,35.0,23.0,23.0,23.0,23.0,277.0,199.5,0.0,2,1
small-world,400,37,63,278.0,129.0,278.0,278.0,205.0,205.0,309.0,199.5,0.0,2,1
small-world,400,37,64,16.0,91.0,52.0,52.0,71.0,71.0,51.0,199.5,0.0,2,1
small-world,400,37,65,107.0,70.0,50.0,50.0,61.0,61.0,241.0,199.5,0.0,2,1
small-world,400,37,66,16.0,51.0,45.0,45.0,35.0,35.0,73.0,199.5,0.0,2,1
small-world,400,37,67,16.0,33.0,15.0,15.0,20.0,20.0,103.0,199.5,0.0,2,1
small-world,400,37,68,16.0,20.0,14.0,14.0,9.0,9.0,105.0,199.5,0.0,2,1
small-world,400,37,69,278.0,130.0,278.0,278.0,133.0,133.0,387.0,199.5,0.0,2,1
small-world,400,37,70,16.0,64.0,147.0,147.0,81.0,81.0,34.0,199.5,0.0,2,1
small-world,400,37,71,107.0,41.0,140.0,140.0,51.0,51.0,247.0,199.5,0.0,2,1
small-world,400,37,72,16.0,23.0,49.0,49.0,26.0,26.0,96.0,199.5,0.0,2,1
small-world,400,37,73,107.0,39.0,70.0,70.0,46.0,46.0,256.0,199.5,0.0,2,1
small-world,400,37,74,107.0,61.0,73.0,73.0,67.0,67.0,234.0,199.5,0.0,2,1
small-world,400,37,75,107.0,98.0,222.0,222.0,82.0,82.0,184.0,199.5,0.0,2,1
small-world,400,37,76,16.0,68.0,53.0,53.0,29.0,29.0,95.0,199.5,0.0,2,1
small-world,400,37,77,3.0,52.0,17.0,17.0,15.0,15.0,14.0,199.5,0.0,2,1
small-world,400,37,78,278.0,191.0,278.0,278.0,284.0,284.0,338.0,199.5,0.0,2,1
small-world,400,37,79,16.0,157.0,174.0,174.0,208.0,208.0,21.0,199.5,0.0,2,1
small-world,400,37,80,107.0,125.0,161.0,161.0,168.0,168.0,199.0,199.5,0.0,2,1
small-world,400,37,81,3.0,254.0,156.0,156.0,190.0,190.0,3.0,199.5,0.0,2,1
small-world,400,37,82,107.0,295.0,222.0,222.0,321.0,321.0,146.0,199.5,0.0,2,1
small-world,400,37,83,278.0,286.0,278.0,278.0,297.0,297.0,352.0,199.5,0.0,2,1
small-world,400,37,84,107.0,219.0,222.0,222.0,228.0,228.0,149.0,199.5,0.0,2,1
small-world,400,37,85,16.0,185.0,157.0,157.0,142.0,142.0,40.0,199.5,0.0,2,1
small-world,400,37,86,107.0,359.0,222.0,222.0,368.0,368.0,124.0,199.5,0.0,2,1
small-world,400,37,87,107.0,135.0,37.0,37.0,135.0,135.0,227.0,199.5,0.0,2,1
small-world,400,37,88,278.0,232.0,278.0,278.0,285.0,285.0,313.0,199.5,0.0,2,1
small-world,400,37,89,107.0,242.0,127.0,127.0,237.0,237.0,217.0,199.5,0.0,2,1
small-world,400,37,90,278.0,44.0,278.0,278.0,88.0,88.0,348.0,199.5,0.0,2,1
small-world,400,37,91,3.0,272.0,111.0,111.0,145.0,145.0,8.0,199.5,0.0,2,1
small-world,400,37,92,278.0,369.0,278.0,278.0,379.0,379.0,298.0,199.5,0.0,2,1
small-world,400,37,93,107.0,202.0,222.0,222.0,219.0,219.0,144.0,199.5,0.0,2,1
small-world,400,37,94,16.0,167.0,157.0,157.0,129.0,129.0,35.0,199.5,0.0,2,1
small-world,400,37,95,107.0,12.0,48.0,48.0,14.0,14.0,275.0,199.5,0.0,2,1
small-world,400,37,96,107.0,311.0,200.0,200.0,287.0,287.0,171.0,199.5,0.0,2,1
small-world,400,37,97,278.0,277.0,278.0,278.0,260.0,260.0,395.0,199.5,0.0,2,1
small-world,400,37,98,107.0,265.0,222.0,222.0,306.0,306.0,112.0,199.5,0.0,2,1
small-world,400,37,99,107.0,235.0,200.0,200.0,251.0,251.0,157.0,199.5,0.0,2,1
small-world,400,37,100,107.0,206.0,185.0,185.0,196.0,196.0,192.0,199.5,0.0,2,1
small-world,400,37,101,278.0,319.0,278.0,278.0,353.0,353.0,334.0,199.5,0.0,2,1
small-world,400,37,102,16.0,289.0,174.0,174.0,280.0,280.0,19.0,199.5,0.0,2,1
small-world,400,37,103,107.0,259.0,161.0,161.0,255.0,255.0,194.0,199.5,0.0,2,1
small-world,400,37,104,16.0,230.0,134.0,134.0,200.0,200.0,41.0,199.5,0.0,2,1
small-world,400,37,105,107.0,217.0,119.0,119.0,207.0,207.0,221.0,199.5,0.0,2,1
small-world,400,37,106,107.0,184.0,114.0,114.0,156.0,156.0,240.0,199.5,0.0,2,1
small-world,400,37,107,16.0,152.0,78.0,78.0,100.0,100.0,81.0,199.5,0.0,2,1
small-world,400,37,108,16.0,5.0,6.0,6.0,6.0,6.0,93.0,199.5,0.0,2,1
small-world,400,37,109,3.0,3.0,1.0,1.0,3.0,3.0,13.0,199.5,0.0,2,1
small-world,400,37,110,107.0,2.0,5.0,5.0,4.0,4.0,276.0,199.5,0.0,2,1
small-world,400,37,111,278.0,212.0,278.0,278.0,263.0,263.0,347.0,199.5,0.0,2,1
small-world,400,37,112,107.0,89.0,57.0,57.0,47.0,47.0,270.0,199.5,0.0,2,1
small-world,400,37,113,16.0,136.0,99.0,99.0,73.0,73.0,77.0,199.5,0.0,2,1
small-world,400,37,114,16.0,110.0,62.0,62.0,50.0,50.0,97.0,199.5,0.0,2,1
small-world,400,37,115,278.0,260.0,278.0,278.0,289.0,289.0,359.0,199.5,0.0,2,1
small-world,400,37,116,107.0,104.0,89.0,89.0,114.0,114.0,216.0,199.5,0.0,2,1
small-world,400,37,117,278.0,105.0,278.0,278.0,166.0,166.0,364.0,199.5,0.0,2,1
small-world,400,37,118,278.0,232.0,278.0,278.0,285.0,285.0,313.0,199.5,0.0,2,1
small-world,400,37,119,107.0,112.0,84.0,84.0,58.0,58.0,274.0,199.5,0.0,2,1
small-world,400,37,120,278.0,399.0,278.0,278.0,399.0,399.0,287.0,199.5,0.0,2,1
small-world,400,37,121,107.0,396.0,222.0,222.0,386.0,386.0,116.0,199.5,0.0,2,1
small-world,400,37,122,107.0,390.0,200.0,200.0,356.0,356.0,164.0,199.5,0.0,2,1
small-world,400,37,123,16.0,224.0,51.0,51.0,109.0,109.0,99.0,199.5,0.0,2,1
small-world,400,37,124,16.0,194.0,47.0,47.0,103.0,103.0,83.0,199.5,0.0,2,1
small-world,400,37,125,107.0,342.0,222.0,222.0,352.0,352.0,111.0,199.5,0.0,2,1
small-world,400,37,126,107.0,316.0,200.0,200.0,320.0,320.0,156.0,199.5,0.0,2,1
small-world,400,37,127,107.0,283.0,185.0,185.0,273.0,273.0,189.0,199.5,0.0,2,1
small-world,400,37,128,278.0,283.0,278.0,278.0,301.0,301.0,360.0,199.5,0.0,2,1
small-world,400,37,129,278.0,85.0,278.0,278.0,128.0,128.0,362.0,199.5,0.0,2,1
small-world,400,37,130,16.0,60.0,134.0,134.0,60.0,60.0,46.0,199.5,0.0,2,1
small-world,400,37,131,107.0,37.0,127.0,127.0,37.0,37.0,261.0,199.5,0.0,2,1
small-world,400,37,132,278.0,394.0,278.0,278.0,390.0,390.0,318.0,199.5,0.0,2,1
small-world,400,37,133,107.0,387.0,222.0,222.0,357.0,357.0,147.0,199.5,0.0,2,1
small-world,400,37,134,278.0,249.0,278.0,278.0,283.0,283.0,363.0,199.5,0.0,2,1
small-world,400,37,135,278.0,351.0,278.0,278.0,355.0,355.0,324.0,199.5,0.0,2,1
small-world,400,37,136,107.0,328.0,222.0,222.0,292.0,292.0,154.0,199.5,0.0,2,1
small-world,400,37,137,278.0,358.0,278.0,278.0,372.0,372.0,292.0,199.5,0.0,2,1
small-world,400,37,138,107.0,336.0,222.0,222.0,334.0,334.0,121.0,199.5,0.0,2,1
small-world,400,37,139,278.0,226.0,278.0,278.0,209.0,209.0,396.0,199.5,0.0,2,1
small-world,400,37,140,278.0,353.0,278.0,278.0,359.0,359.0,322.0,199.5,0.0,2,1
small-world,400,37,141,107.0,330.0,222.0,222.0,305.0,305.0,151.0,199.5,0.0,2,1
small-world,400,37,142,16.0,301.0,144.0,144.0,224.0,224.0,43.0,199.5,0.0,2,1
small-world,400,37,143,16.0,273.0,125.0,125.0,171.0,171.0,66.0,199.5,0.0,2,1
small-world,400,37,144,16.0,248.0,68.0,68.0,117.0,117.0,98.0,199.5,0.0,2,1
small-world,400,37,145,278.0,180.0,278.0,278.0,211.0,211.0,381.0,199.5,0.0,2,1
small-world,400,37,146,278.0,246.0,278.0,278.0,245.0,245.0,378.0,199.5,0.0,2,1
small-world,400,37,147,16.0,222.0,132.0,132.0,139.0,139.0,61.0,199.5,0.0,2,1
small-world,400,37,148,107.0,193.0,131.0,131.0,136.0,136.0,236.0,199.5,0.0,2,1
small-world,400,37,149,278.0,21.0,278.0,278.0,48.0,48.0,391.0,199.5,0.0,2,1
small-world,400,37,150,278.0,380.0,278.0,278.0,392.0,392.0,289.0,199.5,0.0,2,1
small-world,400,37,151,107.0,53.0,185.0,185.0,66.0,66.0,197.0,199.5,0.0,2,1
small-world,400,37,152,3.0,31.0,122.0,122.0,28.0,28.0,6.0,199.5,0.0,2,1
small-world,400,37,153,107.0,355.0,222.0,222.0,340.0,340.0,143.0,199.5,0.0,2,1
small-world,400,37,154,16.0,332.0,144.0,144.0,277.0,277.0,33.0,199.5,0.0,2,1
small-world,400,37,155,107.0,306.0,140.0,140.0,256.0,256.0,219.0,199.5,0.0,2,1
small-world,400,37,156,16.0,275.0,117.0,117.0,199.0,199.0,60.0,199.5,0.0,2,1
small-world,400,37,157,278.0,385.0,278.0,278.0,351.0,351.0,372.0,199.5,0.0,2,1
small-world,400,37,158,16.0,377.0,134.0,134.0,262.0,262.0,55.0,199.5,0.0,2,1
small-world,400,37,159,3.0,364.0,67.0,67.0,197.0,197.0,11.0,199.5,0.0,2,1
small-world,400,37,160,278.0,44.0,278.0,278.0,88.0,88.0,348.0,199.5,0.0,2,1
small-world,400,37,161,16.0,24.0,197.0,197.0,36.0,36.0,29.0,199.5,0.0,2,1
small-world,400,37,162,278.0,365.0,278.0,278.0,394.0,394.0,280.0,199.5,0.0,2,1
small-world,400,37,163,107.0,345.0,222.0,222.0,370.0,370.0,109.0,199.5,0.0,2,1
small-world,400,37,164,278.0,366.0,278.0,278.0,389.0,389.0,291.0,199.5,0.0,2,1
small-world,400,37,165,107.0,346.0,222.0,222.0,363.0,363.0,119.0,199.5,0.0,2,1
small-world,400,37,166,107.0,255.0,161.0,161.0,225.0,225.0,230.0,199.5,0.0,2,1
small-world,400,37,167,278.0,156.0,278.0,278.0,253.0,253.0,300.0,199.5,0.0,2,1
small-world,400,37,168,107.0,262.0,222.0,222.0,288.0,288.0,127.0,199.5,0.0,2,1
small-world,400,37,169,278.0,108.0,278.0,278.0,186.0,186.0,308.0,199.5,0.0,2,1
small-world,400,37,170,278.0,158.0,278.0,278.0,192.0,192.0,366.0,199.5,0.0,2,1
small-world,400,37,171,278.0,258.0,278.0,278.0,290.0,290.0,373.0,199.5,0.0,2,1
small-world,400,37,172,16.0,163.0,115.0,115.0,104.0,104.0,62.0,199.5,0.0,2,1
small-world,400,37,173,278.0,338.0,278.0,278.0,361.0,361.0,316.0,199.5,0.0,2,1
small-world,400,37,174,107.0,325.0,127.0,127.0,244.0,244.0,243.0,199.5,0.0,2,1
small-world,400,37,175,3.0,299.0,44.0,44.0,165.0,165.0,12.0,199.5,0.0,2,1
small-world,400,37,176,107.0,271.0,43.0,43.0,184.0,184.0,268.0,199.5,0.0,2,1
small-world,400,37,177,16.0,252.0,42.0,42.0,158.0,158.0,92.0,199.5,0.0,2,1
small-world,400,37,178,16.0,228.0,41.0,41.0,150.0,150.0,90.0,199.5,0.0,2,1
small-world,400,37,179,107.0,208.0,40.0,40.0,172.0,172.0,250.0,199.5,0.0,2,1
small-world,400,37,180,107.0,187.0,39.0,39.0,169.0,169.0,229.0,199.5,0.0,2,1
small-world,400,37,181,107.0,160.0,38.0,38.0,159.0,159.0,220.0,199.5,0.0,2,1
small-world,400,37,182,278.0,57.0,278.0,278.0,134.0,134.0,310.0,199.5,0.0,2,1
small-world,400,37,183,107.0,34.0,222.0,222.0,68.0,68.0,139.0,199.5,0.0,2,1
small-world,400,37,184,16.0,18.0,7.0,7.0,11.0,11.0,101.0,199.5,0.0,2,1
small-world,400,37,185,107.0,291.0,185.0,185.0,348.0,348.0,165.0,199.5,0.0,2,1
small-world,400,37,186,107.0,264.0,161.0,161.0,327.0,327.0,178.0,199.5,0.0,2,1
small-world,400,37,187,107.0,236.0,152.0,152.0,293.0,293.0,190.0,199.5,0.0,2,1
small-world,400,37,188,107.0,210.0,140.0,140.0,261.0,261.0,202.0,199.5,0.0,2,1
small-world,400,37,189,16.0,175.0,117.0,117.0,213.0,213.0,32.0,199.5,0.0,2,1
small-world,400,37,190,278.0,367.0,278.0,278.0,318.0,318.0,386.0,199.5,0.0,2,1
small-world,400,37,191,16.0,376.0,111.0,111.0,243.0,243.0,78.0,199.5,0.0,2,1
small-world,400,37,192,107.0,190.0,222.0,222.0,269.0,269.0,126.0,199.5,0.0,2,1
small-world,400,37,193,107.0,13.0,13.0,13.0,22.0,22.0,267.0,199.5,0.0,2,1
small-world,400,37,194,16.0,9.0,11.0,11.0,13.0,13.0,74.0,199.5,0.0,2,1
small-world,400,37,195,107.0,6.0,12.0,12.0,7.0,7.0,273.0,199.5,0.0,2,1
small-world,400,37,196,278.0,131.0,278.0,278.0,151.0,151.0,346.0,199.5,0.0,2,1
small-world,400,37,197,107.0,387.0,222.0,222.0,357.0,357.0,147.0,199.5,0.0,2,1
small-world,400,37,198,16.0,382.0,157.0,157.0,299.0,299.0,38.0,199.5,0.0,2,1
small-world,400,37,199,278.0,391.0,278.0,278.0,373.0,373.0,351.0,199.5,0.0,2,1
small-world,400,37,200,16.0,384.0,160.0,160.0,314.0,314.0,30.0,199.5,0.0,2,1
small-world,400,37,201,278.0,47.0,278.0,278.0,83.0,83.0,392.0,199.5,0.0,2,1
small-world,400,37,202,16.0,26.0,64.0,64.0,27.0,27.0,76.0,199.5,0.0,2,1
small-world,400,37,203,16.0,11.0,46.0,46.0,10.0,10.0,100.0,199.5,0.0,2,1
small-world,400,37,204,107.0,371.0,222.0,222.0,367.0,367.0,118.0,199.5,0.0,2,1
small-world,400,37,205,107.0,354.0,200.0,200.0,333.0,333.0,168.0,199.5,0.0,2,1
small-world,400,37,206,107.0,279.0,185.0,185.0,236.0,236.0,218.0,199.5,0.0,2,1
small-world,400,37,207,107.0,321.0,200.0,200.0,343.0,343.0,153.0,199.5,0.0,2,1
small-world,400,37,208,278.0,341.0,278.0,278.0,364.0,364.0,345.0,199.5,0.0,2,1
small-world,400,37,209,16.0,314.0,174.0,174.0,308.0,308.0,27.0,199.5,0.0,2,1
small-world,400,37,210,107.0,282.0,161.0,161.0,272.0,272.0,211.0,199.5,0.0,2,1
small-world,400,37,211,16.0,255.0,94.0,94.0,217.0,217.0,70.0,199.5,0.0,2,1
small-world,400,37,212,16.0,229.0,82.0,82.0,198.0,198.0,56.0,199.5,0.0,2,1
small-world,400,37,213,107.0,200.0,80.0,80.0,193.0,193.0,226.0,199.5,0.0,2,1
small-world,400,37,214,278.0,347.0,278.0,278.0,374.0,374.0,329.0,199.5,0.0,2,1
small-world,400,37,215,16.0,323.0,174.0,174.0,326.0,326.0,17.0,199.5,0.0,2,1
small-world,400,37,216,107.0,296.0,161.0,161.0,307.0,307.0,185.0,199.5,0.0,2,1
small-world,400,37,217,278.0,308.0,278.0,278.0,300.0,300.0,375.0,199.5,0.0,2,1
small-world,400,37,218,107.0,49.0,185.0,185.0,70.0,70.0,195.0,199.5,0.0,2,1
small-world,400,37,219,278.0,244.0,278.0,278.0,302.0,302.0,320.0,199.5,0.0,2,1
small-world,400,37,220,278.0,179.0,278.0,278.0,214.0,214.0,377.0,199.5,0.0,2,1
small-world,400,37,221,278.0,400.0,278.0,278.0,400.0,400.0,279.0,199.5,0.0,2,1
small-world,400,37,222,107.0,397.0,222.0,222.0,396.0,396.0,108.0,199.5,0.0,2,1
small-world,400,37,223,107.0,392.0,200.0,200.0,388.0,388.0,142.0,199.5,0.0,2,1
small-world,400,37,224,107.0,386.0,185.0,185.0,371.0,371.0,169.0,199.5,0.0,2,1
small-world,400,37,225,107.0,379.0,161.0,161.0,354.0,354.0,181.0,199.5,0.0,2,1
small-world,400,37,226,107.0,368.0,152.0,152.0,332.0,332.0,200.0,199.5,0.0,2,1
small-world,400,37,227,107.0,349.0,140.0,140.0,294.0,294.0,212.0,199.5,0.0,2,1
small-world,400,37,228,278.0,381.0,278.0,278.0,393.0,393.0,290.0,199.5,0.0,2,1
small-world,400,37,229,107.0,372.0,222.0,222.0,365.0,365.0,120.0,199.5,0.0,2,1
small-world,400,37,230,16.0,356.0,174.0,174.0,328.0,328.0,18.0,199.5,0.0,2,1
small-world,400,37,231,107.0,333.0,161.0,161.0,310.0,310.0,186.0,199.5,0.0,2,1
small-world,400,37,232,278.0,212.0,278.0,278.0,295.0,295.0,355.0,199.5,0.0,2,1
small-world,400,37,233,107.0,307.0,152.0,152.0,265.0,265.0,208.0,199.5,0.0,2,1
small-world,400,37,234,278.0,237.0,278.0,278.0,316.0,316.0,307.0,199.5,0.0,2,1
small-world,400,37,235,107.0,211.0,222.0,222.0,242.0,242.0,136.0,199.5,0.0,2,1
small-world,400,37,236,16.0,175.0,174.0,174.0,162.0,162.0,28.0,199.5,0.0,2,1
small-world,400,37,237,278.0,315.0,278.0,278.0,337.0,337.0,361.0,199.5,0.0,2,1
small-world,400,37,238,278.0,79.0,278.0,278.0,143.0,143.0,326.0,199.5,0.0,2,1
small-world,400,37,239,107.0,54.0,222.0,222.0,74.0,74.0,162.0,199.5,0.0,2,1
small-world,400,37,240,278.0,153.0,278.0,278.0,266.0,266.0,301.0,199.5,0.0,2,1
small-world,400,37,241,107.0,118.0,222.0,222.0,194.0,194.0,130.0,199.5,0.0,2,1
small-world,400,37,242,107.0,225.0,65.0,65.0,149.0,149.0,258.0,199.5,0.0,2,1
small-world,400,37,243,107.0,196.0,61.0,61.0,127.0,127.0,260.0,199.5,0.0,2,1
small-world,400,37,244,16.0,164.0,34.0,34.0,90.0,90.0,94.0,199.5,0.0,2,1
small-world,400,37,245,107.0,146.0,35.0,35.0,107.0,107.0,255.0,199.5,0.0,2,1
small-world,400,37,246,107.0,126.0,33.0,33.0,108.0,108.0,233.0,199.5,0.0,2,1
small-world,400,37,247,278.0,372.0,278.0,278.0,381.0,381.0,312.0,199.5,0.0,2,1
small-world,400,37,248,278.0,221.0,278.0,278.0,330.0,330.0,296.0,199.5,0.0,2,1
small-world,400,37,249,278.0,378.0,278.0,278.0,322.0,322.0,398.0,199.5,0.0,2,1
small-world,400,37,250,278.0,132.0,278.0,278.0,249.0,249.0,285.0,199.5,0.0,2,1
small-world,400,37,251,107.0,101.0,222.0,222.0,177.0,177.0,114.0,199.5,0.0,2,1
small-world,400,37,252,107.0,73.0,200.0,200.0,118.0,118.0,159.0,199.5,0.0,2,1
small-world,400,37,253,278.0,331.0,278.0,278.0,331.0,331.0,331.0,199.5,0.0,2,1
small-world,400,37,254,107.0,302.0,222.0,222.0,252.0,252.0,170.0,199.5,0.0,2,1
small-world,400,37,255,278.0,326.0,278.0,278.0,279.0,279.0,399.0,199.5,0.0,2,1
small-world,400,37,256,107.0,294.0,185.0,185.0,313.0,313.0,183.0,199.5,0.0,2,1
small-world,400,37,257,16.0,266.0,133.0,133.0,257.0,257.0,37.0,199.5,0.0,2,1
small-world,400,37,258,107.0,240.0,127.0,127.0,239.0,239.0,213.0,199.5,0.0,2,1
small-world,400,37,259,107.0,19.0,200.0,200.0,33.0,33.0,206.0,199.5,0.0,2,1
small-world,400,37,260,278.0,134.0,278.0,278.0,248.0,248.0,286.0,199.5,0.0,2,1
small-world,400,37,261,107.0,102.0,222.0,222.0,176.0,176.0,115.0,199.5,0.0,2,1
small-world,400,37,262,107.0,78.0,200.0,200.0,116.0,116.0,161.0,199.5,0.0,2,1
small-world,400,37,263,107.0,7.0,9.0,9.0,16.0,16.0,264.0,199.5,0.0,2,1
small-world,400,37,264,278.0,119.0,278.0,278.0,215.0,215.0,344.0,199.5,0.0,2,1
small-world,400,37,265,16.0,90.0,174.0,174.0,119.0,119.0,26.0,199.5,0.0,2,1
small-world,400,37,266,278.0,241.0,278.0,278.0,240.0,240.0,388.0,199.5,0.0,2,1
small-world,400,37,267,16.0,133.0,93.0,93.0,132.0,132.0,39.0,199.5,0.0,2,1
small-world,400,37,268,107.0,148.0,105.0,105.0,164.0,164.0,214.0,199.5,0.0,2,1
small-world,400,37,269,107.0,162.0,106.0,106.0,175.0,175.0,223.0,199.5,0.0,2,1
small-world,400,37,270,107.0,189.0,109.0,109.0,170.0,170.0,239.0,199.5,0.0,2,1
small-world,400,37,271,16.0,192.0,98.0,98.0,140.0,140.0,80.0,199.5,0.0,2,1
small-world,400,37,272,107.0,197.0,121.0,121.0,152.0,152.0,257.0,199.5,0.0,2,1
small-world,400,37,273,107.0,169.0,103.0,103.0,130.0,130.0,242.0,199.5,0.0,2,1
small-world,400,37,274,16.0,141.0,90.0,90.0,92.0,92.0,64.0,199.5,0.0,2,1
small-world,400,37,275,278.0,77.0,278.0,278.0,96.0,96.0,390.0,199.5,0.0,2,1
small-world,400,37,276,107.0,71.0,222.0,222.0,110.0,110.0,163.0,199.5,0.0,2,1
small-world,400,37,277,16.0,48.0,101.0,101.0,53.0,53.0,63.0,199.5,0.0,2,1
small-world,400,37,278,107.0,28.0,95.0,95.0,39.0,39.0,252.0,199.5,0.0,2,1
small-world,400,37,279,16.0,14.0,82.0,82.0,17.0,17.0,79.0,199.5,0.0,2,1
small-world,400,37,280,16.0,1.0,4.0,4.0,2.0,2.0,106.0,199.5,0.0,2,1
small-world,400,37,281,16.0,234.0,174.0,174.0,226.0,226.0,24.0,199.5,0.0,2,1
small-world,400,37,282,107.0,205.0,161.0,161.0,185.0,185.0,204.0,199.5,0.0,2,1
small-world,400,37,283,16.0,172.0,134.0,134.0,120.0,120.0,53.0,199.5,0.0,2,1
small-world,400,37,284,278.0,370.0,278.0,278.0,382.0,382.0,294.0,199.5,0.0,2,1
small-world,400,37,285,107.0,351.0,222.0,222.0,342.0,342.0,123.0,199.5,0.0,2,1
small-world,400,37,286,278.0,244.0,278.0,278.0,302.0,302.0,320.0,199.5,0.0,2,1
small-world,400,37,287,107.0,219.0,222.0,222.0,228.0,228.0,149.0,199.5,0.0,2,1
small-world,400,37,288,278.0,362.0,278.0,278.0,383.0,383.0,282.0,199.5,0.0,2,1
small-world,400,37,289,278.0,40.0,278.0,278.0,59.0,59.0,397.0,199.5,0.0,2,1
small-world,400,37,290,107.0,112.0,84.0,84.0,63.0,63.0,266.0,199.5,0.0,2,1
small-world,400,37,291,278.0,208.0,278.0,278.0,227.0,227.0,367.0,199.5,0.0,2,1
small-world,400,37,292,16.0,173.0,147.0,147.0,123.0,123.0,50.0,199.5,0.0,2,1
small-world,400,37,293,16.0,141.0,88.0,88.0,76.0,76.0,88.0,199.5,0.0,2,1
small-world,400,37,294,107.0,122.0,222.0,222.0,178.0,178.0,129.0,199.5,0.0,2,1
small-world,400,37,295,16.0,93.0,174.0,174.0,112.0,112.0,25.0,199.5,0.0,2,1
small-world,400,37,296,278.0,161.0,278.0,278.0,230.0,230.0,358.0,199.5,0.0,2,1
small-world,400,37,297,278.0,195.0,278.0,278.0,204.0,204.0,379.0,199.5,0.0,2,1
small-world,400,37,298,107.0,94.0,222.0,222.0,153.0,153.0,135.0,199.5,0.0,2,1
small-world,400,37,299,107.0,66.0,200.0,200.0,98.0,98.0,191.0,199.5,0.0,2,1
small-world,400,37,300,278.0,32.0,278.0,278.0,52.0,52.0,394.0,199.5,0.0,2,1
small-world,400,37,301,16.0,16.0,113.0,113.0,12.0,12.0,82.0,199.5,0.0,2,1
small-world,400,37,302,3.0,4.0,3.0,3.0,1.0,1.0,15.0,199.5,0.0,2,1
small-world,400,37,303,278.0,298.0,278.0,278.0,335.0,335.0,354.0,199.5,0.0,2,1
small-world,400,37,304,16.0,268.0,134.0,134.0,259.0,259.0,31.0,199.5,0.0,2,1
small-world,400,37,305,278.0,215.0,278.0,278.0,271.0,271.0,325.0,199.5,0.0,2,1
small-world,400,37,306,107.0,177.0,222.0,222.0,191.0,191.0,160.0,199.5,0.0,2,1
small-world,400,37,307,3.0,143.0,58.0,58.0,105.0,105.0,5.0,199.5,0.0,2,1
small-world,400,37,308,16.0,116.0,54.0,54.0,94.0,94.0,52.0,199.5,0.0,2,1
small-world,400,37,309,107.0,329.0,200.0,200.0,291.0,291.0,175.0,199.5,0.0,2,1
small-world,400,37,310,278.0,357.0,278.0,278.0,375.0,375.0,284.0,199.5,0.0,2,1
small-world,400,37,311,107.0,335.0,222.0,222.0,339.0,339.0,113.0,199.5,0.0,2,1
small-world,400,37,312,107.0,310.0,200.0,200.0,296.0,296.0,158.0,199.5,0.0,2,1
small-world,400,37,313,107.0,277.0,185.0,185.0,246.0,246.0,193.0,199.5,0.0,2,1
small-world,400,37,314,107.0,251.0,161.0,161.0,187.0,187.0,237.0,199.5,0.0,2,1
small-world,400,37,315,278.0,123.0,278.0,278.0,201.0,201.0,343.0,199.5,0.0,2,1
small-world,400,37,316,278.0,149.0,278.0,278.0,180.0,180.0,385.0,199.5,0.0,2,1
small-world,400,37,317,278.0,55.0,278.0,278.0,87.0,87.0,380.0,199.5,0.0,2,1
small-world,400,37,318,107.0,138.0,222.0,222.0,210.0,210.0,125.0,199.5,0.0,2,1
small-world,400,37,319,16.0,109.0,174.0,174.0,137.0,137.0,22.0,199.5,0.0,2,1
small-world,400,37,320,107.0,84.0,161.0,161.0,102.0,102.0,198.0,199.5,0.0,2,1
small-world,400,37,321,278.0,290.0,278.0,278.0,345.0,345.0,304.0,199.5,0.0,2,1
small-world,400,37,322,107.0,261.0,222.0,222.0,281.0,281.0,133.0,199.5,0.0,2,1
small-world,400,37,323,278.0,92.0,278.0,278.0,160.0,160.0,356.0,199.5,0.0,2,1
small-world,400,37,324,278.0,120.0,278.0,278.0,155.0,155.0,368.0,199.5,0.0,2,1
small-world,400,37,325,278.0,204.0,278.0,278.0,247.0,247.0,328.0,199.5,0.0,2,1
small-world,400,37,326,107.0,168.0,222.0,222.0,163.0,163.0,167.0,199.5,0.0,2,1
small-world,400,37,327,278.0,269.0,278.0,278.0,324.0,324.0,339.0,199.5,0.0,2,1
small-world,400,37,328,278.0,80.0,278.0,278.0,121.0,121.0,374.0,199.5,0.0,2,1
small-world,400,37,329,278.0,174.0,278.0,278.0,182.0,182.0,383.0,199.5,0.0,2,1
small-world,400,37,330,278.0,238.0,278.0,278.0,319.0,319.0,303.0,199.5,0.0,2,1
small-world,400,37,331,107.0,212.0,222.0,222.0,250.0,250.0,132.0,199.5,0.0,2,1
small-world,400,37,332,107.0,177.0,200.0,200.0,179.0,179.0,179.0,199.5,0.0,2,1
small-world,400,37,333,1.0,144.0,110.0,110.0,95.0,95.0,1.0,199.5,0.0,2,1
small-world,400,37,334,16.0,114.0,102.0,102.0,85.0,85.0,67.0,199.5,0.0,2,1
small-world,400,37,335,16.0,86.0,21.0,21.0,64.0,64.0,86.0,199.5,0.0,2,1
small-world,400,37,336,107.0,75.0,22.0,22.0,65.0,65.0,253.0,199.5,0.0,2,1
small-world,400,37,337,278.0,322.0,278.0,278.0,366.0,366.0,315.0,199.5,0.0,2,1
small-world,400,37,338,107.0,280.0,185.0,185.0,267.0,267.0,180.0,199.5,0.0,2,1
small-world,400,37,339,16.0,253.0,147.0,147.0,202.0,202.0,42.0,199.5,0.0,2,1
small-world,400,37,340,3.0,227.0,87.0,87.0,131.0,131.0,9.0,199.5,0.0,2,1
small-world,400,37,341,107.0,198.0,84.0,84.0,146.0,146.0,246.0,199.5,0.0,2,1
small-world,400,37,342,278.0,50.0,278.0,278.0,93.0,93.0,376.0,199.5,0.0,2,1
small-world,400,37,343,16.0,28.0,147.0,147.0,34.0,34.0,58.0,199.5,0.0,2,1
small-world,400,37,344,107.0,117.0,222.0,222.0,78.0,78.0,205.0,199.5,0.0,2,1
small-world,400,37,345,16.0,276.0,125.0,125.0,203.0,203.0,54.0,199.5,0.0,2,1
small-world,400,37,346,3.0,250.0,66.0,66.0,138.0,138.0,10.0,199.5,0.0,2,1
small-world,400,37,347,107.0,350.0,222.0,222.0,338.0,338.0,128.0,199.5,0.0,2,1
small-world,400,37,348,107.0,327.0,200.0,200.0,282.0,282.0,176.0,199.5,0.0,2,1
small-world,400,37,349,16.0,300.0,144.0,144.0,221.0,221.0,48.0,199.5,0.0,2,1
small-world,400,37,350,278.0,288.0,278.0,278.0,317.0,317.0,332.0,199.5,0.0,2,1
small-world,400,37,351,107.0,257.0,222.0,222.0,235.0,235.0,173.0,199.5,0.0,2,1
small-world,400,37,352,107.0,65.0,161.0,161.0,79.0,79.0,207.0,199.5,0.0,2,1
small-world,400,37,353,107.0,42.0,152.0,152.0,42.0,42.0,254.0,199.5,0.0,2,1
small-world,400,37,354,16.0,25.0,16.0,16.0,18.0,18.0,102.0,199.5,0.0,2,1
small-world,400,37,355,278.0,139.0,278.0,278.0,231.0,231.0,337.0,199.5,0.0,2,1
small-world,400,37,356,107.0,145.0,222.0,222.0,115.0,115.0,177.0,199.5,0.0,2,1
small-world,400,37,357,278.0,188.0,278.0,278.0,234.0,234.0,333.0,199.5,0.0,2,1
small-world,400,37,358,278.0,263.0,278.0,278.0,315.0,315.0,341.0,199.5,0.0,2,1
small-world,400,37,359,107.0,155.0,222.0,222.0,144.0,144.0,172.0,199.5,0.0,2,1
small-world,400,37,360,16.0,121.0,69.0,69.0,72.0,72.0,75.0,199.5,0.0,2,1
small-world,400,37,361,16.0,97.0,59.0,59.0,55.0,55.0,71.0,199.5,0.0,2,1
small-world,400,37,362,107.0,74.0,55.0,55.0,41.0,41.0,272.0,199.5,0.0,2,1
small-world,400,37,363,16.0,126.0,79.0,79.0,101.0,101.0,49.0,199.5,0.0,2,1
small-world,400,37,364,107.0,99.0,74.0,74.0,75.0,75.0,245.0,199.5,0.0,2,1
small-world,400,37,365,107.0,76.0,72.0,72.0,43.0,43.0,269.0,199.5,0.0,2,1
small-world,400,37,366,107.0,83.0,222.0,222.0,111.0,111.0,137.0,199.5,0.0,2,1
small-world,400,37,367,107.0,59.0,200.0,200.0,62.0,62.0,201.0,199.5,0.0,2,1
small-world,400,37,368,278.0,343.0,278.0,278.0,376.0,376.0,293.0,199.5,0.0,2,1
small-world,400,37,369,107.0,318.0,222.0,222.0,336.0,336.0,122.0,199.5,0.0,2,1
small-world,400,37,370,278.0,105.0,278.0,278.0,166.0,166.0,364.0,199.5,0.0,2,1
small-world,400,37,371,3.0,82.0,77.0,77.0,77.0,77.0,4.0,199.5,0.0,2,1
small-world,400,37,372,278.0,374.0,278.0,278.0,377.0,377.0,330.0,199.5,0.0,2,1
small-world,400,37,373,278.0,30.0,278.0,278.0,57.0,57.0,393.0,199.5,0.0,2,1
small-world,400,37,374,278.0,304.0,278.0,278.0,278.0,278.0,384.0,199.5,0.0,2,1
small-world,400,37,375,278.0,398.0,278.0,278.0,398.0,398.0,288.0,199.5,0.0,2,1
small-world,400,37,376,107.0,393.0,222.0,222.0,384.0,384.0,117.0,199.5,0.0,2,1
small-world,400,37,377,107.0,387.0,200.0,200.0,360.0,360.0,166.0,199.5,0.0,2,1
small-world,400,37,378,107.0,383.0,185.0,185.0,323.0,323.0,209.0,199.5,0.0,2,1
small-world,400,37,379,278.0,124.0,278.0,278.0,233.0,233.0,306.0,199.5,0.0,2,1
small-world,400,37,380,107.0,186.0,95.0,95.0,173.0,173.0,225.0,199.5,0.0,2,1
small-world,400,37,381,107.0,154.0,91.0,91.0,141.0,141.0,222.0,199.5,0.0,2,1
small-world,400,37,382,16.0,137.0,123.0,123.0,84.0,84.0,68.0,199.5,0.0,2,1
small-world,400,37,383,107.0,107.0,36.0,36.0,106.0,106.0,248.0,199.5,0.0,2,1
small-world,400,37,384,278.0,180.0,278.0,278.0,211.0,211.0,381.0,199.5,0.0,2,1
small-world,400,37,385,278.0,269.0,278.0,278.0,324.0,324.0,339.0,199.5,0.0,2,1
small-world,400,37,386,16.0,243.0,197.0,197.0,241.0,241.0,23.0,199.5,0.0,2,1
small-world,400,37,387,107.0,166.0,80.0,80.0,126.0,126.0,238.0,199.5,0.0,2,1
small-world,400,37,388,107.0,140.0,74.0,74.0,97.0,97.0,251.0,199.5,0.0,2,1
small-world,400,37,389,16.0,111.0,63.0,63.0,49.0,49.0,84.0,199.5,0.0,2,1
small-world,400,37,390,1.0,87.0,27.0,27.0,24.0,24.0,2.0,199.5,0.0,2,1
small-world,400,37,391,107.0,72.0,29.0,29.0,40.0,40.0,271.0,199.5,0.0,2,1
small-world,400,37,392,107.0,56.0,28.0,28.0,38.0,38.0,265.0,199.5,0.0,2,1
small-world,400,37,393,16.0,36.0,25.0,25.0,25.0,25.0,85.0,199.5,0.0,2,1
small-world,400,37,394,16.0,22.0,24.0,24.0,19.0,19.0,87.0,199.5,0.0,2,1
small-world,400,37,395,16.0,15.0,2.0,2.0,5.0,5.0,104.0,199.5,0.0,2,1
small-world,400,37,396,16.0,10.0,8.0,8.0,8.0,8.0,91.0,199.5,0.0,2,1
small-world,400,37,397,278.0,207.0,278.0,278.0,223.0,223.0,370.0,199.5,0.0,2,1
small-world,400,37,398,3.0,216.0,116.0,116.0,125.0,125.0,7.0,199.5,0.0,2,1
small-world,400,37,399,16.0,218.0,100.0,100.0,181.0,181.0,59.0,199.5,0.0,2,1
small-world,400,38,0,109.0,145.0,224.0,224.0,250.0,250.0,115.0,199.5,0.004166666666666667,3,1
small-world,400,38,1,109.0,115.0,202.0,202.0,192.0,192.0,154.0,199.5,0.004166666666666667,3,1
small-world,400,38,2,109.0,88.0,179.0,179.0,140.0,140.0,198.0,199.5,0.004166666666666667,3,1
small-world,400,38,3,109.0,273.0,202.0,202.0,258.0,258.0,167.0,199.5,0.004166666666666667,3,1
small-world,400,38,4,109.0,161.0,179.0,179.0,166.0,166.0,200.0,199.5,0.004166666666666667,3,1
small-world,400,38,5,14.0,130.0,123.0,123.0,99.0,99.0,63.0,199.5,0.004166666666666667,3,1
small-world,400,38,6,109.0,102.0,121.0,121.0,68.0,68.0,268.0,199.5,0.004166666666666667,3,1
small-world,400,38,7,109.0,133.0,202.0,202.0,124.0,124.0,183.0,199.5,0.004166666666666667,3,1
small-world,400,38,8,14.0,40.0,16.0,16.0,65.0,65.0,50.0,199.5,0.004166666666666667,3,1
small-world,400,38,9,109.0,37.0,15.0,15.0,73.0,73.0,229.0,199.5,0.004166666666666667,3,1
small-world,400,38,10,278.0,57.0,277.0,277.0,143.0,143.0,377.0,199.5,0.004166666666666667,3,1
small-world,400,38,11,278.0,338.0,277.0,277.0,358.0,358.0,300.0,199.5,0.004166666666666667,3,1
small-world,400,38,12,109.0,326.0,224.0,224.0,313.0,313.0,131.0,199.5,0.004166666666666667,3,1
small-world,400,38,13,14.0,312.0,159.0,159.0,249.0,249.0,29.0,199.5,0.004166666666666667,3,1
small-world,400,38,14,109.0,297.0,149.0,149.0,217.0,217.0,206.0,199.5,0.004166666666666667,3,1
small-world,400,38,15,14.0,280.0,125.0,125.0,157.0,157.0,49.0,199.5,0.004166666666666667,3,1
small-world,400,38,16,278.0,39.0,277.0,277.0,126.0,126.0,370.0,199.5,0.004166666666666667,3,1
small-world,400,38,17,14.0,22.0,11.0,11.0,57.0,57.0,42.0,199.5,0.004166666666666667,3,1
small-world,400,38,18,109.0,310.0,149.0,149.0,328.0,328.0,187.0,199.5,0.004166666666666667,3,1
small-world,400,38,19,109.0,295.0,138.0,138.0,307.0,307.0,191.0,199.5,0.004166666666666667,3,1
small-world,400,38,20,109.0,276.0,126.0,126.0,278.0,278.0,201.0,199.5,0.004166666666666667,3,1
small-world,400,38,21,278.0,270.0,277.0,277.0,246.0,246.0,338.0,199.5,0.004166666666666667,3,1
small-world,400,38,22,109.0,246.0,224.0,224.0,147.0,147.0,171.0,199.5,0.004166666666666667,3,1
small-world,400,38,23,278.0,378.0,277.0,277.0,386.0,386.0,295.0,199.5,0.004166666666666667,3,1
small-world,400,38,24,278.0,139.0,277.0,277.0,182.0,182.0,382.0,199.5,0.004166666666666667,3,1
small-world,400,38,25,14.0,107.0,113.0,113.0,91.0,91.0,59.0,199.5,0.004166666666666667,3,1
small-world,400,38,26,14.0,390.0,162.0,162.0,371.0,371.0,26.0,199.5,0.004166666666666667,3,1
small-world,400,38,27,109.0,387.0,149.0,149.0,369.0,369.0,197.0,199.5,0.004166666666666667,3,1
small-world,400,38,28,14.0,195.0,108.0,108.0,122.0,122.0,70.0,199.5,0.004166666666666667,3,1
small-world,400,38,29,109.0,55.0,18.0,18.0,50.0,50.0,260.0,199.5,0.004166666666666667,3,1
small-world,400,38,30,14.0,52.0,17.0,17.0,55.0,55.0,53.0,199.5,0.004166666666666667,3,1
small-world,400,38,31,278.0,142.0,277.0,277.0,112.0,112.0,399.0,199.5,0.004166666666666667,3,1
small-world,400,38,32,278.0,351.0,277.0,277.0,378.0,378.0,320.0,199.5,0.004166666666666667,3,1
small-world,400,38,33,109.0,134.0,224.0,224.0,134.0,134.0,159.0,199.5,0.004166666666666667,3,1
small-world,400,38,34,278.0,267.0,277.0,277.0,221.0,221.0,368.0,199.5,0.004166666666666667,3,1
small-world,400,38,35,3.0,245.0,145.0,145.0,97.0,97.0,4.0,199.5,0.004166666666666667,3,1
small-world,400,38,36,3.0,222.0,112.0,112.0,43.0,43.0,9.0,199.5,0.004166666666666667,3,1
small-world,400,38,37,109.0,392.0,202.0,202.0,387.0,387.0,148.0,199.5,0.004166666666666667,3,1
small-world,400,38,38,278.0,220.0,277.0,277.0,319.0,319.0,318.0,199.5,0.004166666666666667,3,1
small-world,400,38,39,109.0,85.0,224.0,224.0,87.0,87.0,177.0,199.5,0.004166666666666667,3,1
small-world,400,38,40,14.0,63.0,70.0,70.0,22.0,22.0,84.0,199.5,0.004166666666666667,3,1
small-world,400,38,41,14.0,20.0,53.0,53.0,6.0,6.0,95.0,199.5,0.004166666666666667,3,1
small-world,400,38,42,109.0,165.0,224.0,224.0,200.0,200.0,127.0,199.5,0.004166666666666667,3,1
small-world,400,38,43,278.0,298.0,277.0,277.0,260.0,260.0,376.0,199.5,0.004166666666666667,3,1
small-world,400,38,44,278.0,369.0,277.0,277.0,376.0,376.0,302.0,199.5,0.004166666666666667,3,1
small-world,400,38,45,109.0,361.0,224.0,224.0,340.0,340.0,133.0,199.5,0.004166666666666667,3,1
small-world,400,38,46,278.0,120.0,277.0,277.0,184.0,184.0,346.0,199.5,0.004166666666666667,3,1
small-world,400,38,47,109.0,95.0,224.0,224.0,101.0,101.0,178.0,199.5,0.004166666666666667,3,1
small-world,400,38,48,14.0,75.0,38.0,38.0,30.0,30.0,85.0,199.5,0.004166666666666667,3,1
small-world,400,38,49,278.0,167.0,277.0,277.0,224.0,224.0,334.0,199.5,0.004166666666666667,3,1
small-world,400,38,50,14.0,83.0,28.0,28.0,49.0,49.0,92.0,199.5,0.004166666666666667,3,1
small-world,400,38,51,14.0,73.0,26.0,26.0,62.0,62.0,79.0,199.5,0.004166666666666667,3,1
small-world,400,38,52,109.0,61.0,27.0,27.0,83.0,83.0,242.0,199.5,0.004166666666666667,3,1
small-world,400,38,53,109.0,54.0,25.0,25.0,89.0,89.0,222.0,199.5,0.004166666666666667,3,1
small-world,400,38,54,109.0,42.0,24.0,24.0,86.0,86.0,214.0,199.5,0.004166666666666667,3,1
small-world,400,38,55,278.0,313.0,277.0,277.0,382.0,382.0,280.0,199.5,0.004166666666666667,3,1
small-world,400,38,56,109.0,296.0,224.0,224.0,353.0,353.0,111.0,199.5,0.004166666666666667,3,1
small-world,400,38,57,109.0,278.0,202.0,202.0,326.0,326.0,147.0,199.5,0.004166666666666667,3,1
small-world,400,38,58,278.0,43.0,277.0,277.0,130.0,130.0,332.0,199.5,0.004166666666666667,3,1
small-world,400,38,59,278.0,299.0,277.0,277.0,355.0,355.0,288.0,199.5,0.004166666666666667,3,1
small-world,400,38,60,109.0,282.0,224.0,224.0,316.0,316.0,119.0,199.5,0.004166666666666667,3,1
small-world,400,38,61,109.0,259.0,202.0,202.0,268.0,268.0,162.0,199.5,0.004166666666666667,3,1
small-world,400,38,62,278.0,342.0,277.0,277.0,366.0,366.0,355.0,199.5,0.004166666666666667,3,1
small-world,400,38,63,14.0,332.0,162.0,162.0,303.0,303.0,30.0,199.5,0.004166666666666667,3,1
small-world,400,38,64,278.0,366.0,277.0,277.0,380.0,380.0,316.0,199.5,0.004166666666666667,3,1
small-world,400,38,65,278.0,309.0,277.0,277.0,356.0,356.0,290.0,199.5,0.004166666666666667,3,1
small-world,400,38,66,109.0,294.0,224.0,224.0,315.0,315.0,121.0,199.5,0.004166666666666667,3,1
small-world,400,38,67,278.0,236.0,277.0,277.0,338.0,338.0,339.0,199.5,0.004166666666666667,3,1
small-world,400,38,68,278.0,71.0,277.0,277.0,197.0,197.0,324.0,199.5,0.004166666666666667,3,1
small-world,400,38,69,109.0,51.0,224.0,224.0,118.0,118.0,150.0,199.5,0.004166666666666667,3,1
small-world,400,38,70,14.0,31.0,13.0,13.0,64.0,64.0,52.0,199.5,0.004166666666666667,3,1
small-world,400,38,71,109.0,24.0,14.0,14.0,72.0,72.0,225.0,199.5,0.004166666666666667,3,1
small-world,400,38,72,278.0,211.0,277.0,277.0,312.0,312.0,356.0,199.5,0.004166666666666667,3,1
small-world,400,38,73,109.0,110.0,41.0,41.0,106.0,106.0,230.0,199.5,0.004166666666666667,3,1
small-world,400,38,74,278.0,30.0,277.0,277.0,95.0,95.0,341.0,199.5,0.004166666666666667,3,1
small-world,400,38,75,109.0,14.0,224.0,224.0,31.0,31.0,173.0,199.5,0.004166666666666667,3,1
small-world,400,38,76,278.0,146.0,277.0,277.0,271.0,271.0,299.0,199.5,0.004166666666666667,3,1
small-world,400,38,77,109.0,116.0,224.0,224.0,196.0,196.0,130.0,199.5,0.004166666666666667,3,1
small-world,400,38,78,278.0,173.0,277.0,277.0,237.0,237.0,383.0,199.5,0.004166666666666667,3,1
small-world,400,38,79,278.0,258.0,277.0,277.0,362.0,362.0,293.0,199.5,0.004166666666666667,3,1
small-world,400,38,80,109.0,235.0,224.0,224.0,323.0,323.0,124.0,199.5,0.004166666666666667,3,1
small-world,400,38,81,14.0,209.0,174.0,174.0,262.0,262.0,22.0,199.5,0.004166666666666667,3,1
small-world,400,38,82,14.0,185.0,147.0,147.0,230.0,230.0,31.0,199.5,0.004166666666666667,3,1
small-world,400,38,83,109.0,215.0,224.0,224.0,281.0,281.0,116.0,199.5,0.004166666666666667,3,1
small-world,400,38,84,109.0,350.0,202.0,202.0,300.0,300.0,192.0,199.5,0.004166666666666667,3,1
small-world,400,38,85,14.0,340.0,73.0,73.0,220.0,220.0,76.0,199.5,0.004166666666666667,3,1
small-world,400,38,86,109.0,329.0,72.0,72.0,236.0,236.0,247.0,199.5,0.004166666666666667,3,1
small-world,400,38,87,109.0,316.0,71.0,71.0,223.0,223.0,237.0,199.5,0.004166666666666667,3,1
small-world,400,38,88,109.0,230.0,50.0,50.0,175.0,175.0,253.0,199.5,0.004166666666666667,3,1
small-world,400,38,89,278.0,343.0,277.0,277.0,372.0,372.0,315.0,199.5,0.004166666666666667,3,1
small-world,400,38,90,109.0,333.0,224.0,224.0,332.0,332.0,146.0,199.5,0.004166666666666667,3,1
small-world,400,38,91,109.0,157.0,224.0,224.0,216.0,216.0,129.0,199.5,0.004166666666666667,3,1
small-world,400,38,92,109.0,126.0,202.0,202.0,152.0,152.0,189.0,199.5,0.004166666666666667,3,1
small-world,400,38,93,14.0,98.0,83.0,83.0,84.0,84.0,73.0,199.5,0.004166666666666667,3,1
small-world,400,38,94,14.0,67.0,118.0,118.0,81.0,81.0,58.0,199.5,0.004166666666666667,3,1
small-world,400,38,95,278.0,135.0,277.0,277.0,155.0,155.0,386.0,199.5,0.004166666666666667,3,1
small-world,400,38,96,3.0,104.0,133.0,133.0,41.0,41.0,7.0,199.5,0.004166666666666667,3,1
small-world,400,38,97,1.0,82.0,74.0,74.0,15.0,15.0,1.0,199.5,0.004166666666666667,3,1
small-world,400,38,98,278.0,144.0,277.0,277.0,156.0,156.0,390.0,199.5,0.004166666666666667,3,1
small-world,400,38,99,14.0,114.0,30.0,30.0,67.0,67.0,71.0,199.5,0.004166666666666667,3,1
small-world,400,38,100,109.0,190.0,202.0,202.0,229.0,229.0,155.0,199.5,0.004166666666666667,3,1
small-world,400,38,101,278.0,400.0,277.0,277.0,400.0,400.0,278.0,199.5,0.004166666666666667,3,1
small-world,400,38,102,278.0,53.0,277.0,277.0,74.0,74.0,387.0,199.5,0.004166666666666667,3,1
small-world,400,38,103,14.0,149.0,44.0,44.0,110.0,110.0,54.0,199.5,0.004166666666666667,3,1
small-world,400,38,104,278.0,179.0,277.0,277.0,212.0,212.0,380.0,199.5,0.004166666666666667,3,1
small-world,400,38,105,278.0,279.0,277.0,277.0,350.0,350.0,351.0,199.5,0.004166666666666667,3,1
small-world,400,38,106,14.0,256.0,162.0,162.0,284.0,284.0,25.0,199.5,0.004166666666666667,3,1
small-world,400,38,107,109.0,233.0,149.0,149.0,266.0,266.0,195.0,199.5,0.004166666666666667,3,1
small-world,400,38,108,109.0,207.0,138.0,138.0,232.0,232.0,207.0,199.5,0.004166666666666667,3,1
small-world,400,38,109,14.0,184.0,119.0,119.0,171.0,171.0,48.0,199.5,0.004166666666666667,3,1
small-world,400,38,110,278.0,35.0,277.0,277.0,36.0,36.0,398.0,199.5,0.004166666666666667,3,1
small-world,400,38,111,278.0,374.0,277.0,277.0,370.0,370.0,350.0,199.5,0.004166666666666667,3,1
small-world,400,38,112,278.0,189.0,277.0,277.0,286.0,286.0,298.0,199.5,0.004166666666666667,3,1
small-world,400,38,113,278.0,117.0,277.0,277.0,218.0,218.0,354.0,199.5,0.004166666666666667,3,1
small-world,400,38,114,14.0,88.0,174.0,174.0,123.0,123.0,28.0,199.5,0.004166666666666667,3,1
small-world,400,38,115,109.0,399.0,224.0,224.0,399.0,399.0,110.0,199.5,0.004166666666666667,3,1
small-world,400,38,116,109.0,242.0,202.0,202.0,253.0,253.0,158.0,199.5,0.004166666666666667,3,1
small-world,400,38,117,109.0,218.0,179.0,179.0,199.0,199.0,203.0,199.5,0.004166666666666667,3,1
small-world,400,38,118,14.0,124.0,89.0,89.0,104.0,104.0,67.0,199.5,0.004166666666666667,3,1
small-world,400,38,119,278.0,158.0,277.0,277.0,276.0,276.0,329.0,199.5,0.004166666666666667,3,1
small-world,400,38,120,14.0,127.0,193.0,193.0,186.0,186.0,20.0,199.5,0.004166666666666667,3,1
small-world,400,38,121,14.0,99.0,146.0,146.0,128.0,128.0,38.0,199.5,0.004166666666666667,3,1
small-world,400,38,122,109.0,77.0,138.0,138.0,103.0,103.0,234.0,199.5,0.004166666666666667,3,1
small-world,400,38,123,109.0,354.0,224.0,224.0,385.0,385.0,109.0,199.5,0.004166666666666667,3,1
small-world,400,38,124,109.0,345.0,202.0,202.0,377.0,377.0,138.0,199.5,0.004166666666666667,3,1
small-world,400,38,125,109.0,335.0,179.0,179.0,363.0,363.0,160.0,199.5,0.004166666666666667,3,1
small-world,400,38,126,278.0,193.0,277.0,277.0,210.0,210.0,349.0,199.5,0.004166666666666667,3,1
small-world,400,38,127,109.0,162.0,224.0,224.0,119.0,119.0,182.0,199.5,0.004166666666666667,3,1
small-world,400,38,128,14.0,129.0,55.0,55.0,39.0,39.0,89.0,199.5,0.004166666666666667,3,1
small-world,400,38,129,109.0,373.0,224.0,224.0,361.0,361.0,126.0,199.5,0.004166666666666667,3,1
small-world,400,38,130,14.0,368.0,174.0,174.0,324.0,324.0,24.0,199.5,0.004166666666666667,3,1
small-world,400,38,131,278.0,388.0,277.0,277.0,391.0,391.0,307.0,199.5,0.004166666666666667,3,1
small-world,400,38,132,109.0,382.0,224.0,224.0,364.0,364.0,136.0,199.5,0.004166666666666667,3,1
small-world,400,38,133,3.0,377.0,158.0,158.0,311.0,311.0,3.0,199.5,0.004166666666666667,3,1
small-world,400,38,134,14.0,371.0,93.0,93.0,285.0,285.0,69.0,199.5,0.004166666666666667,3,1
small-world,400,38,135,109.0,365.0,90.0,90.0,302.0,302.0,249.0,199.5,0.004166666666666667,3,1
small-world,400,38,136,109.0,359.0,87.0,87.0,280.0,280.0,256.0,199.5,0.004166666666666667,3,1
small-world,400,38,137,14.0,349.0,78.0,78.0,231.0,231.0,87.0,199.5,0.004166666666666667,3,1
small-world,400,38,138,109.0,81.0,82.0,82.0,79.0,79.0,250.0,199.5,0.004166666666666667,3,1
small-world,400,38,139,109.0,381.0,138.0,138.0,354.0,354.0,208.0,199.5,0.004166666666666667,3,1
small-world,400,38,140,109.0,376.0,126.0,126.0,334.0,334.0,232.0,199.5,0.004166666666666667,3,1
small-world,400,38,141,278.0,321.0,277.0,277.0,330.0,330.0,373.0,199.5,0.004166666666666667,3,1
small-world,400,38,142,3.0,308.0,109.0,109.0,235.0,235.0,5.0,199.5,0.004166666666666667,3,1
small-world,400,38,143,109.0,292.0,104.0,104.0,251.0,251.0,219.0,199.5,0.004166666666666667,3,1
small-world,400,38,144,278.0,351.0,277.0,277.0,378.0,378.0,320.0,199.5,0.004166666666666667,3,1
small-world,400,38,145,14.0,341.0,193.0,193.0,339.0,339.0,16.0,199.5,0.004166666666666667,3,1
small-world,400,38,146,278.0,240.0,277.0,277.0,335.0,335.0,285.0,199.5,0.004166666666666667,3,1
small-world,400,38,147,109.0,362.0,96.0,96.0,337.0,337.0,205.0,199.5,0.004166666666666667,3,1
small-world,400,38,148,109.0,353.0,90.0,90.0,322.0,322.0,211.0,199.5,0.004166666666666667,3,1
small-world,400,38,149,109.0,344.0,87.0,87.0,297.0,297.0,228.0,199.5,0.004166666666666667,3,1
small-world,400,38,150,14.0,26.0,193.0,193.0,61.0,61.0,21.0,199.5,0.004166666666666667,3,1
small-world,400,38,151,109.0,12.0,179.0,179.0,23.0,23.0,218.0,199.5,0.004166666666666667,3,1
small-world,400,38,152,14.0,3.0,3.0,3.0,5.0,5.0,91.0,199.5,0.004166666666666667,3,1
small-world,400,38,153,109.0,2.0,6.0,6.0,4.0,4.0,276.0,199.5,0.004166666666666667,3,1
small-world,400,38,154,109.0,396.0,179.0,179.0,396.0,396.0,161.0,199.5,0.004166666666666667,3,1
small-world,400,38,155,109.0,394.0,170.0,170.0,392.0,392.0,180.0,199.5,0.004166666666666667,3,1
small-world,400,38,156,109.0,391.0,149.0,149.0,390.0,390.0,186.0,199.5,0.004166666666666667,3,1
small-world,400,38,157,109.0,287.0,57.0,57.0,187.0,187.0,264.0,199.5,0.004166666666666667,3,1
small-world,400,38,158,278.0,380.0,277.0,277.0,384.0,384.0,366.0,199.5,0.004166666666666667,3,1
small-world,400,38,159,278.0,187.0,277.0,277.0,267.0,267.0,336.0,199.5,0.004166666666666667,3,1
small-world,400,38,160,109.0,155.0,224.0,224.0,181.0,181.0,163.0,199.5,0.004166666666666667,3,1
small-world,400,38,161,109.0,49.0,69.0,69.0,24.0,24.0,258.0,199.5,0.004166666666666667,3,1
small-world,400,38,162,14.0,34.0,68.0,68.0,14.0,14.0,62.0,199.5,0.004166666666666667,3,1
small-world,400,38,163,109.0,62.0,79.0,79.0,48.0,48.0,252.0,199.5,0.004166666666666667,3,1
small-world,400,38,164,278.0,111.0,277.0,277.0,163.0,163.0,345.0,199.5,0.004166666666666667,3,1
small-world,400,38,165,278.0,286.0,277.0,277.0,351.0,351.0,287.0,199.5,0.004166666666666667,3,1
small-world,400,38,166,109.0,263.0,224.0,224.0,304.0,304.0,118.0,199.5,0.004166666666666667,3,1
small-world,400,38,167,278.0,224.0,277.0,277.0,111.0,111.0,400.0,199.5,0.004166666666666667,3,1
small-world,400,38,168,278.0,303.0,277.0,277.0,305.0,305.0,325.0,199.5,0.004166666666666667,3,1
small-world,400,38,169,109.0,285.0,224.0,224.0,227.0,227.0,151.0,199.5,0.004166666666666667,3,1
small-world,400,38,170,14.0,263.0,135.0,135.0,142.0,142.0,56.0,199.5,0.004166666666666667,3,1
small-world,400,38,171,109.0,244.0,126.0,126.0,96.0,96.0,266.0,199.5,0.004166666666666667,3,1
small-world,400,38,172,278.0,290.0,277.0,277.0,291.0,291.0,326.0,199.5,0.004166666666666667,3,1
small-world,400,38,173,278.0,317.0,277.0,277.0,345.0,345.0,312.0,199.5,0.004166666666666667,3,1
small-world,400,38,174,278.0,356.0,277.0,277.0,360.0,360.0,359.0,199.5,0.004166666666666667,3,1
small-world,400,38,175,278.0,68.0,277.0,277.0,167.0,167.0,310.0,199.5,0.004166666666666667,3,1
small-world,400,38,176,109.0,47.0,224.0,224.0,93.0,93.0,141.0,199.5,0.004166666666666667,3,1
small-world,400,38,177,14.0,28.0,159.0,159.0,32.0,32.0,44.0,199.5,0.004166666666666667,3,1
small-world,400,38,178,278.0,393.0,277.0,277.0,393.0,393.0,352.0,199.5,0.004166666666666667,3,1
small-world,400,38,179,278.0,131.0,277.0,277.0,252.0,252.0,304.0,199.5,0.004166666666666667,3,1
small-world,400,38,180,109.0,100.0,224.0,224.0,176.0,176.0,135.0,199.5,0.004166666666666667,3,1
small-world,400,38,181,278.0,68.0,277.0,277.0,167.0,167.0,310.0,199.5,0.004166666666666667,3,1
small-world,400,38,182,109.0,47.0,224.0,224.0,93.0,93.0,141.0,199.5,0.004166666666666667,3,1
small-world,400,38,183,278.0,188.0,277.0,277.0,318.0,318.0,289.0,199.5,0.004166666666666667,3,1
small-world,400,38,184,109.0,93.0,29.0,29.0,75.0,75.0,265.0,199.5,0.004166666666666667,3,1
small-world,400,38,185,278.0,29.0,277.0,277.0,70.0,70.0,396.0,199.5,0.004166666666666667,3,1
small-world,400,38,186,278.0,87.0,277.0,277.0,153.0,153.0,343.0,199.5,0.004166666666666667,3,1
small-world,400,38,187,109.0,65.0,224.0,224.0,78.0,78.0,174.0,199.5,0.004166666666666667,3,1
small-world,400,38,188,14.0,45.0,76.0,76.0,20.0,20.0,81.0,199.5,0.004166666666666667,3,1
small-world,400,38,189,14.0,32.0,54.0,54.0,10.0,10.0,102.0,199.5,0.004166666666666667,3,1
small-world,400,38,190,278.0,103.0,277.0,277.0,207.0,207.0,335.0,199.5,0.004166666666666667,3,1
small-world,400,38,191,109.0,80.0,224.0,224.0,121.0,121.0,164.0,199.5,0.004166666666666667,3,1
small-world,400,38,192,14.0,59.0,135.0,135.0,47.0,47.0,66.0,199.5,0.004166666666666667,3,1
small-world,400,38,193,109.0,156.0,224.0,224.0,254.0,254.0,120.0,199.5,0.004166666666666667,3,1
small-world,400,38,194,109.0,125.0,202.0,202.0,202.0,202.0,165.0,199.5,0.004166666666666667,3,1
small-world,400,38,195,278.0,232.0,277.0,277.0,256.0,256.0,342.0,199.5,0.004166666666666667,3,1
small-world,400,38,196,109.0,205.0,224.0,224.0,169.0,169.0,175.0,199.5,0.004166666666666667,3,1
small-world,400,38,197,14.0,181.0,76.0,76.0,90.0,90.0,80.0,199.5,0.004166666666666667,3,1
small-world,400,38,198,14.0,151.0,56.0,56.0,63.0,63.0,99.0,199.5,0.004166666666666667,3,1
small-world,400,38,199,109.0,170.0,104.0,104.0,102.0,102.0,261.0,199.5,0.004166666666666667,3,1
small-world,400,38,200,109.0,314.0,224.0,224.0,265.0,265.0,176.0,199.5,0.004166666666666667,3,1
small-world,400,38,201,278.0,154.0,277.0,277.0,203.0,203.0,378.0,199.5,0.004166666666666667,3,1
small-world,400,38,202,14.0,123.0,43.0,43.0,107.0,107.0,51.0,199.5,0.004166666666666667,3,1
small-world,400,38,203,278.0,372.0,277.0,277.0,389.0,389.0,286.0,199.5,0.004166666666666667,3,1
small-world,400,38,204,109.0,364.0,224.0,224.0,368.0,368.0,117.0,199.5,0.004166666666666667,3,1
small-world,400,38,205,109.0,355.0,202.0,202.0,342.0,342.0,157.0,199.5,0.004166666666666667,3,1
small-world,400,38,206,109.0,86.0,202.0,202.0,98.0,98.0,210.0,199.5,0.004166666666666667,3,1
small-world,400,38,207,278.0,366.0,277.0,277.0,380.0,380.0,316.0,199.5,0.004166666666666667,3,1
small-world,400,38,208,278.0,331.0,277.0,277.0,333.0,333.0,328.0,199.5,0.004166666666666667,3,1
small-world,400,38,209,109.0,319.0,224.0,224.0,269.0,269.0,153.0,199.5,0.004166666666666667,3,1
small-world,400,38,210,14.0,306.0,67.0,67.0,188.0,188.0,57.0,199.5,0.004166666666666667,3,1
small-world,400,38,211,278.0,175.0,277.0,277.0,154.0,154.0,395.0,199.5,0.004166666666666667,3,1
small-world,400,38,212,278.0,216.0,277.0,277.0,308.0,308.0,297.0,199.5,0.004166666666666667,3,1
small-world,400,38,213,278.0,70.0,277.0,277.0,138.0,138.0,381.0,199.5,0.004166666666666667,3,1
small-world,400,38,214,14.0,50.0,110.0,110.0,58.0,58.0,55.0,199.5,0.004166666666666667,3,1
small-world,400,38,215,109.0,90.0,40.0,40.0,88.0,88.0,240.0,199.5,0.004166666666666667,3,1
small-world,400,38,216,278.0,267.0,277.0,277.0,221.0,221.0,368.0,199.5,0.004166666666666667,3,1
small-world,400,38,217,14.0,199.0,193.0,193.0,242.0,242.0,17.0,199.5,0.004166666666666667,3,1
small-world,400,38,218,109.0,171.0,179.0,179.0,198.0,198.0,196.0,199.5,0.004166666666666667,3,1
small-world,400,38,219,109.0,105.0,179.0,179.0,80.0,80.0,236.0,199.5,0.004166666666666667,3,1
small-world,400,38,220,109.0,398.0,202.0,202.0,397.0,397.0,137.0,199.5,0.004166666666666667,3,1
small-world,400,38,221,278.0,358.0,277.0,277.0,367.0,367.0,353.0,199.5,0.004166666666666667,3,1
small-world,400,38,222,14.0,348.0,162.0,162.0,309.0,309.0,27.0,199.5,0.004166666666666667,3,1
small-world,400,38,223,14.0,4.0,4.0,4.0,7.0,7.0,78.0,199.5,0.004166666666666667,3,1
small-world,400,38,224,109.0,389.0,138.0,138.0,383.0,383.0,190.0,199.5,0.004166666666666667,3,1
small-world,400,38,225,109.0,385.0,126.0,126.0,373.0,373.0,199.0,199.5,0.004166666666666667,3,1
small-world,400,38,226,14.0,379.0,113.0,113.0,352.0,352.0,37.0,199.5,0.004166666666666667,3,1
small-world,400,38,227,14.0,375.0,103.0,103.0,343.0,343.0,40.0,199.5,0.004166666666666667,3,1
small-world,400,38,228,109.0,370.0,98.0,98.0,344.0,344.0,204.0,199.5,0.004166666666666667,3,1
small-world,400,38,229,14.0,357.0,193.0,193.0,341.0,341.0,15.0,199.5,0.004166666666666667,3,1
small-world,400,38,230,278.0,247.0,277.0,277.0,160.0,160.0,393.0,199.5,0.004166666666666667,3,1
small-world,400,38,231,278.0,330.0,277.0,277.0,357.0,357.0,283.0,199.5,0.004166666666666667,3,1
small-world,400,38,232,109.0,315.0,224.0,224.0,321.0,321.0,114.0,199.5,0.004166666666666667,3,1
small-world,400,38,233,109.0,301.0,202.0,202.0,270.0,270.0,152.0,199.5,0.004166666666666667,3,1
small-world,400,38,234,109.0,284.0,179.0,179.0,214.0,214.0,193.0,199.5,0.004166666666666667,3,1
small-world,400,38,235,109.0,38.0,23.0,23.0,76.0,76.0,215.0,199.5,0.004166666666666667,3,1
small-world,400,38,236,109.0,26.0,22.0,22.0,59.0,59.0,223.0,199.5,0.004166666666666667,3,1
small-world,400,38,237,109.0,23.0,21.0,21.0,29.0,29.0,245.0,199.5,0.004166666666666667,3,1
small-world,400,38,238,3.0,13.0,19.0,19.0,13.0,13.0,11.0,199.5,0.004166666666666667,3,1
small-world,400,38,239,109.0,10.0,20.0,20.0,12.0,12.0,274.0,199.5,0.004166666666666667,3,1
small-world,400,38,240,14.0,6.0,8.0,8.0,3.0,3.0,103.0,199.5,0.004166666666666667,3,1
small-world,400,38,241,14.0,1.0,1.0,1.0,1.0,1.0,108.0,199.5,0.004166666666666667,3,1
small-world,400,38,242,278.0,383.0,277.0,277.0,374.0,374.0,361.0,199.5,0.004166666666666667,3,1
small-world,400,38,243,14.0,78.0,174.0,174.0,100.0,100.0,32.0,199.5,0.004166666666666667,3,1
small-world,400,38,244,14.0,164.0,137.0,137.0,165.0,165.0,36.0,199.5,0.004166666666666667,3,1
small-world,400,38,245,109.0,132.0,126.0,126.0,141.0,141.0,224.0,199.5,0.004166666666666667,3,1
small-world,400,38,246,14.0,334.0,84.0,84.0,241.0,241.0,61.0,199.5,0.004166666666666667,3,1
small-world,400,38,247,14.0,324.0,75.0,75.0,191.0,191.0,94.0,199.5,0.004166666666666667,3,1
small-world,400,38,248,14.0,269.0,193.0,193.0,194.0,194.0,19.0,199.5,0.004166666666666667,3,1
small-world,400,38,249,278.0,143.0,277.0,277.0,244.0,244.0,309.0,199.5,0.004166666666666667,3,1
small-world,400,38,250,109.0,113.0,224.0,224.0,161.0,161.0,139.0,199.5,0.004166666666666667,3,1
small-world,400,38,251,278.0,119.0,277.0,277.0,201.0,201.0,337.0,199.5,0.004166666666666667,3,1
small-world,400,38,252,278.0,260.0,277.0,277.0,348.0,348.0,305.0,199.5,0.004166666666666667,3,1
small-world,400,38,253,109.0,231.0,111.0,111.0,206.0,206.0,216.0,199.5,0.004166666666666667,3,1
small-world,400,38,254,109.0,206.0,104.0,104.0,164.0,164.0,231.0,199.5,0.004166666666666667,3,1
small-world,400,38,255,109.0,182.0,98.0,98.0,117.0,117.0,254.0,199.5,0.004166666666666667,3,1
small-world,400,38,256,278.0,138.0,277.0,277.0,162.0,162.0,372.0,199.5,0.004166666666666667,3,1
small-world,400,38,257,278.0,173.0,277.0,277.0,237.0,237.0,383.0,199.5,0.004166666666666667,3,1
small-world,400,38,258,3.0,140.0,134.0,134.0,125.0,125.0,6.0,199.5,0.004166666666666667,3,1
small-world,400,38,259,109.0,272.0,98.0,98.0,233.0,233.0,227.0,199.5,0.004166666666666667,3,1
small-world,400,38,260,109.0,252.0,96.0,96.0,195.0,195.0,244.0,199.5,0.004166666666666667,3,1
small-world,400,38,261,109.0,122.0,126.0,126.0,177.0,177.0,217.0,199.5,0.004166666666666667,3,1
small-world,400,38,262,278.0,363.0,277.0,277.0,395.0,395.0,279.0,199.5,0.004166666666666667,3,1
small-world,400,38,263,278.0,249.0,277.0,277.0,295.0,295.0,322.0,199.5,0.004166666666666667,3,1
small-world,400,38,264,109.0,323.0,170.0,170.0,347.0,347.0,181.0,199.5,0.004166666666666667,3,1
small-world,400,38,265,109.0,33.0,104.0,104.0,34.0,34.0,246.0,199.5,0.004166666666666667,3,1
small-world,400,38,266,109.0,17.0,98.0,98.0,16.0,16.0,267.0,199.5,0.004166666666666667,3,1
small-world,400,38,267,278.0,212.0,277.0,277.0,299.0,299.0,331.0,199.5,0.004166666666666667,3,1
small-world,400,38,268,109.0,186.0,224.0,224.0,215.0,215.0,156.0,199.5,0.004166666666666667,3,1
small-world,400,38,269,109.0,56.0,90.0,90.0,60.0,60.0,273.0,199.5,0.004166666666666667,3,1
small-world,400,38,270,278.0,17.0,277.0,277.0,44.0,44.0,391.0,199.5,0.004166666666666667,3,1
small-world,400,38,271,109.0,304.0,224.0,224.0,287.0,287.0,143.0,199.5,0.004166666666666667,3,1
small-world,400,38,272,14.0,288.0,159.0,159.0,209.0,209.0,45.0,199.5,0.004166666666666667,3,1
small-world,400,38,273,14.0,265.0,52.0,52.0,158.0,158.0,86.0,199.5,0.004166666666666667,3,1
small-world,400,38,274,109.0,251.0,51.0,51.0,180.0,180.0,259.0,199.5,0.004166666666666667,3,1
small-world,400,38,275,109.0,204.0,79.0,79.0,127.0,127.0,263.0,199.5,0.004166666666666667,3,1
small-world,400,38,276,278.0,72.0,277.0,277.0,137.0,137.0,379.0,199.5,0.004166666666666667,3,1
small-world,400,38,277,1.0,201.0,34.0,34.0,17.0,17.0,2.0,199.5,0.004166666666666667,3,1
small-world,400,38,278,109.0,180.0,36.0,36.0,52.0,52.0,275.0,199.5,0.004166666666666667,3,1
small-world,400,38,279,109.0,166.0,35.0,35.0,69.0,69.0,271.0,199.5,0.004166666666666667,3,1
small-world,400,38,280,14.0,147.0,33.0,33.0,51.0,51.0,97.0,199.5,0.004166666666666667,3,1
small-world,400,38,281,14.0,121.0,31.0,31.0,54.0,54.0,90.0,199.5,0.004166666666666667,3,1
small-world,400,38,282,278.0,234.0,277.0,277.0,306.0,306.0,292.0,199.5,0.004166666666666667,3,1
small-world,400,38,283,109.0,207.0,224.0,224.0,243.0,243.0,122.0,199.5,0.004166666666666667,3,1
small-world,400,38,284,109.0,183.0,202.0,202.0,179.0,179.0,169.0,199.5,0.004166666666666667,3,1
small-world,400,38,285,278.0,169.0,277.0,277.0,234.0,234.0,314.0,199.5,0.004166666666666667,3,1
small-world,400,38,286,109.0,137.0,224.0,224.0,149.0,149.0,145.0,199.5,0.004166666666666667,3,1
small-world,400,38,287,14.0,105.0,174.0,174.0,71.0,71.0,46.0,199.5,0.004166666666666667,3,1
small-world,400,38,288,109.0,94.0,224.0,224.0,114.0,114.0,168.0,199.5,0.004166666666666667,3,1
small-world,400,38,289,14.0,74.0,37.0,37.0,46.0,46.0,72.0,199.5,0.004166666666666667,3,1
small-world,400,38,290,14.0,60.0,7.0,7.0,28.0,28.0,96.0,199.5,0.004166666666666667,3,1
small-world,400,38,291,278.0,242.0,277.0,277.0,275.0,275.0,371.0,199.5,0.004166666666666667,3,1
small-world,400,38,292,14.0,217.0,147.0,147.0,174.0,174.0,43.0,199.5,0.004166666666666667,3,1
small-world,400,38,293,278.0,225.0,277.0,277.0,273.0,273.0,347.0,199.5,0.004166666666666667,3,1
small-world,400,38,294,278.0,383.0,277.0,277.0,374.0,374.0,361.0,199.5,0.004166666666666667,3,1
small-world,400,38,295,109.0,96.0,121.0,121.0,136.0,136.0,238.0,199.5,0.004166666666666667,3,1
small-world,400,38,296,278.0,301.0,277.0,277.0,365.0,365.0,282.0,199.5,0.004166666666666667,3,1
small-world,400,38,297,109.0,283.0,224.0,224.0,327.0,327.0,113.0,199.5,0.004166666666666667,3,1
small-world,400,38,298,278.0,158.0,277.0,277.0,276.0,276.0,329.0,199.5,0.004166666666666667,3,1
small-world,400,38,299,109.0,395.0,224.0,224.0,394.0,394.0,112.0,199.5,0.004166666666666667,3,1
small-world,400,38,300,109.0,337.0,149.0,149.0,290.0,290.0,212.0,199.5,0.004166666666666667,3,1
small-world,400,38,301,109.0,325.0,138.0,138.0,248.0,248.0,248.0,199.5,0.004166666666666667,3,1
small-world,400,38,302,14.0,311.0,61.0,61.0,170.0,170.0,98.0,199.5,0.004166666666666667,3,1
small-world,400,38,303,14.0,300.0,58.0,58.0,173.0,173.0,83.0,199.5,0.004166666666666667,3,1
small-world,400,38,304,278.0,249.0,277.0,277.0,295.0,295.0,322.0,199.5,0.004166666666666667,3,1
small-world,400,38,305,14.0,227.0,193.0,193.0,204.0,204.0,18.0,199.5,0.004166666666666667,3,1
small-world,400,38,306,14.0,203.0,162.0,162.0,151.0,151.0,33.0,199.5,0.004166666666666667,3,1
small-world,400,38,307,109.0,178.0,149.0,149.0,109.0,109.0,243.0,199.5,0.004166666666666667,3,1
small-world,400,38,308,14.0,219.0,46.0,46.0,33.0,33.0,105.0,199.5,0.004166666666666667,3,1
small-world,400,38,309,278.0,197.0,277.0,277.0,283.0,283.0,294.0,199.5,0.004166666666666667,3,1
small-world,400,38,310,109.0,168.0,224.0,224.0,208.0,208.0,125.0,199.5,0.004166666666666667,3,1
small-world,400,38,311,109.0,136.0,202.0,202.0,146.0,146.0,179.0,199.5,0.004166666666666667,3,1
small-world,400,38,312,278.0,210.0,277.0,277.0,272.0,272.0,375.0,199.5,0.004166666666666667,3,1
small-world,400,38,313,278.0,196.0,277.0,277.0,279.0,279.0,296.0,199.5,0.004166666666666667,3,1
small-world,400,38,314,278.0,228.0,277.0,277.0,247.0,247.0,358.0,199.5,0.004166666666666667,3,1
small-world,400,38,315,278.0,317.0,277.0,277.0,345.0,345.0,312.0,199.5,0.004166666666666667,3,1
small-world,400,38,316,278.0,17.0,277.0,277.0,44.0,44.0,391.0,199.5,0.004166666666666667,3,1
small-world,400,38,317,3.0,5.0,5.0,5.0,9.0,9.0,8.0,199.5,0.004166666666666667,3,1
small-world,400,38,318,278.0,271.0,277.0,277.0,239.0,239.0,360.0,199.5,0.004166666666666667,3,1
small-world,400,38,319,14.0,247.0,162.0,162.0,132.0,132.0,35.0,199.5,0.004166666666666667,3,1
small-world,400,38,320,109.0,223.0,149.0,149.0,85.0,85.0,255.0,199.5,0.004166666666666667,3,1
small-world,400,38,321,278.0,148.0,277.0,277.0,255.0,255.0,303.0,199.5,0.004166666666666667,3,1
small-world,400,38,322,109.0,118.0,224.0,224.0,183.0,183.0,134.0,199.5,0.004166666666666667,3,1
small-world,400,38,323,109.0,92.0,202.0,202.0,120.0,120.0,194.0,199.5,0.004166666666666667,3,1
small-world,400,38,324,278.0,307.0,277.0,277.0,325.0,325.0,291.0,199.5,0.004166666666666667,3,1
small-world,400,38,325,109.0,289.0,224.0,224.0,257.0,257.0,123.0,199.5,0.004166666666666667,3,1
small-world,400,38,326,109.0,266.0,202.0,202.0,189.0,189.0,170.0,199.5,0.004166666666666667,3,1
small-world,400,38,327,14.0,253.0,162.0,162.0,190.0,190.0,41.0,199.5,0.004166666666666667,3,1
small-world,400,38,328,14.0,229.0,81.0,81.0,139.0,139.0,77.0,199.5,0.004166666666666667,3,1
small-world,400,38,329,278.0,36.0,277.0,277.0,40.0,40.0,394.0,199.5,0.004166666666666667,3,1
small-world,400,38,330,14.0,21.0,62.0,62.0,8.0,8.0,75.0,199.5,0.004166666666666667,3,1
small-world,400,38,331,109.0,152.0,138.0,138.0,211.0,211.0,202.0,199.5,0.004166666666666667,3,1
small-world,400,38,332,278.0,79.0,277.0,277.0,144.0,144.0,389.0,199.5,0.004166666666666667,3,1
small-world,400,38,333,14.0,58.0,119.0,119.0,53.0,53.0,68.0,199.5,0.004166666666666667,3,1
small-world,400,38,334,3.0,41.0,65.0,65.0,18.0,18.0,13.0,199.5,0.004166666666666667,3,1
small-world,400,38,335,109.0,25.0,63.0,63.0,27.0,27.0,272.0,199.5,0.004166666666666667,3,1
small-world,400,38,336,109.0,15.0,59.0,59.0,21.0,21.0,269.0,199.5,0.004166666666666667,3,1
small-world,400,38,337,278.0,281.0,277.0,277.0,219.0,219.0,388.0,199.5,0.004166666666666667,3,1
small-world,400,38,338,14.0,257.0,113.0,113.0,108.0,108.0,64.0,199.5,0.004166666666666667,3,1
small-world,400,38,339,278.0,346.0,277.0,277.0,329.0,329.0,385.0,199.5,0.004166666666666667,3,1
small-world,400,38,340,278.0,328.0,277.0,277.0,336.0,336.0,344.0,199.5,0.004166666666666667,3,1
small-world,400,38,341,109.0,241.0,179.0,179.0,245.0,245.0,185.0,199.5,0.004166666666666667,3,1
small-world,400,38,342,278.0,277.0,277.0,277.0,317.0,317.0,365.0,199.5,0.004166666666666667,3,1
small-world,400,38,343,14.0,254.0,113.0,113.0,228.0,228.0,39.0,199.5,0.004166666666666667,3,1
small-world,400,38,344,109.0,293.0,66.0,66.0,185.0,185.0,235.0,199.5,0.004166666666666667,3,1
small-world,400,38,345,109.0,275.0,63.0,63.0,159.0,159.0,241.0,199.5,0.004166666666666667,3,1
small-world,400,38,346,278.0,260.0,277.0,277.0,348.0,348.0,305.0,199.5,0.004166666666666667,3,1
small-world,400,38,347,14.0,239.0,193.0,193.0,294.0,294.0,14.0,199.5,0.004166666666666667,3,1
small-world,400,38,348,109.0,214.0,179.0,179.0,263.0,263.0,166.0,199.5,0.004166666666666667,3,1
small-world,400,38,349,109.0,191.0,170.0,170.0,226.0,226.0,188.0,199.5,0.004166666666666667,3,1
small-world,400,38,350,14.0,320.0,124.0,124.0,264.0,264.0,47.0,199.5,0.004166666666666667,3,1
small-world,400,38,351,278.0,101.0,277.0,277.0,193.0,193.0,357.0,199.5,0.004166666666666667,3,1
small-world,400,38,352,278.0,194.0,277.0,277.0,261.0,261.0,363.0,199.5,0.004166666666666667,3,1
small-world,400,38,353,14.0,238.0,49.0,49.0,66.0,66.0,101.0,199.5,0.004166666666666667,3,1
small-world,400,38,354,278.0,200.0,277.0,277.0,225.0,225.0,340.0,199.5,0.004166666666666667,3,1
small-world,400,38,355,109.0,172.0,224.0,224.0,133.0,133.0,172.0,199.5,0.004166666666666667,3,1
small-world,400,38,356,3.0,141.0,85.0,85.0,42.0,42.0,10.0,199.5,0.004166666666666667,3,1
small-world,400,38,357,3.0,112.0,39.0,39.0,25.0,25.0,12.0,199.5,0.004166666666666667,3,1
small-world,400,38,358,109.0,91.0,41.0,41.0,38.0,38.0,270.0,199.5,0.004166666666666667,3,1
small-world,400,38,359,278.0,66.0,277.0,277.0,92.0,92.0,397.0,199.5,0.004166666666666667,3,1
small-world,400,38,360,109.0,255.0,59.0,59.0,116.0,116.0,262.0,199.5,0.004166666666666667,3,1
small-world,400,38,361,278.0,220.0,277.0,277.0,319.0,319.0,318.0,199.5,0.004166666666666667,3,1
small-world,400,38,362,278.0,397.0,277.0,277.0,398.0,398.0,281.0,199.5,0.004166666666666667,3,1
small-world,400,38,363,278.0,338.0,277.0,277.0,358.0,358.0,300.0,199.5,0.004166666666666667,3,1
small-world,400,38,364,109.0,326.0,224.0,224.0,313.0,313.0,131.0,199.5,0.004166666666666667,3,1
small-world,400,38,365,278.0,160.0,277.0,277.0,282.0,282.0,308.0,199.5,0.004166666666666667,3,1
small-world,400,38,366,109.0,128.0,224.0,224.0,205.0,205.0,140.0,199.5,0.004166666666666667,3,1
small-world,400,38,367,278.0,290.0,277.0,277.0,291.0,291.0,326.0,199.5,0.004166666666666667,3,1
small-world,400,38,368,109.0,304.0,224.0,224.0,287.0,287.0,143.0,199.5,0.004166666666666667,3,1
small-world,400,38,369,109.0,150.0,179.0,179.0,115.0,115.0,221.0,199.5,0.004166666666666667,3,1
small-world,400,38,370,278.0,321.0,277.0,277.0,330.0,330.0,373.0,199.5,0.004166666666666667,3,1
small-world,400,38,371,14.0,46.0,86.0,86.0,19.0,19.0,88.0,199.5,0.004166666666666667,3,1
small-world,400,38,372,14.0,64.0,95.0,95.0,35.0,35.0,100.0,199.5,0.004166666666666667,3,1
small-world,400,38,373,14.0,84.0,117.0,117.0,77.0,77.0,107.0,199.5,0.004166666666666667,3,1
small-world,400,38,374,109.0,109.0,277.0,277.0,135.0,135.0,277.0,199.5,0.004166666666666667,3,1
small-world,400,38,375,14.0,108.0,126.0,126.0,105.0,105.0,104.0,199.5,0.004166666666666667,3,1
small-world,400,38,376,278.0,225.0,277.0,277.0,273.0,273.0,347.0,199.5,0.004166666666666667,3,1
small-world,400,38,377,14.0,202.0,193.0,193.0,178.0,178.0,23.0,199.5,0.004166666666666667,3,1
small-world,400,38,378,14.0,347.0,162.0,162.0,301.0,301.0,34.0,199.5,0.004166666666666667,3,1
small-world,400,38,379,109.0,336.0,149.0,149.0,259.0,259.0,239.0,199.5,0.004166666666666667,3,1
small-world,400,38,380,109.0,237.0,179.0,179.0,213.0,213.0,209.0,199.5,0.004166666666666667,3,1
small-world,400,38,381,14.0,212.0,48.0,48.0,145.0,145.0,74.0,199.5,0.004166666666666667,3,1
small-world,400,38,382,109.0,360.0,170.0,170.0,298.0,298.0,226.0,199.5,0.004166666666666667,3,1
small-world,400,38,383,109.0,262.0,202.0,202.0,289.0,289.0,149.0,199.5,0.004166666666666667,3,1
small-world,400,38,384,109.0,198.0,47.0,47.0,150.0,150.0,257.0,199.5,0.004166666666666667,3,1
small-world,400,38,385,14.0,177.0,45.0,45.0,113.0,113.0,65.0,199.5,0.004166666666666667,3,1
small-world,400,38,386,278.0,386.0,277.0,277.0,388.0,388.0,364.0,199.5,0.004166666666666667,3,1
small-world,400,38,387,278.0,274.0,277.0,277.0,293.0,293.0,367.0,199.5,0.004166666666666667,3,1
small-world,400,38,388,14.0,8.0,32.0,32.0,2.0,2.0,106.0,199.5,0.004166666666666667,3,1
small-world,400,38,389,109.0,192.0,224.0,224.0,240.0,240.0,128.0,199.5,0.004166666666666667,3,1
small-world,400,38,390,109.0,162.0,202.0,202.0,172.0,172.0,184.0,199.5,0.004166666666666667,3,1
small-world,400,38,391,278.0,43.0,277.0,277.0,130.0,130.0,332.0,199.5,0.004166666666666667,3,1
small-world,400,38,392,109.0,16.0,12.0,12.0,56.0,56.0,220.0,199.5,0.004166666666666667,3,1
small-world,400,38,393,109.0,11.0,10.0,10.0,37.0,37.0,233.0,199.5,0.004166666666666667,3,1
small-world,400,38,394,109.0,9.0,9.0,9.0,26.0,26.0,251.0,199.5,0.004166666666666667,3,1
small-world,400,38,395,14.0,7.0,2.0,2.0,11.0,11.0,93.0,199.5,0.004166666666666667,3,1
small-world,400,38,396,14.0,153.0,102.0,102.0,129.0,129.0,60.0,199.5,0.004166666666666667,3,1
small-world,400,38,397,109.0,97.0,179.0,179.0,148.0,148.0,213.0,199.5,0.004166666666666667,3,1
small-world,400,38,398,14.0,76.0,94.0,94.0,82.0,82.0,82.0,199.5,0.004166666666666667,3,1
small-world,400,38,399,278.0,176.0,277.0,277.0,310.0,310.0,284.0,199.5,0.004166666666666667,3,1
