small-world,400,3,0,288.0,118.0,288.0,288.0,186.0,186.0,344.0,199.5,0.0,2,1
small-world,400,3,1,288.0,392.0,288.0,288.0,396.0,396.0,293.0,199.5,0.0,2,1
small-world,400,3,2,288.0,227.0,288.0,288.0,213.0,213.0,398.0,199.5,0.0,2,1
small-world,400,3,3,96.0,66.0,201.0,201.0,130.0,130.0,150.0,199.5,0.0,2,1
small-world,400,3,4,288.0,146.0,288.0,288.0,142.0,142.0,391.0,199.5,0.0,2,1
small-world,400,3,5,18.0,122.0,58.0,58.0,62.0,62.0,70.0,199.5,0.0,2,1
small-world,400,3,6,288.0,326.0,288.0,288.0,338.0,338.0,370.0,199.5,0.0,2,1
small-world,400,3,7,18.0,300.0,115.0,115.0,256.0,256.0,43.0,199.5,0.0,2,1
small-world,400,3,8,18.0,279.0,97.0,97.0,239.0,239.0,49.0,199.5,0.0,2,1
small-world,400,3,9,96.0,256.0,95.0,95.0,245.0,245.0,220.0,199.5,0.0,2,1
small-world,400,3,10,96.0,231.0,94.0,94.0,231.0,231.0,212.0,199.5,0.0,2,1
small-world,400,3,11,96.0,209.0,91.0,91.0,209.0,209.0,213.0,199.5,0.0,2,1
small-world,400,3,12,96.0,184.0,88.0,88.0,182.0,182.0,227.0,199.5,0.0,2,1
small-world,400,3,13,96.0,163.0,85.0,85.0,139.0,139.0,255.0,199.5,0.0,2,1
small-world,400,3,14,18.0,142.0,27.0,27.0,96.0,96.0,80.0,199.5,0.0,2,1
small-world,400,3,15,96.0,123.0,30.0,30.0,111.0,111.0,258.0,199.5,0.0,2,1
small-world,400,3,16,96.0,108.0,29.0,29.0,108.0,108.0,234.0,199.5,0.0,2,1
small-world,400,3,17,96.0,87.0,26.0,26.0,100.0,100.0,225.0,199.5,0.0,2,1
small-world,400,3,18,288.0,339.0,288.0,288.0,361.0,361.0,325.0,199.5,0.0,2,1
small-world,400,3,19,96.0,313.0,234.0,234.0,305.0,305.0,132.0,199.5,0.0,2,1
small-world,400,3,20,288.0,263.0,288.0,288.0,311.0,311.0,333.0,199.5,0.0,2,1
small-world,400,3,21,18.0,239.0,195.0,195.0,246.0,246.0,20.0,199.5,0.0,2,1
small-world,400,3,22,96.0,119.0,65.0,65.0,145.0,145.0,237.0,199.5,0.0,2,1
small-world,400,3,23,96.0,96.0,63.0,63.0,133.0,133.0,222.0,199.5,0.0,2,1
small-world,400,3,24,96.0,74.0,62.0,62.0,114.0,114.0,214.0,199.5,0.0,2,1
small-world,400,3,25,18.0,49.0,60.0,60.0,74.0,74.0,39.0,199.5,0.0,2,1
small-world,400,3,26,18.0,34.0,55.0,55.0,57.0,57.0,46.0,199.5,0.0,2,1
small-world,400,3,27,18.0,374.0,155.0,155.0,346.0,346.0,26.0,199.5,0.0,2,1
small-world,400,3,28,288.0,237.0,288.0,288.0,272.0,272.0,345.0,199.5,0.0,2,1
small-world,400,3,29,96.0,213.0,234.0,234.0,202.0,202.0,159.0,199.5,0.0,2,1
small-world,400,3,30,18.0,188.0,82.0,82.0,125.0,125.0,66.0,199.5,0.0,2,1
small-world,400,3,31,96.0,320.0,201.0,201.0,293.0,293.0,179.0,199.5,0.0,2,1
small-world,400,3,32,96.0,338.0,201.0,201.0,354.0,354.0,141.0,199.5,0.0,2,1
small-world,400,3,33,96.0,315.0,182.0,182.0,331.0,331.0,173.0,199.5,0.0,2,1
small-world,400,3,34,288.0,368.0,288.0,288.0,373.0,373.0,302.0,199.5,0.0,2,1
small-world,400,3,35,96.0,354.0,234.0,234.0,336.0,336.0,110.0,199.5,0.0,2,1
small-world,400,3,36,96.0,333.0,201.0,201.0,284.0,284.0,163.0,199.5,0.0,2,1
small-world,400,3,37,18.0,307.0,165.0,165.0,225.0,225.0,41.0,199.5,0.0,2,1
small-world,400,3,38,2.0,281.0,87.0,87.0,167.0,167.0,11.0,199.5,0.0,2,1
small-world,400,3,39,96.0,258.0,85.0,85.0,190.0,190.0,270.0,199.5,0.0,2,1
small-world,400,3,40,96.0,233.0,84.0,84.0,177.0,177.0,260.0,199.5,0.0,2,1
small-world,400,3,41,18.0,211.0,75.0,75.0,135.0,135.0,69.0,199.5,0.0,2,1
small-world,400,3,42,96.0,190.0,71.0,71.0,126.0,126.0,271.0,199.5,0.0,2,1
small-world,400,3,43,2.0,265.0,121.0,121.0,192.0,192.0,5.0,199.5,0.0,2,1
small-world,400,3,44,96.0,43.0,19.0,19.0,32.0,32.0,275.0,199.5,0.0,2,1
small-world,400,3,45,18.0,35.0,18.0,18.0,35.0,35.0,57.0,199.5,0.0,2,1
small-world,400,3,46,96.0,26.0,17.0,17.0,43.0,43.0,245.0,199.5,0.0,2,1
small-world,400,3,47,96.0,18.0,16.0,16.0,36.0,36.0,256.0,199.5,0.0,2,1
small-world,400,3,48,96.0,156.0,234.0,234.0,148.0,148.0,128.0,199.5,0.0,2,1
small-world,400,3,49,96.0,129.0,201.0,201.0,88.0,88.0,200.0,199.5,0.0,2,1
small-world,400,3,50,288.0,115.0,288.0,288.0,206.0,206.0,316.0,199.5,0.0,2,1
small-world,400,3,51,96.0,88.0,234.0,234.0,137.0,137.0,124.0,199.5,0.0,2,1
small-world,400,3,52,96.0,61.0,201.0,201.0,83.0,83.0,187.0,199.5,0.0,2,1
small-world,400,3,53,96.0,292.0,234.0,234.0,296.0,296.0,117.0,199.5,0.0,2,1
small-world,400,3,54,288.0,268.0,288.0,288.0,279.0,279.0,362.0,199.5,0.0,2,1
small-world,400,3,55,2.0,246.0,142.0,142.0,189.0,189.0,2.0,199.5,0.0,2,1
small-world,400,3,56,288.0,319.0,288.0,288.0,351.0,351.0,309.0,199.5,0.0,2,1
small-world,400,3,57,288.0,119.0,288.0,288.0,241.0,241.0,295.0,199.5,0.0,2,1
small-world,400,3,58,96.0,95.0,234.0,234.0,185.0,185.0,103.0,199.5,0.0,2,1
small-world,400,3,59,288.0,398.0,288.0,288.0,398.0,398.0,320.0,199.5,0.0,2,1
small-world,400,3,60,18.0,395.0,195.0,195.0,381.0,381.0,18.0,199.5,0.0,2,1
small-world,400,3,61,96.0,386.0,182.0,182.0,370.0,370.0,158.0,199.5,0.0,2,1
small-world,400,3,62,288.0,33.0,288.0,288.0,66.0,66.0,389.0,199.5,0.0,2,1
small-world,400,3,63,96.0,366.0,234.0,234.0,337.0,337.0,140.0,199.5,0.0,2,1
small-world,400,3,64,288.0,72.0,288.0,288.0,161.0,161.0,327.0,199.5,0.0,2,1
small-world,400,3,65,288.0,240.0,288.0,288.0,294.0,294.0,331.0,199.5,0.0,2,1
small-world,400,3,66,288.0,297.0,288.0,288.0,329.0,329.0,335.0,199.5,0.0,2,1
small-world,400,3,67,96.0,275.0,234.0,234.0,263.0,263.0,142.0,199.5,0.0,2,1
small-world,400,3,68,18.0,250.0,153.0,153.0,194.0,194.0,40.0,199.5,0.0,2,1
small-world,400,3,69,96.0,69.0,234.0,234.0,90.0,90.0,137.0,199.5,0.0,2,1
small-world,400,3,70,288.0,350.0,288.0,288.0,349.0,349.0,365.0,199.5,0.0,2,1
small-world,400,3,71,288.0,341.0,288.0,288.0,364.0,364.0,310.0,199.5,0.0,2,1
small-world,400,3,72,96.0,316.0,234.0,234.0,317.0,317.0,120.0,199.5,0.0,2,1
small-world,400,3,73,288.0,238.0,288.0,288.0,342.0,342.0,297.0,199.5,0.0,2,1
small-world,400,3,74,96.0,214.0,234.0,234.0,287.0,287.0,105.0,199.5,0.0,2,1
small-world,400,3,75,96.0,189.0,201.0,201.0,249.0,249.0,153.0,199.5,0.0,2,1
small-world,400,3,76,96.0,164.0,182.0,182.0,203.0,203.0,202.0,199.5,0.0,2,1
small-world,400,3,77,288.0,396.0,288.0,288.0,397.0,397.0,298.0,199.5,0.0,2,1
small-world,400,3,78,96.0,388.0,234.0,234.0,385.0,385.0,106.0,199.5,0.0,2,1
small-world,400,3,79,96.0,375.0,201.0,201.0,363.0,363.0,154.0,199.5,0.0,2,1
small-world,400,3,80,96.0,159.0,39.0,39.0,115.0,115.0,282.0,199.5,0.0,2,1
small-world,400,3,81,96.0,308.0,201.0,201.0,248.0,248.0,198.0,199.5,0.0,2,1
small-world,400,3,82,96.0,148.0,234.0,234.0,138.0,138.0,149.0,199.5,0.0,2,1
small-world,400,3,83,2.0,124.0,141.0,141.0,67.0,67.0,4.0,199.5,0.0,2,1
small-world,400,3,84,18.0,100.0,37.0,37.0,39.0,39.0,83.0,199.5,0.0,2,1
small-world,400,3,85,288.0,369.0,288.0,288.0,393.0,393.0,292.0,199.5,0.0,2,1
small-world,400,3,86,96.0,357.0,234.0,234.0,377.0,377.0,100.0,199.5,0.0,2,1
small-world,400,3,87,96.0,296.0,234.0,234.0,304.0,304.0,109.0,199.5,0.0,2,1
small-world,400,3,88,96.0,274.0,201.0,201.0,258.0,258.0,162.0,199.5,0.0,2,1
small-world,400,3,89,288.0,137.0,288.0,288.0,212.0,212.0,357.0,199.5,0.0,2,1
small-world,400,3,90,288.0,75.0,288.0,288.0,150.0,150.0,367.0,199.5,0.0,2,1
small-world,400,3,91,96.0,327.0,135.0,135.0,264.0,264.0,231.0,199.5,0.0,2,1
small-world,400,3,92,96.0,79.0,234.0,234.0,140.0,140.0,115.0,199.5,0.0,2,1
small-world,400,3,93,96.0,54.0,201.0,201.0,91.0,91.0,172.0,199.5,0.0,2,1
small-world,400,3,94,18.0,36.0,165.0,165.0,45.0,45.0,51.0,199.5,0.0,2,1
small-world,400,3,95,288.0,291.0,288.0,288.0,328.0,328.0,378.0,199.5,0.0,2,1
small-world,400,3,96,2.0,266.0,121.0,121.0,240.0,240.0,3.0,199.5,0.0,2,1
small-world,400,3,97,96.0,245.0,117.0,117.0,251.0,251.0,224.0,199.5,0.0,2,1
small-world,400,3,98,96.0,219.0,108.0,108.0,235.0,235.0,216.0,199.5,0.0,2,1
small-world,400,3,99,288.0,198.0,288.0,288.0,262.0,262.0,311.0,199.5,0.0,2,1
small-world,400,3,100,96.0,170.0,234.0,234.0,199.0,199.0,119.0,199.5,0.0,2,1
small-world,400,3,101,96.0,276.0,117.0,117.0,261.0,261.0,218.0,199.5,0.0,2,1
small-world,400,3,102,288.0,371.0,288.0,288.0,378.0,378.0,354.0,199.5,0.0,2,1
small-world,400,3,103,18.0,358.0,165.0,165.0,325.0,325.0,25.0,199.5,0.0,2,1
small-world,400,3,104,96.0,343.0,157.0,157.0,313.0,313.0,197.0,199.5,0.0,2,1
small-world,400,3,105,96.0,318.0,146.0,146.0,283.0,283.0,217.0,199.5,0.0,2,1
small-world,400,3,106,18.0,294.0,113.0,113.0,243.0,243.0,59.0,199.5,0.0,2,1
small-world,400,3,107,96.0,270.0,108.0,108.0,236.0,236.0,239.0,199.5,0.0,2,1
small-world,400,3,108,96.0,247.0,105.0,105.0,214.0,214.0,240.0,199.5,0.0,2,1
small-world,400,3,109,96.0,223.0,99.0,99.0,170.0,170.0,265.0,199.5,0.0,2,1
small-world,400,3,110,288.0,92.0,288.0,288.0,65.0,65.0,400.0,199.5,0.0,2,1
small-world,400,3,111,1.0,63.0,31.0,31.0,5.0,5.0,1.0,199.5,0.0,2,1
small-world,400,3,112,96.0,253.0,108.0,108.0,224.0,224.0,248.0,199.5,0.0,2,1
small-world,400,3,113,18.0,228.0,78.0,78.0,175.0,175.0,75.0,199.5,0.0,2,1
small-world,400,3,114,288.0,111.0,288.0,288.0,109.0,109.0,385.0,199.5,0.0,2,1
small-world,400,3,115,288.0,53.0,288.0,288.0,103.0,103.0,381.0,199.5,0.0,2,1
small-world,400,3,116,96.0,193.0,182.0,182.0,146.0,146.0,207.0,199.5,0.0,2,1
small-world,400,3,117,2.0,203.0,74.0,74.0,106.0,106.0,14.0,199.5,0.0,2,1
small-world,400,3,118,288.0,331.0,288.0,288.0,366.0,366.0,337.0,199.5,0.0,2,1
small-world,400,3,119,96.0,304.0,234.0,234.0,319.0,319.0,146.0,199.5,0.0,2,1
small-world,400,3,120,288.0,289.0,288.0,288.0,290.0,290.0,383.0,199.5,0.0,2,1
small-world,400,3,121,288.0,389.0,288.0,288.0,389.0,389.0,323.0,199.5,0.0,2,1
small-world,400,3,122,96.0,376.0,234.0,234.0,365.0,365.0,129.0,199.5,0.0,2,1
small-world,400,3,123,96.0,215.0,182.0,182.0,208.0,208.0,185.0,199.5,0.0,2,1
small-world,400,3,124,96.0,191.0,171.0,171.0,156.0,156.0,230.0,199.5,0.0,2,1
small-world,400,3,125,288.0,199.0,288.0,288.0,247.0,247.0,318.0,199.5,0.0,2,1
small-world,400,3,126,96.0,172.0,234.0,234.0,178.0,178.0,126.0,199.5,0.0,2,1
small-world,400,3,127,96.0,150.0,201.0,201.0,118.0,118.0,194.0,199.5,0.0,2,1
small-world,400,3,128,96.0,354.0,157.0,157.0,333.0,333.0,188.0,199.5,0.0,2,1
small-world,400,3,129,96.0,336.0,146.0,146.0,301.0,301.0,199.0,199.5,0.0,2,1
small-world,400,3,130,18.0,309.0,128.0,128.0,259.0,259.0,34.0,199.5,0.0,2,1
small-world,400,3,131,288.0,381.0,288.0,288.0,379.0,379.0,330.0,199.5,0.0,2,1
small-world,400,3,132,96.0,197.0,105.0,105.0,216.0,216.0,223.0,199.5,0.0,2,1
small-world,400,3,133,96.0,173.0,99.0,99.0,176.0,176.0,244.0,199.5,0.0,2,1
small-world,400,3,134,96.0,81.0,35.0,35.0,28.0,28.0,284.0,199.5,0.0,2,1
small-world,400,3,135,288.0,56.0,288.0,288.0,63.0,63.0,396.0,199.5,0.0,2,1
small-world,400,3,136,18.0,37.0,32.0,32.0,10.0,10.0,79.0,199.5,0.0,2,1
small-world,400,3,137,18.0,43.0,23.0,23.0,7.0,7.0,94.0,199.5,0.0,2,1
small-world,400,3,138,18.0,64.0,107.0,107.0,24.0,24.0,68.0,199.5,0.0,2,1
small-world,400,3,139,18.0,80.0,112.0,112.0,40.0,40.0,61.0,199.5,0.0,2,1
small-world,400,3,140,18.0,102.0,126.0,126.0,55.0,55.0,60.0,199.5,0.0,2,1
small-world,400,3,141,288.0,107.0,288.0,288.0,98.0,98.0,397.0,199.5,0.0,2,1
small-world,400,3,142,288.0,139.0,288.0,288.0,165.0,165.0,346.0,199.5,0.0,2,1
small-world,400,3,143,96.0,121.0,50.0,50.0,70.0,70.0,281.0,199.5,0.0,2,1
small-world,400,3,144,288.0,185.0,288.0,288.0,254.0,254.0,379.0,199.5,0.0,2,1
small-world,400,3,145,288.0,236.0,288.0,288.0,322.0,322.0,291.0,199.5,0.0,2,1
small-world,400,3,146,96.0,212.0,234.0,234.0,269.0,269.0,99.0,199.5,0.0,2,1
small-world,400,3,147,96.0,187.0,201.0,201.0,226.0,226.0,139.0,199.5,0.0,2,1
small-world,400,3,148,288.0,194.0,288.0,288.0,181.0,181.0,394.0,199.5,0.0,2,1
small-world,400,3,149,2.0,168.0,57.0,57.0,79.0,79.0,9.0,199.5,0.0,2,1
small-world,400,3,150,96.0,145.0,56.0,56.0,78.0,78.0,277.0,199.5,0.0,2,1
small-world,400,3,151,18.0,125.0,45.0,45.0,52.0,52.0,77.0,199.5,0.0,2,1
small-world,400,3,152,2.0,103.0,36.0,36.0,29.0,29.0,13.0,199.5,0.0,2,1
small-world,400,3,153,288.0,85.0,288.0,288.0,152.0,152.0,349.0,199.5,0.0,2,1
small-world,400,3,154,96.0,59.0,234.0,234.0,86.0,86.0,171.0,199.5,0.0,2,1
small-world,400,3,155,18.0,39.0,20.0,20.0,34.0,34.0,73.0,199.5,0.0,2,1
small-world,400,3,156,18.0,28.0,9.0,9.0,20.0,20.0,95.0,199.5,0.0,2,1
small-world,400,3,157,96.0,391.0,201.0,201.0,386.0,386.0,131.0,199.5,0.0,2,1
small-world,400,3,158,18.0,325.0,142.0,142.0,300.0,300.0,44.0,199.5,0.0,2,1
small-world,400,3,159,96.0,299.0,135.0,135.0,289.0,289.0,229.0,199.5,0.0,2,1
small-world,400,3,160,18.0,278.0,114.0,114.0,257.0,257.0,53.0,199.5,0.0,2,1
small-world,400,3,161,18.0,255.0,103.0,103.0,242.0,242.0,47.0,199.5,0.0,2,1
small-world,400,3,162,96.0,229.0,99.0,99.0,237.0,237.0,233.0,199.5,0.0,2,1
small-world,400,3,163,288.0,285.0,288.0,288.0,321.0,321.0,317.0,199.5,0.0,2,1
small-world,400,3,164,96.0,262.0,234.0,234.0,260.0,260.0,125.0,199.5,0.0,2,1
small-world,400,3,165,96.0,235.0,201.0,201.0,204.0,204.0,189.0,199.5,0.0,2,1
small-world,400,3,166,288.0,73.0,288.0,288.0,180.0,180.0,306.0,199.5,0.0,2,1
small-world,400,3,167,96.0,48.0,234.0,234.0,120.0,120.0,114.0,199.5,0.0,2,1
small-world,400,3,168,96.0,31.0,201.0,201.0,68.0,68.0,170.0,199.5,0.0,2,1
small-world,400,3,169,288.0,32.0,288.0,288.0,58.0,58.0,393.0,199.5,0.0,2,1
small-world,400,3,170,288.0,293.0,288.0,288.0,316.0,316.0,350.0,199.5,0.0,2,1
small-world,400,3,171,288.0,174.0,288.0,288.0,228.0,228.0,328.0,199.5,0.0,2,1
small-world,400,3,172,96.0,151.0,234.0,234.0,153.0,153.0,136.0,199.5,0.0,2,1
small-world,400,3,173,96.0,131.0,79.0,79.0,123.0,123.0,252.0,199.5,0.0,2,1
small-world,400,3,174,288.0,221.0,288.0,288.0,220.0,220.0,395.0,199.5,0.0,2,1
small-world,400,3,175,2.0,196.0,80.0,80.0,117.0,117.0,10.0,199.5,0.0,2,1
small-world,400,3,176,18.0,175.0,76.0,76.0,122.0,122.0,63.0,199.5,0.0,2,1
small-world,400,3,177,96.0,155.0,71.0,71.0,121.0,121.0,251.0,199.5,0.0,2,1
small-world,400,3,178,96.0,133.0,65.0,65.0,95.0,95.0,272.0,199.5,0.0,2,1
small-world,400,3,179,18.0,112.0,46.0,46.0,60.0,60.0,84.0,199.5,0.0,2,1
small-world,400,3,180,288.0,380.0,288.0,288.0,372.0,372.0,352.0,199.5,0.0,2,1
small-world,400,3,181,18.0,365.0,178.0,178.0,309.0,309.0,24.0,199.5,0.0,2,1
small-world,400,3,182,18.0,351.0,145.0,145.0,275.0,275.0,37.0,199.5,0.0,2,1
small-world,400,3,183,288.0,352.0,288.0,288.0,368.0,368.0,314.0,199.5,0.0,2,1
small-world,400,3,184,96.0,327.0,234.0,234.0,326.0,326.0,122.0,199.5,0.0,2,1
small-world,400,3,185,96.0,301.0,201.0,201.0,276.0,276.0,181.0,199.5,0.0,2,1
small-world,400,3,186,96.0,19.0,50.0,50.0,44.0,44.0,242.0,199.5,0.0,2,1
small-world,400,3,187,96.0,11.0,47.0,47.0,21.0,21.0,273.0,199.5,0.0,2,1
small-world,400,3,188,288.0,280.0,288.0,288.0,323.0,323.0,373.0,199.5,0.0,2,1
small-world,400,3,189,96.0,348.0,201.0,201.0,347.0,347.0,166.0,199.5,0.0,2,1
small-world,400,3,190,96.0,162.0,182.0,182.0,187.0,187.0,169.0,199.5,0.0,2,1
small-world,400,3,191,96.0,138.0,171.0,171.0,136.0,136.0,192.0,199.5,0.0,2,1
small-world,400,3,192,96.0,114.0,157.0,157.0,92.0,92.0,221.0,199.5,0.0,2,1
small-world,400,3,193,96.0,205.0,95.0,95.0,155.0,155.0,269.0,199.5,0.0,2,1
small-world,400,3,194,18.0,180.0,38.0,38.0,104.0,104.0,88.0,199.5,0.0,2,1
small-world,400,3,195,18.0,362.0,153.0,153.0,324.0,324.0,30.0,199.5,0.0,2,1
small-world,400,3,196,96.0,347.0,146.0,146.0,315.0,315.0,210.0,199.5,0.0,2,1
small-world,400,3,197,96.0,105.0,133.0,133.0,64.0,64.0,274.0,199.5,0.0,2,1
small-world,400,3,198,18.0,90.0,42.0,42.0,46.0,46.0,89.0,199.5,0.0,2,1
small-world,400,3,199,96.0,76.0,59.0,59.0,59.0,59.0,278.0,199.5,0.0,2,1
small-world,400,3,200,18.0,65.0,52.0,52.0,53.0,53.0,65.0,199.5,0.0,2,1
small-world,400,3,201,96.0,51.0,53.0,53.0,56.0,56.0,262.0,199.5,0.0,2,1
small-world,400,3,202,2.0,40.0,43.0,43.0,33.0,33.0,7.0,199.5,0.0,2,1
small-world,400,3,203,96.0,27.0,41.0,41.0,31.0,31.0,264.0,199.5,0.0,2,1
small-world,400,3,204,18.0,17.0,40.0,40.0,19.0,19.0,67.0,199.5,0.0,2,1
small-world,400,3,205,18.0,9.0,6.0,6.0,3.0,3.0,90.0,199.5,0.0,2,1
small-world,400,3,206,18.0,15.0,25.0,25.0,13.0,13.0,71.0,199.5,0.0,2,1
small-world,400,3,207,96.0,21.0,28.0,28.0,18.0,18.0,279.0,199.5,0.0,2,1
small-world,400,3,208,288.0,132.0,288.0,288.0,158.0,158.0,351.0,199.5,0.0,2,1
small-world,400,3,209,96.0,106.0,234.0,234.0,81.0,81.0,176.0,199.5,0.0,2,1
small-world,400,3,210,2.0,77.0,33.0,33.0,25.0,25.0,12.0,199.5,0.0,2,1
small-world,400,3,211,288.0,171.0,288.0,288.0,221.0,221.0,342.0,199.5,0.0,2,1
small-world,400,3,212,18.0,6.0,4.0,4.0,4.0,4.0,87.0,199.5,0.0,2,1
small-world,400,3,213,288.0,332.0,288.0,288.0,353.0,353.0,336.0,199.5,0.0,2,1
small-world,400,3,214,96.0,305.0,234.0,234.0,298.0,298.0,145.0,199.5,0.0,2,1
small-world,400,3,215,288.0,52.0,288.0,288.0,127.0,127.0,372.0,199.5,0.0,2,1
small-world,400,3,216,96.0,271.0,117.0,117.0,255.0,255.0,211.0,199.5,0.0,2,1
small-world,400,3,217,96.0,16.0,182.0,182.0,30.0,30.0,232.0,199.5,0.0,2,1
small-world,400,3,218,18.0,91.0,165.0,165.0,38.0,38.0,50.0,199.5,0.0,2,1
small-world,400,3,219,96.0,383.0,234.0,234.0,384.0,384.0,101.0,199.5,0.0,2,1
small-world,400,3,220,96.0,370.0,201.0,201.0,360.0,360.0,143.0,199.5,0.0,2,1
small-world,400,3,221,96.0,47.0,234.0,234.0,102.0,102.0,134.0,199.5,0.0,2,1
small-world,400,3,222,96.0,29.0,201.0,201.0,50.0,50.0,209.0,199.5,0.0,2,1
small-world,400,3,223,18.0,14.0,10.0,10.0,14.0,14.0,86.0,199.5,0.0,2,1
small-world,400,3,224,18.0,10.0,7.0,7.0,12.0,12.0,85.0,199.5,0.0,2,1
small-world,400,3,225,96.0,7.0,8.0,8.0,11.0,11.0,285.0,199.5,0.0,2,1
small-world,400,3,226,2.0,4.0,2.0,2.0,1.0,1.0,17.0,199.5,0.0,2,1
small-world,400,3,227,96.0,2.0,3.0,3.0,6.0,6.0,287.0,199.5,0.0,2,1
small-world,400,3,228,18.0,1.0,1.0,1.0,2.0,2.0,93.0,199.5,0.0,2,1
small-world,400,3,229,96.0,3.0,5.0,5.0,8.0,8.0,286.0,199.5,0.0,2,1
small-world,400,3,230,288.0,152.0,288.0,288.0,173.0,173.0,360.0,199.5,0.0,2,1
small-world,400,3,231,18.0,126.0,178.0,178.0,87.0,87.0,32.0,199.5,0.0,2,1
small-world,400,3,232,18.0,101.0,44.0,44.0,42.0,42.0,82.0,199.5,0.0,2,1
small-world,400,3,233,288.0,311.0,288.0,288.0,371.0,371.0,289.0,199.5,0.0,2,1
small-world,400,3,234,288.0,390.0,288.0,288.0,388.0,388.0,312.0,199.5,0.0,2,1
small-world,400,3,235,96.0,379.0,234.0,234.0,357.0,357.0,118.0,199.5,0.0,2,1
small-world,400,3,236,288.0,272.0,288.0,288.0,352.0,352.0,294.0,199.5,0.0,2,1
small-world,400,3,237,96.0,248.0,234.0,234.0,307.0,307.0,102.0,199.5,0.0,2,1
small-world,400,3,238,96.0,222.0,201.0,201.0,267.0,267.0,144.0,199.5,0.0,2,1
small-world,400,3,239,96.0,200.0,182.0,182.0,223.0,223.0,186.0,199.5,0.0,2,1
small-world,400,3,240,288.0,185.0,288.0,288.0,288.0,288.0,296.0,199.5,0.0,2,1
small-world,400,3,241,288.0,393.0,288.0,288.0,394.0,394.0,299.0,199.5,0.0,2,1
small-world,400,3,242,96.0,384.0,234.0,234.0,382.0,382.0,107.0,199.5,0.0,2,1
small-world,400,3,243,96.0,372.0,201.0,201.0,358.0,358.0,160.0,199.5,0.0,2,1
small-world,400,3,244,96.0,361.0,146.0,146.0,343.0,343.0,190.0,199.5,0.0,2,1
small-world,400,3,245,96.0,346.0,135.0,135.0,330.0,330.0,193.0,199.5,0.0,2,1
small-world,400,3,246,96.0,322.0,130.0,130.0,308.0,308.0,196.0,199.5,0.0,2,1
small-world,400,3,247,96.0,298.0,123.0,123.0,285.0,285.0,206.0,199.5,0.0,2,1
small-world,400,3,248,288.0,251.0,288.0,288.0,250.0,250.0,386.0,199.5,0.0,2,1
small-world,400,3,249,18.0,224.0,134.0,134.0,149.0,149.0,62.0,199.5,0.0,2,1
small-world,400,3,250,18.0,42.0,165.0,165.0,77.0,77.0,27.0,199.5,0.0,2,1
small-world,400,3,251,96.0,25.0,157.0,157.0,54.0,54.0,235.0,199.5,0.0,2,1
small-world,400,3,252,18.0,13.0,12.0,12.0,23.0,23.0,74.0,199.5,0.0,2,1
small-world,400,3,253,96.0,8.0,14.0,14.0,22.0,22.0,276.0,199.5,0.0,2,1
small-world,400,3,254,96.0,5.0,13.0,13.0,15.0,15.0,280.0,199.5,0.0,2,1
small-world,400,3,255,96.0,38.0,201.0,201.0,82.0,82.0,164.0,199.5,0.0,2,1
small-world,400,3,256,96.0,22.0,182.0,182.0,47.0,47.0,228.0,199.5,0.0,2,1
small-world,400,3,257,288.0,83.0,288.0,288.0,72.0,72.0,399.0,199.5,0.0,2,1
small-world,400,3,258,96.0,287.0,201.0,201.0,266.0,266.0,178.0,199.5,0.0,2,1
small-world,400,3,259,96.0,160.0,234.0,234.0,234.0,234.0,104.0,199.5,0.0,2,1
small-world,400,3,260,96.0,136.0,201.0,201.0,188.0,188.0,151.0,199.5,0.0,2,1
small-world,400,3,261,18.0,113.0,165.0,165.0,128.0,128.0,28.0,199.5,0.0,2,1
small-world,400,3,262,288.0,84.0,288.0,288.0,196.0,196.0,303.0,199.5,0.0,2,1
small-world,400,3,263,96.0,58.0,234.0,234.0,132.0,132.0,111.0,199.5,0.0,2,1
small-world,400,3,264,288.0,98.0,288.0,288.0,159.0,159.0,329.0,199.5,0.0,2,1
small-world,400,3,265,288.0,70.0,288.0,288.0,107.0,107.0,361.0,199.5,0.0,2,1
small-world,400,3,266,18.0,45.0,178.0,178.0,37.0,37.0,33.0,199.5,0.0,2,1
small-world,400,3,267,2.0,29.0,24.0,24.0,9.0,9.0,15.0,199.5,0.0,2,1
small-world,400,3,268,288.0,149.0,288.0,288.0,157.0,157.0,382.0,199.5,0.0,2,1
small-world,400,3,269,288.0,93.0,288.0,288.0,84.0,84.0,390.0,199.5,0.0,2,1
small-world,400,3,270,288.0,55.0,288.0,288.0,110.0,110.0,376.0,199.5,0.0,2,1
small-world,400,3,271,288.0,312.0,288.0,288.0,334.0,334.0,338.0,199.5,0.0,2,1
small-world,400,3,272,96.0,284.0,234.0,234.0,270.0,270.0,148.0,199.5,0.0,2,1
small-world,400,3,273,18.0,259.0,97.0,97.0,198.0,198.0,54.0,199.5,0.0,2,1
small-world,400,3,274,288.0,240.0,288.0,288.0,294.0,294.0,331.0,199.5,0.0,2,1
small-world,400,3,275,18.0,233.0,93.0,93.0,183.0,183.0,52.0,199.5,0.0,2,1
small-world,400,3,276,96.0,210.0,91.0,91.0,164.0,164.0,247.0,199.5,0.0,2,1
small-world,400,3,277,288.0,273.0,288.0,288.0,291.0,291.0,366.0,199.5,0.0,2,1
small-world,400,3,278,18.0,249.0,103.0,103.0,219.0,219.0,38.0,199.5,0.0,2,1
small-world,400,3,279,96.0,225.0,99.0,99.0,193.0,193.0,236.0,199.5,0.0,2,1
small-world,400,3,280,288.0,260.0,288.0,288.0,332.0,332.0,339.0,199.5,0.0,2,1
small-world,400,3,281,96.0,94.0,234.0,234.0,113.0,113.0,156.0,199.5,0.0,2,1
small-world,400,3,282,288.0,393.0,288.0,288.0,394.0,394.0,299.0,199.5,0.0,2,1
small-world,400,3,283,96.0,384.0,234.0,234.0,382.0,382.0,107.0,199.5,0.0,2,1
small-world,400,3,284,96.0,372.0,201.0,201.0,358.0,358.0,160.0,199.5,0.0,2,1
small-world,400,3,285,18.0,359.0,142.0,142.0,320.0,320.0,36.0,199.5,0.0,2,1
small-world,400,3,286,96.0,344.0,135.0,135.0,318.0,318.0,208.0,199.5,0.0,2,1
small-world,400,3,287,96.0,321.0,130.0,130.0,302.0,302.0,203.0,199.5,0.0,2,1
small-world,400,3,288,96.0,295.0,123.0,123.0,281.0,281.0,204.0,199.5,0.0,2,1
small-world,400,3,289,96.0,135.0,135.0,135.0,112.0,112.0,257.0,199.5,0.0,2,1
small-world,400,3,290,288.0,201.0,288.0,288.0,211.0,211.0,387.0,199.5,0.0,2,1
small-world,400,3,291,96.0,244.0,117.0,117.0,200.0,200.0,246.0,199.5,0.0,2,1
small-world,400,3,292,96.0,218.0,108.0,108.0,172.0,172.0,254.0,199.5,0.0,2,1
small-world,400,3,293,96.0,147.0,201.0,201.0,134.0,134.0,177.0,199.5,0.0,2,1
small-world,400,3,294,96.0,203.0,201.0,201.0,252.0,252.0,138.0,199.5,0.0,2,1
small-world,400,3,295,96.0,178.0,182.0,182.0,217.0,217.0,165.0,199.5,0.0,2,1
small-world,400,3,296,96.0,154.0,171.0,171.0,168.0,168.0,191.0,199.5,0.0,2,1
small-world,400,3,297,96.0,89.0,146.0,146.0,48.0,48.0,268.0,199.5,0.0,2,1
small-world,400,3,298,288.0,387.0,288.0,288.0,387.0,387.0,355.0,199.5,0.0,2,1
small-world,400,3,299,96.0,288.0,171.0,171.0,292.0,292.0,201.0,199.5,0.0,2,1
small-world,400,3,300,288.0,323.0,288.0,288.0,355.0,355.0,301.0,199.5,0.0,2,1
small-world,400,3,301,288.0,261.0,288.0,288.0,268.0,268.0,377.0,199.5,0.0,2,1
small-world,400,3,302,288.0,179.0,288.0,288.0,222.0,222.0,322.0,199.5,0.0,2,1
small-world,400,3,303,288.0,23.0,288.0,288.0,75.0,75.0,358.0,199.5,0.0,2,1
small-world,400,3,304,18.0,12.0,195.0,195.0,26.0,26.0,29.0,199.5,0.0,2,1
small-world,400,3,305,18.0,166.0,64.0,64.0,94.0,94.0,78.0,199.5,0.0,2,1
small-world,400,3,306,18.0,144.0,61.0,61.0,73.0,73.0,72.0,199.5,0.0,2,1
small-world,400,3,307,18.0,267.0,178.0,178.0,238.0,238.0,23.0,199.5,0.0,2,1
small-world,400,3,308,288.0,242.0,288.0,288.0,273.0,273.0,340.0,199.5,0.0,2,1
small-world,400,3,309,18.0,217.0,195.0,195.0,195.0,195.0,21.0,199.5,0.0,2,1
small-world,400,3,310,96.0,85.0,157.0,157.0,97.0,97.0,241.0,199.5,0.0,2,1
small-world,400,3,311,18.0,60.0,49.0,49.0,51.0,51.0,81.0,199.5,0.0,2,1
small-world,400,3,312,96.0,41.0,47.0,47.0,41.0,41.0,283.0,199.5,0.0,2,1
small-world,400,3,313,96.0,220.0,135.0,135.0,171.0,171.0,243.0,199.5,0.0,2,1
small-world,400,3,314,288.0,342.0,288.0,288.0,380.0,380.0,308.0,199.5,0.0,2,1
small-world,400,3,315,96.0,317.0,234.0,234.0,344.0,344.0,116.0,199.5,0.0,2,1
small-world,400,3,316,96.0,290.0,201.0,201.0,299.0,299.0,174.0,199.5,0.0,2,1
small-world,400,3,317,96.0,382.0,182.0,182.0,367.0,367.0,155.0,199.5,0.0,2,1
small-world,400,3,318,96.0,367.0,171.0,171.0,350.0,350.0,175.0,199.5,0.0,2,1
small-world,400,3,319,288.0,23.0,288.0,288.0,75.0,75.0,358.0,199.5,0.0,2,1
small-world,400,3,320,288.0,339.0,288.0,288.0,361.0,361.0,325.0,199.5,0.0,2,1
small-world,400,3,321,96.0,313.0,234.0,234.0,305.0,305.0,132.0,199.5,0.0,2,1
small-world,400,3,322,18.0,286.0,164.0,164.0,244.0,244.0,31.0,199.5,0.0,2,1
small-world,400,3,323,288.0,268.0,288.0,288.0,279.0,279.0,362.0,199.5,0.0,2,1
small-world,400,3,324,288.0,377.0,288.0,288.0,391.0,391.0,304.0,199.5,0.0,2,1
small-world,400,3,325,96.0,363.0,234.0,234.0,374.0,374.0,112.0,199.5,0.0,2,1
small-world,400,3,326,96.0,348.0,201.0,201.0,347.0,347.0,166.0,199.5,0.0,2,1
small-world,400,3,327,288.0,195.0,288.0,288.0,229.0,229.0,348.0,199.5,0.0,2,1
small-world,400,3,328,96.0,169.0,234.0,234.0,147.0,147.0,168.0,199.5,0.0,2,1
small-world,400,3,329,288.0,330.0,288.0,288.0,345.0,345.0,343.0,199.5,0.0,2,1
small-world,400,3,330,96.0,283.0,234.0,234.0,335.0,335.0,97.0,199.5,0.0,2,1
small-world,400,3,331,96.0,257.0,201.0,201.0,297.0,297.0,135.0,199.5,0.0,2,1
small-world,400,3,332,96.0,230.0,182.0,182.0,265.0,265.0,157.0,199.5,0.0,2,1
small-world,400,3,333,96.0,206.0,171.0,171.0,233.0,233.0,184.0,199.5,0.0,2,1
small-world,400,3,334,96.0,181.0,157.0,157.0,197.0,197.0,195.0,199.5,0.0,2,1
small-world,400,3,335,96.0,158.0,146.0,146.0,154.0,154.0,219.0,199.5,0.0,2,1
small-world,400,3,336,18.0,19.0,11.0,11.0,16.0,16.0,91.0,199.5,0.0,2,1
small-world,400,3,337,288.0,377.0,288.0,288.0,391.0,391.0,304.0,199.5,0.0,2,1
small-world,400,3,338,96.0,363.0,234.0,234.0,374.0,374.0,112.0,199.5,0.0,2,1
small-world,400,3,339,288.0,99.0,288.0,288.0,162.0,162.0,324.0,199.5,0.0,2,1
small-world,400,3,340,96.0,70.0,234.0,234.0,99.0,99.0,130.0,199.5,0.0,2,1
small-world,400,3,341,96.0,46.0,201.0,201.0,49.0,49.0,205.0,199.5,0.0,2,1
small-world,400,3,342,288.0,127.0,288.0,288.0,129.0,129.0,384.0,199.5,0.0,2,1
small-world,400,3,343,288.0,110.0,288.0,288.0,215.0,215.0,307.0,199.5,0.0,2,1
small-world,400,3,344,18.0,324.0,128.0,128.0,278.0,278.0,35.0,199.5,0.0,2,1
small-world,400,3,345,288.0,62.0,288.0,288.0,105.0,105.0,388.0,199.5,0.0,2,1
small-world,400,3,346,288.0,202.0,288.0,288.0,253.0,253.0,369.0,199.5,0.0,2,1
small-world,400,3,347,18.0,176.0,155.0,155.0,163.0,163.0,42.0,199.5,0.0,2,1
small-world,400,3,348,288.0,242.0,288.0,288.0,273.0,273.0,340.0,199.5,0.0,2,1
small-world,400,3,349,18.0,216.0,195.0,195.0,230.0,230.0,19.0,199.5,0.0,2,1
small-world,400,3,350,96.0,192.0,182.0,182.0,191.0,191.0,183.0,199.5,0.0,2,1
small-world,400,3,351,96.0,167.0,171.0,171.0,144.0,144.0,226.0,199.5,0.0,2,1
small-world,400,3,352,18.0,143.0,54.0,54.0,89.0,89.0,76.0,199.5,0.0,2,1
small-world,400,3,353,96.0,305.0,130.0,130.0,232.0,232.0,253.0,199.5,0.0,2,1
small-world,400,3,354,288.0,334.0,288.0,288.0,314.0,314.0,368.0,199.5,0.0,2,1
small-world,400,3,355,96.0,208.0,77.0,77.0,179.0,179.0,259.0,199.5,0.0,2,1
small-world,400,3,356,96.0,183.0,71.0,71.0,160.0,160.0,249.0,199.5,0.0,2,1
small-world,400,3,357,96.0,165.0,65.0,65.0,131.0,131.0,261.0,199.5,0.0,2,1
small-world,400,3,358,288.0,310.0,288.0,288.0,310.0,310.0,371.0,199.5,0.0,2,1
small-world,400,3,359,18.0,282.0,115.0,115.0,227.0,227.0,45.0,199.5,0.0,2,1
small-world,400,3,360,288.0,177.0,288.0,288.0,218.0,218.0,392.0,199.5,0.0,2,1
small-world,400,3,361,2.0,153.0,81.0,81.0,119.0,119.0,8.0,199.5,0.0,2,1
small-world,400,3,362,96.0,128.0,157.0,157.0,124.0,124.0,215.0,199.5,0.0,2,1
small-world,400,3,363,96.0,103.0,146.0,146.0,71.0,71.0,263.0,199.5,0.0,2,1
small-world,400,3,364,18.0,78.0,34.0,34.0,27.0,27.0,92.0,199.5,0.0,2,1
small-world,400,3,365,2.0,57.0,15.0,15.0,17.0,17.0,16.0,199.5,0.0,2,1
small-world,400,3,366,288.0,117.0,288.0,288.0,116.0,116.0,375.0,199.5,0.0,2,1
small-world,400,3,367,288.0,97.0,288.0,288.0,143.0,143.0,374.0,199.5,0.0,2,1
small-world,400,3,368,18.0,68.0,22.0,22.0,69.0,69.0,48.0,199.5,0.0,2,1
small-world,400,3,369,96.0,50.0,21.0,21.0,61.0,61.0,250.0,199.5,0.0,2,1
small-world,400,3,370,288.0,139.0,288.0,288.0,165.0,165.0,346.0,199.5,0.0,2,1
small-world,400,3,371,18.0,116.0,195.0,195.0,85.0,85.0,22.0,199.5,0.0,2,1
small-world,400,3,372,288.0,398.0,288.0,288.0,398.0,398.0,320.0,199.5,0.0,2,1
small-world,400,3,373,96.0,303.0,234.0,234.0,282.0,282.0,152.0,199.5,0.0,2,1
small-world,400,3,374,288.0,352.0,288.0,288.0,368.0,368.0,314.0,199.5,0.0,2,1
small-world,400,3,375,96.0,327.0,234.0,234.0,326.0,326.0,122.0,199.5,0.0,2,1
small-world,400,3,376,96.0,301.0,201.0,201.0,276.0,276.0,181.0,199.5,0.0,2,1
small-world,400,3,377,2.0,277.0,127.0,127.0,207.0,207.0,6.0,199.5,0.0,2,1
small-world,400,3,378,96.0,254.0,123.0,123.0,210.0,210.0,266.0,199.5,0.0,2,1
small-world,400,3,379,288.0,356.0,288.0,288.0,356.0,356.0,319.0,199.5,0.0,2,1
small-world,400,3,380,96.0,335.0,234.0,234.0,303.0,303.0,127.0,199.5,0.0,2,1
small-world,400,3,381,288.0,400.0,288.0,288.0,400.0,400.0,288.0,199.5,0.0,2,1
small-world,400,3,382,96.0,397.0,234.0,234.0,390.0,390.0,96.0,199.5,0.0,2,1
small-world,400,3,383,288.0,263.0,288.0,288.0,311.0,311.0,333.0,199.5,0.0,2,1
small-world,400,3,384,288.0,134.0,288.0,288.0,184.0,184.0,380.0,199.5,0.0,2,1
small-world,400,3,385,18.0,109.0,70.0,70.0,101.0,101.0,58.0,199.5,0.0,2,1
small-world,400,3,386,96.0,82.0,65.0,65.0,80.0,80.0,267.0,199.5,0.0,2,1
small-world,400,3,387,288.0,337.0,288.0,288.0,339.0,339.0,364.0,199.5,0.0,2,1
small-world,400,3,388,96.0,130.0,234.0,234.0,93.0,93.0,180.0,199.5,0.0,2,1
small-world,400,3,389,288.0,360.0,288.0,288.0,376.0,376.0,313.0,199.5,0.0,2,1
small-world,400,3,390,96.0,345.0,234.0,234.0,340.0,340.0,121.0,199.5,0.0,2,1
small-world,400,3,391,288.0,67.0,288.0,288.0,151.0,151.0,356.0,199.5,0.0,2,1
small-world,400,3,392,288.0,157.0,288.0,288.0,174.0,174.0,353.0,199.5,0.0,2,1
small-world,400,3,393,96.0,232.0,234.0,234.0,271.0,271.0,147.0,199.5,0.0,2,1
small-world,400,3,394,18.0,207.0,90.0,90.0,205.0,205.0,55.0,199.5,0.0,2,1
small-world,400,3,395,96.0,182.0,88.0,88.0,201.0,201.0,238.0,199.5,0.0,2,1
small-world,400,3,396,18.0,160.0,83.0,83.0,169.0,169.0,56.0,199.5,0.0,2,1
small-world,400,3,397,18.0,141.0,69.0,69.0,141.0,141.0,64.0,199.5,0.0,2,1
small-world,400,3,398,288.0,252.0,288.0,288.0,341.0,341.0,290.0,199.5,0.0,2,1
small-world,400,3,399,96.0,226.0,234.0,234.0,286.0,286.0,98.0,199.5,0.0,2,1
small-world,400,4,0,95.0,104.0,48.0,48.0,67.0,67.0,268.0,199.5,0.005833333333333333,3,2
small-world,400,4,1,95.0,397.0,285.0,285.0,397.0,397.0,141.0,199.5,0.005833333333333333,3,2
small-world,400,4,2,288.0,220.0,286.0,286.0,336.0,336.0,294.0,199.5,0.005833333333333333,3,2
small-world,400,4,3,19.0,396.0,284.0,284.0,396.0,396.0,46.0,199.5,0.005833333333333333,3,2
small-world,400,4,4,288.0,108.0,286.0,286.0,175.0,175.0,387.0,199.5,0.005833333333333333,3,2
small-world,400,4,5,288.0,143.0,286.0,286.0,241.0,241.0,327.0,199.5,0.005833333333333333,3,2
small-world,400,4,6,95.0,109.0,234.0,234.0,170.0,170.0,133.0,199.5,0.005833333333333333,3,2
small-world,400,4,7,19.0,80.0,158.0,158.0,104.0,104.0,42.0,199.5,0.005833333333333333,3,2
small-world,400,4,8,95.0,135.0,207.0,207.0,149.0,149.0,158.0,199.5,0.005833333333333333,3,2
small-world,400,4,9,288.0,269.0,286.0,286.0,238.0,238.0,394.0,199.5,0.005833333333333333,3,2
small-world,400,4,10,2.0,243.0,73.0,73.0,129.0,129.0,12.0,199.5,0.005833333333333333,3,2
small-world,400,4,11,288.0,386.0,286.0,286.0,390.0,390.0,300.0,199.5,0.005833333333333333,3,2
small-world,400,4,12,95.0,266.0,234.0,234.0,230.0,230.0,153.0,199.5,0.005833333333333333,3,2
small-world,400,4,13,95.0,223.0,70.0,70.0,132.0,132.0,263.0,199.5,0.005833333333333333,3,2
small-world,400,4,14,288.0,288.0,286.0,286.0,221.0,221.0,376.0,199.5,0.005833333333333333,3,2
small-world,400,4,15,95.0,372.0,175.0,175.0,358.0,358.0,179.0,199.5,0.005833333333333333,3,2
small-world,400,4,16,95.0,126.0,207.0,207.0,99.0,99.0,181.0,199.5,0.005833333333333333,3,2
small-world,400,4,17,2.0,96.0,123.0,123.0,32.0,32.0,5.0,199.5,0.005833333333333333,3,2
small-world,400,4,18,19.0,234.0,41.0,41.0,77.0,77.0,92.0,199.5,0.005833333333333333,3,2
small-world,400,4,19,19.0,215.0,30.0,30.0,56.0,56.0,94.0,199.5,0.005833333333333333,3,2
small-world,400,4,20,95.0,191.0,32.0,32.0,70.0,70.0,285.0,199.5,0.005833333333333333,3,2
small-world,400,4,21,288.0,35.0,286.0,286.0,108.0,108.0,374.0,199.5,0.005833333333333333,3,2
small-world,400,4,22,288.0,298.0,286.0,286.0,371.0,371.0,289.0,199.5,0.005833333333333333,3,2
small-world,400,4,23,95.0,274.0,234.0,234.0,349.0,349.0,96.0,199.5,0.005833333333333333,3,2
small-world,400,4,24,95.0,246.0,207.0,207.0,326.0,326.0,128.0,199.5,0.005833333333333333,3,2
small-world,400,4,25,95.0,224.0,175.0,175.0,295.0,295.0,157.0,199.5,0.005833333333333333,3,2
small-world,400,4,26,95.0,203.0,162.0,162.0,257.0,257.0,186.0,199.5,0.005833333333333333,3,2
small-world,400,4,27,95.0,171.0,144.0,144.0,212.0,212.0,210.0,199.5,0.005833333333333333,3,2
small-world,400,4,28,288.0,331.0,286.0,286.0,325.0,325.0,331.0,199.5,0.005833333333333333,3,2
small-world,400,4,29,95.0,87.0,175.0,175.0,95.0,95.0,230.0,199.5,0.005833333333333333,3,2
small-world,400,4,30,19.0,62.0,104.0,104.0,39.0,39.0,73.0,199.5,0.005833333333333333,3,2
small-world,400,4,31,95.0,47.0,107.0,107.0,59.0,59.0,262.0,199.5,0.005833333333333333,3,2
small-world,400,4,32,19.0,27.0,64.0,64.0,22.0,22.0,83.0,199.5,0.005833333333333333,3,2
small-world,400,4,33,19.0,293.0,138.0,138.0,229.0,229.0,39.0,199.5,0.005833333333333333,3,2
small-world,400,4,34,95.0,267.0,128.0,128.0,197.0,197.0,248.0,199.5,0.005833333333333333,3,2
small-world,400,4,35,19.0,173.0,50.0,50.0,57.0,57.0,75.0,199.5,0.005833333333333333,3,2
small-world,400,4,36,19.0,90.0,154.0,154.0,80.0,80.0,53.0,199.5,0.005833333333333333,3,2
small-world,400,4,37,95.0,76.0,155.0,155.0,93.0,93.0,247.0,199.5,0.005833333333333333,3,2
small-world,400,4,38,95.0,65.0,153.0,153.0,87.0,87.0,254.0,199.5,0.005833333333333333,3,2
small-world,400,4,39,19.0,46.0,121.0,121.0,49.0,49.0,59.0,199.5,0.005833333333333333,3,2
small-world,400,4,40,95.0,11.0,14.0,14.0,25.0,25.0,278.0,199.5,0.005833333333333333,3,2
small-world,400,4,41,95.0,134.0,207.0,207.0,198.0,198.0,150.0,199.5,0.005833333333333333,3,2
small-world,400,4,42,95.0,100.0,175.0,175.0,147.0,147.0,204.0,199.5,0.005833333333333333,3,2
small-world,400,4,43,288.0,81.0,286.0,286.0,51.0,51.0,400.0,199.5,0.005833333333333333,3,2
small-world,400,4,44,95.0,324.0,234.0,234.0,279.0,279.0,142.0,199.5,0.005833333333333333,3,2
small-world,400,4,45,95.0,192.0,60.0,60.0,163.0,163.0,232.0,199.5,0.005833333333333333,3,2
small-world,400,4,46,95.0,159.0,58.0,58.0,124.0,124.0,252.0,199.5,0.005833333333333333,3,2
small-world,400,4,47,95.0,147.0,175.0,175.0,144.0,144.0,172.0,199.5,0.005833333333333333,3,2
small-world,400,4,48,95.0,113.0,162.0,162.0,97.0,97.0,219.0,199.5,0.005833333333333333,3,2
small-world,400,4,49,288.0,297.0,286.0,286.0,321.0,321.0,317.0,199.5,0.005833333333333333,3,2
small-world,400,4,50,95.0,271.0,234.0,234.0,247.0,247.0,124.0,199.5,0.005833333333333333,3,2
small-world,400,4,51,288.0,295.0,286.0,286.0,284.0,284.0,372.0,199.5,0.005833333333333333,3,2
small-world,400,4,52,2.0,268.0,137.0,137.0,179.0,179.0,4.0,199.5,0.005833333333333333,3,2
small-world,400,4,53,288.0,131.0,286.0,286.0,161.0,161.0,379.0,199.5,0.005833333333333333,3,2
small-world,400,4,54,288.0,195.0,286.0,286.0,280.0,280.0,313.0,199.5,0.005833333333333333,3,2
small-world,400,4,55,95.0,161.0,234.0,234.0,209.0,209.0,120.0,199.5,0.005833333333333333,3,2
small-world,400,4,56,95.0,127.0,207.0,207.0,155.0,155.0,175.0,199.5,0.005833333333333333,3,2
small-world,400,4,57,288.0,364.0,286.0,286.0,370.0,370.0,299.0,199.5,0.005833333333333333,3,2
small-world,400,4,58,288.0,73.0,286.0,286.0,141.0,141.0,378.0,199.5,0.005833333333333333,3,2
small-world,400,4,59,288.0,313.0,286.0,286.0,291.0,291.0,334.0,199.5,0.005833333333333333,3,2
small-world,400,4,60,95.0,286.0,234.0,234.0,201.0,201.0,144.0,199.5,0.005833333333333333,3,2
small-world,400,4,61,1.0,260.0,122.0,122.0,109.0,109.0,1.0,199.5,0.005833333333333333,3,2
small-world,400,4,62,95.0,19.0,234.0,234.0,37.0,37.0,183.0,199.5,0.005833333333333333,3,2
small-world,400,4,63,288.0,322.0,286.0,286.0,347.0,347.0,302.0,199.5,0.005833333333333333,3,2
small-world,400,4,64,288.0,158.0,286.0,286.0,244.0,244.0,363.0,199.5,0.005833333333333333,3,2
small-world,400,4,65,19.0,125.0,140.0,140.0,165.0,165.0,31.0,199.5,0.005833333333333333,3,2
small-world,400,4,66,95.0,222.0,144.0,144.0,136.0,136.0,251.0,199.5,0.005833333333333333,3,2
small-world,400,4,67,19.0,202.0,57.0,57.0,79.0,79.0,76.0,199.5,0.005833333333333333,3,2
small-world,400,4,68,288.0,184.0,286.0,286.0,259.0,259.0,329.0,199.5,0.005833333333333333,3,2
small-world,400,4,69,288.0,190.0,286.0,286.0,235.0,235.0,392.0,199.5,0.005833333333333333,3,2
small-world,400,4,70,19.0,58.0,38.0,38.0,12.0,12.0,90.0,199.5,0.005833333333333333,3,2
small-world,400,4,71,288.0,263.0,286.0,286.0,340.0,340.0,325.0,199.5,0.005833333333333333,3,2
small-world,400,4,72,288.0,355.0,286.0,286.0,376.0,376.0,303.0,199.5,0.005833333333333333,3,2
small-world,400,4,73,95.0,342.0,234.0,234.0,352.0,352.0,110.0,199.5,0.005833333333333333,3,2
small-world,400,4,74,95.0,325.0,207.0,207.0,322.0,322.0,155.0,199.5,0.005833333333333333,3,2
small-world,400,4,75,19.0,305.0,138.0,138.0,266.0,266.0,33.0,199.5,0.005833333333333333,3,2
small-world,400,4,76,19.0,281.0,112.0,112.0,236.0,236.0,35.0,199.5,0.005833333333333333,3,2
small-world,400,4,77,288.0,219.0,286.0,286.0,276.0,276.0,316.0,199.5,0.005833333333333333,3,2
small-world,400,4,78,288.0,229.0,286.0,286.0,287.0,287.0,322.0,199.5,0.005833333333333333,3,2
small-world,400,4,79,19.0,208.0,199.0,199.0,205.0,205.0,18.0,199.5,0.005833333333333333,3,2
small-world,400,4,80,95.0,174.0,175.0,175.0,166.0,166.0,168.0,199.5,0.005833333333333333,3,2
small-world,400,4,81,288.0,141.0,286.0,286.0,196.0,196.0,395.0,199.5,0.005833333333333333,3,2
small-world,400,4,82,2.0,105.0,78.0,78.0,105.0,105.0,11.0,199.5,0.005833333333333333,3,2
small-world,400,4,83,19.0,77.0,69.0,69.0,85.0,85.0,60.0,199.5,0.005833333333333333,3,2
small-world,400,4,84,19.0,55.0,59.0,59.0,55.0,55.0,67.0,199.5,0.005833333333333333,3,2
small-world,400,4,85,95.0,160.0,234.0,234.0,160.0,160.0,122.0,199.5,0.005833333333333333,3,2
small-world,400,4,86,95.0,212.0,52.0,52.0,199.0,199.0,260.0,199.5,0.005833333333333333,3,2
small-world,400,4,87,95.0,188.0,51.0,51.0,185.0,185.0,259.0,199.5,0.005833333333333333,3,2
small-world,400,4,88,288.0,93.0,286.0,286.0,191.0,191.0,318.0,199.5,0.005833333333333333,3,2
small-world,400,4,89,288.0,89.0,286.0,286.0,73.0,73.0,399.0,199.5,0.005833333333333333,3,2
small-world,400,4,90,19.0,63.0,94.0,94.0,18.0,18.0,77.0,199.5,0.005833333333333333,3,2
small-world,400,4,91,288.0,258.0,286.0,286.0,271.0,271.0,368.0,199.5,0.005833333333333333,3,2
small-world,400,4,92,19.0,233.0,98.0,98.0,184.0,184.0,36.0,199.5,0.005833333333333333,3,2
small-world,400,4,93,95.0,210.0,91.0,91.0,164.0,164.0,224.0,199.5,0.005833333333333333,3,2
small-world,400,4,94,95.0,180.0,85.0,85.0,126.0,126.0,244.0,199.5,0.005833333333333333,3,2
small-world,400,4,95,95.0,24.0,234.0,234.0,46.0,46.0,178.0,199.5,0.005833333333333333,3,2
small-world,400,4,96,95.0,339.0,207.0,207.0,314.0,314.0,146.0,199.5,0.005833333333333333,3,2
small-world,400,4,97,95.0,323.0,175.0,175.0,263.0,263.0,191.0,199.5,0.005833333333333333,3,2
small-world,400,4,98,19.0,304.0,125.0,125.0,200.0,200.0,47.0,199.5,0.005833333333333333,3,2
small-world,400,4,99,95.0,280.0,113.0,113.0,172.0,172.0,267.0,199.5,0.005833333333333333,3,2
small-world,400,4,100,288.0,227.0,286.0,286.0,189.0,189.0,391.0,199.5,0.005833333333333333,3,2
small-world,400,4,101,19.0,206.0,83.0,83.0,94.0,94.0,62.0,199.5,0.005833333333333333,3,2
small-world,400,4,102,288.0,39.0,286.0,286.0,83.0,83.0,389.0,199.5,0.005833333333333333,3,2
small-world,400,4,103,288.0,350.0,286.0,286.0,364.0,364.0,305.0,199.5,0.005833333333333333,3,2
small-world,400,4,104,95.0,334.0,234.0,234.0,335.0,335.0,112.0,199.5,0.005833333333333333,3,2
small-world,400,4,105,95.0,317.0,207.0,207.0,297.0,297.0,156.0,199.5,0.005833333333333333,3,2
small-world,400,4,106,288.0,170.0,286.0,286.0,299.0,299.0,312.0,199.5,0.005833333333333333,3,2
small-world,400,4,107,95.0,136.0,234.0,234.0,228.0,228.0,119.0,199.5,0.005833333333333333,3,2
small-world,400,4,108,19.0,26.0,16.0,16.0,24.0,24.0,69.0,199.5,0.005833333333333333,3,2
small-world,400,4,109,2.0,22.0,15.0,15.0,20.0,20.0,8.0,199.5,0.005833333333333333,3,2
small-world,400,4,110,2.0,225.0,95.0,95.0,114.0,114.0,7.0,199.5,0.005833333333333333,3,2
small-world,400,4,111,288.0,374.0,286.0,286.0,374.0,374.0,369.0,199.5,0.005833333333333333,3,2
small-world,400,4,112,288.0,300.0,286.0,286.0,316.0,316.0,337.0,199.5,0.005833333333333333,3,2
small-world,400,4,113,19.0,275.0,199.0,199.0,227.0,227.0,23.0,199.5,0.005833333333333333,3,2
small-world,400,4,114,288.0,288.0,286.0,286.0,221.0,221.0,376.0,199.5,0.005833333333333333,3,2
small-world,400,4,115,95.0,393.0,207.0,207.0,391.0,391.0,126.0,199.5,0.005833333333333333,3,2
small-world,400,4,116,95.0,392.0,175.0,175.0,386.0,386.0,152.0,199.5,0.005833333333333333,3,2
small-world,400,4,117,288.0,137.0,286.0,286.0,249.0,249.0,351.0,199.5,0.005833333333333333,3,2
small-world,400,4,118,288.0,186.0,286.0,286.0,274.0,274.0,308.0,199.5,0.005833333333333333,3,2
small-world,400,4,119,19.0,25.0,19.0,19.0,16.0,16.0,63.0,199.5,0.005833333333333333,3,2
small-world,400,4,120,95.0,338.0,91.0,91.0,298.0,298.0,206.0,199.5,0.005833333333333333,3,2
small-world,400,4,121,95.0,321.0,85.0,85.0,262.0,262.0,217.0,199.5,0.005833333333333333,3,2
small-world,400,4,122,95.0,300.0,79.0,79.0,224.0,224.0,241.0,199.5,0.005833333333333333,3,2
small-world,400,4,123,95.0,279.0,76.0,76.0,178.0,178.0,264.0,199.5,0.005833333333333333,3,2
small-world,400,4,124,19.0,252.0,54.0,54.0,111.0,111.0,85.0,199.5,0.005833333333333333,3,2
small-world,400,4,125,288.0,300.0,286.0,286.0,316.0,316.0,337.0,199.5,0.005833333333333333,3,2
small-world,400,4,126,95.0,109.0,234.0,234.0,170.0,170.0,133.0,199.5,0.005833333333333333,3,2
small-world,400,4,127,95.0,30.0,17.0,17.0,27.0,27.0,287.0,199.5,0.005833333333333333,3,2
small-world,400,4,128,95.0,244.0,234.0,234.0,192.0,192.0,165.0,199.5,0.005833333333333333,3,2
small-world,400,4,129,19.0,221.0,68.0,68.0,115.0,115.0,64.0,199.5,0.005833333333333333,3,2
small-world,400,4,130,95.0,253.0,107.0,107.0,223.0,223.0,218.0,199.5,0.005833333333333333,3,2
small-world,400,4,131,288.0,228.0,286.0,286.0,213.0,213.0,357.0,199.5,0.005833333333333333,3,2
small-world,400,4,132,95.0,207.0,234.0,234.0,130.0,130.0,185.0,199.5,0.005833333333333333,3,2
small-world,400,4,133,95.0,197.0,234.0,234.0,204.0,204.0,123.0,199.5,0.005833333333333333,3,2
small-world,400,4,134,288.0,400.0,286.0,286.0,400.0,400.0,332.0,199.5,0.005833333333333333,3,2
small-world,400,4,135,95.0,398.0,286.0,286.0,398.0,398.0,234.0,199.5,0.005833333333333333,3,2
small-world,400,4,136,95.0,300.0,234.0,234.0,304.0,304.0,109.0,199.5,0.005833333333333333,3,2
small-world,400,4,137,95.0,276.0,207.0,207.0,251.0,251.0,151.0,199.5,0.005833333333333333,3,2
small-world,400,4,138,95.0,248.0,175.0,175.0,190.0,190.0,208.0,199.5,0.005833333333333333,3,2
small-world,400,4,139,95.0,165.0,207.0,207.0,239.0,239.0,136.0,199.5,0.005833333333333333,3,2
small-world,400,4,140,95.0,133.0,175.0,175.0,193.0,193.0,174.0,199.5,0.005833333333333333,3,2
small-world,400,4,141,95.0,316.0,113.0,113.0,293.0,293.0,203.0,199.5,0.005833333333333333,3,2
small-world,400,4,142,95.0,291.0,107.0,107.0,256.0,256.0,213.0,199.5,0.005833333333333333,3,2
small-world,400,4,143,95.0,265.0,100.0,100.0,211.0,211.0,237.0,199.5,0.005833333333333333,3,2
small-world,400,4,144,19.0,242.0,82.0,82.0,154.0,154.0,56.0,199.5,0.005833333333333333,3,2
small-world,400,4,145,95.0,256.0,100.0,100.0,137.0,137.0,273.0,199.5,0.005833333333333333,3,2
small-world,400,4,146,288.0,249.0,286.0,286.0,217.0,217.0,386.0,199.5,0.005833333333333333,3,2
small-world,400,4,147,288.0,101.0,286.0,286.0,176.0,176.0,383.0,199.5,0.005833333333333333,3,2
small-world,400,4,148,288.0,194.0,286.0,286.0,231.0,231.0,315.0,199.5,0.005833333333333333,3,2
small-world,400,4,149,95.0,15.0,107.0,107.0,44.0,44.0,261.0,199.5,0.005833333333333333,3,2
small-world,400,4,150,19.0,3.0,3.0,3.0,11.0,11.0,80.0,199.5,0.005833333333333333,3,2
small-world,400,4,151,95.0,385.0,234.0,234.0,385.0,385.0,103.0,199.5,0.005833333333333333,3,2
small-world,400,4,152,95.0,379.0,207.0,207.0,375.0,375.0,138.0,199.5,0.005833333333333333,3,2
small-world,400,4,153,2.0,156.0,44.0,44.0,135.0,135.0,9.0,199.5,0.005833333333333333,3,2
small-world,400,4,154,95.0,124.0,43.0,43.0,153.0,153.0,253.0,199.5,0.005833333333333333,3,2
small-world,400,4,155,95.0,95.0,42.0,42.0,142.0,142.0,239.0,199.5,0.005833333333333333,3,2
small-world,400,4,156,95.0,75.0,40.0,40.0,122.0,122.0,240.0,199.5,0.005833333333333333,3,2
small-world,400,4,157,19.0,56.0,39.0,39.0,89.0,89.0,48.0,199.5,0.005833333333333333,3,2
small-world,400,4,158,95.0,36.0,37.0,37.0,71.0,71.0,246.0,199.5,0.005833333333333333,3,2
small-world,400,4,159,95.0,23.0,36.0,36.0,52.0,52.0,256.0,199.5,0.005833333333333333,3,2
small-world,400,4,160,288.0,255.0,286.0,286.0,290.0,290.0,311.0,199.5,0.005833333333333333,3,2
small-world,400,4,161,95.0,231.0,234.0,234.0,215.0,215.0,118.0,199.5,0.005833333333333333,3,2
small-world,400,4,162,95.0,209.0,207.0,207.0,159.0,159.0,171.0,199.5,0.005833333333333333,3,2
small-world,400,4,163,95.0,177.0,175.0,175.0,100.0,100.0,255.0,199.5,0.005833333333333333,3,2
small-world,400,4,164,2.0,145.0,24.0,24.0,31.0,31.0,15.0,199.5,0.005833333333333333,3,2
small-world,400,4,165,95.0,123.0,27.0,27.0,60.0,60.0,280.0,199.5,0.005833333333333333,3,2
small-world,400,4,166,95.0,106.0,26.0,26.0,63.0,63.0,269.0,199.5,0.005833333333333333,3,2
small-world,400,4,167,19.0,91.0,25.0,25.0,50.0,50.0,65.0,199.5,0.005833333333333333,3,2
small-world,400,4,168,19.0,72.0,22.0,22.0,45.0,45.0,71.0,199.5,0.005833333333333333,3,2
small-world,400,4,169,95.0,64.0,23.0,23.0,41.0,41.0,283.0,199.5,0.005833333333333333,3,2
small-world,400,4,170,19.0,48.0,21.0,21.0,23.0,23.0,93.0,199.5,0.005833333333333333,3,2
small-world,400,4,171,2.0,41.0,10.0,10.0,9.0,9.0,20.0,199.5,0.005833333333333333,3,2
small-world,400,4,172,288.0,154.0,286.0,286.0,218.0,218.0,339.0,199.5,0.005833333333333333,3,2
small-world,400,4,173,95.0,121.0,234.0,234.0,146.0,146.0,148.0,199.5,0.005833333333333333,3,2
small-world,400,4,174,19.0,97.0,197.0,197.0,78.0,78.0,51.0,199.5,0.005833333333333333,3,2
small-world,400,4,175,288.0,307.0,286.0,286.0,324.0,324.0,366.0,199.5,0.005833333333333333,3,2
small-world,400,4,176,288.0,335.0,286.0,286.0,351.0,351.0,324.0,199.5,0.005833333333333333,3,2
small-world,400,4,177,19.0,367.0,140.0,140.0,334.0,334.0,38.0,199.5,0.005833333333333333,3,2
small-world,400,4,178,288.0,201.0,286.0,286.0,273.0,273.0,306.0,199.5,0.005833333333333333,3,2
small-world,400,4,179,288.0,395.0,286.0,286.0,395.0,395.0,288.0,199.5,0.005833333333333333,3,2
small-world,400,4,180,95.0,70.0,113.0,113.0,61.0,61.0,276.0,199.5,0.005833333333333333,3,2
small-world,400,4,181,288.0,111.0,286.0,286.0,219.0,219.0,336.0,199.5,0.005833333333333333,3,2
small-world,400,4,182,95.0,82.0,234.0,234.0,152.0,152.0,147.0,199.5,0.005833333333333333,3,2
small-world,400,4,183,288.0,240.0,286.0,286.0,267.0,267.0,370.0,199.5,0.005833333333333333,3,2
small-world,400,4,184,19.0,217.0,61.0,61.0,182.0,182.0,40.0,199.5,0.005833333333333333,3,2
small-world,400,4,185,19.0,17.0,159.0,159.0,40.0,40.0,43.0,199.5,0.005833333333333333,3,2
small-world,400,4,186,288.0,59.0,286.0,286.0,157.0,157.0,343.0,199.5,0.005833333333333333,3,2
small-world,400,4,187,95.0,152.0,234.0,234.0,207.0,207.0,115.0,199.5,0.005833333333333333,3,2
small-world,400,4,188,95.0,118.0,207.0,207.0,150.0,150.0,160.0,199.5,0.005833333333333333,3,2
small-world,400,4,189,95.0,87.0,175.0,175.0,95.0,95.0,230.0,199.5,0.005833333333333333,3,2
small-world,400,4,190,288.0,295.0,286.0,286.0,284.0,284.0,372.0,199.5,0.005833333333333333,3,2
small-world,400,4,191,288.0,37.0,286.0,286.0,101.0,101.0,355.0,199.5,0.005833333333333333,3,2
small-world,400,4,192,95.0,19.0,234.0,234.0,37.0,37.0,183.0,199.5,0.005833333333333333,3,2
small-world,400,4,193,2.0,103.0,156.0,156.0,162.0,162.0,2.0,199.5,0.005833333333333333,3,2
small-world,400,4,194,95.0,74.0,144.0,144.0,145.0,145.0,192.0,199.5,0.005833333333333333,3,2
small-world,400,4,195,95.0,51.0,128.0,128.0,117.0,117.0,207.0,199.5,0.005833333333333333,3,2
small-world,400,4,196,95.0,29.0,113.0,113.0,76.0,76.0,229.0,199.5,0.005833333333333333,3,2
small-world,400,4,197,288.0,285.0,286.0,286.0,226.0,226.0,384.0,199.5,0.005833333333333333,3,2
small-world,400,4,198,19.0,259.0,105.0,105.0,125.0,125.0,58.0,199.5,0.005833333333333333,3,2
small-world,400,4,199,19.0,237.0,65.0,65.0,75.0,75.0,81.0,199.5,0.005833333333333333,3,2
small-world,400,4,200,288.0,340.0,286.0,286.0,337.0,337.0,333.0,199.5,0.005833333333333333,3,2
small-world,400,4,201,19.0,239.0,199.0,199.0,286.0,286.0,19.0,199.5,0.005833333333333333,3,2
small-world,400,4,202,95.0,216.0,175.0,175.0,248.0,248.0,173.0,199.5,0.005833333333333333,3,2
small-world,400,4,203,95.0,189.0,162.0,162.0,203.0,203.0,222.0,199.5,0.005833333333333333,3,2
small-world,400,4,204,288.0,39.0,286.0,286.0,83.0,83.0,389.0,199.5,0.005833333333333333,3,2
small-world,400,4,205,288.0,179.0,286.0,286.0,134.0,134.0,397.0,199.5,0.005833333333333333,3,2
small-world,400,4,206,95.0,129.0,234.0,234.0,106.0,106.0,154.0,199.5,0.005833333333333333,3,2
small-world,400,4,207,95.0,351.0,113.0,113.0,344.0,344.0,221.0,199.5,0.005833333333333333,3,2
small-world,400,4,208,288.0,315.0,286.0,286.0,330.0,330.0,367.0,199.5,0.005833333333333333,3,2
small-world,400,4,209,95.0,78.0,113.0,113.0,33.0,33.0,270.0,199.5,0.005833333333333333,3,2
small-world,400,4,210,2.0,54.0,28.0,28.0,4.0,4.0,16.0,199.5,0.005833333333333333,3,2
small-world,400,4,211,288.0,270.0,286.0,286.0,277.0,277.0,348.0,199.5,0.005833333333333333,3,2
small-world,400,4,212,95.0,310.0,175.0,175.0,237.0,237.0,190.0,199.5,0.005833333333333333,3,2
small-world,400,4,213,288.0,214.0,286.0,286.0,303.0,303.0,310.0,199.5,0.005833333333333333,3,2
small-world,400,4,214,288.0,67.0,286.0,286.0,121.0,121.0,385.0,199.5,0.005833333333333333,3,2
small-world,400,4,215,19.0,33.0,56.0,56.0,48.0,48.0,61.0,199.5,0.005833333333333333,3,2
small-world,400,4,216,95.0,21.0,52.0,52.0,30.0,30.0,275.0,199.5,0.005833333333333333,3,2
small-world,400,4,217,95.0,390.0,162.0,162.0,384.0,384.0,169.0,199.5,0.005833333333333333,3,2
small-world,400,4,218,95.0,278.0,76.0,76.0,282.0,282.0,228.0,199.5,0.005833333333333333,3,2
small-world,400,4,219,95.0,251.0,70.0,70.0,246.0,246.0,250.0,199.5,0.005833333333333333,3,2
small-world,400,4,220,2.0,232.0,55.0,55.0,188.0,188.0,10.0,199.5,0.005833333333333333,3,2
small-world,400,4,221,288.0,186.0,286.0,286.0,274.0,274.0,308.0,199.5,0.005833333333333333,3,2
small-world,400,4,222,19.0,9.0,11.0,11.0,6.0,6.0,72.0,199.5,0.005833333333333333,3,2
small-world,400,4,223,19.0,12.0,8.0,8.0,7.0,7.0,89.0,199.5,0.005833333333333333,3,2
small-world,400,4,224,95.0,18.0,18.0,18.0,17.0,17.0,279.0,199.5,0.005833333333333333,3,2
small-world,400,4,225,288.0,277.0,286.0,286.0,270.0,270.0,365.0,199.5,0.005833333333333333,3,2
small-world,400,4,226,19.0,247.0,159.0,159.0,173.0,173.0,34.0,199.5,0.005833333333333333,3,2
small-world,400,4,227,288.0,366.0,286.0,286.0,362.0,362.0,342.0,199.5,0.005833333333333333,3,2
small-world,400,4,228,288.0,261.0,286.0,286.0,332.0,332.0,292.0,199.5,0.005833333333333333,3,2
small-world,400,4,229,288.0,272.0,286.0,286.0,268.0,268.0,361.0,199.5,0.005833333333333333,3,2
small-world,400,4,230,2.0,245.0,156.0,156.0,168.0,168.0,3.0,199.5,0.005833333333333333,3,2
small-world,400,4,231,288.0,200.0,286.0,286.0,315.0,315.0,301.0,199.5,0.005833333333333333,3,2
small-world,400,4,232,95.0,167.0,234.0,234.0,252.0,252.0,108.0,199.5,0.005833333333333333,3,2
small-world,400,4,233,288.0,155.0,286.0,286.0,187.0,187.0,349.0,199.5,0.005833333333333333,3,2
small-world,400,4,234,95.0,122.0,234.0,234.0,116.0,116.0,166.0,199.5,0.005833333333333333,3,2
small-world,400,4,235,95.0,308.0,175.0,175.0,331.0,331.0,162.0,199.5,0.005833333333333333,3,2
small-world,400,4,236,95.0,282.0,162.0,162.0,300.0,300.0,197.0,199.5,0.005833333333333333,3,2
small-world,400,4,237,288.0,59.0,286.0,286.0,157.0,157.0,343.0,199.5,0.005833333333333333,3,2
small-world,400,4,238,19.0,34.0,199.0,199.0,81.0,81.0,25.0,199.5,0.005833333333333333,3,2
small-world,400,4,239,288.0,143.0,286.0,286.0,241.0,241.0,327.0,199.5,0.005833333333333333,3,2
small-world,400,4,240,288.0,344.0,286.0,286.0,372.0,372.0,320.0,199.5,0.005833333333333333,3,2
small-world,400,4,241,19.0,328.0,199.0,199.0,342.0,342.0,17.0,199.5,0.005833333333333333,3,2
small-world,400,4,242,95.0,387.0,144.0,144.0,379.0,379.0,180.0,199.5,0.005833333333333333,3,2
small-world,400,4,243,95.0,382.0,128.0,128.0,369.0,369.0,187.0,199.5,0.005833333333333333,3,2
small-world,400,4,244,95.0,377.0,113.0,113.0,359.0,359.0,189.0,199.5,0.005833333333333333,3,2
small-world,400,4,245,95.0,370.0,107.0,107.0,354.0,354.0,195.0,199.5,0.005833333333333333,3,2
small-world,400,4,246,288.0,241.0,286.0,286.0,346.0,346.0,291.0,199.5,0.005833333333333333,3,2
small-world,400,4,247,95.0,218.0,234.0,234.0,306.0,306.0,98.0,199.5,0.005833333333333333,3,2
small-world,400,4,248,95.0,193.0,207.0,207.0,261.0,261.0,131.0,199.5,0.005833333333333333,3,2
small-world,400,4,249,95.0,360.0,100.0,100.0,338.0,338.0,198.0,199.5,0.005833333333333333,3,2
small-world,400,4,250,95.0,369.0,207.0,207.0,367.0,367.0,129.0,199.5,0.005833333333333333,3,2
small-world,400,4,251,95.0,358.0,175.0,175.0,353.0,353.0,164.0,199.5,0.005833333333333333,3,2
small-world,400,4,252,19.0,348.0,140.0,140.0,327.0,327.0,30.0,199.5,0.005833333333333333,3,2
small-world,400,4,253,288.0,52.0,286.0,286.0,127.0,127.0,358.0,199.5,0.005833333333333333,3,2
small-world,400,4,254,19.0,30.0,199.0,199.0,58.0,58.0,29.0,199.5,0.005833333333333333,3,2
small-world,400,4,255,19.0,16.0,12.0,12.0,21.0,21.0,66.0,199.5,0.005833333333333333,3,2
small-world,400,4,256,95.0,361.0,128.0,128.0,357.0,357.0,205.0,199.5,0.005833333333333333,3,2
small-world,400,4,257,288.0,52.0,286.0,286.0,127.0,127.0,358.0,199.5,0.005833333333333333,3,2
small-world,400,4,258,288.0,389.0,286.0,286.0,392.0,392.0,295.0,199.5,0.005833333333333333,3,2
small-world,400,4,259,95.0,198.0,234.0,234.0,289.0,289.0,101.0,199.5,0.005833333333333333,3,2
small-world,400,4,260,288.0,381.0,286.0,286.0,389.0,389.0,290.0,199.5,0.005833333333333333,3,2
small-world,400,4,261,95.0,376.0,234.0,234.0,380.0,380.0,97.0,199.5,0.005833333333333333,3,2
small-world,400,4,262,288.0,373.0,286.0,286.0,381.0,381.0,304.0,199.5,0.005833333333333333,3,2
small-world,400,4,263,95.0,365.0,234.0,234.0,356.0,356.0,111.0,199.5,0.005833333333333333,3,2
small-world,400,4,264,19.0,354.0,173.0,173.0,328.0,328.0,24.0,199.5,0.005833333333333333,3,2
small-world,400,4,265,95.0,341.0,162.0,162.0,308.0,308.0,177.0,199.5,0.005833333333333333,3,2
small-world,400,4,266,95.0,325.0,144.0,144.0,278.0,278.0,196.0,199.5,0.005833333333333333,3,2
small-world,400,4,267,95.0,306.0,128.0,128.0,233.0,233.0,215.0,199.5,0.005833333333333333,3,2
small-world,400,4,268,288.0,130.0,286.0,286.0,118.0,118.0,381.0,199.5,0.005833333333333333,3,2
small-world,400,4,269,288.0,184.0,286.0,286.0,259.0,259.0,329.0,199.5,0.005833333333333333,3,2
small-world,400,4,270,95.0,394.0,234.0,234.0,393.0,393.0,95.0,199.5,0.005833333333333333,3,2
small-world,400,4,271,19.0,83.0,127.0,127.0,47.0,47.0,57.0,199.5,0.005833333333333333,3,2
small-world,400,4,272,95.0,157.0,175.0,175.0,214.0,214.0,167.0,199.5,0.005833333333333333,3,2
small-world,400,4,273,95.0,66.0,234.0,234.0,123.0,123.0,125.0,199.5,0.005833333333333333,3,2
small-world,400,4,274,95.0,44.0,207.0,207.0,68.0,68.0,202.0,199.5,0.005833333333333333,3,2
small-world,400,4,275,95.0,320.0,85.0,85.0,320.0,320.0,233.0,199.5,0.005833333333333333,3,2
small-world,400,4,276,95.0,299.0,79.0,79.0,305.0,305.0,223.0,199.5,0.005833333333333333,3,2
small-world,400,4,277,95.0,149.0,79.0,79.0,86.0,86.0,265.0,199.5,0.005833333333333333,3,2
small-world,400,4,278,19.0,120.0,33.0,33.0,36.0,36.0,82.0,199.5,0.005833333333333333,3,2
small-world,400,4,279,95.0,99.0,162.0,162.0,143.0,143.0,220.0,199.5,0.005833333333333333,3,2
small-world,400,4,280,2.0,71.0,95.0,95.0,82.0,82.0,6.0,199.5,0.005833333333333333,3,2
small-world,400,4,281,19.0,49.0,83.0,83.0,62.0,62.0,50.0,199.5,0.005833333333333333,3,2
small-world,400,4,282,95.0,92.0,34.0,34.0,29.0,29.0,284.0,199.5,0.005833333333333333,3,2
small-world,400,4,283,19.0,69.0,29.0,29.0,13.0,13.0,88.0,199.5,0.005833333333333333,3,2
small-world,400,4,284,95.0,79.0,47.0,47.0,42.0,42.0,277.0,199.5,0.005833333333333333,3,2
small-world,400,4,285,288.0,195.0,286.0,286.0,280.0,280.0,313.0,199.5,0.005833333333333333,3,2
small-world,400,4,286,95.0,161.0,234.0,234.0,209.0,209.0,120.0,199.5,0.005833333333333333,3,2
small-world,400,4,287,95.0,127.0,207.0,207.0,155.0,155.0,175.0,199.5,0.005833333333333333,3,2
small-world,400,4,288,19.0,97.0,124.0,124.0,92.0,92.0,52.0,199.5,0.005833333333333333,3,2
small-world,400,4,289,19.0,8.0,2.0,2.0,15.0,15.0,86.0,199.5,0.005833333333333333,3,2
small-world,400,4,290,19.0,6.0,5.0,5.0,14.0,14.0,79.0,199.5,0.005833333333333333,3,2
small-world,400,4,291,95.0,5.0,7.0,7.0,19.0,19.0,281.0,199.5,0.005833333333333333,3,2
small-world,400,4,292,95.0,333.0,128.0,128.0,318.0,318.0,199.0,199.5,0.005833333333333333,3,2
small-world,400,4,293,288.0,343.0,286.0,286.0,360.0,360.0,319.0,199.5,0.005833333333333333,3,2
small-world,400,4,294,95.0,327.0,234.0,234.0,329.0,329.0,127.0,199.5,0.005833333333333333,3,2
small-world,400,4,295,288.0,332.0,286.0,286.0,339.0,339.0,371.0,199.5,0.005833333333333333,3,2
small-world,400,4,296,19.0,312.0,74.0,74.0,264.0,264.0,41.0,199.5,0.005833333333333333,3,2
small-world,400,4,297,19.0,290.0,66.0,66.0,243.0,243.0,37.0,199.5,0.005833333333333333,3,2
small-world,400,4,298,288.0,163.0,286.0,286.0,181.0,181.0,341.0,199.5,0.005833333333333333,3,2
small-world,400,4,299,288.0,137.0,286.0,286.0,249.0,249.0,351.0,199.5,0.005833333333333333,3,2
small-world,400,4,300,95.0,10.0,35.0,35.0,28.0,28.0,272.0,199.5,0.005833333333333333,3,2
small-world,400,4,301,95.0,169.0,234.0,234.0,206.0,206.0,114.0,199.5,0.005833333333333333,3,2
small-world,400,4,302,95.0,226.0,234.0,234.0,311.0,311.0,104.0,199.5,0.005833333333333333,3,2
small-world,400,4,303,95.0,204.0,207.0,207.0,265.0,265.0,139.0,199.5,0.005833333333333333,3,2
small-world,400,4,304,95.0,172.0,175.0,175.0,220.0,220.0,182.0,199.5,0.005833333333333333,3,2
small-world,400,4,305,95.0,140.0,162.0,162.0,169.0,169.0,226.0,199.5,0.005833333333333333,3,2
small-world,400,4,306,19.0,151.0,199.0,199.0,183.0,183.0,21.0,199.5,0.005833333333333333,3,2
small-world,400,4,307,95.0,117.0,175.0,175.0,139.0,139.0,188.0,199.5,0.005833333333333333,3,2
small-world,400,4,308,95.0,86.0,162.0,162.0,91.0,91.0,249.0,199.5,0.005833333333333333,3,2
small-world,400,4,309,19.0,61.0,89.0,89.0,34.0,34.0,84.0,199.5,0.005833333333333333,3,2
small-world,400,4,310,95.0,32.0,20.0,20.0,10.0,10.0,286.0,199.5,0.005833333333333333,3,2
small-world,400,4,311,2.0,42.0,13.0,13.0,1.0,1.0,22.0,199.5,0.005833333333333333,3,2
small-world,400,4,312,288.0,362.0,286.0,286.0,377.0,377.0,346.0,199.5,0.005833333333333333,3,2
small-world,400,4,313,288.0,313.0,286.0,286.0,291.0,291.0,334.0,199.5,0.005833333333333333,3,2
small-world,400,4,314,95.0,286.0,234.0,234.0,201.0,201.0,144.0,199.5,0.005833333333333333,3,2
small-world,400,4,315,95.0,349.0,99.0,99.0,323.0,323.0,200.0,199.5,0.005833333333333333,3,2
small-world,400,4,316,288.0,43.0,286.0,286.0,107.0,107.0,354.0,199.5,0.005833333333333333,3,2
small-world,400,4,317,95.0,254.0,144.0,144.0,258.0,258.0,238.0,199.5,0.005833333333333333,3,2
small-world,400,4,318,288.0,37.0,286.0,286.0,101.0,101.0,355.0,199.5,0.005833333333333333,3,2
small-world,400,4,319,288.0,263.0,286.0,286.0,340.0,340.0,325.0,199.5,0.005833333333333333,3,2
small-world,400,4,320,288.0,183.0,286.0,286.0,254.0,254.0,350.0,199.5,0.005833333333333333,3,2
small-world,400,4,321,19.0,150.0,173.0,173.0,174.0,174.0,27.0,199.5,0.005833333333333333,3,2
small-world,400,4,322,95.0,116.0,162.0,162.0,131.0,131.0,211.0,199.5,0.005833333333333333,3,2
small-world,400,4,323,95.0,85.0,144.0,144.0,88.0,88.0,258.0,199.5,0.005833333333333333,3,2
small-world,400,4,324,288.0,229.0,286.0,286.0,287.0,287.0,322.0,199.5,0.005833333333333333,3,2
small-world,400,4,325,288.0,45.0,286.0,286.0,66.0,66.0,393.0,199.5,0.005833333333333333,3,2
small-world,400,4,326,95.0,205.0,67.0,67.0,110.0,110.0,271.0,199.5,0.005833333333333333,3,2
small-world,400,4,327,19.0,176.0,46.0,46.0,65.0,65.0,78.0,199.5,0.005833333333333333,3,2
small-world,400,4,328,19.0,146.0,45.0,45.0,53.0,53.0,68.0,199.5,0.005833333333333333,3,2
small-world,400,4,329,288.0,357.0,286.0,286.0,361.0,361.0,298.0,199.5,0.005833333333333333,3,2
small-world,400,4,330,95.0,347.0,234.0,234.0,333.0,333.0,105.0,199.5,0.005833333333333333,3,2
small-world,400,4,331,95.0,330.0,207.0,207.0,296.0,296.0,143.0,199.5,0.005833333333333333,3,2
small-world,400,4,332,95.0,152.0,234.0,234.0,207.0,207.0,115.0,199.5,0.005833333333333333,3,2
small-world,400,4,333,95.0,118.0,207.0,207.0,150.0,150.0,160.0,199.5,0.005833333333333333,3,2
small-world,400,4,334,95.0,164.0,207.0,207.0,140.0,140.0,194.0,199.5,0.005833333333333333,3,2
small-world,400,4,335,95.0,182.0,234.0,234.0,234.0,234.0,117.0,199.5,0.005833333333333333,3,2
small-world,400,4,336,288.0,57.0,286.0,286.0,120.0,120.0,388.0,199.5,0.005833333333333333,3,2
small-world,400,4,337,288.0,384.0,286.0,286.0,387.0,387.0,353.0,199.5,0.005833333333333333,3,2
small-world,400,4,338,288.0,359.0,286.0,286.0,366.0,366.0,360.0,199.5,0.005833333333333333,3,2
small-world,400,4,339,288.0,235.0,286.0,286.0,309.0,309.0,293.0,199.5,0.005833333333333333,3,2
small-world,400,4,340,95.0,211.0,234.0,234.0,245.0,245.0,100.0,199.5,0.005833333333333333,3,2
small-world,400,4,341,95.0,178.0,207.0,207.0,195.0,195.0,135.0,199.5,0.005833333333333333,3,2
small-world,400,4,342,288.0,272.0,286.0,286.0,268.0,268.0,361.0,199.5,0.005833333333333333,3,2
small-world,400,4,343,95.0,102.0,175.0,175.0,98.0,98.0,227.0,199.5,0.005833333333333333,3,2
small-world,400,4,344,288.0,250.0,286.0,286.0,350.0,350.0,297.0,199.5,0.005833333333333333,3,2
small-world,400,4,345,95.0,353.0,234.0,234.0,345.0,345.0,106.0,199.5,0.005833333333333333,3,2
small-world,400,4,346,19.0,378.0,159.0,159.0,368.0,368.0,28.0,199.5,0.005833333333333333,3,2
small-world,400,4,347,95.0,371.0,144.0,144.0,363.0,363.0,193.0,199.5,0.005833333333333333,3,2
small-world,400,4,348,288.0,362.0,286.0,286.0,377.0,377.0,346.0,199.5,0.005833333333333333,3,2
small-world,400,4,349,95.0,139.0,128.0,128.0,167.0,167.0,245.0,199.5,0.005833333333333333,3,2
small-world,400,4,350,95.0,168.0,31.0,31.0,64.0,64.0,282.0,199.5,0.005833333333333333,3,2
small-world,400,4,351,288.0,292.0,286.0,286.0,307.0,307.0,340.0,199.5,0.005833333333333333,3,2
small-world,400,4,352,288.0,175.0,286.0,286.0,194.0,194.0,364.0,199.5,0.005833333333333333,3,2
small-world,400,4,353,19.0,142.0,140.0,140.0,112.0,112.0,32.0,199.5,0.005833333333333333,3,2
small-world,400,4,354,95.0,262.0,63.0,63.0,240.0,240.0,214.0,199.5,0.005833333333333333,3,2
small-world,400,4,355,95.0,238.0,62.0,62.0,216.0,216.0,216.0,199.5,0.005833333333333333,3,2
small-world,400,4,356,95.0,94.0,128.0,128.0,133.0,133.0,212.0,199.5,0.005833333333333333,3,2
small-world,400,4,357,95.0,68.0,113.0,113.0,103.0,103.0,236.0,199.5,0.005833333333333333,3,2
small-world,400,4,358,288.0,309.0,286.0,286.0,272.0,272.0,375.0,199.5,0.005833333333333333,3,2
small-world,400,4,359,19.0,283.0,105.0,105.0,180.0,180.0,44.0,199.5,0.005833333333333333,3,2
small-world,400,4,360,95.0,236.0,234.0,234.0,283.0,283.0,99.0,199.5,0.005833333333333333,3,2
small-world,400,4,361,95.0,212.0,207.0,207.0,232.0,232.0,132.0,199.5,0.005833333333333333,3,2
small-world,400,4,362,95.0,181.0,175.0,175.0,186.0,186.0,170.0,199.5,0.005833333333333333,3,2
small-world,400,4,363,95.0,148.0,162.0,162.0,138.0,138.0,209.0,199.5,0.005833333333333333,3,2
small-world,400,4,364,95.0,115.0,144.0,144.0,90.0,90.0,257.0,199.5,0.005833333333333333,3,2
small-world,400,4,365,19.0,84.0,103.0,103.0,35.0,35.0,74.0,199.5,0.005833333333333333,3,2
small-world,400,4,366,95.0,112.0,198.0,198.0,72.0,72.0,266.0,199.5,0.005833333333333333,3,2
small-world,400,4,367,288.0,336.0,286.0,286.0,355.0,355.0,307.0,199.5,0.005833333333333333,3,2
small-world,400,4,368,95.0,319.0,234.0,234.0,312.0,312.0,113.0,199.5,0.005833333333333333,3,2
small-world,400,4,369,95.0,294.0,207.0,207.0,255.0,255.0,159.0,199.5,0.005833333333333333,3,2
small-world,400,4,370,95.0,107.0,128.0,128.0,74.0,74.0,242.0,199.5,0.005833333333333333,3,2
small-world,400,4,371,19.0,352.0,199.0,199.0,343.0,343.0,26.0,199.5,0.005833333333333333,3,2
small-world,400,4,372,19.0,337.0,90.0,90.0,313.0,313.0,49.0,199.5,0.005833333333333333,3,2
small-world,400,4,373,288.0,344.0,286.0,286.0,372.0,372.0,320.0,199.5,0.005833333333333333,3,2
small-world,400,4,374,288.0,13.0,286.0,286.0,54.0,54.0,398.0,199.5,0.005833333333333333,3,2
small-world,400,4,375,19.0,2.0,6.0,6.0,8.0,8.0,70.0,199.5,0.005833333333333333,3,2
small-world,400,4,376,19.0,1.0,1.0,1.0,5.0,5.0,87.0,199.5,0.005833333333333333,3,2
small-world,400,4,377,19.0,4.0,4.0,4.0,3.0,3.0,91.0,199.5,0.005833333333333333,3,2
small-world,400,4,378,2.0,7.0,9.0,9.0,2.0,2.0,14.0,199.5,0.005833333333333333,3,2
small-world,400,4,379,95.0,311.0,234.0,234.0,253.0,253.0,140.0,199.5,0.005833333333333333,3,2
small-world,400,4,380,19.0,284.0,125.0,125.0,177.0,177.0,45.0,199.5,0.005833333333333333,3,2
small-world,400,4,381,95.0,380.0,234.0,234.0,382.0,382.0,107.0,199.5,0.005833333333333333,3,2
small-world,400,4,382,95.0,374.0,207.0,207.0,365.0,365.0,149.0,199.5,0.005833333333333333,3,2
small-world,400,4,383,95.0,368.0,175.0,175.0,348.0,348.0,201.0,199.5,0.005833333333333333,3,2
small-world,400,4,384,19.0,355.0,97.0,97.0,310.0,310.0,55.0,199.5,0.005833333333333333,3,2
small-world,400,4,385,95.0,346.0,91.0,91.0,319.0,319.0,243.0,199.5,0.005833333333333333,3,2
small-world,400,4,386,95.0,329.0,85.0,85.0,301.0,301.0,225.0,199.5,0.005833333333333333,3,2
small-world,400,4,387,95.0,388.0,234.0,234.0,388.0,388.0,102.0,199.5,0.005833333333333333,3,2
small-world,400,4,388,95.0,383.0,207.0,207.0,383.0,383.0,137.0,199.5,0.005833333333333333,3,2
small-world,400,4,389,288.0,114.0,286.0,286.0,119.0,119.0,382.0,199.5,0.005833333333333333,3,2
small-world,400,4,390,288.0,391.0,286.0,286.0,394.0,394.0,296.0,199.5,0.005833333333333333,3,2
small-world,400,4,391,288.0,257.0,286.0,286.0,294.0,294.0,396.0,199.5,0.005833333333333333,3,2
small-world,400,4,392,288.0,50.0,286.0,286.0,113.0,113.0,380.0,199.5,0.005833333333333333,3,2
small-world,400,4,393,19.0,28.0,74.0,74.0,43.0,43.0,54.0,199.5,0.005833333333333333,3,2
small-world,400,4,394,95.0,14.0,70.0,70.0,26.0,26.0,274.0,199.5,0.005833333333333333,3,2
small-world,400,4,395,95.0,318.0,234.0,234.0,302.0,302.0,130.0,199.5,0.005833333333333333,3,2
small-world,400,4,396,95.0,398.0,286.0,286.0,398.0,398.0,234.0,199.5,0.005833333333333333,3,2
small-world,400,4,397,288.0,199.0,286.0,286.0,225.0,225.0,345.0,199.5,0.005833333333333333,3,2
small-world,400,4,398,95.0,166.0,234.0,234.0,148.0,148.0,163.0,199.5,0.005833333333333333,3,2
small-world,400,4,399,2.0,132.0,49.0,49.0,69.0,69.0,13.0,199.5,0.005833333333333333,3,2
