small-world,400,5,0,99.0,198.0,229.0,229.0,272.0,272.0,135.0,199.5,0.0,2,1
small-world,400,5,1,285.0,234.0,285.0,285.0,255.0,255.0,340.0,199.5,0.0,2,1
small-world,400,5,2,285.0,305.0,285.0,285.0,371.0,371.0,325.0,199.5,0.0,2,1
small-world,400,5,3,99.0,326.0,229.0,229.0,237.0,237.0,168.0,199.5,0.0,2,1
small-world,400,5,4,285.0,309.0,285.0,285.0,257.0,257.0,388.0,199.5,0.0,2,1
small-world,400,5,5,285.0,231.0,285.0,285.0,310.0,310.0,334.0,199.5,0.0,2,1
small-world,400,5,6,99.0,276.0,206.0,206.0,326.0,326.0,148.0,199.5,0.0,2,1
small-world,400,5,7,285.0,30.0,285.0,285.0,99.0,99.0,339.0,199.5,0.0,2,1
small-world,400,5,8,99.0,17.0,229.0,229.0,41.0,41.0,154.0,199.5,0.0,2,1
small-world,400,5,9,15.0,6.0,4.0,4.0,13.0,13.0,65.0,199.5,0.0,2,1
small-world,400,5,10,99.0,9.0,8.0,8.0,21.0,21.0,260.0,199.5,0.0,2,1
small-world,400,5,11,15.0,13.0,6.0,6.0,15.0,15.0,80.0,199.5,0.0,2,1
small-world,400,5,12,99.0,16.0,10.0,10.0,19.0,19.0,272.0,199.5,0.0,2,1
small-world,400,5,13,99.0,82.0,27.0,27.0,100.0,100.0,187.0,199.5,0.0,2,1
small-world,400,5,14,285.0,380.0,285.0,285.0,394.0,394.0,288.0,199.5,0.0,2,1
small-world,400,5,15,99.0,367.0,229.0,229.0,366.0,366.0,102.0,199.5,0.0,2,1
small-world,400,5,16,99.0,357.0,206.0,206.0,334.0,334.0,145.0,199.5,0.0,2,1
small-world,400,5,17,99.0,336.0,188.0,188.0,298.0,298.0,180.0,199.5,0.0,2,1
small-world,400,5,18,99.0,317.0,175.0,175.0,244.0,244.0,216.0,199.5,0.0,2,1
small-world,400,5,19,5.0,213.0,38.0,38.0,79.0,79.0,10.0,199.5,0.0,2,1
small-world,400,5,20,99.0,192.0,39.0,39.0,133.0,133.0,257.0,199.5,0.0,2,1
small-world,400,5,21,99.0,172.0,37.0,37.0,145.0,145.0,242.0,199.5,0.0,2,1
small-world,400,5,22,15.0,159.0,35.0,35.0,130.0,130.0,54.0,199.5,0.0,2,1
small-world,400,5,23,99.0,141.0,34.0,34.0,143.0,143.0,220.0,199.5,0.0,2,1
small-world,400,5,24,15.0,125.0,30.0,30.0,125.0,125.0,40.0,199.5,0.0,2,1
small-world,400,5,25,99.0,110.0,29.0,29.0,134.0,134.0,190.0,199.5,0.0,2,1
small-world,400,5,26,15.0,21.0,58.0,58.0,28.0,28.0,69.0,199.5,0.0,2,1
small-world,400,5,27,285.0,253.0,285.0,285.0,361.0,361.0,298.0,199.5,0.0,2,1
small-world,400,5,28,99.0,259.0,206.0,206.0,301.0,301.0,167.0,199.5,0.0,2,1
small-world,400,5,29,285.0,231.0,285.0,285.0,310.0,310.0,334.0,199.5,0.0,2,1
small-world,400,5,30,285.0,217.0,285.0,285.0,225.0,225.0,379.0,199.5,0.0,2,1
small-world,400,5,31,285.0,351.0,285.0,285.0,358.0,358.0,364.0,199.5,0.0,2,1
small-world,400,5,32,15.0,332.0,131.0,131.0,284.0,284.0,35.0,199.5,0.0,2,1
small-world,400,5,33,285.0,341.0,285.0,285.0,369.0,369.0,292.0,199.5,0.0,2,1
small-world,400,5,34,99.0,320.0,229.0,229.0,319.0,319.0,105.0,199.5,0.0,2,1
small-world,400,5,35,99.0,297.0,206.0,206.0,264.0,264.0,151.0,199.5,0.0,2,1
small-world,400,5,36,99.0,64.0,23.0,23.0,72.0,72.0,247.0,199.5,0.0,2,1
small-world,400,5,37,99.0,51.0,22.0,22.0,74.0,74.0,219.0,199.5,0.0,2,1
small-world,400,5,38,99.0,42.0,21.0,21.0,67.0,67.0,201.0,199.5,0.0,2,1
small-world,400,5,39,285.0,370.0,285.0,285.0,376.0,376.0,326.0,199.5,0.0,2,1
small-world,400,5,40,15.0,358.0,200.0,200.0,324.0,324.0,16.0,199.5,0.0,2,1
small-world,400,5,41,99.0,338.0,188.0,188.0,288.0,288.0,175.0,199.5,0.0,2,1
small-world,400,5,42,15.0,318.0,150.0,150.0,231.0,231.0,45.0,199.5,0.0,2,1
small-world,400,5,43,15.0,241.0,103.0,103.0,181.0,181.0,58.0,199.5,0.0,2,1
small-world,400,5,44,15.0,3.0,5.0,5.0,5.0,5.0,95.0,199.5,0.0,2,1
small-world,400,5,45,285.0,137.0,285.0,285.0,216.0,216.0,382.0,199.5,0.0,2,1
small-world,400,5,46,15.0,116.0,76.0,76.0,111.0,111.0,55.0,199.5,0.0,2,1
small-world,400,5,47,99.0,99.0,73.0,73.0,124.0,124.0,221.0,199.5,0.0,2,1
small-world,400,5,48,285.0,108.0,285.0,285.0,156.0,156.0,365.0,199.5,0.0,2,1
small-world,400,5,49,15.0,87.0,182.0,182.0,55.0,55.0,38.0,199.5,0.0,2,1
small-world,400,5,50,285.0,345.0,285.0,285.0,328.0,328.0,347.0,199.5,0.0,2,1
small-world,400,5,51,99.0,326.0,229.0,229.0,237.0,237.0,168.0,199.5,0.0,2,1
small-world,400,5,52,5.0,307.0,99.0,99.0,140.0,140.0,9.0,199.5,0.0,2,1
small-world,400,5,53,99.0,278.0,96.0,96.0,141.0,141.0,273.0,199.5,0.0,2,1
small-world,400,5,54,285.0,18.0,285.0,285.0,31.0,31.0,396.0,199.5,0.0,2,1
small-world,400,5,55,285.0,72.0,285.0,285.0,122.0,122.0,351.0,199.5,0.0,2,1
small-world,400,5,56,99.0,50.0,229.0,229.0,48.0,48.0,170.0,199.5,0.0,2,1
small-world,400,5,57,99.0,164.0,206.0,206.0,221.0,221.0,157.0,199.5,0.0,2,1
small-world,400,5,58,99.0,45.0,68.0,68.0,62.0,62.0,225.0,199.5,0.0,2,1
small-world,400,5,59,15.0,31.0,62.0,62.0,35.0,35.0,60.0,199.5,0.0,2,1
small-world,400,5,60,99.0,208.0,229.0,229.0,307.0,307.0,103.0,199.5,0.0,2,1
small-world,400,5,61,99.0,183.0,206.0,206.0,253.0,253.0,147.0,199.5,0.0,2,1
small-world,400,5,62,285.0,115.0,285.0,285.0,177.0,177.0,367.0,199.5,0.0,2,1
small-world,400,5,63,15.0,129.0,130.0,130.0,154.0,154.0,52.0,199.5,0.0,2,1
small-world,400,5,64,285.0,359.0,285.0,285.0,363.0,363.0,328.0,199.5,0.0,2,1
small-world,400,5,65,99.0,339.0,229.0,229.0,308.0,308.0,139.0,199.5,0.0,2,1
small-world,400,5,66,285.0,128.0,285.0,285.0,213.0,213.0,322.0,199.5,0.0,2,1
small-world,400,5,67,99.0,107.0,229.0,229.0,135.0,135.0,134.0,199.5,0.0,2,1
small-world,400,5,68,99.0,56.0,43.0,43.0,49.0,49.0,218.0,199.5,0.0,2,1
small-world,400,5,69,15.0,44.0,42.0,42.0,30.0,30.0,57.0,199.5,0.0,2,1
small-world,400,5,70,15.0,33.0,36.0,36.0,14.0,14.0,83.0,199.5,0.0,2,1
small-world,400,5,71,5.0,23.0,2.0,2.0,4.0,4.0,14.0,199.5,0.0,2,1
small-world,400,5,72,15.0,34.0,47.0,47.0,20.0,20.0,72.0,199.5,0.0,2,1
small-world,400,5,73,285.0,229.0,285.0,285.0,275.0,275.0,386.0,199.5,0.0,2,1
small-world,400,5,74,285.0,370.0,285.0,285.0,376.0,376.0,326.0,199.5,0.0,2,1
small-world,400,5,75,15.0,123.0,33.0,33.0,96.0,96.0,81.0,199.5,0.0,2,1
small-world,400,5,76,285.0,138.0,285.0,285.0,226.0,226.0,344.0,199.5,0.0,2,1
small-world,400,5,77,99.0,118.0,229.0,229.0,146.0,146.0,163.0,199.5,0.0,2,1
small-world,400,5,78,1.0,98.0,111.0,111.0,50.0,50.0,2.0,199.5,0.0,2,1
small-world,400,5,79,99.0,79.0,108.0,108.0,59.0,59.0,254.0,199.5,0.0,2,1
small-world,400,5,80,15.0,174.0,82.0,82.0,51.0,51.0,98.0,199.5,0.0,2,1
small-world,400,5,81,285.0,138.0,285.0,285.0,226.0,226.0,344.0,199.5,0.0,2,1
small-world,400,5,82,99.0,118.0,229.0,229.0,146.0,146.0,163.0,199.5,0.0,2,1
small-world,400,5,83,285.0,143.0,285.0,285.0,218.0,218.0,359.0,199.5,0.0,2,1
small-world,400,5,84,99.0,27.0,206.0,206.0,24.0,24.0,226.0,199.5,0.0,2,1
small-world,400,5,85,15.0,360.0,152.0,152.0,247.0,247.0,48.0,199.5,0.0,2,1
small-world,400,5,86,15.0,343.0,128.0,128.0,212.0,212.0,66.0,199.5,0.0,2,1
small-world,400,5,87,285.0,277.0,285.0,285.0,349.0,349.0,356.0,199.5,0.0,2,1
small-world,400,5,88,15.0,255.0,170.0,170.0,273.0,273.0,24.0,199.5,0.0,2,1
small-world,400,5,89,99.0,228.0,161.0,161.0,245.0,245.0,192.0,199.5,0.0,2,1
small-world,400,5,90,99.0,203.0,154.0,154.0,211.0,211.0,240.0,199.5,0.0,2,1
small-world,400,5,91,99.0,73.0,112.0,112.0,68.0,68.0,239.0,199.5,0.0,2,1
small-world,400,5,92,15.0,53.0,102.0,102.0,36.0,36.0,70.0,199.5,0.0,2,1
small-world,400,5,93,99.0,135.0,39.0,39.0,126.0,126.0,271.0,199.5,0.0,2,1
small-world,400,5,94,285.0,285.0,285.0,285.0,306.0,306.0,376.0,199.5,0.0,2,1
small-world,400,5,95,15.0,258.0,107.0,107.0,210.0,210.0,50.0,199.5,0.0,2,1
small-world,400,5,96,99.0,136.0,75.0,75.0,139.0,139.0,222.0,199.5,0.0,2,1
small-world,400,5,97,285.0,234.0,285.0,285.0,255.0,255.0,340.0,199.5,0.0,2,1
small-world,400,5,98,15.0,208.0,200.0,200.0,175.0,175.0,19.0,199.5,0.0,2,1
small-world,400,5,99,99.0,184.0,188.0,188.0,110.0,110.0,223.0,199.5,0.0,2,1
small-world,400,5,100,15.0,161.0,78.0,78.0,46.0,46.0,96.0,199.5,0.0,2,1
small-world,400,5,101,15.0,146.0,52.0,52.0,47.0,47.0,94.0,199.5,0.0,2,1
small-world,400,5,102,285.0,323.0,285.0,285.0,383.0,383.0,301.0,199.5,0.0,2,1
small-world,400,5,103,99.0,303.0,229.0,229.0,342.0,342.0,115.0,199.5,0.0,2,1
small-world,400,5,104,285.0,199.0,285.0,285.0,291.0,291.0,366.0,199.5,0.0,2,1
small-world,400,5,105,99.0,22.0,18.0,18.0,44.0,44.0,204.0,199.5,0.0,2,1
small-world,400,5,106,285.0,109.0,285.0,285.0,164.0,164.0,353.0,199.5,0.0,2,1
small-world,400,5,107,99.0,88.0,229.0,229.0,69.0,69.0,178.0,199.5,0.0,2,1
small-world,400,5,108,5.0,68.0,70.0,70.0,26.0,26.0,11.0,199.5,0.0,2,1
small-world,400,5,109,285.0,341.0,285.0,285.0,369.0,369.0,292.0,199.5,0.0,2,1
small-world,400,5,110,1.0,375.0,148.0,148.0,254.0,254.0,1.0,199.5,0.0,2,1
small-world,400,5,111,15.0,362.0,116.0,116.0,250.0,250.0,68.0,199.5,0.0,2,1
small-world,400,5,112,99.0,345.0,112.0,112.0,281.0,281.0,238.0,199.5,0.0,2,1
small-world,400,5,113,285.0,80.0,285.0,285.0,174.0,174.0,308.0,199.5,0.0,2,1
small-world,400,5,114,99.0,57.0,229.0,229.0,89.0,89.0,122.0,199.5,0.0,2,1
small-world,400,5,115,15.0,39.0,182.0,182.0,37.0,37.0,25.0,199.5,0.0,2,1
small-world,400,5,116,99.0,26.0,175.0,175.0,18.0,18.0,255.0,199.5,0.0,2,1
small-world,400,5,117,1.0,14.0,11.0,11.0,1.0,1.0,4.0,199.5,0.0,2,1
small-world,400,5,118,15.0,7.0,13.0,13.0,3.0,3.0,87.0,199.5,0.0,2,1
small-world,400,5,119,285.0,394.0,285.0,285.0,392.0,392.0,329.0,199.5,0.0,2,1
small-world,400,5,120,99.0,384.0,229.0,229.0,351.0,351.0,140.0,199.5,0.0,2,1
small-world,400,5,121,15.0,309.0,103.0,103.0,243.0,243.0,44.0,199.5,0.0,2,1
small-world,400,5,122,99.0,282.0,101.0,101.0,234.0,234.0,212.0,199.5,0.0,2,1
small-world,400,5,123,15.0,257.0,93.0,93.0,209.0,209.0,51.0,199.5,0.0,2,1
small-world,400,5,124,99.0,239.0,92.0,92.0,194.0,194.0,251.0,199.5,0.0,2,1
small-world,400,5,125,99.0,320.0,229.0,229.0,319.0,319.0,105.0,199.5,0.0,2,1
small-world,400,5,126,99.0,311.0,126.0,126.0,280.0,280.0,196.0,199.5,0.0,2,1
small-world,400,5,127,99.0,283.0,120.0,120.0,249.0,249.0,206.0,199.5,0.0,2,1
small-world,400,5,128,285.0,304.0,285.0,285.0,357.0,357.0,352.0,199.5,0.0,2,1
small-world,400,5,129,99.0,153.0,206.0,206.0,185.0,185.0,182.0,199.5,0.0,2,1
small-world,400,5,130,15.0,130.0,90.0,90.0,104.0,104.0,74.0,199.5,0.0,2,1
small-world,400,5,131,285.0,396.0,285.0,285.0,397.0,397.0,319.0,199.5,0.0,2,1
small-world,400,5,132,99.0,388.0,229.0,229.0,359.0,359.0,131.0,199.5,0.0,2,1
small-world,400,5,133,15.0,376.0,167.0,167.0,303.0,303.0,36.0,199.5,0.0,2,1
small-world,400,5,134,99.0,390.0,206.0,206.0,375.0,375.0,153.0,199.5,0.0,2,1
small-world,400,5,135,99.0,104.0,161.0,161.0,94.0,94.0,244.0,199.5,0.0,2,1
small-world,400,5,136,285.0,162.0,285.0,285.0,268.0,268.0,315.0,199.5,0.0,2,1
small-world,400,5,137,99.0,142.0,229.0,229.0,195.0,195.0,127.0,199.5,0.0,2,1
small-world,400,5,138,15.0,121.0,182.0,182.0,116.0,116.0,29.0,199.5,0.0,2,1
small-world,400,5,139,99.0,361.0,206.0,206.0,289.0,289.0,179.0,199.5,0.0,2,1
small-world,400,5,140,285.0,284.0,285.0,285.0,302.0,302.0,378.0,199.5,0.0,2,1
small-world,400,5,141,15.0,213.0,49.0,49.0,152.0,152.0,84.0,199.5,0.0,2,1
small-world,400,5,142,99.0,190.0,50.0,50.0,165.0,165.0,264.0,199.5,0.0,2,1
small-world,400,5,143,99.0,169.0,48.0,48.0,158.0,158.0,259.0,199.5,0.0,2,1
small-world,400,5,144,285.0,291.0,285.0,285.0,325.0,325.0,358.0,199.5,0.0,2,1
small-world,400,5,145,285.0,280.0,285.0,285.0,214.0,214.0,397.0,199.5,0.0,2,1
small-world,400,5,146,285.0,400.0,285.0,285.0,400.0,400.0,291.0,199.5,0.0,2,1
small-world,400,5,147,99.0,398.0,229.0,229.0,395.0,395.0,107.0,199.5,0.0,2,1
small-world,400,5,148,15.0,274.0,182.0,182.0,282.0,282.0,21.0,199.5,0.0,2,1
small-world,400,5,149,15.0,254.0,150.0,150.0,235.0,235.0,43.0,199.5,0.0,2,1
small-world,400,5,150,99.0,227.0,143.0,143.0,223.0,223.0,230.0,199.5,0.0,2,1
small-world,400,5,151,5.0,201.0,129.0,129.0,169.0,169.0,7.0,199.5,0.0,2,1
small-world,400,5,152,15.0,176.0,95.0,95.0,151.0,151.0,85.0,199.5,0.0,2,1
small-world,400,5,153,99.0,157.0,94.0,94.0,155.0,155.0,274.0,199.5,0.0,2,1
small-world,400,5,154,285.0,202.0,285.0,285.0,313.0,313.0,307.0,199.5,0.0,2,1
small-world,400,5,155,99.0,175.0,229.0,229.0,240.0,240.0,121.0,199.5,0.0,2,1
small-world,400,5,156,285.0,386.0,285.0,285.0,367.0,367.0,373.0,199.5,0.0,2,1
small-world,400,5,157,285.0,287.0,285.0,285.0,362.0,362.0,324.0,199.5,0.0,2,1
small-world,400,5,158,99.0,178.0,188.0,188.0,186.0,186.0,188.0,199.5,0.0,2,1
small-world,400,5,159,15.0,156.0,41.0,41.0,117.0,117.0,76.0,199.5,0.0,2,1
small-world,400,5,160,99.0,134.0,161.0,161.0,179.0,179.0,184.0,199.5,0.0,2,1
small-world,400,5,161,99.0,69.0,44.0,44.0,66.0,66.0,202.0,199.5,0.0,2,1
small-world,400,5,162,99.0,293.0,143.0,143.0,219.0,219.0,237.0,199.5,0.0,2,1
small-world,400,5,163,285.0,216.0,285.0,285.0,330.0,330.0,295.0,199.5,0.0,2,1
small-world,400,5,164,99.0,188.0,229.0,229.0,269.0,269.0,110.0,199.5,0.0,2,1
small-world,400,5,165,99.0,111.0,126.0,126.0,142.0,142.0,217.0,199.5,0.0,2,1
small-world,400,5,166,99.0,92.0,120.0,120.0,105.0,105.0,215.0,199.5,0.0,2,1
small-world,400,5,167,99.0,106.0,51.0,51.0,93.0,93.0,209.0,199.5,0.0,2,1
small-world,400,5,168,99.0,247.0,175.0,175.0,251.0,251.0,189.0,199.5,0.0,2,1
small-world,400,5,169,285.0,336.0,285.0,285.0,364.0,364.0,303.0,199.5,0.0,2,1
small-world,400,5,170,99.0,315.0,229.0,229.0,312.0,312.0,117.0,199.5,0.0,2,1
small-world,400,5,171,99.0,171.0,206.0,206.0,202.0,202.0,181.0,199.5,0.0,2,1
small-world,400,5,172,15.0,149.0,100.0,100.0,128.0,128.0,73.0,199.5,0.0,2,1
small-world,400,5,173,285.0,181.0,285.0,285.0,261.0,261.0,369.0,199.5,0.0,2,1
small-world,400,5,174,15.0,158.0,170.0,170.0,173.0,173.0,41.0,199.5,0.0,2,1
small-world,400,5,175,15.0,133.0,80.0,80.0,108.0,108.0,79.0,199.5,0.0,2,1
small-world,400,5,176,99.0,114.0,87.0,87.0,109.0,109.0,258.0,199.5,0.0,2,1
small-world,400,5,177,99.0,94.0,85.0,85.0,95.0,95.0,266.0,199.5,0.0,2,1
small-world,400,5,178,15.0,78.0,17.0,17.0,60.0,60.0,88.0,199.5,0.0,2,1
small-world,400,5,179,285.0,101.0,285.0,285.0,188.0,188.0,337.0,199.5,0.0,2,1
small-world,400,5,180,285.0,331.0,285.0,285.0,335.0,335.0,370.0,199.5,0.0,2,1
small-world,400,5,181,285.0,261.0,285.0,285.0,339.0,339.0,349.0,199.5,0.0,2,1
small-world,400,5,182,15.0,240.0,200.0,200.0,252.0,252.0,20.0,199.5,0.0,2,1
small-world,400,5,183,15.0,210.0,135.0,135.0,201.0,201.0,56.0,199.5,0.0,2,1
small-world,400,5,184,99.0,152.0,229.0,229.0,222.0,222.0,146.0,199.5,0.0,2,1
small-world,400,5,185,285.0,207.0,285.0,285.0,279.0,279.0,333.0,199.5,0.0,2,1
small-world,400,5,186,99.0,182.0,229.0,229.0,205.0,205.0,149.0,199.5,0.0,2,1
small-world,400,5,187,99.0,116.0,154.0,154.0,123.0,123.0,228.0,199.5,0.0,2,1
small-world,400,5,188,285.0,340.0,285.0,285.0,396.0,396.0,286.0,199.5,0.0,2,1
small-world,400,5,189,99.0,319.0,229.0,229.0,372.0,372.0,100.0,199.5,0.0,2,1
small-world,400,5,190,99.0,295.0,206.0,206.0,341.0,341.0,142.0,199.5,0.0,2,1
small-world,400,5,191,99.0,269.0,188.0,188.0,304.0,304.0,172.0,199.5,0.0,2,1
small-world,400,5,192,99.0,77.0,59.0,59.0,71.0,71.0,229.0,199.5,0.0,2,1
small-world,400,5,193,99.0,89.0,61.0,61.0,81.0,81.0,245.0,199.5,0.0,2,1
small-world,400,5,194,15.0,100.0,60.0,60.0,65.0,65.0,75.0,199.5,0.0,2,1
small-world,400,5,195,99.0,45.0,53.0,53.0,38.0,38.0,243.0,199.5,0.0,2,1
small-world,400,5,196,99.0,151.0,77.0,77.0,149.0,149.0,214.0,199.5,0.0,2,1
small-world,400,5,197,99.0,165.0,79.0,79.0,144.0,144.0,235.0,199.5,0.0,2,1
small-world,400,5,198,99.0,355.0,229.0,229.0,331.0,331.0,125.0,199.5,0.0,2,1
small-world,400,5,199,15.0,335.0,167.0,167.0,267.0,267.0,27.0,199.5,0.0,2,1
small-world,400,5,200,99.0,316.0,161.0,161.0,236.0,236.0,236.0,199.5,0.0,2,1
small-world,400,5,201,15.0,292.0,124.0,124.0,187.0,187.0,77.0,199.5,0.0,2,1
small-world,400,5,202,99.0,267.0,120.0,120.0,178.0,178.0,276.0,199.5,0.0,2,1
small-world,400,5,203,285.0,296.0,285.0,285.0,374.0,374.0,302.0,199.5,0.0,2,1
small-world,400,5,204,99.0,270.0,229.0,229.0,323.0,323.0,116.0,199.5,0.0,2,1
small-world,400,5,205,99.0,248.0,206.0,206.0,262.0,262.0,174.0,199.5,0.0,2,1
small-world,400,5,206,285.0,344.0,285.0,285.0,297.0,297.0,389.0,199.5,0.0,2,1
small-world,400,5,207,285.0,234.0,285.0,285.0,355.0,355.0,289.0,199.5,0.0,2,1
small-world,400,5,208,99.0,179.0,81.0,81.0,127.0,127.0,256.0,199.5,0.0,2,1
small-world,400,5,209,15.0,194.0,72.0,72.0,85.0,85.0,91.0,199.5,0.0,2,1
small-world,400,5,210,99.0,215.0,157.0,157.0,119.0,119.0,270.0,199.5,0.0,2,1
small-world,400,5,211,99.0,212.0,156.0,156.0,118.0,118.0,262.0,199.5,0.0,2,1
small-world,400,5,212,99.0,11.0,54.0,54.0,17.0,17.0,275.0,199.5,0.0,2,1
small-world,400,5,213,1.0,256.0,67.0,67.0,70.0,70.0,3.0,199.5,0.0,2,1
small-world,400,5,214,99.0,237.0,66.0,66.0,106.0,106.0,278.0,199.5,0.0,2,1
small-world,400,5,215,285.0,399.0,285.0,285.0,399.0,399.0,317.0,199.5,0.0,2,1
small-world,400,5,216,99.0,91.0,31.0,31.0,87.0,87.0,268.0,199.5,0.0,2,1
small-world,400,5,217,99.0,166.0,120.0,120.0,98.0,98.0,265.0,199.5,0.0,2,1
small-world,400,5,218,285.0,367.0,285.0,285.0,378.0,378.0,311.0,199.5,0.0,2,1
small-world,400,5,219,285.0,261.0,285.0,285.0,339.0,339.0,349.0,199.5,0.0,2,1
small-world,400,5,220,285.0,204.0,285.0,285.0,318.0,318.0,294.0,199.5,0.0,2,1
small-world,400,5,221,99.0,177.0,229.0,229.0,248.0,248.0,108.0,199.5,0.0,2,1
small-world,400,5,222,99.0,154.0,206.0,206.0,204.0,204.0,156.0,199.5,0.0,2,1
small-world,400,5,223,99.0,132.0,188.0,188.0,153.0,153.0,197.0,199.5,0.0,2,1
small-world,400,5,224,15.0,113.0,65.0,65.0,77.0,77.0,78.0,199.5,0.0,2,1
small-world,400,5,225,99.0,126.0,74.0,74.0,112.0,112.0,246.0,199.5,0.0,2,1
small-world,400,5,226,285.0,394.0,285.0,285.0,392.0,392.0,329.0,199.5,0.0,2,1
small-world,400,5,227,99.0,384.0,229.0,229.0,351.0,351.0,140.0,199.5,0.0,2,1
small-world,400,5,228,99.0,118.0,229.0,229.0,146.0,146.0,163.0,199.5,0.0,2,1
small-world,400,5,229,285.0,396.0,285.0,285.0,397.0,397.0,319.0,199.5,0.0,2,1
small-world,400,5,230,99.0,388.0,229.0,229.0,359.0,359.0,131.0,199.5,0.0,2,1
small-world,400,5,231,285.0,112.0,285.0,285.0,196.0,196.0,316.0,199.5,0.0,2,1
small-world,400,5,232,99.0,90.0,229.0,229.0,113.0,113.0,128.0,199.5,0.0,2,1
small-world,400,5,233,99.0,70.0,206.0,206.0,56.0,56.0,185.0,199.5,0.0,2,1
small-world,400,5,234,15.0,47.0,64.0,64.0,23.0,23.0,92.0,199.5,0.0,2,1
small-world,400,5,235,99.0,35.0,63.0,63.0,16.0,16.0,282.0,199.5,0.0,2,1
small-world,400,5,236,99.0,96.0,28.0,28.0,115.0,115.0,186.0,199.5,0.0,2,1
small-world,400,5,237,15.0,189.0,125.0,125.0,131.0,131.0,53.0,199.5,0.0,2,1
small-world,400,5,238,285.0,52.0,285.0,285.0,63.0,63.0,394.0,199.5,0.0,2,1
small-world,400,5,239,285.0,266.0,285.0,285.0,242.0,242.0,392.0,199.5,0.0,2,1
small-world,400,5,240,15.0,43.0,91.0,91.0,27.0,27.0,89.0,199.5,0.0,2,1
small-world,400,5,241,15.0,28.0,14.0,14.0,11.0,11.0,97.0,199.5,0.0,2,1
small-world,400,5,242,99.0,20.0,19.0,19.0,8.0,8.0,284.0,199.5,0.0,2,1
small-world,400,5,243,285.0,93.0,285.0,285.0,180.0,180.0,343.0,199.5,0.0,2,1
small-world,400,5,244,99.0,148.0,188.0,188.0,197.0,197.0,171.0,199.5,0.0,2,1
small-world,400,5,245,99.0,224.0,229.0,229.0,316.0,316.0,112.0,199.5,0.0,2,1
small-world,400,5,246,99.0,197.0,206.0,206.0,263.0,263.0,162.0,199.5,0.0,2,1
small-world,400,5,247,5.0,170.0,149.0,149.0,192.0,192.0,5.0,199.5,0.0,2,1
small-world,400,5,248,99.0,150.0,143.0,143.0,191.0,191.0,210.0,199.5,0.0,2,1
small-world,400,5,249,15.0,238.0,158.0,158.0,233.0,233.0,42.0,199.5,0.0,2,1
small-world,400,5,250,99.0,4.0,12.0,12.0,6.0,6.0,279.0,199.5,0.0,2,1
small-world,400,5,251,285.0,244.0,285.0,285.0,258.0,258.0,371.0,199.5,0.0,2,1
small-world,400,5,252,99.0,67.0,26.0,26.0,75.0,75.0,203.0,199.5,0.0,2,1
small-world,400,5,253,99.0,49.0,25.0,25.0,53.0,53.0,233.0,199.5,0.0,2,1
small-world,400,5,254,15.0,131.0,56.0,56.0,64.0,64.0,64.0,199.5,0.0,2,1
small-world,400,5,255,99.0,121.0,55.0,55.0,88.0,88.0,234.0,199.5,0.0,2,1
small-world,400,5,256,285.0,299.0,285.0,285.0,295.0,295.0,360.0,199.5,0.0,2,1
small-world,400,5,257,15.0,271.0,170.0,170.0,198.0,198.0,31.0,199.5,0.0,2,1
small-world,400,5,258,99.0,250.0,161.0,161.0,160.0,160.0,249.0,199.5,0.0,2,1
small-world,400,5,259,285.0,172.0,285.0,285.0,294.0,294.0,332.0,199.5,0.0,2,1
small-world,400,5,260,285.0,226.0,285.0,285.0,327.0,327.0,306.0,199.5,0.0,2,1
small-world,400,5,261,285.0,312.0,285.0,285.0,382.0,382.0,300.0,199.5,0.0,2,1
small-world,400,5,262,99.0,286.0,229.0,229.0,345.0,345.0,114.0,199.5,0.0,2,1
small-world,400,5,263,285.0,229.0,285.0,285.0,275.0,275.0,386.0,199.5,0.0,2,1
small-world,400,5,264,285.0,71.0,285.0,285.0,170.0,170.0,336.0,199.5,0.0,2,1
small-world,400,5,265,99.0,48.0,229.0,229.0,84.0,84.0,150.0,199.5,0.0,2,1
small-world,400,5,266,99.0,105.0,32.0,32.0,101.0,101.0,263.0,199.5,0.0,2,1
small-world,400,5,267,99.0,186.0,133.0,133.0,200.0,200.0,224.0,199.5,0.0,2,1
small-world,400,5,268,285.0,373.0,285.0,285.0,348.0,348.0,375.0,199.5,0.0,2,1
small-world,400,5,269,285.0,392.0,285.0,285.0,389.0,389.0,309.0,199.5,0.0,2,1
small-world,400,5,270,285.0,280.0,285.0,285.0,214.0,214.0,397.0,199.5,0.0,2,1
small-world,400,5,271,285.0,299.0,285.0,285.0,295.0,295.0,360.0,199.5,0.0,2,1
small-world,400,5,272,15.0,271.0,170.0,170.0,198.0,198.0,30.0,199.5,0.0,2,1
small-world,400,5,273,99.0,250.0,161.0,161.0,160.0,160.0,249.0,199.5,0.0,2,1
small-world,400,5,274,5.0,223.0,98.0,98.0,73.0,73.0,13.0,199.5,0.0,2,1
small-world,400,5,275,99.0,196.0,96.0,96.0,82.0,82.0,283.0,199.5,0.0,2,1
small-world,400,5,276,99.0,38.0,24.0,24.0,32.0,32.0,267.0,199.5,0.0,2,1
small-world,400,5,277,285.0,364.0,285.0,285.0,373.0,373.0,321.0,199.5,0.0,2,1
small-world,400,5,278,99.0,349.0,229.0,229.0,314.0,314.0,133.0,199.5,0.0,2,1
small-world,400,5,279,15.0,329.0,158.0,158.0,230.0,230.0,37.0,199.5,0.0,2,1
small-world,400,5,280,15.0,308.0,141.0,141.0,193.0,193.0,49.0,199.5,0.0,2,1
small-world,400,5,281,15.0,279.0,136.0,136.0,150.0,150.0,59.0,199.5,0.0,2,1
small-world,400,5,282,15.0,268.0,136.0,136.0,166.0,166.0,63.0,199.5,0.0,2,1
small-world,400,5,283,15.0,246.0,84.0,84.0,114.0,114.0,93.0,199.5,0.0,2,1
small-world,400,5,284,285.0,76.0,285.0,285.0,129.0,129.0,362.0,199.5,0.0,2,1
small-world,400,5,285,15.0,55.0,182.0,182.0,43.0,43.0,33.0,199.5,0.0,2,1
small-world,400,5,286,15.0,37.0,89.0,89.0,25.0,25.0,86.0,199.5,0.0,2,1
small-world,400,5,287,99.0,24.0,87.0,87.0,10.0,10.0,281.0,199.5,0.0,2,1
small-world,400,5,288,285.0,154.0,285.0,285.0,171.0,171.0,391.0,199.5,0.0,2,1
small-world,400,5,289,285.0,345.0,285.0,285.0,328.0,328.0,347.0,199.5,0.0,2,1
small-world,400,5,290,285.0,10.0,285.0,285.0,29.0,29.0,400.0,199.5,0.0,2,1
small-world,400,5,291,5.0,1.0,1.0,1.0,2.0,2.0,12.0,199.5,0.0,2,1
small-world,400,5,292,15.0,2.0,3.0,3.0,7.0,7.0,71.0,199.5,0.0,2,1
small-world,400,5,293,99.0,5.0,7.0,7.0,12.0,12.0,252.0,199.5,0.0,2,1
small-world,400,5,294,285.0,185.0,285.0,285.0,286.0,286.0,354.0,199.5,0.0,2,1
small-world,400,5,295,15.0,160.0,170.0,170.0,203.0,203.0,22.0,199.5,0.0,2,1
small-world,400,5,296,99.0,275.0,229.0,229.0,315.0,315.0,137.0,199.5,0.0,2,1
small-world,400,5,297,285.0,97.0,285.0,285.0,190.0,190.0,318.0,199.5,0.0,2,1
small-world,400,5,298,99.0,75.0,229.0,229.0,102.0,102.0,130.0,199.5,0.0,2,1
small-world,400,5,299,285.0,12.0,285.0,285.0,34.0,34.0,393.0,199.5,0.0,2,1
small-world,400,5,300,99.0,84.0,71.0,71.0,107.0,107.0,205.0,199.5,0.0,2,1
small-world,400,5,301,99.0,65.0,69.0,69.0,86.0,86.0,207.0,199.5,0.0,2,1
small-world,400,5,302,285.0,138.0,285.0,285.0,226.0,226.0,344.0,199.5,0.0,2,1
small-world,400,5,303,285.0,221.0,285.0,285.0,270.0,270.0,380.0,199.5,0.0,2,1
small-world,400,5,304,99.0,381.0,229.0,229.0,353.0,353.0,123.0,199.5,0.0,2,1
small-world,400,5,305,15.0,325.0,118.0,118.0,184.0,184.0,61.0,199.5,0.0,2,1
small-world,400,5,306,285.0,221.0,285.0,285.0,270.0,270.0,380.0,199.5,0.0,2,1
small-world,400,5,307,285.0,366.0,285.0,285.0,391.0,391.0,287.0,199.5,0.0,2,1
small-world,400,5,308,99.0,74.0,229.0,229.0,91.0,91.0,160.0,199.5,0.0,2,1
small-world,400,5,309,99.0,85.0,45.0,45.0,80.0,80.0,198.0,199.5,0.0,2,1
small-world,400,5,310,99.0,193.0,147.0,147.0,92.0,92.0,277.0,199.5,0.0,2,1
small-world,400,5,311,285.0,353.0,285.0,285.0,384.0,384.0,313.0,199.5,0.0,2,1
small-world,400,5,312,285.0,377.0,285.0,285.0,387.0,387.0,297.0,199.5,0.0,2,1
small-world,400,5,313,99.0,363.0,229.0,229.0,350.0,350.0,111.0,199.5,0.0,2,1
small-world,400,5,314,99.0,348.0,206.0,206.0,305.0,305.0,161.0,199.5,0.0,2,1
small-world,400,5,315,15.0,211.0,136.0,136.0,168.0,168.0,46.0,199.5,0.0,2,1
small-world,400,5,316,285.0,294.0,285.0,285.0,266.0,266.0,390.0,199.5,0.0,2,1
small-world,400,5,317,285.0,66.0,285.0,285.0,90.0,90.0,383.0,199.5,0.0,2,1
small-world,400,5,318,285.0,187.0,285.0,285.0,260.0,260.0,372.0,199.5,0.0,2,1
small-world,400,5,319,15.0,163.0,118.0,118.0,176.0,176.0,47.0,199.5,0.0,2,1
small-world,400,5,320,285.0,245.0,285.0,285.0,207.0,207.0,399.0,199.5,0.0,2,1
small-world,400,5,321,285.0,233.0,285.0,285.0,346.0,346.0,299.0,199.5,0.0,2,1
small-world,400,5,322,99.0,206.0,229.0,229.0,285.0,285.0,113.0,199.5,0.0,2,1
small-world,400,5,323,99.0,180.0,206.0,206.0,229.0,229.0,166.0,199.5,0.0,2,1
small-world,400,5,324,99.0,352.0,229.0,229.0,365.0,365.0,101.0,199.5,0.0,2,1
small-world,400,5,325,99.0,333.0,206.0,206.0,333.0,333.0,144.0,199.5,0.0,2,1
small-world,400,5,326,285.0,383.0,285.0,285.0,386.0,386.0,304.0,199.5,0.0,2,1
small-world,400,5,327,99.0,374.0,229.0,229.0,347.0,347.0,118.0,199.5,0.0,2,1
small-world,400,5,328,285.0,324.0,285.0,285.0,388.0,388.0,290.0,199.5,0.0,2,1
small-world,400,5,329,99.0,306.0,229.0,229.0,356.0,356.0,104.0,199.5,0.0,2,1
small-world,400,5,330,99.0,199.0,229.0,229.0,259.0,259.0,120.0,199.5,0.0,2,1
small-world,400,5,331,285.0,54.0,285.0,285.0,138.0,138.0,342.0,199.5,0.0,2,1
small-world,400,5,332,99.0,36.0,229.0,229.0,61.0,61.0,159.0,199.5,0.0,2,1
small-world,400,5,333,285.0,392.0,285.0,285.0,389.0,389.0,309.0,199.5,0.0,2,1
small-world,400,5,334,99.0,381.0,229.0,229.0,353.0,353.0,123.0,199.5,0.0,2,1
small-world,400,5,335,15.0,372.0,167.0,167.0,292.0,292.0,26.0,199.5,0.0,2,1
small-world,400,5,336,285.0,379.0,285.0,285.0,381.0,381.0,363.0,199.5,0.0,2,1
small-world,400,5,337,285.0,353.0,285.0,285.0,384.0,384.0,313.0,199.5,0.0,2,1
small-world,400,5,338,15.0,334.0,200.0,200.0,338.0,338.0,15.0,199.5,0.0,2,1
small-world,400,5,339,99.0,314.0,188.0,188.0,321.0,321.0,155.0,199.5,0.0,2,1
small-world,400,5,340,99.0,289.0,175.0,175.0,283.0,283.0,176.0,199.5,0.0,2,1
small-world,400,5,341,15.0,264.0,152.0,152.0,232.0,232.0,28.0,199.5,0.0,2,1
small-world,400,5,342,99.0,242.0,143.0,143.0,217.0,217.0,191.0,199.5,0.0,2,1
small-world,400,5,343,285.0,80.0,285.0,285.0,206.0,206.0,296.0,199.5,0.0,2,1
small-world,400,5,344,99.0,57.0,229.0,229.0,136.0,136.0,109.0,199.5,0.0,2,1
small-world,400,5,345,99.0,39.0,206.0,206.0,76.0,76.0,158.0,199.5,0.0,2,1
small-world,400,5,346,99.0,25.0,188.0,188.0,39.0,39.0,199.0,199.5,0.0,2,1
small-world,400,5,347,99.0,145.0,112.0,112.0,162.0,162.0,211.0,199.5,0.0,2,1
small-world,400,5,348,99.0,124.0,108.0,108.0,132.0,132.0,232.0,199.5,0.0,2,1
small-world,400,5,349,99.0,103.0,105.0,105.0,83.0,83.0,253.0,199.5,0.0,2,1
small-world,400,5,350,15.0,86.0,86.0,86.0,40.0,40.0,90.0,199.5,0.0,2,1
small-world,400,5,351,285.0,386.0,285.0,285.0,367.0,367.0,373.0,199.5,0.0,2,1
small-world,400,5,352,15.0,205.0,200.0,200.0,224.0,224.0,17.0,199.5,0.0,2,1
small-world,400,5,353,99.0,290.0,206.0,206.0,246.0,246.0,177.0,199.5,0.0,2,1
small-world,400,5,354,15.0,263.0,139.0,139.0,182.0,182.0,62.0,199.5,0.0,2,1
small-world,400,5,355,15.0,243.0,131.0,131.0,137.0,137.0,67.0,199.5,0.0,2,1
small-world,400,5,356,99.0,62.0,188.0,188.0,54.0,54.0,208.0,199.5,0.0,2,1
small-world,400,5,357,15.0,95.0,46.0,46.0,78.0,78.0,39.0,199.5,0.0,2,1
small-world,400,5,358,285.0,60.0,285.0,285.0,121.0,121.0,331.0,199.5,0.0,2,1
small-world,400,5,359,99.0,41.0,229.0,229.0,52.0,52.0,143.0,199.5,0.0,2,1
small-world,400,5,360,285.0,367.0,285.0,285.0,378.0,378.0,311.0,199.5,0.0,2,1
small-world,400,5,361,99.0,355.0,229.0,229.0,331.0,331.0,125.0,199.5,0.0,2,1
small-world,400,5,362,99.0,61.0,105.0,105.0,42.0,42.0,269.0,199.5,0.0,2,1
small-world,400,5,363,285.0,302.0,285.0,285.0,300.0,300.0,355.0,199.5,0.0,2,1
small-world,400,5,364,15.0,273.0,182.0,182.0,208.0,208.0,23.0,199.5,0.0,2,1
small-world,400,5,365,99.0,252.0,175.0,175.0,163.0,163.0,241.0,199.5,0.0,2,1
small-world,400,5,366,99.0,144.0,188.0,188.0,172.0,172.0,200.0,199.5,0.0,2,1
small-world,400,5,367,99.0,312.0,188.0,188.0,293.0,293.0,173.0,199.5,0.0,2,1
small-world,400,5,368,99.0,288.0,175.0,175.0,241.0,241.0,195.0,199.5,0.0,2,1
small-world,400,5,369,99.0,391.0,229.0,229.0,380.0,380.0,129.0,199.5,0.0,2,1
small-world,400,5,370,15.0,378.0,158.0,158.0,336.0,336.0,32.0,199.5,0.0,2,1
small-world,400,5,371,15.0,365.0,141.0,141.0,322.0,322.0,34.0,199.5,0.0,2,1
small-world,400,5,372,99.0,350.0,140.0,140.0,317.0,317.0,193.0,199.5,0.0,2,1
small-world,400,5,373,285.0,147.0,285.0,285.0,220.0,220.0,368.0,199.5,0.0,2,1
small-world,400,5,374,285.0,265.0,285.0,285.0,278.0,278.0,384.0,199.5,0.0,2,1
small-world,400,5,375,99.0,301.0,229.0,229.0,277.0,277.0,119.0,199.5,0.0,2,1
small-world,400,5,376,99.0,218.0,83.0,83.0,120.0,120.0,280.0,199.5,0.0,2,1
small-world,400,5,377,99.0,29.0,19.0,19.0,58.0,58.0,194.0,199.5,0.0,2,1
small-world,400,5,378,285.0,330.0,285.0,285.0,299.0,299.0,377.0,199.5,0.0,2,1
small-world,400,5,379,99.0,127.0,175.0,175.0,157.0,157.0,183.0,199.5,0.0,2,1
small-world,400,5,380,99.0,297.0,206.0,206.0,264.0,264.0,151.0,199.5,0.0,2,1
small-world,400,5,381,99.0,260.0,229.0,229.0,309.0,309.0,136.0,199.5,0.0,2,1
small-world,400,5,382,285.0,32.0,285.0,285.0,45.0,45.0,395.0,199.5,0.0,2,1
small-world,400,5,383,15.0,19.0,9.0,9.0,9.0,9.0,82.0,199.5,0.0,2,1
small-world,400,5,384,99.0,328.0,108.0,108.0,274.0,274.0,213.0,199.5,0.0,2,1
small-world,400,5,385,285.0,101.0,285.0,285.0,188.0,188.0,337.0,199.5,0.0,2,1
small-world,400,5,386,15.0,83.0,200.0,200.0,97.0,97.0,18.0,199.5,0.0,2,1
small-world,400,5,387,285.0,59.0,285.0,285.0,103.0,103.0,357.0,199.5,0.0,2,1
small-world,400,5,388,99.0,63.0,57.0,57.0,57.0,57.0,227.0,199.5,0.0,2,1
small-world,400,5,389,285.0,322.0,285.0,285.0,343.0,343.0,305.0,199.5,0.0,2,1
small-world,400,5,390,285.0,249.0,285.0,285.0,290.0,290.0,385.0,199.5,0.0,2,1
small-world,400,5,391,5.0,220.0,134.0,134.0,183.0,183.0,8.0,199.5,0.0,2,1
small-world,400,5,392,5.0,195.0,117.0,117.0,159.0,159.0,6.0,199.5,0.0,2,1
small-world,400,5,393,99.0,168.0,112.0,112.0,167.0,167.0,248.0,199.5,0.0,2,1
small-world,400,5,394,285.0,219.0,285.0,285.0,344.0,344.0,285.0,199.5,0.0,2,1
small-world,400,5,395,99.0,191.0,229.0,229.0,287.0,287.0,99.0,199.5,0.0,2,1
small-world,400,5,396,99.0,167.0,206.0,206.0,239.0,239.0,138.0,199.5,0.0,2,1
small-world,400,5,397,99.0,15.0,16.0,16.0,33.0,33.0,231.0,199.5,0.0,2,1
small-world,400,5,398,99.0,8.0,15.0,15.0,22.0,22.0,261.0,199.5,0.0,2,1
small-world,400,5,399,285.0,225.0,285.0,285.0,337.0,337.0,323.0,199.5,0.0,2,1
small-world,400,6,0,18.0,185.0,205.0,205.0,139.0,139.0,27.0,199.5,0.0,2,1
small-world,400,6,1,4.0,157.0,75.0,75.0,71.0,71.0,10.0,199.5,0.0,2,1
small-world,400,6,2,288.0,398.0,288.0,288.0,398.0,398.0,352.0,199.5,0.0,2,1
small-world,400,6,3,288.0,174.0,288.0,288.0,268.0,268.0,344.0,199.5,0.0,2,1
small-world,400,6,4,18.0,144.0,175.0,175.0,174.0,174.0,22.0,199.5,0.0,2,1
small-world,400,6,5,94.0,119.0,162.0,162.0,146.0,146.0,187.0,199.5,0.0,2,1
small-world,400,6,6,94.0,232.0,211.0,211.0,156.0,156.0,188.0,199.5,0.0,2,1
small-world,400,6,7,18.0,28.0,31.0,31.0,26.0,26.0,55.0,199.5,0.0,2,1
small-world,400,6,8,94.0,361.0,235.0,235.0,297.0,297.0,154.0,199.5,0.0,2,1
small-world,400,6,9,94.0,33.0,21.0,21.0,35.0,35.0,276.0,199.5,0.0,2,1
small-world,400,6,10,94.0,29.0,20.0,20.0,50.0,50.0,250.0,199.5,0.0,2,1
small-world,400,6,11,18.0,246.0,205.0,205.0,257.0,257.0,21.0,199.5,0.0,2,1
small-world,400,6,12,94.0,214.0,181.0,181.0,212.0,212.0,199.0,199.5,0.0,2,1
small-world,400,6,13,288.0,336.0,288.0,288.0,374.0,374.0,308.0,199.5,0.0,2,1
small-world,400,6,14,288.0,291.0,288.0,288.0,334.0,334.0,362.0,199.5,0.0,2,1
small-world,400,6,15,18.0,264.0,175.0,175.0,247.0,247.0,28.0,199.5,0.0,2,1
small-world,400,6,16,18.0,238.0,116.0,116.0,194.0,194.0,52.0,199.5,0.0,2,1
small-world,400,6,17,94.0,110.0,62.0,62.0,59.0,59.0,271.0,199.5,0.0,2,1
small-world,400,6,18,288.0,118.0,288.0,288.0,160.0,160.0,350.0,199.5,0.0,2,1
small-world,400,6,19,18.0,168.0,48.0,48.0,55.0,55.0,74.0,199.5,0.0,2,1
small-world,400,6,20,4.0,143.0,40.0,40.0,24.0,24.0,14.0,199.5,0.0,2,1
small-world,400,6,21,18.0,123.0,39.0,39.0,27.0,27.0,76.0,199.5,0.0,2,1
small-world,400,6,22,18.0,104.0,37.0,37.0,15.0,15.0,85.0,199.5,0.0,2,1
small-world,400,6,23,18.0,86.0,36.0,36.0,7.0,7.0,90.0,199.5,0.0,2,1
small-world,400,6,24,288.0,326.0,288.0,288.0,339.0,339.0,372.0,199.5,0.0,2,1
small-world,400,6,25,288.0,247.0,288.0,288.0,367.0,367.0,297.0,199.5,0.0,2,1
small-world,400,6,26,94.0,217.0,235.0,235.0,322.0,322.0,103.0,199.5,0.0,2,1
small-world,400,6,27,94.0,94.0,235.0,235.0,97.0,97.0,153.0,199.5,0.0,2,1
small-world,400,6,28,288.0,90.0,288.0,288.0,90.0,90.0,387.0,199.5,0.0,2,1
small-world,400,6,29,94.0,42.0,211.0,211.0,116.0,116.0,160.0,199.5,0.0,2,1
small-world,400,6,30,94.0,25.0,181.0,181.0,72.0,72.0,217.0,199.5,0.0,2,1
small-world,400,6,31,4.0,10.0,6.0,6.0,13.0,13.0,11.0,199.5,0.0,2,1
small-world,400,6,32,94.0,12.0,14.0,14.0,18.0,18.0,282.0,199.5,0.0,2,1
small-world,400,6,33,288.0,193.0,288.0,288.0,327.0,327.0,363.0,199.5,0.0,2,1
small-world,400,6,34,94.0,46.0,181.0,181.0,119.0,119.0,194.0,199.5,0.0,2,1
small-world,400,6,35,94.0,266.0,142.0,142.0,236.0,236.0,219.0,199.5,0.0,2,1
small-world,400,6,36,288.0,315.0,288.0,288.0,348.0,348.0,301.0,199.5,0.0,2,1
small-world,400,6,37,94.0,298.0,235.0,235.0,293.0,293.0,107.0,199.5,0.0,2,1
small-world,400,6,38,94.0,359.0,235.0,235.0,326.0,326.0,139.0,199.5,0.0,2,1
small-world,400,6,39,288.0,331.0,288.0,288.0,388.0,388.0,291.0,199.5,0.0,2,1
small-world,400,6,40,94.0,313.0,235.0,235.0,356.0,356.0,97.0,199.5,0.0,2,1
small-world,400,6,41,94.0,294.0,211.0,211.0,333.0,333.0,132.0,199.5,0.0,2,1
small-world,400,6,42,94.0,267.0,181.0,181.0,295.0,295.0,166.0,199.5,0.0,2,1
small-world,400,6,43,288.0,210.0,288.0,288.0,206.0,206.0,381.0,199.5,0.0,2,1
small-world,400,6,44,18.0,177.0,131.0,131.0,98.0,98.0,50.0,199.5,0.0,2,1
small-world,400,6,45,288.0,236.0,288.0,288.0,180.0,180.0,398.0,199.5,0.0,2,1
small-world,400,6,46,288.0,71.0,288.0,288.0,69.0,69.0,400.0,199.5,0.0,2,1
small-world,400,6,47,288.0,108.0,288.0,288.0,165.0,165.0,375.0,199.5,0.0,2,1
small-world,400,6,48,18.0,76.0,131.0,131.0,83.0,83.0,39.0,199.5,0.0,2,1
small-world,400,6,49,94.0,358.0,181.0,181.0,311.0,311.0,186.0,199.5,0.0,2,1
small-world,400,6,50,18.0,344.0,137.0,137.0,261.0,261.0,43.0,199.5,0.0,2,1
small-world,400,6,51,94.0,328.0,133.0,133.0,229.0,229.0,254.0,199.5,0.0,2,1
small-world,400,6,52,18.0,231.0,128.0,128.0,112.0,112.0,66.0,199.5,0.0,2,1
small-world,400,6,53,288.0,23.0,288.0,288.0,107.0,107.0,391.0,199.5,0.0,2,1
small-world,400,6,54,18.0,6.0,13.0,13.0,36.0,36.0,65.0,199.5,0.0,2,1
small-world,400,6,55,288.0,155.0,288.0,288.0,281.0,281.0,348.0,199.5,0.0,2,1
small-world,400,6,56,18.0,127.0,205.0,205.0,199.0,199.0,25.0,199.5,0.0,2,1
small-world,400,6,57,18.0,100.0,109.0,109.0,137.0,137.0,54.0,199.5,0.0,2,1
small-world,400,6,58,94.0,21.0,18.0,18.0,52.0,52.0,270.0,199.5,0.0,2,1
small-world,400,6,59,18.0,16.0,5.0,5.0,33.0,33.0,83.0,199.5,0.0,2,1
small-world,400,6,60,288.0,277.0,288.0,288.0,296.0,296.0,316.0,199.5,0.0,2,1
small-world,400,6,61,94.0,256.0,235.0,235.0,220.0,220.0,123.0,199.5,0.0,2,1
small-world,400,6,62,288.0,141.0,288.0,288.0,133.0,133.0,382.0,199.5,0.0,2,1
small-world,400,6,63,288.0,137.0,288.0,288.0,275.0,275.0,367.0,199.5,0.0,2,1
small-world,400,6,64,18.0,112.0,124.0,124.0,189.0,189.0,32.0,199.5,0.0,2,1
small-world,400,6,65,94.0,159.0,181.0,181.0,225.0,225.0,161.0,199.5,0.0,2,1
small-world,400,6,66,94.0,132.0,162.0,162.0,181.0,181.0,178.0,199.5,0.0,2,1
small-world,400,6,67,94.0,107.0,153.0,153.0,136.0,136.0,202.0,199.5,0.0,2,1
small-world,400,6,68,288.0,299.0,288.0,288.0,320.0,320.0,314.0,199.5,0.0,2,1
small-world,400,6,69,18.0,117.0,29.0,29.0,41.0,41.0,62.0,199.5,0.0,2,1
small-world,400,6,70,288.0,90.0,288.0,288.0,90.0,90.0,387.0,199.5,0.0,2,1
small-world,400,6,71,1.0,63.0,73.0,73.0,8.0,8.0,1.0,199.5,0.0,2,1
small-world,400,6,72,94.0,52.0,74.0,74.0,14.0,14.0,279.0,199.5,0.0,2,1
small-world,400,6,73,1.0,44.0,41.0,41.0,1.0,1.0,3.0,199.5,0.0,2,1
small-world,400,6,74,288.0,196.0,288.0,288.0,289.0,289.0,299.0,199.5,0.0,2,1
small-world,400,6,75,94.0,165.0,235.0,235.0,218.0,218.0,105.0,199.5,0.0,2,1
small-world,400,6,76,94.0,138.0,211.0,211.0,163.0,163.0,146.0,199.5,0.0,2,1
small-world,400,6,77,94.0,350.0,235.0,235.0,315.0,315.0,119.0,199.5,0.0,2,1
small-world,400,6,78,288.0,308.0,288.0,288.0,362.0,362.0,318.0,199.5,0.0,2,1
small-world,400,6,79,94.0,287.0,235.0,235.0,300.0,300.0,124.0,199.5,0.0,2,1
small-world,400,6,80,4.0,263.0,159.0,159.0,221.0,221.0,6.0,199.5,0.0,2,1
small-world,400,6,81,94.0,162.0,211.0,211.0,177.0,177.0,157.0,199.5,0.0,2,1
small-world,400,6,82,94.0,133.0,181.0,181.0,123.0,123.0,214.0,199.5,0.0,2,1
small-world,400,6,83,94.0,395.0,153.0,153.0,385.0,385.0,176.0,199.5,0.0,2,1
small-world,400,6,84,94.0,394.0,142.0,142.0,378.0,378.0,184.0,199.5,0.0,2,1
small-world,400,6,85,94.0,275.0,211.0,211.0,241.0,241.0,149.0,199.5,0.0,2,1
small-world,400,6,86,94.0,254.0,181.0,181.0,182.0,182.0,206.0,199.5,0.0,2,1
small-world,400,6,87,288.0,66.0,288.0,288.0,88.0,88.0,396.0,199.5,0.0,2,1
small-world,400,6,88,94.0,383.0,235.0,235.0,377.0,377.0,104.0,199.5,0.0,2,1
small-world,400,6,89,94.0,372.0,211.0,211.0,351.0,351.0,143.0,199.5,0.0,2,1
small-world,400,6,90,288.0,271.0,288.0,288.0,310.0,310.0,306.0,199.5,0.0,2,1
small-world,400,6,91,94.0,245.0,235.0,235.0,252.0,252.0,112.0,199.5,0.0,2,1
small-world,400,6,92,94.0,211.0,211.0,211.0,188.0,188.0,162.0,199.5,0.0,2,1
small-world,400,6,93,94.0,178.0,181.0,181.0,128.0,128.0,220.0,199.5,0.0,2,1
small-world,400,6,94,94.0,33.0,32.0,32.0,29.0,29.0,261.0,199.5,0.0,2,1
small-world,400,6,95,94.0,82.0,162.0,162.0,58.0,58.0,268.0,199.5,0.0,2,1
small-world,400,6,96,288.0,373.0,288.0,288.0,375.0,375.0,331.0,199.5,0.0,2,1
small-world,400,6,97,288.0,398.0,288.0,288.0,398.0,398.0,352.0,199.5,0.0,2,1
small-world,400,6,98,4.0,396.0,159.0,159.0,379.0,379.0,4.0,199.5,0.0,2,1
small-world,400,6,99,288.0,251.0,288.0,288.0,354.0,354.0,289.0,199.5,0.0,2,1
small-world,400,6,100,94.0,225.0,235.0,235.0,307.0,307.0,95.0,199.5,0.0,2,1
small-world,400,6,101,94.0,188.0,211.0,211.0,272.0,272.0,129.0,199.5,0.0,2,1
small-world,400,6,102,94.0,206.0,112.0,112.0,195.0,195.0,237.0,199.5,0.0,2,1
small-world,400,6,103,94.0,176.0,101.0,101.0,164.0,164.0,249.0,199.5,0.0,2,1
small-world,400,6,104,288.0,312.0,288.0,288.0,361.0,361.0,294.0,199.5,0.0,2,1
small-world,400,6,105,94.0,292.0,235.0,235.0,309.0,309.0,100.0,199.5,0.0,2,1
small-world,400,6,106,94.0,265.0,211.0,211.0,267.0,267.0,135.0,199.5,0.0,2,1
small-world,400,6,107,94.0,239.0,181.0,181.0,215.0,215.0,175.0,199.5,0.0,2,1
small-world,400,6,108,94.0,70.0,181.0,181.0,47.0,47.0,232.0,199.5,0.0,2,1
small-world,400,6,109,288.0,204.0,288.0,288.0,304.0,304.0,307.0,199.5,0.0,2,1
small-world,400,6,110,94.0,173.0,235.0,235.0,248.0,248.0,113.0,199.5,0.0,2,1
small-world,400,6,111,94.0,47.0,235.0,235.0,132.0,132.0,147.0,199.5,0.0,2,1
small-world,400,6,112,18.0,30.0,137.0,137.0,70.0,70.0,56.0,199.5,0.0,2,1
small-world,400,6,113,18.0,15.0,7.0,7.0,32.0,32.0,82.0,199.5,0.0,2,1
small-world,400,6,114,288.0,96.0,288.0,288.0,242.0,242.0,305.0,199.5,0.0,2,1
small-world,400,6,115,94.0,68.0,235.0,235.0,170.0,170.0,111.0,199.5,0.0,2,1
small-world,400,6,116,288.0,22.0,288.0,288.0,113.0,113.0,380.0,199.5,0.0,2,1
small-world,400,6,117,94.0,161.0,126.0,126.0,125.0,125.0,252.0,199.5,0.0,2,1
small-world,400,6,118,18.0,135.0,58.0,58.0,68.0,68.0,80.0,199.5,0.0,2,1
small-world,400,6,119,18.0,78.0,59.0,59.0,20.0,20.0,92.0,199.5,0.0,2,1
small-world,400,6,120,4.0,54.0,38.0,38.0,2.0,2.0,18.0,199.5,0.0,2,1
small-world,400,6,121,288.0,285.0,288.0,288.0,254.0,254.0,379.0,199.5,0.0,2,1
small-world,400,6,122,18.0,262.0,53.0,53.0,148.0,148.0,47.0,199.5,0.0,2,1
small-world,400,6,123,94.0,241.0,50.0,50.0,150.0,150.0,231.0,199.5,0.0,2,1
small-world,400,6,124,94.0,276.0,235.0,235.0,258.0,258.0,120.0,199.5,0.0,2,1
small-world,400,6,125,94.0,255.0,211.0,211.0,190.0,190.0,182.0,199.5,0.0,2,1
small-world,400,6,126,94.0,192.0,181.0,181.0,291.0,291.0,163.0,199.5,0.0,2,1
small-world,400,6,127,288.0,57.0,288.0,288.0,198.0,198.0,346.0,199.5,0.0,2,1
small-world,400,6,128,94.0,37.0,235.0,235.0,114.0,114.0,165.0,199.5,0.0,2,1
small-world,400,6,129,18.0,50.0,118.0,118.0,45.0,45.0,58.0,199.5,0.0,2,1
small-world,400,6,130,288.0,349.0,288.0,288.0,384.0,384.0,292.0,199.5,0.0,2,1
small-world,400,6,131,94.0,335.0,235.0,235.0,352.0,352.0,98.0,199.5,0.0,2,1
small-world,400,6,132,94.0,319.0,211.0,211.0,318.0,318.0,133.0,199.5,0.0,2,1
small-world,400,6,133,94.0,4.0,10.0,10.0,43.0,43.0,267.0,199.5,0.0,2,1
small-world,400,6,134,18.0,5.0,8.0,8.0,42.0,42.0,49.0,199.5,0.0,2,1
small-world,400,6,135,94.0,7.0,11.0,11.0,49.0,49.0,238.0,199.5,0.0,2,1
small-world,400,6,136,94.0,8.0,12.0,12.0,39.0,39.0,253.0,199.5,0.0,2,1
small-world,400,6,137,94.0,386.0,235.0,235.0,389.0,389.0,115.0,199.5,0.0,2,1
small-world,400,6,138,94.0,103.0,211.0,211.0,86.0,86.0,189.0,199.5,0.0,2,1
small-world,400,6,139,94.0,224.0,49.0,49.0,129.0,129.0,244.0,199.5,0.0,2,1
small-world,400,6,140,18.0,195.0,45.0,45.0,87.0,87.0,68.0,199.5,0.0,2,1
small-world,400,6,141,94.0,129.0,66.0,66.0,93.0,93.0,233.0,199.5,0.0,2,1
small-world,400,6,142,288.0,392.0,288.0,288.0,396.0,396.0,309.0,199.5,0.0,2,1
small-world,400,6,143,94.0,181.0,235.0,235.0,202.0,202.0,156.0,199.5,0.0,2,1
small-world,400,6,144,18.0,169.0,44.0,44.0,65.0,65.0,71.0,199.5,0.0,2,1
small-world,400,6,145,288.0,197.0,288.0,288.0,233.0,233.0,325.0,199.5,0.0,2,1
small-world,400,6,146,18.0,167.0,205.0,205.0,152.0,152.0,19.0,199.5,0.0,2,1
small-world,400,6,147,288.0,272.0,288.0,288.0,330.0,330.0,333.0,199.5,0.0,2,1
small-world,400,6,148,94.0,153.0,181.0,181.0,230.0,230.0,185.0,199.5,0.0,2,1
small-world,400,6,149,288.0,100.0,288.0,288.0,245.0,245.0,329.0,199.5,0.0,2,1
small-world,400,6,150,288.0,330.0,288.0,288.0,372.0,372.0,323.0,199.5,0.0,2,1
small-world,400,6,151,94.0,311.0,235.0,235.0,325.0,325.0,128.0,199.5,0.0,2,1
small-world,400,6,152,288.0,155.0,288.0,288.0,281.0,281.0,348.0,199.5,0.0,2,1
small-world,400,6,153,94.0,267.0,62.0,62.0,179.0,179.0,239.0,199.5,0.0,2,1
small-world,400,6,154,288.0,288.0,288.0,288.0,323.0,323.0,364.0,199.5,0.0,2,1
small-world,400,6,155,94.0,139.0,235.0,235.0,285.0,285.0,99.0,199.5,0.0,2,1
small-world,400,6,156,94.0,115.0,211.0,211.0,231.0,231.0,134.0,199.5,0.0,2,1
small-world,400,6,157,94.0,182.0,211.0,211.0,284.0,284.0,141.0,199.5,0.0,2,1
small-world,400,6,158,94.0,377.0,211.0,211.0,380.0,380.0,127.0,199.5,0.0,2,1
small-world,400,6,159,288.0,272.0,288.0,288.0,330.0,330.0,333.0,199.5,0.0,2,1
small-world,400,6,160,94.0,320.0,235.0,235.0,332.0,332.0,114.0,199.5,0.0,2,1
small-world,400,6,161,18.0,355.0,161.0,161.0,280.0,280.0,31.0,199.5,0.0,2,1
small-world,400,6,162,94.0,278.0,119.0,119.0,217.0,217.0,212.0,199.5,0.0,2,1
small-world,400,6,163,288.0,380.0,288.0,288.0,381.0,381.0,321.0,199.5,0.0,2,1
small-world,400,6,164,94.0,74.0,101.0,101.0,134.0,134.0,236.0,199.5,0.0,2,1
small-world,400,6,165,288.0,252.0,288.0,288.0,370.0,370.0,319.0,199.5,0.0,2,1
small-world,400,6,166,94.0,301.0,181.0,181.0,279.0,279.0,169.0,199.5,0.0,2,1
small-world,400,6,167,18.0,280.0,148.0,148.0,222.0,222.0,30.0,199.5,0.0,2,1
small-world,400,6,168,94.0,258.0,142.0,142.0,201.0,201.0,216.0,199.5,0.0,2,1
small-world,400,6,169,94.0,234.0,133.0,133.0,143.0,143.0,243.0,199.5,0.0,2,1
small-world,400,6,170,4.0,200.0,65.0,65.0,80.0,80.0,12.0,199.5,0.0,2,1
small-world,400,6,171,94.0,171.0,62.0,62.0,75.0,75.0,284.0,199.5,0.0,2,1
small-world,400,6,172,18.0,145.0,34.0,34.0,34.0,34.0,89.0,199.5,0.0,2,1
small-world,400,6,173,288.0,73.0,288.0,288.0,209.0,209.0,337.0,199.5,0.0,2,1
small-world,400,6,174,288.0,240.0,288.0,288.0,250.0,250.0,370.0,199.5,0.0,2,1
small-world,400,6,175,288.0,201.0,288.0,288.0,154.0,154.0,392.0,199.5,0.0,2,1
small-world,400,6,176,94.0,13.0,17.0,17.0,54.0,54.0,264.0,199.5,0.0,2,1
small-world,400,6,177,94.0,11.0,16.0,16.0,63.0,63.0,242.0,199.5,0.0,2,1
small-world,400,6,178,94.0,274.0,181.0,181.0,292.0,292.0,164.0,199.5,0.0,2,1
small-world,400,6,179,94.0,249.0,162.0,162.0,259.0,259.0,180.0,199.5,0.0,2,1
small-world,400,6,180,18.0,220.0,140.0,140.0,205.0,205.0,33.0,199.5,0.0,2,1
small-world,400,6,181,94.0,187.0,133.0,133.0,167.0,167.0,226.0,199.5,0.0,2,1
small-world,400,6,182,288.0,100.0,288.0,288.0,245.0,245.0,329.0,199.5,0.0,2,1
small-world,400,6,183,18.0,72.0,205.0,205.0,159.0,159.0,20.0,199.5,0.0,2,1
small-world,400,6,184,94.0,26.0,235.0,235.0,78.0,78.0,173.0,199.5,0.0,2,1
small-world,400,6,185,288.0,147.0,288.0,288.0,110.0,110.0,395.0,199.5,0.0,2,1
small-world,400,6,186,288.0,368.0,288.0,288.0,383.0,383.0,332.0,199.5,0.0,2,1
small-world,400,6,187,94.0,354.0,235.0,235.0,344.0,344.0,142.0,199.5,0.0,2,1
small-world,400,6,188,94.0,81.0,119.0,119.0,168.0,168.0,209.0,199.5,0.0,2,1
small-world,400,6,189,94.0,53.0,112.0,112.0,140.0,140.0,213.0,199.5,0.0,2,1
small-world,400,6,190,94.0,35.0,101.0,101.0,104.0,104.0,230.0,199.5,0.0,2,1
small-world,400,6,191,288.0,218.0,288.0,288.0,213.0,213.0,383.0,199.5,0.0,2,1
small-world,400,6,192,4.0,182.0,90.0,90.0,100.0,100.0,8.0,199.5,0.0,2,1
small-world,400,6,193,94.0,90.0,153.0,153.0,96.0,96.0,218.0,199.5,0.0,2,1
small-world,400,6,194,94.0,130.0,235.0,235.0,144.0,144.0,122.0,199.5,0.0,2,1
small-world,400,6,195,288.0,367.0,288.0,288.0,369.0,369.0,313.0,199.5,0.0,2,1
small-world,400,6,196,94.0,269.0,235.0,235.0,266.0,266.0,144.0,199.5,0.0,2,1
small-world,400,6,197,288.0,58.0,288.0,288.0,183.0,183.0,355.0,199.5,0.0,2,1
small-world,400,6,198,4.0,38.0,174.0,174.0,94.0,94.0,5.0,199.5,0.0,2,1
small-world,400,6,199,94.0,20.0,162.0,162.0,67.0,67.0,234.0,199.5,0.0,2,1
small-world,400,6,200,288.0,295.0,288.0,288.0,366.0,366.0,295.0,199.5,0.0,2,1
small-world,400,6,201,94.0,269.0,235.0,235.0,319.0,319.0,101.0,199.5,0.0,2,1
small-world,400,6,202,94.0,243.0,211.0,211.0,277.0,277.0,138.0,199.5,0.0,2,1
small-world,400,6,203,94.0,211.0,181.0,181.0,228.0,228.0,177.0,199.5,0.0,2,1
small-world,400,6,204,18.0,148.0,95.0,95.0,60.0,60.0,78.0,199.5,0.0,2,1
small-world,400,6,205,94.0,18.0,96.0,96.0,66.0,66.0,266.0,199.5,0.0,2,1
small-world,400,6,206,288.0,45.0,288.0,288.0,95.0,95.0,385.0,199.5,0.0,2,1
small-world,400,6,207,288.0,58.0,288.0,288.0,183.0,183.0,355.0,199.5,0.0,2,1
small-world,400,6,208,288.0,228.0,288.0,288.0,302.0,302.0,303.0,199.5,0.0,2,1
small-world,400,6,209,94.0,190.0,235.0,235.0,237.0,237.0,109.0,199.5,0.0,2,1
small-world,400,6,210,288.0,364.0,288.0,288.0,349.0,349.0,343.0,199.5,0.0,2,1
small-world,400,6,211,94.0,348.0,235.0,235.0,278.0,278.0,159.0,199.5,0.0,2,1
small-world,400,6,212,18.0,334.0,76.0,76.0,192.0,192.0,64.0,199.5,0.0,2,1
small-world,400,6,213,94.0,318.0,72.0,72.0,173.0,173.0,275.0,199.5,0.0,2,1
small-world,400,6,214,4.0,3.0,1.0,1.0,12.0,12.0,16.0,199.5,0.0,2,1
small-world,400,6,215,94.0,2.0,9.0,9.0,30.0,30.0,286.0,199.5,0.0,2,1
small-world,400,6,216,94.0,140.0,181.0,181.0,103.0,103.0,192.0,199.5,0.0,2,1
small-world,400,6,217,18.0,116.0,148.0,148.0,48.0,48.0,53.0,199.5,0.0,2,1
small-world,400,6,218,18.0,207.0,148.0,148.0,151.0,151.0,36.0,199.5,0.0,2,1
small-world,400,6,219,18.0,292.0,147.0,147.0,263.0,263.0,34.0,199.5,0.0,2,1
small-world,400,6,220,288.0,218.0,288.0,288.0,213.0,213.0,383.0,199.5,0.0,2,1
small-world,400,6,221,94.0,9.0,15.0,15.0,56.0,56.0,247.0,199.5,0.0,2,1
small-world,400,6,222,288.0,379.0,288.0,288.0,390.0,390.0,327.0,199.5,0.0,2,1
small-world,400,6,223,94.0,366.0,235.0,235.0,358.0,358.0,136.0,199.5,0.0,2,1
small-world,400,6,224,288.0,338.0,288.0,288.0,294.0,294.0,377.0,199.5,0.0,2,1
small-world,400,6,225,94.0,51.0,33.0,33.0,28.0,28.0,277.0,199.5,0.0,2,1
small-world,400,6,226,94.0,61.0,35.0,35.0,21.0,21.0,283.0,199.5,0.0,2,1
small-world,400,6,227,18.0,69.0,22.0,22.0,3.0,3.0,93.0,199.5,0.0,2,1
small-world,400,6,228,18.0,83.0,47.0,47.0,11.0,11.0,88.0,199.5,0.0,2,1
small-world,400,6,229,94.0,99.0,87.0,87.0,40.0,40.0,278.0,199.5,0.0,2,1
small-world,400,6,230,94.0,88.0,84.0,84.0,44.0,44.0,265.0,199.5,0.0,2,1
small-world,400,6,231,18.0,74.0,79.0,79.0,25.0,25.0,67.0,199.5,0.0,2,1
small-world,400,6,232,288.0,387.0,288.0,288.0,392.0,392.0,347.0,199.5,0.0,2,1
small-world,400,6,233,18.0,378.0,175.0,175.0,357.0,357.0,24.0,199.5,0.0,2,1
small-world,400,6,234,94.0,365.0,162.0,162.0,343.0,343.0,196.0,199.5,0.0,2,1
small-world,400,6,235,288.0,121.0,288.0,288.0,197.0,197.0,338.0,199.5,0.0,2,1
small-world,400,6,236,94.0,95.0,235.0,235.0,111.0,111.0,150.0,199.5,0.0,2,1
small-world,400,6,237,18.0,65.0,123.0,123.0,46.0,46.0,57.0,199.5,0.0,2,1
small-world,400,6,238,1.0,41.0,28.0,28.0,6.0,6.0,2.0,199.5,0.0,2,1
small-world,400,6,239,94.0,49.0,96.0,96.0,105.0,105.0,240.0,199.5,0.0,2,1
small-world,400,6,240,94.0,31.0,93.0,93.0,77.0,77.0,263.0,199.5,0.0,2,1
small-world,400,6,241,288.0,357.0,288.0,288.0,335.0,335.0,378.0,199.5,0.0,2,1
small-world,400,6,242,288.0,340.0,288.0,288.0,299.0,299.0,371.0,199.5,0.0,2,1
small-world,400,6,243,18.0,323.0,175.0,175.0,204.0,204.0,37.0,199.5,0.0,2,1
small-world,400,6,244,288.0,332.0,288.0,288.0,387.0,387.0,290.0,199.5,0.0,2,1
small-world,400,6,245,94.0,314.0,235.0,235.0,355.0,355.0,96.0,199.5,0.0,2,1
small-world,400,6,246,94.0,297.0,211.0,211.0,329.0,329.0,130.0,199.5,0.0,2,1
small-world,400,6,247,288.0,400.0,288.0,288.0,400.0,400.0,312.0,199.5,0.0,2,1
small-world,400,6,248,94.0,397.0,235.0,235.0,395.0,395.0,118.0,199.5,0.0,2,1
small-world,400,6,249,288.0,391.0,288.0,288.0,397.0,397.0,288.0,199.5,0.0,2,1
small-world,400,6,250,94.0,385.0,235.0,235.0,391.0,391.0,94.0,199.5,0.0,2,1
small-world,400,6,251,288.0,353.0,288.0,288.0,347.0,347.0,324.0,199.5,0.0,2,1
small-world,400,6,252,94.0,339.0,235.0,235.0,283.0,283.0,131.0,199.5,0.0,2,1
small-world,400,6,253,288.0,142.0,288.0,288.0,130.0,130.0,390.0,199.5,0.0,2,1
small-world,400,6,254,288.0,216.0,288.0,288.0,274.0,274.0,340.0,199.5,0.0,2,1
small-world,400,6,255,288.0,199.0,288.0,288.0,149.0,149.0,394.0,199.5,0.0,2,1
small-world,400,6,256,94.0,281.0,162.0,162.0,253.0,253.0,191.0,199.5,0.0,2,1
small-world,400,6,257,94.0,259.0,153.0,153.0,208.0,208.0,221.0,199.5,0.0,2,1
small-world,400,6,258,94.0,27.0,19.0,19.0,57.0,57.0,248.0,199.5,0.0,2,1
small-world,400,6,259,288.0,158.0,288.0,288.0,219.0,219.0,317.0,199.5,0.0,2,1
small-world,400,6,260,288.0,120.0,288.0,288.0,172.0,172.0,339.0,199.5,0.0,2,1
small-world,400,6,261,18.0,350.0,129.0,129.0,301.0,301.0,41.0,199.5,0.0,2,1
small-world,400,6,262,18.0,341.0,110.0,110.0,286.0,286.0,45.0,199.5,0.0,2,1
small-world,400,6,263,94.0,325.0,101.0,101.0,287.0,287.0,222.0,199.5,0.0,2,1
small-world,400,6,264,18.0,306.0,92.0,92.0,264.0,264.0,38.0,199.5,0.0,2,1
small-world,400,6,265,94.0,284.0,88.0,88.0,262.0,262.0,208.0,199.5,0.0,2,1
small-world,400,6,266,94.0,261.0,85.0,85.0,244.0,244.0,203.0,199.5,0.0,2,1
small-world,400,6,267,94.0,237.0,83.0,83.0,216.0,216.0,205.0,199.5,0.0,2,1
small-world,400,6,268,94.0,205.0,81.0,81.0,176.0,176.0,210.0,199.5,0.0,2,1
small-world,400,6,269,4.0,175.0,71.0,71.0,131.0,131.0,7.0,199.5,0.0,2,1
small-world,400,6,270,94.0,150.0,70.0,70.0,120.0,120.0,224.0,199.5,0.0,2,1
small-world,400,6,271,94.0,39.0,46.0,46.0,10.0,10.0,287.0,199.5,0.0,2,1
small-world,400,6,272,18.0,32.0,42.0,42.0,9.0,9.0,87.0,199.5,0.0,2,1
small-world,400,6,273,94.0,24.0,43.0,43.0,16.0,16.0,285.0,199.5,0.0,2,1
small-world,400,6,274,18.0,14.0,4.0,4.0,4.0,4.0,86.0,199.5,0.0,2,1
small-world,400,6,275,94.0,19.0,30.0,30.0,23.0,23.0,273.0,199.5,0.0,2,1
small-world,400,6,276,288.0,250.0,288.0,288.0,288.0,288.0,368.0,199.5,0.0,2,1
small-world,400,6,277,288.0,166.0,288.0,288.0,338.0,338.0,293.0,199.5,0.0,2,1
small-world,400,6,278,18.0,257.0,100.0,100.0,166.0,166.0,40.0,199.5,0.0,2,1
small-world,400,6,279,94.0,233.0,96.0,96.0,138.0,138.0,251.0,199.5,0.0,2,1
small-world,400,6,280,288.0,223.0,288.0,288.0,256.0,256.0,351.0,199.5,0.0,2,1
small-world,400,6,281,94.0,186.0,235.0,235.0,157.0,157.0,171.0,199.5,0.0,2,1
small-world,400,6,282,288.0,380.0,288.0,288.0,381.0,381.0,321.0,199.5,0.0,2,1
small-world,400,6,283,94.0,369.0,235.0,235.0,341.0,341.0,125.0,199.5,0.0,2,1
small-world,400,6,284,288.0,388.0,288.0,288.0,393.0,393.0,296.0,199.5,0.0,2,1
small-world,400,6,285,94.0,382.0,235.0,235.0,376.0,376.0,102.0,199.5,0.0,2,1
small-world,400,6,286,94.0,371.0,211.0,211.0,350.0,350.0,140.0,199.5,0.0,2,1
small-world,400,6,287,94.0,356.0,181.0,181.0,312.0,312.0,179.0,199.5,0.0,2,1
small-world,400,6,288,94.0,343.0,162.0,162.0,271.0,271.0,227.0,199.5,0.0,2,1
small-world,400,6,289,94.0,98.0,27.0,27.0,62.0,62.0,246.0,199.5,0.0,2,1
small-world,400,6,290,94.0,80.0,26.0,26.0,61.0,61.0,245.0,199.5,0.0,2,1
small-world,400,6,291,18.0,64.0,24.0,24.0,38.0,38.0,59.0,199.5,0.0,2,1
small-world,400,6,292,94.0,48.0,23.0,23.0,31.0,31.0,281.0,199.5,0.0,2,1
small-world,400,6,293,18.0,40.0,3.0,3.0,5.0,5.0,91.0,199.5,0.0,2,1
small-world,400,6,294,288.0,111.0,288.0,288.0,117.0,117.0,393.0,199.5,0.0,2,1
small-world,400,6,295,288.0,77.0,288.0,288.0,127.0,127.0,386.0,199.5,0.0,2,1
small-world,400,6,296,18.0,164.0,148.0,148.0,255.0,255.0,29.0,199.5,0.0,2,1
small-world,400,6,297,94.0,136.0,142.0,142.0,226.0,226.0,198.0,199.5,0.0,2,1
small-world,400,6,298,288.0,279.0,288.0,288.0,270.0,270.0,376.0,199.5,0.0,2,1
small-world,400,6,299,288.0,345.0,288.0,288.0,386.0,386.0,302.0,199.5,0.0,2,1
small-world,400,6,300,94.0,329.0,235.0,235.0,353.0,353.0,108.0,199.5,0.0,2,1
small-world,400,6,301,94.0,241.0,162.0,162.0,260.0,260.0,193.0,199.5,0.0,2,1
small-world,400,6,302,94.0,247.0,61.0,61.0,158.0,158.0,241.0,199.5,0.0,2,1
small-world,400,6,303,94.0,227.0,60.0,60.0,126.0,126.0,260.0,199.5,0.0,2,1
small-world,400,6,304,18.0,194.0,51.0,51.0,76.0,76.0,81.0,199.5,0.0,2,1
small-world,400,6,305,94.0,363.0,181.0,181.0,368.0,368.0,152.0,199.5,0.0,2,1
small-world,400,6,306,94.0,347.0,162.0,162.0,346.0,346.0,172.0,199.5,0.0,2,1
small-world,400,6,307,94.0,333.0,153.0,153.0,321.0,321.0,181.0,199.5,0.0,2,1
small-world,400,6,308,94.0,316.0,142.0,142.0,290.0,290.0,197.0,199.5,0.0,2,1
small-world,400,6,309,94.0,369.0,235.0,235.0,341.0,341.0,125.0,199.5,0.0,2,1
small-world,400,6,310,18.0,342.0,140.0,140.0,235.0,235.0,48.0,199.5,0.0,2,1
small-world,400,6,311,18.0,327.0,94.0,94.0,203.0,203.0,77.0,199.5,0.0,2,1
small-world,400,6,312,18.0,307.0,68.0,68.0,171.0,171.0,79.0,199.5,0.0,2,1
small-world,400,6,313,94.0,286.0,66.0,66.0,196.0,196.0,257.0,199.5,0.0,2,1
small-world,400,6,314,94.0,114.0,57.0,57.0,74.0,74.0,272.0,199.5,0.0,2,1
small-world,400,6,315,94.0,87.0,56.0,56.0,53.0,53.0,269.0,199.5,0.0,2,1
small-world,400,6,316,18.0,62.0,52.0,52.0,17.0,17.0,73.0,199.5,0.0,2,1
small-world,400,6,317,288.0,375.0,288.0,288.0,363.0,363.0,341.0,199.5,0.0,2,1
small-world,400,6,318,288.0,375.0,288.0,288.0,363.0,363.0,341.0,199.5,0.0,2,1
small-world,400,6,319,94.0,361.0,235.0,235.0,297.0,297.0,154.0,199.5,0.0,2,1
small-world,400,6,320,94.0,113.0,181.0,181.0,108.0,108.0,201.0,199.5,0.0,2,1
small-world,400,6,321,288.0,252.0,288.0,288.0,370.0,370.0,319.0,199.5,0.0,2,1
small-world,400,6,322,18.0,230.0,205.0,205.0,316.0,316.0,17.0,199.5,0.0,2,1
small-world,400,6,323,94.0,89.0,235.0,235.0,84.0,84.0,170.0,199.5,0.0,2,1
small-world,400,6,324,288.0,226.0,288.0,288.0,269.0,269.0,310.0,199.5,0.0,2,1
small-world,400,6,325,94.0,189.0,235.0,235.0,200.0,200.0,116.0,199.5,0.0,2,1
small-world,400,6,326,94.0,159.0,211.0,211.0,135.0,135.0,167.0,199.5,0.0,2,1
small-world,400,6,327,94.0,131.0,181.0,181.0,79.0,79.0,228.0,199.5,0.0,2,1
small-world,400,6,328,288.0,152.0,288.0,288.0,109.0,109.0,399.0,199.5,0.0,2,1
small-world,400,6,329,4.0,124.0,25.0,25.0,19.0,19.0,15.0,199.5,0.0,2,1
small-world,400,6,330,94.0,310.0,211.0,211.0,317.0,317.0,151.0,199.5,0.0,2,1
small-world,400,6,331,288.0,90.0,288.0,288.0,90.0,90.0,387.0,199.5,0.0,2,1
small-world,400,6,332,288.0,203.0,288.0,288.0,191.0,191.0,361.0,199.5,0.0,2,1
small-world,400,6,333,94.0,172.0,235.0,235.0,99.0,99.0,183.0,199.5,0.0,2,1
small-world,400,6,334,288.0,389.0,288.0,288.0,394.0,394.0,298.0,199.5,0.0,2,1
small-world,400,6,335,288.0,66.0,288.0,288.0,88.0,88.0,396.0,199.5,0.0,2,1
small-world,400,6,336,288.0,352.0,288.0,288.0,337.0,337.0,358.0,199.5,0.0,2,1
small-world,400,6,337,18.0,337.0,175.0,175.0,249.0,249.0,26.0,199.5,0.0,2,1
small-world,400,6,338,18.0,322.0,148.0,148.0,186.0,186.0,44.0,199.5,0.0,2,1
small-world,400,6,339,4.0,305.0,55.0,55.0,121.0,121.0,13.0,199.5,0.0,2,1
small-world,400,6,340,94.0,283.0,54.0,54.0,155.0,155.0,259.0,199.5,0.0,2,1
small-world,400,6,341,288.0,85.0,288.0,288.0,227.0,227.0,336.0,199.5,0.0,2,1
small-world,400,6,342,94.0,56.0,235.0,235.0,153.0,153.0,145.0,199.5,0.0,2,1
small-world,400,6,343,18.0,36.0,129.0,129.0,85.0,85.0,51.0,199.5,0.0,2,1
small-world,400,6,344,18.0,17.0,110.0,110.0,51.0,51.0,69.0,199.5,0.0,2,1
small-world,400,6,345,18.0,1.0,2.0,2.0,22.0,22.0,84.0,199.5,0.0,2,1
small-world,400,6,346,94.0,84.0,181.0,181.0,193.0,193.0,174.0,199.5,0.0,2,1
small-world,400,6,347,94.0,55.0,162.0,162.0,141.0,141.0,207.0,199.5,0.0,2,1
small-world,400,6,348,288.0,309.0,288.0,288.0,365.0,365.0,315.0,199.5,0.0,2,1
small-world,400,6,349,94.0,288.0,235.0,235.0,305.0,305.0,121.0,199.5,0.0,2,1
small-world,400,6,350,288.0,324.0,288.0,288.0,360.0,360.0,300.0,199.5,0.0,2,1
small-world,400,6,351,94.0,304.0,235.0,235.0,308.0,308.0,106.0,199.5,0.0,2,1
small-world,400,6,352,94.0,282.0,211.0,211.0,265.0,265.0,148.0,199.5,0.0,2,1
small-world,400,6,353,94.0,260.0,181.0,181.0,211.0,211.0,204.0,199.5,0.0,2,1
small-world,400,6,354,18.0,235.0,107.0,107.0,142.0,142.0,61.0,199.5,0.0,2,1
small-world,400,6,355,94.0,202.0,101.0,101.0,122.0,122.0,255.0,199.5,0.0,2,1
small-world,400,6,356,94.0,170.0,96.0,96.0,82.0,82.0,274.0,199.5,0.0,2,1
small-world,400,6,357,288.0,207.0,288.0,288.0,223.0,223.0,373.0,199.5,0.0,2,1
small-world,400,6,358,288.0,146.0,288.0,288.0,232.0,232.0,311.0,199.5,0.0,2,1
small-world,400,6,359,94.0,122.0,235.0,235.0,162.0,162.0,117.0,199.5,0.0,2,1
small-world,400,6,360,94.0,97.0,211.0,211.0,101.0,101.0,168.0,199.5,0.0,2,1
small-world,400,6,361,288.0,317.0,288.0,288.0,328.0,328.0,369.0,199.5,0.0,2,1
small-world,400,6,362,18.0,300.0,124.0,124.0,243.0,243.0,35.0,199.5,0.0,2,1
small-world,400,6,363,288.0,321.0,288.0,288.0,345.0,345.0,345.0,199.5,0.0,2,1
small-world,400,6,364,18.0,303.0,175.0,175.0,273.0,273.0,23.0,199.5,0.0,2,1
small-world,400,6,365,288.0,58.0,288.0,288.0,183.0,183.0,355.0,199.5,0.0,2,1
small-world,400,6,366,288.0,184.0,288.0,288.0,313.0,313.0,328.0,199.5,0.0,2,1
small-world,400,6,367,94.0,154.0,235.0,235.0,251.0,251.0,137.0,199.5,0.0,2,1
small-world,400,6,368,18.0,125.0,137.0,137.0,169.0,169.0,42.0,199.5,0.0,2,1
small-world,400,6,369,18.0,243.0,117.0,117.0,187.0,187.0,46.0,199.5,0.0,2,1
small-world,400,6,370,94.0,215.0,112.0,112.0,161.0,161.0,235.0,199.5,0.0,2,1
small-world,400,6,371,288.0,302.0,288.0,288.0,306.0,306.0,366.0,199.5,0.0,2,1
small-world,400,6,372,288.0,228.0,288.0,288.0,302.0,302.0,303.0,199.5,0.0,2,1
small-world,400,6,373,94.0,190.0,235.0,235.0,237.0,237.0,109.0,199.5,0.0,2,1
small-world,400,6,374,94.0,162.0,211.0,211.0,177.0,177.0,157.0,199.5,0.0,2,1
small-world,400,6,375,94.0,133.0,181.0,181.0,123.0,123.0,214.0,199.5,0.0,2,1
small-world,400,6,376,18.0,108.0,122.0,122.0,64.0,64.0,75.0,199.5,0.0,2,1
small-world,400,6,377,288.0,207.0,288.0,288.0,223.0,223.0,373.0,199.5,0.0,2,1
small-world,400,6,378,288.0,220.0,288.0,288.0,239.0,239.0,359.0,199.5,0.0,2,1
small-world,400,6,379,94.0,211.0,153.0,153.0,210.0,210.0,225.0,199.5,0.0,2,1
small-world,400,6,380,18.0,180.0,107.0,107.0,145.0,145.0,63.0,199.5,0.0,2,1
small-world,400,6,381,18.0,151.0,91.0,91.0,115.0,115.0,60.0,199.5,0.0,2,1
small-world,400,6,382,94.0,128.0,88.0,88.0,102.0,102.0,262.0,199.5,0.0,2,1
small-world,400,6,383,94.0,104.0,85.0,85.0,73.0,73.0,280.0,199.5,0.0,2,1
small-world,400,6,384,288.0,197.0,288.0,288.0,233.0,233.0,325.0,199.5,0.0,2,1
small-world,400,6,385,94.0,393.0,133.0,133.0,373.0,373.0,190.0,199.5,0.0,2,1
small-world,400,6,386,94.0,390.0,126.0,126.0,359.0,359.0,195.0,199.5,0.0,2,1
small-world,400,6,387,94.0,384.0,119.0,119.0,340.0,340.0,200.0,199.5,0.0,2,1
small-world,400,6,388,94.0,374.0,112.0,112.0,314.0,314.0,211.0,199.5,0.0,2,1
small-world,400,6,389,94.0,360.0,101.0,101.0,276.0,276.0,229.0,199.5,0.0,2,1
small-world,400,6,390,4.0,346.0,82.0,82.0,207.0,207.0,9.0,199.5,0.0,2,1
small-world,400,6,391,288.0,43.0,288.0,288.0,147.0,147.0,354.0,199.5,0.0,2,1
small-world,400,6,392,288.0,295.0,288.0,288.0,336.0,336.0,335.0,199.5,0.0,2,1
small-world,400,6,393,288.0,288.0,288.0,288.0,323.0,323.0,364.0,199.5,0.0,2,1
small-world,400,6,394,94.0,179.0,162.0,162.0,175.0,175.0,223.0,199.5,0.0,2,1
small-world,400,6,395,18.0,149.0,80.0,80.0,118.0,118.0,70.0,199.5,0.0,2,1
small-world,400,6,396,94.0,126.0,78.0,78.0,106.0,106.0,256.0,199.5,0.0,2,1
small-world,400,6,397,94.0,104.0,77.0,77.0,81.0,81.0,258.0,199.5,0.0,2,1
small-world,400,6,398,18.0,79.0,69.0,69.0,37.0,37.0,72.0,199.5,0.0,2,1
small-world,400,6,399,288.0,220.0,288.0,288.0,239.0,239.0,359.0,199.5,0.0,2,1
