small-world,400,13,0,24.0,362.0,98.0,98.0,347.0,347.0,46.0,199.5,0.0033333333333333335,3,2
small-world,400,13,1,109.0,358.0,95.0,95.0,350.0,350.0,203.0,199.5,0.0033333333333333335,3,2
small-world,400,13,2,109.0,352.0,93.0,93.0,343.0,343.0,199.0,199.5,0.0033333333333333335,3,2
small-world,400,13,3,109.0,349.0,90.0,90.0,338.0,338.0,198.0,199.5,0.0033333333333333335,3,2
small-world,400,13,4,109.0,342.0,89.0,89.0,328.0,328.0,202.0,199.5,0.0033333333333333335,3,2
small-world,400,13,5,109.0,336.0,81.0,81.0,306.0,306.0,210.0,199.5,0.0033333333333333335,3,2
small-world,400,13,6,109.0,329.0,79.0,79.0,281.0,281.0,224.0,199.5,0.0033333333333333335,3,2
small-world,400,13,7,267.0,284.0,266.0,266.0,242.0,242.0,368.0,199.5,0.0033333333333333335,3,2
small-world,400,13,8,109.0,202.0,177.0,177.0,229.0,229.0,154.0,199.5,0.0033333333333333335,3,2
small-world,400,13,9,267.0,367.0,266.0,266.0,369.0,369.0,353.0,199.5,0.0033333333333333335,3,2
small-world,400,13,10,267.0,93.0,266.0,266.0,220.0,220.0,306.0,199.5,0.0033333333333333335,3,2
small-world,400,13,11,267.0,226.0,266.0,266.0,248.0,248.0,287.0,199.5,0.0033333333333333335,3,2
small-world,400,13,12,109.0,187.0,201.0,201.0,166.0,166.0,129.0,199.5,0.0033333333333333335,3,2
small-world,400,13,13,267.0,199.0,266.0,266.0,253.0,253.0,345.0,199.5,0.0033333333333333335,3,2
small-world,400,13,14,24.0,159.0,154.0,154.0,163.0,163.0,38.0,199.5,0.0033333333333333335,3,2
small-world,400,13,15,267.0,398.0,266.0,266.0,398.0,398.0,301.0,199.5,0.0033333333333333335,3,2
small-world,400,13,16,267.0,284.0,266.0,266.0,258.0,258.0,375.0,199.5,0.0033333333333333335,3,2
small-world,400,13,17,267.0,235.0,266.0,266.0,295.0,295.0,291.0,199.5,0.0033333333333333335,3,2
small-world,400,13,18,267.0,296.0,266.0,266.0,341.0,341.0,270.0,199.5,0.0033333333333333335,3,2
small-world,400,13,19,109.0,280.0,201.0,201.0,304.0,304.0,112.0,199.5,0.0033333333333333335,3,2
small-world,400,13,20,109.0,172.0,201.0,201.0,254.0,254.0,126.0,199.5,0.0033333333333333335,3,2
small-world,400,13,21,109.0,139.0,177.0,177.0,202.0,202.0,170.0,199.5,0.0033333333333333335,3,2
small-world,400,13,22,109.0,110.0,157.0,157.0,135.0,135.0,220.0,199.5,0.0033333333333333335,3,2
small-world,400,13,23,109.0,194.0,201.0,201.0,217.0,217.0,137.0,199.5,0.0033333333333333335,3,2
small-world,400,13,24,267.0,239.0,266.0,266.0,301.0,301.0,271.0,199.5,0.0033333333333333335,3,2
small-world,400,13,25,109.0,212.0,201.0,201.0,251.0,251.0,113.0,199.5,0.0033333333333333335,3,2
small-world,400,13,26,267.0,257.0,266.0,266.0,280.0,280.0,354.0,199.5,0.0033333333333333335,3,2
small-world,400,13,27,267.0,319.0,266.0,266.0,285.0,285.0,381.0,199.5,0.0033333333333333335,3,2
small-world,400,13,28,267.0,327.0,266.0,266.0,330.0,330.0,321.0,199.5,0.0033333333333333335,3,2
small-world,400,13,29,109.0,318.0,201.0,201.0,272.0,272.0,159.0,199.5,0.0033333333333333335,3,2
small-world,400,13,30,4.0,312.0,86.0,86.0,165.0,165.0,10.0,199.5,0.0033333333333333335,3,2
small-world,400,13,31,109.0,17.0,119.0,119.0,36.0,36.0,241.0,199.5,0.0033333333333333335,3,2
small-world,400,13,32,109.0,343.0,201.0,201.0,349.0,349.0,118.0,199.5,0.0033333333333333335,3,2
small-world,400,13,33,109.0,338.0,177.0,177.0,326.0,326.0,156.0,199.5,0.0033333333333333335,3,2
small-world,400,13,34,267.0,83.0,266.0,266.0,113.0,113.0,369.0,199.5,0.0033333333333333335,3,2
small-world,400,13,35,267.0,37.0,266.0,266.0,52.0,52.0,390.0,199.5,0.0033333333333333335,3,2
small-world,400,13,36,24.0,19.0,94.0,94.0,10.0,10.0,84.0,199.5,0.0033333333333333335,3,2
small-world,400,13,37,24.0,6.0,9.0,9.0,1.0,1.0,108.0,199.5,0.0033333333333333335,3,2
small-world,400,13,38,24.0,10.0,10.0,10.0,2.0,2.0,106.0,199.5,0.0033333333333333335,3,2
small-world,400,13,39,267.0,54.0,266.0,266.0,146.0,146.0,322.0,199.5,0.0033333333333333335,3,2
small-world,400,13,40,24.0,33.0,170.0,170.0,74.0,74.0,30.0,199.5,0.0033333333333333335,3,2
small-world,400,13,41,24.0,18.0,139.0,139.0,37.0,37.0,54.0,199.5,0.0033333333333333335,3,2
small-world,400,13,42,24.0,5.0,5.0,5.0,16.0,16.0,99.0,199.5,0.0033333333333333335,3,2
small-world,400,13,43,24.0,4.0,4.0,4.0,9.0,9.0,100.0,199.5,0.0033333333333333335,3,2
small-world,400,13,44,267.0,67.0,266.0,266.0,101.0,101.0,335.0,199.5,0.0033333333333333335,3,2
small-world,400,13,45,109.0,168.0,201.0,201.0,244.0,244.0,121.0,199.5,0.0033333333333333335,3,2
small-world,400,13,46,109.0,133.0,177.0,177.0,186.0,186.0,161.0,199.5,0.0033333333333333335,3,2
small-world,400,13,47,24.0,8.0,7.0,7.0,24.0,24.0,87.0,199.5,0.0033333333333333335,3,2
small-world,400,13,48,24.0,7.0,8.0,8.0,20.0,20.0,90.0,199.5,0.0033333333333333335,3,2
small-world,400,13,49,267.0,205.0,266.0,266.0,274.0,274.0,308.0,199.5,0.0033333333333333335,3,2
small-world,400,13,50,109.0,165.0,201.0,201.0,197.0,197.0,147.0,199.5,0.0033333333333333335,3,2
small-world,400,13,51,24.0,230.0,115.0,115.0,193.0,193.0,47.0,199.5,0.0033333333333333335,3,2
small-world,400,13,52,24.0,193.0,98.0,98.0,143.0,143.0,66.0,199.5,0.0033333333333333335,3,2
small-world,400,13,53,24.0,160.0,78.0,78.0,106.0,106.0,88.0,199.5,0.0033333333333333335,3,2
small-world,400,13,54,4.0,341.0,76.0,76.0,236.0,236.0,14.0,199.5,0.0033333333333333335,3,2
small-world,400,13,55,109.0,335.0,74.0,74.0,269.0,269.0,234.0,199.5,0.0033333333333333335,3,2
small-world,400,13,56,24.0,328.0,71.0,71.0,245.0,245.0,64.0,199.5,0.0033333333333333335,3,2
small-world,400,13,57,267.0,308.0,266.0,266.0,315.0,315.0,331.0,199.5,0.0033333333333333335,3,2
small-world,400,13,58,109.0,15.0,119.0,119.0,22.0,22.0,244.0,199.5,0.0033333333333333335,3,2
small-world,400,13,59,109.0,175.0,177.0,177.0,201.0,201.0,149.0,199.5,0.0033333333333333335,3,2
small-world,400,13,60,109.0,77.0,66.0,66.0,62.0,62.0,260.0,199.5,0.0033333333333333335,3,2
small-world,400,13,61,267.0,170.0,266.0,266.0,188.0,188.0,360.0,199.5,0.0033333333333333335,3,2
small-world,400,13,62,267.0,134.0,266.0,266.0,215.0,215.0,364.0,199.5,0.0033333333333333335,3,2
small-world,400,13,63,24.0,102.0,115.0,115.0,119.0,119.0,55.0,199.5,0.0033333333333333335,3,2
small-world,400,13,64,267.0,295.0,266.0,266.0,348.0,348.0,277.0,199.5,0.0033333333333333335,3,2
small-world,400,13,65,109.0,278.0,201.0,201.0,316.0,316.0,119.0,199.5,0.0033333333333333335,3,2
small-world,400,13,66,109.0,48.0,201.0,201.0,45.0,45.0,174.0,199.5,0.0033333333333333335,3,2
small-world,400,13,67,267.0,398.0,266.0,266.0,398.0,398.0,301.0,199.5,0.0033333333333333335,3,2
small-world,400,13,68,24.0,396.0,260.0,260.0,388.0,388.0,24.0,199.5,0.0033333333333333335,3,2
small-world,400,13,69,109.0,391.0,258.0,258.0,387.0,387.0,177.0,199.5,0.0033333333333333335,3,2
small-world,400,13,70,109.0,383.0,256.0,256.0,382.0,382.0,205.0,199.5,0.0033333333333333335,3,2
small-world,400,13,71,24.0,378.0,255.0,255.0,377.0,377.0,78.0,199.5,0.0033333333333333335,3,2
small-world,400,13,72,267.0,124.0,266.0,266.0,167.0,167.0,393.0,199.5,0.0033333333333333335,3,2
small-world,400,13,73,1.0,95.0,63.0,63.0,67.0,67.0,1.0,199.5,0.0033333333333333335,3,2
small-world,400,13,74,109.0,74.0,62.0,62.0,69.0,69.0,264.0,199.5,0.0033333333333333335,3,2
small-world,400,13,75,267.0,355.0,266.0,266.0,344.0,344.0,362.0,199.5,0.0033333333333333335,3,2
small-world,400,13,76,109.0,264.0,201.0,201.0,171.0,171.0,171.0,199.5,0.0033333333333333335,3,2
small-world,400,13,77,4.0,238.0,76.0,76.0,77.0,77.0,15.0,199.5,0.0033333333333333335,3,2
small-world,400,13,78,109.0,245.0,177.0,177.0,203.0,203.0,153.0,199.5,0.0033333333333333335,3,2
small-world,400,13,79,109.0,219.0,157.0,157.0,140.0,140.0,193.0,199.5,0.0033333333333333335,3,2
small-world,400,13,80,109.0,177.0,145.0,145.0,79.0,79.0,232.0,199.5,0.0033333333333333335,3,2
small-world,400,13,81,267.0,316.0,266.0,266.0,339.0,339.0,285.0,199.5,0.0033333333333333335,3,2
small-world,400,13,82,267.0,170.0,266.0,266.0,188.0,188.0,360.0,199.5,0.0033333333333333335,3,2
small-world,400,13,83,267.0,288.0,266.0,266.0,263.0,263.0,332.0,199.5,0.0033333333333333335,3,2
small-world,400,13,84,109.0,386.0,263.0,263.0,386.0,386.0,180.0,199.5,0.0033333333333333335,3,2
small-world,400,13,85,267.0,232.0,266.0,266.0,246.0,246.0,374.0,199.5,0.0033333333333333335,3,2
small-world,400,13,86,109.0,303.0,81.0,81.0,155.0,155.0,258.0,199.5,0.0033333333333333335,3,2
small-world,400,13,87,24.0,61.0,47.0,47.0,33.0,33.0,98.0,199.5,0.0033333333333333335,3,2
small-world,400,13,88,109.0,43.0,46.0,46.0,31.0,31.0,252.0,199.5,0.0033333333333333335,3,2
small-world,400,13,89,109.0,330.0,157.0,157.0,288.0,288.0,201.0,199.5,0.0033333333333333335,3,2
small-world,400,13,90,4.0,321.0,64.0,64.0,216.0,216.0,11.0,199.5,0.0033333333333333335,3,2
small-world,400,13,91,267.0,72.0,266.0,266.0,179.0,179.0,343.0,199.5,0.0033333333333333335,3,2
small-world,400,13,92,24.0,53.0,139.0,139.0,93.0,93.0,36.0,199.5,0.0033333333333333335,3,2
small-world,400,13,93,109.0,31.0,131.0,131.0,68.0,68.0,211.0,199.5,0.0033333333333333335,3,2
small-world,400,13,94,267.0,202.0,266.0,266.0,264.0,264.0,350.0,199.5,0.0033333333333333335,3,2
small-world,400,13,95,267.0,355.0,266.0,266.0,344.0,344.0,362.0,199.5,0.0033333333333333335,3,2
small-world,400,13,96,4.0,347.0,112.0,112.0,276.0,276.0,8.0,199.5,0.0033333333333333335,3,2
small-world,400,13,97,267.0,173.0,266.0,266.0,293.0,293.0,297.0,199.5,0.0033333333333333335,3,2
small-world,400,13,98,109.0,140.0,201.0,201.0,230.0,230.0,139.0,199.5,0.0033333333333333335,3,2
small-world,400,13,99,267.0,136.0,266.0,266.0,211.0,211.0,351.0,199.5,0.0033333333333333335,3,2
small-world,400,13,100,267.0,313.0,266.0,266.0,360.0,360.0,267.0,199.5,0.0033333333333333335,3,2
small-world,400,13,101,109.0,305.0,201.0,201.0,337.0,337.0,109.0,199.5,0.0033333333333333335,3,2
small-world,400,13,102,109.0,294.0,177.0,177.0,313.0,313.0,144.0,199.5,0.0033333333333333335,3,2
small-world,400,13,103,109.0,277.0,157.0,157.0,286.0,286.0,169.0,199.5,0.0033333333333333335,3,2
small-world,400,13,104,267.0,287.0,266.0,266.0,250.0,250.0,357.0,199.5,0.0033333333333333335,3,2
small-world,400,13,105,267.0,293.0,266.0,266.0,342.0,342.0,280.0,199.5,0.0033333333333333335,3,2
small-world,400,13,106,109.0,274.0,201.0,201.0,309.0,309.0,122.0,199.5,0.0033333333333333335,3,2
small-world,400,13,107,109.0,251.0,177.0,177.0,277.0,277.0,163.0,199.5,0.0033333333333333335,3,2
small-world,400,13,108,24.0,228.0,112.0,112.0,214.0,214.0,49.0,199.5,0.0033333333333333335,3,2
small-world,400,13,109,267.0,183.0,266.0,266.0,174.0,174.0,340.0,199.5,0.0033333333333333335,3,2
small-world,400,13,110,109.0,149.0,201.0,201.0,83.0,83.0,181.0,199.5,0.0033333333333333335,3,2
small-world,400,13,111,109.0,258.0,177.0,177.0,275.0,275.0,148.0,199.5,0.0033333333333333335,3,2
small-world,400,13,112,109.0,233.0,157.0,157.0,225.0,225.0,186.0,199.5,0.0033333333333333335,3,2
small-world,400,13,113,4.0,59.0,40.0,40.0,38.0,38.0,20.0,199.5,0.0033333333333333335,3,2
small-world,400,13,114,109.0,41.0,41.0,41.0,53.0,53.0,261.0,199.5,0.0033333333333333335,3,2
small-world,400,13,115,109.0,27.0,39.0,39.0,50.0,50.0,255.0,199.5,0.0033333333333333335,3,2
small-world,400,13,116,267.0,326.0,266.0,266.0,310.0,310.0,365.0,199.5,0.0033333333333333335,3,2
small-world,400,13,117,24.0,30.0,130.0,130.0,44.0,44.0,48.0,199.5,0.0033333333333333335,3,2
small-world,400,13,118,267.0,99.0,266.0,266.0,183.0,183.0,312.0,199.5,0.0033333333333333335,3,2
small-world,400,13,119,24.0,75.0,170.0,170.0,97.0,97.0,28.0,199.5,0.0033333333333333335,3,2
small-world,400,13,120,24.0,56.0,126.0,126.0,54.0,54.0,44.0,199.5,0.0033333333333333335,3,2
small-world,400,13,121,24.0,36.0,106.0,106.0,26.0,26.0,62.0,199.5,0.0033333333333333335,3,2
small-world,400,13,122,267.0,217.0,266.0,266.0,126.0,126.0,395.0,199.5,0.0033333333333333335,3,2
small-world,400,13,123,109.0,69.0,201.0,201.0,141.0,141.0,162.0,199.5,0.0033333333333333335,3,2
small-world,400,13,124,24.0,50.0,17.0,17.0,76.0,76.0,82.0,199.5,0.0033333333333333335,3,2
small-world,400,13,125,109.0,44.0,18.0,18.0,91.0,91.0,228.0,199.5,0.0033333333333333335,3,2
small-world,400,13,126,109.0,32.0,16.0,16.0,88.0,88.0,223.0,199.5,0.0033333333333333335,3,2
small-world,400,13,127,109.0,122.0,81.0,81.0,121.0,121.0,240.0,199.5,0.0033333333333333335,3,2
small-world,400,13,128,267.0,200.0,266.0,266.0,260.0,260.0,314.0,199.5,0.0033333333333333335,3,2
small-world,400,13,129,109.0,160.0,201.0,201.0,181.0,181.0,155.0,199.5,0.0033333333333333335,3,2
small-world,400,13,130,267.0,268.0,266.0,266.0,291.0,291.0,286.0,199.5,0.0033333333333333335,3,2
small-world,400,13,131,109.0,247.0,201.0,201.0,227.0,227.0,128.0,199.5,0.0033333333333333335,3,2
small-world,400,13,132,109.0,92.0,201.0,201.0,194.0,194.0,111.0,199.5,0.0033333333333333335,3,2
small-world,400,13,133,267.0,42.0,266.0,266.0,51.0,51.0,392.0,199.5,0.0033333333333333335,3,2
small-world,400,13,134,109.0,370.0,201.0,201.0,370.0,370.0,124.0,199.5,0.0033333333333333335,3,2
small-world,400,13,135,109.0,284.0,177.0,177.0,218.0,218.0,165.0,199.5,0.0033333333333333335,3,2
small-world,400,13,136,24.0,263.0,139.0,139.0,139.0,139.0,50.0,199.5,0.0033333333333333335,3,2
small-world,400,13,137,267.0,242.0,266.0,266.0,271.0,271.0,356.0,199.5,0.0033333333333333335,3,2
small-world,400,13,138,24.0,214.0,29.0,29.0,172.0,172.0,51.0,199.5,0.0033333333333333335,3,2
small-world,400,13,139,109.0,180.0,28.0,28.0,190.0,190.0,209.0,199.5,0.0033333333333333335,3,2
small-world,400,13,140,267.0,282.0,266.0,266.0,340.0,340.0,338.0,199.5,0.0033333333333333335,3,2
small-world,400,13,141,109.0,218.0,168.0,168.0,124.0,124.0,235.0,199.5,0.0033333333333333335,3,2
small-world,400,13,142,267.0,260.0,266.0,266.0,325.0,325.0,275.0,199.5,0.0033333333333333335,3,2
small-world,400,13,143,109.0,237.0,201.0,201.0,282.0,282.0,117.0,199.5,0.0033333333333333335,3,2
small-world,400,13,144,267.0,231.0,266.0,266.0,314.0,314.0,278.0,199.5,0.0033333333333333335,3,2
small-world,400,13,145,109.0,192.0,201.0,201.0,267.0,267.0,120.0,199.5,0.0033333333333333335,3,2
small-world,400,13,146,109.0,155.0,177.0,177.0,208.0,208.0,160.0,199.5,0.0033333333333333335,3,2
small-world,400,13,147,109.0,123.0,157.0,157.0,138.0,138.0,206.0,199.5,0.0033333333333333335,3,2
small-world,400,13,148,267.0,337.0,266.0,266.0,323.0,323.0,373.0,199.5,0.0033333333333333335,3,2
small-world,400,13,149,109.0,105.0,95.0,95.0,128.0,128.0,243.0,199.5,0.0033333333333333335,3,2
small-world,400,13,150,4.0,117.0,73.0,73.0,25.0,25.0,18.0,199.5,0.0033333333333333335,3,2
small-world,400,13,151,267.0,111.0,266.0,266.0,157.0,157.0,398.0,199.5,0.0033333333333333335,3,2
small-world,400,13,152,267.0,390.0,266.0,266.0,393.0,393.0,333.0,199.5,0.0033333333333333335,3,2
small-world,400,13,153,109.0,381.0,263.0,263.0,384.0,384.0,173.0,199.5,0.0033333333333333335,3,2
small-world,400,13,154,267.0,243.0,266.0,266.0,204.0,204.0,336.0,199.5,0.0033333333333333335,3,2
small-world,400,13,155,109.0,215.0,201.0,201.0,108.0,108.0,175.0,199.5,0.0033333333333333335,3,2
small-world,400,13,156,267.0,93.0,266.0,266.0,220.0,220.0,306.0,199.5,0.0033333333333333335,3,2
small-world,400,13,157,267.0,339.0,266.0,266.0,352.0,352.0,289.0,199.5,0.0033333333333333335,3,2
small-world,400,13,158,109.0,22.0,177.0,177.0,65.0,65.0,194.0,199.5,0.0033333333333333335,3,2
small-world,400,13,159,267.0,182.0,266.0,266.0,131.0,131.0,396.0,199.5,0.0033333333333333335,3,2
small-world,400,13,160,267.0,279.0,266.0,266.0,333.0,333.0,299.0,199.5,0.0033333333333333335,3,2
small-world,400,13,161,109.0,256.0,201.0,201.0,287.0,287.0,141.0,199.5,0.0033333333333333335,3,2
small-world,400,13,162,267.0,364.0,266.0,266.0,366.0,366.0,304.0,199.5,0.0033333333333333335,3,2
small-world,400,13,163,267.0,344.0,266.0,266.0,357.0,357.0,316.0,199.5,0.0033333333333333335,3,2
small-world,400,13,164,267.0,271.0,266.0,266.0,331.0,331.0,309.0,199.5,0.0033333333333333335,3,2
small-world,400,13,165,24.0,250.0,170.0,170.0,278.0,278.0,27.0,199.5,0.0033333333333333335,3,2
small-world,400,13,166,109.0,225.0,157.0,157.0,237.0,237.0,196.0,199.5,0.0033333333333333335,3,2
small-world,400,13,167,24.0,186.0,92.0,92.0,176.0,176.0,76.0,199.5,0.0033333333333333335,3,2
small-world,400,13,168,24.0,64.0,35.0,35.0,14.0,14.0,95.0,199.5,0.0033333333333333335,3,2
small-world,400,13,169,267.0,243.0,266.0,266.0,204.0,204.0,336.0,199.5,0.0033333333333333335,3,2
small-world,400,13,170,109.0,215.0,201.0,201.0,108.0,108.0,175.0,199.5,0.0033333333333333335,3,2
small-world,400,13,171,109.0,79.0,108.0,108.0,81.0,81.0,249.0,199.5,0.0033333333333333335,3,2
small-world,400,13,172,267.0,189.0,266.0,266.0,195.0,195.0,315.0,199.5,0.0033333333333333335,3,2
small-world,400,13,173,109.0,154.0,201.0,201.0,110.0,110.0,157.0,199.5,0.0033333333333333335,3,2
small-world,400,13,174,267.0,211.0,266.0,266.0,307.0,307.0,284.0,199.5,0.0033333333333333335,3,2
small-world,400,13,175,109.0,3.0,6.0,6.0,8.0,8.0,266.0,199.5,0.0033333333333333335,3,2
small-world,400,13,176,24.0,229.0,126.0,126.0,226.0,226.0,42.0,199.5,0.0033333333333333335,3,2
small-world,400,13,177,109.0,191.0,119.0,119.0,210.0,210.0,208.0,199.5,0.0033333333333333335,3,2
small-world,400,13,178,109.0,157.0,108.0,108.0,173.0,173.0,221.0,199.5,0.0033333333333333335,3,2
small-world,400,13,179,267.0,275.0,266.0,266.0,321.0,321.0,319.0,199.5,0.0033333333333333335,3,2
small-world,400,13,180,267.0,309.0,266.0,266.0,329.0,329.0,281.0,199.5,0.0033333333333333335,3,2
small-world,400,13,181,109.0,299.0,201.0,201.0,279.0,279.0,123.0,199.5,0.0033333333333333335,3,2
small-world,400,13,182,267.0,107.0,266.0,266.0,158.0,158.0,380.0,199.5,0.0033333333333333335,3,2
small-world,400,13,183,267.0,143.0,266.0,266.0,223.0,223.0,367.0,199.5,0.0033333333333333335,3,2
small-world,400,13,184,24.0,114.0,23.0,23.0,129.0,129.0,59.0,199.5,0.0033333333333333335,3,2
small-world,400,13,185,109.0,88.0,22.0,22.0,111.0,111.0,246.0,199.5,0.0033333333333333335,3,2
small-world,400,13,186,1.0,82.0,20.0,20.0,64.0,64.0,3.0,199.5,0.0033333333333333335,3,2
small-world,400,13,187,109.0,66.0,21.0,21.0,80.0,80.0,263.0,199.5,0.0033333333333333335,3,2
small-world,400,13,188,24.0,62.0,19.0,19.0,73.0,73.0,93.0,199.5,0.0033333333333333335,3,2
small-world,400,13,189,109.0,297.0,201.0,201.0,346.0,346.0,110.0,199.5,0.0033333333333333335,3,2
small-world,400,13,190,109.0,281.0,177.0,177.0,327.0,327.0,145.0,199.5,0.0033333333333333335,3,2
small-world,400,13,191,24.0,259.0,139.0,139.0,292.0,292.0,34.0,199.5,0.0033333333333333335,3,2
small-world,400,13,192,109.0,236.0,131.0,131.0,284.0,284.0,189.0,199.5,0.0033333333333333335,3,2
small-world,400,13,193,109.0,201.0,119.0,119.0,257.0,257.0,195.0,199.5,0.0033333333333333335,3,2
small-world,400,13,194,109.0,163.0,108.0,108.0,224.0,224.0,204.0,199.5,0.0033333333333333335,3,2
small-world,400,13,195,109.0,132.0,101.0,101.0,185.0,185.0,217.0,199.5,0.0033333333333333335,3,2
small-world,400,13,196,109.0,223.0,201.0,201.0,164.0,164.0,151.0,199.5,0.0033333333333333335,3,2
small-world,400,13,197,24.0,181.0,126.0,126.0,89.0,89.0,65.0,199.5,0.0033333333333333335,3,2
small-world,400,13,198,109.0,129.0,74.0,74.0,92.0,92.0,256.0,199.5,0.0033333333333333335,3,2
small-world,400,13,199,267.0,290.0,266.0,266.0,308.0,308.0,274.0,199.5,0.0033333333333333335,3,2
small-world,400,13,200,109.0,266.0,201.0,201.0,256.0,256.0,116.0,199.5,0.0033333333333333335,3,2
small-world,400,13,201,267.0,90.0,266.0,266.0,222.0,222.0,326.0,199.5,0.0033333333333333335,3,2
small-world,400,13,202,267.0,196.0,266.0,266.0,238.0,238.0,347.0,199.5,0.0033333333333333335,3,2
small-world,400,13,203,4.0,158.0,136.0,136.0,133.0,133.0,5.0,199.5,0.0033333333333333335,3,2
small-world,400,13,204,24.0,127.0,104.0,104.0,100.0,100.0,71.0,199.5,0.0033333333333333335,3,2
small-world,400,13,205,24.0,97.0,67.0,67.0,71.0,71.0,92.0,199.5,0.0033333333333333335,3,2
small-world,400,13,206,267.0,351.0,266.0,266.0,363.0,363.0,276.0,199.5,0.0033333333333333335,3,2
small-world,400,13,207,267.0,357.0,266.0,266.0,355.0,355.0,330.0,199.5,0.0033333333333333335,3,2
small-world,400,13,208,109.0,350.0,201.0,201.0,320.0,320.0,168.0,199.5,0.0033333333333333335,3,2
small-world,400,13,209,267.0,173.0,266.0,266.0,293.0,293.0,297.0,199.5,0.0033333333333333335,3,2
small-world,400,13,210,109.0,140.0,201.0,201.0,230.0,230.0,139.0,199.5,0.0033333333333333335,3,2
small-world,400,13,211,24.0,112.0,137.0,137.0,150.0,150.0,41.0,199.5,0.0033333333333333335,3,2
small-world,400,13,212,109.0,85.0,131.0,131.0,125.0,125.0,229.0,199.5,0.0033333333333333335,3,2
small-world,400,13,213,267.0,45.0,266.0,266.0,43.0,43.0,391.0,199.5,0.0033333333333333335,3,2
small-world,400,13,214,109.0,179.0,167.0,167.0,96.0,96.0,247.0,199.5,0.0033333333333333335,3,2
small-world,400,13,215,109.0,220.0,169.0,169.0,127.0,127.0,239.0,199.5,0.0033333333333333335,3,2
small-world,400,13,216,24.0,239.0,152.0,152.0,130.0,130.0,81.0,199.5,0.0033333333333333335,3,2
small-world,400,13,217,267.0,267.0,266.0,266.0,265.0,265.0,366.0,199.5,0.0033333333333333335,3,2
small-world,400,13,218,267.0,136.0,266.0,266.0,211.0,211.0,351.0,199.5,0.0033333333333333335,3,2
small-world,400,13,219,267.0,188.0,266.0,266.0,247.0,247.0,376.0,199.5,0.0033333333333333335,3,2
small-world,400,13,220,24.0,152.0,88.0,88.0,142.0,142.0,68.0,199.5,0.0033333333333333335,3,2
small-world,400,13,221,4.0,60.0,70.0,70.0,40.0,40.0,9.0,199.5,0.0033333333333333335,3,2
small-world,400,13,222,109.0,39.0,68.0,68.0,28.0,28.0,233.0,199.5,0.0033333333333333335,3,2
small-world,400,13,223,24.0,23.0,65.0,65.0,11.0,11.0,85.0,199.5,0.0033333333333333335,3,2
small-world,400,13,224,267.0,372.0,266.0,266.0,372.0,372.0,282.0,199.5,0.0033333333333333335,3,2
small-world,400,13,225,109.0,370.0,201.0,201.0,370.0,370.0,124.0,199.5,0.0033333333333333335,3,2
small-world,400,13,226,109.0,368.0,177.0,177.0,364.0,364.0,166.0,199.5,0.0033333333333333335,3,2
small-world,400,13,227,109.0,307.0,201.0,201.0,298.0,298.0,127.0,199.5,0.0033333333333333335,3,2
small-world,400,13,228,24.0,298.0,154.0,154.0,243.0,243.0,33.0,199.5,0.0033333333333333335,3,2
small-world,400,13,229,267.0,196.0,266.0,266.0,238.0,238.0,347.0,199.5,0.0033333333333333335,3,2
small-world,400,13,230,109.0,255.0,145.0,145.0,249.0,249.0,192.0,199.5,0.0033333333333333335,3,2
small-world,400,13,231,267.0,372.0,266.0,266.0,372.0,372.0,282.0,199.5,0.0033333333333333335,3,2
small-world,400,13,232,267.0,385.0,266.0,266.0,389.0,389.0,383.0,199.5,0.0033333333333333335,3,2
small-world,400,13,233,109.0,166.0,201.0,201.0,232.0,232.0,135.0,199.5,0.0033333333333333335,3,2
small-world,400,13,234,267.0,208.0,266.0,266.0,299.0,299.0,279.0,199.5,0.0033333333333333335,3,2
small-world,400,13,235,267.0,400.0,266.0,266.0,400.0,400.0,272.0,199.5,0.0033333333333333335,3,2
small-world,400,13,236,267.0,206.0,266.0,266.0,296.0,296.0,294.0,199.5,0.0033333333333333335,3,2
small-world,400,13,237,109.0,166.0,201.0,201.0,232.0,232.0,135.0,199.5,0.0033333333333333335,3,2
small-world,400,13,238,24.0,131.0,137.0,137.0,151.0,151.0,40.0,199.5,0.0033333333333333335,3,2
small-world,400,13,239,267.0,57.0,266.0,266.0,56.0,56.0,379.0,199.5,0.0033333333333333335,3,2
small-world,400,13,240,24.0,35.0,30.0,30.0,15.0,15.0,73.0,199.5,0.0033333333333333335,3,2
small-world,400,13,241,267.0,241.0,266.0,266.0,156.0,156.0,388.0,199.5,0.0033333333333333335,3,2
small-world,400,13,242,24.0,213.0,72.0,72.0,66.0,66.0,83.0,199.5,0.0033333333333333335,3,2
small-world,400,13,243,1.0,176.0,60.0,60.0,35.0,35.0,2.0,199.5,0.0033333333333333335,3,2
small-world,400,13,244,267.0,16.0,266.0,266.0,32.0,32.0,399.0,199.5,0.0033333333333333335,3,2
small-world,400,13,245,4.0,1.0,3.0,3.0,5.0,5.0,19.0,199.5,0.0033333333333333335,3,2
small-world,400,13,246,24.0,2.0,1.0,1.0,3.0,3.0,107.0,199.5,0.0033333333333333335,3,2
small-world,400,13,247,267.0,96.0,266.0,266.0,55.0,55.0,400.0,199.5,0.0033333333333333335,3,2
small-world,400,13,248,4.0,73.0,36.0,36.0,6.0,6.0,22.0,199.5,0.0033333333333333335,3,2
small-world,400,13,249,24.0,91.0,58.0,58.0,18.0,18.0,103.0,199.5,0.0033333333333333335,3,2
small-world,400,13,250,24.0,360.0,170.0,170.0,351.0,351.0,25.0,199.5,0.0033333333333333335,3,2
small-world,400,13,251,267.0,344.0,266.0,266.0,357.0,357.0,316.0,199.5,0.0033333333333333335,3,2
small-world,400,13,252,4.0,340.0,153.0,153.0,312.0,312.0,4.0,199.5,0.0033333333333333335,3,2
small-world,400,13,253,109.0,333.0,145.0,145.0,300.0,300.0,185.0,199.5,0.0033333333333333335,3,2
small-world,400,13,254,24.0,325.0,115.0,115.0,266.0,266.0,43.0,199.5,0.0033333333333333335,3,2
small-world,400,13,255,109.0,222.0,177.0,177.0,153.0,153.0,178.0,199.5,0.0033333333333333335,3,2
small-world,400,13,256,109.0,28.0,15.0,15.0,75.0,75.0,225.0,199.5,0.0033333333333333335,3,2
small-world,400,13,257,109.0,20.0,14.0,14.0,58.0,58.0,242.0,199.5,0.0033333333333333335,3,2
small-world,400,13,258,24.0,13.0,2.0,2.0,34.0,34.0,94.0,199.5,0.0033333333333333335,3,2
small-world,400,13,259,109.0,11.0,12.0,12.0,39.0,39.0,250.0,199.5,0.0033333333333333335,3,2
small-world,400,13,260,24.0,9.0,11.0,11.0,30.0,30.0,77.0,199.5,0.0033333333333333335,3,2
small-world,400,13,261,267.0,208.0,266.0,266.0,240.0,240.0,324.0,199.5,0.0033333333333333335,3,2
small-world,400,13,262,267.0,47.0,266.0,266.0,70.0,70.0,384.0,199.5,0.0033333333333333335,3,2
small-world,400,13,263,24.0,26.0,44.0,44.0,21.0,21.0,79.0,199.5,0.0033333333333333335,3,2
small-world,400,13,264,109.0,12.0,43.0,43.0,13.0,13.0,262.0,199.5,0.0033333333333333335,3,2
small-world,400,13,265,109.0,254.0,177.0,177.0,283.0,283.0,158.0,199.5,0.0033333333333333335,3,2
small-world,400,13,266,267.0,24.0,266.0,266.0,90.0,90.0,382.0,199.5,0.0033333333333333335,3,2
small-world,400,13,267,267.0,109.0,266.0,266.0,132.0,132.0,389.0,199.5,0.0033333333333333335,3,2
small-world,400,13,268,267.0,271.0,266.0,266.0,331.0,331.0,309.0,199.5,0.0033333333333333335,3,2
small-world,400,13,269,267.0,388.0,266.0,266.0,391.0,391.0,397.0,199.5,0.0033333333333333335,3,2
small-world,400,13,270,4.0,379.0,257.0,257.0,376.0,376.0,17.0,199.5,0.0033333333333333335,3,2
small-world,400,13,271,109.0,380.0,266.0,266.0,381.0,381.0,265.0,199.5,0.0033333333333333335,3,2
small-world,400,13,272,4.0,375.0,250.0,250.0,374.0,374.0,23.0,199.5,0.0033333333333333335,3,2
small-world,400,13,273,267.0,185.0,266.0,266.0,198.0,198.0,303.0,199.5,0.0033333333333333335,3,2
small-world,400,13,274,109.0,151.0,201.0,201.0,117.0,117.0,143.0,199.5,0.0033333333333333335,3,2
small-world,400,13,275,109.0,118.0,177.0,177.0,59.0,59.0,212.0,199.5,0.0033333333333333335,3,2
small-world,400,13,276,267.0,248.0,266.0,266.0,252.0,252.0,311.0,199.5,0.0033333333333333335,3,2
small-world,400,13,277,267.0,384.0,266.0,266.0,392.0,392.0,372.0,199.5,0.0033333333333333335,3,2
small-world,400,13,278,267.0,394.0,266.0,266.0,395.0,395.0,328.0,199.5,0.0033333333333333335,3,2
small-world,400,13,279,267.0,63.0,266.0,266.0,191.0,191.0,292.0,199.5,0.0033333333333333335,3,2
small-world,400,13,280,109.0,40.0,201.0,201.0,115.0,115.0,134.0,199.5,0.0033333333333333335,3,2
small-world,400,13,281,24.0,119.0,126.0,126.0,47.0,47.0,72.0,199.5,0.0033333333333333335,3,2
small-world,400,13,282,267.0,204.0,266.0,266.0,259.0,259.0,346.0,199.5,0.0033333333333333335,3,2
small-world,400,13,283,24.0,163.0,139.0,139.0,162.0,162.0,39.0,199.5,0.0033333333333333335,3,2
small-world,400,13,284,24.0,130.0,104.0,104.0,120.0,120.0,58.0,199.5,0.0033333333333333335,3,2
small-world,400,13,285,109.0,103.0,101.0,101.0,94.0,94.0,230.0,199.5,0.0033333333333333335,3,2
small-world,400,13,286,4.0,81.0,86.0,86.0,49.0,49.0,13.0,199.5,0.0033333333333333335,3,2
small-world,400,13,287,267.0,38.0,266.0,266.0,123.0,123.0,334.0,199.5,0.0033333333333333335,3,2
small-world,400,13,288,109.0,21.0,201.0,201.0,60.0,60.0,172.0,199.5,0.0033333333333333335,3,2
small-world,400,13,289,267.0,304.0,266.0,266.0,356.0,356.0,273.0,199.5,0.0033333333333333335,3,2
small-world,400,13,290,267.0,334.0,266.0,266.0,334.0,334.0,349.0,199.5,0.0033333333333333335,3,2
small-world,400,13,291,109.0,322.0,177.0,177.0,273.0,273.0,187.0,199.5,0.0033333333333333335,3,2
small-world,400,13,292,109.0,147.0,123.0,123.0,63.0,63.0,257.0,199.5,0.0033333333333333335,3,2
small-world,400,13,293,24.0,116.0,45.0,45.0,23.0,23.0,105.0,199.5,0.0033333333333333335,3,2
small-world,400,13,294,24.0,89.0,42.0,42.0,19.0,19.0,102.0,199.5,0.0033333333333333335,3,2
small-world,400,13,295,267.0,363.0,266.0,266.0,368.0,368.0,288.0,199.5,0.0033333333333333335,3,2
small-world,400,13,296,109.0,359.0,201.0,201.0,354.0,354.0,130.0,199.5,0.0033333333333333335,3,2
small-world,400,13,297,24.0,353.0,154.0,154.0,319.0,319.0,35.0,199.5,0.0033333333333333335,3,2
small-world,400,13,298,109.0,190.0,108.0,108.0,200.0,200.0,213.0,199.5,0.0033333333333333335,3,2
small-world,400,13,299,109.0,155.0,101.0,101.0,159.0,159.0,219.0,199.5,0.0033333333333333335,3,2
small-world,400,13,300,109.0,126.0,95.0,95.0,122.0,122.0,236.0,199.5,0.0033333333333333335,3,2
small-world,400,13,301,109.0,115.0,201.0,201.0,98.0,98.0,138.0,199.5,0.0033333333333333335,3,2
small-world,400,13,302,109.0,87.0,177.0,177.0,48.0,48.0,200.0,199.5,0.0033333333333333335,3,2
small-world,400,13,303,267.0,208.0,266.0,266.0,240.0,240.0,324.0,199.5,0.0033333333333333335,3,2
small-world,400,13,304,24.0,168.0,170.0,170.0,145.0,145.0,31.0,199.5,0.0033333333333333335,3,2
small-world,400,13,305,109.0,311.0,57.0,57.0,209.0,209.0,237.0,199.5,0.0033333333333333335,3,2
small-world,400,13,306,109.0,302.0,54.0,54.0,169.0,169.0,254.0,199.5,0.0033333333333333335,3,2
small-world,400,13,307,267.0,344.0,266.0,266.0,357.0,357.0,316.0,199.5,0.0033333333333333335,3,2
small-world,400,13,308,109.0,292.0,201.0,201.0,335.0,335.0,115.0,199.5,0.0033333333333333335,3,2
small-world,400,13,309,109.0,269.0,177.0,177.0,303.0,303.0,152.0,199.5,0.0033333333333333335,3,2
small-world,400,13,310,24.0,249.0,139.0,139.0,261.0,261.0,37.0,199.5,0.0033333333333333335,3,2
small-world,400,13,311,109.0,224.0,131.0,131.0,228.0,228.0,216.0,199.5,0.0033333333333333335,3,2
small-world,400,13,312,267.0,52.0,266.0,266.0,107.0,107.0,355.0,199.5,0.0033333333333333335,3,2
small-world,400,13,313,267.0,331.0,266.0,266.0,311.0,311.0,386.0,199.5,0.0033333333333333335,3,2
small-world,400,13,314,109.0,392.0,262.0,262.0,390.0,390.0,150.0,199.5,0.0033333333333333335,3,2
small-world,400,13,315,24.0,145.0,51.0,51.0,29.0,29.0,101.0,199.5,0.0033333333333333335,3,2
small-world,400,13,316,267.0,253.0,266.0,266.0,270.0,270.0,358.0,199.5,0.0033333333333333335,3,2
small-world,400,13,317,109.0,289.0,201.0,201.0,268.0,268.0,132.0,199.5,0.0033333333333333335,3,2
small-world,400,13,318,109.0,265.0,177.0,177.0,206.0,206.0,188.0,199.5,0.0033333333333333335,3,2
small-world,400,13,319,267.0,394.0,266.0,266.0,395.0,395.0,328.0,199.5,0.0033333333333333335,3,2
small-world,400,13,320,24.0,388.0,260.0,260.0,383.0,383.0,32.0,199.5,0.0033333333333333335,3,2
small-world,400,13,321,267.0,270.0,266.0,266.0,324.0,324.0,344.0,199.5,0.0033333333333333335,3,2
small-world,400,13,322,267.0,234.0,266.0,266.0,289.0,289.0,293.0,199.5,0.0033333333333333335,3,2
small-world,400,13,323,109.0,121.0,24.0,24.0,154.0,154.0,215.0,199.5,0.0033333333333333335,3,2
small-world,400,13,324,109.0,368.0,177.0,177.0,364.0,364.0,166.0,199.5,0.0033333333333333335,3,2
small-world,400,13,325,24.0,366.0,112.0,112.0,353.0,353.0,52.0,199.5,0.0033333333333333335,3,2
small-world,400,13,326,4.0,103.0,124.0,124.0,104.0,104.0,6.0,199.5,0.0033333333333333335,3,2
small-world,400,13,327,24.0,79.0,106.0,106.0,72.0,72.0,75.0,199.5,0.0033333333333333335,3,2
small-world,400,13,328,267.0,144.0,266.0,266.0,177.0,177.0,296.0,199.5,0.0033333333333333335,3,2
small-world,400,13,329,24.0,162.0,26.0,26.0,170.0,170.0,45.0,199.5,0.0033333333333333335,3,2
small-world,400,13,330,109.0,146.0,25.0,25.0,180.0,180.0,207.0,199.5,0.0033333333333333335,3,2
small-world,400,13,331,109.0,153.0,177.0,177.0,103.0,103.0,183.0,199.5,0.0033333333333333335,3,2
small-world,400,13,332,267.0,221.0,266.0,266.0,182.0,182.0,378.0,199.5,0.0033333333333333335,3,2
small-world,400,13,333,24.0,178.0,135.0,135.0,87.0,87.0,70.0,199.5,0.0033333333333333335,3,2
small-world,400,13,334,267.0,83.0,266.0,266.0,113.0,113.0,369.0,199.5,0.0033333333333333335,3,2
small-world,400,13,335,267.0,120.0,266.0,266.0,255.0,255.0,269.0,199.5,0.0033333333333333335,3,2
small-world,400,13,336,109.0,397.0,263.0,263.0,394.0,394.0,114.0,199.5,0.0033333333333333335,3,2
small-world,400,13,337,267.0,206.0,266.0,266.0,296.0,296.0,294.0,199.5,0.0033333333333333335,3,2
small-world,400,13,338,267.0,183.0,266.0,266.0,174.0,174.0,340.0,199.5,0.0033333333333333335,3,2
small-world,400,13,339,109.0,149.0,201.0,201.0,83.0,83.0,181.0,199.5,0.0033333333333333335,3,2
small-world,400,13,340,267.0,34.0,266.0,266.0,99.0,99.0,359.0,199.5,0.0033333333333333335,3,2
small-world,400,13,341,109.0,70.0,177.0,177.0,134.0,134.0,146.0,199.5,0.0033333333333333335,3,2
small-world,400,13,342,109.0,51.0,157.0,157.0,86.0,86.0,184.0,199.5,0.0033333333333333335,3,2
small-world,400,13,343,109.0,283.0,145.0,145.0,207.0,207.0,197.0,199.5,0.0033333333333333335,3,2
small-world,400,13,344,24.0,261.0,115.0,115.0,136.0,136.0,60.0,199.5,0.0033333333333333335,3,2
small-world,400,13,345,24.0,317.0,98.0,98.0,219.0,219.0,56.0,199.5,0.0033333333333333335,3,2
small-world,400,13,346,267.0,124.0,266.0,266.0,167.0,167.0,393.0,199.5,0.0033333333333333335,3,2
small-world,400,13,347,109.0,386.0,258.0,258.0,385.0,385.0,191.0,199.5,0.0033333333333333335,3,2
small-world,400,13,348,24.0,381.0,254.0,254.0,379.0,379.0,61.0,199.5,0.0033333333333333335,3,2
small-world,400,13,349,24.0,377.0,252.0,252.0,378.0,378.0,63.0,199.5,0.0033333333333333335,3,2
small-world,400,13,350,24.0,71.0,170.0,170.0,137.0,137.0,26.0,199.5,0.0033333333333333335,3,2
small-world,400,13,351,24.0,128.0,85.0,85.0,118.0,118.0,74.0,199.5,0.0033333333333333335,3,2
small-world,400,13,352,109.0,98.0,81.0,81.0,105.0,105.0,227.0,199.5,0.0033333333333333335,3,2
small-world,400,13,353,109.0,78.0,79.0,79.0,78.0,78.0,222.0,199.5,0.0033333333333333335,3,2
small-world,400,13,354,109.0,198.0,201.0,201.0,235.0,235.0,133.0,199.5,0.0033333333333333335,3,2
small-world,400,13,355,267.0,68.0,266.0,266.0,61.0,61.0,385.0,199.5,0.0033333333333333335,3,2
small-world,400,13,356,24.0,49.0,32.0,32.0,17.0,17.0,80.0,199.5,0.0033333333333333335,3,2
small-world,400,13,357,4.0,148.0,91.0,91.0,41.0,41.0,16.0,199.5,0.0033333333333333335,3,2
small-world,400,13,358,267.0,306.0,266.0,266.0,362.0,362.0,268.0,199.5,0.0033333333333333335,3,2
small-world,400,13,359,267.0,101.0,266.0,266.0,192.0,192.0,300.0,199.5,0.0033333333333333335,3,2
small-world,400,13,360,109.0,76.0,201.0,201.0,112.0,112.0,142.0,199.5,0.0033333333333333335,3,2
small-world,400,13,361,267.0,58.0,266.0,266.0,85.0,85.0,371.0,199.5,0.0033333333333333335,3,2
small-world,400,13,362,267.0,393.0,266.0,266.0,397.0,397.0,339.0,199.5,0.0033333333333333335,3,2
small-world,400,13,363,109.0,310.0,54.0,54.0,196.0,196.0,245.0,199.5,0.0033333333333333335,3,2
small-world,400,13,364,109.0,301.0,53.0,53.0,161.0,161.0,259.0,199.5,0.0033333333333333335,3,2
small-world,400,13,365,4.0,291.0,33.0,33.0,102.0,102.0,21.0,199.5,0.0033333333333333335,3,2
small-world,400,13,366,109.0,273.0,38.0,38.0,148.0,148.0,253.0,199.5,0.0033333333333333335,3,2
small-world,400,13,367,24.0,261.0,37.0,37.0,149.0,149.0,67.0,199.5,0.0033333333333333335,3,2
small-world,400,13,368,24.0,246.0,34.0,34.0,152.0,152.0,57.0,199.5,0.0033333333333333335,3,2
small-world,400,13,369,24.0,227.0,31.0,31.0,160.0,160.0,53.0,199.5,0.0033333333333333335,3,2
small-world,400,13,370,109.0,354.0,157.0,157.0,336.0,336.0,179.0,199.5,0.0033333333333333335,3,2
small-world,400,13,371,109.0,348.0,145.0,145.0,305.0,305.0,214.0,199.5,0.0033333333333333335,3,2
small-world,400,13,372,267.0,323.0,266.0,266.0,290.0,290.0,387.0,199.5,0.0033333333333333335,3,2
small-world,400,13,373,267.0,360.0,266.0,266.0,361.0,361.0,342.0,199.5,0.0033333333333333335,3,2
small-world,400,13,374,267.0,54.0,266.0,266.0,146.0,146.0,322.0,199.5,0.0033333333333333335,3,2
small-world,400,13,375,109.0,376.0,253.0,253.0,380.0,380.0,238.0,199.5,0.0033333333333333335,3,2
small-world,400,13,376,24.0,374.0,251.0,251.0,375.0,375.0,89.0,199.5,0.0033333333333333335,3,2
small-world,400,13,377,267.0,324.0,266.0,266.0,302.0,302.0,377.0,199.5,0.0033333333333333335,3,2
small-world,400,13,378,24.0,315.0,61.0,61.0,213.0,213.0,69.0,199.5,0.0033333333333333335,3,2
small-world,400,13,379,109.0,320.0,68.0,68.0,234.0,234.0,231.0,199.5,0.0033333333333333335,3,2
small-world,400,13,380,4.0,314.0,56.0,56.0,187.0,187.0,12.0,199.5,0.0033333333333333335,3,2
small-world,400,13,381,267.0,138.0,266.0,266.0,199.0,199.0,327.0,199.5,0.0033333333333333335,3,2
small-world,400,13,382,109.0,108.0,201.0,201.0,116.0,116.0,164.0,199.5,0.0033333333333333335,3,2
small-world,400,13,383,109.0,194.0,145.0,145.0,178.0,178.0,218.0,199.5,0.0033333333333333335,3,2
small-world,400,13,384,24.0,14.0,13.0,13.0,4.0,4.0,104.0,199.5,0.0033333333333333335,3,2
small-world,400,13,385,24.0,25.0,27.0,27.0,7.0,7.0,86.0,199.5,0.0033333333333333335,3,2
small-world,400,13,386,109.0,332.0,201.0,201.0,318.0,318.0,131.0,199.5,0.0033333333333333335,3,2
small-world,400,13,387,267.0,300.0,266.0,266.0,317.0,317.0,290.0,199.5,0.0033333333333333335,3,2
small-world,400,13,388,267.0,275.0,266.0,266.0,321.0,321.0,319.0,199.5,0.0033333333333333335,3,2
small-world,400,13,389,24.0,251.0,170.0,170.0,262.0,262.0,29.0,199.5,0.0033333333333333335,3,2
small-world,400,13,390,4.0,134.0,124.0,124.0,82.0,82.0,7.0,199.5,0.0033333333333333335,3,2
small-world,400,13,391,24.0,105.0,59.0,59.0,57.0,57.0,97.0,199.5,0.0033333333333333335,3,2
small-world,400,13,392,24.0,86.0,51.0,51.0,46.0,46.0,96.0,199.5,0.0033333333333333335,3,2
small-world,400,13,393,109.0,65.0,50.0,50.0,42.0,42.0,251.0,199.5,0.0033333333333333335,3,2
small-world,400,13,394,109.0,46.0,49.0,49.0,27.0,27.0,248.0,199.5,0.0033333333333333335,3,2
small-world,400,13,395,24.0,29.0,48.0,48.0,12.0,12.0,91.0,199.5,0.0033333333333333335,3,2
small-world,400,13,396,267.0,99.0,266.0,266.0,183.0,183.0,312.0,199.5,0.0033333333333333335,3,2
small-world,400,13,397,267.0,364.0,266.0,266.0,366.0,366.0,304.0,199.5,0.0033333333333333335,3,2
small-world,400,13,398,109.0,142.0,157.0,157.0,144.0,144.0,190.0,199.5,0.0033333333333333335,3,2
small-world,400,13,399,109.0,113.0,145.0,145.0,95.0,95.0,226.0,199.5,0.0033333333333333335,3,2
small-world,400,14,0,104.0,391.0,205.0,205.0,379.0,379.0,184.0,199.5,0.01,3,4
small-world,400,14,1,104.0,274.0,83.0,83.0,285.0,285.0,247.0,199.5,0.01,3,4
small-world,400,14,2,281.0,222.0,278.0,278.0,210.0,210.0,341.0,199.5,0.01,3,4
small-world,400,14,3,16.0,180.0,184.0,184.0,110.0,110.0,21.0,199.5,0.01,3,4
small-world,400,14,4,16.0,134.0,77.0,77.0,52.0,52.0,63.0,199.5,0.01,3,4
small-world,400,14,5,281.0,81.0,278.0,278.0,153.0,153.0,345.0,199.5,0.01,3,4
small-world,400,14,6,281.0,190.0,278.0,278.0,224.0,224.0,335.0,199.5,0.01,3,4
small-world,400,14,7,281.0,186.0,278.0,278.0,226.0,226.0,318.0,199.5,0.01,3,4
small-world,400,14,8,104.0,142.0,213.0,213.0,154.0,154.0,145.0,199.5,0.01,3,4
small-world,400,14,9,281.0,376.0,278.0,278.0,382.0,382.0,327.0,199.5,0.01,3,4
small-world,400,14,10,16.0,362.0,258.0,258.0,349.0,349.0,17.0,199.5,0.01,3,4
small-world,400,14,11,104.0,346.0,208.0,208.0,324.0,324.0,209.0,199.5,0.01,3,4
small-world,400,14,12,16.0,329.0,121.0,121.0,249.0,249.0,80.0,199.5,0.01,3,4
small-world,400,14,13,16.0,342.0,160.0,160.0,271.0,271.0,70.0,199.5,0.01,3,4
small-world,400,14,14,281.0,171.0,278.0,278.0,223.0,223.0,337.0,199.5,0.01,3,4
small-world,400,14,15,104.0,123.0,213.0,213.0,135.0,135.0,161.0,199.5,0.01,3,4
small-world,400,14,16,16.0,78.0,54.0,54.0,59.0,59.0,68.0,199.5,0.01,3,4
small-world,400,14,17,281.0,280.0,278.0,278.0,299.0,299.0,313.0,199.5,0.01,3,4
small-world,400,14,18,104.0,251.0,213.0,213.0,213.0,213.0,136.0,199.5,0.01,3,4
small-world,400,14,19,2.0,279.0,76.0,76.0,247.0,247.0,7.0,199.5,0.01,3,4
small-world,400,14,20,281.0,321.0,278.0,278.0,363.0,363.0,282.0,199.5,0.01,3,4
small-world,400,14,21,104.0,303.0,213.0,213.0,333.0,333.0,104.0,199.5,0.01,3,4
small-world,400,14,22,104.0,286.0,185.0,185.0,307.0,307.0,140.0,199.5,0.01,3,4
small-world,400,14,23,104.0,264.0,169.0,169.0,272.0,272.0,164.0,199.5,0.01,3,4
small-world,400,14,24,104.0,300.0,232.0,232.0,319.0,319.0,107.0,199.5,0.01,3,4
small-world,400,14,25,104.0,284.0,193.0,193.0,282.0,282.0,143.0,199.5,0.01,3,4
small-world,400,14,26,104.0,256.0,177.0,177.0,243.0,243.0,167.0,199.5,0.01,3,4
small-world,400,14,27,104.0,225.0,151.0,151.0,199.0,199.0,189.0,199.5,0.01,3,4
small-world,400,14,28,281.0,203.0,278.0,278.0,277.0,277.0,299.0,199.5,0.01,3,4
small-world,400,14,29,104.0,163.0,232.0,232.0,201.0,201.0,122.0,199.5,0.01,3,4
small-world,400,14,30,104.0,118.0,193.0,193.0,151.0,151.0,176.0,199.5,0.01,3,4
small-world,400,14,31,281.0,246.0,278.0,278.0,304.0,304.0,304.0,199.5,0.01,3,4
small-world,400,14,32,281.0,203.0,278.0,278.0,277.0,277.0,299.0,199.5,0.01,3,4
small-world,400,14,33,104.0,163.0,232.0,232.0,201.0,201.0,122.0,199.5,0.01,3,4
small-world,400,14,34,104.0,118.0,193.0,193.0,151.0,151.0,176.0,199.5,0.01,3,4
small-world,400,14,35,16.0,68.0,113.0,113.0,76.0,76.0,57.0,199.5,0.01,3,4
small-world,400,14,36,104.0,38.0,102.0,102.0,53.0,53.0,267.0,199.5,0.01,3,4
small-world,400,14,37,281.0,139.0,278.0,278.0,182.0,182.0,364.0,199.5,0.01,3,4
small-world,400,14,38,16.0,94.0,63.0,63.0,87.0,87.0,42.0,199.5,0.01,3,4
small-world,400,14,39,104.0,107.0,70.0,70.0,116.0,116.0,216.0,199.5,0.01,3,4
small-world,400,14,40,104.0,114.0,72.0,72.0,134.0,134.0,211.0,199.5,0.01,3,4
small-world,400,14,41,104.0,384.0,172.0,172.0,362.0,362.0,212.0,199.5,0.01,3,4
small-world,400,14,42,16.0,378.0,159.0,159.0,340.0,340.0,44.0,199.5,0.01,3,4
small-world,400,14,43,281.0,73.0,278.0,278.0,142.0,142.0,379.0,199.5,0.01,3,4
small-world,400,14,44,16.0,40.0,19.0,19.0,48.0,48.0,60.0,199.5,0.01,3,4
small-world,400,14,45,104.0,22.0,18.0,18.0,39.0,39.0,270.0,199.5,0.01,3,4
small-world,400,14,46,104.0,75.0,25.0,25.0,81.0,81.0,254.0,199.5,0.01,3,4
small-world,400,14,47,104.0,89.0,107.0,107.0,129.0,129.0,210.0,199.5,0.01,3,4
small-world,400,14,48,281.0,176.0,278.0,278.0,179.0,179.0,385.0,199.5,0.01,3,4
small-world,400,14,49,281.0,233.0,278.0,278.0,267.0,267.0,348.0,199.5,0.01,3,4
small-world,400,14,50,16.0,189.0,174.0,174.0,173.0,173.0,25.0,199.5,0.01,3,4
small-world,400,14,51,104.0,146.0,151.0,151.0,143.0,143.0,228.0,199.5,0.01,3,4
small-world,400,14,52,281.0,270.0,278.0,278.0,315.0,315.0,317.0,199.5,0.01,3,4
small-world,400,14,53,104.0,244.0,232.0,232.0,235.0,235.0,144.0,199.5,0.01,3,4
small-world,400,14,54,16.0,206.0,133.0,133.0,163.0,163.0,38.0,199.5,0.01,3,4
small-world,400,14,55,104.0,43.0,33.0,33.0,40.0,40.0,274.0,199.5,0.01,3,4
small-world,400,14,56,104.0,36.0,32.0,32.0,44.0,44.0,260.0,199.5,0.01,3,4
small-world,400,14,57,16.0,20.0,31.0,31.0,30.0,30.0,74.0,199.5,0.01,3,4
small-world,400,14,58,281.0,386.0,278.0,278.0,388.0,388.0,310.0,199.5,0.01,3,4
small-world,400,14,59,104.0,379.0,268.0,268.0,373.0,373.0,133.0,199.5,0.01,3,4
small-world,400,14,60,104.0,367.0,259.0,259.0,344.0,344.0,195.0,199.5,0.01,3,4
small-world,400,14,61,16.0,350.0,161.0,161.0,279.0,279.0,77.0,199.5,0.01,3,4
small-world,400,14,62,16.0,361.0,191.0,191.0,305.0,305.0,72.0,199.5,0.01,3,4
small-world,400,14,63,104.0,130.0,91.0,91.0,145.0,145.0,240.0,199.5,0.01,3,4
small-world,400,14,64,16.0,84.0,50.0,50.0,83.0,83.0,76.0,199.5,0.01,3,4
small-world,400,14,65,104.0,58.0,46.0,46.0,72.0,72.0,259.0,199.5,0.01,3,4
small-world,400,14,66,16.0,83.0,42.0,42.0,50.0,50.0,86.0,199.5,0.01,3,4
small-world,400,14,67,104.0,159.0,107.0,107.0,170.0,170.0,235.0,199.5,0.01,3,4
small-world,400,14,68,16.0,120.0,56.0,56.0,114.0,114.0,73.0,199.5,0.01,3,4
small-world,400,14,69,104.0,76.0,52.0,52.0,109.0,109.0,251.0,199.5,0.01,3,4
small-world,400,14,70,104.0,29.0,26.0,26.0,8.0,8.0,279.0,199.5,0.01,3,4
small-world,400,14,71,281.0,87.0,278.0,278.0,188.0,188.0,320.0,199.5,0.01,3,4
small-world,400,14,72,104.0,49.0,232.0,232.0,102.0,102.0,150.0,199.5,0.01,3,4
small-world,400,14,73,281.0,208.0,278.0,278.0,204.0,204.0,370.0,199.5,0.01,3,4
small-world,400,14,74,16.0,167.0,64.0,64.0,104.0,104.0,48.0,199.5,0.01,3,4
small-world,400,14,75,104.0,125.0,58.0,58.0,80.0,80.0,253.0,199.5,0.01,3,4
small-world,400,14,76,104.0,144.0,232.0,232.0,144.0,144.0,160.0,199.5,0.01,3,4
small-world,400,14,77,104.0,209.0,232.0,232.0,227.0,227.0,128.0,199.5,0.01,3,4
small-world,400,14,78,104.0,168.0,193.0,193.0,165.0,165.0,182.0,199.5,0.01,3,4
small-world,400,14,79,2.0,122.0,66.0,66.0,82.0,82.0,6.0,199.5,0.01,3,4
small-world,400,14,80,104.0,79.0,61.0,61.0,93.0,93.0,244.0,199.5,0.01,3,4
small-world,400,14,81,104.0,46.0,55.0,55.0,71.0,71.0,249.0,199.5,0.01,3,4
small-world,400,14,82,104.0,24.0,51.0,51.0,47.0,47.0,268.0,199.5,0.01,3,4
small-world,400,14,83,281.0,295.0,278.0,278.0,322.0,322.0,311.0,199.5,0.01,3,4
small-world,400,14,84,104.0,276.0,232.0,232.0,254.0,254.0,134.0,199.5,0.01,3,4
small-world,400,14,85,281.0,222.0,278.0,278.0,210.0,210.0,341.0,199.5,0.01,3,4
small-world,400,14,86,281.0,350.0,278.0,278.0,361.0,361.0,381.0,199.5,0.01,3,4
small-world,400,14,87,281.0,347.0,278.0,278.0,371.0,371.0,290.0,199.5,0.01,3,4
small-world,400,14,88,104.0,338.0,213.0,213.0,345.0,345.0,113.0,199.5,0.01,3,4
small-world,400,14,89,16.0,328.0,162.0,162.0,311.0,311.0,18.0,199.5,0.01,3,4
small-world,400,14,90,104.0,42.0,193.0,193.0,62.0,62.0,222.0,199.5,0.01,3,4
small-world,400,14,91,16.0,254.0,39.0,39.0,148.0,148.0,75.0,199.5,0.01,3,4
small-world,400,14,92,281.0,326.0,278.0,278.0,342.0,342.0,308.0,199.5,0.01,3,4
small-world,400,14,93,281.0,102.0,278.0,278.0,78.0,78.0,394.0,199.5,0.01,3,4
small-world,400,14,94,281.0,340.0,278.0,278.0,358.0,358.0,334.0,199.5,0.01,3,4
small-world,400,14,95,104.0,129.0,142.0,142.0,89.0,89.0,237.0,199.5,0.01,3,4
small-world,400,14,96,281.0,388.0,278.0,278.0,394.0,394.0,289.0,199.5,0.01,3,4
small-world,400,14,97,104.0,276.0,232.0,232.0,254.0,254.0,134.0,199.5,0.01,3,4
small-world,400,14,98,16.0,246.0,149.0,149.0,178.0,178.0,30.0,199.5,0.01,3,4
small-world,400,14,99,16.0,211.0,115.0,115.0,141.0,141.0,41.0,199.5,0.01,3,4
small-world,400,14,100,281.0,325.0,278.0,278.0,359.0,359.0,287.0,199.5,0.01,3,4
small-world,400,14,101,281.0,382.0,278.0,278.0,393.0,393.0,296.0,199.5,0.01,3,4
small-world,400,14,102,104.0,373.0,268.0,268.0,377.0,377.0,119.0,199.5,0.01,3,4
small-world,400,14,103,104.0,359.0,259.0,259.0,356.0,356.0,171.0,199.5,0.01,3,4
small-world,400,14,104,16.0,344.0,183.0,183.0,316.0,316.0,53.0,199.5,0.01,3,4
small-world,400,14,105,16.0,7.0,8.0,8.0,23.0,23.0,91.0,199.5,0.01,3,4
small-world,400,14,106,104.0,13.0,21.0,21.0,28.0,28.0,276.0,199.5,0.01,3,4
small-world,400,14,107,16.0,17.0,13.0,13.0,20.0,20.0,93.0,199.5,0.01,3,4
small-world,400,14,108,16.0,19.0,24.0,24.0,16.0,16.0,87.0,199.5,0.01,3,4
small-world,400,14,109,104.0,97.0,185.0,185.0,74.0,74.0,221.0,199.5,0.01,3,4
small-world,400,14,110,2.0,59.0,22.0,22.0,19.0,19.0,13.0,199.5,0.01,3,4
small-world,400,14,111,281.0,87.0,278.0,278.0,188.0,188.0,320.0,199.5,0.01,3,4
small-world,400,14,112,104.0,49.0,232.0,232.0,102.0,102.0,150.0,199.5,0.01,3,4
small-world,400,14,113,16.0,21.0,149.0,149.0,41.0,41.0,46.0,199.5,0.01,3,4
small-world,400,14,114,104.0,194.0,213.0,213.0,185.0,185.0,121.0,199.5,0.01,3,4
small-world,400,14,115,16.0,154.0,162.0,162.0,113.0,113.0,23.0,199.5,0.01,3,4
small-world,400,14,116,281.0,53.0,278.0,278.0,123.0,123.0,347.0,199.5,0.01,3,4
small-world,400,14,117,104.0,56.0,96.0,96.0,91.0,91.0,234.0,199.5,0.01,3,4
small-world,400,14,118,281.0,250.0,278.0,278.0,284.0,284.0,305.0,199.5,0.01,3,4
small-world,400,14,119,281.0,91.0,278.0,278.0,156.0,156.0,377.0,199.5,0.01,3,4
small-world,400,14,120,104.0,145.0,134.0,134.0,138.0,138.0,201.0,199.5,0.01,3,4
small-world,400,14,121,104.0,99.0,117.0,117.0,85.0,85.0,232.0,199.5,0.01,3,4
small-world,400,14,122,281.0,226.0,278.0,278.0,258.0,258.0,329.0,199.5,0.01,3,4
small-world,400,14,123,104.0,185.0,232.0,232.0,177.0,177.0,157.0,199.5,0.01,3,4
small-world,400,14,124,16.0,137.0,94.0,94.0,94.0,94.0,58.0,199.5,0.01,3,4
small-world,400,14,125,104.0,93.0,87.0,87.0,65.0,65.0,262.0,199.5,0.01,3,4
small-world,400,14,126,281.0,356.0,278.0,278.0,357.0,357.0,389.0,199.5,0.01,3,4
small-world,400,14,127,281.0,218.0,278.0,278.0,263.0,263.0,346.0,199.5,0.01,3,4
small-world,400,14,128,16.0,177.0,162.0,162.0,174.0,174.0,24.0,199.5,0.01,3,4
small-world,400,14,129,281.0,374.0,278.0,278.0,385.0,385.0,325.0,199.5,0.01,3,4
small-world,400,14,130,104.0,360.0,268.0,268.0,364.0,364.0,154.0,199.5,0.01,3,4
small-world,400,14,131,104.0,335.0,268.0,268.0,347.0,347.0,138.0,199.5,0.01,3,4
small-world,400,14,132,104.0,312.0,259.0,259.0,294.0,294.0,214.0,199.5,0.01,3,4
small-world,400,14,133,104.0,193.0,36.0,36.0,149.0,149.0,256.0,199.5,0.01,3,4
small-world,400,14,134,16.0,165.0,29.0,29.0,105.0,105.0,85.0,199.5,0.01,3,4
small-world,400,14,135,104.0,128.0,30.0,30.0,107.0,107.0,269.0,199.5,0.01,3,4
small-world,400,14,136,16.0,98.0,23.0,23.0,77.0,77.0,83.0,199.5,0.01,3,4
small-world,400,14,137,281.0,333.0,278.0,278.0,332.0,332.0,357.0,199.5,0.01,3,4
small-world,400,14,138,281.0,241.0,278.0,278.0,237.0,237.0,362.0,199.5,0.01,3,4
small-world,400,14,139,16.0,202.0,78.0,78.0,147.0,147.0,40.0,199.5,0.01,3,4
small-world,400,14,140,281.0,195.0,278.0,278.0,220.0,220.0,322.0,199.5,0.01,3,4
small-world,400,14,141,104.0,154.0,213.0,213.0,133.0,133.0,152.0,199.5,0.01,3,4
small-world,400,14,142,16.0,108.0,122.0,122.0,58.0,58.0,49.0,199.5,0.01,3,4
small-world,400,14,143,104.0,66.0,107.0,107.0,25.0,25.0,272.0,199.5,0.01,3,4
small-world,400,14,144,104.0,27.0,232.0,232.0,35.0,35.0,203.0,199.5,0.01,3,4
small-world,400,14,145,2.0,4.0,1.0,1.0,2.0,2.0,15.0,199.5,0.01,3,4
small-world,400,14,146,16.0,16.0,15.0,15.0,3.0,3.0,103.0,199.5,0.01,3,4
small-world,400,14,147,104.0,133.0,142.0,142.0,146.0,146.0,223.0,199.5,0.01,3,4
small-world,400,14,148,281.0,239.0,278.0,278.0,274.0,274.0,350.0,199.5,0.01,3,4
small-world,400,14,149,104.0,198.0,232.0,232.0,198.0,198.0,181.0,199.5,0.01,3,4
small-world,400,14,150,16.0,150.0,193.0,193.0,131.0,131.0,90.0,199.5,0.01,3,4
small-world,400,14,151,104.0,153.0,278.0,278.0,158.0,158.0,278.0,199.5,0.01,3,4
small-world,400,14,152,281.0,396.0,278.0,278.0,396.0,396.0,281.0,199.5,0.01,3,4
small-world,400,14,153,104.0,395.0,268.0,268.0,395.0,395.0,105.0,199.5,0.01,3,4
small-world,400,14,154,104.0,394.0,259.0,259.0,391.0,391.0,139.0,199.5,0.01,3,4
small-world,400,14,155,281.0,318.0,278.0,278.0,354.0,354.0,284.0,199.5,0.01,3,4
small-world,400,14,156,281.0,152.0,278.0,278.0,191.0,191.0,338.0,199.5,0.01,3,4
small-world,400,14,157,281.0,224.0,278.0,278.0,236.0,236.0,349.0,199.5,0.01,3,4
small-world,400,14,158,281.0,372.0,278.0,278.0,374.0,374.0,372.0,199.5,0.01,3,4
small-world,400,14,159,104.0,45.0,46.0,46.0,86.0,86.0,245.0,199.5,0.01,3,4
small-world,400,14,160,16.0,96.0,114.0,114.0,60.0,60.0,65.0,199.5,0.01,3,4
small-world,400,14,161,281.0,72.0,278.0,278.0,90.0,90.0,399.0,199.5,0.01,3,4
small-world,400,14,162,16.0,37.0,49.0,49.0,21.0,21.0,92.0,199.5,0.01,3,4
small-world,400,14,163,104.0,272.0,81.0,81.0,281.0,281.0,246.0,199.5,0.01,3,4
small-world,400,14,164,104.0,272.0,81.0,81.0,256.0,256.0,265.0,199.5,0.01,3,4
small-world,400,14,165,281.0,102.0,278.0,278.0,78.0,78.0,394.0,199.5,0.01,3,4
small-world,400,14,166,281.0,25.0,278.0,278.0,66.0,66.0,393.0,199.5,0.01,3,4
small-world,400,14,167,16.0,1.0,5.0,5.0,9.0,9.0,79.0,199.5,0.01,3,4
small-world,400,14,168,16.0,3.0,4.0,4.0,4.0,4.0,88.0,199.5,0.01,3,4
small-world,400,14,169,16.0,397.0,277.0,277.0,397.0,397.0,35.0,199.5,0.01,3,4
small-world,400,14,170,104.0,398.0,278.0,278.0,398.0,398.0,205.0,199.5,0.01,3,4
small-world,400,14,171,104.0,352.0,268.0,268.0,375.0,375.0,114.0,199.5,0.01,3,4
small-world,400,14,172,104.0,335.0,259.0,259.0,355.0,355.0,159.0,199.5,0.01,3,4
small-world,400,14,173,281.0,287.0,278.0,278.0,331.0,331.0,294.0,199.5,0.01,3,4
small-world,400,14,174,104.0,77.0,62.0,62.0,70.0,70.0,238.0,199.5,0.01,3,4
small-world,400,14,175,281.0,235.0,278.0,278.0,264.0,264.0,298.0,199.5,0.01,3,4
small-world,400,14,176,281.0,330.0,278.0,278.0,338.0,338.0,396.0,199.5,0.01,3,4
small-world,400,14,177,281.0,229.0,278.0,278.0,259.0,259.0,323.0,199.5,0.01,3,4
small-world,400,14,178,281.0,131.0,278.0,278.0,126.0,126.0,397.0,199.5,0.01,3,4
small-world,400,14,179,2.0,82.0,34.0,34.0,32.0,32.0,10.0,199.5,0.01,3,4
small-world,400,14,180,281.0,125.0,278.0,278.0,132.0,132.0,376.0,199.5,0.01,3,4
small-world,400,14,181,281.0,140.0,278.0,278.0,111.0,111.0,383.0,199.5,0.01,3,4
small-world,400,14,182,104.0,55.0,40.0,40.0,43.0,43.0,275.0,199.5,0.01,3,4
small-world,400,14,183,281.0,317.0,278.0,278.0,350.0,350.0,390.0,199.5,0.01,3,4
small-world,400,14,184,281.0,172.0,278.0,278.0,184.0,184.0,353.0,199.5,0.01,3,4
small-world,400,14,185,16.0,124.0,162.0,162.0,84.0,84.0,29.0,199.5,0.01,3,4
small-world,400,14,186,16.0,80.0,123.0,123.0,42.0,42.0,56.0,199.5,0.01,3,4
small-world,400,14,187,281.0,365.0,278.0,278.0,372.0,372.0,373.0,199.5,0.01,3,4
small-world,400,14,188,16.0,348.0,105.0,105.0,314.0,314.0,54.0,199.5,0.01,3,4
small-world,400,14,189,104.0,337.0,104.0,104.0,317.0,317.0,250.0,199.5,0.01,3,4
small-world,400,14,190,16.0,327.0,86.0,86.0,280.0,280.0,78.0,199.5,0.01,3,4
small-world,400,14,191,104.0,62.0,60.0,60.0,45.0,45.0,257.0,199.5,0.01,3,4
small-world,400,14,192,16.0,135.0,123.0,123.0,159.0,159.0,31.0,199.5,0.01,3,4
small-world,400,14,193,281.0,295.0,278.0,278.0,322.0,322.0,311.0,199.5,0.01,3,4
small-world,400,14,194,281.0,258.0,278.0,278.0,290.0,290.0,331.0,199.5,0.01,3,4
small-world,400,14,195,281.0,105.0,278.0,278.0,120.0,120.0,391.0,199.5,0.01,3,4
small-world,400,14,196,2.0,61.0,79.0,79.0,33.0,33.0,8.0,199.5,0.01,3,4
small-world,400,14,197,104.0,320.0,142.0,142.0,306.0,306.0,174.0,199.5,0.01,3,4
small-world,400,14,198,104.0,302.0,126.0,126.0,283.0,283.0,183.0,199.5,0.01,3,4
small-world,400,14,199,281.0,199.0,278.0,278.0,253.0,253.0,352.0,199.5,0.01,3,4
small-world,400,14,200,281.0,387.0,278.0,278.0,387.0,387.0,326.0,199.5,0.01,3,4
small-world,400,14,201,104.0,380.0,268.0,268.0,368.0,368.0,156.0,199.5,0.01,3,4
small-world,400,14,202,16.0,368.0,132.0,132.0,325.0,325.0,55.0,199.5,0.01,3,4
small-world,400,14,203,16.0,356.0,119.0,119.0,318.0,318.0,52.0,199.5,0.01,3,4
small-world,400,14,204,281.0,184.0,278.0,278.0,262.0,262.0,297.0,199.5,0.01,3,4
small-world,400,14,205,104.0,136.0,213.0,213.0,187.0,187.0,120.0,199.5,0.01,3,4
small-world,400,14,206,281.0,266.0,278.0,278.0,326.0,326.0,288.0,199.5,0.01,3,4
small-world,400,14,207,104.0,235.0,213.0,213.0,268.0,268.0,111.0,199.5,0.01,3,4
small-world,400,14,208,104.0,195.0,185.0,185.0,221.0,221.0,153.0,199.5,0.01,3,4
small-world,400,14,209,16.0,156.0,141.0,141.0,162.0,162.0,28.0,199.5,0.01,3,4
small-world,400,14,210,104.0,110.0,126.0,126.0,140.0,140.0,200.0,199.5,0.01,3,4
small-world,400,14,211,104.0,70.0,107.0,107.0,95.0,95.0,226.0,199.5,0.01,3,4
small-world,400,14,212,104.0,41.0,96.0,96.0,56.0,56.0,252.0,199.5,0.01,3,4
small-world,400,14,213,281.0,316.0,278.0,278.0,334.0,334.0,309.0,199.5,0.01,3,4
small-world,400,14,214,104.0,299.0,232.0,232.0,273.0,273.0,132.0,199.5,0.01,3,4
small-world,400,14,215,104.0,282.0,193.0,193.0,222.0,222.0,193.0,199.5,0.01,3,4
small-world,400,14,216,281.0,54.0,278.0,278.0,117.0,117.0,380.0,199.5,0.01,3,4
small-world,400,14,217,104.0,313.0,232.0,232.0,293.0,293.0,130.0,199.5,0.01,3,4
small-world,400,14,218,104.0,294.0,193.0,193.0,229.0,229.0,191.0,199.5,0.01,3,4
small-world,400,14,219,281.0,147.0,278.0,278.0,196.0,196.0,366.0,199.5,0.01,3,4
small-world,400,14,220,281.0,210.0,278.0,278.0,242.0,242.0,306.0,199.5,0.01,3,4
small-world,400,14,221,104.0,170.0,213.0,213.0,164.0,164.0,129.0,199.5,0.01,3,4
small-world,400,14,222,281.0,385.0,278.0,278.0,381.0,381.0,365.0,199.5,0.01,3,4
small-world,400,14,223,104.0,237.0,142.0,142.0,245.0,245.0,185.0,199.5,0.01,3,4
small-world,400,14,224,104.0,200.0,126.0,126.0,207.0,207.0,204.0,199.5,0.01,3,4
small-world,400,14,225,281.0,71.0,278.0,278.0,46.0,46.0,400.0,199.5,0.01,3,4
small-world,400,14,226,281.0,392.0,278.0,278.0,390.0,390.0,356.0,199.5,0.01,3,4
small-world,400,14,227,281.0,390.0,278.0,278.0,392.0,392.0,307.0,199.5,0.01,3,4
small-world,400,14,228,104.0,383.0,268.0,268.0,376.0,376.0,131.0,199.5,0.01,3,4
small-world,400,14,229,104.0,375.0,259.0,259.0,352.0,352.0,190.0,199.5,0.01,3,4
small-world,400,14,230,281.0,262.0,278.0,278.0,312.0,312.0,302.0,199.5,0.01,3,4
small-world,400,14,231,104.0,231.0,232.0,232.0,238.0,238.0,125.0,199.5,0.01,3,4
small-world,400,14,232,281.0,229.0,278.0,278.0,259.0,259.0,323.0,199.5,0.01,3,4
small-world,400,14,233,16.0,187.0,192.0,192.0,168.0,168.0,16.0,199.5,0.01,3,4
small-world,400,14,234,104.0,143.0,177.0,177.0,119.0,119.0,197.0,199.5,0.01,3,4
small-world,400,14,235,104.0,10.0,16.0,16.0,36.0,36.0,263.0,199.5,0.01,3,4
small-world,400,14,236,104.0,26.0,232.0,232.0,49.0,49.0,180.0,199.5,0.01,3,4
small-world,400,14,237,281.0,215.0,278.0,278.0,233.0,233.0,351.0,199.5,0.01,3,4
small-world,400,14,238,281.0,138.0,278.0,278.0,209.0,209.0,343.0,199.5,0.01,3,4
small-world,400,14,239,16.0,86.0,162.0,162.0,115.0,115.0,22.0,199.5,0.01,3,4
small-world,400,14,240,16.0,52.0,123.0,123.0,64.0,64.0,36.0,199.5,0.01,3,4
small-world,400,14,241,16.0,28.0,95.0,95.0,37.0,37.0,61.0,199.5,0.01,3,4
small-world,400,14,242,281.0,308.0,278.0,278.0,341.0,341.0,336.0,199.5,0.01,3,4
small-world,400,14,243,16.0,291.0,162.0,162.0,275.0,275.0,19.0,199.5,0.01,3,4
small-world,400,14,244,104.0,364.0,266.0,266.0,343.0,343.0,229.0,199.5,0.01,3,4
small-world,400,14,245,104.0,354.0,212.0,212.0,335.0,335.0,227.0,199.5,0.01,3,4
small-world,400,14,246,16.0,345.0,207.0,207.0,308.0,308.0,50.0,199.5,0.01,3,4
small-world,400,14,247,16.0,334.0,182.0,182.0,276.0,276.0,62.0,199.5,0.01,3,4
small-world,400,14,248,16.0,322.0,139.0,139.0,241.0,241.0,84.0,199.5,0.01,3,4
small-world,400,14,249,16.0,301.0,138.0,138.0,225.0,225.0,81.0,199.5,0.01,3,4
small-world,400,14,250,2.0,274.0,74.0,74.0,180.0,180.0,12.0,199.5,0.01,3,4
small-world,400,14,251,281.0,304.0,278.0,278.0,353.0,353.0,285.0,199.5,0.01,3,4
small-world,400,14,252,281.0,310.0,278.0,278.0,286.0,286.0,374.0,199.5,0.01,3,4
small-world,400,14,253,281.0,280.0,278.0,278.0,299.0,299.0,313.0,199.5,0.01,3,4
small-world,400,14,254,104.0,251.0,213.0,213.0,213.0,213.0,136.0,199.5,0.01,3,4
small-world,400,14,255,16.0,216.0,140.0,140.0,137.0,137.0,32.0,199.5,0.01,3,4
small-world,400,14,256,104.0,271.0,142.0,142.0,269.0,269.0,175.0,199.5,0.01,3,4
small-world,400,14,257,104.0,245.0,126.0,126.0,240.0,240.0,188.0,199.5,0.01,3,4
small-world,400,14,258,16.0,33.0,27.0,27.0,17.0,17.0,96.0,199.5,0.01,3,4
small-world,400,14,259,104.0,18.0,28.0,28.0,12.0,12.0,280.0,199.5,0.01,3,4
small-world,400,14,260,281.0,400.0,278.0,278.0,400.0,400.0,358.0,199.5,0.01,3,4
small-world,400,14,261,281.0,369.0,278.0,278.0,389.0,389.0,291.0,199.5,0.01,3,4
small-world,400,14,262,104.0,23.0,44.0,44.0,57.0,57.0,258.0,199.5,0.01,3,4
small-world,400,14,263,281.0,219.0,278.0,278.0,194.0,194.0,367.0,199.5,0.01,3,4
small-world,400,14,264,16.0,178.0,106.0,106.0,88.0,88.0,45.0,199.5,0.01,3,4
small-world,400,14,265,281.0,157.0,278.0,278.0,217.0,217.0,361.0,199.5,0.01,3,4
small-world,400,14,266,104.0,289.0,213.0,213.0,320.0,320.0,108.0,199.5,0.01,3,4
small-world,400,14,267,104.0,267.0,185.0,185.0,289.0,289.0,147.0,199.5,0.01,3,4
small-world,400,14,268,104.0,238.0,169.0,169.0,251.0,251.0,168.0,199.5,0.01,3,4
small-world,400,14,269,104.0,201.0,142.0,142.0,212.0,212.0,196.0,199.5,0.01,3,4
small-world,400,14,270,104.0,161.0,126.0,126.0,172.0,172.0,230.0,199.5,0.01,3,4
small-world,400,14,271,281.0,258.0,278.0,278.0,290.0,290.0,331.0,199.5,0.01,3,4
small-world,400,14,272,281.0,30.0,278.0,278.0,98.0,98.0,382.0,199.5,0.01,3,4
small-world,400,14,273,16.0,7.0,14.0,14.0,31.0,31.0,64.0,199.5,0.01,3,4
small-world,400,14,274,104.0,217.0,213.0,213.0,234.0,234.0,124.0,199.5,0.01,3,4
small-world,400,14,275,104.0,261.0,232.0,232.0,266.0,266.0,117.0,199.5,0.01,3,4
small-world,400,14,276,16.0,232.0,174.0,174.0,197.0,197.0,20.0,199.5,0.01,3,4
small-world,400,14,277,104.0,191.0,151.0,151.0,176.0,176.0,194.0,199.5,0.01,3,4
small-world,400,14,278,104.0,148.0,134.0,134.0,130.0,130.0,225.0,199.5,0.01,3,4
small-world,400,14,279,281.0,366.0,278.0,278.0,380.0,380.0,283.0,199.5,0.01,3,4
small-world,400,14,280,104.0,398.0,278.0,278.0,398.0,398.0,205.0,199.5,0.01,3,4
small-world,400,14,281,104.0,306.0,232.0,232.0,329.0,329.0,110.0,199.5,0.01,3,4
small-world,400,14,282,104.0,290.0,193.0,193.0,297.0,297.0,149.0,199.5,0.01,3,4
small-world,400,14,283,104.0,268.0,177.0,177.0,257.0,257.0,173.0,199.5,0.01,3,4
small-world,400,14,284,281.0,140.0,278.0,278.0,111.0,111.0,383.0,199.5,0.01,3,4
small-world,400,14,285,2.0,95.0,57.0,57.0,24.0,24.0,5.0,199.5,0.01,3,4
small-world,400,14,286,2.0,63.0,43.0,43.0,5.0,5.0,9.0,199.5,0.01,3,4
small-world,400,14,287,281.0,30.0,278.0,278.0,73.0,73.0,398.0,199.5,0.01,3,4
small-world,400,14,288,281.0,258.0,278.0,278.0,290.0,290.0,331.0,199.5,0.01,3,4
small-world,400,14,289,2.0,228.0,173.0,173.0,186.0,186.0,2.0,199.5,0.01,3,4
small-world,400,14,290,104.0,188.0,151.0,151.0,175.0,175.0,179.0,199.5,0.01,3,4
small-world,400,14,291,281.0,234.0,278.0,278.0,265.0,265.0,295.0,199.5,0.01,3,4
small-world,400,14,292,104.0,192.0,213.0,213.0,190.0,190.0,118.0,199.5,0.01,3,4
small-world,400,14,293,104.0,151.0,185.0,185.0,122.0,122.0,170.0,199.5,0.01,3,4
small-world,400,14,294,104.0,285.0,107.0,107.0,261.0,261.0,192.0,199.5,0.01,3,4
small-world,400,14,295,104.0,265.0,96.0,96.0,230.0,230.0,198.0,199.5,0.01,3,4
small-world,400,14,296,104.0,240.0,91.0,91.0,192.0,192.0,208.0,199.5,0.01,3,4
small-world,400,14,297,104.0,226.0,38.0,38.0,161.0,161.0,255.0,199.5,0.01,3,4
small-world,400,14,298,281.0,162.0,278.0,278.0,205.0,205.0,316.0,199.5,0.01,3,4
small-world,400,14,299,104.0,111.0,232.0,232.0,127.0,127.0,142.0,199.5,0.01,3,4
small-world,400,14,300,104.0,65.0,193.0,193.0,61.0,61.0,219.0,199.5,0.01,3,4
small-world,400,14,301,2.0,14.0,7.0,7.0,11.0,11.0,14.0,199.5,0.01,3,4
small-world,400,14,302,16.0,6.0,2.0,2.0,15.0,15.0,99.0,199.5,0.01,3,4
small-world,400,14,303,104.0,5.0,6.0,6.0,22.0,22.0,277.0,199.5,0.01,3,4
small-world,400,14,304,16.0,2.0,3.0,3.0,10.0,10.0,89.0,199.5,0.01,3,4
small-world,400,14,305,104.0,319.0,90.0,90.0,310.0,310.0,248.0,199.5,0.01,3,4
small-world,400,14,306,16.0,305.0,88.0,88.0,303.0,303.0,51.0,199.5,0.01,3,4
small-world,400,14,307,104.0,297.0,89.0,89.0,313.0,313.0,236.0,199.5,0.01,3,4
small-world,400,14,308,104.0,288.0,85.0,85.0,301.0,301.0,243.0,199.5,0.01,3,4
small-world,400,14,309,281.0,121.0,278.0,278.0,206.0,206.0,319.0,199.5,0.01,3,4
small-world,400,14,310,104.0,74.0,232.0,232.0,128.0,128.0,146.0,199.5,0.01,3,4
small-world,400,14,311,281.0,183.0,278.0,278.0,244.0,244.0,354.0,199.5,0.01,3,4
small-world,400,14,312,281.0,310.0,278.0,278.0,286.0,286.0,374.0,199.5,0.01,3,4
small-world,400,14,313,2.0,293.0,80.0,80.0,167.0,167.0,3.0,199.5,0.01,3,4
small-world,400,14,314,104.0,214.0,213.0,213.0,203.0,203.0,127.0,199.5,0.01,3,4
small-world,400,14,315,16.0,175.0,162.0,162.0,136.0,136.0,27.0,199.5,0.01,3,4
small-world,400,14,316,281.0,353.0,278.0,278.0,378.0,378.0,315.0,199.5,0.01,3,4
small-world,400,14,317,281.0,159.0,278.0,278.0,195.0,195.0,340.0,199.5,0.01,3,4
small-world,400,14,318,104.0,117.0,213.0,213.0,108.0,108.0,172.0,199.5,0.01,3,4
small-world,400,14,319,16.0,69.0,48.0,48.0,38.0,38.0,82.0,199.5,0.01,3,4
small-world,400,14,320,281.0,332.0,278.0,278.0,366.0,366.0,371.0,199.5,0.01,3,4
small-world,400,14,321,281.0,90.0,278.0,278.0,166.0,166.0,360.0,199.5,0.01,3,4
small-world,400,14,322,104.0,104.0,232.0,232.0,99.0,99.0,163.0,199.5,0.01,3,4
small-world,400,14,323,281.0,48.0,278.0,278.0,100.0,100.0,392.0,199.5,0.01,3,4
small-world,400,14,324,16.0,60.0,41.0,41.0,27.0,27.0,94.0,199.5,0.01,3,4
small-world,400,14,325,16.0,35.0,35.0,35.0,14.0,14.0,97.0,199.5,0.01,3,4
small-world,400,14,326,281.0,339.0,278.0,278.0,348.0,348.0,388.0,199.5,0.01,3,4
small-world,400,14,327,16.0,315.0,120.0,120.0,248.0,248.0,69.0,199.5,0.01,3,4
small-world,400,14,328,104.0,371.0,267.0,267.0,339.0,339.0,242.0,199.5,0.01,3,4
small-world,400,14,329,104.0,47.0,213.0,213.0,63.0,63.0,178.0,199.5,0.01,3,4
small-world,400,14,330,104.0,109.0,142.0,142.0,68.0,68.0,218.0,199.5,0.01,3,4
small-world,400,14,331,104.0,67.0,126.0,126.0,26.0,26.0,264.0,199.5,0.01,3,4
small-world,400,14,332,1.0,39.0,9.0,9.0,1.0,1.0,1.0,199.5,0.01,3,4
small-world,400,14,333,16.0,44.0,37.0,37.0,6.0,6.0,95.0,199.5,0.01,3,4
small-world,400,14,334,104.0,32.0,91.0,91.0,54.0,54.0,261.0,199.5,0.01,3,4
small-world,400,14,335,104.0,34.0,44.0,44.0,51.0,51.0,273.0,199.5,0.01,3,4
small-world,400,14,336,16.0,15.0,12.0,12.0,18.0,18.0,98.0,199.5,0.01,3,4
small-world,400,14,337,16.0,12.0,11.0,11.0,13.0,13.0,100.0,199.5,0.01,3,4
small-world,400,14,338,2.0,7.0,10.0,10.0,7.0,7.0,11.0,199.5,0.01,3,4
small-world,400,14,339,104.0,10.0,16.0,16.0,29.0,29.0,266.0,199.5,0.01,3,4
small-world,400,14,340,104.0,297.0,118.0,118.0,246.0,246.0,271.0,199.5,0.01,3,4
small-world,400,14,341,281.0,362.0,278.0,278.0,369.0,369.0,369.0,199.5,0.01,3,4
small-world,400,14,342,16.0,112.0,68.0,68.0,118.0,118.0,39.0,199.5,0.01,3,4
small-world,400,14,343,104.0,114.0,71.0,71.0,125.0,125.0,220.0,199.5,0.01,3,4
small-world,400,14,344,16.0,100.0,65.0,65.0,97.0,97.0,43.0,199.5,0.01,3,4
small-world,400,14,345,104.0,85.0,67.0,67.0,92.0,92.0,239.0,199.5,0.01,3,4
small-world,400,14,346,281.0,57.0,278.0,278.0,106.0,106.0,355.0,199.5,0.01,3,4
small-world,400,14,347,281.0,248.0,278.0,278.0,239.0,239.0,363.0,199.5,0.01,3,4
small-world,400,14,348,281.0,169.0,278.0,278.0,193.0,193.0,386.0,199.5,0.01,3,4
small-world,400,14,349,281.0,149.0,278.0,278.0,171.0,171.0,387.0,199.5,0.01,3,4
small-world,400,14,350,16.0,101.0,100.0,100.0,67.0,67.0,67.0,199.5,0.01,3,4
small-world,400,14,351,16.0,64.0,59.0,59.0,34.0,34.0,101.0,199.5,0.01,3,4
small-world,400,14,352,16.0,106.0,151.0,151.0,75.0,75.0,102.0,199.5,0.01,3,4
small-world,400,14,353,281.0,257.0,278.0,278.0,296.0,296.0,303.0,199.5,0.01,3,4
small-world,400,14,354,104.0,221.0,232.0,232.0,218.0,218.0,126.0,199.5,0.01,3,4
small-world,400,14,355,16.0,179.0,174.0,174.0,150.0,150.0,26.0,199.5,0.01,3,4
small-world,400,14,356,104.0,132.0,151.0,151.0,101.0,101.0,231.0,199.5,0.01,3,4
small-world,400,14,357,104.0,212.0,107.0,107.0,215.0,215.0,199.0,199.5,0.01,3,4
small-world,400,14,358,104.0,174.0,96.0,96.0,181.0,181.0,215.0,199.5,0.01,3,4
small-world,400,14,359,16.0,112.0,68.0,68.0,121.0,121.0,37.0,199.5,0.01,3,4
small-world,400,14,360,104.0,114.0,73.0,73.0,139.0,139.0,213.0,199.5,0.01,3,4
small-world,400,14,361,281.0,324.0,278.0,278.0,360.0,360.0,292.0,199.5,0.01,3,4
small-world,400,14,362,104.0,307.0,213.0,213.0,328.0,328.0,115.0,199.5,0.01,3,4
small-world,400,14,363,281.0,253.0,278.0,278.0,309.0,309.0,301.0,199.5,0.01,3,4
small-world,400,14,364,104.0,255.0,213.0,213.0,298.0,298.0,109.0,199.5,0.01,3,4
small-world,400,14,365,104.0,220.0,185.0,185.0,250.0,250.0,148.0,199.5,0.01,3,4
small-world,400,14,366,104.0,181.0,169.0,169.0,200.0,200.0,169.0,199.5,0.01,3,4
small-world,400,14,367,281.0,263.0,278.0,278.0,295.0,295.0,339.0,199.5,0.01,3,4
small-world,400,14,368,281.0,207.0,278.0,278.0,232.0,232.0,368.0,199.5,0.01,3,4
small-world,400,14,369,16.0,166.0,100.0,100.0,124.0,124.0,47.0,199.5,0.01,3,4
small-world,400,14,370,16.0,389.0,181.0,181.0,367.0,367.0,33.0,199.5,0.01,3,4
small-world,400,14,371,104.0,182.0,134.0,134.0,160.0,160.0,217.0,199.5,0.01,3,4
small-world,400,14,372,281.0,283.0,278.0,278.0,337.0,337.0,286.0,199.5,0.01,3,4
small-world,400,14,373,104.0,213.0,232.0,232.0,183.0,183.0,158.0,199.5,0.01,3,4
small-world,400,14,374,16.0,173.0,84.0,84.0,96.0,96.0,59.0,199.5,0.01,3,4
small-world,400,14,375,16.0,127.0,75.0,75.0,69.0,69.0,66.0,199.5,0.01,3,4
small-world,400,14,376,281.0,195.0,278.0,278.0,208.0,208.0,344.0,199.5,0.01,3,4
small-world,400,14,377,104.0,358.0,232.0,232.0,365.0,365.0,106.0,199.5,0.01,3,4
small-world,400,14,378,104.0,349.0,193.0,193.0,346.0,346.0,141.0,199.5,0.01,3,4
small-world,400,14,379,104.0,343.0,177.0,177.0,330.0,330.0,166.0,199.5,0.01,3,4
small-world,400,14,380,104.0,331.0,151.0,151.0,302.0,302.0,187.0,199.5,0.01,3,4
small-world,400,14,381,16.0,323.0,115.0,115.0,252.0,252.0,34.0,199.5,0.01,3,4
small-world,400,14,382,104.0,309.0,102.0,102.0,228.0,228.0,224.0,199.5,0.01,3,4
small-world,400,14,383,104.0,242.0,151.0,151.0,216.0,216.0,202.0,199.5,0.01,3,4
small-world,400,14,384,104.0,205.0,134.0,134.0,169.0,169.0,241.0,199.5,0.01,3,4
small-world,400,14,385,281.0,292.0,278.0,278.0,336.0,336.0,293.0,199.5,0.01,3,4
small-world,400,14,386,104.0,269.0,232.0,232.0,288.0,288.0,116.0,199.5,0.01,3,4
small-world,400,14,387,104.0,243.0,193.0,193.0,231.0,231.0,162.0,199.5,0.01,3,4
small-world,400,14,388,16.0,278.0,53.0,53.0,155.0,155.0,71.0,199.5,0.01,3,4
small-world,400,14,389,281.0,249.0,278.0,278.0,270.0,270.0,330.0,199.5,0.01,3,4
small-world,400,14,390,104.0,381.0,268.0,268.0,384.0,384.0,112.0,199.5,0.01,3,4
small-world,400,14,391,104.0,370.0,259.0,259.0,370.0,370.0,155.0,199.5,0.01,3,4
small-world,400,14,392,104.0,355.0,208.0,208.0,351.0,351.0,186.0,199.5,0.01,3,4
small-world,400,14,393,104.0,341.0,205.0,205.0,321.0,321.0,233.0,199.5,0.01,3,4
small-world,400,14,394,281.0,376.0,278.0,278.0,382.0,382.0,327.0,199.5,0.01,3,4
small-world,400,14,395,104.0,314.0,208.0,208.0,327.0,327.0,207.0,199.5,0.01,3,4
small-world,400,14,396,281.0,157.0,278.0,278.0,219.0,219.0,359.0,199.5,0.01,3,4
small-world,400,14,397,281.0,91.0,278.0,278.0,156.0,156.0,377.0,199.5,0.01,3,4
small-world,400,14,398,2.0,51.0,20.0,20.0,55.0,55.0,4.0,199.5,0.01,3,4
small-world,400,14,399,104.0,393.0,208.0,208.0,386.0,386.0,165.0,199.5,0.01,3,4
