scale-free,400,1,0,3.0,4.0,3.0,3.0,282.0,4.0,3.0,146.747937053954,0.14275907510358507,6,376
scale-free,400,1,1,1.0,1.0,1.0,1.0,282.0,1.0,1.0,146.747937053954,0.14275907510358507,6,376
scale-free,400,1,2,2.0,2.0,2.0,2.0,282.0,2.0,2.0,146.747937053954,0.14275907510358507,6,376
scale-free,400,1,3,107.0,100.0,50.0,50.0,55.0,100.0,100.0,146.747937053954,0.14275907510358507,6,376
scale-free,400,1,4,6.0,100.0,50.0,50.0,11.0,100.0,100.0,146.747937053954,0.14275907510358507,6,376
scale-free,400,1,5,6.0,100.0,50.0,50.0,1.0,100.0,100.0,146.747937053954,0.14275907510358507,6,376
scale-free,400,1,6,3.0,3.0,50.0,50.0,356.0,3.0,4.0,146.747937053954,0.14275907510358507,6,376
scale-free,400,1,7,29.0,19.0,18.0,18.0,282.0,17.0,21.0,146.747937053954,0.14275907510358507,6,376
scale-free,400,1,8,25.0,100.0,50.0,50.0,55.0,100.0,100.0,146.747937053954,0.14275907510358507,6,376
scale-free,400,1,9,21.0,15.0,50.0,50.0,356.0,15.0,12.0,146.747937053954,0.14275907510358507,6,376
scale-free,400,1,10,10.0,7.0,13.0,13.0,282.0,7.0,7.0,146.747937053954,0.14275907510358507,6,376
scale-free,400,1,11,19.0,100.0,50.0,50.0,55.0,100.0,100.0,146.747937053954,0.14275907510358507,6,376
scale-free,400,1,12,173.0,35.0,50.0,50.0,356.0,35.0,42.0,146.747937053954,0.14275907510358507,6,376
scale-free,400,1,13,8.0,25.0,7.0,7.0,282.0,22.0,13.0,146.747937053954,0.14275907510358507,6,376
scale-free,400,1,14,21.0,68.0,25.0,25.0,55.0,68.0,59.0,146.747937053954,0.14275907510358507,6,376
scale-free,400,1,15,5.0,8.0,4.0,4.0,282.0,8.0,8.0,146.747937053954,0.14275907510358507,6,376
scale-free,400,1,16,72.0,56.0,25.0,25.0,55.0,56.0,47.0,146.747937053954,0.14275907510358507,6,376
scale-free,400,1,17,107.0,100.0,50.0,50.0,55.0,100.0,100.0,146.747937053954,0.14275907510358507,6,376
scale-free,400,1,18,52.0,100.0,50.0,50.0,11.0,100.0,100.0,146.747937053954,0.14275907510358507,6,376
scale-free,400,1,19,72.0,68.0,37.0,37.0,55.0,68.0,73.0,146.747937053954,0.14275907510358507,6,376
scale-free,400,1,20,39.0,100.0,50.0,50.0,55.0,100.0,100.0,146.747937053954,0.14275907510358507,6,376
scale-free,400,1,21,72.0,100.0,50.0,50.0,55.0,100.0,100.0,146.747937053954,0.14275907510358507,6,376
scale-free,400,1,22,25.0,16.0,12.0,12.0,282.0,16.0,14.0,146.747937053954,0.14275907510358507,6,376
scale-free,400,1,23,72.0,100.0,50.0,50.0,11.0,100.0,100.0,146.747937053954,0.14275907510358507,6,376
scale-free,400,1,24,72.0,100.0,50.0,50.0,11.0,100.0,100.0,146.747937053954,0.14275907510358507,6,376
scale-free,400,1,25,52.0,43.0,35.0,35.0,282.0,43.0,58.0,146.747937053954,0.14275907510358507,6,376
scale-free,400,1,26,9.0,14.0,5.0,5.0,282.0,11.0,11.0,146.747937053954,0.14275907510358507,6,376
scale-free,400,1,27,173.0,100.0,50.0,50.0,55.0,100.0,100.0,146.747937053954,0.14275907510358507,6,376
scale-free,400,1,28,39.0,100.0,50.0,50.0,6.0,100.0,100.0,146.747937053954,0.14275907510358507,6,376
scale-free,400,1,29,107.0,100.0,50.0,50.0,55.0,100.0,100.0,146.747937053954,0.14275907510358507,6,376
scale-free,400,1,30,25.0,56.0,23.0,23.0,55.0,56.0,47.0,146.747937053954,0.14275907510358507,6,376
scale-free,400,1,31,17.0,100.0,50.0,50.0,1.0,100.0,100.0,146.747937053954,0.14275907510358507,6,376
scale-free,400,1,32,173.0,100.0,50.0,50.0,55.0,100.0,100.0,146.747937053954,0.14275907510358507,6,376
scale-free,400,1,33,107.0,100.0,50.0,50.0,55.0,100.0,100.0,146.747937053954,0.14275907510358507,6,376
scale-free,400,1,34,52.0,68.0,40.0,40.0,55.0,68.0,73.0,146.747937053954,0.14275907510358507,6,376
scale-free,400,1,35,39.0,52.0,38.0,38.0,55.0,52.0,53.0,146.747937053954,0.14275907510358507,6,376
scale-free,400,1,36,52.0,67.0,45.0,45.0,55.0,67.0,70.0,146.747937053954,0.14275907510358507,6,376
scale-free,400,1,37,52.0,100.0,50.0,50.0,55.0,100.0,100.0,146.747937053954,0.14275907510358507,6,376
scale-free,400,1,38,11.0,38.0,22.0,22.0,282.0,38.0,10.0,146.747937053954,0.14275907510358507,6,376
scale-free,400,1,39,29.0,30.0,8.0,8.0,282.0,28.0,26.0,146.747937053954,0.14275907510358507,6,376
scale-free,400,1,40,173.0,100.0,50.0,50.0,314.0,100.0,100.0,146.747937053954,0.14275907510358507,6,376
scale-free,400,1,41,52.0,100.0,50.0,50.0,55.0,100.0,100.0,146.747937053954,0.14275907510358507,6,376
scale-free,400,1,42,72.0,100.0,50.0,50.0,55.0,100.0,100.0,146.747937053954,0.14275907510358507,6,376
scale-free,400,1,43,72.0,100.0,50.0,50.0,55.0,100.0,100.0,146.747937053954,0.14275907510358507,6,376
scale-free,400,1,44,107.0,100.0,50.0,50.0,55.0,100.0,100.0,146.747937053954,0.14275907510358507,6,376
scale-free,400,1,45,14.0,5.0,50.0,50.0,356.0,5.0,5.0,146.747937053954,0.14275907510358507,6,376
scale-free,400,1,46,72.0,100.0,50.0,50.0,55.0,100.0,100.0,146.747937053954,0.14275907510358507,6,376
scale-free,400,1,47,107.0,100.0,50.0,50.0,55.0,100.0,100.0,146.747937053954,0.14275907510358507,6,376
scale-free,400,1,48,39.0,29.0,50.0,50.0,282.0,29.0,37.0,146.747937053954,0.14275907510358507,6,376
scale-free,400,1,49,17.0,100.0,50.0,50.0,55.0,100.0,100.0,146.747937053954,0.14275907510358507,6,376
scale-free,400,1,50,173.0,100.0,50.0,50.0,55.0,100.0,100.0,146.747937053954,0.14275907510358507,6,376
scale-free,400,1,51,107.0,100.0,50.0,50.0,55.0,100.0,100.0,146.747937053954,0.14275907510358507,6,376
scale-free,400,1,52,39.0,50.0,36.0,36.0,282.0,50.0,23.0,146.747937053954,0.14275907510358507,6,376
scale-free,400,1,53,107.0,100.0,50.0,50.0,11.0,100.0,100.0,146.747937053954,0.14275907510358507,6,376
scale-free,400,1,54,72.0,56.0,25.0,25.0,55.0,56.0,54.0,146.747937053954,0.14275907510358507,6,376
scale-free,400,1,55,14.0,100.0,50.0,50.0,1.0,100.0,100.0,146.747937053954,0.14275907510358507,6,376
scale-free,400,1,56,11.0,6.0,15.0,15.0,282.0,6.0,6.0,146.747937053954,0.14275907510358507,6,376
scale-free,400,1,57,72.0,68.0,41.0,41.0,55.0,68.0,91.0,146.747937053954,0.14275907510358507,6,376
scale-free,400,1,58,52.0,41.0,50.0,50.0,282.0,41.0,24.0,146.747937053954,0.14275907510358507,6,376
scale-free,400,1,59,107.0,55.0,50.0,50.0,356.0,55.0,67.0,146.747937053954,0.14275907510358507,6,376
scale-free,400,1,60,72.0,33.0,50.0,50.0,356.0,33.0,19.0,146.747937053954,0.14275907510358507,6,376
scale-free,400,1,61,21.0,37.0,9.0,9.0,282.0,37.0,42.0,146.747937053954,0.14275907510358507,6,376
scale-free,400,1,62,173.0,100.0,50.0,50.0,55.0,100.0,100.0,146.747937053954,0.14275907510358507,6,376
scale-free,400,1,63,173.0,100.0,50.0,50.0,314.0,100.0,100.0,146.747937053954,0.14275907510358507,6,376
scale-free,400,1,64,72.0,100.0,50.0,50.0,55.0,100.0,100.0,146.747937053954,0.14275907510358507,6,376
scale-free,400,1,65,39.0,32.0,20.0,20.0,282.0,32.0,29.0,146.747937053954,0.14275907510358507,6,376
scale-free,400,1,66,173.0,100.0,50.0,50.0,55.0,100.0,100.0,146.747937053954,0.14275907510358507,6,376
scale-free,400,1,67,29.0,13.0,50.0,50.0,356.0,13.0,20.0,146.747937053954,0.14275907510358507,6,376
scale-free,400,1,68,39.0,100.0,50.0,50.0,55.0,100.0,100.0,146.747937053954,0.14275907510358507,6,376
scale-free,400,1,69,173.0,100.0,50.0,50.0,55.0,100.0,100.0,146.747937053954,0.14275907510358507,6,376
scale-free,400,1,70,39.0,100.0,50.0,50.0,55.0,100.0,100.0,146.747937053954,0.14275907510358507,6,376
scale-free,400,1,71,29.0,31.0,6.0,6.0,282.0,31.0,27.0,146.747937053954,0.14275907510358507,6,376
scale-free,400,1,72,107.0,100.0,50.0,50.0,55.0,100.0,100.0,146.747937053954,0.14275907510358507,6,376
scale-free,400,1,73,173.0,100.0,50.0,50.0,55.0,100.0,100.0,146.747937053954,0.14275907510358507,6,376
scale-free,400,1,74,72.0,100.0,50.0,50.0,55.0,100.0,100.0,146.747937053954,0.14275907510358507,6,376
scale-free,400,1,75,39.0,100.0,50.0,50.0,6.0,100.0,100.0,146.747937053954,0.14275907510358507,6,376
scale-free,400,1,76,173.0,100.0,50.0,50.0,55.0,100.0,100.0,146.747937053954,0.14275907510358507,6,376
scale-free,400,1,77,107.0,100.0,50.0,50.0,11.0,100.0,100.0,146.747937053954,0.14275907510358507,6,376
scale-free,400,1,78,14.0,100.0,50.0,50.0,1.0,100.0,100.0,146.747937053954,0.14275907510358507,6,376
scale-free,400,1,79,29.0,100.0,50.0,50.0,11.0,100.0,100.0,146.747937053954,0.14275907510358507,6,376
scale-free,400,1,80,107.0,68.0,48.0,48.0,314.0,68.0,83.0,146.747937053954,0.14275907510358507,6,376
scale-free,400,1,81,173.0,100.0,50.0,50.0,314.0,100.0,100.0,146.747937053954,0.14275907510358507,6,376
scale-free,400,1,82,173.0,100.0,50.0,50.0,314.0,100.0,100.0,146.747937053954,0.14275907510358507,6,376
scale-free,400,1,83,173.0,100.0,50.0,50.0,55.0,100.0,100.0,146.747937053954,0.14275907510358507,6,376
scale-free,400,1,84,19.0,26.0,10.0,10.0,282.0,24.0,36.0,146.747937053954,0.14275907510358507,6,376
scale-free,400,1,85,107.0,68.0,39.0,39.0,55.0,68.0,73.0,146.747937053954,0.14275907510358507,6,376
scale-free,400,1,86,52.0,19.0,50.0,50.0,282.0,18.0,33.0,146.747937053954,0.14275907510358507,6,376
scale-free,400,1,87,173.0,100.0,50.0,50.0,55.0,100.0,100.0,146.747937053954,0.14275907510358507,6,376
scale-free,400,1,88,29.0,11.0,50.0,50.0,356.0,12.0,18.0,146.747937053954,0.14275907510358507,6,376
scale-free,400,1,89,39.0,100.0,50.0,50.0,6.0,100.0,100.0,146.747937053954,0.14275907510358507,6,376
scale-free,400,1,90,173.0,100.0,50.0,50.0,55.0,100.0,100.0,146.747937053954,0.14275907510358507,6,376
scale-free,400,1,91,173.0,100.0,50.0,50.0,55.0,100.0,100.0,146.747937053954,0.14275907510358507,6,376
scale-free,400,1,92,107.0,100.0,50.0,50.0,55.0,100.0,100.0,146.747937053954,0.14275907510358507,6,376
scale-free,400,1,93,173.0,100.0,50.0,50.0,55.0,100.0,100.0,146.747937053954,0.14275907510358507,6,376
scale-free,400,1,94,173.0,100.0,50.0,50.0,55.0,100.0,100.0,146.747937053954,0.14275907510358507,6,376
scale-free,400,1,95,52.0,100.0,50.0,50.0,11.0,100.0,100.0,146.747937053954,0.14275907510358507,6,376
scale-free,400,1,96,72.0,56.0,42.0,42.0,55.0,56.0,90.0,146.747937053954,0.14275907510358507,6,376
scale-free,400,1,97,173.0,100.0,50.0,50.0,55.0,100.0,100.0,146.747937053954,0.14275907510358507,6,376
scale-free,400,1,98,107.0,100.0,50.0,50.0,11.0,100.0,100.0,146.747937053954,0.14275907510358507,6,376
scale-free,400,1,99,52.0,100.0,50.0,50.0,55.0,100.0,100.0,146.747937053954,0.14275907510358507,6,376
scale-free,400,1,100,72.0,68.0,50.0,50.0,55.0,68.0,98.0,146.747937053954,0.14275907510358507,6,376
scale-free,400,1,101,107.0,100.0,50.0,50.0,55.0,100.0,100.0,146.747937053954,0.14275907510358507,6,376
scale-free,400,1,102,173.0,100.0,50.0,50.0,55.0,100.0,100.0,146.747937053954,0.14275907510358507,6,376
scale-free,400,1,103,29.0,100.0,50.0,50.0,55.0,100.0,100.0,146.747937053954,0.14275907510358507,6,376
scale-free,400,1,104,173.0,100.0,50.0,50.0,55.0,100.0,100.0,146.747937053954,0.14275907510358507,6,376
scale-free,400,1,105,29.0,52.0,16.0,16.0,55.0,52.0,45.0,146.747937053954,0.14275907510358507,6,376
scale-free,400,1,106,52.0,54.0,42.0,42.0,55.0,54.0,82.0,146.747937053954,0.14275907510358507,6,376
scale-free,400,1,107,173.0,100.0,50.0,50.0,55.0,100.0,100.0,146.747937053954,0.14275907510358507,6,376
scale-free,400,1,108,72.0,100.0,50.0,50.0,55.0,100.0,100.0,146.747937053954,0.14275907510358507,6,376
scale-free,400,1,109,173.0,100.0,50.0,50.0,55.0,100.0,100.0,146.747937053954,0.14275907510358507,6,376
scale-free,400,1,110,107.0,100.0,50.0,50.0,55.0,100.0,100.0,146.747937053954,0.14275907510358507,6,376
scale-free,400,1,111,173.0,100.0,50.0,50.0,55.0,100.0,100.0,146.747937053954,0.14275907510358507,6,376
scale-free,400,1,112,72.0,100.0,50.0,50.0,55.0,100.0,100.0,146.747937053954,0.14275907510358507,6,376
scale-free,400,1,113,21.0,51.0,17.0,17.0,55.0,51.0,32.0,146.747937053954,0.14275907510358507,6,376
scale-free,400,1,114,52.0,56.0,21.0,21.0,55.0,56.0,47.0,146.747937053954,0.14275907510358507,6,376
scale-free,400,1,115,173.0,100.0,50.0,50.0,55.0,100.0,100.0,146.747937053954,0.14275907510358507,6,376
scale-free,400,1,116,107.0,100.0,50.0,50.0,307.0,100.0,100.0,146.747937053954,0.14275907510358507,6,376
scale-free,400,1,117,107.0,100.0,50.0,50.0,55.0,100.0,100.0,146.747937053954,0.14275907510358507,6,376
scale-free,400,1,118,173.0,100.0,50.0,50.0,314.0,100.0,100.0,146.747937053954,0.14275907510358507,6,376
scale-free,400,1,119,72.0,100.0,50.0,50.0,11.0,100.0,100.0,146.747937053954,0.14275907510358507,6,376
scale-free,400,1,120,72.0,100.0,50.0,50.0,55.0,100.0,100.0,146.747937053954,0.14275907510358507,6,376
scale-free,400,1,121,173.0,100.0,50.0,50.0,55.0,100.0,100.0,146.747937053954,0.14275907510358507,6,376
scale-free,400,1,122,173.0,100.0,50.0,50.0,55.0,100.0,100.0,146.747937053954,0.14275907510358507,6,376
scale-free,400,1,123,52.0,100.0,50.0,50.0,55.0,100.0,100.0,146.747937053954,0.14275907510358507,6,376
scale-free,400,1,124,173.0,100.0,50.0,50.0,55.0,100.0,100.0,146.747937053954,0.14275907510358507,6,376
scale-free,400,1,125,173.0,100.0,50.0,50.0,55.0,100.0,100.0,146.747937053954,0.14275907510358507,6,376
scale-free,400,1,126,173.0,100.0,50.0,50.0,314.0,100.0,100.0,146.747937053954,0.14275907510358507,6,376
scale-free,400,1,127,107.0,100.0,50.0,50.0,55.0,100.0,100.0,146.747937053954,0.14275907510358507,6,376
scale-free,400,1,128,29.0,100.0,50.0,50.0,11.0,100.0,100.0,146.747937053954,0.14275907510358507,6,376
scale-free,400,1,129,107.0,100.0,50.0,50.0,55.0,100.0,100.0,146.747937053954,0.14275907510358507,6,376
scale-free,400,1,130,72.0,100.0,50.0,50.0,11.0,100.0,100.0,146.747937053954,0.14275907510358507,6,376
scale-free,400,1,131,173.0,100.0,50.0,50.0,55.0,100.0,100.0,146.747937053954,0.14275907510358507,6,376
scale-free,400,1,132,173.0,100.0,50.0,50.0,55.0,100.0,100.0,146.747937053954,0.14275907510358507,6,376
scale-free,400,1,133,173.0,100.0,50.0,50.0,55.0,100.0,100.0,146.747937053954,0.14275907510358507,6,376
scale-free,400,1,134,173.0,100.0,50.0,50.0,11.0,100.0,100.0,146.747937053954,0.14275907510358507,6,376
scale-free,400,1,135,173.0,100.0,50.0,50.0,11.0,100.0,100.0,146.747937053954,0.14275907510358507,6,376
scale-free,400,1,136,107.0,68.0,25.0,25.0,55.0,68.0,59.0,146.747937053954,0.14275907510358507,6,376
scale-free,400,1,137,72.0,100.0,50.0,50.0,55.0,100.0,100.0,146.747937053954,0.14275907510358507,6,376
scale-free,400,1,138,173.0,100.0,50.0,50.0,314.0,100.0,100.0,146.747937053954,0.14275907510358507,6,376
scale-free,400,1,139,107.0,100.0,50.0,50.0,55.0,100.0,100.0,146.747937053954,0.14275907510358507,6,376
scale-free,400,1,140,72.0,100.0,50.0,50.0,11.0,100.0,100.0,146.747937053954,0.14275907510358507,6,376
scale-free,400,1,141,173.0,100.0,50.0,50.0,55.0,100.0,100.0,146.747937053954,0.14275907510358507,6,376
scale-free,400,1,142,173.0,100.0,50.0,50.0,55.0,100.0,100.0,146.747937053954,0.14275907510358507,6,376
scale-free,400,1,143,173.0,100.0,50.0,50.0,55.0,100.0,100.0,146.747937053954,0.14275907510358507,6,376
scale-free,400,1,144,25.0,68.0,25.0,25.0,55.0,68.0,59.0,146.747937053954,0.14275907510358507,6,376
scale-free,400,1,145,52.0,68.0,24.0,24.0,11.0,68.0,59.0,146.747937053954,0.14275907510358507,6,376
scale-free,400,1,146,173.0,68.0,50.0,50.0,356.0,68.0,89.0,146.747937053954,0.14275907510358507,6,376
scale-free,400,1,147,107.0,100.0,50.0,50.0,11.0,100.0,100.0,146.747937053954,0.14275907510358507,6,376
scale-free,400,1,148,39.0,100.0,50.0,50.0,55.0,100.0,100.0,146.747937053954,0.14275907510358507,6,376
scale-free,400,1,149,107.0,100.0,50.0,50.0,55.0,100.0,100.0,146.747937053954,0.14275907510358507,6,376
scale-free,400,1,150,11.0,10.0,14.0,14.0,282.0,10.0,9.0,146.747937053954,0.14275907510358507,6,376
scale-free,400,1,151,173.0,100.0,50.0,50.0,55.0,100.0,100.0,146.747937053954,0.14275907510358507,6,376
scale-free,400,1,152,39.0,45.0,50.0,50.0,356.0,45.0,31.0,146.747937053954,0.14275907510358507,6,376
scale-free,400,1,153,72.0,100.0,50.0,50.0,1.0,100.0,100.0,146.747937053954,0.14275907510358507,6,376
scale-free,400,1,154,173.0,68.0,50.0,50.0,356.0,68.0,83.0,146.747937053954,0.14275907510358507,6,376
scale-free,400,1,155,173.0,100.0,50.0,50.0,314.0,100.0,100.0,146.747937053954,0.14275907510358507,6,376
scale-free,400,1,156,107.0,33.0,50.0,50.0,356.0,33.0,41.0,146.747937053954,0.14275907510358507,6,376
scale-free,400,1,157,107.0,100.0,50.0,50.0,11.0,100.0,100.0,146.747937053954,0.14275907510358507,6,376
scale-free,400,1,158,107.0,56.0,50.0,50.0,356.0,56.0,55.0,146.747937053954,0.14275907510358507,6,376
scale-free,400,1,159,173.0,100.0,50.0,50.0,314.0,100.0,100.0,146.747937053954,0.14275907510358507,6,376
scale-free,400,1,160,173.0,100.0,50.0,50.0,314.0,100.0,100.0,146.747937053954,0.14275907510358507,6,376
scale-free,400,1,161,173.0,100.0,50.0,50.0,55.0,100.0,100.0,146.747937053954,0.14275907510358507,6,376
scale-free,400,1,162,173.0,100.0,50.0,50.0,11.0,100.0,100.0,146.747937053954,0.14275907510358507,6,376
scale-free,400,1,163,72.0,68.0,48.0,48.0,314.0,68.0,73.0,146.747937053954,0.14275907510358507,6,376
scale-free,400,1,164,173.0,100.0,50.0,50.0,55.0,100.0,100.0,146.747937053954,0.14275907510358507,6,376
scale-free,400,1,165,52.0,100.0,50.0,50.0,11.0,100.0,100.0,146.747937053954,0.14275907510358507,6,376
scale-free,400,1,166,173.0,100.0,50.0,50.0,55.0,100.0,100.0,146.747937053954,0.14275907510358507,6,376
scale-free,400,1,167,173.0,100.0,50.0,50.0,55.0,100.0,100.0,146.747937053954,0.14275907510358507,6,376
scale-free,400,1,168,72.0,68.0,25.0,25.0,55.0,68.0,59.0,146.747937053954,0.14275907510358507,6,376
scale-free,400,1,169,173.0,100.0,50.0,50.0,314.0,100.0,100.0,146.747937053954,0.14275907510358507,6,376
scale-free,400,1,170,173.0,100.0,50.0,50.0,11.0,100.0,100.0,146.747937053954,0.14275907510358507,6,376
scale-free,400,1,171,173.0,100.0,50.0,50.0,55.0,100.0,100.0,146.747937053954,0.14275907510358507,6,376
scale-free,400,1,172,72.0,100.0,50.0,50.0,11.0,100.0,100.0,146.747937053954,0.14275907510358507,6,376
scale-free,400,1,173,173.0,100.0,50.0,50.0,55.0,100.0,100.0,146.747937053954,0.14275907510358507,6,376
scale-free,400,1,174,107.0,100.0,50.0,50.0,11.0,100.0,100.0,146.747937053954,0.14275907510358507,6,376
scale-free,400,1,175,173.0,49.0,50.0,50.0,356.0,49.0,72.0,146.747937053954,0.14275907510358507,6,376
scale-free,400,1,176,107.0,100.0,50.0,50.0,55.0,100.0,100.0,146.747937053954,0.14275907510358507,6,376
scale-free,400,1,177,173.0,100.0,50.0,50.0,55.0,100.0,100.0,146.747937053954,0.14275907510358507,6,376
scale-free,400,1,178,173.0,100.0,50.0,50.0,55.0,100.0,100.0,146.747937053954,0.14275907510358507,6,376
scale-free,400,1,179,107.0,100.0,50.0,50.0,11.0,100.0,100.0,146.747937053954,0.14275907510358507,6,376
scale-free,400,1,180,107.0,100.0,50.0,50.0,55.0,100.0,100.0,146.747937053954,0.14275907510358507,6,376
scale-free,400,1,181,173.0,100.0,50.0,50.0,55.0,100.0,100.0,146.747937053954,0.14275907510358507,6,376
scale-free,400,1,182,173.0,100.0,50.0,50.0,55.0,100.0,100.0,146.747937053954,0.14275907510358507,6,376
scale-free,400,1,183,107.0,100.0,50.0,50.0,55.0,100.0,100.0,146.747937053954,0.14275907510358507,6,376
scale-free,400,1,184,173.0,100.0,50.0,50.0,55.0,100.0,100.0,146.747937053954,0.14275907510358507,6,376
scale-free,400,1,185,173.0,100.0,50.0,50.0,55.0,100.0,100.0,146.747937053954,0.14275907510358507,6,376
scale-free,400,1,186,52.0,9.0,50.0,50.0,356.0,9.0,16.0,146.747937053954,0.14275907510358507,6,376
scale-free,400,1,187,173.0,100.0,50.0,50.0,55.0,100.0,100.0,146.747937053954,0.14275907510358507,6,376
scale-free,400,1,188,52.0,100.0,50.0,50.0,55.0,100.0,100.0,146.747937053954,0.14275907510358507,6,376
scale-free,400,1,189,173.0,100.0,50.0,50.0,55.0,100.0,100.0,146.747937053954,0.14275907510358507,6,376
scale-free,400,1,190,107.0,56.0,50.0,50.0,356.0,56.0,52.0,146.747937053954,0.14275907510358507,6,376
scale-free,400,1,191,173.0,100.0,50.0,50.0,55.0,100.0,100.0,146.747937053954,0.14275907510358507,6,376
scale-free,400,1,192,173.0,100.0,50.0,50.0,55.0,100.0,100.0,146.747937053954,0.14275907510358507,6,376
scale-free,400,1,193,39.0,39.0,50.0,50.0,356.0,39.0,17.0,146.747937053954,0.14275907510358507,6,376
scale-free,400,1,194,173.0,100.0,50.0,50.0,314.0,100.0,100.0,146.747937053954,0.14275907510358507,6,376
scale-free,400,1,195,107.0,100.0,50.0,50.0,55.0,100.0,100.0,146.747937053954,0.14275907510358507,6,376
scale-free,400,1,196,107.0,17.0,50.0,50.0,356.0,20.0,30.0,146.747937053954,0.14275907510358507,6,376
scale-free,400,1,197,107.0,100.0,50.0,50.0,11.0,100.0,100.0,146.747937053954,0.14275907510358507,6,376
scale-free,400,1,198,107.0,100.0,50.0,50.0,55.0,100.0,100.0,146.747937053954,0.14275907510358507,6,376
scale-free,400,1,199,107.0,100.0,50.0,50.0,55.0,100.0,100.0,146.747937053954,0.14275907510358507,6,376
scale-free,400,1,200,173.0,100.0,50.0,50.0,55.0,100.0,100.0,146.747937053954,0.14275907510358507,6,376
scale-free,400,1,201,72.0,68.0,44.0,44.0,307.0,68.0,91.0,146.747937053954,0.14275907510358507,6,376
scale-free,400,1,202,173.0,100.0,50.0,50.0,55.0,100.0,100.0,146.747937053954,0.14275907510358507,6,376
scale-free,400,1,203,107.0,100.0,50.0,50.0,55.0,100.0,100.0,146.747937053954,0.14275907510358507,6,376
scale-free,400,1,204,173.0,100.0,50.0,50.0,55.0,100.0,100.0,146.747937053954,0.14275907510358507,6,376
scale-free,400,1,205,173.0,100.0,50.0,50.0,55.0,100.0,100.0,146.747937053954,0.14275907510358507,6,376
scale-free,400,1,206,173.0,100.0,50.0,50.0,55.0,100.0,100.0,146.747937053954,0.14275907510358507,6,376
scale-free,400,1,207,107.0,100.0,50.0,50.0,55.0,100.0,100.0,146.747937053954,0.14275907510358507,6,376
scale-free,400,1,208,173.0,100.0,50.0,50.0,55.0,100.0,100.0,146.747937053954,0.14275907510358507,6,376
scale-free,400,1,209,107.0,56.0,50.0,50.0,356.0,56.0,68.0,146.747937053954,0.14275907510358507,6,376
scale-free,400,1,210,173.0,68.0,50.0,50.0,356.0,68.0,93.0,146.747937053954,0.14275907510358507,6,376
scale-free,400,1,211,173.0,100.0,50.0,50.0,55.0,100.0,100.0,146.747937053954,0.14275907510358507,6,376
scale-free,400,1,212,173.0,100.0,50.0,50.0,314.0,100.0,100.0,146.747937053954,0.14275907510358507,6,376
scale-free,400,1,213,173.0,100.0,50.0,50.0,55.0,100.0,100.0,146.747937053954,0.14275907510358507,6,376
scale-free,400,1,214,72.0,100.0,50.0,50.0,55.0,100.0,100.0,146.747937053954,0.14275907510358507,6,376
scale-free,400,1,215,173.0,100.0,50.0,50.0,55.0,100.0,100.0,146.747937053954,0.14275907510358507,6,376
scale-free,400,1,216,52.0,100.0,50.0,50.0,55.0,100.0,100.0,146.747937053954,0.14275907510358507,6,376
scale-free,400,1,217,173.0,100.0,50.0,50.0,55.0,100.0,100.0,146.747937053954,0.14275907510358507,6,376
scale-free,400,1,218,173.0,100.0,50.0,50.0,55.0,100.0,100.0,146.747937053954,0.14275907510358507,6,376
scale-free,400,1,219,107.0,100.0,50.0,50.0,6.0,100.0,100.0,146.747937053954,0.14275907510358507,6,376
scale-free,400,1,220,107.0,42.0,50.0,50.0,356.0,42.0,51.0,146.747937053954,0.14275907510358507,6,376
scale-free,400,1,221,173.0,100.0,50.0,50.0,11.0,100.0,100.0,146.747937053954,0.14275907510358507,6,376
scale-free,400,1,222,173.0,100.0,50.0,50.0,55.0,100.0,100.0,146.747937053954,0.14275907510358507,6,376
scale-free,400,1,223,72.0,56.0,25.0,25.0,55.0,56.0,55.0,146.747937053954,0.14275907510358507,6,376
scale-free,400,1,224,173.0,100.0,50.0,50.0,55.0,100.0,100.0,146.747937053954,0.14275907510358507,6,376
scale-free,400,1,225,173.0,100.0,50.0,50.0,55.0,100.0,100.0,146.747937053954,0.14275907510358507,6,376
scale-free,400,1,226,173.0,100.0,50.0,50.0,55.0,100.0,100.0,146.747937053954,0.14275907510358507,6,376
scale-free,400,1,227,173.0,23.0,50.0,50.0,356.0,24.0,37.0,146.747937053954,0.14275907510358507,6,376
scale-free,400,1,228,173.0,100.0,50.0,50.0,11.0,100.0,100.0,146.747937053954,0.14275907510358507,6,376
scale-free,400,1,229,52.0,19.0,19.0,19.0,282.0,19.0,22.0,146.747937053954,0.14275907510358507,6,376
scale-free,400,1,230,52.0,22.0,50.0,50.0,356.0,23.0,28.0,146.747937053954,0.14275907510358507,6,376
scale-free,400,1,231,173.0,100.0,50.0,50.0,55.0,100.0,100.0,146.747937053954,0.14275907510358507,6,376
scale-free,400,1,232,173.0,100.0,50.0,50.0,55.0,100.0,100.0,146.747937053954,0.14275907510358507,6,376
scale-free,400,1,233,173.0,100.0,50.0,50.0,55.0,100.0,100.0,146.747937053954,0.14275907510358507,6,376
scale-free,400,1,234,173.0,68.0,50.0,50.0,356.0,68.0,98.0,146.747937053954,0.14275907510358507,6,376
scale-free,400,1,235,173.0,100.0,50.0,50.0,55.0,100.0,100.0,146.747937053954,0.14275907510358507,6,376
scale-free,400,1,236,173.0,100.0,50.0,50.0,55.0,100.0,100.0,146.747937053954,0.14275907510358507,6,376
scale-free,400,1,237,107.0,100.0,50.0,50.0,11.0,100.0,100.0,146.747937053954,0.14275907510358507,6,376
scale-free,400,1,238,173.0,100.0,50.0,50.0,55.0,100.0,100.0,146.747937053954,0.14275907510358507,6,376
scale-free,400,1,239,173.0,100.0,50.0,50.0,314.0,100.0,100.0,146.747937053954,0.14275907510358507,6,376
scale-free,400,1,240,173.0,100.0,50.0,50.0,55.0,100.0,100.0,146.747937053954,0.14275907510358507,6,376
scale-free,400,1,241,107.0,100.0,50.0,50.0,55.0,100.0,100.0,146.747937053954,0.14275907510358507,6,376
scale-free,400,1,242,72.0,100.0,50.0,50.0,55.0,100.0,100.0,146.747937053954,0.14275907510358507,6,376
scale-free,400,1,243,173.0,100.0,50.0,50.0,55.0,100.0,100.0,146.747937053954,0.14275907510358507,6,376
scale-free,400,1,244,107.0,100.0,50.0,50.0,11.0,100.0,100.0,146.747937053954,0.14275907510358507,6,376
scale-free,400,1,245,173.0,100.0,50.0,50.0,55.0,100.0,100.0,146.747937053954,0.14275907510358507,6,376
scale-free,400,1,246,173.0,100.0,50.0,50.0,55.0,100.0,100.0,146.747937053954,0.14275907510358507,6,376
scale-free,400,1,247,173.0,100.0,50.0,50.0,55.0,100.0,100.0,146.747937053954,0.14275907510358507,6,376
scale-free,400,1,248,29.0,12.0,50.0,50.0,356.0,13.0,15.0,146.747937053954,0.14275907510358507,6,376
scale-free,400,1,249,173.0,100.0,50.0,50.0,11.0,100.0,100.0,146.747937053954,0.14275907510358507,6,376
scale-free,400,1,250,173.0,35.0,50.0,50.0,356.0,35.0,42.0,146.747937053954,0.14275907510358507,6,376
scale-free,400,1,251,107.0,100.0,50.0,50.0,11.0,100.0,100.0,146.747937053954,0.14275907510358507,6,376
scale-free,400,1,252,173.0,68.0,50.0,50.0,356.0,68.0,73.0,146.747937053954,0.14275907510358507,6,376
scale-free,400,1,253,107.0,100.0,50.0,50.0,55.0,100.0,100.0,146.747937053954,0.14275907510358507,6,376
scale-free,400,1,254,173.0,100.0,50.0,50.0,314.0,100.0,100.0,146.747937053954,0.14275907510358507,6,376
scale-free,400,1,255,173.0,100.0,50.0,50.0,55.0,100.0,100.0,146.747937053954,0.14275907510358507,6,376
scale-free,400,1,256,72.0,26.0,50.0,50.0,282.0,27.0,37.0,146.747937053954,0.14275907510358507,6,376
scale-free,400,1,257,107.0,68.0,45.0,45.0,11.0,68.0,83.0,146.747937053954,0.14275907510358507,6,376
scale-free,400,1,258,173.0,100.0,50.0,50.0,314.0,100.0,100.0,146.747937053954,0.14275907510358507,6,376
scale-free,400,1,259,107.0,100.0,50.0,50.0,307.0,100.0,100.0,146.747937053954,0.14275907510358507,6,376
scale-free,400,1,260,173.0,100.0,50.0,50.0,55.0,100.0,100.0,146.747937053954,0.14275907510358507,6,376
scale-free,400,1,261,173.0,100.0,50.0,50.0,55.0,100.0,100.0,146.747937053954,0.14275907510358507,6,376
scale-free,400,1,262,173.0,100.0,50.0,50.0,314.0,100.0,100.0,146.747937053954,0.14275907510358507,6,376
scale-free,400,1,263,173.0,100.0,50.0,50.0,55.0,100.0,100.0,146.747937053954,0.14275907510358507,6,376
scale-free,400,1,264,173.0,100.0,50.0,50.0,55.0,100.0,100.0,146.747937053954,0.14275907510358507,6,376
scale-free,400,1,265,107.0,56.0,50.0,50.0,356.0,56.0,47.0,146.747937053954,0.14275907510358507,6,376
scale-free,400,1,266,173.0,100.0,50.0,50.0,55.0,100.0,100.0,146.747937053954,0.14275907510358507,6,376
scale-free,400,1,267,72.0,100.0,50.0,50.0,11.0,100.0,100.0,146.747937053954,0.14275907510358507,6,376
scale-free,400,1,268,107.0,68.0,45.0,45.0,314.0,68.0,59.0,146.747937053954,0.14275907510358507,6,376
scale-free,400,1,269,173.0,100.0,50.0,50.0,6.0,100.0,100.0,146.747937053954,0.14275907510358507,6,376
scale-free,400,1,270,72.0,68.0,25.0,25.0,55.0,68.0,59.0,146.747937053954,0.14275907510358507,6,376
scale-free,400,1,271,173.0,100.0,50.0,50.0,314.0,100.0,100.0,146.747937053954,0.14275907510358507,6,376
scale-free,400,1,272,107.0,100.0,50.0,50.0,307.0,100.0,100.0,146.747937053954,0.14275907510358507,6,376
scale-free,400,1,273,173.0,100.0,50.0,50.0,11.0,100.0,100.0,146.747937053954,0.14275907510358507,6,376
scale-free,400,1,274,173.0,100.0,50.0,50.0,55.0,100.0,100.0,146.747937053954,0.14275907510358507,6,376
scale-free,400,1,275,173.0,100.0,50.0,50.0,55.0,100.0,100.0,146.747937053954,0.14275907510358507,6,376
scale-free,400,1,276,173.0,100.0,50.0,50.0,11.0,100.0,100.0,146.747937053954,0.14275907510358507,6,376
scale-free,400,1,277,107.0,68.0,25.0,25.0,55.0,68.0,59.0,146.747937053954,0.14275907510358507,6,376
scale-free,400,1,278,173.0,100.0,50.0,50.0,11.0,100.0,100.0,146.747937053954,0.14275907510358507,6,376
scale-free,400,1,279,173.0,100.0,50.0,50.0,314.0,100.0,100.0,146.747937053954,0.14275907510358507,6,376
scale-free,400,1,280,173.0,100.0,50.0,50.0,55.0,100.0,100.0,146.747937053954,0.14275907510358507,6,376
scale-free,400,1,281,173.0,100.0,50.0,50.0,314.0,100.0,100.0,146.747937053954,0.14275907510358507,6,376
scale-free,400,1,282,107.0,100.0,50.0,50.0,55.0,100.0,100.0,146.747937053954,0.14275907510358507,6,376
scale-free,400,1,283,173.0,100.0,50.0,50.0,55.0,100.0,100.0,146.747937053954,0.14275907510358507,6,376
scale-free,400,1,284,173.0,100.0,50.0,50.0,314.0,100.0,100.0,146.747937053954,0.14275907510358507,6,376
scale-free,400,1,285,173.0,100.0,50.0,50.0,55.0,100.0,100.0,146.747937053954,0.14275907510358507,6,376
scale-free,400,1,286,107.0,100.0,50.0,50.0,55.0,100.0,100.0,146.747937053954,0.14275907510358507,6,376
scale-free,400,1,287,173.0,100.0,50.0,50.0,314.0,100.0,100.0,146.747937053954,0.14275907510358507,6,376
scale-free,400,1,288,173.0,100.0,50.0,50.0,55.0,100.0,100.0,146.747937053954,0.14275907510358507,6,376
scale-free,400,1,289,173.0,100.0,50.0,50.0,55.0,100.0,100.0,146.747937053954,0.14275907510358507,6,376
scale-free,400,1,290,173.0,100.0,50.0,50.0,55.0,100.0,100.0,146.747937053954,0.14275907510358507,6,376
scale-free,400,1,291,173.0,68.0,50.0,50.0,356.0,68.0,73.0,146.747937053954,0.14275907510358507,6,376
scale-free,400,1,292,173.0,100.0,50.0,50.0,11.0,100.0,100.0,146.747937053954,0.14275907510358507,6,376
scale-free,400,1,293,173.0,100.0,50.0,50.0,55.0,100.0,100.0,146.747937053954,0.14275907510358507,6,376
scale-free,400,1,294,173.0,100.0,50.0,50.0,55.0,100.0,100.0,146.747937053954,0.14275907510358507,6,376
scale-free,400,1,295,173.0,100.0,50.0,50.0,55.0,100.0,100.0,146.747937053954,0.14275907510358507,6,376
scale-free,400,1,296,173.0,100.0,50.0,50.0,55.0,100.0,100.0,146.747937053954,0.14275907510358507,6,376
scale-free,400,1,297,173.0,100.0,50.0,50.0,55.0,100.0,100.0,146.747937053954,0.14275907510358507,6,376
scale-free,400,1,298,173.0,100.0,50.0,50.0,55.0,100.0,100.0,146.747937053954,0.14275907510358507,6,376
scale-free,400,1,299,173.0,46.0,50.0,50.0,356.0,46.0,69.0,146.747937053954,0.14275907510358507,6,376
scale-free,400,1,300,173.0,100.0,50.0,50.0,55.0,100.0,100.0,146.747937053954,0.14275907510358507,6,376
scale-free,400,1,301,173.0,68.0,50.0,50.0,356.0,68.0,83.0,146.747937053954,0.14275907510358507,6,376
scale-free,400,1,302,173.0,100.0,50.0,50.0,55.0,100.0,100.0,146.747937053954,0.14275907510358507,6,376
scale-free,400,1,303,173.0,48.0,50.0,50.0,356.0,48.0,46.0,146.747937053954,0.14275907510358507,6,376
scale-free,400,1,304,173.0,68.0,50.0,50.0,356.0,68.0,83.0,146.747937053954,0.14275907510358507,6,376
scale-free,400,1,305,107.0,17.0,50.0,50.0,356.0,20.0,34.0,146.747937053954,0.14275907510358507,6,376
scale-free,400,1,306,173.0,100.0,50.0,50.0,55.0,100.0,100.0,146.747937053954,0.14275907510358507,6,376
scale-free,400,1,307,173.0,100.0,50.0,50.0,314.0,100.0,100.0,146.747937053954,0.14275907510358507,6,376
scale-free,400,1,308,173.0,100.0,50.0,50.0,55.0,100.0,100.0,146.747937053954,0.14275907510358507,6,376
scale-free,400,1,309,173.0,47.0,50.0,50.0,356.0,47.0,71.0,146.747937053954,0.14275907510358507,6,376
scale-free,400,1,310,173.0,100.0,50.0,50.0,55.0,100.0,100.0,146.747937053954,0.14275907510358507,6,376
scale-free,400,1,311,173.0,100.0,50.0,50.0,314.0,100.0,100.0,146.747937053954,0.14275907510358507,6,376
scale-free,400,1,312,173.0,100.0,50.0,50.0,11.0,100.0,100.0,146.747937053954,0.14275907510358507,6,376
scale-free,400,1,313,173.0,100.0,50.0,50.0,314.0,100.0,100.0,146.747937053954,0.14275907510358507,6,376
scale-free,400,1,314,173.0,100.0,50.0,50.0,55.0,100.0,100.0,146.747937053954,0.14275907510358507,6,376
scale-free,400,1,315,173.0,100.0,50.0,50.0,55.0,100.0,100.0,146.747937053954,0.14275907510358507,6,376
scale-free,400,1,316,173.0,100.0,50.0,50.0,314.0,100.0,100.0,146.747937053954,0.14275907510358507,6,376
scale-free,400,1,317,173.0,100.0,50.0,50.0,55.0,100.0,100.0,146.747937053954,0.14275907510358507,6,376
scale-free,400,1,318,173.0,100.0,50.0,50.0,55.0,100.0,100.0,146.747937053954,0.14275907510358507,6,376
scale-free,400,1,319,173.0,100.0,50.0,50.0,55.0,100.0,100.0,146.747937053954,0.14275907510358507,6,376
scale-free,400,1,320,107.0,40.0,11.0,11.0,282.0,40.0,24.0,146.747937053954,0.14275907510358507,6,376
scale-free,400,1,321,173.0,100.0,50.0,50.0,55.0,100.0,100.0,146.747937053954,0.14275907510358507,6,376
scale-free,400,1,322,173.0,100.0,50.0,50.0,55.0,100.0,100.0,146.747937053954,0.14275907510358507,6,376
scale-free,400,1,323,173.0,100.0,50.0,50.0,55.0,100.0,100.0,146.747937053954,0.14275907510358507,6,376
scale-free,400,1,324,173.0,100.0,50.0,50.0,314.0,100.0,100.0,146.747937053954,0.14275907510358507,6,376
scale-free,400,1,325,173.0,100.0,50.0,50.0,55.0,100.0,100.0,146.747937053954,0.14275907510358507,6,376
scale-free,400,1,326,173.0,100.0,50.0,50.0,314.0,100.0,100.0,146.747937053954,0.14275907510358507,6,376
scale-free,400,1,327,173.0,68.0,50.0,50.0,356.0,68.0,93.0,146.747937053954,0.14275907510358507,6,376
scale-free,400,1,328,107.0,100.0,50.0,50.0,307.0,100.0,100.0,146.747937053954,0.14275907510358507,6,376
scale-free,400,1,329,72.0,100.0,50.0,50.0,11.0,100.0,100.0,146.747937053954,0.14275907510358507,6,376
scale-free,400,1,330,107.0,100.0,50.0,50.0,55.0,100.0,100.0,146.747937053954,0.14275907510358507,6,376
scale-free,400,1,331,173.0,100.0,50.0,50.0,55.0,100.0,100.0,146.747937053954,0.14275907510358507,6,376
scale-free,400,1,332,173.0,100.0,50.0,50.0,314.0,100.0,100.0,146.747937053954,0.14275907510358507,6,376
scale-free,400,1,333,173.0,100.0,50.0,50.0,11.0,100.0,100.0,146.747937053954,0.14275907510358507,6,376
scale-free,400,1,334,173.0,100.0,50.0,50.0,55.0,100.0,100.0,146.747937053954,0.14275907510358507,6,376
scale-free,400,1,335,173.0,100.0,50.0,50.0,55.0,100.0,100.0,146.747937053954,0.14275907510358507,6,376
scale-free,400,1,336,173.0,100.0,50.0,50.0,314.0,100.0,100.0,146.747937053954,0.14275907510358507,6,376
scale-free,400,1,337,107.0,100.0,50.0,50.0,55.0,100.0,100.0,146.747937053954,0.14275907510358507,6,376
scale-free,400,1,338,173.0,100.0,50.0,50.0,55.0,100.0,100.0,146.747937053954,0.14275907510358507,6,376
scale-free,400,1,339,173.0,100.0,50.0,50.0,55.0,100.0,100.0,146.747937053954,0.14275907510358507,6,376
scale-free,400,1,340,173.0,68.0,50.0,50.0,356.0,68.0,96.0,146.747937053954,0.14275907510358507,6,376
scale-free,400,1,341,173.0,68.0,50.0,50.0,356.0,68.0,96.0,146.747937053954,0.14275907510358507,6,376
scale-free,400,1,342,173.0,100.0,50.0,50.0,55.0,100.0,100.0,146.747937053954,0.14275907510358507,6,376
scale-free,400,1,343,173.0,100.0,50.0,50.0,55.0,100.0,100.0,146.747937053954,0.14275907510358507,6,376
scale-free,400,1,344,173.0,100.0,50.0,50.0,55.0,100.0,100.0,146.747937053954,0.14275907510358507,6,376
scale-free,400,1,345,173.0,100.0,50.0,50.0,314.0,100.0,100.0,146.747937053954,0.14275907510358507,6,376
scale-free,400,1,346,173.0,100.0,50.0,50.0,314.0,100.0,100.0,146.747937053954,0.14275907510358507,6,376
scale-free,400,1,347,173.0,23.0,50.0,50.0,356.0,24.0,37.0,146.747937053954,0.14275907510358507,6,376
scale-free,400,1,348,173.0,100.0,50.0,50.0,55.0,100.0,100.0,146.747937053954,0.14275907510358507,6,376
scale-free,400,1,349,173.0,100.0,50.0,50.0,55.0,100.0,100.0,146.747937053954,0.14275907510358507,6,376
scale-free,400,1,350,173.0,100.0,50.0,50.0,55.0,100.0,100.0,146.747937053954,0.14275907510358507,6,376
scale-free,400,1,351,173.0,100.0,50.0,50.0,55.0,100.0,100.0,146.747937053954,0.14275907510358507,6,376
scale-free,400,1,352,173.0,100.0,50.0,50.0,55.0,100.0,100.0,146.747937053954,0.14275907510358507,6,376
scale-free,400,1,353,173.0,100.0,50.0,50.0,55.0,100.0,100.0,146.747937053954,0.14275907510358507,6,376
scale-free,400,1,354,173.0,100.0,50.0,50.0,55.0,100.0,100.0,146.747937053954,0.14275907510358507,6,376
scale-free,400,1,355,173.0,100.0,50.0,50.0,55.0,100.0,100.0,146.747937053954,0.14275907510358507,6,376
scale-free,400,1,356,173.0,100.0,50.0,50.0,11.0,100.0,100.0,146.747937053954,0.14275907510358507,6,376
scale-free,400,1,357,173.0,100.0,50.0,50.0,314.0,100.0,100.0,146.747937053954,0.14275907510358507,6,376
scale-free,400,1,358,173.0,100.0,50.0,50.0,55.0,100.0,100.0,146.747937053954,0.14275907510358507,6,376
scale-free,400,1,359,107.0,100.0,50.0,50.0,11.0,100.0,100.0,146.747937053954,0.14275907510358507,6,376
scale-free,400,1,360,107.0,100.0,50.0,50.0,307.0,100.0,100.0,146.747937053954,0.14275907510358507,6,376
scale-free,400,1,361,173.0,100.0,50.0,50.0,55.0,100.0,100.0,146.747937053954,0.14275907510358507,6,376
scale-free,400,1,362,173.0,100.0,50.0,50.0,55.0,100.0,100.0,146.747937053954,0.14275907510358507,6,376
scale-free,400,1,363,173.0,100.0,50.0,50.0,314.0,100.0,100.0,146.747937053954,0.14275907510358507,6,376
scale-free,400,1,364,173.0,100.0,50.0,50.0,55.0,100.0,100.0,146.747937053954,0.14275907510358507,6,376
scale-free,400,1,365,173.0,100.0,50.0,50.0,55.0,100.0,100.0,146.747937053954,0.14275907510358507,6,376
scale-free,400,1,366,173.0,100.0,50.0,50.0,55.0,100.0,100.0,146.747937053954,0.14275907510358507,6,376
scale-free,400,1,367,173.0,100.0,50.0,50.0,55.0,100.0,100.0,146.747937053954,0.14275907510358507,6,376
scale-free,400,1,368,173.0,100.0,50.0,50.0,11.0,100.0,100.0,146.747937053954,0.14275907510358507,6,376
scale-free,400,1,369,72.0,56.0,25.0,25.0,55.0,56.0,55.0,146.747937053954,0.14275907510358507,6,376
scale-free,400,1,370,173.0,100.0,50.0,50.0,55.0,100.0,100.0,146.747937053954,0.14275907510358507,6,376
scale-free,400,1,371,107.0,28.0,50.0,50.0,356.0,30.0,35.0,146.747937053954,0.14275907510358507,6,376
scale-free,400,1,372,173.0,100.0,50.0,50.0,11.0,100.0,100.0,146.747937053954,0.14275907510358507,6,376
scale-free,400,1,373,173.0,100.0,50.0,50.0,55.0,100.0,100.0,146.747937053954,0.14275907510358507,6,376
scale-free,400,1,374,173.0,100.0,50.0,50.0,55.0,100.0,100.0,146.747937053954,0.14275907510358507,6,376
scale-free,400,1,375,173.0,100.0,50.0,50.0,55.0,100.0,100.0,146.747937053954,0.14275907510358507,6,376
scale-free,400,1,376,173.0,68.0,50.0,50.0,356.0,68.0,95.0,146.747937053954,0.14275907510358507,6,376
scale-free,400,1,377,173.0,100.0,50.0,50.0,314.0,100.0,100.0,146.747937053954,0.14275907510358507,6,376
scale-free,400,1,378,173.0,100.0,50.0,50.0,314.0,100.0,100.0,146.747937053954,0.14275907510358507,6,376
scale-free,400,1,379,173.0,100.0,50.0,50.0,55.0,100.0,100.0,146.747937053954,0.14275907510358507,6,376
scale-free,400,1,380,173.0,100.0,50.0,50.0,307.0,100.0,100.0,146.747937053954,0.14275907510358507,6,376
scale-free,400,1,381,173.0,44.0,50.0,50.0,356.0,44.0,81.0,146.747937053954,0.14275907510358507,6,376
scale-free,400,1,382,173.0,68.0,50.0,50.0,356.0,68.0,73.0,146.747937053954,0.14275907510358507,6,376
scale-free,400,1,383,173.0,100.0,50.0,50.0,55.0,100.0,100.0,146.747937053954,0.14275907510358507,6,376
scale-free,400,1,384,173.0,100.0,50.0,50.0,314.0,100.0,100.0,146.747937053954,0.14275907510358507,6,376
scale-free,400,1,385,173.0,68.0,50.0,50.0,356.0,68.0,83.0,146.747937053954,0.14275907510358507,6,376
scale-free,400,1,386,173.0,100.0,50.0,50.0,314.0,100.0,100.0,146.747937053954,0.14275907510358507,6,376
scale-free,400,1,387,173.0,100.0,50.0,50.0,55.0,100.0,100.0,146.747937053954,0.14275907510358507,6,376
scale-free,400,1,388,107.0,100.0,50.0,50.0,55.0,100.0,100.0,146.747937053954,0.14275907510358507,6,376
scale-free,400,1,389,173.0,68.0,50.0,50.0,356.0,68.0,73.0,146.747937053954,0.14275907510358507,6,376
scale-free,400,1,390,173.0,100.0,50.0,50.0,314.0,100.0,100.0,146.747937053954,0.14275907510358507,6,376
scale-free,400,1,391,173.0,100.0,50.0,50.0,55.0,100.0,100.0,146.747937053954,0.14275907510358507,6,376
scale-free,400,1,392,173.0,100.0,50.0,50.0,55.0,100.0,100.0,146.747937053954,0.14275907510358507,6,376
scale-free,400,1,393,173.0,100.0,50.0,50.0,55.0,100.0,100.0,146.747937053954,0.14275907510358507,6,376
scale-free,400,1,394,173.0,100.0,50.0,50.0,55.0,100.0,100.0,146.747937053954,0.14275907510358507,6,376
scale-free,400,1,395,173.0,100.0,50.0,50.0,55.0,100.0,100.0,146.747937053954,0.14275907510358507,6,376
scale-free,400,1,396,173.0,100.0,50.0,50.0,55.0,100.0,100.0,146.747937053954,0.14275907510358507,6,376
scale-free,400,1,397,173.0,100.0,50.0,50.0,55.0,100.0,100.0,146.747937053954,0.14275907510358507,6,376
scale-free,400,1,398,173.0,100.0,50.0,50.0,55.0,100.0,100.0,146.747937053954,0.14275907510358507,6,376
scale-free,400,1,399,173.0,100.0,50.0,50.0,55.0,100.0,100.0,146.747937053954,0.14275907510358507,6,376
scale-free,400,2,0,1.0,1.0,2.0,2.0,265.0,1.0,1.0,115.99756902495783,0.07505742580500545,5,371
scale-free,400,2,1,5.0,3.0,4.0,4.0,265.0,3.0,3.0,115.99756902495783,0.07505742580500545,5,371
scale-free,400,2,2,2.0,2.0,1.0,1.0,265.0,2.0,2.0,115.99756902495783,0.07505742580500545,5,371
scale-free,400,2,3,7.0,120.0,64.0,64.0,2.0,120.0,120.0,115.99756902495783,0.07505742580500545,5,371
scale-free,400,2,4,10.0,9.0,9.0,9.0,265.0,12.0,11.0,115.99756902495783,0.07505742580500545,5,371
scale-free,400,2,5,3.0,5.0,3.0,3.0,265.0,4.0,4.0,115.99756902495783,0.07505742580500545,5,371
scale-free,400,2,6,16.0,77.0,25.0,25.0,5.0,78.0,56.0,115.99756902495783,0.07505742580500545,5,371
scale-free,400,2,7,28.0,120.0,64.0,64.0,19.0,120.0,120.0,115.99756902495783,0.07505742580500545,5,371
scale-free,400,2,8,19.0,39.0,11.0,11.0,265.0,39.0,29.0,115.99756902495783,0.07505742580500545,5,371
scale-free,400,2,9,12.0,14.0,64.0,64.0,350.0,13.0,14.0,115.99756902495783,0.07505742580500545,5,371
scale-free,400,2,10,4.0,120.0,64.0,64.0,1.0,120.0,120.0,115.99756902495783,0.07505742580500545,5,371
scale-free,400,2,11,19.0,120.0,64.0,64.0,19.0,120.0,120.0,115.99756902495783,0.07505742580500545,5,371
scale-free,400,2,12,15.0,20.0,10.0,10.0,265.0,20.0,20.0,115.99756902495783,0.07505742580500545,5,371
scale-free,400,2,13,28.0,67.0,28.0,28.0,11.0,68.0,66.0,115.99756902495783,0.07505742580500545,5,371
scale-free,400,2,14,28.0,16.0,14.0,14.0,265.0,17.0,10.0,115.99756902495783,0.07505742580500545,5,371
scale-free,400,2,15,28.0,54.0,8.0,8.0,265.0,54.0,62.0,115.99756902495783,0.07505742580500545,5,371
scale-free,400,2,16,10.0,7.0,64.0,64.0,350.0,6.0,15.0,115.99756902495783,0.07505742580500545,5,371
scale-free,400,2,17,130.0,17.0,64.0,64.0,265.0,19.0,12.0,115.99756902495783,0.07505742580500545,5,371
scale-free,400,2,18,28.0,33.0,64.0,64.0,350.0,33.0,30.0,115.99756902495783,0.07505742580500545,5,371
scale-free,400,2,19,68.0,120.0,64.0,64.0,70.0,120.0,120.0,115.99756902495783,0.07505742580500545,5,371
scale-free,400,2,20,6.0,10.0,6.0,6.0,265.0,9.0,16.0,115.99756902495783,0.07505742580500545,5,371
scale-free,400,2,21,68.0,45.0,21.0,21.0,265.0,46.0,63.0,115.99756902495783,0.07505742580500545,5,371
scale-free,400,2,22,47.0,61.0,24.0,24.0,33.0,61.0,42.0,115.99756902495783,0.07505742580500545,5,371
scale-free,400,2,23,68.0,120.0,64.0,64.0,70.0,120.0,120.0,115.99756902495783,0.07505742580500545,5,371
scale-free,400,2,24,130.0,120.0,64.0,64.0,33.0,120.0,120.0,115.99756902495783,0.07505742580500545,5,371
scale-free,400,2,25,24.0,70.0,43.0,43.0,19.0,68.0,102.0,115.99756902495783,0.07505742580500545,5,371
scale-free,400,2,26,35.0,120.0,64.0,64.0,70.0,120.0,120.0,115.99756902495783,0.07505742580500545,5,371
scale-free,400,2,27,195.0,120.0,64.0,64.0,70.0,120.0,120.0,115.99756902495783,0.07505742580500545,5,371
scale-free,400,2,28,16.0,19.0,13.0,13.0,265.0,18.0,17.0,115.99756902495783,0.07505742580500545,5,371
scale-free,400,2,29,92.0,90.0,38.0,38.0,70.0,90.0,71.0,115.99756902495783,0.07505742580500545,5,371
scale-free,400,2,30,47.0,120.0,64.0,64.0,70.0,120.0,120.0,115.99756902495783,0.07505742580500545,5,371
scale-free,400,2,31,47.0,120.0,64.0,64.0,19.0,120.0,120.0,115.99756902495783,0.07505742580500545,5,371
scale-free,400,2,32,35.0,120.0,64.0,64.0,19.0,120.0,120.0,115.99756902495783,0.07505742580500545,5,371
scale-free,400,2,33,59.0,48.0,35.0,35.0,265.0,48.0,53.0,115.99756902495783,0.07505742580500545,5,371
scale-free,400,2,34,35.0,46.0,18.0,19.0,265.0,45.0,27.0,115.99756902495783,0.07505742580500545,5,371
scale-free,400,2,35,59.0,53.0,45.0,45.0,265.0,53.0,59.0,115.99756902495783,0.07505742580500545,5,371
scale-free,400,2,36,68.0,74.0,42.0,42.0,70.0,74.0,91.0,115.99756902495783,0.07505742580500545,5,371
scale-free,400,2,37,12.0,10.0,17.0,17.0,265.0,10.0,7.0,115.99756902495783,0.07505742580500545,5,371
scale-free,400,2,38,92.0,120.0,64.0,64.0,70.0,120.0,120.0,115.99756902495783,0.07505742580500545,5,371
scale-free,400,2,39,68.0,77.0,31.0,31.0,33.0,77.0,65.0,115.99756902495783,0.07505742580500545,5,371
scale-free,400,2,40,9.0,12.0,16.0,16.0,265.0,11.0,9.0,115.99756902495783,0.07505742580500545,5,371
scale-free,400,2,41,35.0,37.0,19.0,18.0,265.0,37.0,32.0,115.99756902495783,0.07505742580500545,5,371
scale-free,400,2,42,21.0,21.0,12.0,12.0,265.0,21.0,22.0,115.99756902495783,0.07505742580500545,5,371
scale-free,400,2,43,21.0,18.0,64.0,64.0,350.0,16.0,19.0,115.99756902495783,0.07505742580500545,5,371
scale-free,400,2,44,92.0,26.0,15.0,15.0,265.0,27.0,44.0,115.99756902495783,0.07505742580500545,5,371
scale-free,400,2,45,195.0,120.0,64.0,64.0,70.0,120.0,120.0,115.99756902495783,0.07505742580500545,5,371
scale-free,400,2,46,195.0,28.0,64.0,64.0,350.0,28.0,49.0,115.99756902495783,0.07505742580500545,5,371
scale-free,400,2,47,35.0,43.0,64.0,64.0,350.0,43.0,41.0,115.99756902495783,0.07505742580500545,5,371
scale-free,400,2,48,47.0,120.0,64.0,64.0,70.0,120.0,120.0,115.99756902495783,0.07505742580500545,5,371
scale-free,400,2,49,23.0,4.0,64.0,64.0,350.0,5.0,5.0,115.99756902495783,0.07505742580500545,5,371
scale-free,400,2,50,35.0,120.0,64.0,64.0,70.0,120.0,120.0,115.99756902495783,0.07505742580500545,5,371
scale-free,400,2,51,24.0,60.0,29.0,29.0,70.0,60.0,55.0,115.99756902495783,0.07505742580500545,5,371
scale-free,400,2,52,92.0,120.0,64.0,64.0,70.0,120.0,120.0,115.99756902495783,0.07505742580500545,5,371
scale-free,400,2,53,47.0,120.0,64.0,64.0,70.0,120.0,120.0,115.99756902495783,0.07505742580500545,5,371
scale-free,400,2,54,130.0,120.0,64.0,64.0,70.0,120.0,120.0,115.99756902495783,0.07505742580500545,5,371
scale-free,400,2,55,47.0,120.0,64.0,64.0,33.0,120.0,120.0,115.99756902495783,0.07505742580500545,5,371
scale-free,400,2,56,35.0,120.0,64.0,64.0,5.0,120.0,120.0,115.99756902495783,0.07505742580500545,5,371
scale-free,400,2,57,47.0,120.0,64.0,64.0,19.0,120.0,120.0,115.99756902495783,0.07505742580500545,5,371
scale-free,400,2,58,35.0,13.0,64.0,64.0,350.0,15.0,8.0,115.99756902495783,0.07505742580500545,5,371
scale-free,400,2,59,195.0,120.0,64.0,64.0,70.0,120.0,120.0,115.99756902495783,0.07505742580500545,5,371
scale-free,400,2,60,16.0,120.0,64.0,64.0,14.0,120.0,120.0,115.99756902495783,0.07505742580500545,5,371
scale-free,400,2,61,68.0,120.0,64.0,64.0,33.0,120.0,120.0,115.99756902495783,0.07505742580500545,5,371
scale-free,400,2,62,14.0,15.0,64.0,64.0,350.0,14.0,18.0,115.99756902495783,0.07505742580500545,5,371
scale-free,400,2,63,130.0,120.0,64.0,64.0,70.0,120.0,120.0,115.99756902495783,0.07505742580500545,5,371
scale-free,400,2,64,130.0,120.0,64.0,64.0,70.0,120.0,120.0,115.99756902495783,0.07505742580500545,5,371
scale-free,400,2,65,130.0,120.0,64.0,64.0,296.0,120.0,120.0,115.99756902495783,0.07505742580500545,5,371
scale-free,400,2,66,24.0,32.0,64.0,64.0,350.0,32.0,21.0,115.99756902495783,0.07505742580500545,5,371
scale-free,400,2,67,24.0,120.0,64.0,64.0,14.0,120.0,120.0,115.99756902495783,0.07505742580500545,5,371
scale-free,400,2,68,47.0,120.0,64.0,64.0,70.0,120.0,120.0,115.99756902495783,0.07505742580500545,5,371
scale-free,400,2,69,195.0,120.0,64.0,64.0,70.0,120.0,120.0,115.99756902495783,0.07505742580500545,5,371
scale-free,400,2,70,68.0,90.0,58.0,58.0,33.0,90.0,117.0,115.99756902495783,0.07505742580500545,5,371
scale-free,400,2,71,68.0,77.0,26.0,26.0,70.0,78.0,56.0,115.99756902495783,0.07505742580500545,5,371
scale-free,400,2,72,7.0,8.0,64.0,64.0,350.0,7.0,13.0,115.99756902495783,0.07505742580500545,5,371
scale-free,400,2,73,59.0,26.0,40.0,40.0,265.0,23.0,47.0,115.99756902495783,0.07505742580500545,5,371
scale-free,400,2,74,35.0,57.0,44.0,44.0,265.0,56.0,89.0,115.99756902495783,0.07505742580500545,5,371
scale-free,400,2,75,130.0,120.0,64.0,64.0,70.0,120.0,120.0,115.99756902495783,0.07505742580500545,5,371
scale-free,400,2,76,47.0,120.0,64.0,64.0,70.0,120.0,120.0,115.99756902495783,0.07505742580500545,5,371
scale-free,400,2,77,34.0,42.0,64.0,64.0,350.0,41.0,36.0,115.99756902495783,0.07505742580500545,5,371
scale-free,400,2,78,92.0,120.0,64.0,64.0,70.0,120.0,120.0,115.99756902495783,0.07505742580500545,5,371
scale-free,400,2,79,92.0,120.0,64.0,64.0,33.0,120.0,120.0,115.99756902495783,0.07505742580500545,5,371
scale-free,400,2,80,92.0,120.0,64.0,64.0,70.0,120.0,120.0,115.99756902495783,0.07505742580500545,5,371
scale-free,400,2,81,35.0,55.0,27.0,27.0,265.0,55.0,48.0,115.99756902495783,0.07505742580500545,5,371
scale-free,400,2,82,68.0,120.0,64.0,64.0,19.0,120.0,120.0,115.99756902495783,0.07505742580500545,5,371
scale-free,400,2,83,130.0,120.0,64.0,64.0,70.0,120.0,120.0,115.99756902495783,0.07505742580500545,5,371
scale-free,400,2,84,92.0,120.0,64.0,64.0,70.0,120.0,120.0,115.99756902495783,0.07505742580500545,5,371
scale-free,400,2,85,92.0,120.0,64.0,64.0,33.0,120.0,120.0,115.99756902495783,0.07505742580500545,5,371
scale-free,400,2,86,35.0,120.0,64.0,64.0,19.0,120.0,120.0,115.99756902495783,0.07505742580500545,5,371
scale-free,400,2,87,195.0,51.0,64.0,64.0,350.0,52.0,84.0,115.99756902495783,0.07505742580500545,5,371
scale-free,400,2,88,47.0,120.0,64.0,64.0,33.0,120.0,120.0,115.99756902495783,0.07505742580500545,5,371
scale-free,400,2,89,195.0,120.0,64.0,64.0,70.0,120.0,120.0,115.99756902495783,0.07505742580500545,5,371
scale-free,400,2,90,130.0,120.0,64.0,64.0,70.0,120.0,120.0,115.99756902495783,0.07505742580500545,5,371
scale-free,400,2,91,195.0,120.0,64.0,64.0,70.0,120.0,120.0,115.99756902495783,0.07505742580500545,5,371
scale-free,400,2,92,92.0,38.0,20.0,20.0,265.0,38.0,60.0,115.99756902495783,0.07505742580500545,5,371
scale-free,400,2,93,92.0,120.0,64.0,64.0,70.0,120.0,120.0,115.99756902495783,0.07505742580500545,5,371
scale-free,400,2,94,68.0,90.0,38.0,38.0,70.0,90.0,71.0,115.99756902495783,0.07505742580500545,5,371
scale-free,400,2,95,195.0,120.0,64.0,64.0,70.0,120.0,120.0,115.99756902495783,0.07505742580500545,5,371
scale-free,400,2,96,68.0,62.0,64.0,64.0,350.0,62.0,33.0,115.99756902495783,0.07505742580500545,5,371
scale-free,400,2,97,195.0,120.0,64.0,64.0,70.0,120.0,120.0,115.99756902495783,0.07505742580500545,5,371
scale-free,400,2,98,130.0,22.0,64.0,64.0,350.0,22.0,39.0,115.99756902495783,0.07505742580500545,5,371
scale-free,400,2,99,130.0,120.0,64.0,64.0,70.0,120.0,120.0,115.99756902495783,0.07505742580500545,5,371
scale-free,400,2,100,68.0,66.0,34.0,34.0,70.0,66.0,70.0,115.99756902495783,0.07505742580500545,5,371
scale-free,400,2,101,195.0,120.0,64.0,64.0,70.0,120.0,120.0,115.99756902495783,0.07505742580500545,5,371
scale-free,400,2,102,130.0,120.0,64.0,64.0,70.0,120.0,120.0,115.99756902495783,0.07505742580500545,5,371
scale-free,400,2,103,92.0,25.0,64.0,64.0,350.0,26.0,25.0,115.99756902495783,0.07505742580500545,5,371
scale-free,400,2,104,28.0,58.0,64.0,64.0,350.0,58.0,35.0,115.99756902495783,0.07505742580500545,5,371
scale-free,400,2,105,68.0,36.0,64.0,64.0,350.0,36.0,24.0,115.99756902495783,0.07505742580500545,5,371
scale-free,400,2,106,195.0,120.0,64.0,64.0,70.0,120.0,120.0,115.99756902495783,0.07505742580500545,5,371
scale-free,400,2,107,92.0,120.0,64.0,64.0,70.0,120.0,120.0,115.99756902495783,0.07505742580500545,5,371
scale-free,400,2,108,195.0,120.0,64.0,64.0,303.0,120.0,120.0,115.99756902495783,0.07505742580500545,5,371
scale-free,400,2,109,195.0,120.0,64.0,64.0,70.0,120.0,120.0,115.99756902495783,0.07505742580500545,5,371
scale-free,400,2,110,92.0,120.0,64.0,64.0,19.0,120.0,120.0,115.99756902495783,0.07505742580500545,5,371
scale-free,400,2,111,59.0,120.0,64.0,64.0,19.0,120.0,120.0,115.99756902495783,0.07505742580500545,5,371
scale-free,400,2,112,195.0,120.0,64.0,64.0,70.0,120.0,120.0,115.99756902495783,0.07505742580500545,5,371
scale-free,400,2,113,35.0,120.0,64.0,64.0,70.0,120.0,120.0,115.99756902495783,0.07505742580500545,5,371
scale-free,400,2,114,59.0,120.0,64.0,64.0,33.0,120.0,120.0,115.99756902495783,0.07505742580500545,5,371
scale-free,400,2,115,130.0,120.0,64.0,64.0,70.0,120.0,120.0,115.99756902495783,0.07505742580500545,5,371
scale-free,400,2,116,92.0,90.0,53.0,53.0,14.0,90.0,93.0,115.99756902495783,0.07505742580500545,5,371
scale-free,400,2,117,59.0,120.0,64.0,64.0,33.0,120.0,120.0,115.99756902495783,0.07505742580500545,5,371
scale-free,400,2,118,195.0,120.0,64.0,64.0,70.0,120.0,120.0,115.99756902495783,0.07505742580500545,5,371
scale-free,400,2,119,68.0,90.0,53.0,53.0,33.0,90.0,93.0,115.99756902495783,0.07505742580500545,5,371
scale-free,400,2,120,195.0,120.0,64.0,64.0,2.0,120.0,120.0,115.99756902495783,0.07505742580500545,5,371
scale-free,400,2,121,92.0,120.0,64.0,64.0,70.0,120.0,120.0,115.99756902495783,0.07505742580500545,5,371
scale-free,400,2,122,92.0,77.0,56.0,56.0,303.0,78.0,56.0,115.99756902495783,0.07505742580500545,5,371
scale-free,400,2,123,130.0,24.0,64.0,64.0,350.0,25.0,44.0,115.99756902495783,0.07505742580500545,5,371
scale-free,400,2,124,195.0,120.0,64.0,64.0,70.0,120.0,120.0,115.99756902495783,0.07505742580500545,5,371
scale-free,400,2,125,195.0,120.0,64.0,64.0,70.0,120.0,120.0,115.99756902495783,0.07505742580500545,5,371
scale-free,400,2,126,68.0,23.0,5.0,5.0,265.0,24.0,26.0,115.99756902495783,0.07505742580500545,5,371
scale-free,400,2,127,92.0,120.0,64.0,64.0,5.0,120.0,120.0,115.99756902495783,0.07505742580500545,5,371
scale-free,400,2,128,195.0,120.0,64.0,64.0,70.0,120.0,120.0,115.99756902495783,0.07505742580500545,5,371
scale-free,400,2,129,195.0,120.0,64.0,64.0,70.0,120.0,120.0,115.99756902495783,0.07505742580500545,5,371
scale-free,400,2,130,130.0,120.0,64.0,64.0,70.0,120.0,120.0,115.99756902495783,0.07505742580500545,5,371
scale-free,400,2,131,130.0,120.0,64.0,64.0,70.0,120.0,120.0,115.99756902495783,0.07505742580500545,5,371
scale-free,400,2,132,195.0,120.0,64.0,64.0,296.0,120.0,120.0,115.99756902495783,0.07505742580500545,5,371
scale-free,400,2,133,92.0,50.0,30.0,30.0,265.0,51.0,64.0,115.99756902495783,0.07505742580500545,5,371
scale-free,400,2,134,92.0,74.0,46.0,46.0,19.0,74.0,81.0,115.99756902495783,0.07505742580500545,5,371
scale-free,400,2,135,68.0,90.0,49.0,48.0,70.0,90.0,100.0,115.99756902495783,0.07505742580500545,5,371
scale-free,400,2,136,92.0,67.0,64.0,64.0,350.0,68.0,79.0,115.99756902495783,0.07505742580500545,5,371
scale-free,400,2,137,130.0,120.0,64.0,64.0,70.0,120.0,120.0,115.99756902495783,0.07505742580500545,5,371
scale-free,400,2,138,130.0,120.0,64.0,64.0,70.0,120.0,120.0,115.99756902495783,0.07505742580500545,5,371
scale-free,400,2,139,92.0,120.0,64.0,64.0,70.0,120.0,120.0,115.99756902495783,0.07505742580500545,5,371
scale-free,400,2,140,195.0,120.0,64.0,64.0,70.0,120.0,120.0,115.99756902495783,0.07505742580500545,5,371
scale-free,400,2,141,195.0,120.0,64.0,64.0,70.0,120.0,120.0,115.99756902495783,0.07505742580500545,5,371
scale-free,400,2,142,195.0,120.0,64.0,64.0,70.0,120.0,120.0,115.99756902495783,0.07505742580500545,5,371
scale-free,400,2,143,68.0,47.0,7.0,7.0,265.0,47.0,43.0,115.99756902495783,0.07505742580500545,5,371
scale-free,400,2,144,92.0,120.0,64.0,64.0,70.0,120.0,120.0,115.99756902495783,0.07505742580500545,5,371
scale-free,400,2,145,195.0,120.0,64.0,64.0,70.0,120.0,120.0,115.99756902495783,0.07505742580500545,5,371
scale-free,400,2,146,68.0,90.0,41.0,41.0,70.0,90.0,100.0,115.99756902495783,0.07505742580500545,5,371
scale-free,400,2,147,130.0,90.0,64.0,64.0,70.0,90.0,113.0,115.99756902495783,0.07505742580500545,5,371
scale-free,400,2,148,130.0,120.0,64.0,64.0,70.0,120.0,120.0,115.99756902495783,0.07505742580500545,5,371
scale-free,400,2,149,59.0,64.0,22.0,22.0,70.0,64.0,38.0,115.99756902495783,0.07505742580500545,5,371
scale-free,400,2,150,130.0,120.0,64.0,64.0,70.0,120.0,120.0,115.99756902495783,0.07505742580500545,5,371
scale-free,400,2,151,195.0,120.0,64.0,64.0,70.0,120.0,120.0,115.99756902495783,0.07505742580500545,5,371
scale-free,400,2,152,195.0,120.0,64.0,64.0,70.0,120.0,120.0,115.99756902495783,0.07505742580500545,5,371
scale-free,400,2,153,195.0,120.0,64.0,64.0,70.0,120.0,120.0,115.99756902495783,0.07505742580500545,5,371
scale-free,400,2,154,195.0,120.0,64.0,64.0,70.0,120.0,120.0,115.99756902495783,0.07505742580500545,5,371
scale-free,400,2,155,195.0,120.0,64.0,64.0,70.0,120.0,120.0,115.99756902495783,0.07505742580500545,5,371
scale-free,400,2,156,130.0,120.0,64.0,64.0,33.0,120.0,120.0,115.99756902495783,0.07505742580500545,5,371
scale-free,400,2,157,47.0,52.0,64.0,64.0,350.0,50.0,31.0,115.99756902495783,0.07505742580500545,5,371
scale-free,400,2,158,195.0,28.0,64.0,64.0,350.0,28.0,49.0,115.99756902495783,0.07505742580500545,5,371
scale-free,400,2,159,195.0,120.0,64.0,64.0,70.0,120.0,120.0,115.99756902495783,0.07505742580500545,5,371
scale-free,400,2,160,130.0,90.0,53.0,55.0,70.0,90.0,85.0,115.99756902495783,0.07505742580500545,5,371
scale-free,400,2,161,68.0,35.0,64.0,64.0,350.0,35.0,28.0,115.99756902495783,0.07505742580500545,5,371
scale-free,400,2,162,195.0,120.0,64.0,64.0,70.0,120.0,120.0,115.99756902495783,0.07505742580500545,5,371
scale-free,400,2,163,92.0,120.0,64.0,64.0,5.0,120.0,120.0,115.99756902495783,0.07505742580500545,5,371
scale-free,400,2,164,130.0,88.0,48.0,48.0,70.0,88.0,83.0,115.99756902495783,0.07505742580500545,5,371
scale-free,400,2,165,92.0,90.0,36.0,36.0,70.0,90.0,71.0,115.99756902495783,0.07505742580500545,5,371
scale-free,400,2,166,195.0,120.0,64.0,64.0,70.0,120.0,120.0,115.99756902495783,0.07505742580500545,5,371
scale-free,400,2,167,195.0,120.0,64.0,64.0,70.0,120.0,120.0,115.99756902495783,0.07505742580500545,5,371
scale-free,400,2,168,195.0,120.0,64.0,64.0,303.0,120.0,120.0,115.99756902495783,0.07505742580500545,5,371
scale-free,400,2,169,195.0,120.0,64.0,64.0,70.0,120.0,120.0,115.99756902495783,0.07505742580500545,5,371
scale-free,400,2,170,130.0,77.0,64.0,64.0,350.0,78.0,112.0,115.99756902495783,0.07505742580500545,5,371
scale-free,400,2,171,195.0,120.0,64.0,64.0,70.0,120.0,120.0,115.99756902495783,0.07505742580500545,5,371
scale-free,400,2,172,92.0,120.0,64.0,64.0,70.0,120.0,120.0,115.99756902495783,0.07505742580500545,5,371
scale-free,400,2,173,195.0,120.0,64.0,64.0,303.0,120.0,120.0,115.99756902495783,0.07505742580500545,5,371
scale-free,400,2,174,195.0,120.0,64.0,64.0,70.0,120.0,120.0,115.99756902495783,0.07505742580500545,5,371
scale-free,400,2,175,130.0,120.0,64.0,64.0,33.0,120.0,120.0,115.99756902495783,0.07505742580500545,5,371
scale-free,400,2,176,195.0,120.0,64.0,64.0,303.0,120.0,120.0,115.99756902495783,0.07505742580500545,5,371
scale-free,400,2,177,195.0,120.0,64.0,64.0,70.0,120.0,120.0,115.99756902495783,0.07505742580500545,5,371
scale-free,400,2,178,195.0,120.0,64.0,64.0,296.0,120.0,120.0,115.99756902495783,0.07505742580500545,5,371
scale-free,400,2,179,92.0,120.0,64.0,64.0,70.0,120.0,120.0,115.99756902495783,0.07505742580500545,5,371
scale-free,400,2,180,195.0,120.0,64.0,64.0,70.0,120.0,120.0,115.99756902495783,0.07505742580500545,5,371
scale-free,400,2,181,195.0,120.0,64.0,64.0,70.0,120.0,120.0,115.99756902495783,0.07505742580500545,5,371
scale-free,400,2,182,195.0,120.0,64.0,64.0,70.0,120.0,120.0,115.99756902495783,0.07505742580500545,5,371
scale-free,400,2,183,195.0,120.0,64.0,64.0,70.0,120.0,120.0,115.99756902495783,0.07505742580500545,5,371
scale-free,400,2,184,59.0,63.0,23.0,23.0,19.0,62.0,46.0,115.99756902495783,0.07505742580500545,5,371
scale-free,400,2,185,130.0,120.0,64.0,64.0,70.0,120.0,120.0,115.99756902495783,0.07505742580500545,5,371
scale-free,400,2,186,195.0,120.0,64.0,64.0,70.0,120.0,120.0,115.99756902495783,0.07505742580500545,5,371
scale-free,400,2,187,130.0,120.0,64.0,64.0,70.0,120.0,120.0,115.99756902495783,0.07505742580500545,5,371
scale-free,400,2,188,130.0,44.0,64.0,64.0,350.0,44.0,23.0,115.99756902495783,0.07505742580500545,5,371
scale-free,400,2,189,130.0,90.0,62.0,62.0,303.0,90.0,106.0,115.99756902495783,0.07505742580500545,5,371
scale-free,400,2,190,130.0,120.0,64.0,64.0,296.0,120.0,120.0,115.99756902495783,0.07505742580500545,5,371
scale-free,400,2,191,195.0,120.0,64.0,64.0,70.0,120.0,120.0,115.99756902495783,0.07505742580500545,5,371
scale-free,400,2,192,195.0,120.0,64.0,64.0,70.0,120.0,120.0,115.99756902495783,0.07505742580500545,5,371
scale-free,400,2,193,47.0,67.0,49.0,48.0,70.0,68.0,78.0,115.99756902495783,0.07505742580500545,5,371
scale-free,400,2,194,195.0,120.0,64.0,64.0,70.0,120.0,120.0,115.99756902495783,0.07505742580500545,5,371
scale-free,400,2,195,195.0,90.0,64.0,64.0,350.0,90.0,114.0,115.99756902495783,0.07505742580500545,5,371
scale-free,400,2,196,195.0,120.0,64.0,64.0,70.0,120.0,120.0,115.99756902495783,0.07505742580500545,5,371
scale-free,400,2,197,195.0,120.0,64.0,64.0,303.0,120.0,120.0,115.99756902495783,0.07505742580500545,5,371
scale-free,400,2,198,195.0,120.0,64.0,64.0,70.0,120.0,120.0,115.99756902495783,0.07505742580500545,5,371
scale-free,400,2,199,92.0,120.0,64.0,64.0,70.0,120.0,120.0,115.99756902495783,0.07505742580500545,5,371
scale-free,400,2,200,195.0,120.0,64.0,64.0,70.0,120.0,120.0,115.99756902495783,0.07505742580500545,5,371
scale-free,400,2,201,68.0,90.0,58.0,58.0,295.0,90.0,104.0,115.99756902495783,0.07505742580500545,5,371
scale-free,400,2,202,195.0,120.0,64.0,64.0,33.0,120.0,120.0,115.99756902495783,0.07505742580500545,5,371
scale-free,400,2,203,195.0,120.0,64.0,64.0,70.0,120.0,120.0,115.99756902495783,0.07505742580500545,5,371
scale-free,400,2,204,195.0,120.0,64.0,64.0,303.0,120.0,120.0,115.99756902495783,0.07505742580500545,5,371
scale-free,400,2,205,195.0,120.0,64.0,64.0,70.0,120.0,120.0,115.99756902495783,0.07505742580500545,5,371
scale-free,400,2,206,195.0,120.0,64.0,64.0,70.0,120.0,120.0,115.99756902495783,0.07505742580500545,5,371
scale-free,400,2,207,92.0,120.0,64.0,64.0,296.0,120.0,120.0,115.99756902495783,0.07505742580500545,5,371
scale-free,400,2,208,68.0,6.0,64.0,64.0,350.0,8.0,6.0,115.99756902495783,0.07505742580500545,5,371
scale-free,400,2,209,195.0,120.0,64.0,64.0,70.0,120.0,120.0,115.99756902495783,0.07505742580500545,5,371
scale-free,400,2,210,92.0,120.0,64.0,64.0,33.0,120.0,120.0,115.99756902495783,0.07505742580500545,5,371
scale-free,400,2,211,130.0,90.0,64.0,64.0,70.0,90.0,93.0,115.99756902495783,0.07505742580500545,5,371
scale-free,400,2,212,195.0,120.0,64.0,64.0,70.0,120.0,120.0,115.99756902495783,0.07505742580500545,5,371
scale-free,400,2,213,130.0,120.0,64.0,64.0,296.0,120.0,120.0,115.99756902495783,0.07505742580500545,5,371
scale-free,400,2,214,130.0,120.0,64.0,64.0,33.0,120.0,120.0,115.99756902495783,0.07505742580500545,5,371
scale-free,400,2,215,130.0,40.0,64.0,64.0,350.0,40.0,37.0,115.99756902495783,0.07505742580500545,5,371
scale-free,400,2,216,68.0,90.0,32.0,31.0,11.0,90.0,71.0,115.99756902495783,0.07505742580500545,5,371
scale-free,400,2,217,195.0,120.0,64.0,64.0,33.0,120.0,120.0,115.99756902495783,0.07505742580500545,5,371
scale-free,400,2,218,130.0,74.0,64.0,64.0,350.0,74.0,54.0,115.99756902495783,0.07505742580500545,5,371
scale-free,400,2,219,130.0,90.0,33.0,33.0,14.0,90.0,71.0,115.99756902495783,0.07505742580500545,5,371
scale-free,400,2,220,59.0,59.0,52.0,52.0,303.0,59.0,61.0,115.99756902495783,0.07505742580500545,5,371
scale-free,400,2,221,92.0,87.0,46.0,46.0,70.0,78.0,103.0,115.99756902495783,0.07505742580500545,5,371
scale-free,400,2,222,195.0,120.0,64.0,64.0,303.0,120.0,120.0,115.99756902495783,0.07505742580500545,5,371
scale-free,400,2,223,195.0,120.0,64.0,64.0,303.0,120.0,120.0,115.99756902495783,0.07505742580500545,5,371
scale-free,400,2,224,195.0,120.0,64.0,64.0,70.0,120.0,120.0,115.99756902495783,0.07505742580500545,5,371
scale-free,400,2,225,195.0,120.0,64.0,64.0,70.0,120.0,120.0,115.99756902495783,0.07505742580500545,5,371
scale-free,400,2,226,92.0,120.0,64.0,64.0,19.0,120.0,120.0,115.99756902495783,0.07505742580500545,5,371
scale-free,400,2,227,195.0,120.0,64.0,64.0,303.0,120.0,120.0,115.99756902495783,0.07505742580500545,5,371
scale-free,400,2,228,195.0,120.0,64.0,64.0,70.0,120.0,120.0,115.99756902495783,0.07505742580500545,5,371
scale-free,400,2,229,92.0,120.0,64.0,64.0,33.0,120.0,120.0,115.99756902495783,0.07505742580500545,5,371
scale-free,400,2,230,195.0,120.0,64.0,64.0,70.0,120.0,120.0,115.99756902495783,0.07505742580500545,5,371
scale-free,400,2,231,130.0,120.0,64.0,64.0,19.0,120.0,120.0,115.99756902495783,0.07505742580500545,5,371
scale-free,400,2,232,92.0,120.0,64.0,64.0,33.0,120.0,120.0,115.99756902495783,0.07505742580500545,5,371
scale-free,400,2,233,92.0,77.0,63.0,63.0,70.0,78.0,99.0,115.99756902495783,0.07505742580500545,5,371
scale-free,400,2,234,195.0,120.0,64.0,64.0,70.0,120.0,120.0,115.99756902495783,0.07505742580500545,5,371
scale-free,400,2,235,195.0,120.0,64.0,64.0,70.0,120.0,120.0,115.99756902495783,0.07505742580500545,5,371
scale-free,400,2,236,195.0,120.0,64.0,64.0,70.0,120.0,120.0,115.99756902495783,0.07505742580500545,5,371
scale-free,400,2,237,195.0,120.0,64.0,64.0,70.0,120.0,120.0,115.99756902495783,0.07505742580500545,5,371
scale-free,400,2,238,195.0,120.0,64.0,64.0,303.0,120.0,120.0,115.99756902495783,0.07505742580500545,5,371
scale-free,400,2,239,130.0,120.0,64.0,64.0,70.0,120.0,120.0,115.99756902495783,0.07505742580500545,5,371
scale-free,400,2,240,195.0,120.0,64.0,64.0,70.0,120.0,120.0,115.99756902495783,0.07505742580500545,5,371
scale-free,400,2,241,68.0,34.0,64.0,64.0,350.0,34.0,34.0,115.99756902495783,0.07505742580500545,5,371
scale-free,400,2,242,195.0,90.0,64.0,64.0,350.0,90.0,85.0,115.99756902495783,0.07505742580500545,5,371
scale-free,400,2,243,195.0,120.0,64.0,64.0,70.0,120.0,120.0,115.99756902495783,0.07505742580500545,5,371
scale-free,400,2,244,68.0,120.0,64.0,64.0,33.0,120.0,120.0,115.99756902495783,0.07505742580500545,5,371
scale-free,400,2,245,130.0,120.0,64.0,64.0,70.0,120.0,120.0,115.99756902495783,0.07505742580500545,5,371
scale-free,400,2,246,195.0,120.0,64.0,64.0,5.0,120.0,120.0,115.99756902495783,0.07505742580500545,5,371
scale-free,400,2,247,195.0,120.0,64.0,64.0,70.0,120.0,120.0,115.99756902495783,0.07505742580500545,5,371
scale-free,400,2,248,130.0,120.0,64.0,64.0,33.0,120.0,120.0,115.99756902495783,0.07505742580500545,5,371
scale-free,400,2,249,130.0,120.0,64.0,64.0,33.0,120.0,120.0,115.99756902495783,0.07505742580500545,5,371
scale-free,400,2,250,130.0,90.0,36.0,36.0,70.0,90.0,71.0,115.99756902495783,0.07505742580500545,5,371
scale-free,400,2,251,195.0,120.0,64.0,64.0,70.0,120.0,120.0,115.99756902495783,0.07505742580500545,5,371
scale-free,400,2,252,195.0,120.0,64.0,64.0,70.0,120.0,120.0,115.99756902495783,0.07505742580500545,5,371
scale-free,400,2,253,195.0,120.0,64.0,64.0,303.0,120.0,120.0,115.99756902495783,0.07505742580500545,5,371
scale-free,400,2,254,130.0,49.0,58.0,58.0,265.0,49.0,68.0,115.99756902495783,0.07505742580500545,5,371
scale-free,400,2,255,195.0,120.0,64.0,64.0,303.0,120.0,120.0,115.99756902495783,0.07505742580500545,5,371
scale-free,400,2,256,195.0,120.0,64.0,64.0,303.0,120.0,120.0,115.99756902495783,0.07505742580500545,5,371
scale-free,400,2,257,195.0,41.0,64.0,64.0,350.0,42.0,40.0,115.99756902495783,0.07505742580500545,5,371
scale-free,400,2,258,195.0,120.0,64.0,64.0,70.0,120.0,120.0,115.99756902495783,0.07505742580500545,5,371
scale-free,400,2,259,195.0,120.0,64.0,64.0,70.0,120.0,120.0,115.99756902495783,0.07505742580500545,5,371
scale-free,400,2,260,195.0,120.0,64.0,64.0,33.0,120.0,120.0,115.99756902495783,0.07505742580500545,5,371
scale-free,400,2,261,195.0,90.0,64.0,64.0,350.0,90.0,110.0,115.99756902495783,0.07505742580500545,5,371
scale-free,400,2,262,195.0,120.0,64.0,64.0,70.0,120.0,120.0,115.99756902495783,0.07505742580500545,5,371
scale-free,400,2,263,195.0,120.0,64.0,64.0,70.0,120.0,120.0,115.99756902495783,0.07505742580500545,5,371
scale-free,400,2,264,92.0,90.0,56.0,56.0,70.0,90.0,85.0,115.99756902495783,0.07505742580500545,5,371
scale-free,400,2,265,195.0,120.0,64.0,64.0,303.0,120.0,120.0,115.99756902495783,0.07505742580500545,5,371
scale-free,400,2,266,195.0,120.0,64.0,64.0,70.0,120.0,120.0,115.99756902495783,0.07505742580500545,5,371
scale-free,400,2,267,195.0,120.0,64.0,64.0,70.0,120.0,120.0,115.99756902495783,0.07505742580500545,5,371
scale-free,400,2,268,130.0,120.0,64.0,64.0,33.0,120.0,120.0,115.99756902495783,0.07505742580500545,5,371
scale-free,400,2,269,195.0,120.0,64.0,64.0,303.0,120.0,120.0,115.99756902495783,0.07505742580500545,5,371
scale-free,400,2,270,195.0,120.0,64.0,64.0,303.0,120.0,120.0,115.99756902495783,0.07505742580500545,5,371
scale-free,400,2,271,130.0,120.0,64.0,64.0,70.0,120.0,120.0,115.99756902495783,0.07505742580500545,5,371
scale-free,400,2,272,195.0,120.0,64.0,64.0,70.0,120.0,120.0,115.99756902495783,0.07505742580500545,5,371
scale-free,400,2,273,130.0,120.0,64.0,64.0,14.0,120.0,120.0,115.99756902495783,0.07505742580500545,5,371
scale-free,400,2,274,195.0,120.0,64.0,64.0,303.0,120.0,120.0,115.99756902495783,0.07505742580500545,5,371
scale-free,400,2,275,195.0,120.0,64.0,64.0,33.0,120.0,120.0,115.99756902495783,0.07505742580500545,5,371
scale-free,400,2,276,195.0,120.0,64.0,64.0,303.0,120.0,120.0,115.99756902495783,0.07505742580500545,5,371
scale-free,400,2,277,195.0,120.0,64.0,64.0,303.0,120.0,120.0,115.99756902495783,0.07505742580500545,5,371
scale-free,400,2,278,92.0,65.0,64.0,64.0,350.0,64.0,98.0,115.99756902495783,0.07505742580500545,5,371
scale-free,400,2,279,195.0,120.0,64.0,64.0,70.0,120.0,120.0,115.99756902495783,0.07505742580500545,5,371
scale-free,400,2,280,195.0,120.0,64.0,64.0,70.0,120.0,120.0,115.99756902495783,0.07505742580500545,5,371
scale-free,400,2,281,195.0,120.0,64.0,64.0,303.0,120.0,120.0,115.99756902495783,0.07505742580500545,5,371
scale-free,400,2,282,130.0,90.0,58.0,58.0,303.0,90.0,71.0,115.99756902495783,0.07505742580500545,5,371
scale-free,400,2,283,195.0,120.0,64.0,64.0,70.0,120.0,120.0,115.99756902495783,0.07505742580500545,5,371
scale-free,400,2,284,195.0,72.0,64.0,64.0,350.0,72.0,108.0,115.99756902495783,0.07505742580500545,5,371
scale-free,400,2,285,195.0,120.0,64.0,64.0,303.0,120.0,120.0,115.99756902495783,0.07505742580500545,5,371
scale-free,400,2,286,130.0,77.0,64.0,64.0,350.0,78.0,92.0,115.99756902495783,0.07505742580500545,5,371
scale-free,400,2,287,130.0,120.0,64.0,64.0,33.0,120.0,120.0,115.99756902495783,0.07505742580500545,5,371
scale-free,400,2,288,195.0,120.0,64.0,64.0,70.0,120.0,120.0,115.99756902495783,0.07505742580500545,5,371
scale-free,400,2,289,195.0,90.0,64.0,64.0,350.0,90.0,117.0,115.99756902495783,0.07505742580500545,5,371
scale-free,400,2,290,195.0,120.0,64.0,64.0,70.0,120.0,120.0,115.99756902495783,0.07505742580500545,5,371
scale-free,400,2,291,195.0,120.0,64.0,64.0,70.0,120.0,120.0,115.99756902495783,0.07505742580500545,5,371
scale-free,400,2,292,195.0,120.0,64.0,64.0,70.0,120.0,120.0,115.99756902495783,0.07505742580500545,5,371
scale-free,400,2,293,195.0,120.0,64.0,64.0,70.0,120.0,120.0,115.99756902495783,0.07505742580500545,5,371
scale-free,400,2,294,130.0,90.0,64.0,64.0,70.0,90.0,114.0,115.99756902495783,0.07505742580500545,5,371
scale-free,400,2,295,130.0,120.0,64.0,64.0,33.0,120.0,120.0,115.99756902495783,0.07505742580500545,5,371
scale-free,400,2,296,130.0,71.0,64.0,64.0,350.0,67.0,69.0,115.99756902495783,0.07505742580500545,5,371
scale-free,400,2,297,195.0,120.0,64.0,64.0,303.0,120.0,120.0,115.99756902495783,0.07505742580500545,5,371
scale-free,400,2,298,195.0,120.0,64.0,64.0,2.0,120.0,120.0,115.99756902495783,0.07505742580500545,5,371
scale-free,400,2,299,130.0,120.0,64.0,64.0,70.0,120.0,120.0,115.99756902495783,0.07505742580500545,5,371
scale-free,400,2,300,195.0,120.0,64.0,64.0,303.0,120.0,120.0,115.99756902495783,0.07505742580500545,5,371
scale-free,400,2,301,195.0,120.0,64.0,64.0,70.0,120.0,120.0,115.99756902495783,0.07505742580500545,5,371
scale-free,400,2,302,195.0,120.0,64.0,64.0,70.0,120.0,120.0,115.99756902495783,0.07505742580500545,5,371
scale-free,400,2,303,195.0,120.0,64.0,64.0,70.0,120.0,120.0,115.99756902495783,0.07505742580500545,5,371
scale-free,400,2,304,130.0,120.0,64.0,64.0,33.0,120.0,120.0,115.99756902495783,0.07505742580500545,5,371
scale-free,400,2,305,195.0,120.0,64.0,64.0,70.0,120.0,120.0,115.99756902495783,0.07505742580500545,5,371
scale-free,400,2,306,195.0,28.0,64.0,64.0,350.0,28.0,49.0,115.99756902495783,0.07505742580500545,5,371
scale-free,400,2,307,195.0,120.0,64.0,64.0,70.0,120.0,120.0,115.99756902495783,0.07505742580500545,5,371
scale-free,400,2,308,195.0,120.0,64.0,64.0,70.0,120.0,120.0,115.99756902495783,0.07505742580500545,5,371
scale-free,400,2,309,195.0,120.0,64.0,64.0,70.0,120.0,120.0,115.99756902495783,0.07505742580500545,5,371
scale-free,400,2,310,130.0,31.0,64.0,64.0,265.0,31.0,49.0,115.99756902495783,0.07505742580500545,5,371
scale-free,400,2,311,195.0,120.0,64.0,64.0,33.0,120.0,120.0,115.99756902495783,0.07505742580500545,5,371
scale-free,400,2,312,130.0,77.0,64.0,64.0,350.0,78.0,67.0,115.99756902495783,0.07505742580500545,5,371
scale-free,400,2,313,195.0,120.0,64.0,64.0,33.0,120.0,120.0,115.99756902495783,0.07505742580500545,5,371
scale-free,400,2,314,195.0,120.0,64.0,64.0,303.0,120.0,120.0,115.99756902495783,0.07505742580500545,5,371
scale-free,400,2,315,130.0,120.0,64.0,64.0,70.0,120.0,120.0,115.99756902495783,0.07505742580500545,5,371
scale-free,400,2,316,195.0,120.0,64.0,64.0,70.0,120.0,120.0,115.99756902495783,0.07505742580500545,5,371
scale-free,400,2,317,195.0,120.0,64.0,64.0,70.0,120.0,120.0,115.99756902495783,0.07505742580500545,5,371
scale-free,400,2,318,130.0,120.0,64.0,64.0,33.0,120.0,120.0,115.99756902495783,0.07505742580500545,5,371
scale-free,400,2,319,195.0,120.0,64.0,64.0,303.0,120.0,120.0,115.99756902495783,0.07505742580500545,5,371
scale-free,400,2,320,130.0,120.0,64.0,64.0,33.0,120.0,120.0,115.99756902495783,0.07505742580500545,5,371
scale-free,400,2,321,195.0,120.0,64.0,64.0,70.0,120.0,120.0,115.99756902495783,0.07505742580500545,5,371
scale-free,400,2,322,195.0,120.0,64.0,64.0,33.0,120.0,120.0,115.99756902495783,0.07505742580500545,5,371
scale-free,400,2,323,195.0,120.0,64.0,64.0,70.0,120.0,120.0,115.99756902495783,0.07505742580500545,5,371
scale-free,400,2,324,92.0,77.0,49.0,48.0,70.0,78.0,80.0,115.99756902495783,0.07505742580500545,5,371
scale-free,400,2,325,130.0,120.0,64.0,64.0,70.0,120.0,120.0,115.99756902495783,0.07505742580500545,5,371
scale-free,400,2,326,195.0,120.0,64.0,64.0,303.0,120.0,120.0,115.99756902495783,0.07505742580500545,5,371
scale-free,400,2,327,130.0,120.0,64.0,64.0,70.0,120.0,120.0,115.99756902495783,0.07505742580500545,5,371
scale-free,400,2,328,195.0,120.0,64.0,64.0,303.0,120.0,120.0,115.99756902495783,0.07505742580500545,5,371
scale-free,400,2,329,195.0,120.0,64.0,64.0,70.0,120.0,120.0,115.99756902495783,0.07505742580500545,5,371
scale-free,400,2,330,195.0,56.0,64.0,64.0,350.0,57.0,97.0,115.99756902495783,0.07505742580500545,5,371
scale-free,400,2,331,195.0,120.0,64.0,64.0,70.0,120.0,120.0,115.99756902495783,0.07505742580500545,5,371
scale-free,400,2,332,195.0,120.0,64.0,64.0,70.0,120.0,120.0,115.99756902495783,0.07505742580500545,5,371
scale-free,400,2,333,195.0,120.0,64.0,64.0,70.0,120.0,120.0,115.99756902495783,0.07505742580500545,5,371
scale-free,400,2,334,195.0,120.0,64.0,64.0,70.0,120.0,120.0,115.99756902495783,0.07505742580500545,5,371
scale-free,400,2,335,195.0,120.0,64.0,64.0,70.0,120.0,120.0,115.99756902495783,0.07505742580500545,5,371
scale-free,400,2,336,195.0,120.0,64.0,64.0,70.0,120.0,120.0,115.99756902495783,0.07505742580500545,5,371
scale-free,400,2,337,195.0,120.0,64.0,64.0,303.0,120.0,120.0,115.99756902495783,0.07505742580500545,5,371
scale-free,400,2,338,195.0,120.0,64.0,64.0,303.0,120.0,120.0,115.99756902495783,0.07505742580500545,5,371
scale-free,400,2,339,195.0,120.0,64.0,64.0,70.0,120.0,120.0,115.99756902495783,0.07505742580500545,5,371
scale-free,400,2,340,195.0,90.0,64.0,64.0,350.0,90.0,106.0,115.99756902495783,0.07505742580500545,5,371
scale-free,400,2,341,195.0,120.0,64.0,64.0,303.0,120.0,120.0,115.99756902495783,0.07505742580500545,5,371
scale-free,400,2,342,195.0,120.0,64.0,64.0,33.0,120.0,120.0,115.99756902495783,0.07505742580500545,5,371
scale-free,400,2,343,195.0,120.0,64.0,64.0,70.0,120.0,120.0,115.99756902495783,0.07505742580500545,5,371
scale-free,400,2,344,195.0,90.0,64.0,64.0,350.0,90.0,93.0,115.99756902495783,0.07505742580500545,5,371
scale-free,400,2,345,195.0,120.0,64.0,64.0,70.0,120.0,120.0,115.99756902495783,0.07505742580500545,5,371
scale-free,400,2,346,195.0,120.0,64.0,64.0,70.0,120.0,120.0,115.99756902495783,0.07505742580500545,5,371
scale-free,400,2,347,195.0,120.0,64.0,64.0,303.0,120.0,120.0,115.99756902495783,0.07505742580500545,5,371
scale-free,400,2,348,195.0,120.0,64.0,64.0,70.0,120.0,120.0,115.99756902495783,0.07505742580500545,5,371
scale-free,400,2,349,195.0,120.0,64.0,64.0,303.0,120.0,120.0,115.99756902495783,0.07505742580500545,5,371
scale-free,400,2,350,195.0,120.0,64.0,64.0,70.0,120.0,120.0,115.99756902495783,0.07505742580500545,5,371
scale-free,400,2,351,195.0,120.0,64.0,64.0,303.0,120.0,120.0,115.99756902495783,0.07505742580500545,5,371
scale-free,400,2,352,195.0,120.0,64.0,64.0,70.0,120.0,120.0,115.99756902495783,0.07505742580500545,5,371
scale-free,400,2,353,195.0,120.0,64.0,64.0,70.0,120.0,120.0,115.99756902495783,0.07505742580500545,5,371
scale-free,400,2,354,130.0,77.0,64.0,64.0,350.0,78.0,90.0,115.99756902495783,0.07505742580500545,5,371
scale-free,400,2,355,195.0,120.0,64.0,64.0,70.0,120.0,120.0,115.99756902495783,0.07505742580500545,5,371
scale-free,400,2,356,195.0,120.0,64.0,64.0,70.0,120.0,120.0,115.99756902495783,0.07505742580500545,5,371
scale-free,400,2,357,195.0,90.0,64.0,64.0,350.0,90.0,110.0,115.99756902495783,0.07505742580500545,5,371
scale-free,400,2,358,195.0,120.0,64.0,64.0,70.0,120.0,120.0,115.99756902495783,0.07505742580500545,5,371
scale-free,400,2,359,195.0,90.0,64.0,64.0,350.0,90.0,104.0,115.99756902495783,0.07505742580500545,5,371
scale-free,400,2,360,195.0,120.0,64.0,64.0,303.0,120.0,120.0,115.99756902495783,0.07505742580500545,5,371
scale-free,400,2,361,195.0,88.0,64.0,64.0,350.0,88.0,82.0,115.99756902495783,0.07505742580500545,5,371
scale-free,400,2,362,195.0,120.0,64.0,64.0,303.0,120.0,120.0,115.99756902495783,0.07505742580500545,5,371
scale-free,400,2,363,130.0,120.0,64.0,64.0,70.0,120.0,120.0,115.99756902495783,0.07505742580500545,5,371
scale-free,400,2,364,195.0,120.0,64.0,64.0,70.0,120.0,120.0,115.99756902495783,0.07505742580500545,5,371
scale-free,400,2,365,195.0,120.0,64.0,64.0,70.0,120.0,120.0,115.99756902495783,0.07505742580500545,5,371
scale-free,400,2,366,195.0,120.0,64.0,64.0,70.0,120.0,120.0,115.99756902495783,0.07505742580500545,5,371
scale-free,400,2,367,195.0,90.0,64.0,64.0,350.0,90.0,114.0,115.99756902495783,0.07505742580500545,5,371
scale-free,400,2,368,195.0,120.0,64.0,64.0,303.0,120.0,120.0,115.99756902495783,0.07505742580500545,5,371
scale-free,400,2,369,195.0,120.0,64.0,64.0,70.0,120.0,120.0,115.99756902495783,0.07505742580500545,5,371
scale-free,400,2,370,195.0,120.0,64.0,64.0,303.0,120.0,120.0,115.99756902495783,0.07505742580500545,5,371
scale-free,400,2,371,195.0,120.0,64.0,64.0,11.0,120.0,120.0,115.99756902495783,0.07505742580500545,5,371
scale-free,400,2,372,195.0,120.0,64.0,64.0,5.0,120.0,120.0,115.99756902495783,0.07505742580500545,5,371
scale-free,400,2,373,195.0,120.0,64.0,64.0,70.0,120.0,120.0,115.99756902495783,0.07505742580500545,5,371
scale-free,400,2,374,195.0,120.0,64.0,64.0,303.0,120.0,120.0,115.99756902495783,0.07505742580500545,5,371
scale-free,400,2,375,195.0,90.0,64.0,64.0,350.0,90.0,85.0,115.99756902495783,0.07505742580500545,5,371
scale-free,400,2,376,195.0,120.0,64.0,64.0,70.0,120.0,120.0,115.99756902495783,0.07505742580500545,5,371
scale-free,400,2,377,195.0,120.0,64.0,64.0,70.0,120.0,120.0,115.99756902495783,0.07505742580500545,5,371
scale-free,400,2,378,130.0,120.0,64.0,64.0,33.0,120.0,120.0,115.99756902495783,0.07505742580500545,5,371
scale-free,400,2,379,195.0,120.0,64.0,64.0,303.0,120.0,120.0,115.99756902495783,0.07505742580500545,5,371
scale-free,400,2,380,195.0,120.0,64.0,64.0,70.0,120.0,120.0,115.99756902495783,0.07505742580500545,5,371
scale-free,400,2,381,195.0,120.0,64.0,64.0,70.0,120.0,120.0,115.99756902495783,0.07505742580500545,5,371
scale-free,400,2,382,195.0,120.0,64.0,64.0,303.0,120.0,120.0,115.99756902495783,0.07505742580500545,5,371
scale-free,400,2,383,195.0,90.0,64.0,64.0,350.0,90.0,117.0,115.99756902495783,0.07505742580500545,5,371
scale-free,400,2,384,195.0,120.0,64.0,64.0,70.0,120.0,120.0,115.99756902495783,0.07505742580500545,5,371
scale-free,400,2,385,195.0,120.0,64.0,64.0,303.0,120.0,120.0,115.99756902495783,0.07505742580500545,5,371
scale-free,400,2,386,195.0,120.0,64.0,64.0,70.0,120.0,120.0,115.99756902495783,0.07505742580500545,5,371
scale-free,400,2,387,195.0,120.0,64.0,64.0,303.0,120.0,120.0,115.99756902495783,0.07505742580500545,5,371
scale-free,400,2,388,195.0,120.0,64.0,64.0,70.0,120.0,120.0,115.99756902495783,0.07505742580500545,5,371
scale-free,400,2,389,195.0,120.0,64.0,64.0,70.0,120.0,120.0,115.99756902495783,0.07505742580500545,5,371
scale-free,400,2,390,195.0,120.0,64.0,64.0,303.0,120.0,120.0,115.99756902495783,0.07505742580500545,5,371
scale-free,400,2,391,195.0,120.0,64.0,64.0,33.0,120.0,120.0,115.99756902495783,0.07505742580500545,5,371
scale-free,400,2,392,195.0,120.0,64.0,64.0,70.0,120.0,120.0,115.99756902495783,0.07505742580500545,5,371
scale-free,400,2,393,195.0,120.0,64.0,64.0,296.0,120.0,120.0,115.99756902495783,0.07505742580500545,5,371
scale-free,400,2,394,195.0,120.0,64.0,64.0,70.0,120.0,120.0,115.99756902495783,0.07505742580500545,5,371
scale-free,400,2,395,195.0,120.0,64.0,64.0,70.0,120.0,120.0,115.99756902495783,0.07505742580500545,5,371
scale-free,400,2,396,195.0,120.0,64.0,64.0,70.0,120.0,120.0,115.99756902495783,0.07505742580500545,5,371
scale-free,400,2,397,195.0,120.0,64.0,64.0,70.0,120.0,120.0,115.99756902495783,0.07505742580500545,5,371
scale-free,400,2,398,195.0,72.0,64.0,64.0,350.0,72.0,108.0,115.99756902495783,0.07505742580500545,5,371
scale-free,400,2,399,195.0,120.0,64.0,64.0,70.0,120.0,120.0,115.99756902495783,0.07505742580500545,5,371
