scale-free,400,23,0,1.0,2.0,1.0,1.0,223.0,2.0,2.0,112.94285488143763,0.12186047747876307,6,378
scale-free,400,23,1,3.0,3.0,2.0,2.0,223.0,3.0,3.0,112.94285488143763,0.12186047747876307,6,378
scale-free,400,23,2,4.0,5.0,3.0,3.0,223.0,4.0,4.0,112.94285488143763,0.12186047747876307,6,378
scale-free,400,23,3,103.0,95.0,45.0,45.0,50.0,95.0,95.0,112.94285488143763,0.12186047747876307,6,378
scale-free,400,23,4,27.0,35.0,45.0,45.0,223.0,35.0,37.0,112.94285488143763,0.12186047747876307,6,378
scale-free,400,23,5,13.0,8.0,45.0,45.0,362.0,8.0,6.0,112.94285488143763,0.12186047747876307,6,378
scale-free,400,23,6,2.0,1.0,45.0,45.0,362.0,1.0,1.0,112.94285488143763,0.12186047747876307,6,378
scale-free,400,23,7,6.0,95.0,45.0,45.0,1.0,95.0,95.0,112.94285488143763,0.12186047747876307,6,378
scale-free,400,23,8,103.0,95.0,45.0,45.0,247.0,95.0,95.0,112.94285488143763,0.12186047747876307,6,378
scale-free,400,23,9,103.0,95.0,45.0,45.0,247.0,95.0,95.0,112.94285488143763,0.12186047747876307,6,378
scale-free,400,23,10,10.0,95.0,45.0,45.0,4.0,95.0,95.0,112.94285488143763,0.12186047747876307,6,378
scale-free,400,23,11,9.0,7.0,30.0,30.0,265.0,6.0,7.0,112.94285488143763,0.12186047747876307,6,378
scale-free,400,23,12,32.0,41.0,45.0,45.0,362.0,40.0,30.0,112.94285488143763,0.12186047747876307,6,378
scale-free,400,23,13,49.0,95.0,45.0,45.0,10.0,95.0,95.0,112.94285488143763,0.12186047747876307,6,378
scale-free,400,23,14,5.0,4.0,45.0,45.0,362.0,5.0,5.0,112.94285488143763,0.12186047747876307,6,378
scale-free,400,23,15,7.0,11.0,5.0,5.0,223.0,11.0,10.0,112.94285488143763,0.12186047747876307,6,378
scale-free,400,23,16,49.0,95.0,45.0,45.0,50.0,95.0,95.0,112.94285488143763,0.12186047747876307,6,378
scale-free,400,23,17,103.0,95.0,45.0,45.0,50.0,95.0,95.0,112.94285488143763,0.12186047747876307,6,378
scale-free,400,23,18,49.0,60.0,32.0,32.0,50.0,60.0,74.0,112.94285488143763,0.12186047747876307,6,378
scale-free,400,23,19,49.0,28.0,45.0,45.0,362.0,28.0,20.0,112.94285488143763,0.12186047747876307,6,378
scale-free,400,23,20,49.0,43.0,16.0,16.0,223.0,43.0,57.0,112.94285488143763,0.12186047747876307,6,378
scale-free,400,23,21,21.0,20.0,45.0,45.0,362.0,13.0,9.0,112.94285488143763,0.12186047747876307,6,378
scale-free,400,23,22,11.0,9.0,10.0,10.0,223.0,9.0,18.0,112.94285488143763,0.12186047747876307,6,378
scale-free,400,23,23,27.0,53.0,19.0,19.0,4.0,53.0,49.0,112.94285488143763,0.12186047747876307,6,378
scale-free,400,23,24,49.0,95.0,45.0,45.0,50.0,95.0,95.0,112.94285488143763,0.12186047747876307,6,378
scale-free,400,23,25,103.0,95.0,45.0,45.0,50.0,95.0,95.0,112.94285488143763,0.12186047747876307,6,378
scale-free,400,23,26,21.0,95.0,45.0,45.0,10.0,95.0,95.0,112.94285488143763,0.12186047747876307,6,378
scale-free,400,23,27,103.0,95.0,45.0,45.0,10.0,95.0,95.0,112.94285488143763,0.12186047747876307,6,378
scale-free,400,23,28,14.0,10.0,45.0,45.0,362.0,10.0,11.0,112.94285488143763,0.12186047747876307,6,378
scale-free,400,23,29,32.0,95.0,45.0,45.0,10.0,95.0,95.0,112.94285488143763,0.12186047747876307,6,378
scale-free,400,23,30,8.0,22.0,4.0,4.0,223.0,22.0,13.0,112.94285488143763,0.12186047747876307,6,378
scale-free,400,23,31,187.0,95.0,45.0,45.0,265.0,95.0,95.0,112.94285488143763,0.12186047747876307,6,378
scale-free,400,23,32,32.0,95.0,45.0,45.0,50.0,95.0,95.0,112.94285488143763,0.12186047747876307,6,378
scale-free,400,23,33,14.0,44.0,7.0,7.0,223.0,44.0,25.0,112.94285488143763,0.12186047747876307,6,378
scale-free,400,23,34,11.0,60.0,35.0,35.0,50.0,60.0,64.0,112.94285488143763,0.12186047747876307,6,378
scale-free,400,23,35,19.0,39.0,9.0,9.0,223.0,38.0,48.0,112.94285488143763,0.12186047747876307,6,378
scale-free,400,23,36,38.0,95.0,45.0,45.0,10.0,95.0,95.0,112.94285488143763,0.12186047747876307,6,378
scale-free,400,23,37,103.0,40.0,45.0,45.0,223.0,41.0,58.0,112.94285488143763,0.12186047747876307,6,378
scale-free,400,23,38,103.0,95.0,45.0,45.0,50.0,95.0,95.0,112.94285488143763,0.12186047747876307,6,378
scale-free,400,23,39,103.0,95.0,45.0,45.0,50.0,95.0,95.0,112.94285488143763,0.12186047747876307,6,378
scale-free,400,23,40,103.0,95.0,45.0,45.0,247.0,95.0,95.0,112.94285488143763,0.12186047747876307,6,378
scale-free,400,23,41,38.0,53.0,17.0,17.0,50.0,53.0,47.0,112.94285488143763,0.12186047747876307,6,378
scale-free,400,23,42,103.0,95.0,45.0,45.0,247.0,95.0,95.0,112.94285488143763,0.12186047747876307,6,378
scale-free,400,23,43,187.0,95.0,45.0,45.0,265.0,95.0,95.0,112.94285488143763,0.12186047747876307,6,378
scale-free,400,23,44,70.0,95.0,45.0,45.0,247.0,95.0,95.0,112.94285488143763,0.12186047747876307,6,378
scale-free,400,23,45,187.0,95.0,45.0,45.0,265.0,95.0,95.0,112.94285488143763,0.12186047747876307,6,378
scale-free,400,23,46,103.0,95.0,45.0,45.0,10.0,95.0,95.0,112.94285488143763,0.12186047747876307,6,378
scale-free,400,23,47,27.0,36.0,45.0,45.0,362.0,36.0,14.0,112.94285488143763,0.12186047747876307,6,378
scale-free,400,23,48,187.0,95.0,45.0,45.0,50.0,95.0,95.0,112.94285488143763,0.12186047747876307,6,378
scale-free,400,23,49,38.0,49.0,12.0,12.0,50.0,49.0,26.0,112.94285488143763,0.12186047747876307,6,378
scale-free,400,23,50,103.0,21.0,45.0,45.0,223.0,21.0,41.0,112.94285488143763,0.12186047747876307,6,378
scale-free,400,23,51,21.0,47.0,45.0,45.0,362.0,46.0,15.0,112.94285488143763,0.12186047747876307,6,378
scale-free,400,23,52,187.0,95.0,45.0,45.0,50.0,95.0,95.0,112.94285488143763,0.12186047747876307,6,378
scale-free,400,23,53,16.0,95.0,45.0,45.0,50.0,95.0,95.0,112.94285488143763,0.12186047747876307,6,378
scale-free,400,23,54,70.0,60.0,22.0,21.0,50.0,60.0,50.0,112.94285488143763,0.12186047747876307,6,378
scale-free,400,23,55,103.0,95.0,45.0,45.0,50.0,95.0,95.0,112.94285488143763,0.12186047747876307,6,378
scale-free,400,23,56,187.0,95.0,45.0,45.0,265.0,95.0,95.0,112.94285488143763,0.12186047747876307,6,378
scale-free,400,23,57,103.0,60.0,39.0,39.0,265.0,60.0,50.0,112.94285488143763,0.12186047747876307,6,378
scale-free,400,23,58,21.0,46.0,45.0,45.0,362.0,47.0,27.0,112.94285488143763,0.12186047747876307,6,378
scale-free,400,23,59,103.0,95.0,45.0,45.0,10.0,95.0,95.0,112.94285488143763,0.12186047747876307,6,378
scale-free,400,23,60,187.0,95.0,45.0,45.0,247.0,95.0,95.0,112.94285488143763,0.12186047747876307,6,378
scale-free,400,23,61,103.0,95.0,45.0,45.0,50.0,95.0,95.0,112.94285488143763,0.12186047747876307,6,378
scale-free,400,23,62,103.0,95.0,45.0,45.0,50.0,95.0,95.0,112.94285488143763,0.12186047747876307,6,378
scale-free,400,23,63,187.0,95.0,45.0,45.0,265.0,95.0,95.0,112.94285488143763,0.12186047747876307,6,378
scale-free,400,23,64,27.0,34.0,11.0,11.0,223.0,33.0,35.0,112.94285488143763,0.12186047747876307,6,378
scale-free,400,23,65,103.0,95.0,45.0,45.0,50.0,95.0,95.0,112.94285488143763,0.12186047747876307,6,378
scale-free,400,23,66,49.0,95.0,45.0,45.0,50.0,95.0,95.0,112.94285488143763,0.12186047747876307,6,378
scale-free,400,23,67,16.0,6.0,8.0,8.0,223.0,7.0,8.0,112.94285488143763,0.12186047747876307,6,378
scale-free,400,23,68,103.0,95.0,45.0,45.0,10.0,95.0,95.0,112.94285488143763,0.12186047747876307,6,378
scale-free,400,23,69,49.0,30.0,15.0,15.0,247.0,30.0,29.0,112.94285488143763,0.12186047747876307,6,378
scale-free,400,23,70,70.0,95.0,45.0,45.0,4.0,95.0,95.0,112.94285488143763,0.12186047747876307,6,378
scale-free,400,23,71,103.0,95.0,45.0,45.0,50.0,95.0,95.0,112.94285488143763,0.12186047747876307,6,378
scale-free,400,23,72,187.0,95.0,45.0,45.0,50.0,95.0,95.0,112.94285488143763,0.12186047747876307,6,378
scale-free,400,23,73,103.0,95.0,45.0,45.0,50.0,95.0,95.0,112.94285488143763,0.12186047747876307,6,378
scale-free,400,23,74,103.0,38.0,45.0,45.0,265.0,39.0,63.0,112.94285488143763,0.12186047747876307,6,378
scale-free,400,23,75,103.0,60.0,39.0,39.0,265.0,60.0,50.0,112.94285488143763,0.12186047747876307,6,378
scale-free,400,23,76,70.0,95.0,45.0,45.0,50.0,95.0,95.0,112.94285488143763,0.12186047747876307,6,378
scale-free,400,23,77,103.0,95.0,45.0,45.0,50.0,95.0,95.0,112.94285488143763,0.12186047747876307,6,378
scale-free,400,23,78,49.0,53.0,25.0,25.0,50.0,53.0,71.0,112.94285488143763,0.12186047747876307,6,378
scale-free,400,23,79,187.0,95.0,45.0,45.0,265.0,95.0,95.0,112.94285488143763,0.12186047747876307,6,378
scale-free,400,23,80,103.0,60.0,43.0,43.0,265.0,60.0,64.0,112.94285488143763,0.12186047747876307,6,378
scale-free,400,23,81,49.0,26.0,36.0,36.0,223.0,25.0,19.0,112.94285488143763,0.12186047747876307,6,378
scale-free,400,23,82,187.0,95.0,45.0,45.0,265.0,95.0,95.0,112.94285488143763,0.12186047747876307,6,378
scale-free,400,23,83,16.0,48.0,14.0,14.0,50.0,48.0,31.0,112.94285488143763,0.12186047747876307,6,378
scale-free,400,23,84,103.0,95.0,45.0,45.0,50.0,95.0,95.0,112.94285488143763,0.12186047747876307,6,378
scale-free,400,23,85,70.0,12.0,45.0,45.0,362.0,12.0,24.0,112.94285488143763,0.12186047747876307,6,378
scale-free,400,23,86,187.0,95.0,45.0,45.0,265.0,95.0,95.0,112.94285488143763,0.12186047747876307,6,378
scale-free,400,23,87,187.0,24.0,45.0,45.0,362.0,26.0,22.0,112.94285488143763,0.12186047747876307,6,378
scale-free,400,23,88,38.0,52.0,18.0,18.0,50.0,52.0,39.0,112.94285488143763,0.12186047747876307,6,378
scale-free,400,23,89,70.0,95.0,45.0,45.0,50.0,95.0,95.0,112.94285488143763,0.12186047747876307,6,378
scale-free,400,23,90,187.0,95.0,45.0,45.0,265.0,95.0,95.0,112.94285488143763,0.12186047747876307,6,378
scale-free,400,23,91,187.0,95.0,45.0,45.0,10.0,95.0,95.0,112.94285488143763,0.12186047747876307,6,378
scale-free,400,23,92,38.0,95.0,45.0,45.0,50.0,95.0,95.0,112.94285488143763,0.12186047747876307,6,378
scale-free,400,23,93,187.0,45.0,45.0,45.0,362.0,45.0,60.0,112.94285488143763,0.12186047747876307,6,378
scale-free,400,23,94,21.0,95.0,45.0,45.0,10.0,95.0,95.0,112.94285488143763,0.12186047747876307,6,378
scale-free,400,23,95,70.0,95.0,45.0,45.0,50.0,95.0,95.0,112.94285488143763,0.12186047747876307,6,378
scale-free,400,23,96,70.0,58.0,38.0,38.0,247.0,58.0,61.0,112.94285488143763,0.12186047747876307,6,378
scale-free,400,23,97,49.0,95.0,45.0,45.0,50.0,95.0,95.0,112.94285488143763,0.12186047747876307,6,378
scale-free,400,23,98,103.0,95.0,45.0,45.0,50.0,95.0,95.0,112.94285488143763,0.12186047747876307,6,378
scale-free,400,23,99,70.0,95.0,45.0,45.0,50.0,95.0,95.0,112.94285488143763,0.12186047747876307,6,378
scale-free,400,23,100,38.0,95.0,45.0,45.0,10.0,95.0,95.0,112.94285488143763,0.12186047747876307,6,378
scale-free,400,23,101,70.0,18.0,33.0,31.0,223.0,19.0,41.0,112.94285488143763,0.12186047747876307,6,378
scale-free,400,23,102,49.0,49.0,45.0,45.0,362.0,49.0,40.0,112.94285488143763,0.12186047747876307,6,378
scale-free,400,23,103,21.0,95.0,45.0,45.0,10.0,95.0,95.0,112.94285488143763,0.12186047747876307,6,378
scale-free,400,23,104,38.0,95.0,45.0,45.0,4.0,95.0,95.0,112.94285488143763,0.12186047747876307,6,378
scale-free,400,23,105,187.0,95.0,45.0,45.0,50.0,95.0,95.0,112.94285488143763,0.12186047747876307,6,378
scale-free,400,23,106,49.0,95.0,45.0,45.0,10.0,95.0,95.0,112.94285488143763,0.12186047747876307,6,378
scale-free,400,23,107,103.0,95.0,45.0,45.0,50.0,95.0,95.0,112.94285488143763,0.12186047747876307,6,378
scale-free,400,23,108,187.0,60.0,45.0,45.0,362.0,60.0,93.0,112.94285488143763,0.12186047747876307,6,378
scale-free,400,23,109,187.0,95.0,45.0,45.0,265.0,95.0,95.0,112.94285488143763,0.12186047747876307,6,378
scale-free,400,23,110,103.0,95.0,45.0,45.0,50.0,95.0,95.0,112.94285488143763,0.12186047747876307,6,378
scale-free,400,23,111,70.0,42.0,6.0,6.0,223.0,42.0,72.0,112.94285488143763,0.12186047747876307,6,378
scale-free,400,23,112,32.0,95.0,45.0,45.0,10.0,95.0,95.0,112.94285488143763,0.12186047747876307,6,378
scale-free,400,23,113,187.0,95.0,45.0,45.0,265.0,95.0,95.0,112.94285488143763,0.12186047747876307,6,378
scale-free,400,23,114,187.0,95.0,45.0,45.0,50.0,95.0,95.0,112.94285488143763,0.12186047747876307,6,378
scale-free,400,23,115,70.0,95.0,45.0,45.0,50.0,95.0,95.0,112.94285488143763,0.12186047747876307,6,378
scale-free,400,23,116,103.0,95.0,45.0,45.0,265.0,95.0,95.0,112.94285488143763,0.12186047747876307,6,378
scale-free,400,23,117,103.0,95.0,45.0,45.0,10.0,95.0,95.0,112.94285488143763,0.12186047747876307,6,378
scale-free,400,23,118,103.0,95.0,45.0,45.0,10.0,95.0,95.0,112.94285488143763,0.12186047747876307,6,378
scale-free,400,23,119,49.0,95.0,45.0,45.0,50.0,95.0,95.0,112.94285488143763,0.12186047747876307,6,378
scale-free,400,23,120,103.0,95.0,45.0,45.0,50.0,95.0,95.0,112.94285488143763,0.12186047747876307,6,378
scale-free,400,23,121,70.0,95.0,45.0,45.0,10.0,95.0,95.0,112.94285488143763,0.12186047747876307,6,378
scale-free,400,23,122,70.0,95.0,45.0,45.0,247.0,95.0,95.0,112.94285488143763,0.12186047747876307,6,378
scale-free,400,23,123,103.0,95.0,45.0,45.0,50.0,95.0,95.0,112.94285488143763,0.12186047747876307,6,378
scale-free,400,23,124,49.0,95.0,45.0,45.0,50.0,95.0,95.0,112.94285488143763,0.12186047747876307,6,378
scale-free,400,23,125,38.0,95.0,45.0,45.0,10.0,95.0,95.0,112.94285488143763,0.12186047747876307,6,378
scale-free,400,23,126,38.0,95.0,45.0,45.0,10.0,95.0,95.0,112.94285488143763,0.12186047747876307,6,378
scale-free,400,23,127,187.0,95.0,45.0,45.0,50.0,95.0,95.0,112.94285488143763,0.12186047747876307,6,378
scale-free,400,23,128,70.0,95.0,45.0,45.0,50.0,95.0,95.0,112.94285488143763,0.12186047747876307,6,378
scale-free,400,23,129,103.0,60.0,21.0,22.0,50.0,60.0,50.0,112.94285488143763,0.12186047747876307,6,378
scale-free,400,23,130,103.0,24.0,45.0,45.0,265.0,26.0,22.0,112.94285488143763,0.12186047747876307,6,378
scale-free,400,23,131,187.0,95.0,45.0,45.0,265.0,95.0,95.0,112.94285488143763,0.12186047747876307,6,378
scale-free,400,23,132,103.0,95.0,45.0,45.0,265.0,95.0,95.0,112.94285488143763,0.12186047747876307,6,378
scale-free,400,23,133,103.0,95.0,45.0,45.0,50.0,95.0,95.0,112.94285488143763,0.12186047747876307,6,378
scale-free,400,23,134,187.0,95.0,45.0,45.0,265.0,95.0,95.0,112.94285488143763,0.12186047747876307,6,378
scale-free,400,23,135,187.0,60.0,45.0,45.0,362.0,60.0,84.0,112.94285488143763,0.12186047747876307,6,378
scale-free,400,23,136,103.0,95.0,45.0,45.0,50.0,95.0,95.0,112.94285488143763,0.12186047747876307,6,378
scale-free,400,23,137,38.0,33.0,45.0,45.0,247.0,34.0,37.0,112.94285488143763,0.12186047747876307,6,378
scale-free,400,23,138,187.0,95.0,45.0,45.0,50.0,95.0,95.0,112.94285488143763,0.12186047747876307,6,378
scale-free,400,23,139,49.0,37.0,31.0,33.0,223.0,37.0,21.0,112.94285488143763,0.12186047747876307,6,378
scale-free,400,23,140,32.0,95.0,45.0,45.0,50.0,95.0,95.0,112.94285488143763,0.12186047747876307,6,378
scale-free,400,23,141,70.0,32.0,25.0,25.0,223.0,32.0,28.0,112.94285488143763,0.12186047747876307,6,378
scale-free,400,23,142,187.0,95.0,45.0,45.0,50.0,95.0,95.0,112.94285488143763,0.12186047747876307,6,378
scale-free,400,23,143,187.0,95.0,45.0,45.0,50.0,95.0,95.0,112.94285488143763,0.12186047747876307,6,378
scale-free,400,23,144,187.0,95.0,45.0,45.0,50.0,95.0,95.0,112.94285488143763,0.12186047747876307,6,378
scale-free,400,23,145,187.0,95.0,45.0,45.0,265.0,95.0,95.0,112.94285488143763,0.12186047747876307,6,378
scale-free,400,23,146,187.0,95.0,45.0,45.0,50.0,95.0,95.0,112.94285488143763,0.12186047747876307,6,378
scale-free,400,23,147,187.0,95.0,45.0,45.0,265.0,95.0,95.0,112.94285488143763,0.12186047747876307,6,378
scale-free,400,23,148,103.0,95.0,45.0,45.0,50.0,95.0,95.0,112.94285488143763,0.12186047747876307,6,378
scale-free,400,23,149,103.0,95.0,45.0,45.0,50.0,95.0,95.0,112.94285488143763,0.12186047747876307,6,378
scale-free,400,23,150,70.0,95.0,45.0,45.0,10.0,95.0,95.0,112.94285488143763,0.12186047747876307,6,378
scale-free,400,23,151,32.0,95.0,45.0,45.0,2.0,95.0,95.0,112.94285488143763,0.12186047747876307,6,378
scale-free,400,23,152,187.0,95.0,45.0,45.0,50.0,95.0,95.0,112.94285488143763,0.12186047747876307,6,378
scale-free,400,23,153,187.0,14.0,45.0,45.0,362.0,16.0,41.0,112.94285488143763,0.12186047747876307,6,378
scale-free,400,23,154,187.0,95.0,45.0,45.0,265.0,95.0,95.0,112.94285488143763,0.12186047747876307,6,378
scale-free,400,23,155,70.0,95.0,45.0,45.0,4.0,95.0,95.0,112.94285488143763,0.12186047747876307,6,378
scale-free,400,23,156,103.0,95.0,45.0,45.0,247.0,95.0,95.0,112.94285488143763,0.12186047747876307,6,378
scale-free,400,23,157,103.0,95.0,45.0,45.0,50.0,95.0,95.0,112.94285488143763,0.12186047747876307,6,378
scale-free,400,23,158,103.0,95.0,45.0,45.0,10.0,95.0,95.0,112.94285488143763,0.12186047747876307,6,378
scale-free,400,23,159,187.0,60.0,45.0,45.0,362.0,60.0,74.0,112.94285488143763,0.12186047747876307,6,378
scale-free,400,23,160,187.0,95.0,45.0,45.0,50.0,95.0,95.0,112.94285488143763,0.12186047747876307,6,378
scale-free,400,23,161,187.0,95.0,45.0,45.0,265.0,95.0,95.0,112.94285488143763,0.12186047747876307,6,378
scale-free,400,23,162,187.0,95.0,45.0,45.0,50.0,95.0,95.0,112.94285488143763,0.12186047747876307,6,378
scale-free,400,23,163,49.0,60.0,34.0,34.0,50.0,60.0,81.0,112.94285488143763,0.12186047747876307,6,378
scale-free,400,23,164,70.0,60.0,37.0,37.0,246.0,60.0,89.0,112.94285488143763,0.12186047747876307,6,378
scale-free,400,23,165,187.0,95.0,45.0,45.0,50.0,95.0,95.0,112.94285488143763,0.12186047747876307,6,378
scale-free,400,23,166,103.0,95.0,45.0,45.0,247.0,95.0,95.0,112.94285488143763,0.12186047747876307,6,378
scale-free,400,23,167,70.0,95.0,45.0,45.0,50.0,95.0,95.0,112.94285488143763,0.12186047747876307,6,378
scale-free,400,23,168,103.0,95.0,45.0,45.0,50.0,95.0,95.0,112.94285488143763,0.12186047747876307,6,378
scale-free,400,23,169,19.0,29.0,13.0,13.0,223.0,29.0,17.0,112.94285488143763,0.12186047747876307,6,378
scale-free,400,23,170,103.0,95.0,45.0,45.0,50.0,95.0,95.0,112.94285488143763,0.12186047747876307,6,378
scale-free,400,23,171,103.0,18.0,45.0,45.0,223.0,19.0,41.0,112.94285488143763,0.12186047747876307,6,378
scale-free,400,23,172,187.0,95.0,45.0,45.0,50.0,95.0,95.0,112.94285488143763,0.12186047747876307,6,378
scale-free,400,23,173,187.0,95.0,45.0,45.0,265.0,95.0,95.0,112.94285488143763,0.12186047747876307,6,378
scale-free,400,23,174,103.0,60.0,45.0,45.0,265.0,60.0,81.0,112.94285488143763,0.12186047747876307,6,378
scale-free,400,23,175,70.0,95.0,45.0,45.0,10.0,95.0,95.0,112.94285488143763,0.12186047747876307,6,378
scale-free,400,23,176,49.0,60.0,22.0,22.0,50.0,60.0,50.0,112.94285488143763,0.12186047747876307,6,378
scale-free,400,23,177,70.0,95.0,45.0,45.0,10.0,95.0,95.0,112.94285488143763,0.12186047747876307,6,378
scale-free,400,23,178,187.0,95.0,45.0,45.0,50.0,95.0,95.0,112.94285488143763,0.12186047747876307,6,378
scale-free,400,23,179,70.0,95.0,45.0,45.0,10.0,95.0,95.0,112.94285488143763,0.12186047747876307,6,378
scale-free,400,23,180,187.0,95.0,45.0,45.0,265.0,95.0,95.0,112.94285488143763,0.12186047747876307,6,378
scale-free,400,23,181,49.0,95.0,45.0,45.0,10.0,95.0,95.0,112.94285488143763,0.12186047747876307,6,378
scale-free,400,23,182,103.0,60.0,45.0,45.0,265.0,60.0,92.0,112.94285488143763,0.12186047747876307,6,378
scale-free,400,23,183,187.0,95.0,45.0,45.0,265.0,95.0,95.0,112.94285488143763,0.12186047747876307,6,378
scale-free,400,23,184,187.0,95.0,45.0,45.0,265.0,95.0,95.0,112.94285488143763,0.12186047747876307,6,378
scale-free,400,23,185,103.0,95.0,45.0,45.0,50.0,95.0,95.0,112.94285488143763,0.12186047747876307,6,378
scale-free,400,23,186,70.0,95.0,45.0,45.0,4.0,95.0,95.0,112.94285488143763,0.12186047747876307,6,378
scale-free,400,23,187,70.0,95.0,45.0,45.0,50.0,95.0,95.0,112.94285488143763,0.12186047747876307,6,378
scale-free,400,23,188,38.0,95.0,45.0,45.0,10.0,95.0,95.0,112.94285488143763,0.12186047747876307,6,378
scale-free,400,23,189,187.0,95.0,45.0,45.0,50.0,95.0,95.0,112.94285488143763,0.12186047747876307,6,378
scale-free,400,23,190,103.0,53.0,45.0,45.0,362.0,53.0,59.0,112.94285488143763,0.12186047747876307,6,378
scale-free,400,23,191,187.0,95.0,45.0,45.0,50.0,95.0,95.0,112.94285488143763,0.12186047747876307,6,378
scale-free,400,23,192,103.0,31.0,45.0,45.0,362.0,31.0,34.0,112.94285488143763,0.12186047747876307,6,378
scale-free,400,23,193,70.0,17.0,24.0,24.0,223.0,15.0,32.0,112.94285488143763,0.12186047747876307,6,378
scale-free,400,23,194,103.0,95.0,45.0,45.0,50.0,95.0,95.0,112.94285488143763,0.12186047747876307,6,378
scale-free,400,23,195,103.0,95.0,45.0,45.0,10.0,95.0,95.0,112.94285488143763,0.12186047747876307,6,378
scale-free,400,23,196,187.0,95.0,45.0,45.0,50.0,95.0,95.0,112.94285488143763,0.12186047747876307,6,378
scale-free,400,23,197,70.0,95.0,45.0,45.0,50.0,95.0,95.0,112.94285488143763,0.12186047747876307,6,378
scale-free,400,23,198,187.0,95.0,45.0,45.0,50.0,95.0,95.0,112.94285488143763,0.12186047747876307,6,378
scale-free,400,23,199,103.0,95.0,45.0,45.0,10.0,95.0,95.0,112.94285488143763,0.12186047747876307,6,378
scale-free,400,23,200,187.0,95.0,45.0,45.0,50.0,95.0,95.0,112.94285488143763,0.12186047747876307,6,378
scale-free,400,23,201,103.0,95.0,45.0,45.0,50.0,95.0,95.0,112.94285488143763,0.12186047747876307,6,378
scale-free,400,23,202,103.0,95.0,45.0,45.0,50.0,95.0,95.0,112.94285488143763,0.12186047747876307,6,378
scale-free,400,23,203,103.0,60.0,25.0,25.0,50.0,60.0,74.0,112.94285488143763,0.12186047747876307,6,378
scale-free,400,23,204,187.0,95.0,45.0,45.0,50.0,95.0,95.0,112.94285488143763,0.12186047747876307,6,378
scale-free,400,23,205,27.0,27.0,45.0,45.0,362.0,23.0,12.0,112.94285488143763,0.12186047747876307,6,378
scale-free,400,23,206,187.0,95.0,45.0,45.0,10.0,95.0,95.0,112.94285488143763,0.12186047747876307,6,378
scale-free,400,23,207,187.0,95.0,45.0,45.0,265.0,95.0,95.0,112.94285488143763,0.12186047747876307,6,378
scale-free,400,23,208,49.0,95.0,45.0,45.0,10.0,95.0,95.0,112.94285488143763,0.12186047747876307,6,378
scale-free,400,23,209,187.0,95.0,45.0,45.0,265.0,95.0,95.0,112.94285488143763,0.12186047747876307,6,378
scale-free,400,23,210,187.0,95.0,45.0,45.0,265.0,95.0,95.0,112.94285488143763,0.12186047747876307,6,378
scale-free,400,23,211,103.0,95.0,45.0,45.0,50.0,95.0,95.0,112.94285488143763,0.12186047747876307,6,378
scale-free,400,23,212,187.0,95.0,45.0,45.0,50.0,95.0,95.0,112.94285488143763,0.12186047747876307,6,378
scale-free,400,23,213,187.0,95.0,45.0,45.0,50.0,95.0,95.0,112.94285488143763,0.12186047747876307,6,378
scale-free,400,23,214,70.0,95.0,45.0,45.0,50.0,95.0,95.0,112.94285488143763,0.12186047747876307,6,378
scale-free,400,23,215,187.0,95.0,45.0,45.0,50.0,95.0,95.0,112.94285488143763,0.12186047747876307,6,378
scale-free,400,23,216,187.0,95.0,45.0,45.0,50.0,95.0,95.0,112.94285488143763,0.12186047747876307,6,378
scale-free,400,23,217,103.0,60.0,45.0,45.0,50.0,60.0,90.0,112.94285488143763,0.12186047747876307,6,378
scale-free,400,23,218,187.0,95.0,45.0,45.0,50.0,95.0,95.0,112.94285488143763,0.12186047747876307,6,378
scale-free,400,23,219,187.0,95.0,45.0,45.0,265.0,95.0,95.0,112.94285488143763,0.12186047747876307,6,378
scale-free,400,23,220,103.0,95.0,45.0,45.0,265.0,95.0,95.0,112.94285488143763,0.12186047747876307,6,378
scale-free,400,23,221,187.0,95.0,45.0,45.0,265.0,95.0,95.0,112.94285488143763,0.12186047747876307,6,378
scale-free,400,23,222,187.0,95.0,45.0,45.0,50.0,95.0,95.0,112.94285488143763,0.12186047747876307,6,378
scale-free,400,23,223,187.0,95.0,45.0,45.0,50.0,95.0,95.0,112.94285488143763,0.12186047747876307,6,378
scale-free,400,23,224,70.0,95.0,45.0,45.0,50.0,95.0,95.0,112.94285488143763,0.12186047747876307,6,378
scale-free,400,23,225,187.0,95.0,45.0,45.0,50.0,95.0,95.0,112.94285488143763,0.12186047747876307,6,378
scale-free,400,23,226,187.0,60.0,45.0,45.0,362.0,60.0,84.0,112.94285488143763,0.12186047747876307,6,378
scale-free,400,23,227,187.0,95.0,45.0,45.0,50.0,95.0,95.0,112.94285488143763,0.12186047747876307,6,378
scale-free,400,23,228,187.0,95.0,45.0,45.0,265.0,95.0,95.0,112.94285488143763,0.12186047747876307,6,378
scale-free,400,23,229,187.0,95.0,45.0,45.0,50.0,95.0,95.0,112.94285488143763,0.12186047747876307,6,378
scale-free,400,23,230,70.0,51.0,45.0,45.0,362.0,51.0,36.0,112.94285488143763,0.12186047747876307,6,378
scale-free,400,23,231,103.0,60.0,39.0,39.0,265.0,60.0,50.0,112.94285488143763,0.12186047747876307,6,378
scale-free,400,23,232,187.0,95.0,45.0,45.0,50.0,95.0,95.0,112.94285488143763,0.12186047747876307,6,378
scale-free,400,23,233,187.0,95.0,45.0,45.0,3.0,95.0,95.0,112.94285488143763,0.12186047747876307,6,378
scale-free,400,23,234,187.0,95.0,45.0,45.0,265.0,95.0,95.0,112.94285488143763,0.12186047747876307,6,378
scale-free,400,23,235,103.0,95.0,45.0,45.0,265.0,95.0,95.0,112.94285488143763,0.12186047747876307,6,378
scale-free,400,23,236,103.0,95.0,45.0,45.0,247.0,95.0,95.0,112.94285488143763,0.12186047747876307,6,378
scale-free,400,23,237,187.0,95.0,45.0,45.0,265.0,95.0,95.0,112.94285488143763,0.12186047747876307,6,378
scale-free,400,23,238,187.0,95.0,45.0,45.0,265.0,95.0,95.0,112.94285488143763,0.12186047747876307,6,378
scale-free,400,23,239,187.0,95.0,45.0,45.0,50.0,95.0,95.0,112.94285488143763,0.12186047747876307,6,378
scale-free,400,23,240,187.0,95.0,45.0,45.0,50.0,95.0,95.0,112.94285488143763,0.12186047747876307,6,378
scale-free,400,23,241,103.0,95.0,45.0,45.0,50.0,95.0,95.0,112.94285488143763,0.12186047747876307,6,378
scale-free,400,23,242,187.0,95.0,45.0,45.0,50.0,95.0,95.0,112.94285488143763,0.12186047747876307,6,378
scale-free,400,23,243,49.0,23.0,20.0,20.0,223.0,24.0,16.0,112.94285488143763,0.12186047747876307,6,378
scale-free,400,23,244,187.0,95.0,45.0,45.0,50.0,95.0,95.0,112.94285488143763,0.12186047747876307,6,378
scale-free,400,23,245,187.0,95.0,45.0,45.0,10.0,95.0,95.0,112.94285488143763,0.12186047747876307,6,378
scale-free,400,23,246,70.0,60.0,25.0,25.0,50.0,60.0,74.0,112.94285488143763,0.12186047747876307,6,378
scale-free,400,23,247,103.0,60.0,25.0,25.0,50.0,60.0,74.0,112.94285488143763,0.12186047747876307,6,378
scale-free,400,23,248,187.0,95.0,45.0,45.0,50.0,95.0,95.0,112.94285488143763,0.12186047747876307,6,378
scale-free,400,23,249,187.0,95.0,45.0,45.0,50.0,95.0,95.0,112.94285488143763,0.12186047747876307,6,378
scale-free,400,23,250,187.0,95.0,45.0,45.0,50.0,95.0,95.0,112.94285488143763,0.12186047747876307,6,378
scale-free,400,23,251,103.0,95.0,45.0,45.0,50.0,95.0,95.0,112.94285488143763,0.12186047747876307,6,378
scale-free,400,23,252,187.0,95.0,45.0,45.0,265.0,95.0,95.0,112.94285488143763,0.12186047747876307,6,378
scale-free,400,23,253,187.0,95.0,45.0,45.0,265.0,95.0,95.0,112.94285488143763,0.12186047747876307,6,378
scale-free,400,23,254,187.0,95.0,45.0,45.0,265.0,95.0,95.0,112.94285488143763,0.12186047747876307,6,378
scale-free,400,23,255,187.0,95.0,45.0,45.0,10.0,95.0,95.0,112.94285488143763,0.12186047747876307,6,378
scale-free,400,23,256,187.0,95.0,45.0,45.0,50.0,95.0,95.0,112.94285488143763,0.12186047747876307,6,378
scale-free,400,23,257,187.0,95.0,45.0,45.0,50.0,95.0,95.0,112.94285488143763,0.12186047747876307,6,378
scale-free,400,23,258,187.0,95.0,45.0,45.0,265.0,95.0,95.0,112.94285488143763,0.12186047747876307,6,378
scale-free,400,23,259,187.0,95.0,45.0,45.0,50.0,95.0,95.0,112.94285488143763,0.12186047747876307,6,378
scale-free,400,23,260,103.0,95.0,45.0,45.0,50.0,95.0,95.0,112.94285488143763,0.12186047747876307,6,378
scale-free,400,23,261,187.0,95.0,45.0,45.0,265.0,95.0,95.0,112.94285488143763,0.12186047747876307,6,378
scale-free,400,23,262,187.0,95.0,45.0,45.0,50.0,95.0,95.0,112.94285488143763,0.12186047747876307,6,378
scale-free,400,23,263,187.0,95.0,45.0,45.0,50.0,95.0,95.0,112.94285488143763,0.12186047747876307,6,378
scale-free,400,23,264,187.0,95.0,45.0,45.0,265.0,95.0,95.0,112.94285488143763,0.12186047747876307,6,378
scale-free,400,23,265,187.0,95.0,45.0,45.0,265.0,95.0,95.0,112.94285488143763,0.12186047747876307,6,378
scale-free,400,23,266,187.0,95.0,45.0,45.0,50.0,95.0,95.0,112.94285488143763,0.12186047747876307,6,378
scale-free,400,23,267,187.0,95.0,45.0,45.0,265.0,95.0,95.0,112.94285488143763,0.12186047747876307,6,378
scale-free,400,23,268,187.0,95.0,45.0,45.0,265.0,95.0,95.0,112.94285488143763,0.12186047747876307,6,378
scale-free,400,23,269,187.0,60.0,45.0,45.0,362.0,60.0,81.0,112.94285488143763,0.12186047747876307,6,378
scale-free,400,23,270,187.0,95.0,45.0,45.0,265.0,95.0,95.0,112.94285488143763,0.12186047747876307,6,378
scale-free,400,23,271,187.0,95.0,45.0,45.0,265.0,95.0,95.0,112.94285488143763,0.12186047747876307,6,378
scale-free,400,23,272,187.0,95.0,45.0,45.0,50.0,95.0,95.0,112.94285488143763,0.12186047747876307,6,378
scale-free,400,23,273,187.0,95.0,45.0,45.0,265.0,95.0,95.0,112.94285488143763,0.12186047747876307,6,378
scale-free,400,23,274,187.0,95.0,45.0,45.0,265.0,95.0,95.0,112.94285488143763,0.12186047747876307,6,378
scale-free,400,23,275,187.0,14.0,45.0,45.0,362.0,16.0,41.0,112.94285488143763,0.12186047747876307,6,378
scale-free,400,23,276,187.0,95.0,45.0,45.0,50.0,95.0,95.0,112.94285488143763,0.12186047747876307,6,378
scale-free,400,23,277,187.0,95.0,45.0,45.0,50.0,95.0,95.0,112.94285488143763,0.12186047747876307,6,378
scale-free,400,23,278,103.0,95.0,45.0,45.0,10.0,95.0,95.0,112.94285488143763,0.12186047747876307,6,378
scale-free,400,23,279,187.0,95.0,45.0,45.0,265.0,95.0,95.0,112.94285488143763,0.12186047747876307,6,378
scale-free,400,23,280,187.0,95.0,45.0,45.0,265.0,95.0,95.0,112.94285488143763,0.12186047747876307,6,378
scale-free,400,23,281,103.0,95.0,45.0,45.0,50.0,95.0,95.0,112.94285488143763,0.12186047747876307,6,378
scale-free,400,23,282,187.0,60.0,45.0,45.0,362.0,60.0,93.0,112.94285488143763,0.12186047747876307,6,378
scale-free,400,23,283,187.0,95.0,45.0,45.0,10.0,95.0,95.0,112.94285488143763,0.12186047747876307,6,378
scale-free,400,23,284,103.0,60.0,45.0,45.0,50.0,60.0,64.0,112.94285488143763,0.12186047747876307,6,378
scale-free,400,23,285,187.0,95.0,45.0,45.0,265.0,95.0,95.0,112.94285488143763,0.12186047747876307,6,378
scale-free,400,23,286,103.0,58.0,43.0,43.0,265.0,58.0,61.0,112.94285488143763,0.12186047747876307,6,378
scale-free,400,23,287,187.0,95.0,45.0,45.0,50.0,95.0,95.0,112.94285488143763,0.12186047747876307,6,378
scale-free,400,23,288,187.0,95.0,45.0,45.0,50.0,95.0,95.0,112.94285488143763,0.12186047747876307,6,378
scale-free,400,23,289,187.0,95.0,45.0,45.0,50.0,95.0,95.0,112.94285488143763,0.12186047747876307,6,378
scale-free,400,23,290,187.0,95.0,45.0,45.0,50.0,95.0,95.0,112.94285488143763,0.12186047747876307,6,378
scale-free,400,23,291,187.0,95.0,45.0,45.0,265.0,95.0,95.0,112.94285488143763,0.12186047747876307,6,378
scale-free,400,23,292,187.0,60.0,45.0,45.0,362.0,60.0,64.0,112.94285488143763,0.12186047747876307,6,378
scale-free,400,23,293,187.0,95.0,45.0,45.0,50.0,95.0,95.0,112.94285488143763,0.12186047747876307,6,378
scale-free,400,23,294,187.0,95.0,45.0,45.0,265.0,95.0,95.0,112.94285488143763,0.12186047747876307,6,378
scale-free,400,23,295,187.0,95.0,45.0,45.0,50.0,95.0,95.0,112.94285488143763,0.12186047747876307,6,378
scale-free,400,23,296,187.0,60.0,45.0,45.0,362.0,60.0,64.0,112.94285488143763,0.12186047747876307,6,378
scale-free,400,23,297,103.0,95.0,45.0,45.0,10.0,95.0,95.0,112.94285488143763,0.12186047747876307,6,378
scale-free,400,23,298,187.0,95.0,45.0,45.0,265.0,95.0,95.0,112.94285488143763,0.12186047747876307,6,378
scale-free,400,23,299,187.0,95.0,45.0,45.0,247.0,95.0,95.0,112.94285488143763,0.12186047747876307,6,378
scale-free,400,23,300,103.0,13.0,45.0,45.0,362.0,14.0,32.0,112.94285488143763,0.12186047747876307,6,378
scale-free,400,23,301,187.0,60.0,45.0,45.0,362.0,60.0,64.0,112.94285488143763,0.12186047747876307,6,378
scale-free,400,23,302,187.0,95.0,45.0,45.0,10.0,95.0,95.0,112.94285488143763,0.12186047747876307,6,378
scale-free,400,23,303,187.0,60.0,45.0,45.0,362.0,60.0,84.0,112.94285488143763,0.12186047747876307,6,378
scale-free,400,23,304,187.0,95.0,45.0,45.0,265.0,95.0,95.0,112.94285488143763,0.12186047747876307,6,378
scale-free,400,23,305,187.0,95.0,45.0,45.0,50.0,95.0,95.0,112.94285488143763,0.12186047747876307,6,378
scale-free,400,23,306,103.0,95.0,45.0,45.0,50.0,95.0,95.0,112.94285488143763,0.12186047747876307,6,378
scale-free,400,23,307,187.0,95.0,45.0,45.0,50.0,95.0,95.0,112.94285488143763,0.12186047747876307,6,378
scale-free,400,23,308,187.0,95.0,45.0,45.0,50.0,95.0,95.0,112.94285488143763,0.12186047747876307,6,378
scale-free,400,23,309,187.0,95.0,45.0,45.0,50.0,95.0,95.0,112.94285488143763,0.12186047747876307,6,378
scale-free,400,23,310,187.0,95.0,45.0,45.0,50.0,95.0,95.0,112.94285488143763,0.12186047747876307,6,378
scale-free,400,23,311,187.0,95.0,45.0,45.0,265.0,95.0,95.0,112.94285488143763,0.12186047747876307,6,378
scale-free,400,23,312,70.0,95.0,45.0,45.0,50.0,95.0,95.0,112.94285488143763,0.12186047747876307,6,378
scale-free,400,23,313,187.0,95.0,45.0,45.0,50.0,95.0,95.0,112.94285488143763,0.12186047747876307,6,378
scale-free,400,23,314,187.0,95.0,45.0,45.0,50.0,95.0,95.0,112.94285488143763,0.12186047747876307,6,378
scale-free,400,23,315,103.0,95.0,45.0,45.0,50.0,95.0,95.0,112.94285488143763,0.12186047747876307,6,378
scale-free,400,23,316,187.0,95.0,45.0,45.0,265.0,95.0,95.0,112.94285488143763,0.12186047747876307,6,378
scale-free,400,23,317,187.0,95.0,45.0,45.0,10.0,95.0,95.0,112.94285488143763,0.12186047747876307,6,378
scale-free,400,23,318,187.0,95.0,45.0,45.0,50.0,95.0,95.0,112.94285488143763,0.12186047747876307,6,378
scale-free,400,23,319,187.0,60.0,45.0,45.0,362.0,60.0,84.0,112.94285488143763,0.12186047747876307,6,378
scale-free,400,23,320,187.0,95.0,45.0,45.0,265.0,95.0,95.0,112.94285488143763,0.12186047747876307,6,378
scale-free,400,23,321,187.0,95.0,45.0,45.0,265.0,95.0,95.0,112.94285488143763,0.12186047747876307,6,378
scale-free,400,23,322,187.0,95.0,45.0,45.0,265.0,95.0,95.0,112.94285488143763,0.12186047747876307,6,378
scale-free,400,23,323,187.0,95.0,45.0,45.0,265.0,95.0,95.0,112.94285488143763,0.12186047747876307,6,378
scale-free,400,23,324,187.0,95.0,45.0,45.0,50.0,95.0,95.0,112.94285488143763,0.12186047747876307,6,378
scale-free,400,23,325,187.0,95.0,45.0,45.0,265.0,95.0,95.0,112.94285488143763,0.12186047747876307,6,378
scale-free,400,23,326,103.0,95.0,45.0,45.0,50.0,95.0,95.0,112.94285488143763,0.12186047747876307,6,378
scale-free,400,23,327,187.0,95.0,45.0,45.0,50.0,95.0,95.0,112.94285488143763,0.12186047747876307,6,378
scale-free,400,23,328,187.0,95.0,45.0,45.0,50.0,95.0,95.0,112.94285488143763,0.12186047747876307,6,378
scale-free,400,23,329,187.0,95.0,45.0,45.0,50.0,95.0,95.0,112.94285488143763,0.12186047747876307,6,378
scale-free,400,23,330,187.0,95.0,45.0,45.0,265.0,95.0,95.0,112.94285488143763,0.12186047747876307,6,378
scale-free,400,23,331,103.0,95.0,45.0,45.0,50.0,95.0,95.0,112.94285488143763,0.12186047747876307,6,378
scale-free,400,23,332,187.0,95.0,45.0,45.0,50.0,95.0,95.0,112.94285488143763,0.12186047747876307,6,378
scale-free,400,23,333,187.0,95.0,45.0,45.0,50.0,95.0,95.0,112.94285488143763,0.12186047747876307,6,378
scale-free,400,23,334,187.0,95.0,45.0,45.0,247.0,95.0,95.0,112.94285488143763,0.12186047747876307,6,378
scale-free,400,23,335,103.0,95.0,45.0,45.0,50.0,95.0,95.0,112.94285488143763,0.12186047747876307,6,378
scale-free,400,23,336,187.0,95.0,45.0,45.0,265.0,95.0,95.0,112.94285488143763,0.12186047747876307,6,378
scale-free,400,23,337,187.0,95.0,45.0,45.0,265.0,95.0,95.0,112.94285488143763,0.12186047747876307,6,378
scale-free,400,23,338,187.0,95.0,45.0,45.0,265.0,95.0,95.0,112.94285488143763,0.12186047747876307,6,378
scale-free,400,23,339,187.0,60.0,45.0,45.0,362.0,60.0,74.0,112.94285488143763,0.12186047747876307,6,378
scale-free,400,23,340,187.0,95.0,45.0,45.0,50.0,95.0,95.0,112.94285488143763,0.12186047747876307,6,378
scale-free,400,23,341,187.0,95.0,45.0,45.0,265.0,95.0,95.0,112.94285488143763,0.12186047747876307,6,378
scale-free,400,23,342,187.0,95.0,45.0,45.0,265.0,95.0,95.0,112.94285488143763,0.12186047747876307,6,378
scale-free,400,23,343,70.0,95.0,45.0,45.0,10.0,95.0,95.0,112.94285488143763,0.12186047747876307,6,378
scale-free,400,23,344,187.0,95.0,45.0,45.0,50.0,95.0,95.0,112.94285488143763,0.12186047747876307,6,378
scale-free,400,23,345,187.0,95.0,45.0,45.0,50.0,95.0,95.0,112.94285488143763,0.12186047747876307,6,378
scale-free,400,23,346,103.0,95.0,45.0,45.0,50.0,95.0,95.0,112.94285488143763,0.12186047747876307,6,378
scale-free,400,23,347,187.0,95.0,45.0,45.0,50.0,95.0,95.0,112.94285488143763,0.12186047747876307,6,378
scale-free,400,23,348,103.0,95.0,45.0,45.0,50.0,95.0,95.0,112.94285488143763,0.12186047747876307,6,378
scale-free,400,23,349,187.0,95.0,45.0,45.0,265.0,95.0,95.0,112.94285488143763,0.12186047747876307,6,378
scale-free,400,23,350,187.0,95.0,45.0,45.0,265.0,95.0,95.0,112.94285488143763,0.12186047747876307,6,378
scale-free,400,23,351,187.0,95.0,45.0,45.0,265.0,95.0,95.0,112.94285488143763,0.12186047747876307,6,378
scale-free,400,23,352,187.0,95.0,45.0,45.0,265.0,95.0,95.0,112.94285488143763,0.12186047747876307,6,378
scale-free,400,23,353,187.0,60.0,45.0,45.0,362.0,60.0,90.0,112.94285488143763,0.12186047747876307,6,378
scale-free,400,23,354,187.0,95.0,45.0,45.0,265.0,95.0,95.0,112.94285488143763,0.12186047747876307,6,378
scale-free,400,23,355,187.0,95.0,45.0,45.0,50.0,95.0,95.0,112.94285488143763,0.12186047747876307,6,378
scale-free,400,23,356,187.0,95.0,45.0,45.0,50.0,95.0,95.0,112.94285488143763,0.12186047747876307,6,378
scale-free,400,23,357,103.0,60.0,39.0,39.0,265.0,60.0,50.0,112.94285488143763,0.12186047747876307,6,378
scale-free,400,23,358,187.0,95.0,45.0,45.0,265.0,95.0,95.0,112.94285488143763,0.12186047747876307,6,378
scale-free,400,23,359,187.0,95.0,45.0,45.0,265.0,95.0,95.0,112.94285488143763,0.12186047747876307,6,378
scale-free,400,23,360,187.0,95.0,45.0,45.0,247.0,95.0,95.0,112.94285488143763,0.12186047747876307,6,378
scale-free,400,23,361,187.0,95.0,45.0,45.0,265.0,95.0,95.0,112.94285488143763,0.12186047747876307,6,378
scale-free,400,23,362,187.0,95.0,45.0,45.0,50.0,95.0,95.0,112.94285488143763,0.12186047747876307,6,378
scale-free,400,23,363,187.0,95.0,45.0,45.0,50.0,95.0,95.0,112.94285488143763,0.12186047747876307,6,378
scale-free,400,23,364,187.0,95.0,45.0,45.0,265.0,95.0,95.0,112.94285488143763,0.12186047747876307,6,378
scale-free,400,23,365,187.0,95.0,45.0,45.0,247.0,95.0,95.0,112.94285488143763,0.12186047747876307,6,378
scale-free,400,23,366,187.0,95.0,45.0,45.0,50.0,95.0,95.0,112.94285488143763,0.12186047747876307,6,378
scale-free,400,23,367,187.0,95.0,45.0,45.0,265.0,95.0,95.0,112.94285488143763,0.12186047747876307,6,378
scale-free,400,23,368,187.0,95.0,45.0,45.0,50.0,95.0,95.0,112.94285488143763,0.12186047747876307,6,378
scale-free,400,23,369,187.0,95.0,45.0,45.0,265.0,95.0,95.0,112.94285488143763,0.12186047747876307,6,378
scale-free,400,23,370,187.0,95.0,45.0,45.0,50.0,95.0,95.0,112.94285488143763,0.12186047747876307,6,378
scale-free,400,23,371,187.0,95.0,45.0,45.0,265.0,95.0,95.0,112.94285488143763,0.12186047747876307,6,378
scale-free,400,23,372,187.0,95.0,45.0,45.0,50.0,95.0,95.0,112.94285488143763,0.12186047747876307,6,378
scale-free,400,23,373,187.0,95.0,45.0,45.0,50.0,95.0,95.0,112.94285488143763,0.12186047747876307,6,378
scale-free,400,23,374,187.0,95.0,45.0,45.0,265.0,95.0,95.0,112.94285488143763,0.12186047747876307,6,378
scale-free,400,23,375,187.0,95.0,45.0,45.0,50.0,95.0,95.0,112.94285488143763,0.12186047747876307,6,378
scale-free,400,23,376,187.0,95.0,45.0,45.0,50.0,95.0,95.0,112.94285488143763,0.12186047747876307,6,378
scale-free,400,23,377,187.0,95.0,45.0,45.0,10.0,95.0,95.0,112.94285488143763,0.12186047747876307,6,378
scale-free,400,23,378,187.0,57.0,45.0,45.0,362.0,53.0,73.0,112.94285488143763,0.12186047747876307,6,378
scale-free,400,23,379,187.0,95.0,45.0,45.0,50.0,95.0,95.0,112.94285488143763,0.12186047747876307,6,378
scale-free,400,23,380,187.0,95.0,45.0,45.0,247.0,95.0,95.0,112.94285488143763,0.12186047747876307,6,378
scale-free,400,23,381,187.0,95.0,45.0,45.0,50.0,95.0,95.0,112.94285488143763,0.12186047747876307,6,378
scale-free,400,23,382,187.0,95.0,45.0,45.0,265.0,95.0,95.0,112.94285488143763,0.12186047747876307,6,378
scale-free,400,23,383,187.0,95.0,45.0,45.0,265.0,95.0,95.0,112.94285488143763,0.12186047747876307,6,378
scale-free,400,23,384,187.0,95.0,45.0,45.0,10.0,95.0,95.0,112.94285488143763,0.12186047747876307,6,378
scale-free,400,23,385,187.0,60.0,45.0,45.0,362.0,60.0,74.0,112.94285488143763,0.12186047747876307,6,378
scale-free,400,23,386,187.0,95.0,45.0,45.0,50.0,95.0,95.0,112.94285488143763,0.12186047747876307,6,378
scale-free,400,23,387,187.0,14.0,45.0,45.0,362.0,16.0,41.0,112.94285488143763,0.12186047747876307,6,378
scale-free,400,23,388,187.0,95.0,45.0,45.0,50.0,95.0,95.0,112.94285488143763,0.12186047747876307,6,378
scale-free,400,23,389,187.0,95.0,45.0,45.0,50.0,95.0,95.0,112.94285488143763,0.12186047747876307,6,378
scale-free,400,23,390,187.0,95.0,45.0,45.0,265.0,95.0,95.0,112.94285488143763,0.12186047747876307,6,378
scale-free,400,23,391,187.0,95.0,45.0,45.0,265.0,95.0,95.0,112.94285488143763,0.12186047747876307,6,378
scale-free,400,23,392,187.0,95.0,45.0,45.0,50.0,95.0,95.0,112.94285488143763,0.12186047747876307,6,378
scale-free,400,23,393,187.0,95.0,45.0,45.0,50.0,95.0,95.0,112.94285488143763,0.12186047747876307,6,378
scale-free,400,23,394,187.0,60.0,45.0,45.0,362.0,60.0,64.0,112.94285488143763,0.12186047747876307,6,378
scale-free,400,23,395,187.0,95.0,45.0,45.0,265.0,95.0,95.0,112.94285488143763,0.12186047747876307,6,378
scale-free,400,23,396,187.0,95.0,45.0,45.0,50.0,95.0,95.0,112.94285488143763,0.12186047747876307,6,378
scale-free,400,23,397,187.0,60.0,45.0,45.0,362.0,60.0,84.0,112.94285488143763,0.12186047747876307,6,378
scale-free,400,23,398,187.0,95.0,45.0,45.0,50.0,95.0,95.0,112.94285488143763,0.12186047747876307,6,378
scale-free,400,23,399,187.0,95.0,45.0,45.0,265.0,95.0,95.0,112.94285488143763,0.12186047747876307,6,378
scale-free,400,24,0,3.0,3.0,1.0,1.0,328.0,3.0,3.0,142.75844979795963,0.145716121345165,5,382
scale-free,400,24,1,2.0,2.0,2.0,2.0,328.0,2.0,2.0,142.75844979795963,0.145716121345165,5,382
scale-free,400,24,2,1.0,1.0,3.0,3.0,328.0,1.0,1.0,142.75844979795963,0.145716121345165,5,382
scale-free,400,24,3,8.0,17.0,4.0,4.0,328.0,17.0,10.0,142.75844979795963,0.145716121345165,5,382
scale-free,400,24,4,29.0,87.0,41.0,41.0,39.0,87.0,87.0,142.75844979795963,0.145716121345165,5,382
scale-free,400,24,5,14.0,38.0,13.0,13.0,16.0,40.0,24.0,142.75844979795963,0.145716121345165,5,382
scale-free,400,24,6,113.0,59.0,41.0,41.0,82.0,59.0,69.0,142.75844979795963,0.145716121345165,5,382
scale-free,400,24,7,6.0,48.0,22.0,22.0,20.0,48.0,43.0,142.75844979795963,0.145716121345165,5,382
scale-free,400,24,8,17.0,87.0,41.0,41.0,1.0,87.0,87.0,142.75844979795963,0.145716121345165,5,382
scale-free,400,24,9,79.0,21.0,41.0,41.0,328.0,20.0,27.0,142.75844979795963,0.145716121345165,5,382
scale-free,400,24,10,41.0,87.0,41.0,41.0,82.0,87.0,87.0,142.75844979795963,0.145716121345165,5,382
scale-free,400,24,11,41.0,87.0,41.0,41.0,39.0,87.0,87.0,142.75844979795963,0.145716121345165,5,382
scale-free,400,24,12,4.0,6.0,7.0,7.0,328.0,6.0,6.0,142.75844979795963,0.145716121345165,5,382
scale-free,400,24,13,29.0,87.0,41.0,41.0,39.0,87.0,87.0,142.75844979795963,0.145716121345165,5,382
scale-free,400,24,14,23.0,87.0,41.0,41.0,39.0,87.0,87.0,142.75844979795963,0.145716121345165,5,382
scale-free,400,24,15,41.0,87.0,41.0,41.0,82.0,87.0,87.0,142.75844979795963,0.145716121345165,5,382
scale-free,400,24,16,23.0,87.0,41.0,41.0,39.0,87.0,87.0,142.75844979795963,0.145716121345165,5,382
scale-free,400,24,17,10.0,87.0,41.0,41.0,22.0,87.0,87.0,142.75844979795963,0.145716121345165,5,382
scale-free,400,24,18,7.0,37.0,20.0,20.0,82.0,37.0,15.0,142.75844979795963,0.145716121345165,5,382
scale-free,400,24,19,113.0,87.0,41.0,41.0,7.0,87.0,87.0,142.75844979795963,0.145716121345165,5,382
scale-free,400,24,20,5.0,25.0,5.0,5.0,328.0,23.0,7.0,142.75844979795963,0.145716121345165,5,382
scale-free,400,24,21,10.0,45.0,16.0,16.0,5.0,45.0,35.0,142.75844979795963,0.145716121345165,5,382
scale-free,400,24,22,14.0,24.0,21.0,21.0,328.0,24.0,9.0,142.75844979795963,0.145716121345165,5,382
scale-free,400,24,23,187.0,87.0,41.0,41.0,82.0,87.0,87.0,142.75844979795963,0.145716121345165,5,382
scale-free,400,24,24,17.0,87.0,41.0,41.0,2.0,87.0,87.0,142.75844979795963,0.145716121345165,5,382
scale-free,400,24,25,41.0,54.0,23.0,23.0,82.0,54.0,42.0,142.75844979795963,0.145716121345165,5,382
scale-free,400,24,26,113.0,87.0,41.0,41.0,82.0,87.0,87.0,142.75844979795963,0.145716121345165,5,382
scale-free,400,24,27,113.0,59.0,28.0,28.0,82.0,59.0,62.0,142.75844979795963,0.145716121345165,5,382
scale-free,400,24,28,14.0,40.0,12.0,12.0,34.0,39.0,26.0,142.75844979795963,0.145716121345165,5,382
scale-free,400,24,29,187.0,87.0,41.0,41.0,82.0,87.0,87.0,142.75844979795963,0.145716121345165,5,382
scale-free,400,24,30,17.0,16.0,41.0,41.0,360.0,15.0,11.0,142.75844979795963,0.145716121345165,5,382
scale-free,400,24,31,29.0,87.0,41.0,41.0,7.0,87.0,87.0,142.75844979795963,0.145716121345165,5,382
scale-free,400,24,32,113.0,87.0,41.0,41.0,82.0,87.0,87.0,142.75844979795963,0.145716121345165,5,382
scale-free,400,24,33,29.0,9.0,11.0,11.0,328.0,9.0,8.0,142.75844979795963,0.145716121345165,5,382
scale-free,400,24,34,79.0,50.0,39.0,39.0,82.0,50.0,77.0,142.75844979795963,0.145716121345165,5,382
scale-free,400,24,35,187.0,87.0,41.0,41.0,82.0,87.0,87.0,142.75844979795963,0.145716121345165,5,382
scale-free,400,24,36,17.0,41.0,15.0,15.0,82.0,41.0,31.0,142.75844979795963,0.145716121345165,5,382
scale-free,400,24,37,58.0,87.0,41.0,41.0,82.0,87.0,87.0,142.75844979795963,0.145716121345165,5,382
scale-free,400,24,38,29.0,87.0,41.0,41.0,82.0,87.0,87.0,142.75844979795963,0.145716121345165,5,382
scale-free,400,24,39,41.0,87.0,41.0,41.0,82.0,87.0,87.0,142.75844979795963,0.145716121345165,5,382
scale-free,400,24,40,58.0,87.0,41.0,41.0,22.0,87.0,87.0,142.75844979795963,0.145716121345165,5,382
scale-free,400,24,41,23.0,87.0,41.0,41.0,39.0,87.0,87.0,142.75844979795963,0.145716121345165,5,382
scale-free,400,24,42,58.0,43.0,24.0,24.0,22.0,43.0,52.0,142.75844979795963,0.145716121345165,5,382
scale-free,400,24,43,187.0,87.0,41.0,41.0,82.0,87.0,87.0,142.75844979795963,0.145716121345165,5,382
scale-free,400,24,44,113.0,31.0,41.0,41.0,328.0,31.0,37.0,142.75844979795963,0.145716121345165,5,382
scale-free,400,24,45,187.0,87.0,41.0,41.0,82.0,87.0,87.0,142.75844979795963,0.145716121345165,5,382
scale-free,400,24,46,23.0,87.0,41.0,41.0,7.0,87.0,87.0,142.75844979795963,0.145716121345165,5,382
scale-free,400,24,47,10.0,87.0,41.0,41.0,22.0,87.0,87.0,142.75844979795963,0.145716121345165,5,382
scale-free,400,24,48,113.0,54.0,41.0,41.0,360.0,54.0,62.0,142.75844979795963,0.145716121345165,5,382
scale-free,400,24,49,9.0,4.0,41.0,41.0,360.0,4.0,4.0,142.75844979795963,0.145716121345165,5,382
scale-free,400,24,50,58.0,87.0,41.0,41.0,82.0,87.0,87.0,142.75844979795963,0.145716121345165,5,382
scale-free,400,24,51,79.0,50.0,38.0,38.0,5.0,50.0,71.0,142.75844979795963,0.145716121345165,5,382
scale-free,400,24,52,58.0,87.0,41.0,41.0,82.0,87.0,87.0,142.75844979795963,0.145716121345165,5,382
scale-free,400,24,53,41.0,87.0,41.0,41.0,39.0,87.0,87.0,142.75844979795963,0.145716121345165,5,382
scale-free,400,24,54,13.0,5.0,19.0,19.0,328.0,5.0,5.0,142.75844979795963,0.145716121345165,5,382
scale-free,400,24,55,21.0,32.0,6.0,6.0,328.0,32.0,37.0,142.75844979795963,0.145716121345165,5,382
scale-free,400,24,56,41.0,87.0,41.0,41.0,34.0,87.0,87.0,142.75844979795963,0.145716121345165,5,382
scale-free,400,24,57,23.0,87.0,41.0,41.0,82.0,87.0,87.0,142.75844979795963,0.145716121345165,5,382
scale-free,400,24,58,187.0,30.0,41.0,41.0,360.0,30.0,37.0,142.75844979795963,0.145716121345165,5,382
scale-free,400,24,59,113.0,87.0,41.0,41.0,39.0,87.0,87.0,142.75844979795963,0.145716121345165,5,382
scale-free,400,24,60,187.0,87.0,41.0,41.0,82.0,87.0,87.0,142.75844979795963,0.145716121345165,5,382
scale-free,400,24,61,113.0,87.0,41.0,41.0,82.0,87.0,87.0,142.75844979795963,0.145716121345165,5,382
scale-free,400,24,62,113.0,87.0,41.0,41.0,39.0,87.0,87.0,142.75844979795963,0.145716121345165,5,382
scale-free,400,24,63,187.0,87.0,41.0,41.0,82.0,87.0,87.0,142.75844979795963,0.145716121345165,5,382
scale-free,400,24,64,187.0,87.0,41.0,41.0,82.0,87.0,87.0,142.75844979795963,0.145716121345165,5,382
scale-free,400,24,65,113.0,87.0,41.0,41.0,82.0,87.0,87.0,142.75844979795963,0.145716121345165,5,382
scale-free,400,24,66,113.0,87.0,41.0,41.0,82.0,87.0,87.0,142.75844979795963,0.145716121345165,5,382
scale-free,400,24,67,79.0,87.0,41.0,41.0,2.0,87.0,87.0,142.75844979795963,0.145716121345165,5,382
scale-free,400,24,68,113.0,59.0,28.0,28.0,82.0,59.0,47.0,142.75844979795963,0.145716121345165,5,382
scale-free,400,24,69,58.0,34.0,41.0,41.0,360.0,33.0,56.0,142.75844979795963,0.145716121345165,5,382
scale-free,400,24,70,79.0,87.0,41.0,41.0,82.0,87.0,87.0,142.75844979795963,0.145716121345165,5,382
scale-free,400,24,71,79.0,87.0,41.0,41.0,82.0,87.0,87.0,142.75844979795963,0.145716121345165,5,382
scale-free,400,24,72,79.0,59.0,41.0,41.0,82.0,59.0,83.0,142.75844979795963,0.145716121345165,5,382
scale-free,400,24,73,187.0,87.0,41.0,41.0,82.0,87.0,87.0,142.75844979795963,0.145716121345165,5,382
scale-free,400,24,74,187.0,87.0,41.0,41.0,82.0,87.0,87.0,142.75844979795963,0.145716121345165,5,382
scale-free,400,24,75,113.0,87.0,41.0,41.0,7.0,87.0,87.0,142.75844979795963,0.145716121345165,5,382
scale-free,400,24,76,187.0,87.0,41.0,41.0,82.0,87.0,87.0,142.75844979795963,0.145716121345165,5,382
scale-free,400,24,77,79.0,59.0,37.0,37.0,82.0,59.0,76.0,142.75844979795963,0.145716121345165,5,382
scale-free,400,24,78,23.0,27.0,14.0,14.0,328.0,27.0,21.0,142.75844979795963,0.145716121345165,5,382
scale-free,400,24,79,36.0,87.0,41.0,41.0,22.0,87.0,87.0,142.75844979795963,0.145716121345165,5,382
scale-free,400,24,80,41.0,87.0,41.0,41.0,39.0,87.0,87.0,142.75844979795963,0.145716121345165,5,382
scale-free,400,24,81,113.0,87.0,41.0,41.0,82.0,87.0,87.0,142.75844979795963,0.145716121345165,5,382
scale-free,400,24,82,187.0,87.0,41.0,41.0,82.0,87.0,87.0,142.75844979795963,0.145716121345165,5,382
scale-free,400,24,83,79.0,87.0,41.0,41.0,7.0,87.0,87.0,142.75844979795963,0.145716121345165,5,382
scale-free,400,24,84,79.0,87.0,41.0,41.0,39.0,87.0,87.0,142.75844979795963,0.145716121345165,5,382
scale-free,400,24,85,41.0,87.0,41.0,41.0,82.0,87.0,87.0,142.75844979795963,0.145716121345165,5,382
scale-free,400,24,86,113.0,87.0,41.0,41.0,82.0,87.0,87.0,142.75844979795963,0.145716121345165,5,382
scale-free,400,24,87,58.0,87.0,41.0,41.0,34.0,87.0,87.0,142.75844979795963,0.145716121345165,5,382
scale-free,400,24,88,79.0,87.0,41.0,41.0,39.0,87.0,87.0,142.75844979795963,0.145716121345165,5,382
scale-free,400,24,89,113.0,87.0,41.0,41.0,82.0,87.0,87.0,142.75844979795963,0.145716121345165,5,382
scale-free,400,24,90,58.0,87.0,41.0,41.0,82.0,87.0,87.0,142.75844979795963,0.145716121345165,5,382
scale-free,400,24,91,79.0,87.0,41.0,41.0,39.0,87.0,87.0,142.75844979795963,0.145716121345165,5,382
scale-free,400,24,92,58.0,87.0,41.0,41.0,39.0,87.0,87.0,142.75844979795963,0.145716121345165,5,382
scale-free,400,24,93,113.0,87.0,41.0,41.0,82.0,87.0,87.0,142.75844979795963,0.145716121345165,5,382
scale-free,400,24,94,41.0,87.0,41.0,41.0,82.0,87.0,87.0,142.75844979795963,0.145716121345165,5,382
scale-free,400,24,95,79.0,87.0,41.0,41.0,39.0,87.0,87.0,142.75844979795963,0.145716121345165,5,382
scale-free,400,24,96,187.0,87.0,41.0,41.0,82.0,87.0,87.0,142.75844979795963,0.145716121345165,5,382
scale-free,400,24,97,113.0,87.0,41.0,41.0,82.0,87.0,87.0,142.75844979795963,0.145716121345165,5,382
scale-free,400,24,98,187.0,87.0,41.0,41.0,82.0,87.0,87.0,142.75844979795963,0.145716121345165,5,382
scale-free,400,24,99,36.0,87.0,41.0,41.0,82.0,87.0,87.0,142.75844979795963,0.145716121345165,5,382
scale-free,400,24,100,79.0,87.0,41.0,41.0,82.0,87.0,87.0,142.75844979795963,0.145716121345165,5,382
scale-free,400,24,101,29.0,87.0,41.0,41.0,39.0,87.0,87.0,142.75844979795963,0.145716121345165,5,382
scale-free,400,24,102,79.0,87.0,41.0,41.0,82.0,87.0,87.0,142.75844979795963,0.145716121345165,5,382
scale-free,400,24,103,58.0,87.0,41.0,41.0,34.0,87.0,87.0,142.75844979795963,0.145716121345165,5,382
scale-free,400,24,104,58.0,87.0,41.0,41.0,82.0,87.0,87.0,142.75844979795963,0.145716121345165,5,382
scale-free,400,24,105,187.0,59.0,41.0,41.0,360.0,59.0,83.0,142.75844979795963,0.145716121345165,5,382
scale-free,400,24,106,79.0,87.0,41.0,41.0,82.0,87.0,87.0,142.75844979795963,0.145716121345165,5,382
scale-free,400,24,107,21.0,7.0,41.0,41.0,360.0,7.0,12.0,142.75844979795963,0.145716121345165,5,382
scale-free,400,24,108,187.0,87.0,41.0,41.0,82.0,87.0,87.0,142.75844979795963,0.145716121345165,5,382
scale-free,400,24,109,58.0,45.0,41.0,41.0,360.0,45.0,41.0,142.75844979795963,0.145716121345165,5,382
scale-free,400,24,110,36.0,47.0,17.0,17.0,82.0,47.0,36.0,142.75844979795963,0.145716121345165,5,382
scale-free,400,24,111,187.0,87.0,41.0,41.0,39.0,87.0,87.0,142.75844979795963,0.145716121345165,5,382
scale-free,400,24,112,113.0,87.0,41.0,41.0,22.0,87.0,87.0,142.75844979795963,0.145716121345165,5,382
scale-free,400,24,113,58.0,87.0,41.0,41.0,82.0,87.0,87.0,142.75844979795963,0.145716121345165,5,382
scale-free,400,24,114,113.0,87.0,41.0,41.0,82.0,87.0,87.0,142.75844979795963,0.145716121345165,5,382
scale-free,400,24,115,39.0,87.0,41.0,41.0,39.0,87.0,87.0,142.75844979795963,0.145716121345165,5,382
scale-free,400,24,116,187.0,87.0,41.0,41.0,22.0,87.0,87.0,142.75844979795963,0.145716121345165,5,382
scale-free,400,24,117,58.0,87.0,41.0,41.0,22.0,87.0,87.0,142.75844979795963,0.145716121345165,5,382
scale-free,400,24,118,58.0,22.0,10.0,10.0,328.0,22.0,29.0,142.75844979795963,0.145716121345165,5,382
scale-free,400,24,119,113.0,87.0,41.0,41.0,82.0,87.0,87.0,142.75844979795963,0.145716121345165,5,382
scale-free,400,24,120,41.0,44.0,25.0,25.0,82.0,44.0,45.0,142.75844979795963,0.145716121345165,5,382
scale-free,400,24,121,113.0,87.0,41.0,41.0,82.0,87.0,87.0,142.75844979795963,0.145716121345165,5,382
scale-free,400,24,122,113.0,87.0,41.0,41.0,22.0,87.0,87.0,142.75844979795963,0.145716121345165,5,382
scale-free,400,24,123,41.0,87.0,41.0,41.0,39.0,87.0,87.0,142.75844979795963,0.145716121345165,5,382
scale-free,400,24,124,187.0,87.0,41.0,41.0,82.0,87.0,87.0,142.75844979795963,0.145716121345165,5,382
scale-free,400,24,125,39.0,29.0,8.0,8.0,328.0,29.0,32.0,142.75844979795963,0.145716121345165,5,382
scale-free,400,24,126,187.0,87.0,41.0,41.0,82.0,87.0,87.0,142.75844979795963,0.145716121345165,5,382
scale-free,400,24,127,41.0,42.0,18.0,18.0,20.0,42.0,34.0,142.75844979795963,0.145716121345165,5,382
scale-free,400,24,128,79.0,87.0,41.0,41.0,82.0,87.0,87.0,142.75844979795963,0.145716121345165,5,382
scale-free,400,24,129,187.0,87.0,41.0,41.0,2.0,87.0,87.0,142.75844979795963,0.145716121345165,5,382
scale-free,400,24,130,187.0,87.0,41.0,41.0,82.0,87.0,87.0,142.75844979795963,0.145716121345165,5,382
scale-free,400,24,131,79.0,59.0,41.0,41.0,82.0,59.0,83.0,142.75844979795963,0.145716121345165,5,382
scale-free,400,24,132,79.0,87.0,41.0,41.0,82.0,87.0,87.0,142.75844979795963,0.145716121345165,5,382
scale-free,400,24,133,41.0,87.0,41.0,41.0,82.0,87.0,87.0,142.75844979795963,0.145716121345165,5,382
scale-free,400,24,134,58.0,59.0,28.0,28.0,82.0,59.0,47.0,142.75844979795963,0.145716121345165,5,382
scale-free,400,24,135,58.0,87.0,41.0,41.0,82.0,87.0,87.0,142.75844979795963,0.145716121345165,5,382
scale-free,400,24,136,113.0,11.0,41.0,41.0,360.0,11.0,20.0,142.75844979795963,0.145716121345165,5,382
scale-free,400,24,137,58.0,87.0,41.0,41.0,39.0,87.0,87.0,142.75844979795963,0.145716121345165,5,382
scale-free,400,24,138,187.0,87.0,41.0,41.0,82.0,87.0,87.0,142.75844979795963,0.145716121345165,5,382
scale-free,400,24,139,79.0,87.0,41.0,41.0,16.0,87.0,87.0,142.75844979795963,0.145716121345165,5,382
scale-free,400,24,140,79.0,87.0,41.0,41.0,39.0,87.0,87.0,142.75844979795963,0.145716121345165,5,382
scale-free,400,24,141,79.0,87.0,41.0,41.0,39.0,87.0,87.0,142.75844979795963,0.145716121345165,5,382
scale-free,400,24,142,187.0,87.0,41.0,41.0,82.0,87.0,87.0,142.75844979795963,0.145716121345165,5,382
scale-free,400,24,143,113.0,87.0,41.0,41.0,82.0,87.0,87.0,142.75844979795963,0.145716121345165,5,382
scale-free,400,24,144,187.0,87.0,41.0,41.0,82.0,87.0,87.0,142.75844979795963,0.145716121345165,5,382
scale-free,400,24,145,187.0,59.0,41.0,41.0,360.0,59.0,83.0,142.75844979795963,0.145716121345165,5,382
scale-free,400,24,146,79.0,87.0,41.0,41.0,82.0,87.0,87.0,142.75844979795963,0.145716121345165,5,382
scale-free,400,24,147,187.0,87.0,41.0,41.0,82.0,87.0,87.0,142.75844979795963,0.145716121345165,5,382
scale-free,400,24,148,58.0,13.0,9.0,9.0,328.0,13.0,16.0,142.75844979795963,0.145716121345165,5,382
scale-free,400,24,149,187.0,87.0,41.0,41.0,82.0,87.0,87.0,142.75844979795963,0.145716121345165,5,382
scale-free,400,24,150,113.0,87.0,41.0,41.0,82.0,87.0,87.0,142.75844979795963,0.145716121345165,5,382
scale-free,400,24,151,187.0,87.0,41.0,41.0,82.0,87.0,87.0,142.75844979795963,0.145716121345165,5,382
scale-free,400,24,152,79.0,87.0,41.0,41.0,39.0,87.0,87.0,142.75844979795963,0.145716121345165,5,382
scale-free,400,24,153,187.0,87.0,41.0,41.0,82.0,87.0,87.0,142.75844979795963,0.145716121345165,5,382
scale-free,400,24,154,113.0,87.0,41.0,41.0,82.0,87.0,87.0,142.75844979795963,0.145716121345165,5,382
scale-free,400,24,155,113.0,87.0,41.0,41.0,82.0,87.0,87.0,142.75844979795963,0.145716121345165,5,382
scale-free,400,24,156,187.0,87.0,41.0,41.0,82.0,87.0,87.0,142.75844979795963,0.145716121345165,5,382
scale-free,400,24,157,187.0,87.0,41.0,41.0,82.0,87.0,87.0,142.75844979795963,0.145716121345165,5,382
scale-free,400,24,158,187.0,87.0,41.0,41.0,16.0,87.0,87.0,142.75844979795963,0.145716121345165,5,382
scale-free,400,24,159,29.0,59.0,35.0,35.0,82.0,59.0,75.0,142.75844979795963,0.145716121345165,5,382
scale-free,400,24,160,187.0,87.0,41.0,41.0,82.0,87.0,87.0,142.75844979795963,0.145716121345165,5,382
scale-free,400,24,161,113.0,87.0,41.0,41.0,7.0,87.0,87.0,142.75844979795963,0.145716121345165,5,382
scale-free,400,24,162,113.0,87.0,41.0,41.0,82.0,87.0,87.0,142.75844979795963,0.145716121345165,5,382
scale-free,400,24,163,79.0,87.0,41.0,41.0,39.0,87.0,87.0,142.75844979795963,0.145716121345165,5,382
scale-free,400,24,164,113.0,87.0,41.0,41.0,82.0,87.0,87.0,142.75844979795963,0.145716121345165,5,382
scale-free,400,24,165,113.0,87.0,41.0,41.0,82.0,87.0,87.0,142.75844979795963,0.145716121345165,5,382
scale-free,400,24,166,187.0,59.0,41.0,41.0,360.0,59.0,73.0,142.75844979795963,0.145716121345165,5,382
scale-free,400,24,167,187.0,87.0,41.0,41.0,82.0,87.0,87.0,142.75844979795963,0.145716121345165,5,382
scale-free,400,24,168,113.0,87.0,41.0,41.0,82.0,87.0,87.0,142.75844979795963,0.145716121345165,5,382
scale-free,400,24,169,113.0,54.0,41.0,41.0,360.0,54.0,55.0,142.75844979795963,0.145716121345165,5,382
scale-free,400,24,170,187.0,50.0,41.0,41.0,360.0,50.0,77.0,142.75844979795963,0.145716121345165,5,382
scale-free,400,24,171,79.0,87.0,41.0,41.0,22.0,87.0,87.0,142.75844979795963,0.145716121345165,5,382
scale-free,400,24,172,187.0,87.0,41.0,41.0,82.0,87.0,87.0,142.75844979795963,0.145716121345165,5,382
scale-free,400,24,173,187.0,87.0,41.0,41.0,82.0,87.0,87.0,142.75844979795963,0.145716121345165,5,382
scale-free,400,24,174,187.0,87.0,41.0,41.0,82.0,87.0,87.0,142.75844979795963,0.145716121345165,5,382
scale-free,400,24,175,41.0,87.0,41.0,41.0,39.0,87.0,87.0,142.75844979795963,0.145716121345165,5,382
scale-free,400,24,176,187.0,87.0,41.0,41.0,82.0,87.0,87.0,142.75844979795963,0.145716121345165,5,382
scale-free,400,24,177,187.0,87.0,41.0,41.0,82.0,87.0,87.0,142.75844979795963,0.145716121345165,5,382
scale-free,400,24,178,187.0,87.0,41.0,41.0,82.0,87.0,87.0,142.75844979795963,0.145716121345165,5,382
scale-free,400,24,179,187.0,23.0,41.0,41.0,360.0,25.0,13.0,142.75844979795963,0.145716121345165,5,382
scale-free,400,24,180,113.0,36.0,36.0,36.0,328.0,36.0,68.0,142.75844979795963,0.145716121345165,5,382
scale-free,400,24,181,113.0,54.0,41.0,41.0,360.0,54.0,46.0,142.75844979795963,0.145716121345165,5,382
scale-free,400,24,182,187.0,87.0,41.0,41.0,82.0,87.0,87.0,142.75844979795963,0.145716121345165,5,382
scale-free,400,24,183,187.0,59.0,41.0,41.0,360.0,59.0,80.0,142.75844979795963,0.145716121345165,5,382
scale-free,400,24,184,187.0,87.0,41.0,41.0,347.0,87.0,87.0,142.75844979795963,0.145716121345165,5,382
scale-free,400,24,185,113.0,87.0,41.0,41.0,82.0,87.0,87.0,142.75844979795963,0.145716121345165,5,382
scale-free,400,24,186,187.0,87.0,41.0,41.0,22.0,87.0,87.0,142.75844979795963,0.145716121345165,5,382
scale-free,400,24,187,113.0,10.0,41.0,41.0,360.0,10.0,16.0,142.75844979795963,0.145716121345165,5,382
scale-free,400,24,188,187.0,87.0,41.0,41.0,82.0,87.0,87.0,142.75844979795963,0.145716121345165,5,382
scale-free,400,24,189,187.0,87.0,41.0,41.0,82.0,87.0,87.0,142.75844979795963,0.145716121345165,5,382
scale-free,400,24,190,113.0,87.0,41.0,41.0,82.0,87.0,87.0,142.75844979795963,0.145716121345165,5,382
scale-free,400,24,191,41.0,8.0,41.0,41.0,360.0,8.0,14.0,142.75844979795963,0.145716121345165,5,382
scale-free,400,24,192,79.0,87.0,41.0,41.0,39.0,87.0,87.0,142.75844979795963,0.145716121345165,5,382
scale-free,400,24,193,41.0,26.0,41.0,41.0,360.0,26.0,23.0,142.75844979795963,0.145716121345165,5,382
scale-free,400,24,194,187.0,87.0,41.0,41.0,16.0,87.0,87.0,142.75844979795963,0.145716121345165,5,382
scale-free,400,24,195,113.0,87.0,41.0,41.0,82.0,87.0,87.0,142.75844979795963,0.145716121345165,5,382
scale-free,400,24,196,187.0,87.0,41.0,41.0,82.0,87.0,87.0,142.75844979795963,0.145716121345165,5,382
scale-free,400,24,197,113.0,87.0,41.0,41.0,82.0,87.0,87.0,142.75844979795963,0.145716121345165,5,382
scale-free,400,24,198,187.0,87.0,41.0,41.0,82.0,87.0,87.0,142.75844979795963,0.145716121345165,5,382
scale-free,400,24,199,79.0,87.0,41.0,41.0,39.0,87.0,87.0,142.75844979795963,0.145716121345165,5,382
scale-free,400,24,200,113.0,87.0,41.0,41.0,82.0,87.0,87.0,142.75844979795963,0.145716121345165,5,382
scale-free,400,24,201,187.0,87.0,41.0,41.0,82.0,87.0,87.0,142.75844979795963,0.145716121345165,5,382
scale-free,400,24,202,187.0,87.0,41.0,41.0,82.0,87.0,87.0,142.75844979795963,0.145716121345165,5,382
scale-free,400,24,203,113.0,87.0,41.0,41.0,82.0,87.0,87.0,142.75844979795963,0.145716121345165,5,382
scale-free,400,24,204,187.0,87.0,41.0,41.0,82.0,87.0,87.0,142.75844979795963,0.145716121345165,5,382
scale-free,400,24,205,79.0,59.0,26.0,26.0,39.0,59.0,47.0,142.75844979795963,0.145716121345165,5,382
scale-free,400,24,206,113.0,59.0,28.0,28.0,82.0,59.0,47.0,142.75844979795963,0.145716121345165,5,382
scale-free,400,24,207,187.0,87.0,41.0,41.0,347.0,87.0,87.0,142.75844979795963,0.145716121345165,5,382
scale-free,400,24,208,187.0,87.0,41.0,41.0,347.0,87.0,87.0,142.75844979795963,0.145716121345165,5,382
scale-free,400,24,209,187.0,87.0,41.0,41.0,347.0,87.0,87.0,142.75844979795963,0.145716121345165,5,382
scale-free,400,24,210,187.0,87.0,41.0,41.0,82.0,87.0,87.0,142.75844979795963,0.145716121345165,5,382
scale-free,400,24,211,113.0,87.0,41.0,41.0,39.0,87.0,87.0,142.75844979795963,0.145716121345165,5,382
scale-free,400,24,212,113.0,87.0,41.0,41.0,39.0,87.0,87.0,142.75844979795963,0.145716121345165,5,382
scale-free,400,24,213,113.0,35.0,41.0,41.0,360.0,35.0,54.0,142.75844979795963,0.145716121345165,5,382
scale-free,400,24,214,113.0,87.0,41.0,41.0,82.0,87.0,87.0,142.75844979795963,0.145716121345165,5,382
scale-free,400,24,215,79.0,59.0,26.0,26.0,39.0,59.0,57.0,142.75844979795963,0.145716121345165,5,382
scale-free,400,24,216,113.0,87.0,41.0,41.0,82.0,87.0,87.0,142.75844979795963,0.145716121345165,5,382
scale-free,400,24,217,187.0,87.0,41.0,41.0,39.0,87.0,87.0,142.75844979795963,0.145716121345165,5,382
scale-free,400,24,218,187.0,87.0,41.0,41.0,82.0,87.0,87.0,142.75844979795963,0.145716121345165,5,382
scale-free,400,24,219,113.0,87.0,41.0,41.0,82.0,87.0,87.0,142.75844979795963,0.145716121345165,5,382
scale-free,400,24,220,187.0,87.0,41.0,41.0,82.0,87.0,87.0,142.75844979795963,0.145716121345165,5,382
scale-free,400,24,221,187.0,87.0,41.0,41.0,82.0,87.0,87.0,142.75844979795963,0.145716121345165,5,382
scale-free,400,24,222,187.0,87.0,41.0,41.0,82.0,87.0,87.0,142.75844979795963,0.145716121345165,5,382
scale-free,400,24,223,113.0,87.0,41.0,41.0,82.0,87.0,87.0,142.75844979795963,0.145716121345165,5,382
scale-free,400,24,224,113.0,59.0,28.0,28.0,82.0,59.0,47.0,142.75844979795963,0.145716121345165,5,382
scale-free,400,24,225,187.0,59.0,41.0,41.0,360.0,59.0,57.0,142.75844979795963,0.145716121345165,5,382
scale-free,400,24,226,187.0,87.0,41.0,41.0,82.0,87.0,87.0,142.75844979795963,0.145716121345165,5,382
scale-free,400,24,227,187.0,87.0,41.0,41.0,82.0,87.0,87.0,142.75844979795963,0.145716121345165,5,382
scale-free,400,24,228,113.0,87.0,41.0,41.0,22.0,87.0,87.0,142.75844979795963,0.145716121345165,5,382
scale-free,400,24,229,187.0,87.0,41.0,41.0,82.0,87.0,87.0,142.75844979795963,0.145716121345165,5,382
scale-free,400,24,230,187.0,87.0,41.0,41.0,82.0,87.0,87.0,142.75844979795963,0.145716121345165,5,382
scale-free,400,24,231,187.0,87.0,41.0,41.0,82.0,87.0,87.0,142.75844979795963,0.145716121345165,5,382
scale-free,400,24,232,113.0,87.0,41.0,41.0,39.0,87.0,87.0,142.75844979795963,0.145716121345165,5,382
scale-free,400,24,233,187.0,87.0,41.0,41.0,82.0,87.0,87.0,142.75844979795963,0.145716121345165,5,382
scale-free,400,24,234,113.0,87.0,41.0,41.0,82.0,87.0,87.0,142.75844979795963,0.145716121345165,5,382
scale-free,400,24,235,113.0,54.0,41.0,41.0,360.0,54.0,53.0,142.75844979795963,0.145716121345165,5,382
scale-free,400,24,236,187.0,87.0,41.0,41.0,82.0,87.0,87.0,142.75844979795963,0.145716121345165,5,382
scale-free,400,24,237,187.0,87.0,41.0,41.0,82.0,87.0,87.0,142.75844979795963,0.145716121345165,5,382
scale-free,400,24,238,187.0,87.0,41.0,41.0,82.0,87.0,87.0,142.75844979795963,0.145716121345165,5,382
scale-free,400,24,239,187.0,87.0,41.0,41.0,39.0,87.0,87.0,142.75844979795963,0.145716121345165,5,382
scale-free,400,24,240,113.0,87.0,41.0,41.0,82.0,87.0,87.0,142.75844979795963,0.145716121345165,5,382
scale-free,400,24,241,113.0,87.0,41.0,41.0,82.0,87.0,87.0,142.75844979795963,0.145716121345165,5,382
scale-free,400,24,242,79.0,13.0,33.0,33.0,328.0,13.0,16.0,142.75844979795963,0.145716121345165,5,382
scale-free,400,24,243,113.0,59.0,34.0,34.0,82.0,59.0,62.0,142.75844979795963,0.145716121345165,5,382
scale-free,400,24,244,187.0,87.0,41.0,41.0,39.0,87.0,87.0,142.75844979795963,0.145716121345165,5,382
scale-free,400,24,245,187.0,87.0,41.0,41.0,82.0,87.0,87.0,142.75844979795963,0.145716121345165,5,382
scale-free,400,24,246,187.0,87.0,41.0,41.0,82.0,87.0,87.0,142.75844979795963,0.145716121345165,5,382
scale-free,400,24,247,79.0,18.0,41.0,41.0,360.0,18.0,25.0,142.75844979795963,0.145716121345165,5,382
scale-free,400,24,248,187.0,87.0,41.0,41.0,82.0,87.0,87.0,142.75844979795963,0.145716121345165,5,382
scale-free,400,24,249,187.0,87.0,41.0,41.0,82.0,87.0,87.0,142.75844979795963,0.145716121345165,5,382
scale-free,400,24,250,113.0,11.0,41.0,41.0,360.0,11.0,19.0,142.75844979795963,0.145716121345165,5,382
scale-free,400,24,251,187.0,87.0,41.0,41.0,82.0,87.0,87.0,142.75844979795963,0.145716121345165,5,382
scale-free,400,24,252,187.0,87.0,41.0,41.0,82.0,87.0,87.0,142.75844979795963,0.145716121345165,5,382
scale-free,400,24,253,187.0,87.0,41.0,41.0,82.0,87.0,87.0,142.75844979795963,0.145716121345165,5,382
scale-free,400,24,254,187.0,87.0,41.0,41.0,82.0,87.0,87.0,142.75844979795963,0.145716121345165,5,382
scale-free,400,24,255,187.0,87.0,41.0,41.0,82.0,87.0,87.0,142.75844979795963,0.145716121345165,5,382
scale-free,400,24,256,187.0,87.0,41.0,41.0,82.0,87.0,87.0,142.75844979795963,0.145716121345165,5,382
scale-free,400,24,257,58.0,87.0,41.0,41.0,39.0,87.0,87.0,142.75844979795963,0.145716121345165,5,382
scale-free,400,24,258,58.0,39.0,41.0,41.0,360.0,38.0,33.0,142.75844979795963,0.145716121345165,5,382
scale-free,400,24,259,187.0,59.0,41.0,41.0,360.0,59.0,62.0,142.75844979795963,0.145716121345165,5,382
scale-free,400,24,260,187.0,87.0,41.0,41.0,82.0,87.0,87.0,142.75844979795963,0.145716121345165,5,382
scale-free,400,24,261,187.0,87.0,41.0,41.0,82.0,87.0,87.0,142.75844979795963,0.145716121345165,5,382
scale-free,400,24,262,187.0,87.0,41.0,41.0,82.0,87.0,87.0,142.75844979795963,0.145716121345165,5,382
scale-free,400,24,263,187.0,87.0,41.0,41.0,82.0,87.0,87.0,142.75844979795963,0.145716121345165,5,382
scale-free,400,24,264,187.0,87.0,41.0,41.0,82.0,87.0,87.0,142.75844979795963,0.145716121345165,5,382
scale-free,400,24,265,187.0,87.0,41.0,41.0,82.0,87.0,87.0,142.75844979795963,0.145716121345165,5,382
scale-free,400,24,266,187.0,87.0,41.0,41.0,82.0,87.0,87.0,142.75844979795963,0.145716121345165,5,382
scale-free,400,24,267,187.0,87.0,41.0,41.0,82.0,87.0,87.0,142.75844979795963,0.145716121345165,5,382
scale-free,400,24,268,187.0,87.0,41.0,41.0,82.0,87.0,87.0,142.75844979795963,0.145716121345165,5,382
scale-free,400,24,269,187.0,59.0,41.0,41.0,360.0,59.0,57.0,142.75844979795963,0.145716121345165,5,382
scale-free,400,24,270,187.0,87.0,41.0,41.0,82.0,87.0,87.0,142.75844979795963,0.145716121345165,5,382
scale-free,400,24,271,187.0,87.0,41.0,41.0,347.0,87.0,87.0,142.75844979795963,0.145716121345165,5,382
scale-free,400,24,272,187.0,87.0,41.0,41.0,82.0,87.0,87.0,142.75844979795963,0.145716121345165,5,382
scale-free,400,24,273,187.0,87.0,41.0,41.0,82.0,87.0,87.0,142.75844979795963,0.145716121345165,5,382
scale-free,400,24,274,187.0,87.0,41.0,41.0,82.0,87.0,87.0,142.75844979795963,0.145716121345165,5,382
scale-free,400,24,275,187.0,87.0,41.0,41.0,82.0,87.0,87.0,142.75844979795963,0.145716121345165,5,382
scale-free,400,24,276,187.0,28.0,41.0,41.0,360.0,28.0,44.0,142.75844979795963,0.145716121345165,5,382
scale-free,400,24,277,187.0,87.0,41.0,41.0,347.0,87.0,87.0,142.75844979795963,0.145716121345165,5,382
scale-free,400,24,278,187.0,59.0,41.0,41.0,360.0,59.0,80.0,142.75844979795963,0.145716121345165,5,382
scale-free,400,24,279,187.0,87.0,41.0,41.0,82.0,87.0,87.0,142.75844979795963,0.145716121345165,5,382
scale-free,400,24,280,187.0,87.0,41.0,41.0,82.0,87.0,87.0,142.75844979795963,0.145716121345165,5,382
scale-free,400,24,281,187.0,87.0,41.0,41.0,82.0,87.0,87.0,142.75844979795963,0.145716121345165,5,382
scale-free,400,24,282,187.0,87.0,41.0,41.0,82.0,87.0,87.0,142.75844979795963,0.145716121345165,5,382
scale-free,400,24,283,187.0,87.0,41.0,41.0,82.0,87.0,87.0,142.75844979795963,0.145716121345165,5,382
scale-free,400,24,284,187.0,87.0,41.0,41.0,39.0,87.0,87.0,142.75844979795963,0.145716121345165,5,382
scale-free,400,24,285,187.0,87.0,41.0,41.0,39.0,87.0,87.0,142.75844979795963,0.145716121345165,5,382
scale-free,400,24,286,187.0,87.0,41.0,41.0,82.0,87.0,87.0,142.75844979795963,0.145716121345165,5,382
scale-free,400,24,287,187.0,87.0,41.0,41.0,82.0,87.0,87.0,142.75844979795963,0.145716121345165,5,382
scale-free,400,24,288,187.0,87.0,41.0,41.0,82.0,87.0,87.0,142.75844979795963,0.145716121345165,5,382
scale-free,400,24,289,187.0,87.0,41.0,41.0,82.0,87.0,87.0,142.75844979795963,0.145716121345165,5,382
scale-free,400,24,290,187.0,87.0,41.0,41.0,82.0,87.0,87.0,142.75844979795963,0.145716121345165,5,382
scale-free,400,24,291,187.0,87.0,41.0,41.0,82.0,87.0,87.0,142.75844979795963,0.145716121345165,5,382
scale-free,400,24,292,187.0,87.0,41.0,41.0,82.0,87.0,87.0,142.75844979795963,0.145716121345165,5,382
scale-free,400,24,293,113.0,87.0,41.0,41.0,7.0,87.0,87.0,142.75844979795963,0.145716121345165,5,382
scale-free,400,24,294,187.0,87.0,41.0,41.0,82.0,87.0,87.0,142.75844979795963,0.145716121345165,5,382
scale-free,400,24,295,113.0,33.0,41.0,41.0,360.0,34.0,40.0,142.75844979795963,0.145716121345165,5,382
scale-free,400,24,296,187.0,87.0,41.0,41.0,7.0,87.0,87.0,142.75844979795963,0.145716121345165,5,382
scale-free,400,24,297,187.0,87.0,41.0,41.0,39.0,87.0,87.0,142.75844979795963,0.145716121345165,5,382
scale-free,400,24,298,79.0,87.0,41.0,41.0,82.0,87.0,87.0,142.75844979795963,0.145716121345165,5,382
scale-free,400,24,299,187.0,87.0,41.0,41.0,347.0,87.0,87.0,142.75844979795963,0.145716121345165,5,382
scale-free,400,24,300,187.0,87.0,41.0,41.0,82.0,87.0,87.0,142.75844979795963,0.145716121345165,5,382
scale-free,400,24,301,187.0,20.0,41.0,41.0,360.0,21.0,29.0,142.75844979795963,0.145716121345165,5,382
scale-free,400,24,302,187.0,87.0,41.0,41.0,82.0,87.0,87.0,142.75844979795963,0.145716121345165,5,382
scale-free,400,24,303,187.0,87.0,41.0,41.0,347.0,87.0,87.0,142.75844979795963,0.145716121345165,5,382
scale-free,400,24,304,187.0,87.0,41.0,41.0,82.0,87.0,87.0,142.75844979795963,0.145716121345165,5,382
scale-free,400,24,305,187.0,87.0,41.0,41.0,82.0,87.0,87.0,142.75844979795963,0.145716121345165,5,382
scale-free,400,24,306,113.0,87.0,41.0,41.0,82.0,87.0,87.0,142.75844979795963,0.145716121345165,5,382
scale-free,400,24,307,187.0,87.0,41.0,41.0,82.0,87.0,87.0,142.75844979795963,0.145716121345165,5,382
scale-free,400,24,308,113.0,59.0,39.0,39.0,82.0,59.0,62.0,142.75844979795963,0.145716121345165,5,382
scale-free,400,24,309,187.0,59.0,41.0,41.0,360.0,59.0,62.0,142.75844979795963,0.145716121345165,5,382
scale-free,400,24,310,187.0,87.0,41.0,41.0,82.0,87.0,87.0,142.75844979795963,0.145716121345165,5,382
scale-free,400,24,311,187.0,87.0,41.0,41.0,82.0,87.0,87.0,142.75844979795963,0.145716121345165,5,382
scale-free,400,24,312,187.0,87.0,41.0,41.0,82.0,87.0,87.0,142.75844979795963,0.145716121345165,5,382
scale-free,400,24,313,187.0,49.0,41.0,41.0,360.0,48.0,71.0,142.75844979795963,0.145716121345165,5,382
scale-free,400,24,314,187.0,59.0,41.0,41.0,360.0,59.0,69.0,142.75844979795963,0.145716121345165,5,382
scale-free,400,24,315,187.0,50.0,41.0,41.0,360.0,50.0,77.0,142.75844979795963,0.145716121345165,5,382
scale-free,400,24,316,187.0,87.0,41.0,41.0,82.0,87.0,87.0,142.75844979795963,0.145716121345165,5,382
scale-free,400,24,317,79.0,87.0,41.0,41.0,82.0,87.0,87.0,142.75844979795963,0.145716121345165,5,382
scale-free,400,24,318,187.0,87.0,41.0,41.0,82.0,87.0,87.0,142.75844979795963,0.145716121345165,5,382
scale-free,400,24,319,187.0,87.0,41.0,41.0,7.0,87.0,87.0,142.75844979795963,0.145716121345165,5,382
scale-free,400,24,320,187.0,87.0,41.0,41.0,82.0,87.0,87.0,142.75844979795963,0.145716121345165,5,382
scale-free,400,24,321,187.0,87.0,41.0,41.0,82.0,87.0,87.0,142.75844979795963,0.145716121345165,5,382
scale-free,400,24,322,187.0,59.0,41.0,41.0,360.0,59.0,80.0,142.75844979795963,0.145716121345165,5,382
scale-free,400,24,323,187.0,87.0,41.0,41.0,82.0,87.0,87.0,142.75844979795963,0.145716121345165,5,382
scale-free,400,24,324,187.0,87.0,41.0,41.0,82.0,87.0,87.0,142.75844979795963,0.145716121345165,5,382
scale-free,400,24,325,187.0,87.0,41.0,41.0,82.0,87.0,87.0,142.75844979795963,0.145716121345165,5,382
scale-free,400,24,326,187.0,87.0,41.0,41.0,82.0,87.0,87.0,142.75844979795963,0.145716121345165,5,382
scale-free,400,24,327,187.0,87.0,41.0,41.0,82.0,87.0,87.0,142.75844979795963,0.145716121345165,5,382
scale-free,400,24,328,113.0,87.0,41.0,41.0,39.0,87.0,87.0,142.75844979795963,0.145716121345165,5,382
scale-free,400,24,329,187.0,87.0,41.0,41.0,82.0,87.0,87.0,142.75844979795963,0.145716121345165,5,382
scale-free,400,24,330,187.0,87.0,41.0,41.0,82.0,87.0,87.0,142.75844979795963,0.145716121345165,5,382
scale-free,400,24,331,113.0,87.0,41.0,41.0,82.0,87.0,87.0,142.75844979795963,0.145716121345165,5,382
scale-free,400,24,332,187.0,87.0,41.0,41.0,39.0,87.0,87.0,142.75844979795963,0.145716121345165,5,382
scale-free,400,24,333,187.0,87.0,41.0,41.0,82.0,87.0,87.0,142.75844979795963,0.145716121345165,5,382
scale-free,400,24,334,187.0,87.0,41.0,41.0,82.0,87.0,87.0,142.75844979795963,0.145716121345165,5,382
scale-free,400,24,335,187.0,87.0,41.0,41.0,82.0,87.0,87.0,142.75844979795963,0.145716121345165,5,382
scale-free,400,24,336,187.0,87.0,41.0,41.0,82.0,87.0,87.0,142.75844979795963,0.145716121345165,5,382
scale-free,400,24,337,187.0,87.0,41.0,41.0,347.0,87.0,87.0,142.75844979795963,0.145716121345165,5,382
scale-free,400,24,338,187.0,87.0,41.0,41.0,82.0,87.0,87.0,142.75844979795963,0.145716121345165,5,382
scale-free,400,24,339,187.0,87.0,41.0,41.0,34.0,87.0,87.0,142.75844979795963,0.145716121345165,5,382
scale-free,400,24,340,187.0,87.0,41.0,41.0,347.0,87.0,87.0,142.75844979795963,0.145716121345165,5,382
scale-free,400,24,341,187.0,87.0,41.0,41.0,82.0,87.0,87.0,142.75844979795963,0.145716121345165,5,382
scale-free,400,24,342,187.0,87.0,41.0,41.0,82.0,87.0,87.0,142.75844979795963,0.145716121345165,5,382
scale-free,400,24,343,187.0,59.0,41.0,41.0,360.0,59.0,57.0,142.75844979795963,0.145716121345165,5,382
scale-free,400,24,344,187.0,87.0,41.0,41.0,82.0,87.0,87.0,142.75844979795963,0.145716121345165,5,382
scale-free,400,24,345,187.0,87.0,41.0,41.0,82.0,87.0,87.0,142.75844979795963,0.145716121345165,5,382
scale-free,400,24,346,113.0,87.0,41.0,41.0,82.0,87.0,87.0,142.75844979795963,0.145716121345165,5,382
scale-free,400,24,347,187.0,87.0,41.0,41.0,82.0,87.0,87.0,142.75844979795963,0.145716121345165,5,382
scale-free,400,24,348,113.0,87.0,41.0,41.0,82.0,87.0,87.0,142.75844979795963,0.145716121345165,5,382
scale-free,400,24,349,113.0,19.0,41.0,41.0,360.0,19.0,28.0,142.75844979795963,0.145716121345165,5,382
scale-free,400,24,350,113.0,87.0,41.0,41.0,82.0,87.0,87.0,142.75844979795963,0.145716121345165,5,382
scale-free,400,24,351,187.0,87.0,41.0,41.0,82.0,87.0,87.0,142.75844979795963,0.145716121345165,5,382
scale-free,400,24,352,187.0,87.0,41.0,41.0,82.0,87.0,87.0,142.75844979795963,0.145716121345165,5,382
scale-free,400,24,353,187.0,87.0,41.0,41.0,82.0,87.0,87.0,142.75844979795963,0.145716121345165,5,382
scale-free,400,24,354,113.0,87.0,41.0,41.0,82.0,87.0,87.0,142.75844979795963,0.145716121345165,5,382
scale-free,400,24,355,187.0,87.0,41.0,41.0,82.0,87.0,87.0,142.75844979795963,0.145716121345165,5,382
scale-free,400,24,356,187.0,87.0,41.0,41.0,82.0,87.0,87.0,142.75844979795963,0.145716121345165,5,382
scale-free,400,24,357,113.0,87.0,41.0,41.0,82.0,87.0,87.0,142.75844979795963,0.145716121345165,5,382
scale-free,400,24,358,187.0,87.0,41.0,41.0,39.0,87.0,87.0,142.75844979795963,0.145716121345165,5,382
scale-free,400,24,359,187.0,87.0,41.0,41.0,82.0,87.0,87.0,142.75844979795963,0.145716121345165,5,382
scale-free,400,24,360,187.0,87.0,41.0,41.0,82.0,87.0,87.0,142.75844979795963,0.145716121345165,5,382
scale-free,400,24,361,187.0,87.0,41.0,41.0,82.0,87.0,87.0,142.75844979795963,0.145716121345165,5,382
scale-free,400,24,362,187.0,87.0,41.0,41.0,347.0,87.0,87.0,142.75844979795963,0.145716121345165,5,382
scale-free,400,24,363,187.0,87.0,41.0,41.0,82.0,87.0,87.0,142.75844979795963,0.145716121345165,5,382
scale-free,400,24,364,187.0,87.0,41.0,41.0,347.0,87.0,87.0,142.75844979795963,0.145716121345165,5,382
scale-free,400,24,365,187.0,87.0,41.0,41.0,82.0,87.0,87.0,142.75844979795963,0.145716121345165,5,382
scale-free,400,24,366,187.0,87.0,41.0,41.0,82.0,87.0,87.0,142.75844979795963,0.145716121345165,5,382
scale-free,400,24,367,187.0,87.0,41.0,41.0,82.0,87.0,87.0,142.75844979795963,0.145716121345165,5,382
scale-free,400,24,368,187.0,87.0,41.0,41.0,82.0,87.0,87.0,142.75844979795963,0.145716121345165,5,382
scale-free,400,24,369,187.0,87.0,41.0,41.0,82.0,87.0,87.0,142.75844979795963,0.145716121345165,5,382
scale-free,400,24,370,187.0,87.0,41.0,41.0,82.0,87.0,87.0,142.75844979795963,0.145716121345165,5,382
scale-free,400,24,371,187.0,87.0,41.0,41.0,82.0,87.0,87.0,142.75844979795963,0.145716121345165,5,382
scale-free,400,24,372,187.0,87.0,41.0,41.0,82.0,87.0,87.0,142.75844979795963,0.145716121345165,5,382
scale-free,400,24,373,113.0,87.0,41.0,41.0,346.0,87.0,87.0,142.75844979795963,0.145716121345165,5,382
scale-free,400,24,374,187.0,87.0,41.0,41.0,82.0,87.0,87.0,142.75844979795963,0.145716121345165,5,382
scale-free,400,24,375,187.0,87.0,41.0,41.0,82.0,87.0,87.0,142.75844979795963,0.145716121345165,5,382
scale-free,400,24,376,187.0,87.0,41.0,41.0,82.0,87.0,87.0,142.75844979795963,0.145716121345165,5,382
scale-free,400,24,377,187.0,15.0,41.0,41.0,360.0,16.0,22.0,142.75844979795963,0.145716121345165,5,382
scale-free,400,24,378,187.0,87.0,41.0,41.0,82.0,87.0,87.0,142.75844979795963,0.145716121345165,5,382
scale-free,400,24,379,187.0,87.0,41.0,41.0,82.0,87.0,87.0,142.75844979795963,0.145716121345165,5,382
scale-free,400,24,380,187.0,87.0,41.0,41.0,82.0,87.0,87.0,142.75844979795963,0.145716121345165,5,382
scale-free,400,24,381,187.0,87.0,41.0,41.0,82.0,87.0,87.0,142.75844979795963,0.145716121345165,5,382
scale-free,400,24,382,187.0,87.0,41.0,41.0,82.0,87.0,87.0,142.75844979795963,0.145716121345165,5,382
scale-free,400,24,383,187.0,87.0,41.0,41.0,82.0,87.0,87.0,142.75844979795963,0.145716121345165,5,382
scale-free,400,24,384,187.0,87.0,41.0,41.0,82.0,87.0,87.0,142.75844979795963,0.145716121345165,5,382
scale-free,400,24,385,187.0,87.0,41.0,41.0,39.0,87.0,87.0,142.75844979795963,0.145716121345165,5,382
scale-free,400,24,386,187.0,87.0,41.0,41.0,82.0,87.0,87.0,142.75844979795963,0.145716121345165,5,382
scale-free,400,24,387,187.0,87.0,41.0,41.0,82.0,87.0,87.0,142.75844979795963,0.145716121345165,5,382
scale-free,400,24,388,187.0,87.0,41.0,41.0,82.0,87.0,87.0,142.75844979795963,0.145716121345165,5,382
scale-free,400,24,389,187.0,59.0,41.0,41.0,360.0,59.0,57.0,142.75844979795963,0.145716121345165,5,382
scale-free,400,24,390,187.0,87.0,41.0,41.0,347.0,87.0,87.0,142.75844979795963,0.145716121345165,5,382
scale-free,400,24,391,187.0,87.0,41.0,41.0,82.0,87.0,87.0,142.75844979795963,0.145716121345165,5,382
scale-free,400,24,392,187.0,87.0,41.0,41.0,82.0,87.0,87.0,142.75844979795963,0.145716121345165,5,382
scale-free,400,24,393,187.0,59.0,41.0,41.0,360.0,59.0,73.0,142.75844979795963,0.145716121345165,5,382
scale-free,400,24,394,187.0,87.0,41.0,41.0,82.0,87.0,87.0,142.75844979795963,0.145716121345165,5,382
scale-free,400,24,395,187.0,87.0,41.0,41.0,82.0,87.0,87.0,142.75844979795963,0.145716121345165,5,382
scale-free,400,24,396,187.0,87.0,41.0,41.0,82.0,87.0,87.0,142.75844979795963,0.145716121345165,5,382
scale-free,400,24,397,187.0,87.0,41.0,41.0,82.0,87.0,87.0,142.75844979795963,0.145716121345165,5,382
scale-free,400,24,398,187.0,87.0,41.0,41.0,82.0,87.0,87.0,142.75844979795963,0.145716121345165,5,382
scale-free,400,24,399,187.0,87.0,41.0,41.0,82.0,87.0,87.0,142.75844979795963,0.145716121345165,5,382
