scale-free,400,37,0,4.0,3.0,6.0,6.0,303.0,4.0,4.0,117.46413715854698,0.14316242145240868,6,374
scale-free,400,37,1,2.0,2.0,2.0,2.0,303.0,2.0,2.0,117.46413715854698,0.14316242145240868,6,374
scale-free,400,37,2,1.0,1.0,1.0,1.0,303.0,1.0,1.0,117.46413715854698,0.14316242145240868,6,374
scale-free,400,37,3,3.0,5.0,4.0,4.0,303.0,3.0,3.0,117.46413715854698,0.14316242145240868,6,374
scale-free,400,37,4,7.0,4.0,8.0,8.0,303.0,5.0,7.0,117.46413715854698,0.14316242145240868,6,374
scale-free,400,37,5,67.0,98.0,55.0,55.0,56.0,98.0,98.0,117.46413715854698,0.14316242145240868,6,374
scale-free,400,37,6,21.0,98.0,55.0,55.0,56.0,98.0,98.0,117.46413715854698,0.14316242145240868,6,374
scale-free,400,37,7,18.0,8.0,11.0,11.0,303.0,10.0,9.0,117.46413715854698,0.14316242145240868,6,374
scale-free,400,37,8,5.0,9.0,3.0,3.0,303.0,9.0,11.0,117.46413715854698,0.14316242145240868,6,374
scale-free,400,37,9,9.0,48.0,13.0,13.0,303.0,47.0,37.0,117.46413715854698,0.14316242145240868,6,374
scale-free,400,37,10,8.0,7.0,9.0,9.0,303.0,7.0,8.0,117.46413715854698,0.14316242145240868,6,374
scale-free,400,37,11,16.0,45.0,17.0,17.0,303.0,39.0,15.0,117.46413715854698,0.14316242145240868,6,374
scale-free,400,37,12,15.0,18.0,10.0,10.0,303.0,16.0,23.0,117.46413715854698,0.14316242145240868,6,374
scale-free,400,37,13,6.0,10.0,55.0,55.0,364.0,8.0,5.0,117.46413715854698,0.14316242145240868,6,374
scale-free,400,37,14,29.0,98.0,55.0,55.0,56.0,98.0,98.0,117.46413715854698,0.14316242145240868,6,374
scale-free,400,37,15,11.0,41.0,5.0,5.0,303.0,40.0,46.0,117.46413715854698,0.14316242145240868,6,374
scale-free,400,37,16,13.0,98.0,55.0,55.0,2.0,98.0,98.0,117.46413715854698,0.14316242145240868,6,374
scale-free,400,37,17,171.0,20.0,55.0,55.0,364.0,20.0,28.0,117.46413715854698,0.14316242145240868,6,374
scale-free,400,37,18,29.0,98.0,55.0,55.0,56.0,98.0,98.0,117.46413715854698,0.14316242145240868,6,374
scale-free,400,37,19,27.0,15.0,55.0,55.0,364.0,15.0,19.0,117.46413715854698,0.14316242145240868,6,374
scale-free,400,37,20,9.0,6.0,55.0,55.0,364.0,6.0,6.0,117.46413715854698,0.14316242145240868,6,374
scale-free,400,37,21,47.0,19.0,39.0,39.0,303.0,19.0,27.0,117.46413715854698,0.14316242145240868,6,374
scale-free,400,37,22,92.0,98.0,55.0,55.0,56.0,98.0,98.0,117.46413715854698,0.14316242145240868,6,374
scale-free,400,37,23,67.0,98.0,55.0,55.0,10.0,98.0,98.0,117.46413715854698,0.14316242145240868,6,374
scale-free,400,37,24,47.0,98.0,55.0,55.0,2.0,98.0,98.0,117.46413715854698,0.14316242145240868,6,374
scale-free,400,37,25,29.0,44.0,14.0,14.0,303.0,42.0,48.0,117.46413715854698,0.14316242145240868,6,374
scale-free,400,37,26,39.0,59.0,40.0,40.0,56.0,59.0,50.0,117.46413715854698,0.14316242145240868,6,374
scale-free,400,37,27,92.0,49.0,55.0,55.0,364.0,49.0,51.0,117.46413715854698,0.14316242145240868,6,374
scale-free,400,37,28,12.0,66.0,41.0,41.0,2.0,66.0,93.0,117.46413715854698,0.14316242145240868,6,374
scale-free,400,37,29,67.0,98.0,55.0,55.0,56.0,98.0,98.0,117.46413715854698,0.14316242145240868,6,374
scale-free,400,37,30,67.0,66.0,49.0,49.0,330.0,66.0,88.0,117.46413715854698,0.14316242145240868,6,374
scale-free,400,37,31,24.0,37.0,7.0,7.0,303.0,35.0,38.0,117.46413715854698,0.14316242145240868,6,374
scale-free,400,37,32,47.0,54.0,55.0,55.0,364.0,54.0,42.0,117.46413715854698,0.14316242145240868,6,374
scale-free,400,37,33,35.0,98.0,55.0,55.0,56.0,98.0,98.0,117.46413715854698,0.14316242145240868,6,374
scale-free,400,37,34,67.0,62.0,35.0,35.0,56.0,62.0,53.0,117.46413715854698,0.14316242145240868,6,374
scale-free,400,37,35,35.0,98.0,55.0,55.0,2.0,98.0,98.0,117.46413715854698,0.14316242145240868,6,374
scale-free,400,37,36,39.0,66.0,43.0,43.0,56.0,66.0,69.0,117.46413715854698,0.14316242145240868,6,374
scale-free,400,37,37,47.0,98.0,55.0,55.0,10.0,98.0,98.0,117.46413715854698,0.14316242145240868,6,374
scale-free,400,37,38,92.0,98.0,55.0,55.0,10.0,98.0,98.0,117.46413715854698,0.14316242145240868,6,374
scale-free,400,37,39,47.0,98.0,55.0,55.0,56.0,98.0,98.0,117.46413715854698,0.14316242145240868,6,374
scale-free,400,37,40,47.0,66.0,44.0,45.0,56.0,66.0,69.0,117.46413715854698,0.14316242145240868,6,374
scale-free,400,37,41,29.0,98.0,55.0,55.0,56.0,98.0,98.0,117.46413715854698,0.14316242145240868,6,374
scale-free,400,37,42,92.0,98.0,55.0,55.0,56.0,98.0,98.0,117.46413715854698,0.14316242145240868,6,374
scale-free,400,37,43,92.0,98.0,55.0,55.0,56.0,98.0,98.0,117.46413715854698,0.14316242145240868,6,374
scale-free,400,37,44,92.0,98.0,55.0,55.0,56.0,98.0,98.0,117.46413715854698,0.14316242145240868,6,374
scale-free,400,37,45,20.0,98.0,55.0,55.0,10.0,98.0,98.0,117.46413715854698,0.14316242145240868,6,374
scale-free,400,37,46,67.0,66.0,24.0,24.0,56.0,66.0,53.0,117.46413715854698,0.14316242145240868,6,374
scale-free,400,37,47,39.0,54.0,21.0,21.0,56.0,54.0,41.0,117.46413715854698,0.14316242145240868,6,374
scale-free,400,37,48,92.0,98.0,55.0,55.0,10.0,98.0,98.0,117.46413715854698,0.14316242145240868,6,374
scale-free,400,37,49,16.0,59.0,19.0,19.0,10.0,59.0,43.0,117.46413715854698,0.14316242145240868,6,374
scale-free,400,37,50,39.0,98.0,55.0,55.0,56.0,98.0,98.0,117.46413715854698,0.14316242145240868,6,374
scale-free,400,37,51,171.0,98.0,55.0,55.0,56.0,98.0,98.0,117.46413715854698,0.14316242145240868,6,374
scale-free,400,37,52,67.0,98.0,55.0,55.0,56.0,98.0,98.0,117.46413715854698,0.14316242145240868,6,374
scale-free,400,37,53,47.0,98.0,55.0,55.0,56.0,98.0,98.0,117.46413715854698,0.14316242145240868,6,374
scale-free,400,37,54,171.0,98.0,55.0,55.0,56.0,98.0,98.0,117.46413715854698,0.14316242145240868,6,374
scale-free,400,37,55,92.0,98.0,55.0,55.0,56.0,98.0,98.0,117.46413715854698,0.14316242145240868,6,374
scale-free,400,37,56,67.0,58.0,24.0,24.0,56.0,58.0,49.0,117.46413715854698,0.14316242145240868,6,374
scale-free,400,37,57,171.0,98.0,55.0,55.0,56.0,98.0,98.0,117.46413715854698,0.14316242145240868,6,374
scale-free,400,37,58,171.0,98.0,55.0,55.0,56.0,98.0,98.0,117.46413715854698,0.14316242145240868,6,374
scale-free,400,37,59,92.0,29.0,55.0,55.0,364.0,30.0,18.0,117.46413715854698,0.14316242145240868,6,374
scale-free,400,37,60,47.0,98.0,55.0,55.0,56.0,98.0,98.0,117.46413715854698,0.14316242145240868,6,374
scale-free,400,37,61,18.0,34.0,12.0,12.0,303.0,34.0,16.0,117.46413715854698,0.14316242145240868,6,374
scale-free,400,37,62,92.0,39.0,55.0,55.0,364.0,41.0,81.0,117.46413715854698,0.14316242145240868,6,374
scale-free,400,37,63,39.0,98.0,55.0,55.0,10.0,98.0,98.0,117.46413715854698,0.14316242145240868,6,374
scale-free,400,37,64,21.0,98.0,55.0,55.0,56.0,98.0,98.0,117.46413715854698,0.14316242145240868,6,374
scale-free,400,37,65,21.0,12.0,20.0,20.0,303.0,12.0,14.0,117.46413715854698,0.14316242145240868,6,374
scale-free,400,37,66,92.0,98.0,55.0,55.0,56.0,98.0,98.0,117.46413715854698,0.14316242145240868,6,374
scale-free,400,37,67,14.0,14.0,15.0,15.0,303.0,13.0,12.0,117.46413715854698,0.14316242145240868,6,374
scale-free,400,37,68,39.0,98.0,55.0,55.0,10.0,98.0,98.0,117.46413715854698,0.14316242145240868,6,374
scale-free,400,37,69,24.0,28.0,38.0,38.0,303.0,28.0,28.0,117.46413715854698,0.14316242145240868,6,374
scale-free,400,37,70,171.0,98.0,55.0,55.0,56.0,98.0,98.0,117.46413715854698,0.14316242145240868,6,374
scale-free,400,37,71,47.0,98.0,55.0,55.0,56.0,98.0,98.0,117.46413715854698,0.14316242145240868,6,374
scale-free,400,37,72,171.0,47.0,55.0,55.0,364.0,48.0,45.0,117.46413715854698,0.14316242145240868,6,374
scale-free,400,37,73,92.0,66.0,24.0,24.0,56.0,66.0,53.0,117.46413715854698,0.14316242145240868,6,374
scale-free,400,37,74,39.0,98.0,55.0,55.0,56.0,98.0,98.0,117.46413715854698,0.14316242145240868,6,374
scale-free,400,37,75,29.0,98.0,55.0,55.0,1.0,98.0,98.0,117.46413715854698,0.14316242145240868,6,374
scale-free,400,37,76,67.0,98.0,55.0,55.0,56.0,98.0,98.0,117.46413715854698,0.14316242145240868,6,374
scale-free,400,37,77,24.0,98.0,55.0,55.0,56.0,98.0,98.0,117.46413715854698,0.14316242145240868,6,374
scale-free,400,37,78,47.0,54.0,55.0,55.0,364.0,54.0,44.0,117.46413715854698,0.14316242145240868,6,374
scale-free,400,37,79,47.0,98.0,55.0,55.0,10.0,98.0,98.0,117.46413715854698,0.14316242145240868,6,374
scale-free,400,37,80,67.0,66.0,45.0,46.0,56.0,66.0,86.0,117.46413715854698,0.14316242145240868,6,374
scale-free,400,37,81,171.0,98.0,55.0,55.0,333.0,98.0,98.0,117.46413715854698,0.14316242145240868,6,374
scale-free,400,37,82,171.0,98.0,55.0,55.0,56.0,98.0,98.0,117.46413715854698,0.14316242145240868,6,374
scale-free,400,37,83,171.0,98.0,55.0,55.0,56.0,98.0,98.0,117.46413715854698,0.14316242145240868,6,374
scale-free,400,37,84,47.0,98.0,55.0,55.0,56.0,98.0,98.0,117.46413715854698,0.14316242145240868,6,374
scale-free,400,37,85,92.0,98.0,55.0,55.0,10.0,98.0,98.0,117.46413715854698,0.14316242145240868,6,374
scale-free,400,37,86,171.0,98.0,55.0,55.0,56.0,98.0,98.0,117.46413715854698,0.14316242145240868,6,374
scale-free,400,37,87,67.0,38.0,55.0,55.0,364.0,38.0,66.0,117.46413715854698,0.14316242145240868,6,374
scale-free,400,37,88,171.0,98.0,55.0,55.0,56.0,98.0,98.0,117.46413715854698,0.14316242145240868,6,374
scale-free,400,37,89,171.0,98.0,55.0,55.0,56.0,98.0,98.0,117.46413715854698,0.14316242145240868,6,374
scale-free,400,37,90,35.0,66.0,24.0,24.0,56.0,66.0,53.0,117.46413715854698,0.14316242145240868,6,374
scale-free,400,37,91,29.0,54.0,37.0,37.0,56.0,54.0,52.0,117.46413715854698,0.14316242145240868,6,374
scale-free,400,37,92,171.0,98.0,55.0,55.0,56.0,98.0,98.0,117.46413715854698,0.14316242145240868,6,374
scale-free,400,37,93,92.0,98.0,55.0,55.0,330.0,98.0,98.0,117.46413715854698,0.14316242145240868,6,374
scale-free,400,37,94,171.0,98.0,55.0,55.0,56.0,98.0,98.0,117.46413715854698,0.14316242145240868,6,374
scale-free,400,37,95,171.0,20.0,55.0,55.0,364.0,20.0,28.0,117.46413715854698,0.14316242145240868,6,374
scale-free,400,37,96,92.0,39.0,45.0,44.0,333.0,45.0,25.0,117.46413715854698,0.14316242145240868,6,374
scale-free,400,37,97,171.0,98.0,55.0,55.0,56.0,98.0,98.0,117.46413715854698,0.14316242145240868,6,374
scale-free,400,37,98,47.0,98.0,55.0,55.0,56.0,98.0,98.0,117.46413715854698,0.14316242145240868,6,374
scale-free,400,37,99,171.0,98.0,55.0,55.0,10.0,98.0,98.0,117.46413715854698,0.14316242145240868,6,374
scale-free,400,37,100,171.0,98.0,55.0,55.0,56.0,98.0,98.0,117.46413715854698,0.14316242145240868,6,374
scale-free,400,37,101,92.0,98.0,55.0,55.0,56.0,98.0,98.0,117.46413715854698,0.14316242145240868,6,374
scale-free,400,37,102,171.0,98.0,55.0,55.0,56.0,98.0,98.0,117.46413715854698,0.14316242145240868,6,374
scale-free,400,37,103,171.0,42.0,55.0,55.0,364.0,43.0,84.0,117.46413715854698,0.14316242145240868,6,374
scale-free,400,37,104,171.0,20.0,55.0,55.0,364.0,20.0,28.0,117.46413715854698,0.14316242145240868,6,374
scale-free,400,37,105,92.0,52.0,55.0,55.0,303.0,52.0,83.0,117.46413715854698,0.14316242145240868,6,374
scale-free,400,37,106,92.0,66.0,23.0,24.0,56.0,66.0,53.0,117.46413715854698,0.14316242145240868,6,374
scale-free,400,37,107,92.0,98.0,55.0,55.0,10.0,98.0,98.0,117.46413715854698,0.14316242145240868,6,374
scale-free,400,37,108,67.0,98.0,55.0,55.0,56.0,98.0,98.0,117.46413715854698,0.14316242145240868,6,374
scale-free,400,37,109,92.0,98.0,55.0,55.0,10.0,98.0,98.0,117.46413715854698,0.14316242145240868,6,374
scale-free,400,37,110,92.0,66.0,24.0,24.0,56.0,66.0,53.0,117.46413715854698,0.14316242145240868,6,374
scale-free,400,37,111,171.0,98.0,55.0,55.0,333.0,98.0,98.0,117.46413715854698,0.14316242145240868,6,374
scale-free,400,37,112,171.0,98.0,55.0,55.0,2.0,98.0,98.0,117.46413715854698,0.14316242145240868,6,374
scale-free,400,37,113,171.0,98.0,55.0,55.0,56.0,98.0,98.0,117.46413715854698,0.14316242145240868,6,374
scale-free,400,37,114,171.0,98.0,55.0,55.0,56.0,98.0,98.0,117.46413715854698,0.14316242145240868,6,374
scale-free,400,37,115,171.0,98.0,55.0,55.0,56.0,98.0,98.0,117.46413715854698,0.14316242145240868,6,374
scale-free,400,37,116,67.0,98.0,55.0,55.0,56.0,98.0,98.0,117.46413715854698,0.14316242145240868,6,374
scale-free,400,37,117,171.0,98.0,55.0,55.0,56.0,98.0,98.0,117.46413715854698,0.14316242145240868,6,374
scale-free,400,37,118,39.0,98.0,55.0,55.0,2.0,98.0,98.0,117.46413715854698,0.14316242145240868,6,374
scale-free,400,37,119,67.0,51.0,55.0,55.0,303.0,51.0,94.0,117.46413715854698,0.14316242145240868,6,374
scale-free,400,37,120,47.0,66.0,52.0,51.0,56.0,66.0,69.0,117.46413715854698,0.14316242145240868,6,374
scale-free,400,37,121,171.0,98.0,55.0,55.0,56.0,98.0,98.0,117.46413715854698,0.14316242145240868,6,374
scale-free,400,37,122,92.0,98.0,55.0,55.0,56.0,98.0,98.0,117.46413715854698,0.14316242145240868,6,374
scale-free,400,37,123,171.0,98.0,55.0,55.0,56.0,98.0,98.0,117.46413715854698,0.14316242145240868,6,374
scale-free,400,37,124,171.0,98.0,55.0,55.0,56.0,98.0,98.0,117.46413715854698,0.14316242145240868,6,374
scale-free,400,37,125,92.0,98.0,55.0,55.0,56.0,98.0,98.0,117.46413715854698,0.14316242145240868,6,374
scale-free,400,37,126,171.0,98.0,55.0,55.0,56.0,98.0,98.0,117.46413715854698,0.14316242145240868,6,374
scale-free,400,37,127,171.0,98.0,55.0,55.0,56.0,98.0,98.0,117.46413715854698,0.14316242145240868,6,374
scale-free,400,37,128,92.0,98.0,55.0,55.0,10.0,98.0,98.0,117.46413715854698,0.14316242145240868,6,374
scale-free,400,37,129,92.0,98.0,55.0,55.0,56.0,98.0,98.0,117.46413715854698,0.14316242145240868,6,374
scale-free,400,37,130,67.0,98.0,55.0,55.0,56.0,98.0,98.0,117.46413715854698,0.14316242145240868,6,374
scale-free,400,37,131,47.0,66.0,24.0,24.0,56.0,66.0,53.0,117.46413715854698,0.14316242145240868,6,374
scale-free,400,37,132,67.0,98.0,55.0,55.0,10.0,98.0,98.0,117.46413715854698,0.14316242145240868,6,374
scale-free,400,37,133,171.0,98.0,55.0,55.0,56.0,98.0,98.0,117.46413715854698,0.14316242145240868,6,374
scale-free,400,37,134,67.0,98.0,55.0,55.0,56.0,98.0,98.0,117.46413715854698,0.14316242145240868,6,374
scale-free,400,37,135,67.0,98.0,55.0,55.0,10.0,98.0,98.0,117.46413715854698,0.14316242145240868,6,374
scale-free,400,37,136,171.0,98.0,55.0,55.0,56.0,98.0,98.0,117.46413715854698,0.14316242145240868,6,374
scale-free,400,37,137,171.0,98.0,55.0,55.0,333.0,98.0,98.0,117.46413715854698,0.14316242145240868,6,374
scale-free,400,37,138,171.0,98.0,55.0,55.0,333.0,98.0,98.0,117.46413715854698,0.14316242145240868,6,374
scale-free,400,37,139,171.0,98.0,55.0,55.0,10.0,98.0,98.0,117.46413715854698,0.14316242145240868,6,374
scale-free,400,37,140,92.0,62.0,55.0,55.0,364.0,62.0,82.0,117.46413715854698,0.14316242145240868,6,374
scale-free,400,37,141,27.0,13.0,55.0,55.0,364.0,14.0,10.0,117.46413715854698,0.14316242145240868,6,374
scale-free,400,37,142,92.0,98.0,55.0,55.0,56.0,98.0,98.0,117.46413715854698,0.14316242145240868,6,374
scale-free,400,37,143,47.0,98.0,55.0,55.0,2.0,98.0,98.0,117.46413715854698,0.14316242145240868,6,374
scale-free,400,37,144,67.0,98.0,55.0,55.0,56.0,98.0,98.0,117.46413715854698,0.14316242145240868,6,374
scale-free,400,37,145,47.0,98.0,55.0,55.0,56.0,98.0,98.0,117.46413715854698,0.14316242145240868,6,374
scale-free,400,37,146,171.0,32.0,55.0,55.0,364.0,32.0,21.0,117.46413715854698,0.14316242145240868,6,374
scale-free,400,37,147,171.0,98.0,55.0,55.0,56.0,98.0,98.0,117.46413715854698,0.14316242145240868,6,374
scale-free,400,37,148,92.0,66.0,52.0,51.0,333.0,66.0,53.0,117.46413715854698,0.14316242145240868,6,374
scale-free,400,37,149,92.0,98.0,55.0,55.0,10.0,98.0,98.0,117.46413715854698,0.14316242145240868,6,374
scale-free,400,37,150,171.0,98.0,55.0,55.0,333.0,98.0,98.0,117.46413715854698,0.14316242145240868,6,374
scale-free,400,37,151,92.0,66.0,50.0,50.0,56.0,66.0,69.0,117.46413715854698,0.14316242145240868,6,374
scale-free,400,37,152,171.0,98.0,55.0,55.0,56.0,98.0,98.0,117.46413715854698,0.14316242145240868,6,374
scale-free,400,37,153,35.0,11.0,18.0,18.0,303.0,11.0,13.0,117.46413715854698,0.14316242145240868,6,374
scale-free,400,37,154,92.0,27.0,55.0,55.0,303.0,27.0,28.0,117.46413715854698,0.14316242145240868,6,374
scale-free,400,37,155,171.0,98.0,55.0,55.0,56.0,98.0,98.0,117.46413715854698,0.14316242145240868,6,374
scale-free,400,37,156,92.0,98.0,55.0,55.0,10.0,98.0,98.0,117.46413715854698,0.14316242145240868,6,374
scale-free,400,37,157,171.0,66.0,55.0,55.0,364.0,66.0,89.0,117.46413715854698,0.14316242145240868,6,374
scale-free,400,37,158,92.0,64.0,55.0,55.0,333.0,64.0,67.0,117.46413715854698,0.14316242145240868,6,374
scale-free,400,37,159,92.0,66.0,36.0,36.0,56.0,66.0,69.0,117.46413715854698,0.14316242145240868,6,374
scale-free,400,37,160,171.0,98.0,55.0,55.0,56.0,98.0,98.0,117.46413715854698,0.14316242145240868,6,374
scale-free,400,37,161,171.0,98.0,55.0,55.0,333.0,98.0,98.0,117.46413715854698,0.14316242145240868,6,374
scale-free,400,37,162,171.0,98.0,55.0,55.0,56.0,98.0,98.0,117.46413715854698,0.14316242145240868,6,374
scale-free,400,37,163,92.0,66.0,24.0,34.0,56.0,66.0,53.0,117.46413715854698,0.14316242145240868,6,374
scale-free,400,37,164,171.0,98.0,55.0,55.0,56.0,98.0,98.0,117.46413715854698,0.14316242145240868,6,374
scale-free,400,37,165,92.0,16.0,55.0,55.0,364.0,18.0,26.0,117.46413715854698,0.14316242145240868,6,374
scale-free,400,37,166,171.0,98.0,55.0,55.0,56.0,98.0,98.0,117.46413715854698,0.14316242145240868,6,374
scale-free,400,37,167,47.0,17.0,22.0,22.0,303.0,17.0,24.0,117.46413715854698,0.14316242145240868,6,374
scale-free,400,37,168,171.0,98.0,55.0,55.0,56.0,98.0,98.0,117.46413715854698,0.14316242145240868,6,374
scale-free,400,37,169,92.0,98.0,55.0,55.0,56.0,98.0,98.0,117.46413715854698,0.14316242145240868,6,374
scale-free,400,37,170,171.0,98.0,55.0,55.0,56.0,98.0,98.0,117.46413715854698,0.14316242145240868,6,374
scale-free,400,37,171,171.0,98.0,55.0,55.0,56.0,98.0,98.0,117.46413715854698,0.14316242145240868,6,374
scale-free,400,37,172,171.0,98.0,55.0,55.0,333.0,98.0,98.0,117.46413715854698,0.14316242145240868,6,374
scale-free,400,37,173,171.0,98.0,55.0,55.0,56.0,98.0,98.0,117.46413715854698,0.14316242145240868,6,374
scale-free,400,37,174,67.0,98.0,55.0,55.0,56.0,98.0,98.0,117.46413715854698,0.14316242145240868,6,374
scale-free,400,37,175,92.0,98.0,55.0,55.0,56.0,98.0,98.0,117.46413715854698,0.14316242145240868,6,374
scale-free,400,37,176,171.0,98.0,55.0,55.0,56.0,98.0,98.0,117.46413715854698,0.14316242145240868,6,374
scale-free,400,37,177,171.0,98.0,55.0,55.0,56.0,98.0,98.0,117.46413715854698,0.14316242145240868,6,374
scale-free,400,37,178,171.0,98.0,55.0,55.0,56.0,98.0,98.0,117.46413715854698,0.14316242145240868,6,374
scale-free,400,37,179,92.0,98.0,55.0,55.0,10.0,98.0,98.0,117.46413715854698,0.14316242145240868,6,374
scale-free,400,37,180,171.0,98.0,55.0,55.0,56.0,98.0,98.0,117.46413715854698,0.14316242145240868,6,374
scale-free,400,37,181,92.0,50.0,55.0,55.0,364.0,49.0,92.0,117.46413715854698,0.14316242145240868,6,374
scale-free,400,37,182,67.0,61.0,48.0,48.0,56.0,61.0,68.0,117.46413715854698,0.14316242145240868,6,374
scale-free,400,37,183,171.0,20.0,55.0,55.0,364.0,20.0,28.0,117.46413715854698,0.14316242145240868,6,374
scale-free,400,37,184,92.0,98.0,55.0,55.0,10.0,98.0,98.0,117.46413715854698,0.14316242145240868,6,374
scale-free,400,37,185,171.0,98.0,55.0,55.0,56.0,98.0,98.0,117.46413715854698,0.14316242145240868,6,374
scale-free,400,37,186,92.0,98.0,55.0,55.0,56.0,98.0,98.0,117.46413715854698,0.14316242145240868,6,374
scale-free,400,37,187,171.0,98.0,55.0,55.0,333.0,98.0,98.0,117.46413715854698,0.14316242145240868,6,374
scale-free,400,37,188,92.0,46.0,55.0,55.0,364.0,46.0,47.0,117.46413715854698,0.14316242145240868,6,374
scale-free,400,37,189,171.0,98.0,55.0,55.0,56.0,98.0,98.0,117.46413715854698,0.14316242145240868,6,374
scale-free,400,37,190,92.0,98.0,55.0,55.0,56.0,98.0,98.0,117.46413715854698,0.14316242145240868,6,374
scale-free,400,37,191,171.0,98.0,55.0,55.0,56.0,98.0,98.0,117.46413715854698,0.14316242145240868,6,374
scale-free,400,37,192,67.0,98.0,55.0,55.0,56.0,98.0,98.0,117.46413715854698,0.14316242145240868,6,374
scale-free,400,37,193,171.0,98.0,55.0,55.0,56.0,98.0,98.0,117.46413715854698,0.14316242145240868,6,374
scale-free,400,37,194,92.0,98.0,55.0,55.0,10.0,98.0,98.0,117.46413715854698,0.14316242145240868,6,374
scale-free,400,37,195,67.0,66.0,47.0,47.0,56.0,66.0,86.0,117.46413715854698,0.14316242145240868,6,374
scale-free,400,37,196,92.0,98.0,55.0,55.0,56.0,98.0,98.0,117.46413715854698,0.14316242145240868,6,374
scale-free,400,37,197,171.0,98.0,55.0,55.0,56.0,98.0,98.0,117.46413715854698,0.14316242145240868,6,374
scale-free,400,37,198,92.0,66.0,24.0,24.0,56.0,66.0,53.0,117.46413715854698,0.14316242145240868,6,374
scale-free,400,37,199,171.0,98.0,55.0,55.0,56.0,98.0,98.0,117.46413715854698,0.14316242145240868,6,374
scale-free,400,37,200,171.0,98.0,55.0,55.0,333.0,98.0,98.0,117.46413715854698,0.14316242145240868,6,374
scale-free,400,37,201,171.0,98.0,55.0,55.0,56.0,98.0,98.0,117.46413715854698,0.14316242145240868,6,374
scale-free,400,37,202,171.0,98.0,55.0,55.0,333.0,98.0,98.0,117.46413715854698,0.14316242145240868,6,374
scale-free,400,37,203,92.0,29.0,55.0,55.0,364.0,30.0,20.0,117.46413715854698,0.14316242145240868,6,374
scale-free,400,37,204,92.0,98.0,55.0,55.0,56.0,98.0,98.0,117.46413715854698,0.14316242145240868,6,374
scale-free,400,37,205,171.0,98.0,55.0,55.0,56.0,98.0,98.0,117.46413715854698,0.14316242145240868,6,374
scale-free,400,37,206,171.0,98.0,55.0,55.0,56.0,98.0,98.0,117.46413715854698,0.14316242145240868,6,374
scale-free,400,37,207,171.0,98.0,55.0,55.0,56.0,98.0,98.0,117.46413715854698,0.14316242145240868,6,374
scale-free,400,37,208,171.0,98.0,55.0,55.0,333.0,98.0,98.0,117.46413715854698,0.14316242145240868,6,374
scale-free,400,37,209,92.0,98.0,55.0,55.0,56.0,98.0,98.0,117.46413715854698,0.14316242145240868,6,374
scale-free,400,37,210,67.0,98.0,55.0,55.0,56.0,98.0,98.0,117.46413715854698,0.14316242145240868,6,374
scale-free,400,37,211,171.0,66.0,55.0,55.0,364.0,66.0,69.0,117.46413715854698,0.14316242145240868,6,374
scale-free,400,37,212,67.0,98.0,55.0,55.0,56.0,98.0,98.0,117.46413715854698,0.14316242145240868,6,374
scale-free,400,37,213,92.0,98.0,55.0,55.0,10.0,98.0,98.0,117.46413715854698,0.14316242145240868,6,374
scale-free,400,37,214,171.0,98.0,55.0,55.0,56.0,98.0,98.0,117.46413715854698,0.14316242145240868,6,374
scale-free,400,37,215,171.0,98.0,55.0,55.0,10.0,98.0,98.0,117.46413715854698,0.14316242145240868,6,374
scale-free,400,37,216,171.0,98.0,55.0,55.0,56.0,98.0,98.0,117.46413715854698,0.14316242145240868,6,374
scale-free,400,37,217,171.0,98.0,55.0,55.0,2.0,98.0,98.0,117.46413715854698,0.14316242145240868,6,374
scale-free,400,37,218,171.0,98.0,55.0,55.0,56.0,98.0,98.0,117.46413715854698,0.14316242145240868,6,374
scale-free,400,37,219,171.0,66.0,55.0,55.0,364.0,66.0,95.0,117.46413715854698,0.14316242145240868,6,374
scale-free,400,37,220,171.0,98.0,55.0,55.0,56.0,98.0,98.0,117.46413715854698,0.14316242145240868,6,374
scale-free,400,37,221,171.0,98.0,55.0,55.0,56.0,98.0,98.0,117.46413715854698,0.14316242145240868,6,374
scale-free,400,37,222,92.0,98.0,55.0,55.0,56.0,98.0,98.0,117.46413715854698,0.14316242145240868,6,374
scale-free,400,37,223,171.0,32.0,55.0,55.0,364.0,32.0,21.0,117.46413715854698,0.14316242145240868,6,374
scale-free,400,37,224,92.0,98.0,55.0,55.0,56.0,98.0,98.0,117.46413715854698,0.14316242145240868,6,374
scale-free,400,37,225,92.0,98.0,55.0,55.0,56.0,98.0,98.0,117.46413715854698,0.14316242145240868,6,374
scale-free,400,37,226,171.0,98.0,55.0,55.0,333.0,98.0,98.0,117.46413715854698,0.14316242145240868,6,374
scale-free,400,37,227,92.0,98.0,55.0,55.0,10.0,98.0,98.0,117.46413715854698,0.14316242145240868,6,374
scale-free,400,37,228,171.0,98.0,55.0,55.0,56.0,98.0,98.0,117.46413715854698,0.14316242145240868,6,374
scale-free,400,37,229,171.0,98.0,55.0,55.0,10.0,98.0,98.0,117.46413715854698,0.14316242145240868,6,374
scale-free,400,37,230,171.0,98.0,55.0,55.0,56.0,98.0,98.0,117.46413715854698,0.14316242145240868,6,374
scale-free,400,37,231,92.0,98.0,55.0,55.0,10.0,98.0,98.0,117.46413715854698,0.14316242145240868,6,374
scale-free,400,37,232,171.0,98.0,55.0,55.0,56.0,98.0,98.0,117.46413715854698,0.14316242145240868,6,374
scale-free,400,37,233,171.0,98.0,55.0,55.0,56.0,98.0,98.0,117.46413715854698,0.14316242145240868,6,374
scale-free,400,37,234,47.0,31.0,16.0,16.0,303.0,29.0,17.0,117.46413715854698,0.14316242145240868,6,374
scale-free,400,37,235,171.0,98.0,55.0,55.0,56.0,98.0,98.0,117.46413715854698,0.14316242145240868,6,374
scale-free,400,37,236,171.0,98.0,55.0,55.0,56.0,98.0,98.0,117.46413715854698,0.14316242145240868,6,374
scale-free,400,37,237,171.0,98.0,55.0,55.0,56.0,98.0,98.0,117.46413715854698,0.14316242145240868,6,374
scale-free,400,37,238,171.0,98.0,55.0,55.0,56.0,98.0,98.0,117.46413715854698,0.14316242145240868,6,374
scale-free,400,37,239,171.0,98.0,55.0,55.0,56.0,98.0,98.0,117.46413715854698,0.14316242145240868,6,374
scale-free,400,37,240,171.0,98.0,55.0,55.0,56.0,98.0,98.0,117.46413715854698,0.14316242145240868,6,374
scale-free,400,37,241,171.0,98.0,55.0,55.0,56.0,98.0,98.0,117.46413715854698,0.14316242145240868,6,374
scale-free,400,37,242,171.0,98.0,55.0,55.0,56.0,98.0,98.0,117.46413715854698,0.14316242145240868,6,374
scale-free,400,37,243,92.0,66.0,24.0,24.0,56.0,66.0,53.0,117.46413715854698,0.14316242145240868,6,374
scale-free,400,37,244,171.0,98.0,55.0,55.0,56.0,98.0,98.0,117.46413715854698,0.14316242145240868,6,374
scale-free,400,37,245,171.0,98.0,55.0,55.0,56.0,98.0,98.0,117.46413715854698,0.14316242145240868,6,374
scale-free,400,37,246,171.0,98.0,55.0,55.0,56.0,98.0,98.0,117.46413715854698,0.14316242145240868,6,374
scale-free,400,37,247,171.0,98.0,55.0,55.0,56.0,98.0,98.0,117.46413715854698,0.14316242145240868,6,374
scale-free,400,37,248,171.0,98.0,55.0,55.0,56.0,98.0,98.0,117.46413715854698,0.14316242145240868,6,374
scale-free,400,37,249,92.0,66.0,51.0,53.0,56.0,66.0,69.0,117.46413715854698,0.14316242145240868,6,374
scale-free,400,37,250,171.0,98.0,55.0,55.0,56.0,98.0,98.0,117.46413715854698,0.14316242145240868,6,374
scale-free,400,37,251,171.0,98.0,55.0,55.0,56.0,98.0,98.0,117.46413715854698,0.14316242145240868,6,374
scale-free,400,37,252,171.0,98.0,55.0,55.0,56.0,98.0,98.0,117.46413715854698,0.14316242145240868,6,374
scale-free,400,37,253,92.0,98.0,55.0,55.0,56.0,98.0,98.0,117.46413715854698,0.14316242145240868,6,374
scale-free,400,37,254,171.0,98.0,55.0,55.0,56.0,98.0,98.0,117.46413715854698,0.14316242145240868,6,374
scale-free,400,37,255,92.0,98.0,55.0,55.0,10.0,98.0,98.0,117.46413715854698,0.14316242145240868,6,374
scale-free,400,37,256,171.0,35.0,55.0,55.0,364.0,36.0,39.0,117.46413715854698,0.14316242145240868,6,374
scale-free,400,37,257,171.0,98.0,55.0,55.0,56.0,98.0,98.0,117.46413715854698,0.14316242145240868,6,374
scale-free,400,37,258,92.0,98.0,55.0,55.0,10.0,98.0,98.0,117.46413715854698,0.14316242145240868,6,374
scale-free,400,37,259,92.0,98.0,55.0,55.0,56.0,98.0,98.0,117.46413715854698,0.14316242145240868,6,374
scale-free,400,37,260,171.0,98.0,55.0,55.0,333.0,98.0,98.0,117.46413715854698,0.14316242145240868,6,374
scale-free,400,37,261,171.0,98.0,55.0,55.0,333.0,98.0,98.0,117.46413715854698,0.14316242145240868,6,374
scale-free,400,37,262,171.0,20.0,55.0,55.0,364.0,20.0,28.0,117.46413715854698,0.14316242145240868,6,374
scale-free,400,37,263,171.0,98.0,55.0,55.0,56.0,98.0,98.0,117.46413715854698,0.14316242145240868,6,374
scale-free,400,37,264,92.0,98.0,55.0,55.0,56.0,98.0,98.0,117.46413715854698,0.14316242145240868,6,374
scale-free,400,37,265,171.0,98.0,55.0,55.0,56.0,98.0,98.0,117.46413715854698,0.14316242145240868,6,374
scale-free,400,37,266,171.0,98.0,55.0,55.0,333.0,98.0,98.0,117.46413715854698,0.14316242145240868,6,374
scale-free,400,37,267,171.0,98.0,55.0,55.0,56.0,98.0,98.0,117.46413715854698,0.14316242145240868,6,374
scale-free,400,37,268,171.0,98.0,55.0,55.0,56.0,98.0,98.0,117.46413715854698,0.14316242145240868,6,374
scale-free,400,37,269,171.0,98.0,55.0,55.0,56.0,98.0,98.0,117.46413715854698,0.14316242145240868,6,374
scale-free,400,37,270,171.0,98.0,55.0,55.0,56.0,98.0,98.0,117.46413715854698,0.14316242145240868,6,374
scale-free,400,37,271,171.0,98.0,55.0,55.0,56.0,98.0,98.0,117.46413715854698,0.14316242145240868,6,374
scale-free,400,37,272,92.0,98.0,55.0,55.0,56.0,98.0,98.0,117.46413715854698,0.14316242145240868,6,374
scale-free,400,37,273,171.0,98.0,55.0,55.0,333.0,98.0,98.0,117.46413715854698,0.14316242145240868,6,374
scale-free,400,37,274,171.0,98.0,55.0,55.0,56.0,98.0,98.0,117.46413715854698,0.14316242145240868,6,374
scale-free,400,37,275,171.0,98.0,55.0,55.0,56.0,98.0,98.0,117.46413715854698,0.14316242145240868,6,374
scale-free,400,37,276,171.0,35.0,55.0,55.0,364.0,36.0,39.0,117.46413715854698,0.14316242145240868,6,374
scale-free,400,37,277,171.0,98.0,55.0,55.0,56.0,98.0,98.0,117.46413715854698,0.14316242145240868,6,374
scale-free,400,37,278,171.0,98.0,55.0,55.0,56.0,98.0,98.0,117.46413715854698,0.14316242145240868,6,374
scale-free,400,37,279,171.0,64.0,55.0,55.0,364.0,64.0,96.0,117.46413715854698,0.14316242145240868,6,374
scale-free,400,37,280,171.0,98.0,55.0,55.0,56.0,98.0,98.0,117.46413715854698,0.14316242145240868,6,374
scale-free,400,37,281,171.0,98.0,55.0,55.0,56.0,98.0,98.0,117.46413715854698,0.14316242145240868,6,374
scale-free,400,37,282,171.0,98.0,55.0,55.0,330.0,98.0,98.0,117.46413715854698,0.14316242145240868,6,374
scale-free,400,37,283,171.0,66.0,55.0,55.0,364.0,66.0,89.0,117.46413715854698,0.14316242145240868,6,374
scale-free,400,37,284,171.0,98.0,55.0,55.0,10.0,98.0,98.0,117.46413715854698,0.14316242145240868,6,374
scale-free,400,37,285,171.0,98.0,55.0,55.0,56.0,98.0,98.0,117.46413715854698,0.14316242145240868,6,374
scale-free,400,37,286,171.0,98.0,55.0,55.0,56.0,98.0,98.0,117.46413715854698,0.14316242145240868,6,374
scale-free,400,37,287,171.0,98.0,55.0,55.0,56.0,98.0,98.0,117.46413715854698,0.14316242145240868,6,374
scale-free,400,37,288,171.0,98.0,55.0,55.0,56.0,98.0,98.0,117.46413715854698,0.14316242145240868,6,374
scale-free,400,37,289,171.0,98.0,55.0,55.0,56.0,98.0,98.0,117.46413715854698,0.14316242145240868,6,374
scale-free,400,37,290,171.0,98.0,55.0,55.0,56.0,98.0,98.0,117.46413715854698,0.14316242145240868,6,374
scale-free,400,37,291,171.0,98.0,55.0,55.0,56.0,98.0,98.0,117.46413715854698,0.14316242145240868,6,374
scale-free,400,37,292,171.0,98.0,55.0,55.0,56.0,98.0,98.0,117.46413715854698,0.14316242145240868,6,374
scale-free,400,37,293,171.0,98.0,55.0,55.0,56.0,98.0,98.0,117.46413715854698,0.14316242145240868,6,374
scale-free,400,37,294,171.0,98.0,55.0,55.0,56.0,98.0,98.0,117.46413715854698,0.14316242145240868,6,374
scale-free,400,37,295,171.0,98.0,55.0,55.0,56.0,98.0,98.0,117.46413715854698,0.14316242145240868,6,374
scale-free,400,37,296,171.0,98.0,55.0,55.0,56.0,98.0,98.0,117.46413715854698,0.14316242145240868,6,374
scale-free,400,37,297,171.0,98.0,55.0,55.0,333.0,98.0,98.0,117.46413715854698,0.14316242145240868,6,374
scale-free,400,37,298,171.0,98.0,55.0,55.0,10.0,98.0,98.0,117.46413715854698,0.14316242145240868,6,374
scale-free,400,37,299,171.0,98.0,55.0,55.0,56.0,98.0,98.0,117.46413715854698,0.14316242145240868,6,374
scale-free,400,37,300,92.0,98.0,55.0,55.0,56.0,98.0,98.0,117.46413715854698,0.14316242145240868,6,374
scale-free,400,37,301,92.0,98.0,55.0,55.0,56.0,98.0,98.0,117.46413715854698,0.14316242145240868,6,374
scale-free,400,37,302,171.0,98.0,55.0,55.0,56.0,98.0,98.0,117.46413715854698,0.14316242145240868,6,374
scale-free,400,37,303,171.0,98.0,55.0,55.0,333.0,98.0,98.0,117.46413715854698,0.14316242145240868,6,374
scale-free,400,37,304,171.0,98.0,55.0,55.0,10.0,98.0,98.0,117.46413715854698,0.14316242145240868,6,374
scale-free,400,37,305,171.0,98.0,55.0,55.0,56.0,98.0,98.0,117.46413715854698,0.14316242145240868,6,374
scale-free,400,37,306,171.0,98.0,55.0,55.0,333.0,98.0,98.0,117.46413715854698,0.14316242145240868,6,374
scale-free,400,37,307,171.0,98.0,55.0,55.0,56.0,98.0,98.0,117.46413715854698,0.14316242145240868,6,374
scale-free,400,37,308,171.0,98.0,55.0,55.0,56.0,98.0,98.0,117.46413715854698,0.14316242145240868,6,374
scale-free,400,37,309,171.0,98.0,55.0,55.0,56.0,98.0,98.0,117.46413715854698,0.14316242145240868,6,374
scale-free,400,37,310,171.0,66.0,55.0,55.0,364.0,66.0,69.0,117.46413715854698,0.14316242145240868,6,374
scale-free,400,37,311,171.0,98.0,55.0,55.0,56.0,98.0,98.0,117.46413715854698,0.14316242145240868,6,374
scale-free,400,37,312,171.0,98.0,55.0,55.0,56.0,98.0,98.0,117.46413715854698,0.14316242145240868,6,374
scale-free,400,37,313,92.0,98.0,55.0,55.0,10.0,98.0,98.0,117.46413715854698,0.14316242145240868,6,374
scale-free,400,37,314,92.0,98.0,55.0,55.0,10.0,98.0,98.0,117.46413715854698,0.14316242145240868,6,374
scale-free,400,37,315,171.0,98.0,55.0,55.0,56.0,98.0,98.0,117.46413715854698,0.14316242145240868,6,374
scale-free,400,37,316,171.0,98.0,55.0,55.0,333.0,98.0,98.0,117.46413715854698,0.14316242145240868,6,374
scale-free,400,37,317,92.0,98.0,55.0,55.0,10.0,98.0,98.0,117.46413715854698,0.14316242145240868,6,374
scale-free,400,37,318,171.0,98.0,55.0,55.0,56.0,98.0,98.0,117.46413715854698,0.14316242145240868,6,374
scale-free,400,37,319,92.0,26.0,55.0,55.0,303.0,26.0,28.0,117.46413715854698,0.14316242145240868,6,374
scale-free,400,37,320,171.0,98.0,55.0,55.0,56.0,98.0,98.0,117.46413715854698,0.14316242145240868,6,374
scale-free,400,37,321,171.0,98.0,55.0,55.0,56.0,98.0,98.0,117.46413715854698,0.14316242145240868,6,374
scale-free,400,37,322,171.0,98.0,55.0,55.0,56.0,98.0,98.0,117.46413715854698,0.14316242145240868,6,374
scale-free,400,37,323,92.0,53.0,55.0,55.0,303.0,53.0,91.0,117.46413715854698,0.14316242145240868,6,374
scale-free,400,37,324,171.0,98.0,55.0,55.0,56.0,98.0,98.0,117.46413715854698,0.14316242145240868,6,374
scale-free,400,37,325,171.0,98.0,55.0,55.0,56.0,98.0,98.0,117.46413715854698,0.14316242145240868,6,374
scale-free,400,37,326,171.0,66.0,55.0,55.0,364.0,66.0,69.0,117.46413715854698,0.14316242145240868,6,374
scale-free,400,37,327,171.0,98.0,55.0,55.0,56.0,98.0,98.0,117.46413715854698,0.14316242145240868,6,374
scale-free,400,37,328,171.0,98.0,55.0,55.0,56.0,98.0,98.0,117.46413715854698,0.14316242145240868,6,374
scale-free,400,37,329,47.0,98.0,55.0,55.0,10.0,98.0,98.0,117.46413715854698,0.14316242145240868,6,374
scale-free,400,37,330,171.0,98.0,55.0,55.0,56.0,98.0,98.0,117.46413715854698,0.14316242145240868,6,374
scale-free,400,37,331,171.0,98.0,55.0,55.0,10.0,98.0,98.0,117.46413715854698,0.14316242145240868,6,374
scale-free,400,37,332,92.0,98.0,55.0,55.0,10.0,98.0,98.0,117.46413715854698,0.14316242145240868,6,374
scale-free,400,37,333,171.0,20.0,55.0,55.0,364.0,20.0,28.0,117.46413715854698,0.14316242145240868,6,374
scale-free,400,37,334,171.0,98.0,55.0,55.0,56.0,98.0,98.0,117.46413715854698,0.14316242145240868,6,374
scale-free,400,37,335,171.0,98.0,55.0,55.0,56.0,98.0,98.0,117.46413715854698,0.14316242145240868,6,374
scale-free,400,37,336,171.0,98.0,55.0,55.0,56.0,98.0,98.0,117.46413715854698,0.14316242145240868,6,374
scale-free,400,37,337,171.0,98.0,55.0,55.0,56.0,98.0,98.0,117.46413715854698,0.14316242145240868,6,374
scale-free,400,37,338,171.0,98.0,55.0,55.0,333.0,98.0,98.0,117.46413715854698,0.14316242145240868,6,374
scale-free,400,37,339,171.0,98.0,55.0,55.0,56.0,98.0,98.0,117.46413715854698,0.14316242145240868,6,374
scale-free,400,37,340,171.0,98.0,55.0,55.0,10.0,98.0,98.0,117.46413715854698,0.14316242145240868,6,374
scale-free,400,37,341,171.0,98.0,55.0,55.0,10.0,98.0,98.0,117.46413715854698,0.14316242145240868,6,374
scale-free,400,37,342,92.0,66.0,54.0,54.0,56.0,66.0,69.0,117.46413715854698,0.14316242145240868,6,374
scale-free,400,37,343,92.0,98.0,55.0,55.0,56.0,98.0,98.0,117.46413715854698,0.14316242145240868,6,374
scale-free,400,37,344,171.0,98.0,55.0,55.0,56.0,98.0,98.0,117.46413715854698,0.14316242145240868,6,374
scale-free,400,37,345,171.0,98.0,55.0,55.0,56.0,98.0,98.0,117.46413715854698,0.14316242145240868,6,374
scale-free,400,37,346,171.0,98.0,55.0,55.0,56.0,98.0,98.0,117.46413715854698,0.14316242145240868,6,374
scale-free,400,37,347,92.0,66.0,42.0,42.0,56.0,66.0,69.0,117.46413715854698,0.14316242145240868,6,374
scale-free,400,37,348,171.0,98.0,55.0,55.0,56.0,98.0,98.0,117.46413715854698,0.14316242145240868,6,374
scale-free,400,37,349,171.0,98.0,55.0,55.0,10.0,98.0,98.0,117.46413715854698,0.14316242145240868,6,374
scale-free,400,37,350,171.0,98.0,55.0,55.0,56.0,98.0,98.0,117.46413715854698,0.14316242145240868,6,374
scale-free,400,37,351,171.0,98.0,55.0,55.0,56.0,98.0,98.0,117.46413715854698,0.14316242145240868,6,374
scale-free,400,37,352,171.0,98.0,55.0,55.0,56.0,98.0,98.0,117.46413715854698,0.14316242145240868,6,374
scale-free,400,37,353,92.0,98.0,55.0,55.0,10.0,98.0,98.0,117.46413715854698,0.14316242145240868,6,374
scale-free,400,37,354,171.0,98.0,55.0,55.0,56.0,98.0,98.0,117.46413715854698,0.14316242145240868,6,374
scale-free,400,37,355,171.0,98.0,55.0,55.0,56.0,98.0,98.0,117.46413715854698,0.14316242145240868,6,374
scale-free,400,37,356,171.0,98.0,55.0,55.0,56.0,98.0,98.0,117.46413715854698,0.14316242145240868,6,374
scale-free,400,37,357,171.0,98.0,55.0,55.0,333.0,98.0,98.0,117.46413715854698,0.14316242145240868,6,374
scale-free,400,37,358,171.0,98.0,55.0,55.0,56.0,98.0,98.0,117.46413715854698,0.14316242145240868,6,374
scale-free,400,37,359,171.0,98.0,55.0,55.0,56.0,98.0,98.0,117.46413715854698,0.14316242145240868,6,374
scale-free,400,37,360,171.0,98.0,55.0,55.0,56.0,98.0,98.0,117.46413715854698,0.14316242145240868,6,374
scale-free,400,37,361,171.0,98.0,55.0,55.0,56.0,98.0,98.0,117.46413715854698,0.14316242145240868,6,374
scale-free,400,37,362,171.0,98.0,55.0,55.0,56.0,98.0,98.0,117.46413715854698,0.14316242145240868,6,374
scale-free,400,37,363,171.0,98.0,55.0,55.0,56.0,98.0,98.0,117.46413715854698,0.14316242145240868,6,374
scale-free,400,37,364,171.0,98.0,55.0,55.0,333.0,98.0,98.0,117.46413715854698,0.14316242145240868,6,374
scale-free,400,37,365,171.0,98.0,55.0,55.0,56.0,98.0,98.0,117.46413715854698,0.14316242145240868,6,374
scale-free,400,37,366,171.0,98.0,55.0,55.0,333.0,98.0,98.0,117.46413715854698,0.14316242145240868,6,374
scale-free,400,37,367,171.0,98.0,55.0,55.0,56.0,98.0,98.0,117.46413715854698,0.14316242145240868,6,374
scale-free,400,37,368,171.0,98.0,55.0,55.0,56.0,98.0,98.0,117.46413715854698,0.14316242145240868,6,374
scale-free,400,37,369,92.0,98.0,55.0,55.0,10.0,98.0,98.0,117.46413715854698,0.14316242145240868,6,374
scale-free,400,37,370,171.0,98.0,55.0,55.0,56.0,98.0,98.0,117.46413715854698,0.14316242145240868,6,374
scale-free,400,37,371,171.0,98.0,55.0,55.0,56.0,98.0,98.0,117.46413715854698,0.14316242145240868,6,374
scale-free,400,37,372,92.0,66.0,24.0,24.0,56.0,66.0,53.0,117.46413715854698,0.14316242145240868,6,374
scale-free,400,37,373,171.0,98.0,55.0,55.0,56.0,98.0,98.0,117.46413715854698,0.14316242145240868,6,374
scale-free,400,37,374,171.0,98.0,55.0,55.0,56.0,98.0,98.0,117.46413715854698,0.14316242145240868,6,374
scale-free,400,37,375,171.0,98.0,55.0,55.0,10.0,98.0,98.0,117.46413715854698,0.14316242145240868,6,374
scale-free,400,37,376,171.0,98.0,55.0,55.0,56.0,98.0,98.0,117.46413715854698,0.14316242145240868,6,374
scale-free,400,37,377,171.0,66.0,55.0,55.0,364.0,66.0,69.0,117.46413715854698,0.14316242145240868,6,374
scale-free,400,37,378,171.0,98.0,55.0,55.0,56.0,98.0,98.0,117.46413715854698,0.14316242145240868,6,374
scale-free,400,37,379,171.0,98.0,55.0,55.0,333.0,98.0,98.0,117.46413715854698,0.14316242145240868,6,374
scale-free,400,37,380,92.0,66.0,24.0,23.0,56.0,66.0,53.0,117.46413715854698,0.14316242145240868,6,374
scale-free,400,37,381,171.0,98.0,55.0,55.0,56.0,98.0,98.0,117.46413715854698,0.14316242145240868,6,374
scale-free,400,37,382,171.0,42.0,55.0,55.0,364.0,43.0,84.0,117.46413715854698,0.14316242145240868,6,374
scale-free,400,37,383,171.0,98.0,55.0,55.0,56.0,98.0,98.0,117.46413715854698,0.14316242145240868,6,374
scale-free,400,37,384,171.0,98.0,55.0,55.0,56.0,98.0,98.0,117.46413715854698,0.14316242145240868,6,374
scale-free,400,37,385,171.0,98.0,55.0,55.0,333.0,98.0,98.0,117.46413715854698,0.14316242145240868,6,374
scale-free,400,37,386,171.0,98.0,55.0,55.0,56.0,98.0,98.0,117.46413715854698,0.14316242145240868,6,374
scale-free,400,37,387,171.0,98.0,55.0,55.0,56.0,98.0,98.0,117.46413715854698,0.14316242145240868,6,374
scale-free,400,37,388,171.0,98.0,55.0,55.0,56.0,98.0,98.0,117.46413715854698,0.14316242145240868,6,374
scale-free,400,37,389,171.0,98.0,55.0,55.0,56.0,98.0,98.0,117.46413715854698,0.14316242145240868,6,374
scale-free,400,37,390,171.0,66.0,55.0,55.0,364.0,66.0,97.0,117.46413715854698,0.14316242145240868,6,374
scale-free,400,37,391,171.0,98.0,55.0,55.0,10.0,98.0,98.0,117.46413715854698,0.14316242145240868,6,374
scale-free,400,37,392,171.0,98.0,55.0,55.0,10.0,98.0,98.0,117.46413715854698,0.14316242145240868,6,374
scale-free,400,37,393,171.0,98.0,55.0,55.0,333.0,98.0,98.0,117.46413715854698,0.14316242145240868,6,374
scale-free,400,37,394,171.0,98.0,55.0,55.0,56.0,98.0,98.0,117.46413715854698,0.14316242145240868,6,374
scale-free,400,37,395,171.0,98.0,55.0,55.0,56.0,98.0,98.0,117.46413715854698,0.14316242145240868,6,374
scale-free,400,37,396,171.0,98.0,55.0,55.0,56.0,98.0,98.0,117.46413715854698,0.14316242145240868,6,374
scale-free,400,37,397,171.0,98.0,55.0,55.0,56.0,98.0,98.0,117.46413715854698,0.14316242145240868,6,374
scale-free,400,37,398,171.0,98.0,55.0,55.0,333.0,98.0,98.0,117.46413715854698,0.14316242145240868,6,374
scale-free,400,37,399,171.0,98.0,55.0,55.0,56.0,98.0,98.0,117.46413715854698,0.14316242145240868,6,374
scale-free,400,38,0,2.0,2.0,2.0,2.0,284.0,2.0,1.0,105.48142952970153,0.08592914782350404,6,381
scale-free,400,38,1,3.0,4.0,1.0,1.0,284.0,3.0,3.0,105.48142952970153,0.08592914782350404,6,381
scale-free,400,38,2,1.0,1.0,3.0,3.0,284.0,1.0,2.0,105.48142952970153,0.08592914782350404,6,381
scale-free,400,38,3,7.0,103.0,57.0,57.0,4.0,103.0,103.0,105.48142952970153,0.08592914782350404,6,381
scale-free,400,38,4,114.0,103.0,57.0,57.0,65.0,103.0,103.0,105.48142952970153,0.08592914782350404,6,381
scale-free,400,38,5,81.0,103.0,57.0,57.0,65.0,103.0,103.0,105.48142952970153,0.08592914782350404,6,381
scale-free,400,38,6,45.0,103.0,57.0,57.0,12.0,103.0,103.0,105.48142952970153,0.08592914782350404,6,381
scale-free,400,38,7,45.0,43.0,16.0,16.0,65.0,43.0,29.0,105.48142952970153,0.08592914782350404,6,381
scale-free,400,38,8,23.0,53.0,23.0,23.0,27.0,53.0,52.0,105.48142952970153,0.08592914782350404,6,381
scale-free,400,38,9,12.0,7.0,6.0,6.0,284.0,7.0,7.0,105.48142952970153,0.08592914782350404,6,381
scale-free,400,38,10,114.0,103.0,57.0,57.0,65.0,103.0,103.0,105.48142952970153,0.08592914782350404,6,381
scale-free,400,38,11,4.0,103.0,57.0,57.0,12.0,103.0,103.0,105.48142952970153,0.08592914782350404,6,381
scale-free,400,38,12,6.0,3.0,11.0,11.0,284.0,4.0,4.0,105.48142952970153,0.08592914782350404,6,381
scale-free,400,38,13,23.0,30.0,57.0,57.0,359.0,29.0,16.0,105.48142952970153,0.08592914782350404,6,381
scale-free,400,38,14,33.0,29.0,57.0,57.0,359.0,30.0,14.0,105.48142952970153,0.08592914782350404,6,381
scale-free,400,38,15,28.0,103.0,57.0,57.0,65.0,103.0,103.0,105.48142952970153,0.08592914782350404,6,381
scale-free,400,38,16,114.0,103.0,57.0,57.0,65.0,103.0,103.0,105.48142952970153,0.08592914782350404,6,381
scale-free,400,38,17,17.0,10.0,57.0,57.0,359.0,10.0,13.0,105.48142952970153,0.08592914782350404,6,381
scale-free,400,38,18,9.0,103.0,57.0,57.0,4.0,103.0,103.0,105.48142952970153,0.08592914782350404,6,381
scale-free,400,38,19,45.0,43.0,17.0,17.0,65.0,43.0,27.0,105.48142952970153,0.08592914782350404,6,381
scale-free,400,38,20,8.0,6.0,57.0,57.0,359.0,5.0,5.0,105.48142952970153,0.08592914782350404,6,381
scale-free,400,38,21,28.0,31.0,57.0,57.0,359.0,31.0,15.0,105.48142952970153,0.08592914782350404,6,381
scale-free,400,38,22,41.0,34.0,37.0,37.0,284.0,34.0,35.0,105.48142952970153,0.08592914782350404,6,381
scale-free,400,38,23,114.0,103.0,57.0,57.0,65.0,103.0,103.0,105.48142952970153,0.08592914782350404,6,381
scale-free,400,38,24,5.0,13.0,10.0,10.0,284.0,11.0,11.0,105.48142952970153,0.08592914782350404,6,381
scale-free,400,38,25,9.0,23.0,5.0,5.0,284.0,18.0,26.0,105.48142952970153,0.08592914782350404,6,381
scale-free,400,38,26,114.0,103.0,57.0,57.0,65.0,103.0,103.0,105.48142952970153,0.08592914782350404,6,381
scale-free,400,38,27,21.0,71.0,25.0,25.0,4.0,71.0,54.0,105.48142952970153,0.08592914782350404,6,381
scale-free,400,38,28,184.0,103.0,57.0,57.0,27.0,103.0,103.0,105.48142952970153,0.08592914782350404,6,381
scale-free,400,38,29,28.0,19.0,28.0,28.0,284.0,20.0,28.0,105.48142952970153,0.08592914782350404,6,381
scale-free,400,38,30,17.0,103.0,57.0,57.0,2.0,103.0,103.0,105.48142952970153,0.08592914782350404,6,381
scale-free,400,38,31,114.0,71.0,54.0,54.0,316.0,71.0,54.0,105.48142952970153,0.08592914782350404,6,381
scale-free,400,38,32,63.0,103.0,57.0,57.0,65.0,103.0,103.0,105.48142952970153,0.08592914782350404,6,381
scale-free,400,38,33,23.0,12.0,57.0,57.0,359.0,13.0,17.0,105.48142952970153,0.08592914782350404,6,381
scale-free,400,38,34,184.0,103.0,57.0,57.0,65.0,103.0,103.0,105.48142952970153,0.08592914782350404,6,381
scale-free,400,38,35,17.0,11.0,7.0,7.0,312.0,12.0,10.0,105.48142952970153,0.08592914782350404,6,381
scale-free,400,38,36,45.0,103.0,57.0,57.0,27.0,103.0,103.0,105.48142952970153,0.08592914782350404,6,381
scale-free,400,38,37,63.0,103.0,57.0,57.0,65.0,103.0,103.0,105.48142952970153,0.08592914782350404,6,381
scale-free,400,38,38,81.0,103.0,57.0,57.0,65.0,103.0,103.0,105.48142952970153,0.08592914782350404,6,381
scale-free,400,38,39,114.0,103.0,57.0,57.0,65.0,103.0,103.0,105.48142952970153,0.08592914782350404,6,381
scale-free,400,38,40,81.0,103.0,57.0,57.0,65.0,103.0,103.0,105.48142952970153,0.08592914782350404,6,381
scale-free,400,38,41,33.0,71.0,27.0,27.0,12.0,71.0,54.0,105.48142952970153,0.08592914782350404,6,381
scale-free,400,38,42,114.0,71.0,30.0,30.0,65.0,71.0,54.0,105.48142952970153,0.08592914782350404,6,381
scale-free,400,38,43,11.0,71.0,42.0,42.0,4.0,71.0,86.0,105.48142952970153,0.08592914782350404,6,381
scale-free,400,38,44,23.0,71.0,41.0,41.0,65.0,71.0,86.0,105.48142952970153,0.08592914782350404,6,381
scale-free,400,38,45,14.0,33.0,14.0,14.0,284.0,32.0,12.0,105.48142952970153,0.08592914782350404,6,381
scale-free,400,38,46,33.0,103.0,57.0,57.0,65.0,103.0,103.0,105.48142952970153,0.08592914782350404,6,381
scale-free,400,38,47,114.0,53.0,57.0,57.0,359.0,53.0,53.0,105.48142952970153,0.08592914782350404,6,381
scale-free,400,38,48,114.0,103.0,57.0,57.0,65.0,103.0,103.0,105.48142952970153,0.08592914782350404,6,381
scale-free,400,38,49,12.0,19.0,9.0,9.0,284.0,19.0,20.0,105.48142952970153,0.08592914782350404,6,381
scale-free,400,38,50,28.0,17.0,57.0,57.0,359.0,15.0,23.0,105.48142952970153,0.08592914782350404,6,381
scale-free,400,38,51,114.0,103.0,57.0,57.0,65.0,103.0,103.0,105.48142952970153,0.08592914782350404,6,381
scale-free,400,38,52,81.0,103.0,57.0,57.0,65.0,103.0,103.0,105.48142952970153,0.08592914782350404,6,381
scale-free,400,38,53,81.0,103.0,57.0,57.0,65.0,103.0,103.0,105.48142952970153,0.08592914782350404,6,381
scale-free,400,38,54,33.0,71.0,43.0,43.0,65.0,71.0,86.0,105.48142952970153,0.08592914782350404,6,381
scale-free,400,38,55,21.0,9.0,57.0,57.0,359.0,9.0,9.0,105.48142952970153,0.08592914782350404,6,381
scale-free,400,38,56,184.0,103.0,57.0,57.0,316.0,103.0,103.0,105.48142952970153,0.08592914782350404,6,381
scale-free,400,38,57,45.0,103.0,57.0,57.0,4.0,103.0,103.0,105.48142952970153,0.08592914782350404,6,381
scale-free,400,38,58,184.0,103.0,57.0,57.0,65.0,103.0,103.0,105.48142952970153,0.08592914782350404,6,381
scale-free,400,38,59,17.0,5.0,57.0,57.0,359.0,6.0,6.0,105.48142952970153,0.08592914782350404,6,381
scale-free,400,38,60,55.0,103.0,57.0,57.0,27.0,103.0,103.0,105.48142952970153,0.08592914782350404,6,381
scale-free,400,38,61,41.0,18.0,47.0,47.0,305.0,23.0,25.0,105.48142952970153,0.08592914782350404,6,381
scale-free,400,38,62,81.0,103.0,57.0,57.0,65.0,103.0,103.0,105.48142952970153,0.08592914782350404,6,381
scale-free,400,38,63,33.0,45.0,48.0,48.0,65.0,45.0,67.0,105.48142952970153,0.08592914782350404,6,381
scale-free,400,38,64,184.0,103.0,57.0,57.0,65.0,103.0,103.0,105.48142952970153,0.08592914782350404,6,381
scale-free,400,38,65,14.0,103.0,57.0,57.0,4.0,103.0,103.0,105.48142952970153,0.08592914782350404,6,381
scale-free,400,38,66,55.0,103.0,57.0,57.0,27.0,103.0,103.0,105.48142952970153,0.08592914782350404,6,381
scale-free,400,38,67,28.0,42.0,15.0,15.0,65.0,42.0,24.0,105.48142952970153,0.08592914782350404,6,381
scale-free,400,38,68,41.0,15.0,57.0,57.0,359.0,16.0,19.0,105.48142952970153,0.08592914782350404,6,381
scale-free,400,38,69,81.0,103.0,57.0,57.0,65.0,103.0,103.0,105.48142952970153,0.08592914782350404,6,381
scale-free,400,38,70,63.0,103.0,57.0,57.0,27.0,103.0,103.0,105.48142952970153,0.08592914782350404,6,381
scale-free,400,38,71,81.0,103.0,57.0,57.0,12.0,103.0,103.0,105.48142952970153,0.08592914782350404,6,381
scale-free,400,38,72,184.0,103.0,57.0,57.0,65.0,103.0,103.0,105.48142952970153,0.08592914782350404,6,381
scale-free,400,38,73,14.0,19.0,4.0,4.0,284.0,22.0,21.0,105.48142952970153,0.08592914782350404,6,381
scale-free,400,38,74,23.0,14.0,57.0,57.0,359.0,14.0,18.0,105.48142952970153,0.08592914782350404,6,381
scale-free,400,38,75,55.0,103.0,57.0,57.0,65.0,103.0,103.0,105.48142952970153,0.08592914782350404,6,381
scale-free,400,38,76,45.0,71.0,44.0,44.0,65.0,71.0,86.0,105.48142952970153,0.08592914782350404,6,381
scale-free,400,38,77,45.0,25.0,8.0,8.0,284.0,26.0,41.0,105.48142952970153,0.08592914782350404,6,381
scale-free,400,38,78,45.0,40.0,18.0,18.0,284.0,39.0,39.0,105.48142952970153,0.08592914782350404,6,381
scale-free,400,38,79,33.0,103.0,57.0,57.0,27.0,103.0,103.0,105.48142952970153,0.08592914782350404,6,381
scale-free,400,38,80,63.0,103.0,57.0,57.0,27.0,103.0,103.0,105.48142952970153,0.08592914782350404,6,381
scale-free,400,38,81,41.0,103.0,57.0,57.0,4.0,103.0,103.0,105.48142952970153,0.08592914782350404,6,381
scale-free,400,38,82,81.0,103.0,57.0,57.0,65.0,103.0,103.0,105.48142952970153,0.08592914782350404,6,381
scale-free,400,38,83,81.0,103.0,57.0,57.0,65.0,103.0,103.0,105.48142952970153,0.08592914782350404,6,381
scale-free,400,38,84,184.0,103.0,57.0,57.0,65.0,103.0,103.0,105.48142952970153,0.08592914782350404,6,381
scale-free,400,38,85,81.0,103.0,57.0,57.0,65.0,103.0,103.0,105.48142952970153,0.08592914782350404,6,381
scale-free,400,38,86,184.0,103.0,57.0,57.0,65.0,103.0,103.0,105.48142952970153,0.08592914782350404,6,381
scale-free,400,38,87,114.0,103.0,57.0,57.0,12.0,103.0,103.0,105.48142952970153,0.08592914782350404,6,381
scale-free,400,38,88,81.0,103.0,57.0,57.0,65.0,103.0,103.0,105.48142952970153,0.08592914782350404,6,381
scale-free,400,38,89,81.0,71.0,30.0,30.0,65.0,71.0,54.0,105.48142952970153,0.08592914782350404,6,381
scale-free,400,38,90,81.0,53.0,19.0,19.0,65.0,53.0,38.0,105.48142952970153,0.08592914782350404,6,381
scale-free,400,38,91,114.0,103.0,57.0,57.0,65.0,103.0,103.0,105.48142952970153,0.08592914782350404,6,381
scale-free,400,38,92,184.0,103.0,57.0,57.0,65.0,103.0,103.0,105.48142952970153,0.08592914782350404,6,381
scale-free,400,38,93,114.0,103.0,57.0,57.0,65.0,103.0,103.0,105.48142952970153,0.08592914782350404,6,381
scale-free,400,38,94,81.0,71.0,50.0,50.0,27.0,71.0,82.0,105.48142952970153,0.08592914782350404,6,381
scale-free,400,38,95,63.0,49.0,52.0,51.0,316.0,49.0,47.0,105.48142952970153,0.08592914782350404,6,381
scale-free,400,38,96,114.0,65.0,57.0,57.0,65.0,65.0,66.0,105.48142952970153,0.08592914782350404,6,381
scale-free,400,38,97,114.0,71.0,57.0,57.0,65.0,71.0,97.0,105.48142952970153,0.08592914782350404,6,381
scale-free,400,38,98,45.0,103.0,57.0,57.0,12.0,103.0,103.0,105.48142952970153,0.08592914782350404,6,381
scale-free,400,38,99,55.0,103.0,57.0,57.0,12.0,103.0,103.0,105.48142952970153,0.08592914782350404,6,381
scale-free,400,38,100,184.0,103.0,57.0,57.0,65.0,103.0,103.0,105.48142952970153,0.08592914782350404,6,381
scale-free,400,38,101,81.0,48.0,57.0,57.0,359.0,48.0,37.0,105.48142952970153,0.08592914782350404,6,381
scale-free,400,38,102,114.0,103.0,57.0,57.0,27.0,103.0,103.0,105.48142952970153,0.08592914782350404,6,381
scale-free,400,38,103,184.0,27.0,57.0,57.0,359.0,28.0,50.0,105.48142952970153,0.08592914782350404,6,381
scale-free,400,38,104,184.0,103.0,57.0,57.0,65.0,103.0,103.0,105.48142952970153,0.08592914782350404,6,381
scale-free,400,38,105,184.0,103.0,57.0,57.0,65.0,103.0,103.0,105.48142952970153,0.08592914782350404,6,381
scale-free,400,38,106,114.0,8.0,57.0,57.0,359.0,8.0,8.0,105.48142952970153,0.08592914782350404,6,381
scale-free,400,38,107,114.0,52.0,57.0,57.0,359.0,52.0,80.0,105.48142952970153,0.08592914782350404,6,381
scale-free,400,38,108,184.0,103.0,57.0,57.0,65.0,103.0,103.0,105.48142952970153,0.08592914782350404,6,381
scale-free,400,38,109,184.0,103.0,57.0,57.0,65.0,103.0,103.0,105.48142952970153,0.08592914782350404,6,381
scale-free,400,38,110,63.0,45.0,57.0,57.0,359.0,45.0,43.0,105.48142952970153,0.08592914782350404,6,381
scale-free,400,38,111,81.0,65.0,46.0,46.0,65.0,65.0,98.0,105.48142952970153,0.08592914782350404,6,381
scale-free,400,38,112,114.0,103.0,57.0,57.0,65.0,103.0,103.0,105.48142952970153,0.08592914782350404,6,381
scale-free,400,38,113,33.0,24.0,22.0,22.0,284.0,20.0,33.0,105.48142952970153,0.08592914782350404,6,381
scale-free,400,38,114,63.0,49.0,49.0,49.0,65.0,49.0,63.0,105.48142952970153,0.08592914782350404,6,381
scale-free,400,38,115,184.0,103.0,57.0,57.0,65.0,103.0,103.0,105.48142952970153,0.08592914782350404,6,381
scale-free,400,38,116,114.0,103.0,57.0,57.0,65.0,103.0,103.0,105.48142952970153,0.08592914782350404,6,381
scale-free,400,38,117,114.0,32.0,57.0,57.0,359.0,33.0,22.0,105.48142952970153,0.08592914782350404,6,381
scale-free,400,38,118,81.0,103.0,57.0,57.0,65.0,103.0,103.0,105.48142952970153,0.08592914782350404,6,381
scale-free,400,38,119,114.0,71.0,30.0,30.0,65.0,71.0,54.0,105.48142952970153,0.08592914782350404,6,381
scale-free,400,38,120,55.0,16.0,57.0,57.0,359.0,17.0,31.0,105.48142952970153,0.08592914782350404,6,381
scale-free,400,38,121,184.0,103.0,57.0,57.0,27.0,103.0,103.0,105.48142952970153,0.08592914782350404,6,381
scale-free,400,38,122,114.0,103.0,57.0,57.0,27.0,103.0,103.0,105.48142952970153,0.08592914782350404,6,381
scale-free,400,38,123,184.0,103.0,57.0,57.0,65.0,103.0,103.0,105.48142952970153,0.08592914782350404,6,381
scale-free,400,38,124,184.0,103.0,57.0,57.0,65.0,103.0,103.0,105.48142952970153,0.08592914782350404,6,381
scale-free,400,38,125,63.0,28.0,12.0,12.0,284.0,27.0,36.0,105.48142952970153,0.08592914782350404,6,381
scale-free,400,38,126,45.0,103.0,57.0,57.0,1.0,103.0,103.0,105.48142952970153,0.08592914782350404,6,381
scale-free,400,38,127,63.0,103.0,57.0,57.0,27.0,103.0,103.0,105.48142952970153,0.08592914782350404,6,381
scale-free,400,38,128,184.0,103.0,57.0,57.0,316.0,103.0,103.0,105.48142952970153,0.08592914782350404,6,381
scale-free,400,38,129,184.0,103.0,57.0,57.0,65.0,103.0,103.0,105.48142952970153,0.08592914782350404,6,381
scale-free,400,38,130,114.0,71.0,44.0,44.0,65.0,71.0,83.0,105.48142952970153,0.08592914782350404,6,381
scale-free,400,38,131,33.0,53.0,21.0,21.0,65.0,53.0,40.0,105.48142952970153,0.08592914782350404,6,381
scale-free,400,38,132,114.0,103.0,57.0,57.0,65.0,103.0,103.0,105.48142952970153,0.08592914782350404,6,381
scale-free,400,38,133,81.0,53.0,30.0,30.0,65.0,53.0,49.0,105.48142952970153,0.08592914782350404,6,381
scale-free,400,38,134,81.0,103.0,57.0,57.0,27.0,103.0,103.0,105.48142952970153,0.08592914782350404,6,381
scale-free,400,38,135,114.0,103.0,57.0,57.0,65.0,103.0,103.0,105.48142952970153,0.08592914782350404,6,381
scale-free,400,38,136,63.0,47.0,57.0,57.0,359.0,47.0,46.0,105.48142952970153,0.08592914782350404,6,381
scale-free,400,38,137,184.0,103.0,57.0,57.0,65.0,103.0,103.0,105.48142952970153,0.08592914782350404,6,381
scale-free,400,38,138,184.0,103.0,57.0,57.0,65.0,103.0,103.0,105.48142952970153,0.08592914782350404,6,381
scale-free,400,38,139,184.0,103.0,57.0,57.0,65.0,103.0,103.0,105.48142952970153,0.08592914782350404,6,381
scale-free,400,38,140,114.0,103.0,57.0,57.0,65.0,103.0,103.0,105.48142952970153,0.08592914782350404,6,381
scale-free,400,38,141,184.0,103.0,57.0,57.0,65.0,103.0,103.0,105.48142952970153,0.08592914782350404,6,381
scale-free,400,38,142,63.0,103.0,57.0,57.0,12.0,103.0,103.0,105.48142952970153,0.08592914782350404,6,381
scale-free,400,38,143,114.0,53.0,57.0,57.0,359.0,53.0,81.0,105.48142952970153,0.08592914782350404,6,381
scale-free,400,38,144,81.0,103.0,57.0,57.0,12.0,103.0,103.0,105.48142952970153,0.08592914782350404,6,381
scale-free,400,38,145,184.0,103.0,57.0,57.0,65.0,103.0,103.0,105.48142952970153,0.08592914782350404,6,381
scale-free,400,38,146,81.0,103.0,57.0,57.0,65.0,103.0,103.0,105.48142952970153,0.08592914782350404,6,381
scale-free,400,38,147,63.0,38.0,13.0,13.0,284.0,38.0,65.0,105.48142952970153,0.08592914782350404,6,381
scale-free,400,38,148,114.0,103.0,57.0,57.0,65.0,103.0,103.0,105.48142952970153,0.08592914782350404,6,381
scale-free,400,38,149,184.0,103.0,57.0,57.0,316.0,103.0,103.0,105.48142952970153,0.08592914782350404,6,381
scale-free,400,38,150,184.0,103.0,57.0,57.0,65.0,103.0,103.0,105.48142952970153,0.08592914782350404,6,381
scale-free,400,38,151,55.0,103.0,57.0,57.0,27.0,103.0,103.0,105.48142952970153,0.08592914782350404,6,381
scale-free,400,38,152,184.0,103.0,57.0,57.0,12.0,103.0,103.0,105.48142952970153,0.08592914782350404,6,381
scale-free,400,38,153,184.0,103.0,57.0,57.0,65.0,103.0,103.0,105.48142952970153,0.08592914782350404,6,381
scale-free,400,38,154,114.0,71.0,30.0,30.0,65.0,71.0,54.0,105.48142952970153,0.08592914782350404,6,381
scale-free,400,38,155,184.0,103.0,57.0,57.0,65.0,103.0,103.0,105.48142952970153,0.08592914782350404,6,381
scale-free,400,38,156,55.0,103.0,57.0,57.0,27.0,103.0,103.0,105.48142952970153,0.08592914782350404,6,381
scale-free,400,38,157,184.0,65.0,57.0,57.0,359.0,65.0,98.0,105.48142952970153,0.08592914782350404,6,381
scale-free,400,38,158,184.0,103.0,57.0,57.0,65.0,103.0,103.0,105.48142952970153,0.08592914782350404,6,381
scale-free,400,38,159,114.0,71.0,54.0,54.0,65.0,71.0,76.0,105.48142952970153,0.08592914782350404,6,381
scale-free,400,38,160,184.0,103.0,57.0,57.0,316.0,103.0,103.0,105.48142952970153,0.08592914782350404,6,381
scale-free,400,38,161,63.0,22.0,57.0,57.0,359.0,24.0,42.0,105.48142952970153,0.08592914782350404,6,381
scale-free,400,38,162,81.0,71.0,29.0,29.0,27.0,71.0,54.0,105.48142952970153,0.08592914782350404,6,381
scale-free,400,38,163,184.0,103.0,57.0,57.0,316.0,103.0,103.0,105.48142952970153,0.08592914782350404,6,381
scale-free,400,38,164,184.0,71.0,57.0,57.0,359.0,71.0,86.0,105.48142952970153,0.08592914782350404,6,381
scale-free,400,38,165,81.0,103.0,57.0,57.0,65.0,103.0,103.0,105.48142952970153,0.08592914782350404,6,381
scale-free,400,38,166,184.0,103.0,57.0,57.0,65.0,103.0,103.0,105.48142952970153,0.08592914782350404,6,381
scale-free,400,38,167,63.0,38.0,20.0,20.0,284.0,36.0,32.0,105.48142952970153,0.08592914782350404,6,381
scale-free,400,38,168,114.0,103.0,57.0,57.0,65.0,103.0,103.0,105.48142952970153,0.08592914782350404,6,381
scale-free,400,38,169,184.0,103.0,57.0,57.0,65.0,103.0,103.0,105.48142952970153,0.08592914782350404,6,381
scale-free,400,38,170,184.0,103.0,57.0,57.0,306.0,103.0,103.0,105.48142952970153,0.08592914782350404,6,381
scale-free,400,38,171,184.0,103.0,57.0,57.0,65.0,103.0,103.0,105.48142952970153,0.08592914782350404,6,381
scale-free,400,38,172,184.0,103.0,57.0,57.0,65.0,103.0,103.0,105.48142952970153,0.08592914782350404,6,381
scale-free,400,38,173,114.0,103.0,57.0,57.0,27.0,103.0,103.0,105.48142952970153,0.08592914782350404,6,381
scale-free,400,38,174,184.0,103.0,57.0,57.0,65.0,103.0,103.0,105.48142952970153,0.08592914782350404,6,381
scale-free,400,38,175,184.0,103.0,57.0,57.0,316.0,103.0,103.0,105.48142952970153,0.08592914782350404,6,381
scale-free,400,38,176,184.0,103.0,57.0,57.0,316.0,103.0,103.0,105.48142952970153,0.08592914782350404,6,381
scale-free,400,38,177,55.0,41.0,24.0,24.0,284.0,41.0,30.0,105.48142952970153,0.08592914782350404,6,381
scale-free,400,38,178,114.0,103.0,57.0,57.0,65.0,103.0,103.0,105.48142952970153,0.08592914782350404,6,381
scale-free,400,38,179,184.0,103.0,57.0,57.0,312.0,103.0,103.0,105.48142952970153,0.08592914782350404,6,381
scale-free,400,38,180,184.0,103.0,57.0,57.0,312.0,103.0,103.0,105.48142952970153,0.08592914782350404,6,381
scale-free,400,38,181,184.0,103.0,57.0,57.0,27.0,103.0,103.0,105.48142952970153,0.08592914782350404,6,381
scale-free,400,38,182,184.0,103.0,57.0,57.0,316.0,103.0,103.0,105.48142952970153,0.08592914782350404,6,381
scale-free,400,38,183,184.0,103.0,57.0,57.0,65.0,103.0,103.0,105.48142952970153,0.08592914782350404,6,381
scale-free,400,38,184,184.0,103.0,57.0,57.0,27.0,103.0,103.0,105.48142952970153,0.08592914782350404,6,381
scale-free,400,38,185,184.0,103.0,57.0,57.0,65.0,103.0,103.0,105.48142952970153,0.08592914782350404,6,381
scale-free,400,38,186,114.0,103.0,57.0,57.0,65.0,103.0,103.0,105.48142952970153,0.08592914782350404,6,381
scale-free,400,38,187,114.0,103.0,57.0,57.0,65.0,103.0,103.0,105.48142952970153,0.08592914782350404,6,381
scale-free,400,38,188,184.0,71.0,57.0,57.0,359.0,71.0,83.0,105.48142952970153,0.08592914782350404,6,381
scale-free,400,38,189,184.0,103.0,57.0,57.0,65.0,103.0,103.0,105.48142952970153,0.08592914782350404,6,381
scale-free,400,38,190,184.0,103.0,57.0,57.0,65.0,103.0,103.0,105.48142952970153,0.08592914782350404,6,381
scale-free,400,38,191,81.0,103.0,57.0,57.0,306.0,103.0,103.0,105.48142952970153,0.08592914782350404,6,381
scale-free,400,38,192,114.0,103.0,57.0,57.0,65.0,103.0,103.0,105.48142952970153,0.08592914782350404,6,381
scale-free,400,38,193,184.0,103.0,57.0,57.0,65.0,103.0,103.0,105.48142952970153,0.08592914782350404,6,381
scale-free,400,38,194,114.0,103.0,57.0,57.0,65.0,103.0,103.0,105.48142952970153,0.08592914782350404,6,381
scale-free,400,38,195,184.0,103.0,57.0,57.0,316.0,103.0,103.0,105.48142952970153,0.08592914782350404,6,381
scale-free,400,38,196,184.0,103.0,57.0,57.0,65.0,103.0,103.0,105.48142952970153,0.08592914782350404,6,381
scale-free,400,38,197,184.0,103.0,57.0,57.0,65.0,103.0,103.0,105.48142952970153,0.08592914782350404,6,381
scale-free,400,38,198,63.0,26.0,37.0,37.0,284.0,25.0,34.0,105.48142952970153,0.08592914782350404,6,381
scale-free,400,38,199,184.0,103.0,57.0,57.0,65.0,103.0,103.0,105.48142952970153,0.08592914782350404,6,381
scale-free,400,38,200,184.0,103.0,57.0,57.0,306.0,103.0,103.0,105.48142952970153,0.08592914782350404,6,381
scale-free,400,38,201,114.0,71.0,56.0,56.0,65.0,71.0,76.0,105.48142952970153,0.08592914782350404,6,381
scale-free,400,38,202,114.0,103.0,57.0,57.0,65.0,103.0,103.0,105.48142952970153,0.08592914782350404,6,381
scale-free,400,38,203,184.0,103.0,57.0,57.0,65.0,103.0,103.0,105.48142952970153,0.08592914782350404,6,381
scale-free,400,38,204,63.0,53.0,36.0,36.0,65.0,53.0,70.0,105.48142952970153,0.08592914782350404,6,381
scale-free,400,38,205,184.0,103.0,57.0,57.0,65.0,103.0,103.0,105.48142952970153,0.08592914782350404,6,381
scale-free,400,38,206,184.0,103.0,57.0,57.0,65.0,103.0,103.0,105.48142952970153,0.08592914782350404,6,381
scale-free,400,38,207,184.0,103.0,57.0,57.0,65.0,103.0,103.0,105.48142952970153,0.08592914782350404,6,381
scale-free,400,38,208,81.0,53.0,26.0,26.0,27.0,53.0,45.0,105.48142952970153,0.08592914782350404,6,381
scale-free,400,38,209,184.0,103.0,57.0,57.0,316.0,103.0,103.0,105.48142952970153,0.08592914782350404,6,381
scale-free,400,38,210,63.0,103.0,57.0,57.0,65.0,103.0,103.0,105.48142952970153,0.08592914782350404,6,381
scale-free,400,38,211,184.0,103.0,57.0,57.0,65.0,103.0,103.0,105.48142952970153,0.08592914782350404,6,381
scale-free,400,38,212,184.0,103.0,57.0,57.0,65.0,103.0,103.0,105.48142952970153,0.08592914782350404,6,381
scale-free,400,38,213,81.0,53.0,37.0,37.0,65.0,53.0,71.0,105.48142952970153,0.08592914782350404,6,381
scale-free,400,38,214,184.0,103.0,57.0,57.0,65.0,103.0,103.0,105.48142952970153,0.08592914782350404,6,381
scale-free,400,38,215,184.0,103.0,57.0,57.0,65.0,103.0,103.0,105.48142952970153,0.08592914782350404,6,381
scale-free,400,38,216,81.0,103.0,57.0,57.0,12.0,103.0,103.0,105.48142952970153,0.08592914782350404,6,381
scale-free,400,38,217,184.0,103.0,57.0,57.0,65.0,103.0,103.0,105.48142952970153,0.08592914782350404,6,381
scale-free,400,38,218,184.0,103.0,57.0,57.0,65.0,103.0,103.0,105.48142952970153,0.08592914782350404,6,381
scale-free,400,38,219,81.0,103.0,57.0,57.0,12.0,103.0,103.0,105.48142952970153,0.08592914782350404,6,381
scale-free,400,38,220,114.0,103.0,57.0,57.0,27.0,103.0,103.0,105.48142952970153,0.08592914782350404,6,381
scale-free,400,38,221,184.0,103.0,57.0,57.0,316.0,103.0,103.0,105.48142952970153,0.08592914782350404,6,381
scale-free,400,38,222,184.0,103.0,57.0,57.0,27.0,103.0,103.0,105.48142952970153,0.08592914782350404,6,381
scale-free,400,38,223,63.0,103.0,57.0,57.0,65.0,103.0,103.0,105.48142952970153,0.08592914782350404,6,381
scale-free,400,38,224,114.0,103.0,57.0,57.0,65.0,103.0,103.0,105.48142952970153,0.08592914782350404,6,381
scale-free,400,38,225,184.0,103.0,57.0,57.0,65.0,103.0,103.0,105.48142952970153,0.08592914782350404,6,381
scale-free,400,38,226,81.0,49.0,57.0,57.0,359.0,49.0,44.0,105.48142952970153,0.08592914782350404,6,381
scale-free,400,38,227,114.0,53.0,57.0,57.0,359.0,53.0,51.0,105.48142952970153,0.08592914782350404,6,381
scale-free,400,38,228,184.0,103.0,57.0,57.0,65.0,103.0,103.0,105.48142952970153,0.08592914782350404,6,381
scale-free,400,38,229,184.0,103.0,57.0,57.0,65.0,103.0,103.0,105.48142952970153,0.08592914782350404,6,381
scale-free,400,38,230,184.0,103.0,57.0,57.0,65.0,103.0,103.0,105.48142952970153,0.08592914782350404,6,381
scale-free,400,38,231,114.0,103.0,57.0,57.0,65.0,103.0,103.0,105.48142952970153,0.08592914782350404,6,381
scale-free,400,38,232,114.0,103.0,57.0,57.0,65.0,103.0,103.0,105.48142952970153,0.08592914782350404,6,381
scale-free,400,38,233,184.0,103.0,57.0,57.0,65.0,103.0,103.0,105.48142952970153,0.08592914782350404,6,381
scale-free,400,38,234,114.0,103.0,57.0,57.0,65.0,103.0,103.0,105.48142952970153,0.08592914782350404,6,381
scale-free,400,38,235,184.0,103.0,57.0,57.0,316.0,103.0,103.0,105.48142952970153,0.08592914782350404,6,381
scale-free,400,38,236,184.0,103.0,57.0,57.0,65.0,103.0,103.0,105.48142952970153,0.08592914782350404,6,381
scale-free,400,38,237,184.0,103.0,57.0,57.0,65.0,103.0,103.0,105.48142952970153,0.08592914782350404,6,381
scale-free,400,38,238,114.0,53.0,57.0,57.0,359.0,53.0,75.0,105.48142952970153,0.08592914782350404,6,381
scale-free,400,38,239,184.0,103.0,57.0,57.0,65.0,103.0,103.0,105.48142952970153,0.08592914782350404,6,381
scale-free,400,38,240,184.0,103.0,57.0,57.0,316.0,103.0,103.0,105.48142952970153,0.08592914782350404,6,381
scale-free,400,38,241,184.0,103.0,57.0,57.0,65.0,103.0,103.0,105.48142952970153,0.08592914782350404,6,381
scale-free,400,38,242,114.0,103.0,57.0,57.0,65.0,103.0,103.0,105.48142952970153,0.08592914782350404,6,381
scale-free,400,38,243,114.0,103.0,57.0,57.0,27.0,103.0,103.0,105.48142952970153,0.08592914782350404,6,381
scale-free,400,38,244,184.0,103.0,57.0,57.0,65.0,103.0,103.0,105.48142952970153,0.08592914782350404,6,381
scale-free,400,38,245,184.0,103.0,57.0,57.0,65.0,103.0,103.0,105.48142952970153,0.08592914782350404,6,381
scale-free,400,38,246,184.0,37.0,57.0,57.0,359.0,40.0,64.0,105.48142952970153,0.08592914782350404,6,381
scale-free,400,38,247,81.0,103.0,57.0,57.0,65.0,103.0,103.0,105.48142952970153,0.08592914782350404,6,381
scale-free,400,38,248,114.0,71.0,40.0,40.0,65.0,71.0,73.0,105.48142952970153,0.08592914782350404,6,381
scale-free,400,38,249,114.0,103.0,57.0,57.0,65.0,103.0,103.0,105.48142952970153,0.08592914782350404,6,381
scale-free,400,38,250,114.0,71.0,30.0,30.0,65.0,71.0,54.0,105.48142952970153,0.08592914782350404,6,381
scale-free,400,38,251,184.0,103.0,57.0,57.0,65.0,103.0,103.0,105.48142952970153,0.08592914782350404,6,381
scale-free,400,38,252,184.0,103.0,57.0,57.0,12.0,103.0,103.0,105.48142952970153,0.08592914782350404,6,381
scale-free,400,38,253,184.0,103.0,57.0,57.0,65.0,103.0,103.0,105.48142952970153,0.08592914782350404,6,381
scale-free,400,38,254,184.0,103.0,57.0,57.0,65.0,103.0,103.0,105.48142952970153,0.08592914782350404,6,381
scale-free,400,38,255,184.0,103.0,57.0,57.0,65.0,103.0,103.0,105.48142952970153,0.08592914782350404,6,381
scale-free,400,38,256,184.0,103.0,57.0,57.0,65.0,103.0,103.0,105.48142952970153,0.08592914782350404,6,381
scale-free,400,38,257,184.0,103.0,57.0,57.0,65.0,103.0,103.0,105.48142952970153,0.08592914782350404,6,381
scale-free,400,38,258,184.0,103.0,57.0,57.0,65.0,103.0,103.0,105.48142952970153,0.08592914782350404,6,381
scale-free,400,38,259,184.0,103.0,57.0,57.0,27.0,103.0,103.0,105.48142952970153,0.08592914782350404,6,381
scale-free,400,38,260,184.0,103.0,57.0,57.0,65.0,103.0,103.0,105.48142952970153,0.08592914782350404,6,381
scale-free,400,38,261,114.0,103.0,57.0,57.0,65.0,103.0,103.0,105.48142952970153,0.08592914782350404,6,381
scale-free,400,38,262,81.0,103.0,57.0,57.0,65.0,103.0,103.0,105.48142952970153,0.08592914782350404,6,381
scale-free,400,38,263,184.0,103.0,57.0,57.0,65.0,103.0,103.0,105.48142952970153,0.08592914782350404,6,381
scale-free,400,38,264,114.0,71.0,57.0,57.0,65.0,71.0,94.0,105.48142952970153,0.08592914782350404,6,381
scale-free,400,38,265,184.0,103.0,57.0,57.0,65.0,103.0,103.0,105.48142952970153,0.08592914782350404,6,381
scale-free,400,38,266,184.0,103.0,57.0,57.0,65.0,103.0,103.0,105.48142952970153,0.08592914782350404,6,381
scale-free,400,38,267,184.0,103.0,57.0,57.0,65.0,103.0,103.0,105.48142952970153,0.08592914782350404,6,381
scale-free,400,38,268,184.0,103.0,57.0,57.0,65.0,103.0,103.0,105.48142952970153,0.08592914782350404,6,381
scale-free,400,38,269,184.0,103.0,57.0,57.0,65.0,103.0,103.0,105.48142952970153,0.08592914782350404,6,381
scale-free,400,38,270,184.0,103.0,57.0,57.0,316.0,103.0,103.0,105.48142952970153,0.08592914782350404,6,381
scale-free,400,38,271,184.0,71.0,57.0,57.0,359.0,71.0,76.0,105.48142952970153,0.08592914782350404,6,381
scale-free,400,38,272,184.0,103.0,57.0,57.0,65.0,103.0,103.0,105.48142952970153,0.08592914782350404,6,381
scale-free,400,38,273,114.0,103.0,57.0,57.0,12.0,103.0,103.0,105.48142952970153,0.08592914782350404,6,381
scale-free,400,38,274,114.0,103.0,57.0,57.0,65.0,103.0,103.0,105.48142952970153,0.08592914782350404,6,381
scale-free,400,38,275,184.0,103.0,57.0,57.0,27.0,103.0,103.0,105.48142952970153,0.08592914782350404,6,381
scale-free,400,38,276,114.0,103.0,57.0,57.0,65.0,103.0,103.0,105.48142952970153,0.08592914782350404,6,381
scale-free,400,38,277,184.0,103.0,57.0,57.0,65.0,103.0,103.0,105.48142952970153,0.08592914782350404,6,381
scale-free,400,38,278,184.0,103.0,57.0,57.0,27.0,103.0,103.0,105.48142952970153,0.08592914782350404,6,381
scale-free,400,38,279,184.0,103.0,57.0,57.0,316.0,103.0,103.0,105.48142952970153,0.08592914782350404,6,381
scale-free,400,38,280,114.0,103.0,57.0,57.0,27.0,103.0,103.0,105.48142952970153,0.08592914782350404,6,381
scale-free,400,38,281,184.0,103.0,57.0,57.0,27.0,103.0,103.0,105.48142952970153,0.08592914782350404,6,381
scale-free,400,38,282,184.0,103.0,57.0,57.0,65.0,103.0,103.0,105.48142952970153,0.08592914782350404,6,381
scale-free,400,38,283,114.0,65.0,51.0,52.0,65.0,65.0,72.0,105.48142952970153,0.08592914782350404,6,381
scale-free,400,38,284,184.0,103.0,57.0,57.0,65.0,103.0,103.0,105.48142952970153,0.08592914782350404,6,381
scale-free,400,38,285,184.0,103.0,57.0,57.0,65.0,103.0,103.0,105.48142952970153,0.08592914782350404,6,381
scale-free,400,38,286,184.0,103.0,57.0,57.0,306.0,103.0,103.0,105.48142952970153,0.08592914782350404,6,381
scale-free,400,38,287,114.0,103.0,57.0,57.0,27.0,103.0,103.0,105.48142952970153,0.08592914782350404,6,381
scale-free,400,38,288,184.0,103.0,57.0,57.0,65.0,103.0,103.0,105.48142952970153,0.08592914782350404,6,381
scale-free,400,38,289,184.0,103.0,57.0,57.0,65.0,103.0,103.0,105.48142952970153,0.08592914782350404,6,381
scale-free,400,38,290,184.0,103.0,57.0,57.0,316.0,103.0,103.0,105.48142952970153,0.08592914782350404,6,381
scale-free,400,38,291,184.0,103.0,57.0,57.0,65.0,103.0,103.0,105.48142952970153,0.08592914782350404,6,381
scale-free,400,38,292,184.0,103.0,57.0,57.0,316.0,103.0,103.0,105.48142952970153,0.08592914782350404,6,381
scale-free,400,38,293,184.0,103.0,57.0,57.0,316.0,103.0,103.0,105.48142952970153,0.08592914782350404,6,381
scale-free,400,38,294,184.0,103.0,57.0,57.0,65.0,103.0,103.0,105.48142952970153,0.08592914782350404,6,381
scale-free,400,38,295,184.0,103.0,57.0,57.0,316.0,103.0,103.0,105.48142952970153,0.08592914782350404,6,381
scale-free,400,38,296,184.0,103.0,57.0,57.0,316.0,103.0,103.0,105.48142952970153,0.08592914782350404,6,381
scale-free,400,38,297,114.0,71.0,53.0,53.0,65.0,71.0,76.0,105.48142952970153,0.08592914782350404,6,381
scale-free,400,38,298,184.0,71.0,57.0,57.0,359.0,71.0,73.0,105.48142952970153,0.08592914782350404,6,381
scale-free,400,38,299,184.0,103.0,57.0,57.0,65.0,103.0,103.0,105.48142952970153,0.08592914782350404,6,381
scale-free,400,38,300,184.0,103.0,57.0,57.0,65.0,103.0,103.0,105.48142952970153,0.08592914782350404,6,381
scale-free,400,38,301,114.0,65.0,57.0,57.0,65.0,65.0,85.0,105.48142952970153,0.08592914782350404,6,381
scale-free,400,38,302,184.0,103.0,57.0,57.0,316.0,103.0,103.0,105.48142952970153,0.08592914782350404,6,381
scale-free,400,38,303,184.0,103.0,57.0,57.0,65.0,103.0,103.0,105.48142952970153,0.08592914782350404,6,381
scale-free,400,38,304,184.0,103.0,57.0,57.0,65.0,103.0,103.0,105.48142952970153,0.08592914782350404,6,381
scale-free,400,38,305,81.0,103.0,57.0,57.0,27.0,103.0,103.0,105.48142952970153,0.08592914782350404,6,381
scale-free,400,38,306,184.0,103.0,57.0,57.0,65.0,103.0,103.0,105.48142952970153,0.08592914782350404,6,381
scale-free,400,38,307,184.0,103.0,57.0,57.0,65.0,103.0,103.0,105.48142952970153,0.08592914782350404,6,381
scale-free,400,38,308,184.0,103.0,57.0,57.0,316.0,103.0,103.0,105.48142952970153,0.08592914782350404,6,381
scale-free,400,38,309,184.0,103.0,57.0,57.0,316.0,103.0,103.0,105.48142952970153,0.08592914782350404,6,381
scale-free,400,38,310,184.0,71.0,57.0,57.0,359.0,71.0,94.0,105.48142952970153,0.08592914782350404,6,381
scale-free,400,38,311,184.0,103.0,57.0,57.0,316.0,103.0,103.0,105.48142952970153,0.08592914782350404,6,381
scale-free,400,38,312,184.0,103.0,57.0,57.0,65.0,103.0,103.0,105.48142952970153,0.08592914782350404,6,381
scale-free,400,38,313,184.0,71.0,57.0,57.0,359.0,71.0,86.0,105.48142952970153,0.08592914782350404,6,381
scale-free,400,38,314,114.0,103.0,57.0,57.0,312.0,103.0,103.0,105.48142952970153,0.08592914782350404,6,381
scale-free,400,38,315,184.0,103.0,57.0,57.0,65.0,103.0,103.0,105.48142952970153,0.08592914782350404,6,381
scale-free,400,38,316,184.0,103.0,57.0,57.0,306.0,103.0,103.0,105.48142952970153,0.08592914782350404,6,381
scale-free,400,38,317,184.0,103.0,57.0,57.0,306.0,103.0,103.0,105.48142952970153,0.08592914782350404,6,381
scale-free,400,38,318,184.0,103.0,57.0,57.0,316.0,103.0,103.0,105.48142952970153,0.08592914782350404,6,381
scale-free,400,38,319,184.0,103.0,57.0,57.0,27.0,103.0,103.0,105.48142952970153,0.08592914782350404,6,381
scale-free,400,38,320,114.0,53.0,57.0,57.0,359.0,53.0,68.0,105.48142952970153,0.08592914782350404,6,381
scale-free,400,38,321,184.0,65.0,57.0,57.0,359.0,65.0,98.0,105.48142952970153,0.08592914782350404,6,381
scale-free,400,38,322,184.0,103.0,57.0,57.0,65.0,103.0,103.0,105.48142952970153,0.08592914782350404,6,381
scale-free,400,38,323,184.0,103.0,57.0,57.0,65.0,103.0,103.0,105.48142952970153,0.08592914782350404,6,381
scale-free,400,38,324,114.0,103.0,57.0,57.0,65.0,103.0,103.0,105.48142952970153,0.08592914782350404,6,381
scale-free,400,38,325,184.0,103.0,57.0,57.0,316.0,103.0,103.0,105.48142952970153,0.08592914782350404,6,381
scale-free,400,38,326,184.0,103.0,57.0,57.0,65.0,103.0,103.0,105.48142952970153,0.08592914782350404,6,381
scale-free,400,38,327,184.0,103.0,57.0,57.0,65.0,103.0,103.0,105.48142952970153,0.08592914782350404,6,381
scale-free,400,38,328,184.0,103.0,57.0,57.0,316.0,103.0,103.0,105.48142952970153,0.08592914782350404,6,381
scale-free,400,38,329,184.0,103.0,57.0,57.0,65.0,103.0,103.0,105.48142952970153,0.08592914782350404,6,381
scale-free,400,38,330,184.0,103.0,57.0,57.0,27.0,103.0,103.0,105.48142952970153,0.08592914782350404,6,381
scale-free,400,38,331,184.0,103.0,57.0,57.0,65.0,103.0,103.0,105.48142952970153,0.08592914782350404,6,381
scale-free,400,38,332,184.0,103.0,57.0,57.0,12.0,103.0,103.0,105.48142952970153,0.08592914782350404,6,381
scale-free,400,38,333,184.0,103.0,57.0,57.0,65.0,103.0,103.0,105.48142952970153,0.08592914782350404,6,381
scale-free,400,38,334,114.0,35.0,57.0,57.0,359.0,35.0,48.0,105.48142952970153,0.08592914782350404,6,381
scale-free,400,38,335,184.0,103.0,57.0,57.0,65.0,103.0,103.0,105.48142952970153,0.08592914782350404,6,381
scale-free,400,38,336,184.0,103.0,57.0,57.0,27.0,103.0,103.0,105.48142952970153,0.08592914782350404,6,381
scale-free,400,38,337,184.0,103.0,57.0,57.0,65.0,103.0,103.0,105.48142952970153,0.08592914782350404,6,381
scale-free,400,38,338,184.0,71.0,57.0,57.0,359.0,71.0,86.0,105.48142952970153,0.08592914782350404,6,381
scale-free,400,38,339,184.0,103.0,57.0,57.0,65.0,103.0,103.0,105.48142952970153,0.08592914782350404,6,381
scale-free,400,38,340,114.0,103.0,57.0,57.0,27.0,103.0,103.0,105.48142952970153,0.08592914782350404,6,381
scale-free,400,38,341,184.0,103.0,57.0,57.0,65.0,103.0,103.0,105.48142952970153,0.08592914782350404,6,381
scale-free,400,38,342,184.0,103.0,57.0,57.0,65.0,103.0,103.0,105.48142952970153,0.08592914782350404,6,381
scale-free,400,38,343,184.0,103.0,57.0,57.0,316.0,103.0,103.0,105.48142952970153,0.08592914782350404,6,381
scale-free,400,38,344,184.0,103.0,57.0,57.0,65.0,103.0,103.0,105.48142952970153,0.08592914782350404,6,381
scale-free,400,38,345,184.0,103.0,57.0,57.0,3.0,103.0,103.0,105.48142952970153,0.08592914782350404,6,381
scale-free,400,38,346,184.0,103.0,57.0,57.0,65.0,103.0,103.0,105.48142952970153,0.08592914782350404,6,381
scale-free,400,38,347,184.0,103.0,57.0,57.0,65.0,103.0,103.0,105.48142952970153,0.08592914782350404,6,381
scale-free,400,38,348,184.0,103.0,57.0,57.0,65.0,103.0,103.0,105.48142952970153,0.08592914782350404,6,381
scale-free,400,38,349,184.0,103.0,57.0,57.0,316.0,103.0,103.0,105.48142952970153,0.08592914782350404,6,381
scale-free,400,38,350,184.0,103.0,57.0,57.0,65.0,103.0,103.0,105.48142952970153,0.08592914782350404,6,381
scale-free,400,38,351,184.0,103.0,57.0,57.0,65.0,103.0,103.0,105.48142952970153,0.08592914782350404,6,381
scale-free,400,38,352,184.0,103.0,57.0,57.0,65.0,103.0,103.0,105.48142952970153,0.08592914782350404,6,381
scale-free,400,38,353,114.0,36.0,57.0,57.0,359.0,37.0,69.0,105.48142952970153,0.08592914782350404,6,381
scale-free,400,38,354,184.0,103.0,57.0,57.0,65.0,103.0,103.0,105.48142952970153,0.08592914782350404,6,381
scale-free,400,38,355,184.0,103.0,57.0,57.0,65.0,103.0,103.0,105.48142952970153,0.08592914782350404,6,381
scale-free,400,38,356,184.0,103.0,57.0,57.0,65.0,103.0,103.0,105.48142952970153,0.08592914782350404,6,381
scale-free,400,38,357,184.0,103.0,57.0,57.0,65.0,103.0,103.0,105.48142952970153,0.08592914782350404,6,381
scale-free,400,38,358,184.0,103.0,57.0,57.0,65.0,103.0,103.0,105.48142952970153,0.08592914782350404,6,381
scale-free,400,38,359,114.0,103.0,57.0,57.0,27.0,103.0,103.0,105.48142952970153,0.08592914782350404,6,381
scale-free,400,38,360,184.0,103.0,57.0,57.0,65.0,103.0,103.0,105.48142952970153,0.08592914782350404,6,381
scale-free,400,38,361,184.0,103.0,57.0,57.0,65.0,103.0,103.0,105.48142952970153,0.08592914782350404,6,381
scale-free,400,38,362,184.0,103.0,57.0,57.0,65.0,103.0,103.0,105.48142952970153,0.08592914782350404,6,381
scale-free,400,38,363,184.0,103.0,57.0,57.0,65.0,103.0,103.0,105.48142952970153,0.08592914782350404,6,381
scale-free,400,38,364,184.0,103.0,57.0,57.0,316.0,103.0,103.0,105.48142952970153,0.08592914782350404,6,381
scale-free,400,38,365,184.0,103.0,57.0,57.0,65.0,103.0,103.0,105.48142952970153,0.08592914782350404,6,381
scale-free,400,38,366,184.0,103.0,57.0,57.0,65.0,103.0,103.0,105.48142952970153,0.08592914782350404,6,381
scale-free,400,38,367,184.0,103.0,57.0,57.0,4.0,103.0,103.0,105.48142952970153,0.08592914782350404,6,381
scale-free,400,38,368,184.0,103.0,57.0,57.0,316.0,103.0,103.0,105.48142952970153,0.08592914782350404,6,381
scale-free,400,38,369,184.0,103.0,57.0,57.0,316.0,103.0,103.0,105.48142952970153,0.08592914782350404,6,381
scale-free,400,38,370,184.0,71.0,57.0,57.0,359.0,71.0,93.0,105.48142952970153,0.08592914782350404,6,381
scale-free,400,38,371,184.0,103.0,57.0,57.0,316.0,103.0,103.0,105.48142952970153,0.08592914782350404,6,381
scale-free,400,38,372,184.0,103.0,57.0,57.0,65.0,103.0,103.0,105.48142952970153,0.08592914782350404,6,381
scale-free,400,38,373,184.0,103.0,57.0,57.0,65.0,103.0,103.0,105.48142952970153,0.08592914782350404,6,381
scale-free,400,38,374,184.0,103.0,57.0,57.0,65.0,103.0,103.0,105.48142952970153,0.08592914782350404,6,381
scale-free,400,38,375,184.0,103.0,57.0,57.0,316.0,103.0,103.0,105.48142952970153,0.08592914782350404,6,381
scale-free,400,38,376,184.0,103.0,57.0,57.0,316.0,103.0,103.0,105.48142952970153,0.08592914782350404,6,381
scale-free,400,38,377,184.0,71.0,57.0,57.0,359.0,71.0,102.0,105.48142952970153,0.08592914782350404,6,381
scale-free,400,38,378,184.0,71.0,57.0,57.0,359.0,71.0,94.0,105.48142952970153,0.08592914782350404,6,381
scale-free,400,38,379,184.0,103.0,57.0,57.0,316.0,103.0,103.0,105.48142952970153,0.08592914782350404,6,381
scale-free,400,38,380,184.0,103.0,57.0,57.0,65.0,103.0,103.0,105.48142952970153,0.08592914782350404,6,381
scale-free,400,38,381,184.0,71.0,57.0,57.0,359.0,71.0,101.0,105.48142952970153,0.08592914782350404,6,381
scale-free,400,38,382,184.0,103.0,57.0,57.0,65.0,103.0,103.0,105.48142952970153,0.08592914782350404,6,381
scale-free,400,38,383,184.0,103.0,57.0,57.0,65.0,103.0,103.0,105.48142952970153,0.08592914782350404,6,381
scale-free,400,38,384,184.0,103.0,57.0,57.0,65.0,103.0,103.0,105.48142952970153,0.08592914782350404,6,381
scale-free,400,38,385,184.0,103.0,57.0,57.0,27.0,103.0,103.0,105.48142952970153,0.08592914782350404,6,381
scale-free,400,38,386,184.0,103.0,57.0,57.0,65.0,103.0,103.0,105.48142952970153,0.08592914782350404,6,381
scale-free,400,38,387,184.0,103.0,57.0,57.0,27.0,103.0,103.0,105.48142952970153,0.08592914782350404,6,381
scale-free,400,38,388,184.0,103.0,57.0,57.0,65.0,103.0,103.0,105.48142952970153,0.08592914782350404,6,381
scale-free,400,38,389,184.0,103.0,57.0,57.0,316.0,103.0,103.0,105.48142952970153,0.08592914782350404,6,381
scale-free,400,38,390,184.0,103.0,57.0,57.0,65.0,103.0,103.0,105.48142952970153,0.08592914782350404,6,381
scale-free,400,38,391,184.0,103.0,57.0,57.0,65.0,103.0,103.0,105.48142952970153,0.08592914782350404,6,381
scale-free,400,38,392,184.0,103.0,57.0,57.0,65.0,103.0,103.0,105.48142952970153,0.08592914782350404,6,381
scale-free,400,38,393,184.0,103.0,57.0,57.0,316.0,103.0,103.0,105.48142952970153,0.08592914782350404,6,381
scale-free,400,38,394,184.0,103.0,57.0,57.0,316.0,103.0,103.0,105.48142952970153,0.08592914782350404,6,381
scale-free,400,38,395,184.0,103.0,57.0,57.0,304.0,103.0,103.0,105.48142952970153,0.08592914782350404,6,381
scale-free,400,38,396,184.0,103.0,57.0,57.0,65.0,103.0,103.0,105.48142952970153,0.08592914782350404,6,381
scale-free,400,38,397,184.0,103.0,57.0,57.0,316.0,103.0,103.0,105.48142952970153,0.08592914782350404,6,381
scale-free,400,38,398,184.0,103.0,57.0,57.0,65.0,103.0,103.0,105.48142952970153,0.08592914782350404,6,381
scale-free,400,38,399,184.0,103.0,57.0,57.0,316.0,103.0,103.0,105.48142952970153,0.08592914782350404,6,381
