scale-free,400,15,0,2.0,2.0,2.0,2.0,304.0,2.0,2.0,148.20939248099862,0.1262423505696605,6,378
scale-free,400,15,1,5.0,11.0,3.0,3.0,304.0,12.0,11.0,148.20939248099862,0.1262423505696605,6,378
scale-free,400,15,2,1.0,1.0,1.0,1.0,304.0,1.0,1.0,148.20939248099862,0.1262423505696605,6,378
scale-free,400,15,3,3.0,14.0,4.0,4.0,304.0,10.0,7.0,148.20939248099862,0.1262423505696605,6,378
scale-free,400,15,4,9.0,101.0,46.0,46.0,9.0,101.0,101.0,148.20939248099862,0.1262423505696605,6,378
scale-free,400,15,5,76.0,55.0,32.0,33.0,64.0,54.0,64.0,148.20939248099862,0.1262423505696605,6,378
scale-free,400,15,6,4.0,3.0,6.0,6.0,304.0,3.0,3.0,148.20939248099862,0.1262423505696605,6,378
scale-free,400,15,7,8.0,5.0,5.0,5.0,304.0,5.0,8.0,148.20939248099862,0.1262423505696605,6,378
scale-free,400,15,8,14.0,101.0,46.0,46.0,2.0,101.0,101.0,148.20939248099862,0.1262423505696605,6,378
scale-free,400,15,9,7.0,101.0,46.0,46.0,1.0,101.0,101.0,148.20939248099862,0.1262423505696605,6,378
scale-free,400,15,10,16.0,67.0,31.0,31.0,9.0,67.0,65.0,148.20939248099862,0.1262423505696605,6,378
scale-free,400,15,11,34.0,101.0,46.0,46.0,64.0,101.0,101.0,148.20939248099862,0.1262423505696605,6,378
scale-free,400,15,12,22.0,28.0,8.0,8.0,304.0,33.0,51.0,148.20939248099862,0.1262423505696605,6,378
scale-free,400,15,13,16.0,67.0,23.0,23.0,64.0,67.0,44.0,148.20939248099862,0.1262423505696605,6,378
scale-free,400,15,14,22.0,49.0,20.0,20.0,21.0,49.0,32.0,148.20939248099862,0.1262423505696605,6,378
scale-free,400,15,15,76.0,101.0,46.0,46.0,64.0,101.0,101.0,148.20939248099862,0.1262423505696605,6,378
scale-free,400,15,16,6.0,9.0,7.0,7.0,304.0,7.0,10.0,148.20939248099862,0.1262423505696605,6,378
scale-free,400,15,17,50.0,101.0,46.0,46.0,21.0,101.0,101.0,148.20939248099862,0.1262423505696605,6,378
scale-free,400,15,18,120.0,101.0,46.0,46.0,64.0,101.0,101.0,148.20939248099862,0.1262423505696605,6,378
scale-free,400,15,19,16.0,101.0,46.0,46.0,64.0,101.0,101.0,148.20939248099862,0.1262423505696605,6,378
scale-free,400,15,20,120.0,101.0,46.0,46.0,64.0,101.0,101.0,148.20939248099862,0.1262423505696605,6,378
scale-free,400,15,21,120.0,101.0,46.0,46.0,64.0,101.0,101.0,148.20939248099862,0.1262423505696605,6,378
scale-free,400,15,22,34.0,101.0,46.0,46.0,21.0,101.0,101.0,148.20939248099862,0.1262423505696605,6,378
scale-free,400,15,23,22.0,101.0,46.0,46.0,21.0,101.0,101.0,148.20939248099862,0.1262423505696605,6,378
scale-free,400,15,24,120.0,101.0,46.0,46.0,64.0,101.0,101.0,148.20939248099862,0.1262423505696605,6,378
scale-free,400,15,25,50.0,101.0,46.0,46.0,21.0,101.0,101.0,148.20939248099862,0.1262423505696605,6,378
scale-free,400,15,26,13.0,101.0,46.0,46.0,3.0,101.0,101.0,148.20939248099862,0.1262423505696605,6,378
scale-free,400,15,27,120.0,67.0,45.0,45.0,64.0,67.0,94.0,148.20939248099862,0.1262423505696605,6,378
scale-free,400,15,28,22.0,101.0,46.0,46.0,3.0,101.0,101.0,148.20939248099862,0.1262423505696605,6,378
scale-free,400,15,29,22.0,47.0,23.0,23.0,64.0,47.0,27.0,148.20939248099862,0.1262423505696605,6,378
scale-free,400,15,30,11.0,10.0,11.0,12.0,304.0,11.0,12.0,148.20939248099862,0.1262423505696605,6,378
scale-free,400,15,31,120.0,101.0,46.0,46.0,64.0,101.0,101.0,148.20939248099862,0.1262423505696605,6,378
scale-free,400,15,32,76.0,67.0,41.0,41.0,21.0,67.0,83.0,148.20939248099862,0.1262423505696605,6,378
scale-free,400,15,33,50.0,67.0,41.0,41.0,64.0,67.0,88.0,148.20939248099862,0.1262423505696605,6,378
scale-free,400,15,34,76.0,101.0,46.0,46.0,64.0,101.0,101.0,148.20939248099862,0.1262423505696605,6,378
scale-free,400,15,35,40.0,49.0,19.0,19.0,64.0,49.0,29.0,148.20939248099862,0.1262423505696605,6,378
scale-free,400,15,36,76.0,101.0,46.0,46.0,21.0,101.0,101.0,148.20939248099862,0.1262423505696605,6,378
scale-free,400,15,37,196.0,101.0,46.0,46.0,64.0,101.0,101.0,148.20939248099862,0.1262423505696605,6,378
scale-free,400,15,38,196.0,101.0,46.0,46.0,64.0,101.0,101.0,148.20939248099862,0.1262423505696605,6,378
scale-free,400,15,39,40.0,101.0,46.0,46.0,64.0,101.0,101.0,148.20939248099862,0.1262423505696605,6,378
scale-free,400,15,40,120.0,101.0,46.0,46.0,21.0,101.0,101.0,148.20939248099862,0.1262423505696605,6,378
scale-free,400,15,41,50.0,101.0,46.0,46.0,64.0,101.0,101.0,148.20939248099862,0.1262423505696605,6,378
scale-free,400,15,42,40.0,67.0,23.0,23.0,21.0,67.0,79.0,148.20939248099862,0.1262423505696605,6,378
scale-free,400,15,43,196.0,101.0,46.0,46.0,64.0,101.0,101.0,148.20939248099862,0.1262423505696605,6,378
scale-free,400,15,44,10.0,22.0,46.0,46.0,352.0,19.0,14.0,148.20939248099862,0.1262423505696605,6,378
scale-free,400,15,45,50.0,101.0,46.0,46.0,64.0,101.0,101.0,148.20939248099862,0.1262423505696605,6,378
scale-free,400,15,46,50.0,101.0,46.0,46.0,21.0,101.0,101.0,148.20939248099862,0.1262423505696605,6,378
scale-free,400,15,47,120.0,101.0,46.0,46.0,64.0,101.0,101.0,148.20939248099862,0.1262423505696605,6,378
scale-free,400,15,48,12.0,42.0,14.0,15.0,304.0,42.0,20.0,148.20939248099862,0.1262423505696605,6,378
scale-free,400,15,49,196.0,101.0,46.0,46.0,64.0,101.0,101.0,148.20939248099862,0.1262423505696605,6,378
scale-free,400,15,50,196.0,101.0,46.0,46.0,64.0,101.0,101.0,148.20939248099862,0.1262423505696605,6,378
scale-free,400,15,51,20.0,13.0,46.0,46.0,352.0,13.0,16.0,148.20939248099862,0.1262423505696605,6,378
scale-free,400,15,52,196.0,101.0,46.0,46.0,64.0,101.0,101.0,148.20939248099862,0.1262423505696605,6,378
scale-free,400,15,53,120.0,101.0,46.0,46.0,64.0,101.0,101.0,148.20939248099862,0.1262423505696605,6,378
scale-free,400,15,54,120.0,101.0,46.0,46.0,64.0,101.0,101.0,148.20939248099862,0.1262423505696605,6,378
scale-free,400,15,55,196.0,101.0,46.0,46.0,64.0,101.0,101.0,148.20939248099862,0.1262423505696605,6,378
scale-free,400,15,56,196.0,101.0,46.0,46.0,64.0,101.0,101.0,148.20939248099862,0.1262423505696605,6,378
scale-free,400,15,57,120.0,101.0,46.0,46.0,21.0,101.0,101.0,148.20939248099862,0.1262423505696605,6,378
scale-free,400,15,58,196.0,101.0,46.0,46.0,329.0,101.0,101.0,148.20939248099862,0.1262423505696605,6,378
scale-free,400,15,59,50.0,101.0,46.0,46.0,9.0,101.0,101.0,148.20939248099862,0.1262423505696605,6,378
scale-free,400,15,60,120.0,101.0,46.0,46.0,64.0,101.0,101.0,148.20939248099862,0.1262423505696605,6,378
scale-free,400,15,61,196.0,101.0,46.0,46.0,64.0,101.0,101.0,148.20939248099862,0.1262423505696605,6,378
scale-free,400,15,62,27.0,101.0,46.0,46.0,9.0,101.0,101.0,148.20939248099862,0.1262423505696605,6,378
scale-free,400,15,63,196.0,101.0,46.0,46.0,64.0,101.0,101.0,148.20939248099862,0.1262423505696605,6,378
scale-free,400,15,64,20.0,46.0,46.0,46.0,352.0,46.0,23.0,148.20939248099862,0.1262423505696605,6,378
scale-free,400,15,65,40.0,27.0,10.0,10.0,304.0,30.0,43.0,148.20939248099862,0.1262423505696605,6,378
scale-free,400,15,66,196.0,101.0,46.0,46.0,64.0,101.0,101.0,148.20939248099862,0.1262423505696605,6,378
scale-free,400,15,67,50.0,25.0,46.0,46.0,352.0,29.0,30.0,148.20939248099862,0.1262423505696605,6,378
scale-free,400,15,68,50.0,101.0,46.0,46.0,64.0,101.0,101.0,148.20939248099862,0.1262423505696605,6,378
scale-free,400,15,69,76.0,101.0,46.0,46.0,64.0,101.0,101.0,148.20939248099862,0.1262423505696605,6,378
scale-free,400,15,70,120.0,101.0,46.0,46.0,21.0,101.0,101.0,148.20939248099862,0.1262423505696605,6,378
scale-free,400,15,71,50.0,57.0,36.0,36.0,64.0,57.0,63.0,148.20939248099862,0.1262423505696605,6,378
scale-free,400,15,72,27.0,12.0,46.0,46.0,352.0,14.0,15.0,148.20939248099862,0.1262423505696605,6,378
scale-free,400,15,73,27.0,49.0,35.0,35.0,21.0,49.0,57.0,148.20939248099862,0.1262423505696605,6,378
scale-free,400,15,74,120.0,18.0,46.0,46.0,304.0,18.0,18.0,148.20939248099862,0.1262423505696605,6,378
scale-free,400,15,75,120.0,101.0,46.0,46.0,64.0,101.0,101.0,148.20939248099862,0.1262423505696605,6,378
scale-free,400,15,76,50.0,40.0,46.0,46.0,304.0,35.0,58.0,148.20939248099862,0.1262423505696605,6,378
scale-free,400,15,77,76.0,4.0,46.0,46.0,352.0,4.0,5.0,148.20939248099862,0.1262423505696605,6,378
scale-free,400,15,78,196.0,101.0,46.0,46.0,329.0,101.0,101.0,148.20939248099862,0.1262423505696605,6,378
scale-free,400,15,79,120.0,101.0,46.0,46.0,64.0,101.0,101.0,148.20939248099862,0.1262423505696605,6,378
scale-free,400,15,80,120.0,57.0,46.0,46.0,352.0,57.0,42.0,148.20939248099862,0.1262423505696605,6,378
scale-free,400,15,81,76.0,48.0,46.0,46.0,352.0,48.0,26.0,148.20939248099862,0.1262423505696605,6,378
scale-free,400,15,82,50.0,101.0,46.0,46.0,64.0,101.0,101.0,148.20939248099862,0.1262423505696605,6,378
scale-free,400,15,83,40.0,67.0,46.0,46.0,64.0,67.0,97.0,148.20939248099862,0.1262423505696605,6,378
scale-free,400,15,84,34.0,23.0,16.0,16.0,304.0,26.0,22.0,148.20939248099862,0.1262423505696605,6,378
scale-free,400,15,85,196.0,101.0,46.0,46.0,64.0,101.0,101.0,148.20939248099862,0.1262423505696605,6,378
scale-free,400,15,86,196.0,101.0,46.0,46.0,64.0,101.0,101.0,148.20939248099862,0.1262423505696605,6,378
scale-free,400,15,87,34.0,101.0,46.0,46.0,64.0,101.0,101.0,148.20939248099862,0.1262423505696605,6,378
scale-free,400,15,88,16.0,24.0,17.0,17.0,304.0,24.0,25.0,148.20939248099862,0.1262423505696605,6,378
scale-free,400,15,89,120.0,67.0,46.0,46.0,64.0,67.0,65.0,148.20939248099862,0.1262423505696605,6,378
scale-free,400,15,90,120.0,101.0,46.0,46.0,64.0,101.0,101.0,148.20939248099862,0.1262423505696605,6,378
scale-free,400,15,91,196.0,101.0,46.0,46.0,329.0,101.0,101.0,148.20939248099862,0.1262423505696605,6,378
scale-free,400,15,92,196.0,101.0,46.0,46.0,64.0,101.0,101.0,148.20939248099862,0.1262423505696605,6,378
scale-free,400,15,93,120.0,101.0,46.0,46.0,64.0,101.0,101.0,148.20939248099862,0.1262423505696605,6,378
scale-free,400,15,94,27.0,7.0,46.0,46.0,352.0,8.0,4.0,148.20939248099862,0.1262423505696605,6,378
scale-free,400,15,95,76.0,20.0,46.0,46.0,304.0,20.0,33.0,148.20939248099862,0.1262423505696605,6,378
scale-free,400,15,96,196.0,101.0,46.0,46.0,64.0,101.0,101.0,148.20939248099862,0.1262423505696605,6,378
scale-free,400,15,97,196.0,101.0,46.0,46.0,64.0,101.0,101.0,148.20939248099862,0.1262423505696605,6,378
scale-free,400,15,98,14.0,6.0,12.0,13.0,304.0,6.0,6.0,148.20939248099862,0.1262423505696605,6,378
scale-free,400,15,99,27.0,101.0,46.0,46.0,64.0,101.0,101.0,148.20939248099862,0.1262423505696605,6,378
scale-free,400,15,100,50.0,101.0,46.0,46.0,64.0,101.0,101.0,148.20939248099862,0.1262423505696605,6,378
scale-free,400,15,101,34.0,101.0,46.0,46.0,64.0,101.0,101.0,148.20939248099862,0.1262423505696605,6,378
scale-free,400,15,102,196.0,101.0,46.0,46.0,64.0,101.0,101.0,148.20939248099862,0.1262423505696605,6,378
scale-free,400,15,103,50.0,101.0,46.0,46.0,21.0,101.0,101.0,148.20939248099862,0.1262423505696605,6,378
scale-free,400,15,104,120.0,101.0,46.0,46.0,64.0,101.0,101.0,148.20939248099862,0.1262423505696605,6,378
scale-free,400,15,105,196.0,67.0,46.0,46.0,352.0,67.0,65.0,148.20939248099862,0.1262423505696605,6,378
scale-free,400,15,106,120.0,101.0,46.0,46.0,9.0,101.0,101.0,148.20939248099862,0.1262423505696605,6,378
scale-free,400,15,107,40.0,101.0,46.0,46.0,21.0,101.0,101.0,148.20939248099862,0.1262423505696605,6,378
scale-free,400,15,108,50.0,67.0,39.0,39.0,21.0,67.0,83.0,148.20939248099862,0.1262423505696605,6,378
scale-free,400,15,109,76.0,101.0,46.0,46.0,64.0,101.0,101.0,148.20939248099862,0.1262423505696605,6,378
scale-free,400,15,110,27.0,101.0,46.0,46.0,9.0,101.0,101.0,148.20939248099862,0.1262423505696605,6,378
scale-free,400,15,111,120.0,101.0,46.0,46.0,3.0,101.0,101.0,148.20939248099862,0.1262423505696605,6,378
scale-free,400,15,112,196.0,101.0,46.0,46.0,21.0,101.0,101.0,148.20939248099862,0.1262423505696605,6,378
scale-free,400,15,113,76.0,101.0,46.0,46.0,64.0,101.0,101.0,148.20939248099862,0.1262423505696605,6,378
scale-free,400,15,114,50.0,101.0,46.0,46.0,9.0,101.0,101.0,148.20939248099862,0.1262423505696605,6,378
scale-free,400,15,115,196.0,101.0,46.0,46.0,64.0,101.0,101.0,148.20939248099862,0.1262423505696605,6,378
scale-free,400,15,116,120.0,101.0,46.0,46.0,64.0,101.0,101.0,148.20939248099862,0.1262423505696605,6,378
scale-free,400,15,117,76.0,67.0,30.0,30.0,64.0,67.0,65.0,148.20939248099862,0.1262423505696605,6,378
scale-free,400,15,118,27.0,101.0,46.0,46.0,9.0,101.0,101.0,148.20939248099862,0.1262423505696605,6,378
scale-free,400,15,119,196.0,101.0,46.0,46.0,64.0,101.0,101.0,148.20939248099862,0.1262423505696605,6,378
scale-free,400,15,120,120.0,101.0,46.0,46.0,21.0,101.0,101.0,148.20939248099862,0.1262423505696605,6,378
scale-free,400,15,121,76.0,101.0,46.0,46.0,64.0,101.0,101.0,148.20939248099862,0.1262423505696605,6,378
scale-free,400,15,122,50.0,101.0,46.0,46.0,21.0,101.0,101.0,148.20939248099862,0.1262423505696605,6,378
scale-free,400,15,123,120.0,26.0,46.0,46.0,352.0,37.0,40.0,148.20939248099862,0.1262423505696605,6,378
scale-free,400,15,124,196.0,101.0,46.0,46.0,64.0,101.0,101.0,148.20939248099862,0.1262423505696605,6,378
scale-free,400,15,125,40.0,67.0,41.0,41.0,64.0,67.0,94.0,148.20939248099862,0.1262423505696605,6,378
scale-free,400,15,126,120.0,101.0,46.0,46.0,21.0,101.0,101.0,148.20939248099862,0.1262423505696605,6,378
scale-free,400,15,127,76.0,101.0,46.0,46.0,21.0,101.0,101.0,148.20939248099862,0.1262423505696605,6,378
scale-free,400,15,128,120.0,35.0,46.0,46.0,352.0,28.0,31.0,148.20939248099862,0.1262423505696605,6,378
scale-free,400,15,129,76.0,49.0,46.0,46.0,352.0,49.0,44.0,148.20939248099862,0.1262423505696605,6,378
scale-free,400,15,130,76.0,57.0,18.0,18.0,64.0,57.0,28.0,148.20939248099862,0.1262423505696605,6,378
scale-free,400,15,131,120.0,101.0,46.0,46.0,64.0,101.0,101.0,148.20939248099862,0.1262423505696605,6,378
scale-free,400,15,132,120.0,101.0,46.0,46.0,64.0,101.0,101.0,148.20939248099862,0.1262423505696605,6,378
scale-free,400,15,133,196.0,101.0,46.0,46.0,64.0,101.0,101.0,148.20939248099862,0.1262423505696605,6,378
scale-free,400,15,134,76.0,101.0,46.0,46.0,3.0,101.0,101.0,148.20939248099862,0.1262423505696605,6,378
scale-free,400,15,135,196.0,101.0,46.0,46.0,64.0,101.0,101.0,148.20939248099862,0.1262423505696605,6,378
scale-free,400,15,136,76.0,15.0,46.0,46.0,352.0,17.0,13.0,148.20939248099862,0.1262423505696605,6,378
scale-free,400,15,137,76.0,29.0,46.0,46.0,352.0,38.0,54.0,148.20939248099862,0.1262423505696605,6,378
scale-free,400,15,138,120.0,101.0,46.0,46.0,64.0,101.0,101.0,148.20939248099862,0.1262423505696605,6,378
scale-free,400,15,139,196.0,101.0,46.0,46.0,64.0,101.0,101.0,148.20939248099862,0.1262423505696605,6,378
scale-free,400,15,140,196.0,101.0,46.0,46.0,64.0,101.0,101.0,148.20939248099862,0.1262423505696605,6,378
scale-free,400,15,141,196.0,101.0,46.0,46.0,64.0,101.0,101.0,148.20939248099862,0.1262423505696605,6,378
scale-free,400,15,142,196.0,101.0,46.0,46.0,64.0,101.0,101.0,148.20939248099862,0.1262423505696605,6,378
scale-free,400,15,143,196.0,101.0,46.0,46.0,64.0,101.0,101.0,148.20939248099862,0.1262423505696605,6,378
scale-free,400,15,144,120.0,101.0,46.0,46.0,64.0,101.0,101.0,148.20939248099862,0.1262423505696605,6,378
scale-free,400,15,145,196.0,101.0,46.0,46.0,64.0,101.0,101.0,148.20939248099862,0.1262423505696605,6,378
scale-free,400,15,146,50.0,101.0,46.0,46.0,64.0,101.0,101.0,148.20939248099862,0.1262423505696605,6,378
scale-free,400,15,147,40.0,21.0,13.0,11.0,304.0,22.0,37.0,148.20939248099862,0.1262423505696605,6,378
scale-free,400,15,148,50.0,101.0,46.0,46.0,64.0,101.0,101.0,148.20939248099862,0.1262423505696605,6,378
scale-free,400,15,149,120.0,101.0,46.0,46.0,64.0,101.0,101.0,148.20939248099862,0.1262423505696605,6,378
scale-free,400,15,150,120.0,101.0,46.0,46.0,64.0,101.0,101.0,148.20939248099862,0.1262423505696605,6,378
scale-free,400,15,151,120.0,101.0,46.0,46.0,64.0,101.0,101.0,148.20939248099862,0.1262423505696605,6,378
scale-free,400,15,152,196.0,101.0,46.0,46.0,64.0,101.0,101.0,148.20939248099862,0.1262423505696605,6,378
scale-free,400,15,153,196.0,101.0,46.0,46.0,64.0,101.0,101.0,148.20939248099862,0.1262423505696605,6,378
scale-free,400,15,154,50.0,101.0,46.0,46.0,64.0,101.0,101.0,148.20939248099862,0.1262423505696605,6,378
scale-free,400,15,155,50.0,101.0,46.0,46.0,64.0,101.0,101.0,148.20939248099862,0.1262423505696605,6,378
scale-free,400,15,156,120.0,101.0,46.0,46.0,64.0,101.0,101.0,148.20939248099862,0.1262423505696605,6,378
scale-free,400,15,157,76.0,45.0,44.0,44.0,304.0,45.0,56.0,148.20939248099862,0.1262423505696605,6,378
scale-free,400,15,158,196.0,101.0,46.0,46.0,64.0,101.0,101.0,148.20939248099862,0.1262423505696605,6,378
scale-free,400,15,159,76.0,16.0,46.0,46.0,352.0,15.0,17.0,148.20939248099862,0.1262423505696605,6,378
scale-free,400,15,160,40.0,67.0,21.0,21.0,9.0,67.0,44.0,148.20939248099862,0.1262423505696605,6,378
scale-free,400,15,161,196.0,101.0,46.0,46.0,64.0,101.0,101.0,148.20939248099862,0.1262423505696605,6,378
scale-free,400,15,162,76.0,64.0,22.0,22.0,64.0,64.0,35.0,148.20939248099862,0.1262423505696605,6,378
scale-free,400,15,163,120.0,101.0,46.0,46.0,64.0,101.0,101.0,148.20939248099862,0.1262423505696605,6,378
scale-free,400,15,164,196.0,101.0,46.0,46.0,64.0,101.0,101.0,148.20939248099862,0.1262423505696605,6,378
scale-free,400,15,165,196.0,101.0,46.0,46.0,64.0,101.0,101.0,148.20939248099862,0.1262423505696605,6,378
scale-free,400,15,166,196.0,101.0,46.0,46.0,64.0,101.0,101.0,148.20939248099862,0.1262423505696605,6,378
scale-free,400,15,167,76.0,101.0,46.0,46.0,64.0,101.0,101.0,148.20939248099862,0.1262423505696605,6,378
scale-free,400,15,168,196.0,101.0,46.0,46.0,64.0,101.0,101.0,148.20939248099862,0.1262423505696605,6,378
scale-free,400,15,169,40.0,101.0,46.0,46.0,64.0,101.0,101.0,148.20939248099862,0.1262423505696605,6,378
scale-free,400,15,170,76.0,101.0,46.0,46.0,64.0,101.0,101.0,148.20939248099862,0.1262423505696605,6,378
scale-free,400,15,171,196.0,30.0,46.0,46.0,352.0,39.0,76.0,148.20939248099862,0.1262423505696605,6,378
scale-free,400,15,172,120.0,57.0,46.0,46.0,352.0,57.0,53.0,148.20939248099862,0.1262423505696605,6,378
scale-free,400,15,173,76.0,101.0,46.0,46.0,21.0,101.0,101.0,148.20939248099862,0.1262423505696605,6,378
scale-free,400,15,174,196.0,101.0,46.0,46.0,3.0,101.0,101.0,148.20939248099862,0.1262423505696605,6,378
scale-free,400,15,175,76.0,36.0,46.0,46.0,352.0,27.0,52.0,148.20939248099862,0.1262423505696605,6,378
scale-free,400,15,176,196.0,101.0,46.0,46.0,64.0,101.0,101.0,148.20939248099862,0.1262423505696605,6,378
scale-free,400,15,177,120.0,67.0,38.0,38.0,21.0,67.0,65.0,148.20939248099862,0.1262423505696605,6,378
scale-free,400,15,178,120.0,101.0,46.0,46.0,64.0,101.0,101.0,148.20939248099862,0.1262423505696605,6,378
scale-free,400,15,179,196.0,101.0,46.0,46.0,64.0,101.0,101.0,148.20939248099862,0.1262423505696605,6,378
scale-free,400,15,180,196.0,101.0,46.0,46.0,64.0,101.0,101.0,148.20939248099862,0.1262423505696605,6,378
scale-free,400,15,181,120.0,101.0,46.0,46.0,64.0,101.0,101.0,148.20939248099862,0.1262423505696605,6,378
scale-free,400,15,182,196.0,101.0,46.0,46.0,329.0,101.0,101.0,148.20939248099862,0.1262423505696605,6,378
scale-free,400,15,183,76.0,101.0,46.0,46.0,64.0,101.0,101.0,148.20939248099862,0.1262423505696605,6,378
scale-free,400,15,184,196.0,101.0,46.0,46.0,64.0,101.0,101.0,148.20939248099862,0.1262423505696605,6,378
scale-free,400,15,185,196.0,101.0,46.0,46.0,64.0,101.0,101.0,148.20939248099862,0.1262423505696605,6,378
scale-free,400,15,186,196.0,101.0,46.0,46.0,64.0,101.0,101.0,148.20939248099862,0.1262423505696605,6,378
scale-free,400,15,187,76.0,67.0,40.0,40.0,64.0,67.0,65.0,148.20939248099862,0.1262423505696605,6,378
scale-free,400,15,188,196.0,101.0,46.0,46.0,64.0,101.0,101.0,148.20939248099862,0.1262423505696605,6,378
scale-free,400,15,189,196.0,101.0,46.0,46.0,21.0,101.0,101.0,148.20939248099862,0.1262423505696605,6,378
scale-free,400,15,190,76.0,101.0,46.0,46.0,64.0,101.0,101.0,148.20939248099862,0.1262423505696605,6,378
scale-free,400,15,191,120.0,101.0,46.0,46.0,21.0,101.0,101.0,148.20939248099862,0.1262423505696605,6,378
scale-free,400,15,192,196.0,101.0,46.0,46.0,64.0,101.0,101.0,148.20939248099862,0.1262423505696605,6,378
scale-free,400,15,193,196.0,101.0,46.0,46.0,329.0,101.0,101.0,148.20939248099862,0.1262423505696605,6,378
scale-free,400,15,194,76.0,101.0,46.0,46.0,64.0,101.0,101.0,148.20939248099862,0.1262423505696605,6,378
scale-free,400,15,195,120.0,67.0,23.0,23.0,64.0,67.0,44.0,148.20939248099862,0.1262423505696605,6,378
scale-free,400,15,196,196.0,101.0,46.0,46.0,64.0,101.0,101.0,148.20939248099862,0.1262423505696605,6,378
scale-free,400,15,197,76.0,101.0,46.0,46.0,64.0,101.0,101.0,148.20939248099862,0.1262423505696605,6,378
scale-free,400,15,198,196.0,101.0,46.0,46.0,64.0,101.0,101.0,148.20939248099862,0.1262423505696605,6,378
scale-free,400,15,199,196.0,101.0,46.0,46.0,329.0,101.0,101.0,148.20939248099862,0.1262423505696605,6,378
scale-free,400,15,200,196.0,101.0,46.0,46.0,64.0,101.0,101.0,148.20939248099862,0.1262423505696605,6,378
scale-free,400,15,201,120.0,101.0,46.0,46.0,64.0,101.0,101.0,148.20939248099862,0.1262423505696605,6,378
scale-free,400,15,202,76.0,101.0,46.0,46.0,64.0,101.0,101.0,148.20939248099862,0.1262423505696605,6,378
scale-free,400,15,203,196.0,101.0,46.0,46.0,64.0,101.0,101.0,148.20939248099862,0.1262423505696605,6,378
scale-free,400,15,204,196.0,101.0,46.0,46.0,64.0,101.0,101.0,148.20939248099862,0.1262423505696605,6,378
scale-free,400,15,205,196.0,101.0,46.0,46.0,64.0,101.0,101.0,148.20939248099862,0.1262423505696605,6,378
scale-free,400,15,206,120.0,101.0,46.0,46.0,3.0,101.0,101.0,148.20939248099862,0.1262423505696605,6,378
scale-free,400,15,207,196.0,101.0,46.0,46.0,21.0,101.0,101.0,148.20939248099862,0.1262423505696605,6,378
scale-free,400,15,208,50.0,101.0,46.0,46.0,64.0,101.0,101.0,148.20939248099862,0.1262423505696605,6,378
scale-free,400,15,209,196.0,101.0,46.0,46.0,64.0,101.0,101.0,148.20939248099862,0.1262423505696605,6,378
scale-free,400,15,210,196.0,101.0,46.0,46.0,64.0,101.0,101.0,148.20939248099862,0.1262423505696605,6,378
scale-free,400,15,211,196.0,101.0,46.0,46.0,64.0,101.0,101.0,148.20939248099862,0.1262423505696605,6,378
scale-free,400,15,212,50.0,32.0,15.0,14.0,304.0,41.0,76.0,148.20939248099862,0.1262423505696605,6,378
scale-free,400,15,213,196.0,101.0,46.0,46.0,64.0,101.0,101.0,148.20939248099862,0.1262423505696605,6,378
scale-free,400,15,214,76.0,34.0,46.0,46.0,352.0,25.0,24.0,148.20939248099862,0.1262423505696605,6,378
scale-free,400,15,215,196.0,101.0,46.0,46.0,64.0,101.0,101.0,148.20939248099862,0.1262423505696605,6,378
scale-free,400,15,216,196.0,101.0,46.0,46.0,21.0,101.0,101.0,148.20939248099862,0.1262423505696605,6,378
scale-free,400,15,217,120.0,101.0,46.0,46.0,64.0,101.0,101.0,148.20939248099862,0.1262423505696605,6,378
scale-free,400,15,218,196.0,101.0,46.0,46.0,64.0,101.0,101.0,148.20939248099862,0.1262423505696605,6,378
scale-free,400,15,219,34.0,33.0,46.0,46.0,352.0,23.0,21.0,148.20939248099862,0.1262423505696605,6,378
scale-free,400,15,220,196.0,101.0,46.0,46.0,64.0,101.0,101.0,148.20939248099862,0.1262423505696605,6,378
scale-free,400,15,221,196.0,101.0,46.0,46.0,64.0,101.0,101.0,148.20939248099862,0.1262423505696605,6,378
scale-free,400,15,222,76.0,39.0,9.0,9.0,304.0,34.0,58.0,148.20939248099862,0.1262423505696605,6,378
scale-free,400,15,223,50.0,101.0,46.0,46.0,64.0,101.0,101.0,148.20939248099862,0.1262423505696605,6,378
scale-free,400,15,224,196.0,101.0,46.0,46.0,21.0,101.0,101.0,148.20939248099862,0.1262423505696605,6,378
scale-free,400,15,225,196.0,37.0,46.0,46.0,352.0,31.0,58.0,148.20939248099862,0.1262423505696605,6,378
scale-free,400,15,226,76.0,101.0,46.0,46.0,21.0,101.0,101.0,148.20939248099862,0.1262423505696605,6,378
scale-free,400,15,227,196.0,101.0,46.0,46.0,64.0,101.0,101.0,148.20939248099862,0.1262423505696605,6,378
scale-free,400,15,228,196.0,101.0,46.0,46.0,64.0,101.0,101.0,148.20939248099862,0.1262423505696605,6,378
scale-free,400,15,229,196.0,101.0,46.0,46.0,64.0,101.0,101.0,148.20939248099862,0.1262423505696605,6,378
scale-free,400,15,230,120.0,57.0,46.0,46.0,352.0,57.0,44.0,148.20939248099862,0.1262423505696605,6,378
scale-free,400,15,231,76.0,40.0,33.0,32.0,304.0,35.0,58.0,148.20939248099862,0.1262423505696605,6,378
scale-free,400,15,232,76.0,101.0,46.0,46.0,21.0,101.0,101.0,148.20939248099862,0.1262423505696605,6,378
scale-free,400,15,233,196.0,101.0,46.0,46.0,64.0,101.0,101.0,148.20939248099862,0.1262423505696605,6,378
scale-free,400,15,234,196.0,67.0,46.0,46.0,352.0,67.0,79.0,148.20939248099862,0.1262423505696605,6,378
scale-free,400,15,235,196.0,67.0,46.0,46.0,352.0,67.0,90.0,148.20939248099862,0.1262423505696605,6,378
scale-free,400,15,236,120.0,67.0,34.0,34.0,64.0,67.0,65.0,148.20939248099862,0.1262423505696605,6,378
scale-free,400,15,237,50.0,101.0,46.0,46.0,21.0,101.0,101.0,148.20939248099862,0.1262423505696605,6,378
scale-free,400,15,238,196.0,101.0,46.0,46.0,64.0,101.0,101.0,148.20939248099862,0.1262423505696605,6,378
scale-free,400,15,239,196.0,101.0,46.0,46.0,64.0,101.0,101.0,148.20939248099862,0.1262423505696605,6,378
scale-free,400,15,240,120.0,67.0,46.0,46.0,64.0,67.0,79.0,148.20939248099862,0.1262423505696605,6,378
scale-free,400,15,241,196.0,101.0,46.0,46.0,64.0,101.0,101.0,148.20939248099862,0.1262423505696605,6,378
scale-free,400,15,242,120.0,101.0,46.0,46.0,64.0,101.0,101.0,148.20939248099862,0.1262423505696605,6,378
scale-free,400,15,243,120.0,101.0,46.0,46.0,64.0,101.0,101.0,148.20939248099862,0.1262423505696605,6,378
scale-free,400,15,244,120.0,101.0,46.0,46.0,64.0,101.0,101.0,148.20939248099862,0.1262423505696605,6,378
scale-free,400,15,245,120.0,43.0,46.0,46.0,352.0,43.0,55.0,148.20939248099862,0.1262423505696605,6,378
scale-free,400,15,246,196.0,101.0,46.0,46.0,64.0,101.0,101.0,148.20939248099862,0.1262423505696605,6,378
scale-free,400,15,247,120.0,64.0,37.0,37.0,64.0,64.0,74.0,148.20939248099862,0.1262423505696605,6,378
scale-free,400,15,248,120.0,101.0,46.0,46.0,64.0,101.0,101.0,148.20939248099862,0.1262423505696605,6,378
scale-free,400,15,249,196.0,101.0,46.0,46.0,64.0,101.0,101.0,148.20939248099862,0.1262423505696605,6,378
scale-free,400,15,250,196.0,67.0,46.0,46.0,352.0,67.0,97.0,148.20939248099862,0.1262423505696605,6,378
scale-free,400,15,251,76.0,67.0,23.0,23.0,64.0,67.0,44.0,148.20939248099862,0.1262423505696605,6,378
scale-free,400,15,252,196.0,101.0,46.0,46.0,64.0,101.0,101.0,148.20939248099862,0.1262423505696605,6,378
scale-free,400,15,253,196.0,101.0,46.0,46.0,329.0,101.0,101.0,148.20939248099862,0.1262423505696605,6,378
scale-free,400,15,254,196.0,101.0,46.0,46.0,64.0,101.0,101.0,148.20939248099862,0.1262423505696605,6,378
scale-free,400,15,255,196.0,101.0,46.0,46.0,64.0,101.0,101.0,148.20939248099862,0.1262423505696605,6,378
scale-free,400,15,256,196.0,101.0,46.0,46.0,64.0,101.0,101.0,148.20939248099862,0.1262423505696605,6,378
scale-free,400,15,257,196.0,101.0,46.0,46.0,64.0,101.0,101.0,148.20939248099862,0.1262423505696605,6,378
scale-free,400,15,258,196.0,17.0,46.0,46.0,352.0,16.0,18.0,148.20939248099862,0.1262423505696605,6,378
scale-free,400,15,259,120.0,101.0,46.0,46.0,21.0,101.0,101.0,148.20939248099862,0.1262423505696605,6,378
scale-free,400,15,260,196.0,101.0,46.0,46.0,64.0,101.0,101.0,148.20939248099862,0.1262423505696605,6,378
scale-free,400,15,261,76.0,101.0,46.0,46.0,64.0,101.0,101.0,148.20939248099862,0.1262423505696605,6,378
scale-free,400,15,262,196.0,101.0,46.0,46.0,64.0,101.0,101.0,148.20939248099862,0.1262423505696605,6,378
scale-free,400,15,263,196.0,101.0,46.0,46.0,64.0,101.0,101.0,148.20939248099862,0.1262423505696605,6,378
scale-free,400,15,264,196.0,67.0,46.0,46.0,352.0,67.0,96.0,148.20939248099862,0.1262423505696605,6,378
scale-free,400,15,265,120.0,101.0,46.0,46.0,64.0,101.0,101.0,148.20939248099862,0.1262423505696605,6,378
scale-free,400,15,266,196.0,101.0,46.0,46.0,64.0,101.0,101.0,148.20939248099862,0.1262423505696605,6,378
scale-free,400,15,267,196.0,101.0,46.0,46.0,64.0,101.0,101.0,148.20939248099862,0.1262423505696605,6,378
scale-free,400,15,268,196.0,101.0,46.0,46.0,64.0,101.0,101.0,148.20939248099862,0.1262423505696605,6,378
scale-free,400,15,269,120.0,55.0,46.0,46.0,352.0,54.0,36.0,148.20939248099862,0.1262423505696605,6,378
scale-free,400,15,270,196.0,101.0,46.0,46.0,329.0,101.0,101.0,148.20939248099862,0.1262423505696605,6,378
scale-free,400,15,271,196.0,67.0,46.0,46.0,352.0,67.0,93.0,148.20939248099862,0.1262423505696605,6,378
scale-free,400,15,272,196.0,101.0,46.0,46.0,64.0,101.0,101.0,148.20939248099862,0.1262423505696605,6,378
scale-free,400,15,273,76.0,101.0,46.0,46.0,21.0,101.0,101.0,148.20939248099862,0.1262423505696605,6,378
scale-free,400,15,274,196.0,67.0,46.0,46.0,352.0,67.0,90.0,148.20939248099862,0.1262423505696605,6,378
scale-free,400,15,275,196.0,37.0,46.0,46.0,352.0,31.0,58.0,148.20939248099862,0.1262423505696605,6,378
scale-free,400,15,276,196.0,101.0,46.0,46.0,64.0,101.0,101.0,148.20939248099862,0.1262423505696605,6,378
scale-free,400,15,277,196.0,101.0,46.0,46.0,64.0,101.0,101.0,148.20939248099862,0.1262423505696605,6,378
scale-free,400,15,278,120.0,101.0,46.0,46.0,64.0,101.0,101.0,148.20939248099862,0.1262423505696605,6,378
scale-free,400,15,279,196.0,67.0,46.0,46.0,352.0,67.0,83.0,148.20939248099862,0.1262423505696605,6,378
scale-free,400,15,280,196.0,101.0,46.0,46.0,64.0,101.0,101.0,148.20939248099862,0.1262423505696605,6,378
scale-free,400,15,281,120.0,101.0,46.0,46.0,21.0,101.0,101.0,148.20939248099862,0.1262423505696605,6,378
scale-free,400,15,282,196.0,101.0,46.0,46.0,64.0,101.0,101.0,148.20939248099862,0.1262423505696605,6,378
scale-free,400,15,283,120.0,101.0,46.0,46.0,21.0,101.0,101.0,148.20939248099862,0.1262423505696605,6,378
scale-free,400,15,284,196.0,101.0,46.0,46.0,64.0,101.0,101.0,148.20939248099862,0.1262423505696605,6,378
scale-free,400,15,285,196.0,101.0,46.0,46.0,64.0,101.0,101.0,148.20939248099862,0.1262423505696605,6,378
scale-free,400,15,286,196.0,101.0,46.0,46.0,329.0,101.0,101.0,148.20939248099862,0.1262423505696605,6,378
scale-free,400,15,287,196.0,67.0,46.0,46.0,352.0,67.0,90.0,148.20939248099862,0.1262423505696605,6,378
scale-free,400,15,288,196.0,101.0,46.0,46.0,64.0,101.0,101.0,148.20939248099862,0.1262423505696605,6,378
scale-free,400,15,289,196.0,101.0,46.0,46.0,64.0,101.0,101.0,148.20939248099862,0.1262423505696605,6,378
scale-free,400,15,290,196.0,101.0,46.0,46.0,64.0,101.0,101.0,148.20939248099862,0.1262423505696605,6,378
scale-free,400,15,291,196.0,101.0,46.0,46.0,64.0,101.0,101.0,148.20939248099862,0.1262423505696605,6,378
scale-free,400,15,292,120.0,101.0,46.0,46.0,21.0,101.0,101.0,148.20939248099862,0.1262423505696605,6,378
scale-free,400,15,293,120.0,101.0,46.0,46.0,9.0,101.0,101.0,148.20939248099862,0.1262423505696605,6,378
scale-free,400,15,294,196.0,101.0,46.0,46.0,329.0,101.0,101.0,148.20939248099862,0.1262423505696605,6,378
scale-free,400,15,295,196.0,101.0,46.0,46.0,64.0,101.0,101.0,148.20939248099862,0.1262423505696605,6,378
scale-free,400,15,296,196.0,101.0,46.0,46.0,64.0,101.0,101.0,148.20939248099862,0.1262423505696605,6,378
scale-free,400,15,297,196.0,67.0,46.0,46.0,352.0,67.0,65.0,148.20939248099862,0.1262423505696605,6,378
scale-free,400,15,298,196.0,101.0,46.0,46.0,64.0,101.0,101.0,148.20939248099862,0.1262423505696605,6,378
scale-free,400,15,299,196.0,101.0,46.0,46.0,64.0,101.0,101.0,148.20939248099862,0.1262423505696605,6,378
scale-free,400,15,300,196.0,101.0,46.0,46.0,64.0,101.0,101.0,148.20939248099862,0.1262423505696605,6,378
scale-free,400,15,301,120.0,101.0,46.0,46.0,327.0,101.0,101.0,148.20939248099862,0.1262423505696605,6,378
scale-free,400,15,302,196.0,101.0,46.0,46.0,64.0,101.0,101.0,148.20939248099862,0.1262423505696605,6,378
scale-free,400,15,303,196.0,101.0,46.0,46.0,329.0,101.0,101.0,148.20939248099862,0.1262423505696605,6,378
scale-free,400,15,304,196.0,101.0,46.0,46.0,64.0,101.0,101.0,148.20939248099862,0.1262423505696605,6,378
scale-free,400,15,305,120.0,101.0,46.0,46.0,64.0,101.0,101.0,148.20939248099862,0.1262423505696605,6,378
scale-free,400,15,306,76.0,8.0,46.0,46.0,352.0,9.0,9.0,148.20939248099862,0.1262423505696605,6,378
scale-free,400,15,307,196.0,101.0,46.0,46.0,64.0,101.0,101.0,148.20939248099862,0.1262423505696605,6,378
scale-free,400,15,308,196.0,101.0,46.0,46.0,64.0,101.0,101.0,148.20939248099862,0.1262423505696605,6,378
scale-free,400,15,309,120.0,57.0,46.0,46.0,352.0,57.0,41.0,148.20939248099862,0.1262423505696605,6,378
scale-free,400,15,310,196.0,101.0,46.0,46.0,64.0,101.0,101.0,148.20939248099862,0.1262423505696605,6,378
scale-free,400,15,311,196.0,101.0,46.0,46.0,64.0,101.0,101.0,148.20939248099862,0.1262423505696605,6,378
scale-free,400,15,312,196.0,101.0,46.0,46.0,64.0,101.0,101.0,148.20939248099862,0.1262423505696605,6,378
scale-free,400,15,313,120.0,101.0,46.0,46.0,21.0,101.0,101.0,148.20939248099862,0.1262423505696605,6,378
scale-free,400,15,314,196.0,101.0,46.0,46.0,64.0,101.0,101.0,148.20939248099862,0.1262423505696605,6,378
scale-free,400,15,315,196.0,101.0,46.0,46.0,329.0,101.0,101.0,148.20939248099862,0.1262423505696605,6,378
scale-free,400,15,316,196.0,101.0,46.0,46.0,64.0,101.0,101.0,148.20939248099862,0.1262423505696605,6,378
scale-free,400,15,317,196.0,101.0,46.0,46.0,64.0,101.0,101.0,148.20939248099862,0.1262423505696605,6,378
scale-free,400,15,318,76.0,101.0,46.0,46.0,21.0,101.0,101.0,148.20939248099862,0.1262423505696605,6,378
scale-free,400,15,319,196.0,67.0,46.0,46.0,352.0,67.0,97.0,148.20939248099862,0.1262423505696605,6,378
scale-free,400,15,320,196.0,101.0,46.0,46.0,329.0,101.0,101.0,148.20939248099862,0.1262423505696605,6,378
scale-free,400,15,321,76.0,101.0,46.0,46.0,64.0,101.0,101.0,148.20939248099862,0.1262423505696605,6,378
scale-free,400,15,322,50.0,44.0,29.0,29.0,304.0,44.0,39.0,148.20939248099862,0.1262423505696605,6,378
scale-free,400,15,323,196.0,101.0,46.0,46.0,64.0,101.0,101.0,148.20939248099862,0.1262423505696605,6,378
scale-free,400,15,324,196.0,101.0,46.0,46.0,64.0,101.0,101.0,148.20939248099862,0.1262423505696605,6,378
scale-free,400,15,325,196.0,67.0,46.0,46.0,352.0,67.0,97.0,148.20939248099862,0.1262423505696605,6,378
scale-free,400,15,326,120.0,101.0,46.0,46.0,21.0,101.0,101.0,148.20939248099862,0.1262423505696605,6,378
scale-free,400,15,327,196.0,67.0,46.0,46.0,352.0,67.0,65.0,148.20939248099862,0.1262423505696605,6,378
scale-free,400,15,328,196.0,101.0,46.0,46.0,64.0,101.0,101.0,148.20939248099862,0.1262423505696605,6,378
scale-free,400,15,329,120.0,101.0,46.0,46.0,64.0,101.0,101.0,148.20939248099862,0.1262423505696605,6,378
scale-free,400,15,330,196.0,101.0,46.0,46.0,64.0,101.0,101.0,148.20939248099862,0.1262423505696605,6,378
scale-free,400,15,331,196.0,101.0,46.0,46.0,329.0,101.0,101.0,148.20939248099862,0.1262423505696605,6,378
scale-free,400,15,332,120.0,101.0,46.0,46.0,64.0,101.0,101.0,148.20939248099862,0.1262423505696605,6,378
scale-free,400,15,333,120.0,101.0,46.0,46.0,64.0,101.0,101.0,148.20939248099862,0.1262423505696605,6,378
scale-free,400,15,334,196.0,101.0,46.0,46.0,64.0,101.0,101.0,148.20939248099862,0.1262423505696605,6,378
scale-free,400,15,335,196.0,101.0,46.0,46.0,64.0,101.0,101.0,148.20939248099862,0.1262423505696605,6,378
scale-free,400,15,336,196.0,101.0,46.0,46.0,64.0,101.0,101.0,148.20939248099862,0.1262423505696605,6,378
scale-free,400,15,337,196.0,30.0,46.0,46.0,352.0,39.0,76.0,148.20939248099862,0.1262423505696605,6,378
scale-free,400,15,338,196.0,101.0,46.0,46.0,64.0,101.0,101.0,148.20939248099862,0.1262423505696605,6,378
scale-free,400,15,339,196.0,101.0,46.0,46.0,64.0,101.0,101.0,148.20939248099862,0.1262423505696605,6,378
scale-free,400,15,340,196.0,101.0,46.0,46.0,21.0,101.0,101.0,148.20939248099862,0.1262423505696605,6,378
scale-free,400,15,341,196.0,101.0,46.0,46.0,64.0,101.0,101.0,148.20939248099862,0.1262423505696605,6,378
scale-free,400,15,342,120.0,101.0,46.0,46.0,21.0,101.0,101.0,148.20939248099862,0.1262423505696605,6,378
scale-free,400,15,343,196.0,101.0,46.0,46.0,329.0,101.0,101.0,148.20939248099862,0.1262423505696605,6,378
scale-free,400,15,344,196.0,101.0,46.0,46.0,64.0,101.0,101.0,148.20939248099862,0.1262423505696605,6,378
scale-free,400,15,345,196.0,101.0,46.0,46.0,64.0,101.0,101.0,148.20939248099862,0.1262423505696605,6,378
scale-free,400,15,346,196.0,101.0,46.0,46.0,64.0,101.0,101.0,148.20939248099862,0.1262423505696605,6,378
scale-free,400,15,347,120.0,57.0,46.0,46.0,352.0,57.0,87.0,148.20939248099862,0.1262423505696605,6,378
scale-free,400,15,348,196.0,101.0,46.0,46.0,64.0,101.0,101.0,148.20939248099862,0.1262423505696605,6,378
scale-free,400,15,349,196.0,101.0,46.0,46.0,64.0,101.0,101.0,148.20939248099862,0.1262423505696605,6,378
scale-free,400,15,350,196.0,101.0,46.0,46.0,64.0,101.0,101.0,148.20939248099862,0.1262423505696605,6,378
scale-free,400,15,351,120.0,101.0,46.0,46.0,327.0,101.0,101.0,148.20939248099862,0.1262423505696605,6,378
scale-free,400,15,352,196.0,101.0,46.0,46.0,64.0,101.0,101.0,148.20939248099862,0.1262423505696605,6,378
scale-free,400,15,353,196.0,101.0,46.0,46.0,64.0,101.0,101.0,148.20939248099862,0.1262423505696605,6,378
scale-free,400,15,354,196.0,101.0,46.0,46.0,329.0,101.0,101.0,148.20939248099862,0.1262423505696605,6,378
scale-free,400,15,355,196.0,101.0,46.0,46.0,64.0,101.0,101.0,148.20939248099862,0.1262423505696605,6,378
scale-free,400,15,356,196.0,101.0,46.0,46.0,64.0,101.0,101.0,148.20939248099862,0.1262423505696605,6,378
scale-free,400,15,357,196.0,101.0,46.0,46.0,329.0,101.0,101.0,148.20939248099862,0.1262423505696605,6,378
scale-free,400,15,358,196.0,101.0,46.0,46.0,64.0,101.0,101.0,148.20939248099862,0.1262423505696605,6,378
scale-free,400,15,359,120.0,67.0,23.0,23.0,64.0,67.0,44.0,148.20939248099862,0.1262423505696605,6,378
scale-free,400,15,360,120.0,101.0,46.0,46.0,9.0,101.0,101.0,148.20939248099862,0.1262423505696605,6,378
scale-free,400,15,361,196.0,101.0,46.0,46.0,329.0,101.0,101.0,148.20939248099862,0.1262423505696605,6,378
scale-free,400,15,362,196.0,101.0,46.0,46.0,64.0,101.0,101.0,148.20939248099862,0.1262423505696605,6,378
scale-free,400,15,363,76.0,49.0,46.0,46.0,352.0,49.0,34.0,148.20939248099862,0.1262423505696605,6,378
scale-free,400,15,364,196.0,64.0,46.0,46.0,352.0,64.0,89.0,148.20939248099862,0.1262423505696605,6,378
scale-free,400,15,365,196.0,101.0,46.0,46.0,64.0,101.0,101.0,148.20939248099862,0.1262423505696605,6,378
scale-free,400,15,366,196.0,101.0,46.0,46.0,64.0,101.0,101.0,148.20939248099862,0.1262423505696605,6,378
scale-free,400,15,367,196.0,101.0,46.0,46.0,329.0,101.0,101.0,148.20939248099862,0.1262423505696605,6,378
scale-free,400,15,368,196.0,101.0,46.0,46.0,64.0,101.0,101.0,148.20939248099862,0.1262423505696605,6,378
scale-free,400,15,369,196.0,101.0,46.0,46.0,64.0,101.0,101.0,148.20939248099862,0.1262423505696605,6,378
scale-free,400,15,370,196.0,101.0,46.0,46.0,64.0,101.0,101.0,148.20939248099862,0.1262423505696605,6,378
scale-free,400,15,371,196.0,101.0,46.0,46.0,64.0,101.0,101.0,148.20939248099862,0.1262423505696605,6,378
scale-free,400,15,372,196.0,101.0,46.0,46.0,64.0,101.0,101.0,148.20939248099862,0.1262423505696605,6,378
scale-free,400,15,373,196.0,101.0,46.0,46.0,64.0,101.0,101.0,148.20939248099862,0.1262423505696605,6,378
scale-free,400,15,374,196.0,101.0,46.0,46.0,64.0,101.0,101.0,148.20939248099862,0.1262423505696605,6,378
scale-free,400,15,375,196.0,101.0,46.0,46.0,64.0,101.0,101.0,148.20939248099862,0.1262423505696605,6,378
scale-free,400,15,376,196.0,101.0,46.0,46.0,9.0,101.0,101.0,148.20939248099862,0.1262423505696605,6,378
scale-free,400,15,377,196.0,101.0,46.0,46.0,21.0,101.0,101.0,148.20939248099862,0.1262423505696605,6,378
scale-free,400,15,378,196.0,101.0,46.0,46.0,64.0,101.0,101.0,148.20939248099862,0.1262423505696605,6,378
scale-free,400,15,379,196.0,67.0,46.0,46.0,352.0,67.0,79.0,148.20939248099862,0.1262423505696605,6,378
scale-free,400,15,380,196.0,101.0,46.0,46.0,21.0,101.0,101.0,148.20939248099862,0.1262423505696605,6,378
scale-free,400,15,381,196.0,101.0,46.0,46.0,64.0,101.0,101.0,148.20939248099862,0.1262423505696605,6,378
scale-free,400,15,382,196.0,101.0,46.0,46.0,329.0,101.0,101.0,148.20939248099862,0.1262423505696605,6,378
scale-free,400,15,383,196.0,101.0,46.0,46.0,329.0,101.0,101.0,148.20939248099862,0.1262423505696605,6,378
scale-free,400,15,384,196.0,101.0,46.0,46.0,64.0,101.0,101.0,148.20939248099862,0.1262423505696605,6,378
scale-free,400,15,385,196.0,101.0,46.0,46.0,64.0,101.0,101.0,148.20939248099862,0.1262423505696605,6,378
scale-free,400,15,386,196.0,101.0,46.0,46.0,64.0,101.0,101.0,148.20939248099862,0.1262423505696605,6,378
scale-free,400,15,387,196.0,101.0,46.0,46.0,64.0,101.0,101.0,148.20939248099862,0.1262423505696605,6,378
scale-free,400,15,388,196.0,101.0,46.0,46.0,64.0,101.0,101.0,148.20939248099862,0.1262423505696605,6,378
scale-free,400,15,389,196.0,101.0,46.0,46.0,64.0,101.0,101.0,148.20939248099862,0.1262423505696605,6,378
scale-free,400,15,390,196.0,19.0,46.0,46.0,352.0,21.0,37.0,148.20939248099862,0.1262423505696605,6,378
scale-free,400,15,391,196.0,101.0,46.0,46.0,329.0,101.0,101.0,148.20939248099862,0.1262423505696605,6,378
scale-free,400,15,392,196.0,101.0,46.0,46.0,64.0,101.0,101.0,148.20939248099862,0.1262423505696605,6,378
scale-free,400,15,393,196.0,101.0,46.0,46.0,329.0,101.0,101.0,148.20939248099862,0.1262423505696605,6,378
scale-free,400,15,394,196.0,101.0,46.0,46.0,64.0,101.0,101.0,148.20939248099862,0.1262423505696605,6,378
scale-free,400,15,395,196.0,54.0,46.0,46.0,352.0,54.0,75.0,148.20939248099862,0.1262423505696605,6,378
scale-free,400,15,396,196.0,101.0,46.0,46.0,64.0,101.0,101.0,148.20939248099862,0.1262423505696605,6,378
scale-free,400,15,397,196.0,67.0,46.0,46.0,352.0,67.0,83.0,148.20939248099862,0.1262423505696605,6,378
scale-free,400,15,398,196.0,101.0,46.0,46.0,64.0,101.0,101.0,148.20939248099862,0.1262423505696605,6,378
scale-free,400,15,399,196.0,101.0,46.0,46.0,64.0,101.0,101.0,148.20939248099862,0.1262423505696605,6,378
scale-free,400,16,0,1.0,1.0,2.0,2.0,326.0,1.0,1.0,140.3779682157707,0.12470817666997541,6,384
scale-free,400,16,1,4.0,3.0,3.0,3.0,326.0,4.0,4.0,140.3779682157707,0.12470817666997541,6,384
scale-free,400,16,2,3.0,4.0,4.0,4.0,326.0,3.0,3.0,140.3779682157707,0.12470817666997541,6,384
scale-free,400,16,3,2.0,2.0,1.0,1.0,326.0,2.0,2.0,140.3779682157707,0.12470817666997541,6,384
scale-free,400,16,4,96.0,11.0,45.0,45.0,360.0,11.0,18.0,140.3779682157707,0.12470817666997541,6,384
scale-free,400,16,5,35.0,96.0,45.0,45.0,20.0,96.0,96.0,140.3779682157707,0.12470817666997541,6,384
scale-free,400,16,6,5.0,8.0,5.0,5.0,326.0,6.0,8.0,140.3779682157707,0.12470817666997541,6,384
scale-free,400,16,7,22.0,96.0,45.0,45.0,9.0,96.0,96.0,140.3779682157707,0.12470817666997541,6,384
scale-free,400,16,8,170.0,96.0,45.0,45.0,65.0,96.0,96.0,140.3779682157707,0.12470817666997541,6,384
scale-free,400,16,9,21.0,13.0,32.0,32.0,326.0,13.0,17.0,140.3779682157707,0.12470817666997541,6,384
scale-free,400,16,10,22.0,57.0,41.0,42.0,9.0,57.0,79.0,140.3779682157707,0.12470817666997541,6,384
scale-free,400,16,11,22.0,96.0,45.0,45.0,65.0,96.0,96.0,140.3779682157707,0.12470817666997541,6,384
scale-free,400,16,12,6.0,96.0,45.0,45.0,9.0,96.0,96.0,140.3779682157707,0.12470817666997541,6,384
scale-free,400,16,13,41.0,57.0,18.0,18.0,65.0,57.0,44.0,140.3779682157707,0.12470817666997541,6,384
scale-free,400,16,14,8.0,96.0,45.0,45.0,20.0,96.0,96.0,140.3779682157707,0.12470817666997541,6,384
scale-free,400,16,15,65.0,96.0,45.0,45.0,65.0,96.0,96.0,140.3779682157707,0.12470817666997541,6,384
scale-free,400,16,16,9.0,96.0,45.0,45.0,9.0,96.0,96.0,140.3779682157707,0.12470817666997541,6,384
scale-free,400,16,17,11.0,30.0,8.0,8.0,326.0,28.0,12.0,140.3779682157707,0.12470817666997541,6,384
scale-free,400,16,18,41.0,96.0,45.0,45.0,65.0,96.0,96.0,140.3779682157707,0.12470817666997541,6,384
scale-free,400,16,19,96.0,96.0,45.0,45.0,65.0,96.0,96.0,140.3779682157707,0.12470817666997541,6,384
scale-free,400,16,20,35.0,25.0,7.0,7.0,326.0,25.0,35.0,140.3779682157707,0.12470817666997541,6,384
scale-free,400,16,21,12.0,16.0,9.0,9.0,326.0,11.0,19.0,140.3779682157707,0.12470817666997541,6,384
scale-free,400,16,22,65.0,44.0,14.0,14.0,65.0,44.0,29.0,140.3779682157707,0.12470817666997541,6,384
scale-free,400,16,23,65.0,44.0,12.0,12.0,65.0,44.0,29.0,140.3779682157707,0.12470817666997541,6,384
scale-free,400,16,24,170.0,96.0,45.0,45.0,65.0,96.0,96.0,140.3779682157707,0.12470817666997541,6,384
scale-free,400,16,25,170.0,96.0,45.0,45.0,65.0,96.0,96.0,140.3779682157707,0.12470817666997541,6,384
scale-free,400,16,26,14.0,54.0,33.0,33.0,65.0,54.0,73.0,140.3779682157707,0.12470817666997541,6,384
scale-free,400,16,27,65.0,29.0,40.0,40.0,326.0,30.0,62.0,140.3779682157707,0.12470817666997541,6,384
scale-free,400,16,28,7.0,96.0,45.0,45.0,1.0,96.0,96.0,140.3779682157707,0.12470817666997541,6,384
scale-free,400,16,29,41.0,96.0,45.0,45.0,2.0,96.0,96.0,140.3779682157707,0.12470817666997541,6,384
scale-free,400,16,30,14.0,44.0,12.0,12.0,65.0,44.0,27.0,140.3779682157707,0.12470817666997541,6,384
scale-free,400,16,31,170.0,96.0,45.0,45.0,65.0,96.0,96.0,140.3779682157707,0.12470817666997541,6,384
scale-free,400,16,32,170.0,96.0,45.0,45.0,20.0,96.0,96.0,140.3779682157707,0.12470817666997541,6,384
scale-free,400,16,33,13.0,96.0,45.0,45.0,20.0,96.0,96.0,140.3779682157707,0.12470817666997541,6,384
scale-free,400,16,34,96.0,96.0,45.0,45.0,20.0,96.0,96.0,140.3779682157707,0.12470817666997541,6,384
scale-free,400,16,35,41.0,57.0,18.0,18.0,65.0,57.0,44.0,140.3779682157707,0.12470817666997541,6,384
scale-free,400,16,36,96.0,57.0,18.0,18.0,65.0,57.0,44.0,140.3779682157707,0.12470817666997541,6,384
scale-free,400,16,37,170.0,96.0,45.0,45.0,65.0,96.0,96.0,140.3779682157707,0.12470817666997541,6,384
scale-free,400,16,38,31.0,96.0,45.0,45.0,9.0,96.0,96.0,140.3779682157707,0.12470817666997541,6,384
scale-free,400,16,39,96.0,96.0,45.0,45.0,65.0,96.0,96.0,140.3779682157707,0.12470817666997541,6,384
scale-free,400,16,40,170.0,96.0,45.0,45.0,65.0,96.0,96.0,140.3779682157707,0.12470817666997541,6,384
scale-free,400,16,41,17.0,96.0,45.0,45.0,65.0,96.0,96.0,140.3779682157707,0.12470817666997541,6,384
scale-free,400,16,42,65.0,96.0,45.0,45.0,65.0,96.0,96.0,140.3779682157707,0.12470817666997541,6,384
scale-free,400,16,43,170.0,96.0,45.0,45.0,65.0,96.0,96.0,140.3779682157707,0.12470817666997541,6,384
scale-free,400,16,44,96.0,96.0,45.0,45.0,65.0,96.0,96.0,140.3779682157707,0.12470817666997541,6,384
scale-free,400,16,45,17.0,36.0,31.0,31.0,20.0,36.0,61.0,140.3779682157707,0.12470817666997541,6,384
scale-free,400,16,46,22.0,57.0,18.0,18.0,65.0,57.0,44.0,140.3779682157707,0.12470817666997541,6,384
scale-free,400,16,47,35.0,57.0,37.0,37.0,65.0,57.0,89.0,140.3779682157707,0.12470817666997541,6,384
scale-free,400,16,48,41.0,44.0,34.0,35.0,65.0,44.0,58.0,140.3779682157707,0.12470817666997541,6,384
scale-free,400,16,49,96.0,96.0,45.0,45.0,65.0,96.0,96.0,140.3779682157707,0.12470817666997541,6,384
scale-free,400,16,50,170.0,96.0,45.0,45.0,65.0,96.0,96.0,140.3779682157707,0.12470817666997541,6,384
scale-free,400,16,51,22.0,96.0,45.0,45.0,20.0,96.0,96.0,140.3779682157707,0.12470817666997541,6,384
scale-free,400,16,52,65.0,18.0,45.0,45.0,360.0,21.0,31.0,140.3779682157707,0.12470817666997541,6,384
scale-free,400,16,53,96.0,96.0,45.0,45.0,65.0,96.0,96.0,140.3779682157707,0.12470817666997541,6,384
scale-free,400,16,54,17.0,96.0,45.0,45.0,20.0,96.0,96.0,140.3779682157707,0.12470817666997541,6,384
scale-free,400,16,55,170.0,96.0,45.0,45.0,65.0,96.0,96.0,140.3779682157707,0.12470817666997541,6,384
scale-free,400,16,56,65.0,96.0,45.0,45.0,65.0,96.0,96.0,140.3779682157707,0.12470817666997541,6,384
scale-free,400,16,57,170.0,96.0,45.0,45.0,65.0,96.0,96.0,140.3779682157707,0.12470817666997541,6,384
scale-free,400,16,58,14.0,57.0,35.0,34.0,9.0,57.0,66.0,140.3779682157707,0.12470817666997541,6,384
scale-free,400,16,59,9.0,96.0,45.0,45.0,3.0,96.0,96.0,140.3779682157707,0.12470817666997541,6,384
scale-free,400,16,60,96.0,57.0,45.0,45.0,65.0,57.0,91.0,140.3779682157707,0.12470817666997541,6,384
scale-free,400,16,61,96.0,96.0,45.0,45.0,65.0,96.0,96.0,140.3779682157707,0.12470817666997541,6,384
scale-free,400,16,62,96.0,96.0,45.0,45.0,65.0,96.0,96.0,140.3779682157707,0.12470817666997541,6,384
scale-free,400,16,63,41.0,57.0,41.0,41.0,3.0,57.0,94.0,140.3779682157707,0.12470817666997541,6,384
scale-free,400,16,64,65.0,96.0,45.0,45.0,65.0,96.0,96.0,140.3779682157707,0.12470817666997541,6,384
scale-free,400,16,65,41.0,5.0,45.0,45.0,360.0,5.0,5.0,140.3779682157707,0.12470817666997541,6,384
scale-free,400,16,66,170.0,96.0,45.0,45.0,65.0,96.0,96.0,140.3779682157707,0.12470817666997541,6,384
scale-free,400,16,67,35.0,96.0,45.0,45.0,20.0,96.0,96.0,140.3779682157707,0.12470817666997541,6,384
scale-free,400,16,68,96.0,96.0,45.0,45.0,65.0,96.0,96.0,140.3779682157707,0.12470817666997541,6,384
scale-free,400,16,69,96.0,96.0,45.0,45.0,65.0,96.0,96.0,140.3779682157707,0.12470817666997541,6,384
scale-free,400,16,70,41.0,96.0,45.0,45.0,3.0,96.0,96.0,140.3779682157707,0.12470817666997541,6,384
scale-free,400,16,71,170.0,96.0,45.0,45.0,65.0,96.0,96.0,140.3779682157707,0.12470817666997541,6,384
scale-free,400,16,72,96.0,96.0,45.0,45.0,65.0,96.0,96.0,140.3779682157707,0.12470817666997541,6,384
scale-free,400,16,73,96.0,57.0,37.0,37.0,65.0,57.0,79.0,140.3779682157707,0.12470817666997541,6,384
scale-free,400,16,74,65.0,96.0,45.0,45.0,65.0,96.0,96.0,140.3779682157707,0.12470817666997541,6,384
scale-free,400,16,75,170.0,96.0,45.0,45.0,65.0,96.0,96.0,140.3779682157707,0.12470817666997541,6,384
scale-free,400,16,76,96.0,57.0,45.0,45.0,65.0,57.0,79.0,140.3779682157707,0.12470817666997541,6,384
scale-free,400,16,77,22.0,9.0,11.0,11.0,326.0,9.0,11.0,140.3779682157707,0.12470817666997541,6,384
scale-free,400,16,78,65.0,42.0,36.0,36.0,65.0,42.0,77.0,140.3779682157707,0.12470817666997541,6,384
scale-free,400,16,79,22.0,96.0,45.0,45.0,65.0,96.0,96.0,140.3779682157707,0.12470817666997541,6,384
scale-free,400,16,80,41.0,57.0,45.0,45.0,65.0,57.0,93.0,140.3779682157707,0.12470817666997541,6,384
scale-free,400,16,81,65.0,96.0,45.0,45.0,65.0,96.0,96.0,140.3779682157707,0.12470817666997541,6,384
scale-free,400,16,82,41.0,96.0,45.0,45.0,3.0,96.0,96.0,140.3779682157707,0.12470817666997541,6,384
scale-free,400,16,83,41.0,44.0,39.0,39.0,344.0,44.0,58.0,140.3779682157707,0.12470817666997541,6,384
scale-free,400,16,84,170.0,96.0,45.0,45.0,65.0,96.0,96.0,140.3779682157707,0.12470817666997541,6,384
scale-free,400,16,85,65.0,96.0,45.0,45.0,20.0,96.0,96.0,140.3779682157707,0.12470817666997541,6,384
scale-free,400,16,86,96.0,96.0,45.0,45.0,65.0,96.0,96.0,140.3779682157707,0.12470817666997541,6,384
scale-free,400,16,87,41.0,96.0,45.0,45.0,20.0,96.0,96.0,140.3779682157707,0.12470817666997541,6,384
scale-free,400,16,88,41.0,57.0,18.0,18.0,65.0,57.0,44.0,140.3779682157707,0.12470817666997541,6,384
scale-free,400,16,89,22.0,96.0,45.0,45.0,9.0,96.0,96.0,140.3779682157707,0.12470817666997541,6,384
scale-free,400,16,90,170.0,96.0,45.0,45.0,65.0,96.0,96.0,140.3779682157707,0.12470817666997541,6,384
scale-free,400,16,91,170.0,96.0,45.0,45.0,65.0,96.0,96.0,140.3779682157707,0.12470817666997541,6,384
scale-free,400,16,92,170.0,96.0,45.0,45.0,65.0,96.0,96.0,140.3779682157707,0.12470817666997541,6,384
scale-free,400,16,93,170.0,96.0,45.0,45.0,65.0,96.0,96.0,140.3779682157707,0.12470817666997541,6,384
scale-free,400,16,94,170.0,21.0,45.0,45.0,360.0,18.0,9.0,140.3779682157707,0.12470817666997541,6,384
scale-free,400,16,95,170.0,96.0,45.0,45.0,65.0,96.0,96.0,140.3779682157707,0.12470817666997541,6,384
scale-free,400,16,96,170.0,96.0,45.0,45.0,65.0,96.0,96.0,140.3779682157707,0.12470817666997541,6,384
scale-free,400,16,97,65.0,96.0,45.0,45.0,65.0,96.0,96.0,140.3779682157707,0.12470817666997541,6,384
scale-free,400,16,98,96.0,40.0,45.0,45.0,360.0,36.0,78.0,140.3779682157707,0.12470817666997541,6,384
scale-free,400,16,99,96.0,96.0,45.0,45.0,65.0,96.0,96.0,140.3779682157707,0.12470817666997541,6,384
scale-free,400,16,100,170.0,96.0,45.0,45.0,65.0,96.0,96.0,140.3779682157707,0.12470817666997541,6,384
scale-free,400,16,101,170.0,96.0,45.0,45.0,65.0,96.0,96.0,140.3779682157707,0.12470817666997541,6,384
scale-free,400,16,102,41.0,96.0,45.0,45.0,65.0,96.0,96.0,140.3779682157707,0.12470817666997541,6,384
scale-free,400,16,103,170.0,96.0,45.0,45.0,65.0,96.0,96.0,140.3779682157707,0.12470817666997541,6,384
scale-free,400,16,104,96.0,96.0,45.0,45.0,20.0,96.0,96.0,140.3779682157707,0.12470817666997541,6,384
scale-free,400,16,105,96.0,96.0,45.0,45.0,65.0,96.0,96.0,140.3779682157707,0.12470817666997541,6,384
scale-free,400,16,106,41.0,34.0,45.0,45.0,360.0,34.0,23.0,140.3779682157707,0.12470817666997541,6,384
scale-free,400,16,107,17.0,19.0,6.0,6.0,326.0,20.0,25.0,140.3779682157707,0.12470817666997541,6,384
scale-free,400,16,108,22.0,96.0,45.0,45.0,65.0,96.0,96.0,140.3779682157707,0.12470817666997541,6,384
scale-free,400,16,109,96.0,96.0,45.0,45.0,20.0,96.0,96.0,140.3779682157707,0.12470817666997541,6,384
scale-free,400,16,110,35.0,57.0,18.0,18.0,65.0,57.0,44.0,140.3779682157707,0.12470817666997541,6,384
scale-free,400,16,111,170.0,20.0,45.0,45.0,360.0,22.0,34.0,140.3779682157707,0.12470817666997541,6,384
scale-free,400,16,112,96.0,96.0,45.0,45.0,9.0,96.0,96.0,140.3779682157707,0.12470817666997541,6,384
scale-free,400,16,113,170.0,96.0,45.0,45.0,65.0,96.0,96.0,140.3779682157707,0.12470817666997541,6,384
scale-free,400,16,114,96.0,96.0,45.0,45.0,20.0,96.0,96.0,140.3779682157707,0.12470817666997541,6,384
scale-free,400,16,115,96.0,57.0,41.0,42.0,65.0,57.0,85.0,140.3779682157707,0.12470817666997541,6,384
scale-free,400,16,116,170.0,96.0,45.0,45.0,65.0,96.0,96.0,140.3779682157707,0.12470817666997541,6,384
scale-free,400,16,117,41.0,42.0,17.0,17.0,65.0,42.0,39.0,140.3779682157707,0.12470817666997541,6,384
scale-free,400,16,118,65.0,36.0,45.0,45.0,360.0,36.0,32.0,140.3779682157707,0.12470817666997541,6,384
scale-free,400,16,119,41.0,96.0,45.0,45.0,65.0,96.0,96.0,140.3779682157707,0.12470817666997541,6,384
scale-free,400,16,120,65.0,53.0,45.0,45.0,65.0,44.0,43.0,140.3779682157707,0.12470817666997541,6,384
scale-free,400,16,121,65.0,57.0,18.0,18.0,65.0,57.0,44.0,140.3779682157707,0.12470817666997541,6,384
scale-free,400,16,122,96.0,96.0,45.0,45.0,65.0,96.0,96.0,140.3779682157707,0.12470817666997541,6,384
scale-free,400,16,123,170.0,96.0,45.0,45.0,65.0,96.0,96.0,140.3779682157707,0.12470817666997541,6,384
scale-free,400,16,124,96.0,96.0,45.0,45.0,65.0,96.0,96.0,140.3779682157707,0.12470817666997541,6,384
scale-free,400,16,125,96.0,40.0,45.0,45.0,360.0,36.0,37.0,140.3779682157707,0.12470817666997541,6,384
scale-free,400,16,126,170.0,96.0,45.0,45.0,65.0,96.0,96.0,140.3779682157707,0.12470817666997541,6,384
scale-free,400,16,127,31.0,6.0,45.0,45.0,360.0,7.0,6.0,140.3779682157707,0.12470817666997541,6,384
scale-free,400,16,128,170.0,96.0,45.0,45.0,65.0,96.0,96.0,140.3779682157707,0.12470817666997541,6,384
scale-free,400,16,129,170.0,96.0,45.0,45.0,65.0,96.0,96.0,140.3779682157707,0.12470817666997541,6,384
scale-free,400,16,130,96.0,57.0,45.0,45.0,65.0,57.0,74.0,140.3779682157707,0.12470817666997541,6,384
scale-free,400,16,131,170.0,96.0,45.0,45.0,65.0,96.0,96.0,140.3779682157707,0.12470817666997541,6,384
scale-free,400,16,132,170.0,96.0,45.0,45.0,65.0,96.0,96.0,140.3779682157707,0.12470817666997541,6,384
scale-free,400,16,133,170.0,96.0,45.0,45.0,20.0,96.0,96.0,140.3779682157707,0.12470817666997541,6,384
scale-free,400,16,134,170.0,96.0,45.0,45.0,65.0,96.0,96.0,140.3779682157707,0.12470817666997541,6,384
scale-free,400,16,135,41.0,96.0,45.0,45.0,20.0,96.0,96.0,140.3779682157707,0.12470817666997541,6,384
scale-free,400,16,136,170.0,96.0,45.0,45.0,65.0,96.0,96.0,140.3779682157707,0.12470817666997541,6,384
scale-free,400,16,137,170.0,96.0,45.0,45.0,65.0,96.0,96.0,140.3779682157707,0.12470817666997541,6,384
scale-free,400,16,138,41.0,44.0,15.0,15.0,20.0,44.0,38.0,140.3779682157707,0.12470817666997541,6,384
scale-free,400,16,139,41.0,96.0,45.0,45.0,3.0,96.0,96.0,140.3779682157707,0.12470817666997541,6,384
scale-free,400,16,140,96.0,96.0,45.0,45.0,65.0,96.0,96.0,140.3779682157707,0.12470817666997541,6,384
scale-free,400,16,141,96.0,57.0,45.0,45.0,65.0,57.0,91.0,140.3779682157707,0.12470817666997541,6,384
scale-free,400,16,142,170.0,96.0,45.0,45.0,65.0,96.0,96.0,140.3779682157707,0.12470817666997541,6,384
scale-free,400,16,143,41.0,33.0,45.0,45.0,360.0,33.0,15.0,140.3779682157707,0.12470817666997541,6,384
scale-free,400,16,144,31.0,32.0,45.0,45.0,360.0,32.0,24.0,140.3779682157707,0.12470817666997541,6,384
scale-free,400,16,145,65.0,24.0,45.0,45.0,326.0,24.0,35.0,140.3779682157707,0.12470817666997541,6,384
scale-free,400,16,146,35.0,96.0,45.0,45.0,65.0,96.0,96.0,140.3779682157707,0.12470817666997541,6,384
scale-free,400,16,147,96.0,96.0,45.0,45.0,65.0,96.0,96.0,140.3779682157707,0.12470817666997541,6,384
scale-free,400,16,148,31.0,96.0,45.0,45.0,9.0,96.0,96.0,140.3779682157707,0.12470817666997541,6,384
scale-free,400,16,149,96.0,96.0,45.0,45.0,65.0,96.0,96.0,140.3779682157707,0.12470817666997541,6,384
scale-free,400,16,150,65.0,27.0,16.0,16.0,326.0,27.0,13.0,140.3779682157707,0.12470817666997541,6,384
scale-free,400,16,151,96.0,96.0,45.0,45.0,65.0,96.0,96.0,140.3779682157707,0.12470817666997541,6,384
scale-free,400,16,152,170.0,96.0,45.0,45.0,65.0,96.0,96.0,140.3779682157707,0.12470817666997541,6,384
scale-free,400,16,153,170.0,96.0,45.0,45.0,65.0,96.0,96.0,140.3779682157707,0.12470817666997541,6,384
scale-free,400,16,154,170.0,96.0,45.0,45.0,65.0,96.0,96.0,140.3779682157707,0.12470817666997541,6,384
scale-free,400,16,155,170.0,96.0,45.0,45.0,65.0,96.0,96.0,140.3779682157707,0.12470817666997541,6,384
scale-free,400,16,156,170.0,96.0,45.0,45.0,65.0,96.0,96.0,140.3779682157707,0.12470817666997541,6,384
scale-free,400,16,157,170.0,96.0,45.0,45.0,65.0,96.0,96.0,140.3779682157707,0.12470817666997541,6,384
scale-free,400,16,158,96.0,22.0,45.0,45.0,326.0,19.0,9.0,140.3779682157707,0.12470817666997541,6,384
scale-free,400,16,159,170.0,96.0,45.0,45.0,65.0,96.0,96.0,140.3779682157707,0.12470817666997541,6,384
scale-free,400,16,160,170.0,96.0,45.0,45.0,20.0,96.0,96.0,140.3779682157707,0.12470817666997541,6,384
scale-free,400,16,161,96.0,44.0,45.0,45.0,360.0,44.0,64.0,140.3779682157707,0.12470817666997541,6,384
scale-free,400,16,162,170.0,96.0,45.0,45.0,65.0,96.0,96.0,140.3779682157707,0.12470817666997541,6,384
scale-free,400,16,163,96.0,96.0,45.0,45.0,65.0,96.0,96.0,140.3779682157707,0.12470817666997541,6,384
scale-free,400,16,164,170.0,96.0,45.0,45.0,65.0,96.0,96.0,140.3779682157707,0.12470817666997541,6,384
scale-free,400,16,165,170.0,96.0,45.0,45.0,65.0,96.0,96.0,140.3779682157707,0.12470817666997541,6,384
scale-free,400,16,166,170.0,96.0,45.0,45.0,65.0,96.0,96.0,140.3779682157707,0.12470817666997541,6,384
scale-free,400,16,167,96.0,96.0,45.0,45.0,20.0,96.0,96.0,140.3779682157707,0.12470817666997541,6,384
scale-free,400,16,168,41.0,10.0,45.0,45.0,360.0,10.0,14.0,140.3779682157707,0.12470817666997541,6,384
scale-free,400,16,169,170.0,96.0,45.0,45.0,65.0,96.0,96.0,140.3779682157707,0.12470817666997541,6,384
scale-free,400,16,170,96.0,96.0,45.0,45.0,20.0,96.0,96.0,140.3779682157707,0.12470817666997541,6,384
scale-free,400,16,171,170.0,96.0,45.0,45.0,65.0,96.0,96.0,140.3779682157707,0.12470817666997541,6,384
scale-free,400,16,172,65.0,96.0,45.0,45.0,65.0,96.0,96.0,140.3779682157707,0.12470817666997541,6,384
scale-free,400,16,173,170.0,96.0,45.0,45.0,65.0,96.0,96.0,140.3779682157707,0.12470817666997541,6,384
scale-free,400,16,174,96.0,96.0,45.0,45.0,65.0,96.0,96.0,140.3779682157707,0.12470817666997541,6,384
scale-free,400,16,175,96.0,57.0,18.0,18.0,65.0,57.0,44.0,140.3779682157707,0.12470817666997541,6,384
scale-free,400,16,176,65.0,36.0,45.0,45.0,360.0,36.0,26.0,140.3779682157707,0.12470817666997541,6,384
scale-free,400,16,177,170.0,96.0,45.0,45.0,65.0,96.0,96.0,140.3779682157707,0.12470817666997541,6,384
scale-free,400,16,178,96.0,96.0,45.0,45.0,344.0,96.0,96.0,140.3779682157707,0.12470817666997541,6,384
scale-free,400,16,179,96.0,96.0,45.0,45.0,65.0,96.0,96.0,140.3779682157707,0.12470817666997541,6,384
scale-free,400,16,180,96.0,96.0,45.0,45.0,65.0,96.0,96.0,140.3779682157707,0.12470817666997541,6,384
scale-free,400,16,181,96.0,57.0,44.0,44.0,347.0,57.0,44.0,140.3779682157707,0.12470817666997541,6,384
scale-free,400,16,182,65.0,96.0,45.0,45.0,65.0,96.0,96.0,140.3779682157707,0.12470817666997541,6,384
scale-free,400,16,183,96.0,96.0,45.0,45.0,20.0,96.0,96.0,140.3779682157707,0.12470817666997541,6,384
scale-free,400,16,184,96.0,57.0,18.0,18.0,65.0,57.0,44.0,140.3779682157707,0.12470817666997541,6,384
scale-free,400,16,185,170.0,96.0,45.0,45.0,65.0,96.0,96.0,140.3779682157707,0.12470817666997541,6,384
scale-free,400,16,186,170.0,96.0,45.0,45.0,65.0,96.0,96.0,140.3779682157707,0.12470817666997541,6,384
scale-free,400,16,187,170.0,96.0,45.0,45.0,65.0,96.0,96.0,140.3779682157707,0.12470817666997541,6,384
scale-free,400,16,188,170.0,96.0,45.0,45.0,65.0,96.0,96.0,140.3779682157707,0.12470817666997541,6,384
scale-free,400,16,189,170.0,96.0,45.0,45.0,65.0,96.0,96.0,140.3779682157707,0.12470817666997541,6,384
scale-free,400,16,190,170.0,96.0,45.0,45.0,347.0,96.0,96.0,140.3779682157707,0.12470817666997541,6,384
scale-free,400,16,191,170.0,96.0,45.0,45.0,65.0,96.0,96.0,140.3779682157707,0.12470817666997541,6,384
scale-free,400,16,192,170.0,96.0,45.0,45.0,20.0,96.0,96.0,140.3779682157707,0.12470817666997541,6,384
scale-free,400,16,193,96.0,57.0,45.0,45.0,65.0,57.0,66.0,140.3779682157707,0.12470817666997541,6,384
scale-free,400,16,194,170.0,96.0,45.0,45.0,65.0,96.0,96.0,140.3779682157707,0.12470817666997541,6,384
scale-free,400,16,195,170.0,96.0,45.0,45.0,65.0,96.0,96.0,140.3779682157707,0.12470817666997541,6,384
scale-free,400,16,196,170.0,96.0,45.0,45.0,65.0,96.0,96.0,140.3779682157707,0.12470817666997541,6,384
scale-free,400,16,197,170.0,96.0,45.0,45.0,65.0,96.0,96.0,140.3779682157707,0.12470817666997541,6,384
scale-free,400,16,198,170.0,96.0,45.0,45.0,65.0,96.0,96.0,140.3779682157707,0.12470817666997541,6,384
scale-free,400,16,199,170.0,96.0,45.0,45.0,65.0,96.0,96.0,140.3779682157707,0.12470817666997541,6,384
scale-free,400,16,200,65.0,96.0,45.0,45.0,65.0,96.0,96.0,140.3779682157707,0.12470817666997541,6,384
scale-free,400,16,201,96.0,44.0,45.0,45.0,360.0,44.0,65.0,140.3779682157707,0.12470817666997541,6,384
scale-free,400,16,202,170.0,96.0,45.0,45.0,20.0,96.0,96.0,140.3779682157707,0.12470817666997541,6,384
scale-free,400,16,203,65.0,96.0,45.0,45.0,65.0,96.0,96.0,140.3779682157707,0.12470817666997541,6,384
scale-free,400,16,204,96.0,96.0,45.0,45.0,20.0,96.0,96.0,140.3779682157707,0.12470817666997541,6,384
scale-free,400,16,205,170.0,96.0,45.0,45.0,65.0,96.0,96.0,140.3779682157707,0.12470817666997541,6,384
scale-free,400,16,206,65.0,36.0,45.0,45.0,360.0,36.0,33.0,140.3779682157707,0.12470817666997541,6,384
scale-free,400,16,207,170.0,96.0,45.0,45.0,65.0,96.0,96.0,140.3779682157707,0.12470817666997541,6,384
scale-free,400,16,208,41.0,34.0,45.0,45.0,360.0,34.0,41.0,140.3779682157707,0.12470817666997541,6,384
scale-free,400,16,209,170.0,96.0,45.0,45.0,65.0,96.0,96.0,140.3779682157707,0.12470817666997541,6,384
scale-free,400,16,210,170.0,57.0,45.0,45.0,360.0,57.0,66.0,140.3779682157707,0.12470817666997541,6,384
scale-free,400,16,211,170.0,96.0,45.0,45.0,65.0,96.0,96.0,140.3779682157707,0.12470817666997541,6,384
scale-free,400,16,212,170.0,96.0,45.0,45.0,65.0,96.0,96.0,140.3779682157707,0.12470817666997541,6,384
scale-free,400,16,213,96.0,96.0,45.0,45.0,65.0,96.0,96.0,140.3779682157707,0.12470817666997541,6,384
scale-free,400,16,214,65.0,96.0,45.0,45.0,20.0,96.0,96.0,140.3779682157707,0.12470817666997541,6,384
scale-free,400,16,215,170.0,96.0,45.0,45.0,65.0,96.0,96.0,140.3779682157707,0.12470817666997541,6,384
scale-free,400,16,216,170.0,96.0,45.0,45.0,65.0,96.0,96.0,140.3779682157707,0.12470817666997541,6,384
scale-free,400,16,217,170.0,96.0,45.0,45.0,65.0,96.0,96.0,140.3779682157707,0.12470817666997541,6,384
scale-free,400,16,218,41.0,96.0,45.0,45.0,65.0,96.0,96.0,140.3779682157707,0.12470817666997541,6,384
scale-free,400,16,219,170.0,57.0,45.0,45.0,360.0,57.0,66.0,140.3779682157707,0.12470817666997541,6,384
scale-free,400,16,220,96.0,96.0,45.0,45.0,3.0,96.0,96.0,140.3779682157707,0.12470817666997541,6,384
scale-free,400,16,221,170.0,96.0,45.0,45.0,65.0,96.0,96.0,140.3779682157707,0.12470817666997541,6,384
scale-free,400,16,222,170.0,54.0,45.0,45.0,360.0,54.0,84.0,140.3779682157707,0.12470817666997541,6,384
scale-free,400,16,223,170.0,57.0,45.0,45.0,360.0,57.0,79.0,140.3779682157707,0.12470817666997541,6,384
scale-free,400,16,224,170.0,96.0,45.0,45.0,65.0,96.0,96.0,140.3779682157707,0.12470817666997541,6,384
scale-free,400,16,225,170.0,57.0,45.0,45.0,360.0,57.0,89.0,140.3779682157707,0.12470817666997541,6,384
scale-free,400,16,226,170.0,96.0,45.0,45.0,65.0,96.0,96.0,140.3779682157707,0.12470817666997541,6,384
scale-free,400,16,227,170.0,96.0,45.0,45.0,65.0,96.0,96.0,140.3779682157707,0.12470817666997541,6,384
scale-free,400,16,228,96.0,96.0,45.0,45.0,65.0,96.0,96.0,140.3779682157707,0.12470817666997541,6,384
scale-free,400,16,229,170.0,14.0,45.0,45.0,360.0,15.0,20.0,140.3779682157707,0.12470817666997541,6,384
scale-free,400,16,230,170.0,96.0,45.0,45.0,20.0,96.0,96.0,140.3779682157707,0.12470817666997541,6,384
scale-free,400,16,231,170.0,96.0,45.0,45.0,65.0,96.0,96.0,140.3779682157707,0.12470817666997541,6,384
scale-free,400,16,232,170.0,96.0,45.0,45.0,347.0,96.0,96.0,140.3779682157707,0.12470817666997541,6,384
scale-free,400,16,233,170.0,96.0,45.0,45.0,65.0,96.0,96.0,140.3779682157707,0.12470817666997541,6,384
scale-free,400,16,234,170.0,96.0,45.0,45.0,65.0,96.0,96.0,140.3779682157707,0.12470817666997541,6,384
scale-free,400,16,235,96.0,96.0,45.0,45.0,65.0,96.0,96.0,140.3779682157707,0.12470817666997541,6,384
scale-free,400,16,236,170.0,96.0,45.0,45.0,65.0,96.0,96.0,140.3779682157707,0.12470817666997541,6,384
scale-free,400,16,237,170.0,96.0,45.0,45.0,65.0,96.0,96.0,140.3779682157707,0.12470817666997541,6,384
scale-free,400,16,238,170.0,96.0,45.0,45.0,65.0,96.0,96.0,140.3779682157707,0.12470817666997541,6,384
scale-free,400,16,239,170.0,96.0,45.0,45.0,65.0,96.0,96.0,140.3779682157707,0.12470817666997541,6,384
scale-free,400,16,240,170.0,96.0,45.0,45.0,65.0,96.0,96.0,140.3779682157707,0.12470817666997541,6,384
scale-free,400,16,241,96.0,17.0,45.0,45.0,326.0,17.0,20.0,140.3779682157707,0.12470817666997541,6,384
scale-free,400,16,242,170.0,96.0,45.0,45.0,65.0,96.0,96.0,140.3779682157707,0.12470817666997541,6,384
scale-free,400,16,243,170.0,96.0,45.0,45.0,65.0,96.0,96.0,140.3779682157707,0.12470817666997541,6,384
scale-free,400,16,244,170.0,96.0,45.0,45.0,65.0,96.0,96.0,140.3779682157707,0.12470817666997541,6,384
scale-free,400,16,245,170.0,96.0,45.0,45.0,65.0,96.0,96.0,140.3779682157707,0.12470817666997541,6,384
scale-free,400,16,246,96.0,96.0,45.0,45.0,65.0,96.0,96.0,140.3779682157707,0.12470817666997541,6,384
scale-free,400,16,247,170.0,96.0,45.0,45.0,65.0,96.0,96.0,140.3779682157707,0.12470817666997541,6,384
scale-free,400,16,248,170.0,96.0,45.0,45.0,65.0,96.0,96.0,140.3779682157707,0.12470817666997541,6,384
scale-free,400,16,249,96.0,28.0,45.0,45.0,360.0,29.0,63.0,140.3779682157707,0.12470817666997541,6,384
scale-free,400,16,250,170.0,96.0,45.0,45.0,65.0,96.0,96.0,140.3779682157707,0.12470817666997541,6,384
scale-free,400,16,251,65.0,12.0,10.0,10.0,326.0,14.0,16.0,140.3779682157707,0.12470817666997541,6,384
scale-free,400,16,252,96.0,57.0,18.0,18.0,65.0,57.0,44.0,140.3779682157707,0.12470817666997541,6,384
scale-free,400,16,253,170.0,57.0,45.0,45.0,360.0,57.0,79.0,140.3779682157707,0.12470817666997541,6,384
scale-free,400,16,254,170.0,96.0,45.0,45.0,65.0,96.0,96.0,140.3779682157707,0.12470817666997541,6,384
scale-free,400,16,255,170.0,96.0,45.0,45.0,65.0,96.0,96.0,140.3779682157707,0.12470817666997541,6,384
scale-free,400,16,256,170.0,96.0,45.0,45.0,65.0,96.0,96.0,140.3779682157707,0.12470817666997541,6,384
scale-free,400,16,257,170.0,96.0,45.0,45.0,20.0,96.0,96.0,140.3779682157707,0.12470817666997541,6,384
scale-free,400,16,258,96.0,96.0,45.0,45.0,20.0,96.0,96.0,140.3779682157707,0.12470817666997541,6,384
scale-free,400,16,259,96.0,44.0,45.0,45.0,360.0,44.0,42.0,140.3779682157707,0.12470817666997541,6,384
scale-free,400,16,260,170.0,96.0,45.0,45.0,65.0,96.0,96.0,140.3779682157707,0.12470817666997541,6,384
scale-free,400,16,261,170.0,96.0,45.0,45.0,65.0,96.0,96.0,140.3779682157707,0.12470817666997541,6,384
scale-free,400,16,262,65.0,23.0,45.0,45.0,360.0,23.0,28.0,140.3779682157707,0.12470817666997541,6,384
scale-free,400,16,263,65.0,96.0,45.0,45.0,65.0,96.0,96.0,140.3779682157707,0.12470817666997541,6,384
scale-free,400,16,264,170.0,96.0,45.0,45.0,65.0,96.0,96.0,140.3779682157707,0.12470817666997541,6,384
scale-free,400,16,265,170.0,96.0,45.0,45.0,65.0,96.0,96.0,140.3779682157707,0.12470817666997541,6,384
scale-free,400,16,266,170.0,96.0,45.0,45.0,65.0,96.0,96.0,140.3779682157707,0.12470817666997541,6,384
scale-free,400,16,267,65.0,96.0,45.0,45.0,9.0,96.0,96.0,140.3779682157707,0.12470817666997541,6,384
scale-free,400,16,268,170.0,96.0,45.0,45.0,65.0,96.0,96.0,140.3779682157707,0.12470817666997541,6,384
scale-free,400,16,269,170.0,96.0,45.0,45.0,65.0,96.0,96.0,140.3779682157707,0.12470817666997541,6,384
scale-free,400,16,270,65.0,96.0,45.0,45.0,20.0,96.0,96.0,140.3779682157707,0.12470817666997541,6,384
scale-free,400,16,271,170.0,96.0,45.0,45.0,65.0,96.0,96.0,140.3779682157707,0.12470817666997541,6,384
scale-free,400,16,272,170.0,96.0,45.0,45.0,20.0,96.0,96.0,140.3779682157707,0.12470817666997541,6,384
scale-free,400,16,273,96.0,96.0,45.0,45.0,65.0,96.0,96.0,140.3779682157707,0.12470817666997541,6,384
scale-free,400,16,274,170.0,96.0,45.0,45.0,65.0,96.0,96.0,140.3779682157707,0.12470817666997541,6,384
scale-free,400,16,275,170.0,96.0,45.0,45.0,65.0,96.0,96.0,140.3779682157707,0.12470817666997541,6,384
scale-free,400,16,276,170.0,96.0,45.0,45.0,65.0,96.0,96.0,140.3779682157707,0.12470817666997541,6,384
scale-free,400,16,277,170.0,96.0,45.0,45.0,65.0,96.0,96.0,140.3779682157707,0.12470817666997541,6,384
scale-free,400,16,278,96.0,96.0,45.0,45.0,20.0,96.0,96.0,140.3779682157707,0.12470817666997541,6,384
scale-free,400,16,279,170.0,96.0,45.0,45.0,65.0,96.0,96.0,140.3779682157707,0.12470817666997541,6,384
scale-free,400,16,280,170.0,96.0,45.0,45.0,65.0,96.0,96.0,140.3779682157707,0.12470817666997541,6,384
scale-free,400,16,281,170.0,96.0,45.0,45.0,347.0,96.0,96.0,140.3779682157707,0.12470817666997541,6,384
scale-free,400,16,282,170.0,96.0,45.0,45.0,20.0,96.0,96.0,140.3779682157707,0.12470817666997541,6,384
scale-free,400,16,283,170.0,96.0,45.0,45.0,65.0,96.0,96.0,140.3779682157707,0.12470817666997541,6,384
scale-free,400,16,284,170.0,96.0,45.0,45.0,65.0,96.0,96.0,140.3779682157707,0.12470817666997541,6,384
scale-free,400,16,285,170.0,96.0,45.0,45.0,65.0,96.0,96.0,140.3779682157707,0.12470817666997541,6,384
scale-free,400,16,286,96.0,96.0,45.0,45.0,20.0,96.0,96.0,140.3779682157707,0.12470817666997541,6,384
scale-free,400,16,287,170.0,96.0,45.0,45.0,65.0,96.0,96.0,140.3779682157707,0.12470817666997541,6,384
scale-free,400,16,288,170.0,96.0,45.0,45.0,65.0,96.0,96.0,140.3779682157707,0.12470817666997541,6,384
scale-free,400,16,289,170.0,96.0,45.0,45.0,65.0,96.0,96.0,140.3779682157707,0.12470817666997541,6,384
scale-free,400,16,290,170.0,7.0,45.0,45.0,360.0,8.0,7.0,140.3779682157707,0.12470817666997541,6,384
scale-free,400,16,291,170.0,96.0,45.0,45.0,65.0,96.0,96.0,140.3779682157707,0.12470817666997541,6,384
scale-free,400,16,292,170.0,96.0,45.0,45.0,65.0,96.0,96.0,140.3779682157707,0.12470817666997541,6,384
scale-free,400,16,293,170.0,96.0,45.0,45.0,9.0,96.0,96.0,140.3779682157707,0.12470817666997541,6,384
scale-free,400,16,294,170.0,96.0,45.0,45.0,65.0,96.0,96.0,140.3779682157707,0.12470817666997541,6,384
scale-free,400,16,295,170.0,96.0,45.0,45.0,65.0,96.0,96.0,140.3779682157707,0.12470817666997541,6,384
scale-free,400,16,296,96.0,96.0,45.0,45.0,20.0,96.0,96.0,140.3779682157707,0.12470817666997541,6,384
scale-free,400,16,297,170.0,96.0,45.0,45.0,20.0,96.0,96.0,140.3779682157707,0.12470817666997541,6,384
scale-free,400,16,298,96.0,96.0,45.0,45.0,343.0,96.0,96.0,140.3779682157707,0.12470817666997541,6,384
scale-free,400,16,299,170.0,96.0,45.0,45.0,65.0,96.0,96.0,140.3779682157707,0.12470817666997541,6,384
scale-free,400,16,300,170.0,96.0,45.0,45.0,20.0,96.0,96.0,140.3779682157707,0.12470817666997541,6,384
scale-free,400,16,301,170.0,14.0,45.0,45.0,360.0,15.0,20.0,140.3779682157707,0.12470817666997541,6,384
scale-free,400,16,302,170.0,96.0,45.0,45.0,65.0,96.0,96.0,140.3779682157707,0.12470817666997541,6,384
scale-free,400,16,303,170.0,96.0,45.0,45.0,347.0,96.0,96.0,140.3779682157707,0.12470817666997541,6,384
scale-free,400,16,304,170.0,96.0,45.0,45.0,65.0,96.0,96.0,140.3779682157707,0.12470817666997541,6,384
scale-free,400,16,305,170.0,96.0,45.0,45.0,65.0,96.0,96.0,140.3779682157707,0.12470817666997541,6,384
scale-free,400,16,306,170.0,96.0,45.0,45.0,65.0,96.0,96.0,140.3779682157707,0.12470817666997541,6,384
scale-free,400,16,307,170.0,96.0,45.0,45.0,65.0,96.0,96.0,140.3779682157707,0.12470817666997541,6,384
scale-free,400,16,308,65.0,96.0,45.0,45.0,65.0,96.0,96.0,140.3779682157707,0.12470817666997541,6,384
scale-free,400,16,309,170.0,96.0,45.0,45.0,347.0,96.0,96.0,140.3779682157707,0.12470817666997541,6,384
scale-free,400,16,310,170.0,57.0,45.0,45.0,360.0,57.0,95.0,140.3779682157707,0.12470817666997541,6,384
scale-free,400,16,311,170.0,96.0,45.0,45.0,65.0,96.0,96.0,140.3779682157707,0.12470817666997541,6,384
scale-free,400,16,312,170.0,31.0,45.0,45.0,360.0,31.0,40.0,140.3779682157707,0.12470817666997541,6,384
scale-free,400,16,313,96.0,57.0,18.0,18.0,65.0,57.0,44.0,140.3779682157707,0.12470817666997541,6,384
scale-free,400,16,314,170.0,96.0,45.0,45.0,65.0,96.0,96.0,140.3779682157707,0.12470817666997541,6,384
scale-free,400,16,315,96.0,96.0,45.0,45.0,65.0,96.0,96.0,140.3779682157707,0.12470817666997541,6,384
scale-free,400,16,316,96.0,57.0,18.0,18.0,65.0,57.0,44.0,140.3779682157707,0.12470817666997541,6,384
scale-free,400,16,317,170.0,96.0,45.0,45.0,65.0,96.0,96.0,140.3779682157707,0.12470817666997541,6,384
scale-free,400,16,318,96.0,96.0,45.0,45.0,20.0,96.0,96.0,140.3779682157707,0.12470817666997541,6,384
scale-free,400,16,319,170.0,57.0,45.0,45.0,360.0,57.0,66.0,140.3779682157707,0.12470817666997541,6,384
scale-free,400,16,320,170.0,96.0,45.0,45.0,65.0,96.0,96.0,140.3779682157707,0.12470817666997541,6,384
scale-free,400,16,321,170.0,96.0,45.0,45.0,65.0,96.0,96.0,140.3779682157707,0.12470817666997541,6,384
scale-free,400,16,322,170.0,96.0,45.0,45.0,65.0,96.0,96.0,140.3779682157707,0.12470817666997541,6,384
scale-free,400,16,323,170.0,96.0,45.0,45.0,65.0,96.0,96.0,140.3779682157707,0.12470817666997541,6,384
scale-free,400,16,324,170.0,57.0,45.0,45.0,360.0,57.0,74.0,140.3779682157707,0.12470817666997541,6,384
scale-free,400,16,325,170.0,96.0,45.0,45.0,65.0,96.0,96.0,140.3779682157707,0.12470817666997541,6,384
scale-free,400,16,326,170.0,96.0,45.0,45.0,65.0,96.0,96.0,140.3779682157707,0.12470817666997541,6,384
scale-free,400,16,327,170.0,96.0,45.0,45.0,65.0,96.0,96.0,140.3779682157707,0.12470817666997541,6,384
scale-free,400,16,328,170.0,96.0,45.0,45.0,65.0,96.0,96.0,140.3779682157707,0.12470817666997541,6,384
scale-free,400,16,329,170.0,96.0,45.0,45.0,65.0,96.0,96.0,140.3779682157707,0.12470817666997541,6,384
scale-free,400,16,330,170.0,96.0,45.0,45.0,65.0,96.0,96.0,140.3779682157707,0.12470817666997541,6,384
scale-free,400,16,331,170.0,96.0,45.0,45.0,347.0,96.0,96.0,140.3779682157707,0.12470817666997541,6,384
scale-free,400,16,332,170.0,57.0,45.0,45.0,360.0,57.0,87.0,140.3779682157707,0.12470817666997541,6,384
scale-free,400,16,333,170.0,96.0,45.0,45.0,65.0,96.0,96.0,140.3779682157707,0.12470817666997541,6,384
scale-free,400,16,334,96.0,96.0,45.0,45.0,65.0,96.0,96.0,140.3779682157707,0.12470817666997541,6,384
scale-free,400,16,335,170.0,96.0,45.0,45.0,65.0,96.0,96.0,140.3779682157707,0.12470817666997541,6,384
scale-free,400,16,336,170.0,96.0,45.0,45.0,65.0,96.0,96.0,140.3779682157707,0.12470817666997541,6,384
scale-free,400,16,337,170.0,96.0,45.0,45.0,65.0,96.0,96.0,140.3779682157707,0.12470817666997541,6,384
scale-free,400,16,338,170.0,96.0,45.0,45.0,65.0,96.0,96.0,140.3779682157707,0.12470817666997541,6,384
scale-free,400,16,339,170.0,96.0,45.0,45.0,65.0,96.0,96.0,140.3779682157707,0.12470817666997541,6,384
scale-free,400,16,340,170.0,96.0,45.0,45.0,65.0,96.0,96.0,140.3779682157707,0.12470817666997541,6,384
scale-free,400,16,341,170.0,96.0,45.0,45.0,20.0,96.0,96.0,140.3779682157707,0.12470817666997541,6,384
scale-free,400,16,342,96.0,96.0,45.0,45.0,65.0,96.0,96.0,140.3779682157707,0.12470817666997541,6,384
scale-free,400,16,343,170.0,96.0,45.0,45.0,65.0,96.0,96.0,140.3779682157707,0.12470817666997541,6,384
scale-free,400,16,344,170.0,96.0,45.0,45.0,65.0,96.0,96.0,140.3779682157707,0.12470817666997541,6,384
scale-free,400,16,345,170.0,96.0,45.0,45.0,65.0,96.0,96.0,140.3779682157707,0.12470817666997541,6,384
scale-free,400,16,346,170.0,96.0,45.0,45.0,344.0,96.0,96.0,140.3779682157707,0.12470817666997541,6,384
scale-free,400,16,347,170.0,96.0,45.0,45.0,65.0,96.0,96.0,140.3779682157707,0.12470817666997541,6,384
scale-free,400,16,348,96.0,57.0,18.0,18.0,65.0,57.0,44.0,140.3779682157707,0.12470817666997541,6,384
scale-free,400,16,349,170.0,96.0,45.0,45.0,347.0,96.0,96.0,140.3779682157707,0.12470817666997541,6,384
scale-free,400,16,350,170.0,96.0,45.0,45.0,65.0,96.0,96.0,140.3779682157707,0.12470817666997541,6,384
scale-free,400,16,351,170.0,96.0,45.0,45.0,20.0,96.0,96.0,140.3779682157707,0.12470817666997541,6,384
scale-free,400,16,352,170.0,96.0,45.0,45.0,65.0,96.0,96.0,140.3779682157707,0.12470817666997541,6,384
scale-free,400,16,353,170.0,57.0,45.0,45.0,360.0,57.0,85.0,140.3779682157707,0.12470817666997541,6,384
scale-free,400,16,354,170.0,96.0,45.0,45.0,65.0,96.0,96.0,140.3779682157707,0.12470817666997541,6,384
scale-free,400,16,355,96.0,96.0,45.0,45.0,20.0,96.0,96.0,140.3779682157707,0.12470817666997541,6,384
scale-free,400,16,356,170.0,96.0,45.0,45.0,65.0,96.0,96.0,140.3779682157707,0.12470817666997541,6,384
scale-free,400,16,357,170.0,96.0,45.0,45.0,20.0,96.0,96.0,140.3779682157707,0.12470817666997541,6,384
scale-free,400,16,358,170.0,96.0,45.0,45.0,65.0,96.0,96.0,140.3779682157707,0.12470817666997541,6,384
scale-free,400,16,359,170.0,96.0,45.0,45.0,65.0,96.0,96.0,140.3779682157707,0.12470817666997541,6,384
scale-free,400,16,360,170.0,57.0,45.0,45.0,360.0,57.0,74.0,140.3779682157707,0.12470817666997541,6,384
scale-free,400,16,361,170.0,96.0,45.0,45.0,65.0,96.0,96.0,140.3779682157707,0.12470817666997541,6,384
scale-free,400,16,362,170.0,96.0,45.0,45.0,65.0,96.0,96.0,140.3779682157707,0.12470817666997541,6,384
scale-free,400,16,363,170.0,96.0,45.0,45.0,65.0,96.0,96.0,140.3779682157707,0.12470817666997541,6,384
scale-free,400,16,364,170.0,96.0,45.0,45.0,65.0,96.0,96.0,140.3779682157707,0.12470817666997541,6,384
scale-free,400,16,365,170.0,96.0,45.0,45.0,347.0,96.0,96.0,140.3779682157707,0.12470817666997541,6,384
scale-free,400,16,366,170.0,96.0,45.0,45.0,65.0,96.0,96.0,140.3779682157707,0.12470817666997541,6,384
scale-free,400,16,367,170.0,96.0,45.0,45.0,65.0,96.0,96.0,140.3779682157707,0.12470817666997541,6,384
scale-free,400,16,368,96.0,26.0,45.0,45.0,360.0,26.0,60.0,140.3779682157707,0.12470817666997541,6,384
scale-free,400,16,369,170.0,96.0,45.0,45.0,65.0,96.0,96.0,140.3779682157707,0.12470817666997541,6,384
scale-free,400,16,370,170.0,96.0,45.0,45.0,65.0,96.0,96.0,140.3779682157707,0.12470817666997541,6,384
scale-free,400,16,371,170.0,96.0,45.0,45.0,65.0,96.0,96.0,140.3779682157707,0.12470817666997541,6,384
scale-free,400,16,372,170.0,54.0,45.0,45.0,360.0,54.0,88.0,140.3779682157707,0.12470817666997541,6,384
scale-free,400,16,373,170.0,96.0,45.0,45.0,347.0,96.0,96.0,140.3779682157707,0.12470817666997541,6,384
scale-free,400,16,374,170.0,96.0,45.0,45.0,65.0,96.0,96.0,140.3779682157707,0.12470817666997541,6,384
scale-free,400,16,375,170.0,96.0,45.0,45.0,347.0,96.0,96.0,140.3779682157707,0.12470817666997541,6,384
scale-free,400,16,376,170.0,96.0,45.0,45.0,65.0,96.0,96.0,140.3779682157707,0.12470817666997541,6,384
scale-free,400,16,377,170.0,96.0,45.0,45.0,65.0,96.0,96.0,140.3779682157707,0.12470817666997541,6,384
scale-free,400,16,378,170.0,96.0,45.0,45.0,65.0,96.0,96.0,140.3779682157707,0.12470817666997541,6,384
scale-free,400,16,379,170.0,96.0,45.0,45.0,65.0,96.0,96.0,140.3779682157707,0.12470817666997541,6,384
scale-free,400,16,380,170.0,96.0,45.0,45.0,20.0,96.0,96.0,140.3779682157707,0.12470817666997541,6,384
scale-free,400,16,381,170.0,96.0,45.0,45.0,65.0,96.0,96.0,140.3779682157707,0.12470817666997541,6,384
scale-free,400,16,382,170.0,96.0,45.0,45.0,20.0,96.0,96.0,140.3779682157707,0.12470817666997541,6,384
scale-free,400,16,383,170.0,57.0,45.0,45.0,360.0,57.0,66.0,140.3779682157707,0.12470817666997541,6,384
scale-free,400,16,384,170.0,96.0,45.0,45.0,65.0,96.0,96.0,140.3779682157707,0.12470817666997541,6,384
scale-free,400,16,385,170.0,96.0,45.0,45.0,65.0,96.0,96.0,140.3779682157707,0.12470817666997541,6,384
scale-free,400,16,386,170.0,96.0,45.0,45.0,65.0,96.0,96.0,140.3779682157707,0.12470817666997541,6,384
scale-free,400,16,387,170.0,96.0,45.0,45.0,65.0,96.0,96.0,140.3779682157707,0.12470817666997541,6,384
scale-free,400,16,388,170.0,57.0,45.0,45.0,360.0,57.0,66.0,140.3779682157707,0.12470817666997541,6,384
scale-free,400,16,389,170.0,96.0,45.0,45.0,20.0,96.0,96.0,140.3779682157707,0.12470817666997541,6,384
scale-free,400,16,390,170.0,96.0,45.0,45.0,65.0,96.0,96.0,140.3779682157707,0.12470817666997541,6,384
scale-free,400,16,391,170.0,96.0,45.0,45.0,347.0,96.0,96.0,140.3779682157707,0.12470817666997541,6,384
scale-free,400,16,392,170.0,96.0,45.0,45.0,65.0,96.0,96.0,140.3779682157707,0.12470817666997541,6,384
scale-free,400,16,393,170.0,96.0,45.0,45.0,347.0,96.0,96.0,140.3779682157707,0.12470817666997541,6,384
scale-free,400,16,394,170.0,96.0,45.0,45.0,65.0,96.0,96.0,140.3779682157707,0.12470817666997541,6,384
scale-free,400,16,395,170.0,96.0,45.0,45.0,65.0,96.0,96.0,140.3779682157707,0.12470817666997541,6,384
scale-free,400,16,396,170.0,96.0,45.0,45.0,65.0,96.0,96.0,140.3779682157707,0.12470817666997541,6,384
scale-free,400,16,397,170.0,96.0,45.0,45.0,65.0,96.0,96.0,140.3779682157707,0.12470817666997541,6,384
scale-free,400,16,398,170.0,96.0,45.0,45.0,65.0,96.0,96.0,140.3779682157707,0.12470817666997541,6,384
scale-free,400,16,399,170.0,96.0,45.0,45.0,20.0,96.0,96.0,140.3779682157707,0.12470817666997541,6,384
