scale-free,100,19,0,3.0,3.0,3.0,3.0,84.0,3.0,3.0,21.331872294372296,0.12659522369772375,4,98
scale-free,100,19,1,2.0,2.0,1.0,1.0,84.0,2.0,2.0,21.331872294372296,0.12659522369772375,4,98
scale-free,100,19,2,1.0,1.0,2.0,2.0,84.0,1.0,1.0,21.331872294372296,0.12659522369772375,4,98
scale-free,100,19,3,24.0,24.0,16.0,16.0,20.0,24.0,24.0,21.331872294372296,0.12659522369772375,4,98
scale-free,100,19,4,24.0,24.0,16.0,16.0,20.0,24.0,24.0,21.331872294372296,0.12659522369772375,4,98
scale-free,100,19,5,9.0,24.0,16.0,16.0,20.0,24.0,24.0,21.331872294372296,0.12659522369772375,4,98
scale-free,100,19,6,6.0,12.0,5.0,5.0,2.0,12.0,12.0,21.331872294372296,0.12659522369772375,4,98
scale-free,100,19,7,4.0,24.0,16.0,16.0,4.0,24.0,24.0,21.331872294372296,0.12659522369772375,4,98
scale-free,100,19,8,16.0,12.0,16.0,16.0,20.0,12.0,23.0,21.331872294372296,0.12659522369772375,4,98
scale-free,100,19,9,24.0,24.0,16.0,16.0,20.0,24.0,24.0,21.331872294372296,0.12659522369772375,4,98
scale-free,100,19,10,10.0,24.0,16.0,16.0,20.0,24.0,24.0,21.331872294372296,0.12659522369772375,4,98
scale-free,100,19,11,24.0,12.0,11.0,11.0,20.0,12.0,12.0,21.331872294372296,0.12659522369772375,4,98
scale-free,100,19,12,24.0,24.0,16.0,16.0,20.0,24.0,24.0,21.331872294372296,0.12659522369772375,4,98
scale-free,100,19,13,47.0,24.0,16.0,16.0,20.0,24.0,24.0,21.331872294372296,0.12659522369772375,4,98
scale-free,100,19,14,16.0,24.0,16.0,16.0,20.0,24.0,24.0,21.331872294372296,0.12659522369772375,4,98
scale-free,100,19,15,47.0,24.0,16.0,16.0,20.0,24.0,24.0,21.331872294372296,0.12659522369772375,4,98
scale-free,100,19,16,13.0,12.0,7.0,7.0,20.0,12.0,9.0,21.331872294372296,0.12659522369772375,4,98
scale-free,100,19,17,24.0,24.0,16.0,16.0,1.0,24.0,24.0,21.331872294372296,0.12659522369772375,4,98
scale-free,100,19,18,13.0,24.0,16.0,16.0,7.0,24.0,24.0,21.331872294372296,0.12659522369772375,4,98
scale-free,100,19,19,10.0,24.0,16.0,16.0,20.0,24.0,24.0,21.331872294372296,0.12659522369772375,4,98
scale-free,100,19,20,6.0,5.0,16.0,16.0,94.0,5.0,5.0,21.331872294372296,0.12659522369772375,4,98
scale-free,100,19,21,16.0,9.0,13.0,13.0,7.0,9.0,21.0,21.331872294372296,0.12659522369772375,4,98
scale-free,100,19,22,13.0,8.0,6.0,6.0,20.0,8.0,7.0,21.331872294372296,0.12659522369772375,4,98
scale-free,100,19,23,10.0,9.0,10.0,10.0,20.0,9.0,11.0,21.331872294372296,0.12659522369772375,4,98
scale-free,100,19,24,6.0,6.0,4.0,4.0,20.0,6.0,6.0,21.331872294372296,0.12659522369772375,4,98
scale-free,100,19,25,5.0,4.0,16.0,16.0,94.0,4.0,4.0,21.331872294372296,0.12659522369772375,4,98
scale-free,100,19,26,16.0,12.0,14.0,14.0,4.0,12.0,18.0,21.331872294372296,0.12659522369772375,4,98
scale-free,100,19,27,47.0,24.0,16.0,16.0,7.0,24.0,24.0,21.331872294372296,0.12659522369772375,4,98
scale-free,100,19,28,24.0,12.0,11.0,11.0,20.0,12.0,12.0,21.331872294372296,0.12659522369772375,4,98
scale-free,100,19,29,47.0,24.0,16.0,16.0,88.0,24.0,24.0,21.331872294372296,0.12659522369772375,4,98
scale-free,100,19,30,47.0,24.0,16.0,16.0,88.0,24.0,24.0,21.331872294372296,0.12659522369772375,4,98
scale-free,100,19,31,47.0,24.0,16.0,16.0,20.0,24.0,24.0,21.331872294372296,0.12659522369772375,4,98
scale-free,100,19,32,16.0,24.0,16.0,16.0,7.0,24.0,24.0,21.331872294372296,0.12659522369772375,4,98
scale-free,100,19,33,24.0,24.0,16.0,16.0,20.0,24.0,24.0,21.331872294372296,0.12659522369772375,4,98
scale-free,100,19,34,24.0,12.0,7.0,7.0,20.0,12.0,12.0,21.331872294372296,0.12659522369772375,4,98
scale-free,100,19,35,24.0,24.0,16.0,16.0,7.0,24.0,24.0,21.331872294372296,0.12659522369772375,4,98
scale-free,100,19,36,47.0,24.0,16.0,16.0,20.0,24.0,24.0,21.331872294372296,0.12659522369772375,4,98
scale-free,100,19,37,47.0,24.0,16.0,16.0,20.0,24.0,24.0,21.331872294372296,0.12659522369772375,4,98
scale-free,100,19,38,24.0,24.0,16.0,16.0,20.0,24.0,24.0,21.331872294372296,0.12659522369772375,4,98
scale-free,100,19,39,47.0,24.0,16.0,16.0,20.0,24.0,24.0,21.331872294372296,0.12659522369772375,4,98
scale-free,100,19,40,47.0,24.0,16.0,16.0,7.0,24.0,24.0,21.331872294372296,0.12659522369772375,4,98
scale-free,100,19,41,24.0,7.0,16.0,16.0,94.0,7.0,8.0,21.331872294372296,0.12659522369772375,4,98
scale-free,100,19,42,47.0,24.0,16.0,16.0,20.0,24.0,24.0,21.331872294372296,0.12659522369772375,4,98
scale-free,100,19,43,24.0,24.0,16.0,16.0,4.0,24.0,24.0,21.331872294372296,0.12659522369772375,4,98
scale-free,100,19,44,24.0,24.0,16.0,16.0,7.0,24.0,24.0,21.331872294372296,0.12659522369772375,4,98
scale-free,100,19,45,47.0,12.0,16.0,16.0,94.0,12.0,12.0,21.331872294372296,0.12659522369772375,4,98
scale-free,100,19,46,24.0,24.0,16.0,16.0,20.0,24.0,24.0,21.331872294372296,0.12659522369772375,4,98
scale-free,100,19,47,47.0,24.0,16.0,16.0,20.0,24.0,24.0,21.331872294372296,0.12659522369772375,4,98
scale-free,100,19,48,47.0,24.0,16.0,16.0,20.0,24.0,24.0,21.331872294372296,0.12659522369772375,4,98
scale-free,100,19,49,47.0,24.0,16.0,16.0,20.0,24.0,24.0,21.331872294372296,0.12659522369772375,4,98
scale-free,100,19,50,24.0,24.0,16.0,16.0,7.0,24.0,24.0,21.331872294372296,0.12659522369772375,4,98
scale-free,100,19,51,47.0,24.0,16.0,16.0,88.0,24.0,24.0,21.331872294372296,0.12659522369772375,4,98
scale-free,100,19,52,47.0,24.0,16.0,16.0,20.0,24.0,24.0,21.331872294372296,0.12659522369772375,4,98
scale-free,100,19,53,24.0,24.0,16.0,16.0,20.0,24.0,24.0,21.331872294372296,0.12659522369772375,4,98
scale-free,100,19,54,47.0,24.0,16.0,16.0,20.0,24.0,24.0,21.331872294372296,0.12659522369772375,4,98
scale-free,100,19,55,24.0,12.0,15.0,15.0,20.0,12.0,12.0,21.331872294372296,0.12659522369772375,4,98
scale-free,100,19,56,24.0,24.0,16.0,16.0,20.0,24.0,24.0,21.331872294372296,0.12659522369772375,4,98
scale-free,100,19,57,47.0,24.0,16.0,16.0,20.0,24.0,24.0,21.331872294372296,0.12659522369772375,4,98
scale-free,100,19,58,47.0,24.0,16.0,16.0,20.0,24.0,24.0,21.331872294372296,0.12659522369772375,4,98
scale-free,100,19,59,47.0,24.0,16.0,16.0,20.0,24.0,24.0,21.331872294372296,0.12659522369772375,4,98
scale-free,100,19,60,24.0,24.0,16.0,16.0,7.0,24.0,24.0,21.331872294372296,0.12659522369772375,4,98
scale-free,100,19,61,47.0,24.0,16.0,16.0,20.0,24.0,24.0,21.331872294372296,0.12659522369772375,4,98
scale-free,100,19,62,16.0,24.0,16.0,16.0,3.0,24.0,24.0,21.331872294372296,0.12659522369772375,4,98
scale-free,100,19,63,47.0,24.0,16.0,16.0,20.0,24.0,24.0,21.331872294372296,0.12659522369772375,4,98
scale-free,100,19,64,24.0,24.0,16.0,16.0,20.0,24.0,24.0,21.331872294372296,0.12659522369772375,4,98
scale-free,100,19,65,47.0,24.0,16.0,16.0,88.0,24.0,24.0,21.331872294372296,0.12659522369772375,4,98
scale-free,100,19,66,47.0,24.0,16.0,16.0,20.0,24.0,24.0,21.331872294372296,0.12659522369772375,4,98
scale-free,100,19,67,24.0,24.0,16.0,16.0,7.0,24.0,24.0,21.331872294372296,0.12659522369772375,4,98
scale-free,100,19,68,16.0,24.0,16.0,16.0,87.0,24.0,24.0,21.331872294372296,0.12659522369772375,4,98
scale-free,100,19,69,47.0,24.0,16.0,16.0,20.0,24.0,24.0,21.331872294372296,0.12659522369772375,4,98
scale-free,100,19,70,16.0,12.0,7.0,7.0,20.0,12.0,9.0,21.331872294372296,0.12659522369772375,4,98
scale-free,100,19,71,47.0,24.0,16.0,16.0,20.0,24.0,24.0,21.331872294372296,0.12659522369772375,4,98
scale-free,100,19,72,47.0,9.0,16.0,16.0,94.0,9.0,21.0,21.331872294372296,0.12659522369772375,4,98
scale-free,100,19,73,47.0,24.0,16.0,16.0,88.0,24.0,24.0,21.331872294372296,0.12659522369772375,4,98
scale-free,100,19,74,47.0,24.0,16.0,16.0,20.0,24.0,24.0,21.331872294372296,0.12659522369772375,4,98
scale-free,100,19,75,24.0,24.0,16.0,16.0,20.0,24.0,24.0,21.331872294372296,0.12659522369772375,4,98
scale-free,100,19,76,47.0,24.0,16.0,16.0,20.0,24.0,24.0,21.331872294372296,0.12659522369772375,4,98
scale-free,100,19,77,47.0,24.0,16.0,16.0,20.0,24.0,24.0,21.331872294372296,0.12659522369772375,4,98
scale-free,100,19,78,47.0,24.0,16.0,16.0,20.0,24.0,24.0,21.331872294372296,0.12659522369772375,4,98
scale-free,100,19,79,47.0,24.0,16.0,16.0,20.0,24.0,24.0,21.331872294372296,0.12659522369772375,4,98
scale-free,100,19,80,47.0,24.0,16.0,16.0,20.0,24.0,24.0,21.331872294372296,0.12659522369772375,4,98
scale-free,100,19,81,47.0,24.0,16.0,16.0,20.0,24.0,24.0,21.331872294372296,0.12659522369772375,4,98
scale-free,100,19,82,47.0,24.0,16.0,16.0,20.0,24.0,24.0,21.331872294372296,0.12659522369772375,4,98
scale-free,100,19,83,47.0,24.0,16.0,16.0,20.0,24.0,24.0,21.331872294372296,0.12659522369772375,4,98
scale-free,100,19,84,47.0,24.0,16.0,16.0,20.0,24.0,24.0,21.331872294372296,0.12659522369772375,4,98
scale-free,100,19,85,47.0,24.0,16.0,16.0,20.0,24.0,24.0,21.331872294372296,0.12659522369772375,4,98
scale-free,100,19,86,47.0,24.0,16.0,16.0,7.0,24.0,24.0,21.331872294372296,0.12659522369772375,4,98
scale-free,100,19,87,47.0,24.0,16.0,16.0,7.0,24.0,24.0,21.331872294372296,0.12659522369772375,4,98
scale-free,100,19,88,47.0,24.0,16.0,16.0,20.0,24.0,24.0,21.331872294372296,0.12659522369772375,4,98
scale-free,100,19,89,47.0,24.0,16.0,16.0,20.0,24.0,24.0,21.331872294372296,0.12659522369772375,4,98
scale-free,100,19,90,47.0,24.0,16.0,16.0,88.0,24.0,24.0,21.331872294372296,0.12659522369772375,4,98
scale-free,100,19,91,47.0,12.0,16.0,16.0,94.0,12.0,18.0,21.331872294372296,0.12659522369772375,4,98
scale-free,100,19,92,47.0,24.0,16.0,16.0,20.0,24.0,24.0,21.331872294372296,0.12659522369772375,4,98
scale-free,100,19,93,47.0,24.0,16.0,16.0,20.0,24.0,24.0,21.331872294372296,0.12659522369772375,4,98
scale-free,100,19,94,47.0,12.0,16.0,16.0,94.0,12.0,20.0,21.331872294372296,0.12659522369772375,4,98
scale-free,100,19,95,47.0,24.0,16.0,16.0,20.0,24.0,24.0,21.331872294372296,0.12659522369772375,4,98
scale-free,100,19,96,47.0,24.0,16.0,16.0,20.0,24.0,24.0,21.331872294372296,0.12659522369772375,4,98
scale-free,100,19,97,47.0,24.0,16.0,16.0,20.0,24.0,24.0,21.331872294372296,0.12659522369772375,4,98
scale-free,100,19,98,47.0,24.0,16.0,16.0,20.0,24.0,24.0,21.331872294372296,0.12659522369772375,4,98
scale-free,100,19,99,47.0,24.0,16.0,16.0,7.0,24.0,24.0,21.331872294372296,0.12659522369772375,4,98
scale-free,100,20,0,1.0,1.0,1.0,1.0,88.0,1.0,1.0,23.161287878787878,0.17286139250989233,4,95
scale-free,100,20,1,3.0,3.0,4.0,4.0,88.0,3.0,3.0,23.161287878787878,0.17286139250989233,4,95
scale-free,100,20,2,2.0,2.0,2.0,2.0,88.0,2.0,2.0,23.161287878787878,0.17286139250989233,4,95
scale-free,100,20,3,4.0,20.0,13.0,13.0,1.0,20.0,20.0,23.161287878787878,0.17286139250989233,4,95
scale-free,100,20,4,23.0,20.0,13.0,13.0,14.0,20.0,20.0,23.161287878787878,0.17286139250989233,4,95
scale-free,100,20,5,46.0,20.0,13.0,13.0,14.0,20.0,20.0,23.161287878787878,0.17286139250989233,4,95
scale-free,100,20,6,6.0,7.0,6.0,6.0,88.0,7.0,5.0,23.161287878787878,0.17286139250989233,4,95
scale-free,100,20,7,23.0,20.0,13.0,13.0,14.0,20.0,20.0,23.161287878787878,0.17286139250989233,4,95
scale-free,100,20,8,9.0,20.0,13.0,13.0,2.0,20.0,20.0,23.161287878787878,0.17286139250989233,4,95
scale-free,100,20,9,5.0,4.0,3.0,3.0,88.0,4.0,4.0,23.161287878787878,0.17286139250989233,4,95
scale-free,100,20,10,7.0,20.0,13.0,13.0,14.0,20.0,20.0,23.161287878787878,0.17286139250989233,4,95
scale-free,100,20,11,46.0,20.0,13.0,13.0,14.0,20.0,20.0,23.161287878787878,0.17286139250989233,4,95
scale-free,100,20,12,15.0,20.0,13.0,13.0,14.0,20.0,20.0,23.161287878787878,0.17286139250989233,4,95
scale-free,100,20,13,23.0,20.0,13.0,13.0,14.0,20.0,20.0,23.161287878787878,0.17286139250989233,4,95
scale-free,100,20,14,7.0,20.0,13.0,13.0,14.0,20.0,20.0,23.161287878787878,0.17286139250989233,4,95
scale-free,100,20,15,23.0,20.0,13.0,13.0,14.0,20.0,20.0,23.161287878787878,0.17286139250989233,4,95
scale-free,100,20,16,15.0,20.0,13.0,13.0,14.0,20.0,20.0,23.161287878787878,0.17286139250989233,4,95
scale-free,100,20,17,23.0,13.0,7.0,7.0,14.0,13.0,12.0,23.161287878787878,0.17286139250989233,4,95
scale-free,100,20,18,46.0,20.0,13.0,13.0,14.0,20.0,20.0,23.161287878787878,0.17286139250989233,4,95
scale-free,100,20,19,23.0,20.0,13.0,13.0,2.0,20.0,20.0,23.161287878787878,0.17286139250989233,4,95
scale-free,100,20,20,23.0,5.0,13.0,13.0,95.0,5.0,8.0,23.161287878787878,0.17286139250989233,4,95
scale-free,100,20,21,9.0,9.0,11.0,11.0,88.0,8.0,6.0,23.161287878787878,0.17286139250989233,4,95
scale-free,100,20,22,15.0,20.0,13.0,13.0,14.0,20.0,20.0,23.161287878787878,0.17286139250989233,4,95
scale-free,100,20,23,46.0,20.0,13.0,13.0,14.0,20.0,20.0,23.161287878787878,0.17286139250989233,4,95
scale-free,100,20,24,46.0,20.0,13.0,13.0,2.0,20.0,20.0,23.161287878787878,0.17286139250989233,4,95
scale-free,100,20,25,23.0,20.0,13.0,13.0,14.0,20.0,20.0,23.161287878787878,0.17286139250989233,4,95
scale-free,100,20,26,46.0,20.0,13.0,13.0,14.0,20.0,20.0,23.161287878787878,0.17286139250989233,4,95
scale-free,100,20,27,46.0,20.0,13.0,13.0,14.0,20.0,20.0,23.161287878787878,0.17286139250989233,4,95
scale-free,100,20,28,23.0,13.0,7.0,7.0,14.0,13.0,12.0,23.161287878787878,0.17286139250989233,4,95
scale-free,100,20,29,46.0,20.0,13.0,13.0,14.0,20.0,20.0,23.161287878787878,0.17286139250989233,4,95
scale-free,100,20,30,9.0,13.0,7.0,7.0,14.0,13.0,12.0,23.161287878787878,0.17286139250989233,4,95
scale-free,100,20,31,9.0,20.0,13.0,13.0,14.0,20.0,20.0,23.161287878787878,0.17286139250989233,4,95
scale-free,100,20,32,23.0,20.0,13.0,13.0,14.0,20.0,20.0,23.161287878787878,0.17286139250989233,4,95
scale-free,100,20,33,23.0,20.0,13.0,13.0,14.0,20.0,20.0,23.161287878787878,0.17286139250989233,4,95
scale-free,100,20,34,23.0,20.0,13.0,13.0,14.0,20.0,20.0,23.161287878787878,0.17286139250989233,4,95
scale-free,100,20,35,23.0,20.0,13.0,13.0,14.0,20.0,20.0,23.161287878787878,0.17286139250989233,4,95
scale-free,100,20,36,46.0,20.0,13.0,13.0,14.0,20.0,20.0,23.161287878787878,0.17286139250989233,4,95
scale-free,100,20,37,23.0,20.0,13.0,13.0,14.0,20.0,20.0,23.161287878787878,0.17286139250989233,4,95
scale-free,100,20,38,9.0,10.0,5.0,5.0,14.0,10.0,10.0,23.161287878787878,0.17286139250989233,4,95
scale-free,100,20,39,15.0,20.0,13.0,13.0,2.0,20.0,20.0,23.161287878787878,0.17286139250989233,4,95
scale-free,100,20,40,23.0,20.0,13.0,13.0,2.0,20.0,20.0,23.161287878787878,0.17286139250989233,4,95
scale-free,100,20,41,15.0,13.0,12.0,12.0,14.0,13.0,18.0,23.161287878787878,0.17286139250989233,4,95
scale-free,100,20,42,9.0,20.0,13.0,13.0,14.0,20.0,20.0,23.161287878787878,0.17286139250989233,4,95
scale-free,100,20,43,46.0,20.0,13.0,13.0,14.0,20.0,20.0,23.161287878787878,0.17286139250989233,4,95
scale-free,100,20,44,46.0,20.0,13.0,13.0,2.0,20.0,20.0,23.161287878787878,0.17286139250989233,4,95
scale-free,100,20,45,46.0,20.0,13.0,13.0,14.0,20.0,20.0,23.161287878787878,0.17286139250989233,4,95
scale-free,100,20,46,15.0,10.0,13.0,13.0,95.0,10.0,11.0,23.161287878787878,0.17286139250989233,4,95
scale-free,100,20,47,46.0,8.0,13.0,13.0,95.0,9.0,7.0,23.161287878787878,0.17286139250989233,4,95
scale-free,100,20,48,46.0,6.0,13.0,13.0,95.0,6.0,9.0,23.161287878787878,0.17286139250989233,4,95
scale-free,100,20,49,46.0,20.0,13.0,13.0,14.0,20.0,20.0,23.161287878787878,0.17286139250989233,4,95
scale-free,100,20,50,46.0,20.0,13.0,13.0,14.0,20.0,20.0,23.161287878787878,0.17286139250989233,4,95
scale-free,100,20,51,46.0,20.0,13.0,13.0,2.0,20.0,20.0,23.161287878787878,0.17286139250989233,4,95
scale-free,100,20,52,46.0,20.0,13.0,13.0,14.0,20.0,20.0,23.161287878787878,0.17286139250989233,4,95
scale-free,100,20,53,23.0,13.0,13.0,13.0,14.0,13.0,18.0,23.161287878787878,0.17286139250989233,4,95
scale-free,100,20,54,46.0,20.0,13.0,13.0,2.0,20.0,20.0,23.161287878787878,0.17286139250989233,4,95
scale-free,100,20,55,46.0,20.0,13.0,13.0,14.0,20.0,20.0,23.161287878787878,0.17286139250989233,4,95
scale-free,100,20,56,46.0,20.0,13.0,13.0,14.0,20.0,20.0,23.161287878787878,0.17286139250989233,4,95
scale-free,100,20,57,46.0,20.0,13.0,13.0,14.0,20.0,20.0,23.161287878787878,0.17286139250989233,4,95
scale-free,100,20,58,46.0,20.0,13.0,13.0,14.0,20.0,20.0,23.161287878787878,0.17286139250989233,4,95
scale-free,100,20,59,46.0,20.0,13.0,13.0,14.0,20.0,20.0,23.161287878787878,0.17286139250989233,4,95
scale-free,100,20,60,46.0,20.0,13.0,13.0,14.0,20.0,20.0,23.161287878787878,0.17286139250989233,4,95
scale-free,100,20,61,46.0,20.0,13.0,13.0,14.0,20.0,20.0,23.161287878787878,0.17286139250989233,4,95
scale-free,100,20,62,46.0,20.0,13.0,13.0,14.0,20.0,20.0,23.161287878787878,0.17286139250989233,4,95
scale-free,100,20,63,46.0,20.0,13.0,13.0,14.0,20.0,20.0,23.161287878787878,0.17286139250989233,4,95
scale-free,100,20,64,46.0,20.0,13.0,13.0,14.0,20.0,20.0,23.161287878787878,0.17286139250989233,4,95
scale-free,100,20,65,15.0,20.0,13.0,13.0,14.0,20.0,20.0,23.161287878787878,0.17286139250989233,4,95
scale-free,100,20,66,23.0,20.0,13.0,13.0,2.0,20.0,20.0,23.161287878787878,0.17286139250989233,4,95
scale-free,100,20,67,15.0,20.0,13.0,13.0,14.0,20.0,20.0,23.161287878787878,0.17286139250989233,4,95
scale-free,100,20,68,46.0,20.0,13.0,13.0,14.0,20.0,20.0,23.161287878787878,0.17286139250989233,4,95
scale-free,100,20,69,23.0,13.0,7.0,7.0,14.0,13.0,12.0,23.161287878787878,0.17286139250989233,4,95
scale-free,100,20,70,46.0,20.0,13.0,13.0,14.0,20.0,20.0,23.161287878787878,0.17286139250989233,4,95
scale-free,100,20,71,46.0,20.0,13.0,13.0,14.0,20.0,20.0,23.161287878787878,0.17286139250989233,4,95
scale-free,100,20,72,46.0,20.0,13.0,13.0,14.0,20.0,20.0,23.161287878787878,0.17286139250989233,4,95
scale-free,100,20,73,46.0,20.0,13.0,13.0,14.0,20.0,20.0,23.161287878787878,0.17286139250989233,4,95
scale-free,100,20,74,46.0,20.0,13.0,13.0,14.0,20.0,20.0,23.161287878787878,0.17286139250989233,4,95
scale-free,100,20,75,46.0,20.0,13.0,13.0,14.0,20.0,20.0,23.161287878787878,0.17286139250989233,4,95
scale-free,100,20,76,46.0,20.0,13.0,13.0,14.0,20.0,20.0,23.161287878787878,0.17286139250989233,4,95
scale-free,100,20,77,23.0,20.0,13.0,13.0,14.0,20.0,20.0,23.161287878787878,0.17286139250989233,4,95
scale-free,100,20,78,23.0,12.0,13.0,13.0,95.0,12.0,16.0,23.161287878787878,0.17286139250989233,4,95
scale-free,100,20,79,46.0,20.0,13.0,13.0,14.0,20.0,20.0,23.161287878787878,0.17286139250989233,4,95
scale-free,100,20,80,46.0,13.0,13.0,13.0,95.0,13.0,17.0,23.161287878787878,0.17286139250989233,4,95
scale-free,100,20,81,46.0,20.0,13.0,13.0,14.0,20.0,20.0,23.161287878787878,0.17286139250989233,4,95
scale-free,100,20,82,46.0,20.0,13.0,13.0,14.0,20.0,20.0,23.161287878787878,0.17286139250989233,4,95
scale-free,100,20,83,23.0,20.0,13.0,13.0,14.0,20.0,20.0,23.161287878787878,0.17286139250989233,4,95
scale-free,100,20,84,46.0,20.0,13.0,13.0,2.0,20.0,20.0,23.161287878787878,0.17286139250989233,4,95
scale-free,100,20,85,46.0,20.0,13.0,13.0,14.0,20.0,20.0,23.161287878787878,0.17286139250989233,4,95
scale-free,100,20,86,46.0,20.0,13.0,13.0,14.0,20.0,20.0,23.161287878787878,0.17286139250989233,4,95
scale-free,100,20,87,46.0,20.0,13.0,13.0,14.0,20.0,20.0,23.161287878787878,0.17286139250989233,4,95
scale-free,100,20,88,46.0,20.0,13.0,13.0,14.0,20.0,20.0,23.161287878787878,0.17286139250989233,4,95
scale-free,100,20,89,46.0,20.0,13.0,13.0,14.0,20.0,20.0,23.161287878787878,0.17286139250989233,4,95
scale-free,100,20,90,46.0,20.0,13.0,13.0,14.0,20.0,20.0,23.161287878787878,0.17286139250989233,4,95
scale-free,100,20,91,46.0,20.0,13.0,13.0,94.0,20.0,20.0,23.161287878787878,0.17286139250989233,4,95
scale-free,100,20,92,46.0,20.0,13.0,13.0,14.0,20.0,20.0,23.161287878787878,0.17286139250989233,4,95
scale-free,100,20,93,46.0,20.0,13.0,13.0,14.0,20.0,20.0,23.161287878787878,0.17286139250989233,4,95
scale-free,100,20,94,23.0,20.0,13.0,13.0,2.0,20.0,20.0,23.161287878787878,0.17286139250989233,4,95
scale-free,100,20,95,46.0,20.0,13.0,13.0,14.0,20.0,20.0,23.161287878787878,0.17286139250989233,4,95
scale-free,100,20,96,46.0,20.0,13.0,13.0,2.0,20.0,20.0,23.161287878787878,0.17286139250989233,4,95
scale-free,100,20,97,46.0,20.0,13.0,13.0,14.0,20.0,20.0,23.161287878787878,0.17286139250989233,4,95
scale-free,100,20,98,23.0,20.0,13.0,13.0,14.0,20.0,20.0,23.161287878787878,0.17286139250989233,4,95
scale-free,100,20,99,46.0,20.0,13.0,13.0,14.0,20.0,20.0,23.161287878787878,0.17286139250989233,4,95
