scale-free,100,31,0,1.0,1.0,2.0,2.0,65.0,1.0,1.0,37.458567251461986,0.09645467245091305,5,93
scale-free,100,31,1,2.0,2.0,1.0,1.0,65.0,3.0,2.0,37.458567251461986,0.09645467245091305,5,93
scale-free,100,31,2,4.0,7.0,4.0,4.0,65.0,7.0,4.0,37.458567251461986,0.09645467245091305,5,93
scale-free,100,31,3,25.0,19.0,9.0,9.0,9.0,19.0,26.0,37.458567251461986,0.09645467245091305,5,93
scale-free,100,31,4,11.0,8.0,6.0,6.0,65.0,8.0,8.0,37.458567251461986,0.09645467245091305,5,93
scale-free,100,31,5,5.0,5.0,9.0,9.0,87.0,6.0,5.0,37.458567251461986,0.09645467245091305,5,93
scale-free,100,31,6,25.0,27.0,9.0,9.0,9.0,27.0,27.0,37.458567251461986,0.09645467245091305,5,93
scale-free,100,31,7,5.0,27.0,9.0,9.0,1.0,27.0,27.0,37.458567251461986,0.09645467245091305,5,93
scale-free,100,31,8,13.0,27.0,9.0,9.0,9.0,27.0,27.0,37.458567251461986,0.09645467245091305,5,93
scale-free,100,31,9,9.0,4.0,9.0,9.0,87.0,5.0,7.0,37.458567251461986,0.09645467245091305,5,93
scale-free,100,31,10,3.0,3.0,3.0,3.0,65.0,2.0,3.0,37.458567251461986,0.09645467245091305,5,93
scale-free,100,31,11,25.0,27.0,9.0,9.0,4.0,27.0,27.0,37.458567251461986,0.09645467245091305,5,93
scale-free,100,31,12,7.0,6.0,9.0,9.0,87.0,4.0,6.0,37.458567251461986,0.09645467245091305,5,93
scale-free,100,31,13,13.0,27.0,9.0,9.0,9.0,27.0,27.0,37.458567251461986,0.09645467245091305,5,93
scale-free,100,31,14,13.0,27.0,9.0,9.0,9.0,27.0,27.0,37.458567251461986,0.09645467245091305,5,93
scale-free,100,31,15,18.0,11.0,9.0,9.0,65.0,9.0,11.0,37.458567251461986,0.09645467245091305,5,93
scale-free,100,31,16,25.0,27.0,9.0,9.0,9.0,27.0,27.0,37.458567251461986,0.09645467245091305,5,93
scale-free,100,31,17,18.0,13.0,5.0,5.0,65.0,13.0,12.0,37.458567251461986,0.09645467245091305,5,93
scale-free,100,31,18,13.0,19.0,9.0,9.0,9.0,19.0,25.0,37.458567251461986,0.09645467245091305,5,93
scale-free,100,31,19,45.0,27.0,9.0,9.0,9.0,27.0,27.0,37.458567251461986,0.09645467245091305,5,93
scale-free,100,31,20,25.0,27.0,9.0,9.0,9.0,27.0,27.0,37.458567251461986,0.09645467245091305,5,93
scale-free,100,31,21,8.0,27.0,9.0,9.0,4.0,27.0,27.0,37.458567251461986,0.09645467245091305,5,93
scale-free,100,31,22,10.0,27.0,9.0,9.0,1.0,27.0,27.0,37.458567251461986,0.09645467245091305,5,93
scale-free,100,31,23,25.0,19.0,9.0,9.0,9.0,19.0,19.0,37.458567251461986,0.09645467245091305,5,93
scale-free,100,31,24,12.0,19.0,8.0,8.0,4.0,19.0,22.0,37.458567251461986,0.09645467245091305,5,93
scale-free,100,31,25,25.0,27.0,9.0,9.0,9.0,27.0,27.0,37.458567251461986,0.09645467245091305,5,93
scale-free,100,31,26,25.0,17.0,9.0,9.0,87.0,17.0,14.0,37.458567251461986,0.09645467245091305,5,93
scale-free,100,31,27,45.0,27.0,9.0,9.0,9.0,27.0,27.0,37.458567251461986,0.09645467245091305,5,93
scale-free,100,31,28,18.0,27.0,9.0,9.0,9.0,27.0,27.0,37.458567251461986,0.09645467245091305,5,93
scale-free,100,31,29,45.0,27.0,9.0,9.0,9.0,27.0,27.0,37.458567251461986,0.09645467245091305,5,93
scale-free,100,31,30,25.0,27.0,9.0,9.0,73.0,27.0,27.0,37.458567251461986,0.09645467245091305,5,93
scale-free,100,31,31,45.0,27.0,9.0,9.0,73.0,27.0,27.0,37.458567251461986,0.09645467245091305,5,93
scale-free,100,31,32,13.0,27.0,9.0,9.0,1.0,27.0,27.0,37.458567251461986,0.09645467245091305,5,93
scale-free,100,31,33,45.0,27.0,9.0,9.0,9.0,27.0,27.0,37.458567251461986,0.09645467245091305,5,93
scale-free,100,31,34,45.0,27.0,9.0,9.0,73.0,27.0,27.0,37.458567251461986,0.09645467245091305,5,93
scale-free,100,31,35,45.0,19.0,9.0,9.0,87.0,19.0,18.0,37.458567251461986,0.09645467245091305,5,93
scale-free,100,31,36,18.0,27.0,9.0,9.0,9.0,27.0,27.0,37.458567251461986,0.09645467245091305,5,93
scale-free,100,31,37,25.0,27.0,9.0,9.0,9.0,27.0,27.0,37.458567251461986,0.09645467245091305,5,93
scale-free,100,31,38,45.0,27.0,9.0,9.0,9.0,27.0,27.0,37.458567251461986,0.09645467245091305,5,93
scale-free,100,31,39,25.0,27.0,9.0,9.0,9.0,27.0,27.0,37.458567251461986,0.09645467245091305,5,93
scale-free,100,31,40,45.0,19.0,9.0,9.0,87.0,19.0,23.0,37.458567251461986,0.09645467245091305,5,93
scale-free,100,31,41,45.0,27.0,9.0,9.0,73.0,27.0,27.0,37.458567251461986,0.09645467245091305,5,93
scale-free,100,31,42,45.0,27.0,9.0,9.0,9.0,27.0,27.0,37.458567251461986,0.09645467245091305,5,93
scale-free,100,31,43,45.0,27.0,9.0,9.0,9.0,27.0,27.0,37.458567251461986,0.09645467245091305,5,93
scale-free,100,31,44,25.0,27.0,9.0,9.0,9.0,27.0,27.0,37.458567251461986,0.09645467245091305,5,93
scale-free,100,31,45,18.0,27.0,9.0,9.0,4.0,27.0,27.0,37.458567251461986,0.09645467245091305,5,93
scale-free,100,31,46,25.0,27.0,9.0,9.0,9.0,27.0,27.0,37.458567251461986,0.09645467245091305,5,93
scale-free,100,31,47,45.0,27.0,9.0,9.0,73.0,27.0,27.0,37.458567251461986,0.09645467245091305,5,93
scale-free,100,31,48,45.0,27.0,9.0,9.0,73.0,27.0,27.0,37.458567251461986,0.09645467245091305,5,93
scale-free,100,31,49,45.0,27.0,9.0,9.0,9.0,27.0,27.0,37.458567251461986,0.09645467245091305,5,93
scale-free,100,31,50,45.0,27.0,9.0,9.0,9.0,27.0,27.0,37.458567251461986,0.09645467245091305,5,93
scale-free,100,31,51,18.0,10.0,7.0,7.0,65.0,10.0,9.0,37.458567251461986,0.09645467245091305,5,93
scale-free,100,31,52,45.0,27.0,9.0,9.0,73.0,27.0,27.0,37.458567251461986,0.09645467245091305,5,93
scale-free,100,31,53,25.0,27.0,9.0,9.0,9.0,27.0,27.0,37.458567251461986,0.09645467245091305,5,93
scale-free,100,31,54,25.0,27.0,9.0,9.0,9.0,27.0,27.0,37.458567251461986,0.09645467245091305,5,93
scale-free,100,31,55,18.0,27.0,9.0,9.0,4.0,27.0,27.0,37.458567251461986,0.09645467245091305,5,93
scale-free,100,31,56,45.0,27.0,9.0,9.0,9.0,27.0,27.0,37.458567251461986,0.09645467245091305,5,93
scale-free,100,31,57,45.0,27.0,9.0,9.0,9.0,27.0,27.0,37.458567251461986,0.09645467245091305,5,93
scale-free,100,31,58,25.0,27.0,9.0,9.0,9.0,27.0,27.0,37.458567251461986,0.09645467245091305,5,93
scale-free,100,31,59,45.0,27.0,9.0,9.0,9.0,27.0,27.0,37.458567251461986,0.09645467245091305,5,93
scale-free,100,31,60,45.0,18.0,9.0,9.0,87.0,18.0,21.0,37.458567251461986,0.09645467245091305,5,93
scale-free,100,31,61,45.0,27.0,9.0,9.0,9.0,27.0,27.0,37.458567251461986,0.09645467245091305,5,93
scale-free,100,31,62,45.0,14.0,9.0,9.0,87.0,14.0,15.0,37.458567251461986,0.09645467245091305,5,93
scale-free,100,31,63,45.0,27.0,9.0,9.0,9.0,27.0,27.0,37.458567251461986,0.09645467245091305,5,93
scale-free,100,31,64,25.0,27.0,9.0,9.0,9.0,27.0,27.0,37.458567251461986,0.09645467245091305,5,93
scale-free,100,31,65,45.0,27.0,9.0,9.0,9.0,27.0,27.0,37.458567251461986,0.09645467245091305,5,93
scale-free,100,31,66,25.0,27.0,9.0,9.0,9.0,27.0,27.0,37.458567251461986,0.09645467245091305,5,93
scale-free,100,31,67,45.0,27.0,9.0,9.0,9.0,27.0,27.0,37.458567251461986,0.09645467245091305,5,93
scale-free,100,31,68,25.0,27.0,9.0,9.0,9.0,27.0,27.0,37.458567251461986,0.09645467245091305,5,93
scale-free,100,31,69,45.0,27.0,9.0,9.0,9.0,27.0,27.0,37.458567251461986,0.09645467245091305,5,93
scale-free,100,31,70,45.0,27.0,9.0,9.0,9.0,27.0,27.0,37.458567251461986,0.09645467245091305,5,93
scale-free,100,31,71,45.0,27.0,9.0,9.0,73.0,27.0,27.0,37.458567251461986,0.09645467245091305,5,93
scale-free,100,31,72,45.0,12.0,9.0,9.0,87.0,11.0,12.0,37.458567251461986,0.09645467245091305,5,93
scale-free,100,31,73,25.0,27.0,9.0,9.0,9.0,27.0,27.0,37.458567251461986,0.09645467245091305,5,93
scale-free,100,31,74,45.0,27.0,9.0,9.0,73.0,27.0,27.0,37.458567251461986,0.09645467245091305,5,93
scale-free,100,31,75,45.0,27.0,9.0,9.0,9.0,27.0,27.0,37.458567251461986,0.09645467245091305,5,93
scale-free,100,31,76,45.0,19.0,9.0,9.0,87.0,19.0,19.0,37.458567251461986,0.09645467245091305,5,93
scale-free,100,31,77,45.0,27.0,9.0,9.0,9.0,27.0,27.0,37.458567251461986,0.09645467245091305,5,93
scale-free,100,31,78,45.0,27.0,9.0,9.0,9.0,27.0,27.0,37.458567251461986,0.09645467245091305,5,93
scale-free,100,31,79,45.0,27.0,9.0,9.0,9.0,27.0,27.0,37.458567251461986,0.09645467245091305,5,93
scale-free,100,31,80,45.0,27.0,9.0,9.0,9.0,27.0,27.0,37.458567251461986,0.09645467245091305,5,93
scale-free,100,31,81,45.0,9.0,9.0,9.0,87.0,12.0,10.0,37.458567251461986,0.09645467245091305,5,93
scale-free,100,31,82,45.0,27.0,9.0,9.0,9.0,27.0,27.0,37.458567251461986,0.09645467245091305,5,93
scale-free,100,31,83,45.0,27.0,9.0,9.0,9.0,27.0,27.0,37.458567251461986,0.09645467245091305,5,93
scale-free,100,31,84,45.0,27.0,9.0,9.0,9.0,27.0,27.0,37.458567251461986,0.09645467245091305,5,93
scale-free,100,31,85,45.0,27.0,9.0,9.0,9.0,27.0,27.0,37.458567251461986,0.09645467245091305,5,93
scale-free,100,31,86,45.0,27.0,9.0,9.0,73.0,27.0,27.0,37.458567251461986,0.09645467245091305,5,93
scale-free,100,31,87,45.0,27.0,9.0,9.0,73.0,27.0,27.0,37.458567251461986,0.09645467245091305,5,93
scale-free,100,31,88,45.0,27.0,9.0,9.0,73.0,27.0,27.0,37.458567251461986,0.09645467245091305,5,93
scale-free,100,31,89,45.0,27.0,9.0,9.0,73.0,27.0,27.0,37.458567251461986,0.09645467245091305,5,93
scale-free,100,31,90,45.0,27.0,9.0,9.0,9.0,27.0,27.0,37.458567251461986,0.09645467245091305,5,93
scale-free,100,31,91,45.0,27.0,9.0,9.0,9.0,27.0,27.0,37.458567251461986,0.09645467245091305,5,93
scale-free,100,31,92,45.0,27.0,9.0,9.0,9.0,27.0,27.0,37.458567251461986,0.09645467245091305,5,93
scale-free,100,31,93,45.0,27.0,9.0,9.0,9.0,27.0,27.0,37.458567251461986,0.09645467245091305,5,93
scale-free,100,31,94,45.0,27.0,9.0,9.0,9.0,27.0,27.0,37.458567251461986,0.09645467245091305,5,93
scale-free,100,31,95,45.0,19.0,9.0,9.0,87.0,19.0,23.0,37.458567251461986,0.09645467245091305,5,93
scale-free,100,31,96,45.0,14.0,9.0,9.0,87.0,14.0,15.0,37.458567251461986,0.09645467245091305,5,93
scale-free,100,31,97,45.0,14.0,9.0,9.0,87.0,14.0,15.0,37.458567251461986,0.09645467245091305,5,93
scale-free,100,31,98,45.0,27.0,9.0,9.0,73.0,27.0,27.0,37.458567251461986,0.09645467245091305,5,93
scale-free,100,31,99,45.0,27.0,9.0,9.0,9.0,27.0,27.0,37.458567251461986,0.09645467245091305,5,93
scale-free,100,32,0,2.0,2.0,2.0,2.0,82.0,2.0,2.0,32.556688228438226,0.1337540954773848,5,96
scale-free,100,32,1,1.0,1.0,1.0,1.0,82.0,1.0,1.0,32.556688228438226,0.1337540954773848,5,96
scale-free,100,32,2,3.0,3.0,3.0,3.0,82.0,3.0,3.0,32.556688228438226,0.1337540954773848,5,96
scale-free,100,32,3,4.0,14.0,6.0,6.0,6.0,14.0,17.0,32.556688228438226,0.1337540954773848,5,96
scale-free,100,32,4,45.0,30.0,15.0,15.0,22.0,30.0,30.0,32.556688228438226,0.1337540954773848,5,96
scale-free,100,32,5,12.0,30.0,15.0,15.0,6.0,30.0,30.0,32.556688228438226,0.1337540954773848,5,96
scale-free,100,32,6,7.0,30.0,15.0,15.0,22.0,30.0,30.0,32.556688228438226,0.1337540954773848,5,96
scale-free,100,32,7,32.0,30.0,15.0,15.0,22.0,30.0,30.0,32.556688228438226,0.1337540954773848,5,96
scale-free,100,32,8,5.0,30.0,15.0,15.0,4.0,30.0,30.0,32.556688228438226,0.1337540954773848,5,96
scale-free,100,32,9,7.0,30.0,15.0,15.0,8.0,30.0,30.0,32.556688228438226,0.1337540954773848,5,96
scale-free,100,32,10,6.0,22.0,11.0,11.0,4.0,22.0,23.0,32.556688228438226,0.1337540954773848,5,96
scale-free,100,32,11,16.0,30.0,15.0,15.0,22.0,30.0,30.0,32.556688228438226,0.1337540954773848,5,96
scale-free,100,32,12,45.0,30.0,15.0,15.0,22.0,30.0,30.0,32.556688228438226,0.1337540954773848,5,96
scale-free,100,32,13,7.0,30.0,15.0,15.0,22.0,30.0,30.0,32.556688228438226,0.1337540954773848,5,96
scale-free,100,32,14,45.0,22.0,15.0,15.0,88.0,22.0,28.0,32.556688228438226,0.1337540954773848,5,96
scale-free,100,32,15,32.0,30.0,15.0,15.0,22.0,30.0,30.0,32.556688228438226,0.1337540954773848,5,96
scale-free,100,32,16,16.0,22.0,14.0,14.0,22.0,22.0,21.0,32.556688228438226,0.1337540954773848,5,96
scale-free,100,32,17,16.0,10.0,5.0,5.0,22.0,10.0,8.0,32.556688228438226,0.1337540954773848,5,96
scale-free,100,32,18,7.0,5.0,4.0,4.0,82.0,5.0,4.0,32.556688228438226,0.1337540954773848,5,96
scale-free,100,32,19,32.0,12.0,15.0,15.0,88.0,12.0,20.0,32.556688228438226,0.1337540954773848,5,96
scale-free,100,32,20,13.0,30.0,15.0,15.0,8.0,30.0,30.0,32.556688228438226,0.1337540954773848,5,96
scale-free,100,32,21,32.0,12.0,15.0,15.0,88.0,12.0,12.0,32.556688228438226,0.1337540954773848,5,96
scale-free,100,32,22,45.0,30.0,15.0,15.0,22.0,30.0,30.0,32.556688228438226,0.1337540954773848,5,96
scale-free,100,32,23,23.0,30.0,15.0,15.0,8.0,30.0,30.0,32.556688228438226,0.1337540954773848,5,96
scale-free,100,32,24,16.0,30.0,15.0,15.0,3.0,30.0,30.0,32.556688228438226,0.1337540954773848,5,96
scale-free,100,32,25,32.0,30.0,15.0,15.0,22.0,30.0,30.0,32.556688228438226,0.1337540954773848,5,96
scale-free,100,32,26,23.0,19.0,8.0,8.0,22.0,19.0,16.0,32.556688228438226,0.1337540954773848,5,96
scale-free,100,32,27,23.0,30.0,15.0,15.0,22.0,30.0,30.0,32.556688228438226,0.1337540954773848,5,96
scale-free,100,32,28,23.0,22.0,13.0,13.0,8.0,22.0,22.0,32.556688228438226,0.1337540954773848,5,96
scale-free,100,32,29,23.0,17.0,15.0,15.0,22.0,14.0,26.0,32.556688228438226,0.1337540954773848,5,96
scale-free,100,32,30,16.0,14.0,11.0,11.0,12.0,14.0,15.0,32.556688228438226,0.1337540954773848,5,96
scale-free,100,32,31,23.0,11.0,7.0,7.0,22.0,10.0,9.0,32.556688228438226,0.1337540954773848,5,96
scale-free,100,32,32,45.0,30.0,15.0,15.0,22.0,30.0,30.0,32.556688228438226,0.1337540954773848,5,96
scale-free,100,32,33,13.0,30.0,15.0,15.0,12.0,30.0,30.0,32.556688228438226,0.1337540954773848,5,96
scale-free,100,32,34,7.0,30.0,15.0,15.0,1.0,30.0,30.0,32.556688228438226,0.1337540954773848,5,96
scale-free,100,32,35,45.0,30.0,15.0,15.0,22.0,30.0,30.0,32.556688228438226,0.1337540954773848,5,96
scale-free,100,32,36,23.0,30.0,15.0,15.0,22.0,30.0,30.0,32.556688228438226,0.1337540954773848,5,96
scale-free,100,32,37,45.0,30.0,15.0,15.0,22.0,30.0,30.0,32.556688228438226,0.1337540954773848,5,96
scale-free,100,32,38,23.0,6.0,15.0,15.0,88.0,6.0,7.0,32.556688228438226,0.1337540954773848,5,96
scale-free,100,32,39,45.0,30.0,15.0,15.0,22.0,30.0,30.0,32.556688228438226,0.1337540954773848,5,96
scale-free,100,32,40,45.0,30.0,15.0,15.0,22.0,30.0,30.0,32.556688228438226,0.1337540954773848,5,96
scale-free,100,32,41,45.0,30.0,15.0,15.0,22.0,30.0,30.0,32.556688228438226,0.1337540954773848,5,96
scale-free,100,32,42,45.0,30.0,15.0,15.0,22.0,30.0,30.0,32.556688228438226,0.1337540954773848,5,96
scale-free,100,32,43,45.0,30.0,15.0,15.0,22.0,30.0,30.0,32.556688228438226,0.1337540954773848,5,96
scale-free,100,32,44,45.0,19.0,15.0,15.0,88.0,19.0,24.0,32.556688228438226,0.1337540954773848,5,96
scale-free,100,32,45,13.0,9.0,15.0,15.0,88.0,9.0,11.0,32.556688228438226,0.1337540954773848,5,96
scale-free,100,32,46,45.0,4.0,15.0,15.0,88.0,4.0,6.0,32.556688228438226,0.1337540954773848,5,96
scale-free,100,32,47,32.0,30.0,15.0,15.0,22.0,30.0,30.0,32.556688228438226,0.1337540954773848,5,96
scale-free,100,32,48,45.0,30.0,15.0,15.0,22.0,30.0,30.0,32.556688228438226,0.1337540954773848,5,96
scale-free,100,32,49,45.0,30.0,15.0,15.0,22.0,30.0,30.0,32.556688228438226,0.1337540954773848,5,96
scale-free,100,32,50,32.0,30.0,15.0,15.0,22.0,30.0,30.0,32.556688228438226,0.1337540954773848,5,96
scale-free,100,32,51,45.0,30.0,15.0,15.0,22.0,30.0,30.0,32.556688228438226,0.1337540954773848,5,96
scale-free,100,32,52,32.0,30.0,15.0,15.0,22.0,30.0,30.0,32.556688228438226,0.1337540954773848,5,96
scale-free,100,32,53,32.0,30.0,15.0,15.0,12.0,30.0,30.0,32.556688228438226,0.1337540954773848,5,96
scale-free,100,32,54,23.0,14.0,8.0,8.0,22.0,14.0,10.0,32.556688228438226,0.1337540954773848,5,96
scale-free,100,32,55,32.0,22.0,8.0,8.0,22.0,22.0,13.0,32.556688228438226,0.1337540954773848,5,96
scale-free,100,32,56,45.0,30.0,15.0,15.0,22.0,30.0,30.0,32.556688228438226,0.1337540954773848,5,96
scale-free,100,32,57,45.0,30.0,15.0,15.0,22.0,30.0,30.0,32.556688228438226,0.1337540954773848,5,96
scale-free,100,32,58,32.0,30.0,15.0,15.0,12.0,30.0,30.0,32.556688228438226,0.1337540954773848,5,96
scale-free,100,32,59,45.0,30.0,15.0,15.0,22.0,30.0,30.0,32.556688228438226,0.1337540954773848,5,96
scale-free,100,32,60,45.0,17.0,15.0,15.0,88.0,14.0,26.0,32.556688228438226,0.1337540954773848,5,96
scale-free,100,32,61,45.0,30.0,15.0,15.0,22.0,30.0,30.0,32.556688228438226,0.1337540954773848,5,96
scale-free,100,32,62,16.0,8.0,15.0,15.0,88.0,8.0,14.0,32.556688228438226,0.1337540954773848,5,96
scale-free,100,32,63,45.0,30.0,15.0,15.0,22.0,30.0,30.0,32.556688228438226,0.1337540954773848,5,96
scale-free,100,32,64,32.0,30.0,15.0,15.0,12.0,30.0,30.0,32.556688228438226,0.1337540954773848,5,96
scale-free,100,32,65,45.0,30.0,15.0,15.0,22.0,30.0,30.0,32.556688228438226,0.1337540954773848,5,96
scale-free,100,32,66,45.0,30.0,15.0,15.0,22.0,30.0,30.0,32.556688228438226,0.1337540954773848,5,96
scale-free,100,32,67,45.0,30.0,15.0,15.0,12.0,30.0,30.0,32.556688228438226,0.1337540954773848,5,96
scale-free,100,32,68,45.0,30.0,15.0,15.0,22.0,30.0,30.0,32.556688228438226,0.1337540954773848,5,96
scale-free,100,32,69,45.0,30.0,15.0,15.0,22.0,30.0,30.0,32.556688228438226,0.1337540954773848,5,96
scale-free,100,32,70,45.0,30.0,15.0,15.0,22.0,30.0,30.0,32.556688228438226,0.1337540954773848,5,96
scale-free,100,32,71,45.0,30.0,15.0,15.0,12.0,30.0,30.0,32.556688228438226,0.1337540954773848,5,96
scale-free,100,32,72,45.0,30.0,15.0,15.0,22.0,30.0,30.0,32.556688228438226,0.1337540954773848,5,96
scale-free,100,32,73,32.0,7.0,15.0,15.0,82.0,7.0,5.0,32.556688228438226,0.1337540954773848,5,96
scale-free,100,32,74,45.0,30.0,15.0,15.0,22.0,30.0,30.0,32.556688228438226,0.1337540954773848,5,96
scale-free,100,32,75,45.0,30.0,15.0,15.0,22.0,30.0,30.0,32.556688228438226,0.1337540954773848,5,96
scale-free,100,32,76,45.0,19.0,15.0,15.0,88.0,19.0,24.0,32.556688228438226,0.1337540954773848,5,96
scale-free,100,32,77,45.0,30.0,15.0,15.0,22.0,30.0,30.0,32.556688228438226,0.1337540954773848,5,96
scale-free,100,32,78,16.0,30.0,15.0,15.0,1.0,30.0,30.0,32.556688228438226,0.1337540954773848,5,96
scale-free,100,32,79,45.0,30.0,15.0,15.0,12.0,30.0,30.0,32.556688228438226,0.1337540954773848,5,96
scale-free,100,32,80,45.0,30.0,15.0,15.0,22.0,30.0,30.0,32.556688228438226,0.1337540954773848,5,96
scale-free,100,32,81,45.0,30.0,15.0,15.0,22.0,30.0,30.0,32.556688228438226,0.1337540954773848,5,96
scale-free,100,32,82,45.0,30.0,15.0,15.0,22.0,30.0,30.0,32.556688228438226,0.1337540954773848,5,96
scale-free,100,32,83,45.0,30.0,15.0,15.0,22.0,30.0,30.0,32.556688228438226,0.1337540954773848,5,96
scale-free,100,32,84,45.0,30.0,15.0,15.0,22.0,30.0,30.0,32.556688228438226,0.1337540954773848,5,96
scale-free,100,32,85,45.0,30.0,15.0,15.0,22.0,30.0,30.0,32.556688228438226,0.1337540954773848,5,96
scale-free,100,32,86,45.0,22.0,15.0,15.0,88.0,22.0,17.0,32.556688228438226,0.1337540954773848,5,96
scale-free,100,32,87,45.0,30.0,15.0,15.0,22.0,30.0,30.0,32.556688228438226,0.1337540954773848,5,96
scale-free,100,32,88,45.0,22.0,15.0,15.0,88.0,22.0,28.0,32.556688228438226,0.1337540954773848,5,96
scale-free,100,32,89,45.0,30.0,15.0,15.0,22.0,30.0,30.0,32.556688228438226,0.1337540954773848,5,96
scale-free,100,32,90,45.0,30.0,15.0,15.0,12.0,30.0,30.0,32.556688228438226,0.1337540954773848,5,96
scale-free,100,32,91,45.0,30.0,15.0,15.0,87.0,30.0,30.0,32.556688228438226,0.1337540954773848,5,96
scale-free,100,32,92,45.0,30.0,15.0,15.0,22.0,30.0,30.0,32.556688228438226,0.1337540954773848,5,96
scale-free,100,32,93,45.0,30.0,15.0,15.0,12.0,30.0,30.0,32.556688228438226,0.1337540954773848,5,96
scale-free,100,32,94,45.0,30.0,15.0,15.0,22.0,30.0,30.0,32.556688228438226,0.1337540954773848,5,96
scale-free,100,32,95,45.0,30.0,15.0,15.0,22.0,30.0,30.0,32.556688228438226,0.1337540954773848,5,96
scale-free,100,32,96,45.0,30.0,15.0,15.0,22.0,30.0,30.0,32.556688228438226,0.1337540954773848,5,96
scale-free,100,32,97,45.0,30.0,15.0,15.0,22.0,30.0,30.0,32.556688228438226,0.1337540954773848,5,96
scale-free,100,32,98,45.0,30.0,15.0,15.0,22.0,30.0,30.0,32.556688228438226,0.1337540954773848,5,96
scale-free,100,32,99,45.0,22.0,15.0,15.0,88.0,22.0,17.0,32.556688228438226,0.1337540954773848,5,96
