scale-free,100,33,0,1.0,1.0,1.0,1.0,73.0,1.0,1.0,23.88388768489852,0.08694156032783484,5,92
scale-free,100,33,1,3.0,1.0,3.0,3.0,73.0,3.0,3.0,23.88388768489852,0.08694156032783484,5,92
scale-free,100,33,2,2.0,3.0,2.0,2.0,73.0,2.0,2.0,23.88388768489852,0.08694156032783484,5,92
scale-free,100,33,3,6.0,13.0,5.0,4.0,73.0,13.0,11.0,23.88388768489852,0.08694156032783484,5,92
scale-free,100,33,4,19.0,11.0,15.0,15.0,89.0,12.0,9.0,23.88388768489852,0.08694156032783484,5,92
scale-free,100,33,5,5.0,6.0,15.0,15.0,89.0,5.0,4.0,23.88388768489852,0.08694156032783484,5,92
scale-free,100,33,6,49.0,29.0,15.0,15.0,14.0,29.0,29.0,23.88388768489852,0.08694156032783484,5,92
scale-free,100,33,7,12.0,5.0,15.0,15.0,89.0,6.0,10.0,23.88388768489852,0.08694156032783484,5,92
scale-free,100,33,8,13.0,29.0,15.0,15.0,14.0,29.0,29.0,23.88388768489852,0.08694156032783484,5,92
scale-free,100,33,9,8.0,8.0,8.0,8.0,73.0,8.0,7.0,23.88388768489852,0.08694156032783484,5,92
scale-free,100,33,10,15.0,29.0,15.0,15.0,14.0,29.0,29.0,23.88388768489852,0.08694156032783484,5,92
scale-free,100,33,11,4.0,29.0,15.0,15.0,2.0,29.0,29.0,23.88388768489852,0.08694156032783484,5,92
scale-free,100,33,12,9.0,14.0,6.0,6.0,73.0,14.0,8.0,23.88388768489852,0.08694156032783484,5,92
scale-free,100,33,13,9.0,29.0,15.0,15.0,14.0,29.0,29.0,23.88388768489852,0.08694156032783484,5,92
scale-free,100,33,14,9.0,4.0,15.0,15.0,89.0,4.0,6.0,23.88388768489852,0.08694156032783484,5,92
scale-free,100,33,15,15.0,29.0,15.0,15.0,2.0,29.0,29.0,23.88388768489852,0.08694156032783484,5,92
scale-free,100,33,16,19.0,29.0,15.0,15.0,14.0,29.0,29.0,23.88388768489852,0.08694156032783484,5,92
scale-free,100,33,17,23.0,12.0,15.0,15.0,89.0,11.0,14.0,23.88388768489852,0.08694156032783484,5,92
scale-free,100,33,18,23.0,29.0,15.0,15.0,14.0,29.0,29.0,23.88388768489852,0.08694156032783484,5,92
scale-free,100,33,19,34.0,17.0,15.0,15.0,73.0,17.0,26.0,23.88388768489852,0.08694156032783484,5,92
scale-free,100,33,20,49.0,29.0,15.0,15.0,14.0,29.0,29.0,23.88388768489852,0.08694156032783484,5,92
scale-free,100,33,21,34.0,29.0,15.0,15.0,14.0,29.0,29.0,23.88388768489852,0.08694156032783484,5,92
scale-free,100,33,22,13.0,10.0,15.0,15.0,89.0,9.0,12.0,23.88388768489852,0.08694156032783484,5,92
scale-free,100,33,23,49.0,29.0,15.0,15.0,14.0,29.0,29.0,23.88388768489852,0.08694156032783484,5,92
scale-free,100,33,24,34.0,29.0,15.0,15.0,14.0,29.0,29.0,23.88388768489852,0.08694156032783484,5,92
scale-free,100,33,25,49.0,29.0,15.0,15.0,14.0,29.0,29.0,23.88388768489852,0.08694156032783484,5,92
scale-free,100,33,26,49.0,29.0,15.0,15.0,14.0,29.0,29.0,23.88388768489852,0.08694156032783484,5,92
scale-free,100,33,27,15.0,29.0,15.0,15.0,2.0,29.0,29.0,23.88388768489852,0.08694156032783484,5,92
scale-free,100,33,28,23.0,18.0,15.0,15.0,14.0,18.0,27.0,23.88388768489852,0.08694156032783484,5,92
scale-free,100,33,29,34.0,29.0,15.0,15.0,14.0,29.0,29.0,23.88388768489852,0.08694156032783484,5,92
scale-free,100,33,30,7.0,7.0,4.0,5.0,73.0,7.0,5.0,23.88388768489852,0.08694156032783484,5,92
scale-free,100,33,31,23.0,29.0,15.0,15.0,14.0,29.0,29.0,23.88388768489852,0.08694156032783484,5,92
scale-free,100,33,32,34.0,29.0,15.0,15.0,14.0,29.0,29.0,23.88388768489852,0.08694156032783484,5,92
scale-free,100,33,33,15.0,15.0,7.0,7.0,73.0,15.0,23.0,23.88388768489852,0.08694156032783484,5,92
scale-free,100,33,34,34.0,21.0,10.0,10.0,14.0,21.0,17.0,23.88388768489852,0.08694156032783484,5,92
scale-free,100,33,35,49.0,29.0,15.0,15.0,82.0,29.0,29.0,23.88388768489852,0.08694156032783484,5,92
scale-free,100,33,36,49.0,29.0,15.0,15.0,14.0,29.0,29.0,23.88388768489852,0.08694156032783484,5,92
scale-free,100,33,37,49.0,29.0,15.0,15.0,14.0,29.0,29.0,23.88388768489852,0.08694156032783484,5,92
scale-free,100,33,38,49.0,29.0,15.0,15.0,2.0,29.0,29.0,23.88388768489852,0.08694156032783484,5,92
scale-free,100,33,39,19.0,9.0,15.0,15.0,89.0,10.0,13.0,23.88388768489852,0.08694156032783484,5,92
scale-free,100,33,40,49.0,29.0,15.0,15.0,14.0,29.0,29.0,23.88388768489852,0.08694156032783484,5,92
scale-free,100,33,41,49.0,29.0,15.0,15.0,82.0,29.0,29.0,23.88388768489852,0.08694156032783484,5,92
scale-free,100,33,42,23.0,29.0,15.0,15.0,2.0,29.0,29.0,23.88388768489852,0.08694156032783484,5,92
scale-free,100,33,43,34.0,18.0,15.0,15.0,89.0,18.0,20.0,23.88388768489852,0.08694156032783484,5,92
scale-free,100,33,44,49.0,29.0,15.0,15.0,14.0,29.0,29.0,23.88388768489852,0.08694156032783484,5,92
scale-free,100,33,45,23.0,29.0,15.0,15.0,14.0,29.0,29.0,23.88388768489852,0.08694156032783484,5,92
scale-free,100,33,46,49.0,29.0,15.0,15.0,14.0,29.0,29.0,23.88388768489852,0.08694156032783484,5,92
scale-free,100,33,47,34.0,29.0,15.0,15.0,2.0,29.0,29.0,23.88388768489852,0.08694156032783484,5,92
scale-free,100,33,48,23.0,29.0,15.0,15.0,2.0,29.0,29.0,23.88388768489852,0.08694156032783484,5,92
scale-free,100,33,49,49.0,29.0,15.0,15.0,14.0,29.0,29.0,23.88388768489852,0.08694156032783484,5,92
scale-free,100,33,50,23.0,21.0,14.0,14.0,14.0,21.0,24.0,23.88388768489852,0.08694156032783484,5,92
scale-free,100,33,51,34.0,21.0,10.0,10.0,14.0,21.0,17.0,23.88388768489852,0.08694156032783484,5,92
scale-free,100,33,52,49.0,29.0,15.0,15.0,14.0,29.0,29.0,23.88388768489852,0.08694156032783484,5,92
scale-free,100,33,53,34.0,21.0,10.0,10.0,14.0,21.0,17.0,23.88388768489852,0.08694156032783484,5,92
scale-free,100,33,54,19.0,29.0,15.0,15.0,2.0,29.0,29.0,23.88388768489852,0.08694156032783484,5,92
scale-free,100,33,55,49.0,29.0,15.0,15.0,14.0,29.0,29.0,23.88388768489852,0.08694156032783484,5,92
scale-free,100,33,56,49.0,29.0,15.0,15.0,14.0,29.0,29.0,23.88388768489852,0.08694156032783484,5,92
scale-free,100,33,57,34.0,29.0,15.0,15.0,14.0,29.0,29.0,23.88388768489852,0.08694156032783484,5,92
scale-free,100,33,58,23.0,21.0,13.0,13.0,14.0,21.0,21.0,23.88388768489852,0.08694156032783484,5,92
scale-free,100,33,59,49.0,29.0,15.0,15.0,14.0,29.0,29.0,23.88388768489852,0.08694156032783484,5,92
scale-free,100,33,60,23.0,18.0,9.0,9.0,14.0,18.0,15.0,23.88388768489852,0.08694156032783484,5,92
scale-free,100,33,61,49.0,29.0,15.0,15.0,2.0,29.0,29.0,23.88388768489852,0.08694156032783484,5,92
scale-free,100,33,62,49.0,29.0,15.0,15.0,14.0,29.0,29.0,23.88388768489852,0.08694156032783484,5,92
scale-free,100,33,63,49.0,29.0,15.0,15.0,14.0,29.0,29.0,23.88388768489852,0.08694156032783484,5,92
scale-free,100,33,64,34.0,29.0,15.0,15.0,1.0,29.0,29.0,23.88388768489852,0.08694156032783484,5,92
scale-free,100,33,65,49.0,29.0,15.0,15.0,14.0,29.0,29.0,23.88388768489852,0.08694156032783484,5,92
scale-free,100,33,66,49.0,29.0,15.0,15.0,14.0,29.0,29.0,23.88388768489852,0.08694156032783484,5,92
scale-free,100,33,67,23.0,29.0,15.0,15.0,2.0,29.0,29.0,23.88388768489852,0.08694156032783484,5,92
scale-free,100,33,68,49.0,29.0,15.0,15.0,14.0,29.0,29.0,23.88388768489852,0.08694156032783484,5,92
scale-free,100,33,69,49.0,29.0,15.0,15.0,82.0,29.0,29.0,23.88388768489852,0.08694156032783484,5,92
scale-free,100,33,70,49.0,21.0,15.0,15.0,89.0,21.0,21.0,23.88388768489852,0.08694156032783484,5,92
scale-free,100,33,71,49.0,29.0,15.0,15.0,14.0,29.0,29.0,23.88388768489852,0.08694156032783484,5,92
scale-free,100,33,72,49.0,29.0,15.0,15.0,14.0,29.0,29.0,23.88388768489852,0.08694156032783484,5,92
scale-free,100,33,73,49.0,29.0,15.0,15.0,14.0,29.0,29.0,23.88388768489852,0.08694156032783484,5,92
scale-free,100,33,74,34.0,29.0,15.0,15.0,14.0,29.0,29.0,23.88388768489852,0.08694156032783484,5,92
scale-free,100,33,75,34.0,29.0,15.0,15.0,14.0,29.0,29.0,23.88388768489852,0.08694156032783484,5,92
scale-free,100,33,76,49.0,29.0,15.0,15.0,14.0,29.0,29.0,23.88388768489852,0.08694156032783484,5,92
scale-free,100,33,77,49.0,29.0,15.0,15.0,2.0,29.0,29.0,23.88388768489852,0.08694156032783484,5,92
scale-free,100,33,78,49.0,29.0,15.0,15.0,82.0,29.0,29.0,23.88388768489852,0.08694156032783484,5,92
scale-free,100,33,79,49.0,29.0,15.0,15.0,2.0,29.0,29.0,23.88388768489852,0.08694156032783484,5,92
scale-free,100,33,80,49.0,29.0,15.0,15.0,14.0,29.0,29.0,23.88388768489852,0.08694156032783484,5,92
scale-free,100,33,81,49.0,21.0,15.0,15.0,89.0,21.0,24.0,23.88388768489852,0.08694156032783484,5,92
scale-free,100,33,82,49.0,29.0,15.0,15.0,14.0,29.0,29.0,23.88388768489852,0.08694156032783484,5,92
scale-free,100,33,83,49.0,29.0,15.0,15.0,14.0,29.0,29.0,23.88388768489852,0.08694156032783484,5,92
scale-free,100,33,84,49.0,29.0,15.0,15.0,14.0,29.0,29.0,23.88388768489852,0.08694156032783484,5,92
scale-free,100,33,85,49.0,21.0,15.0,15.0,89.0,21.0,28.0,23.88388768489852,0.08694156032783484,5,92
scale-free,100,33,86,49.0,29.0,15.0,15.0,82.0,29.0,29.0,23.88388768489852,0.08694156032783484,5,92
scale-free,100,33,87,49.0,29.0,15.0,15.0,82.0,29.0,29.0,23.88388768489852,0.08694156032783484,5,92
scale-free,100,33,88,34.0,29.0,15.0,15.0,14.0,29.0,29.0,23.88388768489852,0.08694156032783484,5,92
scale-free,100,33,89,49.0,29.0,15.0,15.0,82.0,29.0,29.0,23.88388768489852,0.08694156032783484,5,92
scale-free,100,33,90,49.0,16.0,15.0,15.0,89.0,16.0,16.0,23.88388768489852,0.08694156032783484,5,92
scale-free,100,33,91,49.0,29.0,15.0,15.0,14.0,29.0,29.0,23.88388768489852,0.08694156032783484,5,92
scale-free,100,33,92,49.0,29.0,15.0,15.0,14.0,29.0,29.0,23.88388768489852,0.08694156032783484,5,92
scale-free,100,33,93,49.0,29.0,15.0,15.0,14.0,29.0,29.0,23.88388768489852,0.08694156032783484,5,92
scale-free,100,33,94,49.0,29.0,15.0,15.0,14.0,29.0,29.0,23.88388768489852,0.08694156032783484,5,92
scale-free,100,33,95,49.0,29.0,15.0,15.0,14.0,29.0,29.0,23.88388768489852,0.08694156032783484,5,92
scale-free,100,33,96,49.0,29.0,15.0,15.0,14.0,29.0,29.0,23.88388768489852,0.08694156032783484,5,92
scale-free,100,33,97,49.0,29.0,15.0,15.0,14.0,29.0,29.0,23.88388768489852,0.08694156032783484,5,92
scale-free,100,33,98,49.0,29.0,15.0,15.0,14.0,29.0,29.0,23.88388768489852,0.08694156032783484,5,92
scale-free,100,33,99,49.0,29.0,15.0,15.0,14.0,29.0,29.0,23.88388768489852,0.08694156032783484,5,92
scale-free,100,34,0,2.0,2.0,2.0,2.0,74.0,2.0,2.0,25.131825980392158,0.1260230481863886,4,90
scale-free,100,34,1,3.0,3.0,3.0,3.0,74.0,3.0,3.0,25.131825980392158,0.1260230481863886,4,90
scale-free,100,34,2,1.0,1.0,1.0,1.0,74.0,1.0,1.0,25.131825980392158,0.1260230481863886,4,90
scale-free,100,34,3,4.0,27.0,11.0,11.0,1.0,27.0,27.0,25.131825980392158,0.1260230481863886,4,90
scale-free,100,34,4,8.0,13.0,11.0,11.0,91.0,13.0,15.0,25.131825980392158,0.1260230481863886,4,90
scale-free,100,34,5,14.0,19.0,9.0,9.0,12.0,19.0,21.0,25.131825980392158,0.1260230481863886,4,90
scale-free,100,34,6,22.0,12.0,11.0,11.0,74.0,12.0,11.0,25.131825980392158,0.1260230481863886,4,90
scale-free,100,34,7,8.0,27.0,11.0,11.0,1.0,27.0,27.0,25.131825980392158,0.1260230481863886,4,90
scale-free,100,34,8,8.0,10.0,11.0,11.0,74.0,9.0,10.0,25.131825980392158,0.1260230481863886,4,90
scale-free,100,34,9,38.0,14.0,11.0,11.0,91.0,14.0,16.0,25.131825980392158,0.1260230481863886,4,90
scale-free,100,34,10,38.0,9.0,11.0,11.0,91.0,11.0,11.0,25.131825980392158,0.1260230481863886,4,90
scale-free,100,34,11,38.0,27.0,11.0,11.0,12.0,27.0,27.0,25.131825980392158,0.1260230481863886,4,90
scale-free,100,34,12,8.0,27.0,11.0,11.0,12.0,27.0,27.0,25.131825980392158,0.1260230481863886,4,90
scale-free,100,34,13,5.0,4.0,5.0,5.0,74.0,4.0,4.0,25.131825980392158,0.1260230481863886,4,90
scale-free,100,34,14,38.0,27.0,11.0,11.0,12.0,27.0,27.0,25.131825980392158,0.1260230481863886,4,90
scale-free,100,34,15,14.0,27.0,11.0,11.0,12.0,27.0,27.0,25.131825980392158,0.1260230481863886,4,90
scale-free,100,34,16,6.0,27.0,11.0,11.0,12.0,27.0,27.0,25.131825980392158,0.1260230481863886,4,90
scale-free,100,34,17,22.0,27.0,11.0,11.0,12.0,27.0,27.0,25.131825980392158,0.1260230481863886,4,90
scale-free,100,34,18,14.0,27.0,11.0,11.0,12.0,27.0,27.0,25.131825980392158,0.1260230481863886,4,90
scale-free,100,34,19,22.0,27.0,11.0,11.0,1.0,27.0,27.0,25.131825980392158,0.1260230481863886,4,90
scale-free,100,34,20,7.0,10.0,4.0,4.0,74.0,9.0,9.0,25.131825980392158,0.1260230481863886,4,90
scale-free,100,34,21,8.0,16.0,11.0,11.0,91.0,16.0,13.0,25.131825980392158,0.1260230481863886,4,90
scale-free,100,34,22,38.0,27.0,11.0,11.0,12.0,27.0,27.0,25.131825980392158,0.1260230481863886,4,90
scale-free,100,34,23,14.0,6.0,11.0,11.0,74.0,6.0,5.0,25.131825980392158,0.1260230481863886,4,90
scale-free,100,34,24,22.0,27.0,11.0,11.0,1.0,27.0,27.0,25.131825980392158,0.1260230481863886,4,90
scale-free,100,34,25,14.0,27.0,11.0,11.0,12.0,27.0,27.0,25.131825980392158,0.1260230481863886,4,90
scale-free,100,34,26,22.0,27.0,11.0,11.0,12.0,27.0,27.0,25.131825980392158,0.1260230481863886,4,90
scale-free,100,34,27,22.0,8.0,11.0,11.0,74.0,8.0,5.0,25.131825980392158,0.1260230481863886,4,90
scale-free,100,34,28,38.0,27.0,11.0,11.0,12.0,27.0,27.0,25.131825980392158,0.1260230481863886,4,90
scale-free,100,34,29,38.0,27.0,11.0,11.0,12.0,27.0,27.0,25.131825980392158,0.1260230481863886,4,90
scale-free,100,34,30,22.0,27.0,11.0,11.0,1.0,27.0,27.0,25.131825980392158,0.1260230481863886,4,90
scale-free,100,34,31,14.0,18.0,6.0,6.0,12.0,18.0,18.0,25.131825980392158,0.1260230481863886,4,90
scale-free,100,34,32,14.0,19.0,6.0,6.0,12.0,19.0,19.0,25.131825980392158,0.1260230481863886,4,90
scale-free,100,34,33,22.0,15.0,11.0,11.0,74.0,15.0,16.0,25.131825980392158,0.1260230481863886,4,90
scale-free,100,34,34,38.0,27.0,11.0,11.0,1.0,27.0,27.0,25.131825980392158,0.1260230481863886,4,90
scale-free,100,34,35,38.0,27.0,11.0,11.0,12.0,27.0,27.0,25.131825980392158,0.1260230481863886,4,90
scale-free,100,34,36,22.0,19.0,10.0,10.0,12.0,19.0,21.0,25.131825980392158,0.1260230481863886,4,90
scale-free,100,34,37,38.0,27.0,11.0,11.0,12.0,27.0,27.0,25.131825980392158,0.1260230481863886,4,90
scale-free,100,34,38,38.0,27.0,11.0,11.0,12.0,27.0,27.0,25.131825980392158,0.1260230481863886,4,90
scale-free,100,34,39,14.0,27.0,11.0,11.0,12.0,27.0,27.0,25.131825980392158,0.1260230481863886,4,90
scale-free,100,34,40,22.0,27.0,11.0,11.0,12.0,27.0,27.0,25.131825980392158,0.1260230481863886,4,90
scale-free,100,34,41,22.0,27.0,11.0,11.0,1.0,27.0,27.0,25.131825980392158,0.1260230481863886,4,90
scale-free,100,34,42,22.0,19.0,6.0,6.0,12.0,19.0,19.0,25.131825980392158,0.1260230481863886,4,90
scale-free,100,34,43,38.0,27.0,11.0,11.0,12.0,27.0,27.0,25.131825980392158,0.1260230481863886,4,90
scale-free,100,34,44,22.0,6.0,11.0,11.0,74.0,6.0,5.0,25.131825980392158,0.1260230481863886,4,90
scale-free,100,34,45,38.0,27.0,11.0,11.0,12.0,27.0,27.0,25.131825980392158,0.1260230481863886,4,90
scale-free,100,34,46,38.0,27.0,11.0,11.0,12.0,27.0,27.0,25.131825980392158,0.1260230481863886,4,90
scale-free,100,34,47,38.0,27.0,11.0,11.0,12.0,27.0,27.0,25.131825980392158,0.1260230481863886,4,90
scale-free,100,34,48,38.0,27.0,11.0,11.0,12.0,27.0,27.0,25.131825980392158,0.1260230481863886,4,90
scale-free,100,34,49,38.0,19.0,11.0,11.0,91.0,19.0,21.0,25.131825980392158,0.1260230481863886,4,90
scale-free,100,34,50,38.0,27.0,11.0,11.0,12.0,27.0,27.0,25.131825980392158,0.1260230481863886,4,90
scale-free,100,34,51,38.0,27.0,11.0,11.0,12.0,27.0,27.0,25.131825980392158,0.1260230481863886,4,90
scale-free,100,34,52,38.0,27.0,11.0,11.0,12.0,27.0,27.0,25.131825980392158,0.1260230481863886,4,90
scale-free,100,34,53,38.0,27.0,11.0,11.0,12.0,27.0,27.0,25.131825980392158,0.1260230481863886,4,90
scale-free,100,34,54,38.0,27.0,11.0,11.0,12.0,27.0,27.0,25.131825980392158,0.1260230481863886,4,90
scale-free,100,34,55,22.0,27.0,11.0,11.0,12.0,27.0,27.0,25.131825980392158,0.1260230481863886,4,90
scale-free,100,34,56,38.0,19.0,11.0,11.0,91.0,19.0,21.0,25.131825980392158,0.1260230481863886,4,90
scale-free,100,34,57,38.0,27.0,11.0,11.0,12.0,27.0,27.0,25.131825980392158,0.1260230481863886,4,90
scale-free,100,34,58,38.0,27.0,11.0,11.0,12.0,27.0,27.0,25.131825980392158,0.1260230481863886,4,90
scale-free,100,34,59,38.0,27.0,11.0,11.0,12.0,27.0,27.0,25.131825980392158,0.1260230481863886,4,90
scale-free,100,34,60,38.0,27.0,11.0,11.0,12.0,27.0,27.0,25.131825980392158,0.1260230481863886,4,90
scale-free,100,34,61,22.0,27.0,11.0,11.0,1.0,27.0,27.0,25.131825980392158,0.1260230481863886,4,90
scale-free,100,34,62,38.0,27.0,11.0,11.0,12.0,27.0,27.0,25.131825980392158,0.1260230481863886,4,90
scale-free,100,34,63,38.0,27.0,11.0,11.0,12.0,27.0,27.0,25.131825980392158,0.1260230481863886,4,90
scale-free,100,34,64,38.0,5.0,11.0,11.0,91.0,5.0,5.0,25.131825980392158,0.1260230481863886,4,90
scale-free,100,34,65,22.0,27.0,11.0,11.0,1.0,27.0,27.0,25.131825980392158,0.1260230481863886,4,90
scale-free,100,34,66,38.0,27.0,11.0,11.0,1.0,27.0,27.0,25.131825980392158,0.1260230481863886,4,90
scale-free,100,34,67,38.0,27.0,11.0,11.0,12.0,27.0,27.0,25.131825980392158,0.1260230481863886,4,90
scale-free,100,34,68,38.0,27.0,11.0,11.0,12.0,27.0,27.0,25.131825980392158,0.1260230481863886,4,90
scale-free,100,34,69,38.0,27.0,11.0,11.0,12.0,27.0,27.0,25.131825980392158,0.1260230481863886,4,90
scale-free,100,34,70,8.0,17.0,11.0,11.0,91.0,17.0,14.0,25.131825980392158,0.1260230481863886,4,90
scale-free,100,34,71,38.0,27.0,11.0,11.0,12.0,27.0,27.0,25.131825980392158,0.1260230481863886,4,90
scale-free,100,34,72,38.0,27.0,11.0,11.0,85.0,27.0,27.0,25.131825980392158,0.1260230481863886,4,90
scale-free,100,34,73,38.0,27.0,11.0,11.0,1.0,27.0,27.0,25.131825980392158,0.1260230481863886,4,90
scale-free,100,34,74,38.0,27.0,11.0,11.0,12.0,27.0,27.0,25.131825980392158,0.1260230481863886,4,90
scale-free,100,34,75,38.0,27.0,11.0,11.0,12.0,27.0,27.0,25.131825980392158,0.1260230481863886,4,90
scale-free,100,34,76,38.0,27.0,11.0,11.0,12.0,27.0,27.0,25.131825980392158,0.1260230481863886,4,90
scale-free,100,34,77,38.0,27.0,11.0,11.0,12.0,27.0,27.0,25.131825980392158,0.1260230481863886,4,90
scale-free,100,34,78,38.0,27.0,11.0,11.0,12.0,27.0,27.0,25.131825980392158,0.1260230481863886,4,90
scale-free,100,34,79,38.0,27.0,11.0,11.0,12.0,27.0,27.0,25.131825980392158,0.1260230481863886,4,90
scale-free,100,34,80,38.0,27.0,11.0,11.0,12.0,27.0,27.0,25.131825980392158,0.1260230481863886,4,90
scale-free,100,34,81,38.0,27.0,11.0,11.0,85.0,27.0,27.0,25.131825980392158,0.1260230481863886,4,90
scale-free,100,34,82,38.0,27.0,11.0,11.0,12.0,27.0,27.0,25.131825980392158,0.1260230481863886,4,90
scale-free,100,34,83,38.0,27.0,11.0,11.0,12.0,27.0,27.0,25.131825980392158,0.1260230481863886,4,90
scale-free,100,34,84,38.0,19.0,11.0,11.0,91.0,19.0,21.0,25.131825980392158,0.1260230481863886,4,90
scale-free,100,34,85,38.0,27.0,11.0,11.0,12.0,27.0,27.0,25.131825980392158,0.1260230481863886,4,90
scale-free,100,34,86,38.0,27.0,11.0,11.0,85.0,27.0,27.0,25.131825980392158,0.1260230481863886,4,90
scale-free,100,34,87,38.0,27.0,11.0,11.0,12.0,27.0,27.0,25.131825980392158,0.1260230481863886,4,90
scale-free,100,34,88,38.0,27.0,11.0,11.0,12.0,27.0,27.0,25.131825980392158,0.1260230481863886,4,90
scale-free,100,34,89,38.0,27.0,11.0,11.0,12.0,27.0,27.0,25.131825980392158,0.1260230481863886,4,90
scale-free,100,34,90,38.0,27.0,11.0,11.0,12.0,27.0,27.0,25.131825980392158,0.1260230481863886,4,90
scale-free,100,34,91,38.0,27.0,11.0,11.0,85.0,27.0,27.0,25.131825980392158,0.1260230481863886,4,90
scale-free,100,34,92,38.0,27.0,11.0,11.0,12.0,27.0,27.0,25.131825980392158,0.1260230481863886,4,90
scale-free,100,34,93,38.0,27.0,11.0,11.0,85.0,27.0,27.0,25.131825980392158,0.1260230481863886,4,90
scale-free,100,34,94,38.0,27.0,11.0,11.0,12.0,27.0,27.0,25.131825980392158,0.1260230481863886,4,90
scale-free,100,34,95,38.0,27.0,11.0,11.0,12.0,27.0,27.0,25.131825980392158,0.1260230481863886,4,90
scale-free,100,34,96,38.0,27.0,11.0,11.0,85.0,27.0,27.0,25.131825980392158,0.1260230481863886,4,90
scale-free,100,34,97,38.0,27.0,11.0,11.0,12.0,27.0,27.0,25.131825980392158,0.1260230481863886,4,90
scale-free,100,34,98,38.0,19.0,11.0,11.0,91.0,19.0,21.0,25.131825980392158,0.1260230481863886,4,90
scale-free,100,34,99,38.0,27.0,11.0,11.0,12.0,27.0,27.0,25.131825980392158,0.1260230481863886,4,90
