scale-free,100,39,0,2.0,2.0,1.0,1.0,79.0,2.0,2.0,37.24981424148607,0.21761457140487425,5,93
scale-free,100,39,1,3.0,3.0,3.0,3.0,79.0,3.0,3.0,37.24981424148607,0.21761457140487425,5,93
scale-free,100,39,2,1.0,1.0,2.0,2.0,79.0,1.0,1.0,37.24981424148607,0.21761457140487425,5,93
scale-free,100,39,3,28.0,24.0,11.0,11.0,12.0,24.0,24.0,37.24981424148607,0.21761457140487425,5,93
scale-free,100,39,4,8.0,24.0,11.0,11.0,6.0,24.0,24.0,37.24981424148607,0.21761457140487425,5,93
scale-free,100,39,5,4.0,6.0,4.0,4.0,79.0,6.0,6.0,37.24981424148607,0.21761457140487425,5,93
scale-free,100,39,6,18.0,20.0,11.0,11.0,12.0,20.0,22.0,37.24981424148607,0.21761457140487425,5,93
scale-free,100,39,7,5.0,24.0,11.0,11.0,1.0,24.0,24.0,37.24981424148607,0.21761457140487425,5,93
scale-free,100,39,8,8.0,24.0,11.0,11.0,6.0,24.0,24.0,37.24981424148607,0.21761457140487425,5,93
scale-free,100,39,9,10.0,8.0,10.0,10.0,79.0,8.0,10.0,37.24981424148607,0.21761457140487425,5,93
scale-free,100,39,10,12.0,18.0,6.0,6.0,12.0,18.0,19.0,37.24981424148607,0.21761457140487425,5,93
scale-free,100,39,11,10.0,17.0,5.0,5.0,6.0,17.0,17.0,37.24981424148607,0.21761457140487425,5,93
scale-free,100,39,12,18.0,24.0,11.0,11.0,12.0,24.0,24.0,37.24981424148607,0.21761457140487425,5,93
scale-free,100,39,13,49.0,24.0,11.0,11.0,12.0,24.0,24.0,37.24981424148607,0.21761457140487425,5,93
scale-free,100,39,14,7.0,24.0,11.0,11.0,1.0,24.0,24.0,37.24981424148607,0.21761457140487425,5,93
scale-free,100,39,15,6.0,4.0,11.0,11.0,91.0,4.0,4.0,37.24981424148607,0.21761457140487425,5,93
scale-free,100,39,16,18.0,24.0,11.0,11.0,12.0,24.0,24.0,37.24981424148607,0.21761457140487425,5,93
scale-free,100,39,17,28.0,11.0,11.0,11.0,91.0,11.0,13.0,37.24981424148607,0.21761457140487425,5,93
scale-free,100,39,18,49.0,24.0,11.0,11.0,12.0,24.0,24.0,37.24981424148607,0.21761457140487425,5,93
scale-free,100,39,19,28.0,24.0,11.0,11.0,12.0,24.0,24.0,37.24981424148607,0.21761457140487425,5,93
scale-free,100,39,20,49.0,24.0,11.0,11.0,12.0,24.0,24.0,37.24981424148607,0.21761457140487425,5,93
scale-free,100,39,21,12.0,24.0,11.0,11.0,12.0,24.0,24.0,37.24981424148607,0.21761457140487425,5,93
scale-free,100,39,22,18.0,14.0,11.0,11.0,79.0,14.0,15.0,37.24981424148607,0.21761457140487425,5,93
scale-free,100,39,23,16.0,24.0,11.0,11.0,12.0,24.0,24.0,37.24981424148607,0.21761457140487425,5,93
scale-free,100,39,24,49.0,24.0,11.0,11.0,12.0,24.0,24.0,37.24981424148607,0.21761457140487425,5,93
scale-free,100,39,25,28.0,24.0,11.0,11.0,12.0,24.0,24.0,37.24981424148607,0.21761457140487425,5,93
scale-free,100,39,26,49.0,24.0,11.0,11.0,12.0,24.0,24.0,37.24981424148607,0.21761457140487425,5,93
scale-free,100,39,27,18.0,24.0,11.0,11.0,1.0,24.0,24.0,37.24981424148607,0.21761457140487425,5,93
scale-free,100,39,28,49.0,24.0,11.0,11.0,12.0,24.0,24.0,37.24981424148607,0.21761457140487425,5,93
scale-free,100,39,29,28.0,24.0,11.0,11.0,12.0,24.0,24.0,37.24981424148607,0.21761457140487425,5,93
scale-free,100,39,30,28.0,24.0,11.0,11.0,12.0,24.0,24.0,37.24981424148607,0.21761457140487425,5,93
scale-free,100,39,31,49.0,24.0,11.0,11.0,12.0,24.0,24.0,37.24981424148607,0.21761457140487425,5,93
scale-free,100,39,32,49.0,12.0,11.0,11.0,91.0,13.0,15.0,37.24981424148607,0.21761457140487425,5,93
scale-free,100,39,33,18.0,24.0,11.0,11.0,12.0,24.0,24.0,37.24981424148607,0.21761457140487425,5,93
scale-free,100,39,34,28.0,24.0,11.0,11.0,12.0,24.0,24.0,37.24981424148607,0.21761457140487425,5,93
scale-free,100,39,35,28.0,24.0,11.0,11.0,12.0,24.0,24.0,37.24981424148607,0.21761457140487425,5,93
scale-free,100,39,36,28.0,24.0,11.0,11.0,12.0,24.0,24.0,37.24981424148607,0.21761457140487425,5,93
scale-free,100,39,37,12.0,20.0,7.0,7.0,12.0,20.0,20.0,37.24981424148607,0.21761457140487425,5,93
scale-free,100,39,38,18.0,24.0,11.0,11.0,12.0,24.0,24.0,37.24981424148607,0.21761457140487425,5,93
scale-free,100,39,39,49.0,24.0,11.0,11.0,12.0,24.0,24.0,37.24981424148607,0.21761457140487425,5,93
scale-free,100,39,40,49.0,24.0,11.0,11.0,12.0,24.0,24.0,37.24981424148607,0.21761457140487425,5,93
scale-free,100,39,41,49.0,24.0,11.0,11.0,12.0,24.0,24.0,37.24981424148607,0.21761457140487425,5,93
scale-free,100,39,42,18.0,20.0,7.0,7.0,12.0,20.0,20.0,37.24981424148607,0.21761457140487425,5,93
scale-free,100,39,43,18.0,24.0,11.0,11.0,12.0,24.0,24.0,37.24981424148607,0.21761457140487425,5,93
scale-free,100,39,44,49.0,24.0,11.0,11.0,12.0,24.0,24.0,37.24981424148607,0.21761457140487425,5,93
scale-free,100,39,45,28.0,24.0,11.0,11.0,12.0,24.0,24.0,37.24981424148607,0.21761457140487425,5,93
scale-free,100,39,46,49.0,24.0,11.0,11.0,12.0,24.0,24.0,37.24981424148607,0.21761457140487425,5,93
scale-free,100,39,47,12.0,13.0,9.0,9.0,79.0,12.0,12.0,37.24981424148607,0.21761457140487425,5,93
scale-free,100,39,48,49.0,24.0,11.0,11.0,87.0,24.0,24.0,37.24981424148607,0.21761457140487425,5,93
scale-free,100,39,49,49.0,24.0,11.0,11.0,6.0,24.0,24.0,37.24981424148607,0.21761457140487425,5,93
scale-free,100,39,50,28.0,10.0,11.0,11.0,91.0,10.0,13.0,37.24981424148607,0.21761457140487425,5,93
scale-free,100,39,51,49.0,24.0,11.0,11.0,12.0,24.0,24.0,37.24981424148607,0.21761457140487425,5,93
scale-free,100,39,52,49.0,24.0,11.0,11.0,6.0,24.0,24.0,37.24981424148607,0.21761457140487425,5,93
scale-free,100,39,53,28.0,24.0,11.0,11.0,12.0,24.0,24.0,37.24981424148607,0.21761457140487425,5,93
scale-free,100,39,54,49.0,24.0,11.0,11.0,12.0,24.0,24.0,37.24981424148607,0.21761457140487425,5,93
scale-free,100,39,55,28.0,24.0,11.0,11.0,12.0,24.0,24.0,37.24981424148607,0.21761457140487425,5,93
scale-free,100,39,56,49.0,19.0,11.0,11.0,91.0,18.0,18.0,37.24981424148607,0.21761457140487425,5,93
scale-free,100,39,57,49.0,24.0,11.0,11.0,87.0,24.0,24.0,37.24981424148607,0.21761457140487425,5,93
scale-free,100,39,58,49.0,24.0,11.0,11.0,12.0,24.0,24.0,37.24981424148607,0.21761457140487425,5,93
scale-free,100,39,59,49.0,24.0,11.0,11.0,12.0,24.0,24.0,37.24981424148607,0.21761457140487425,5,93
scale-free,100,39,60,28.0,24.0,11.0,11.0,12.0,24.0,24.0,37.24981424148607,0.21761457140487425,5,93
scale-free,100,39,61,49.0,20.0,11.0,11.0,91.0,20.0,22.0,37.24981424148607,0.21761457140487425,5,93
scale-free,100,39,62,28.0,24.0,11.0,11.0,12.0,24.0,24.0,37.24981424148607,0.21761457140487425,5,93
scale-free,100,39,63,16.0,5.0,11.0,11.0,91.0,5.0,5.0,37.24981424148607,0.21761457140487425,5,93
scale-free,100,39,64,49.0,24.0,11.0,11.0,12.0,24.0,24.0,37.24981424148607,0.21761457140487425,5,93
scale-free,100,39,65,49.0,24.0,11.0,11.0,87.0,24.0,24.0,37.24981424148607,0.21761457140487425,5,93
scale-free,100,39,66,28.0,7.0,11.0,11.0,91.0,7.0,7.0,37.24981424148607,0.21761457140487425,5,93
scale-free,100,39,67,18.0,9.0,11.0,11.0,79.0,9.0,11.0,37.24981424148607,0.21761457140487425,5,93
scale-free,100,39,68,49.0,24.0,11.0,11.0,12.0,24.0,24.0,37.24981424148607,0.21761457140487425,5,93
scale-free,100,39,69,49.0,24.0,11.0,11.0,12.0,24.0,24.0,37.24981424148607,0.21761457140487425,5,93
scale-free,100,39,70,49.0,15.0,11.0,11.0,91.0,15.0,8.0,37.24981424148607,0.21761457140487425,5,93
scale-free,100,39,71,49.0,24.0,11.0,11.0,12.0,24.0,24.0,37.24981424148607,0.21761457140487425,5,93
scale-free,100,39,72,28.0,24.0,11.0,11.0,12.0,24.0,24.0,37.24981424148607,0.21761457140487425,5,93
scale-free,100,39,73,49.0,24.0,11.0,11.0,12.0,24.0,24.0,37.24981424148607,0.21761457140487425,5,93
scale-free,100,39,74,49.0,24.0,11.0,11.0,12.0,24.0,24.0,37.24981424148607,0.21761457140487425,5,93
scale-free,100,39,75,28.0,24.0,11.0,11.0,12.0,24.0,24.0,37.24981424148607,0.21761457140487425,5,93
scale-free,100,39,76,49.0,24.0,11.0,11.0,12.0,24.0,24.0,37.24981424148607,0.21761457140487425,5,93
scale-free,100,39,77,49.0,24.0,11.0,11.0,12.0,24.0,24.0,37.24981424148607,0.21761457140487425,5,93
scale-free,100,39,78,28.0,24.0,11.0,11.0,12.0,24.0,24.0,37.24981424148607,0.21761457140487425,5,93
scale-free,100,39,79,49.0,24.0,11.0,11.0,12.0,24.0,24.0,37.24981424148607,0.21761457140487425,5,93
scale-free,100,39,80,49.0,24.0,11.0,11.0,6.0,24.0,24.0,37.24981424148607,0.21761457140487425,5,93
scale-free,100,39,81,49.0,24.0,11.0,11.0,12.0,24.0,24.0,37.24981424148607,0.21761457140487425,5,93
scale-free,100,39,82,28.0,24.0,11.0,11.0,12.0,24.0,24.0,37.24981424148607,0.21761457140487425,5,93
scale-free,100,39,83,49.0,15.0,11.0,11.0,91.0,15.0,8.0,37.24981424148607,0.21761457140487425,5,93
scale-free,100,39,84,49.0,24.0,11.0,11.0,12.0,24.0,24.0,37.24981424148607,0.21761457140487425,5,93
scale-free,100,39,85,49.0,24.0,11.0,11.0,12.0,24.0,24.0,37.24981424148607,0.21761457140487425,5,93
scale-free,100,39,86,49.0,24.0,11.0,11.0,12.0,24.0,24.0,37.24981424148607,0.21761457140487425,5,93
scale-free,100,39,87,49.0,24.0,11.0,11.0,12.0,24.0,24.0,37.24981424148607,0.21761457140487425,5,93
scale-free,100,39,88,49.0,24.0,11.0,11.0,1.0,24.0,24.0,37.24981424148607,0.21761457140487425,5,93
scale-free,100,39,89,49.0,24.0,11.0,11.0,12.0,24.0,24.0,37.24981424148607,0.21761457140487425,5,93
scale-free,100,39,90,49.0,24.0,11.0,11.0,12.0,24.0,24.0,37.24981424148607,0.21761457140487425,5,93
scale-free,100,39,91,49.0,24.0,11.0,11.0,12.0,24.0,24.0,37.24981424148607,0.21761457140487425,5,93
scale-free,100,39,92,49.0,24.0,11.0,11.0,87.0,24.0,24.0,37.24981424148607,0.21761457140487425,5,93
scale-free,100,39,93,28.0,24.0,11.0,11.0,1.0,24.0,24.0,37.24981424148607,0.21761457140487425,5,93
scale-free,100,39,94,49.0,24.0,11.0,11.0,12.0,24.0,24.0,37.24981424148607,0.21761457140487425,5,93
scale-free,100,39,95,49.0,24.0,11.0,11.0,12.0,24.0,24.0,37.24981424148607,0.21761457140487425,5,93
scale-free,100,39,96,49.0,24.0,11.0,11.0,12.0,24.0,24.0,37.24981424148607,0.21761457140487425,5,93
scale-free,100,39,97,49.0,24.0,11.0,11.0,12.0,24.0,24.0,37.24981424148607,0.21761457140487425,5,93
scale-free,100,39,98,49.0,24.0,11.0,11.0,12.0,24.0,24.0,37.24981424148607,0.21761457140487425,5,93
scale-free,100,39,99,49.0,24.0,11.0,11.0,12.0,24.0,24.0,37.24981424148607,0.21761457140487425,5,93
scale-free,100,40,0,2.0,2.0,3.0,3.0,75.0,2.0,2.0,36.68469642857143,0.1443177346625154,5,93
scale-free,100,40,1,1.0,1.0,1.0,1.0,75.0,1.0,1.0,36.68469642857143,0.1443177346625154,5,93
scale-free,100,40,2,3.0,3.0,2.0,2.0,75.0,3.0,3.0,36.68469642857143,0.1443177346625154,5,93
scale-free,100,40,3,6.0,6.0,5.0,5.0,75.0,5.0,4.0,36.68469642857143,0.1443177346625154,5,93
scale-free,100,40,4,25.0,26.0,12.0,12.0,15.0,26.0,26.0,36.68469642857143,0.1443177346625154,5,93
scale-free,100,40,5,9.0,26.0,12.0,12.0,4.0,26.0,26.0,36.68469642857143,0.1443177346625154,5,93
scale-free,100,40,6,4.0,5.0,4.0,4.0,75.0,6.0,7.0,36.68469642857143,0.1443177346625154,5,93
scale-free,100,40,7,18.0,26.0,12.0,12.0,4.0,26.0,26.0,36.68469642857143,0.1443177346625154,5,93
scale-free,100,40,8,14.0,26.0,12.0,12.0,15.0,26.0,26.0,36.68469642857143,0.1443177346625154,5,93
scale-free,100,40,9,14.0,26.0,12.0,12.0,4.0,26.0,26.0,36.68469642857143,0.1443177346625154,5,93
scale-free,100,40,10,7.0,9.0,7.0,7.0,75.0,8.0,9.0,36.68469642857143,0.1443177346625154,5,93
scale-free,100,40,11,18.0,26.0,12.0,12.0,1.0,26.0,26.0,36.68469642857143,0.1443177346625154,5,93
scale-free,100,40,12,45.0,26.0,12.0,12.0,15.0,26.0,26.0,36.68469642857143,0.1443177346625154,5,93
scale-free,100,40,13,18.0,17.0,11.0,11.0,15.0,17.0,19.0,36.68469642857143,0.1443177346625154,5,93
scale-free,100,40,14,45.0,26.0,12.0,12.0,15.0,26.0,26.0,36.68469642857143,0.1443177346625154,5,93
scale-free,100,40,15,12.0,26.0,12.0,12.0,4.0,26.0,26.0,36.68469642857143,0.1443177346625154,5,93
scale-free,100,40,16,45.0,26.0,12.0,12.0,15.0,26.0,26.0,36.68469642857143,0.1443177346625154,5,93
scale-free,100,40,17,18.0,26.0,12.0,12.0,4.0,26.0,26.0,36.68469642857143,0.1443177346625154,5,93
scale-free,100,40,18,14.0,26.0,12.0,12.0,15.0,26.0,26.0,36.68469642857143,0.1443177346625154,5,93
scale-free,100,40,19,45.0,26.0,12.0,12.0,15.0,26.0,26.0,36.68469642857143,0.1443177346625154,5,93
scale-free,100,40,20,25.0,26.0,12.0,12.0,4.0,26.0,26.0,36.68469642857143,0.1443177346625154,5,93
scale-free,100,40,21,45.0,26.0,12.0,12.0,15.0,26.0,26.0,36.68469642857143,0.1443177346625154,5,93
scale-free,100,40,22,14.0,13.0,12.0,12.0,75.0,14.0,12.0,36.68469642857143,0.1443177346625154,5,93
scale-free,100,40,23,45.0,26.0,12.0,12.0,15.0,26.0,26.0,36.68469642857143,0.1443177346625154,5,93
scale-free,100,40,24,25.0,26.0,12.0,12.0,15.0,26.0,26.0,36.68469642857143,0.1443177346625154,5,93
scale-free,100,40,25,25.0,19.0,9.0,9.0,15.0,19.0,17.0,36.68469642857143,0.1443177346625154,5,93
scale-free,100,40,26,5.0,26.0,12.0,12.0,1.0,26.0,26.0,36.68469642857143,0.1443177346625154,5,93
scale-free,100,40,27,9.0,15.0,6.0,6.0,15.0,15.0,11.0,36.68469642857143,0.1443177346625154,5,93
scale-free,100,40,28,45.0,26.0,12.0,12.0,15.0,26.0,26.0,36.68469642857143,0.1443177346625154,5,93
scale-free,100,40,29,45.0,26.0,12.0,12.0,15.0,26.0,26.0,36.68469642857143,0.1443177346625154,5,93
scale-free,100,40,30,25.0,19.0,9.0,9.0,15.0,19.0,17.0,36.68469642857143,0.1443177346625154,5,93
scale-free,100,40,31,18.0,16.0,12.0,12.0,88.0,16.0,16.0,36.68469642857143,0.1443177346625154,5,93
scale-free,100,40,32,25.0,8.0,12.0,12.0,88.0,9.0,8.0,36.68469642857143,0.1443177346625154,5,93
scale-free,100,40,33,25.0,26.0,12.0,12.0,4.0,26.0,26.0,36.68469642857143,0.1443177346625154,5,93
scale-free,100,40,34,25.0,26.0,12.0,12.0,15.0,26.0,26.0,36.68469642857143,0.1443177346625154,5,93
scale-free,100,40,35,25.0,26.0,12.0,12.0,15.0,26.0,26.0,36.68469642857143,0.1443177346625154,5,93
scale-free,100,40,36,18.0,26.0,12.0,12.0,15.0,26.0,26.0,36.68469642857143,0.1443177346625154,5,93
scale-free,100,40,37,8.0,4.0,12.0,12.0,88.0,4.0,5.0,36.68469642857143,0.1443177346625154,5,93
scale-free,100,40,38,25.0,17.0,12.0,12.0,88.0,17.0,20.0,36.68469642857143,0.1443177346625154,5,93
scale-free,100,40,39,25.0,26.0,12.0,12.0,15.0,26.0,26.0,36.68469642857143,0.1443177346625154,5,93
scale-free,100,40,40,18.0,26.0,12.0,12.0,1.0,26.0,26.0,36.68469642857143,0.1443177346625154,5,93
scale-free,100,40,41,25.0,26.0,12.0,12.0,15.0,26.0,26.0,36.68469642857143,0.1443177346625154,5,93
scale-free,100,40,42,45.0,26.0,12.0,12.0,15.0,26.0,26.0,36.68469642857143,0.1443177346625154,5,93
scale-free,100,40,43,45.0,26.0,12.0,12.0,15.0,26.0,26.0,36.68469642857143,0.1443177346625154,5,93
scale-free,100,40,44,25.0,26.0,12.0,12.0,15.0,26.0,26.0,36.68469642857143,0.1443177346625154,5,93
scale-free,100,40,45,25.0,26.0,12.0,12.0,15.0,26.0,26.0,36.68469642857143,0.1443177346625154,5,93
scale-free,100,40,46,9.0,7.0,8.0,8.0,75.0,7.0,6.0,36.68469642857143,0.1443177346625154,5,93
scale-free,100,40,47,45.0,26.0,12.0,12.0,15.0,26.0,26.0,36.68469642857143,0.1443177346625154,5,93
scale-free,100,40,48,45.0,26.0,12.0,12.0,15.0,26.0,26.0,36.68469642857143,0.1443177346625154,5,93
scale-free,100,40,49,45.0,26.0,12.0,12.0,15.0,26.0,26.0,36.68469642857143,0.1443177346625154,5,93
scale-free,100,40,50,25.0,26.0,12.0,12.0,15.0,26.0,26.0,36.68469642857143,0.1443177346625154,5,93
scale-free,100,40,51,45.0,26.0,12.0,12.0,15.0,26.0,26.0,36.68469642857143,0.1443177346625154,5,93
scale-free,100,40,52,45.0,19.0,12.0,12.0,88.0,19.0,24.0,36.68469642857143,0.1443177346625154,5,93
scale-free,100,40,53,45.0,10.0,12.0,12.0,88.0,11.0,12.0,36.68469642857143,0.1443177346625154,5,93
scale-free,100,40,54,45.0,26.0,12.0,12.0,15.0,26.0,26.0,36.68469642857143,0.1443177346625154,5,93
scale-free,100,40,55,45.0,26.0,12.0,12.0,15.0,26.0,26.0,36.68469642857143,0.1443177346625154,5,93
scale-free,100,40,56,45.0,26.0,12.0,12.0,4.0,26.0,26.0,36.68469642857143,0.1443177346625154,5,93
scale-free,100,40,57,45.0,26.0,12.0,12.0,15.0,26.0,26.0,36.68469642857143,0.1443177346625154,5,93
scale-free,100,40,58,45.0,26.0,12.0,12.0,4.0,26.0,26.0,36.68469642857143,0.1443177346625154,5,93
scale-free,100,40,59,45.0,26.0,12.0,12.0,15.0,26.0,26.0,36.68469642857143,0.1443177346625154,5,93
scale-free,100,40,60,25.0,26.0,12.0,12.0,15.0,26.0,26.0,36.68469642857143,0.1443177346625154,5,93
scale-free,100,40,61,45.0,26.0,12.0,12.0,15.0,26.0,26.0,36.68469642857143,0.1443177346625154,5,93
scale-free,100,40,62,25.0,26.0,12.0,12.0,15.0,26.0,26.0,36.68469642857143,0.1443177346625154,5,93
scale-free,100,40,63,45.0,19.0,12.0,12.0,88.0,19.0,22.0,36.68469642857143,0.1443177346625154,5,93
scale-free,100,40,64,25.0,26.0,12.0,12.0,15.0,26.0,26.0,36.68469642857143,0.1443177346625154,5,93
scale-free,100,40,65,45.0,10.0,12.0,12.0,88.0,11.0,12.0,36.68469642857143,0.1443177346625154,5,93
scale-free,100,40,66,45.0,26.0,12.0,12.0,15.0,26.0,26.0,36.68469642857143,0.1443177346625154,5,93
scale-free,100,40,67,45.0,26.0,12.0,12.0,15.0,26.0,26.0,36.68469642857143,0.1443177346625154,5,93
scale-free,100,40,68,45.0,26.0,12.0,12.0,15.0,26.0,26.0,36.68469642857143,0.1443177346625154,5,93
scale-free,100,40,69,45.0,26.0,12.0,12.0,15.0,26.0,26.0,36.68469642857143,0.1443177346625154,5,93
scale-free,100,40,70,45.0,10.0,12.0,12.0,88.0,11.0,12.0,36.68469642857143,0.1443177346625154,5,93
scale-free,100,40,71,12.0,14.0,12.0,12.0,88.0,10.0,10.0,36.68469642857143,0.1443177346625154,5,93
scale-free,100,40,72,45.0,19.0,12.0,12.0,88.0,19.0,24.0,36.68469642857143,0.1443177346625154,5,93
scale-free,100,40,73,45.0,26.0,12.0,12.0,15.0,26.0,26.0,36.68469642857143,0.1443177346625154,5,93
scale-free,100,40,74,45.0,26.0,12.0,12.0,15.0,26.0,26.0,36.68469642857143,0.1443177346625154,5,93
scale-free,100,40,75,45.0,26.0,12.0,12.0,15.0,26.0,26.0,36.68469642857143,0.1443177346625154,5,93
scale-free,100,40,76,45.0,26.0,12.0,12.0,15.0,26.0,26.0,36.68469642857143,0.1443177346625154,5,93
scale-free,100,40,77,45.0,26.0,12.0,12.0,15.0,26.0,26.0,36.68469642857143,0.1443177346625154,5,93
scale-free,100,40,78,25.0,26.0,12.0,12.0,15.0,26.0,26.0,36.68469642857143,0.1443177346625154,5,93
scale-free,100,40,79,45.0,26.0,12.0,12.0,15.0,26.0,26.0,36.68469642857143,0.1443177346625154,5,93
scale-free,100,40,80,45.0,26.0,12.0,12.0,15.0,26.0,26.0,36.68469642857143,0.1443177346625154,5,93
scale-free,100,40,81,45.0,26.0,12.0,12.0,15.0,26.0,26.0,36.68469642857143,0.1443177346625154,5,93
scale-free,100,40,82,45.0,26.0,12.0,12.0,15.0,26.0,26.0,36.68469642857143,0.1443177346625154,5,93
scale-free,100,40,83,45.0,19.0,12.0,12.0,88.0,19.0,23.0,36.68469642857143,0.1443177346625154,5,93
scale-free,100,40,84,25.0,26.0,12.0,12.0,15.0,26.0,26.0,36.68469642857143,0.1443177346625154,5,93
scale-free,100,40,85,45.0,26.0,12.0,12.0,83.0,26.0,26.0,36.68469642857143,0.1443177346625154,5,93
scale-free,100,40,86,45.0,26.0,12.0,12.0,15.0,26.0,26.0,36.68469642857143,0.1443177346625154,5,93
scale-free,100,40,87,45.0,26.0,12.0,12.0,83.0,26.0,26.0,36.68469642857143,0.1443177346625154,5,93
scale-free,100,40,88,45.0,26.0,12.0,12.0,15.0,26.0,26.0,36.68469642857143,0.1443177346625154,5,93
scale-free,100,40,89,45.0,26.0,12.0,12.0,83.0,26.0,26.0,36.68469642857143,0.1443177346625154,5,93
scale-free,100,40,90,45.0,26.0,12.0,12.0,15.0,26.0,26.0,36.68469642857143,0.1443177346625154,5,93
scale-free,100,40,91,45.0,26.0,12.0,12.0,15.0,26.0,26.0,36.68469642857143,0.1443177346625154,5,93
scale-free,100,40,92,45.0,26.0,12.0,12.0,83.0,26.0,26.0,36.68469642857143,0.1443177346625154,5,93
scale-free,100,40,93,45.0,26.0,12.0,12.0,4.0,26.0,26.0,36.68469642857143,0.1443177346625154,5,93
scale-free,100,40,94,45.0,26.0,12.0,12.0,83.0,26.0,26.0,36.68469642857143,0.1443177346625154,5,93
scale-free,100,40,95,45.0,26.0,12.0,12.0,4.0,26.0,26.0,36.68469642857143,0.1443177346625154,5,93
scale-free,100,40,96,45.0,26.0,12.0,12.0,15.0,26.0,26.0,36.68469642857143,0.1443177346625154,5,93
scale-free,100,40,97,45.0,26.0,12.0,12.0,15.0,26.0,26.0,36.68469642857143,0.1443177346625154,5,93
scale-free,100,40,98,45.0,26.0,12.0,12.0,15.0,26.0,26.0,36.68469642857143,0.1443177346625154,5,93
scale-free,100,40,99,45.0,19.0,12.0,12.0,88.0,19.0,21.0,36.68469642857143,0.1443177346625154,5,93
