scale-free,100,43,0,2.0,8.0,2.0,2.0,74.0,8.0,3.0,36.73102813852814,0.09848870950683895,5,86
scale-free,100,43,1,1.0,1.0,1.0,1.0,74.0,1.0,1.0,36.73102813852814,0.09848870950683895,5,86
scale-free,100,43,2,3.0,4.0,3.0,3.0,74.0,4.0,2.0,36.73102813852814,0.09848870950683895,5,86
scale-free,100,43,3,7.0,6.0,9.0,9.0,74.0,7.0,6.0,36.73102813852814,0.09848870950683895,5,86
scale-free,100,43,4,4.0,3.0,4.0,4.0,74.0,3.0,7.0,36.73102813852814,0.09848870950683895,5,86
scale-free,100,43,5,29.0,28.0,19.0,19.0,13.0,28.0,28.0,36.73102813852814,0.09848870950683895,5,86
scale-free,100,43,6,8.0,28.0,19.0,19.0,1.0,28.0,28.0,36.73102813852814,0.09848870950683895,5,86
scale-free,100,43,7,13.0,21.0,19.0,19.0,94.0,21.0,16.0,36.73102813852814,0.09848870950683895,5,86
scale-free,100,43,8,29.0,23.0,15.0,15.0,13.0,23.0,25.0,36.73102813852814,0.09848870950683895,5,86
scale-free,100,43,9,10.0,16.0,8.0,8.0,74.0,16.0,11.0,36.73102813852814,0.09848870950683895,5,86
scale-free,100,43,10,6.0,7.0,5.0,5.0,74.0,5.0,4.0,36.73102813852814,0.09848870950683895,5,86
scale-free,100,43,11,4.0,2.0,6.0,6.0,74.0,2.0,5.0,36.73102813852814,0.09848870950683895,5,86
scale-free,100,43,12,52.0,28.0,19.0,19.0,13.0,28.0,28.0,36.73102813852814,0.09848870950683895,5,86
scale-free,100,43,13,29.0,28.0,19.0,19.0,13.0,28.0,28.0,36.73102813852814,0.09848870950683895,5,86
scale-free,100,43,14,29.0,23.0,13.0,13.0,13.0,23.0,22.0,36.73102813852814,0.09848870950683895,5,86
scale-free,100,43,15,29.0,23.0,16.0,18.0,13.0,23.0,24.0,36.73102813852814,0.09848870950683895,5,86
scale-free,100,43,16,52.0,28.0,19.0,19.0,13.0,28.0,28.0,36.73102813852814,0.09848870950683895,5,86
scale-free,100,43,17,52.0,28.0,19.0,19.0,1.0,28.0,28.0,36.73102813852814,0.09848870950683895,5,86
scale-free,100,43,18,13.0,28.0,19.0,19.0,13.0,28.0,28.0,36.73102813852814,0.09848870950683895,5,86
scale-free,100,43,19,52.0,28.0,19.0,19.0,13.0,28.0,28.0,36.73102813852814,0.09848870950683895,5,86
scale-free,100,43,20,11.0,5.0,19.0,19.0,94.0,6.0,8.0,36.73102813852814,0.09848870950683895,5,86
scale-free,100,43,21,29.0,28.0,19.0,19.0,1.0,28.0,28.0,36.73102813852814,0.09848870950683895,5,86
scale-free,100,43,22,52.0,28.0,19.0,19.0,89.0,28.0,28.0,36.73102813852814,0.09848870950683895,5,86
scale-free,100,43,23,52.0,28.0,19.0,19.0,13.0,28.0,28.0,36.73102813852814,0.09848870950683895,5,86
scale-free,100,43,24,52.0,28.0,19.0,19.0,13.0,28.0,28.0,36.73102813852814,0.09848870950683895,5,86
scale-free,100,43,25,22.0,28.0,19.0,19.0,13.0,28.0,28.0,36.73102813852814,0.09848870950683895,5,86
scale-free,100,43,26,13.0,11.0,12.0,11.0,74.0,11.0,9.0,36.73102813852814,0.09848870950683895,5,86
scale-free,100,43,27,13.0,17.0,10.0,10.0,74.0,17.0,18.0,36.73102813852814,0.09848870950683895,5,86
scale-free,100,43,28,29.0,28.0,19.0,19.0,1.0,28.0,28.0,36.73102813852814,0.09848870950683895,5,86
scale-free,100,43,29,22.0,28.0,19.0,19.0,1.0,28.0,28.0,36.73102813852814,0.09848870950683895,5,86
scale-free,100,43,30,29.0,28.0,19.0,19.0,13.0,28.0,28.0,36.73102813852814,0.09848870950683895,5,86
scale-free,100,43,31,22.0,28.0,19.0,19.0,1.0,28.0,28.0,36.73102813852814,0.09848870950683895,5,86
scale-free,100,43,32,19.0,19.0,17.0,16.0,74.0,19.0,21.0,36.73102813852814,0.09848870950683895,5,86
scale-free,100,43,33,29.0,23.0,17.0,16.0,13.0,23.0,25.0,36.73102813852814,0.09848870950683895,5,86
scale-free,100,43,34,52.0,28.0,19.0,19.0,13.0,28.0,28.0,36.73102813852814,0.09848870950683895,5,86
scale-free,100,43,35,52.0,28.0,19.0,19.0,13.0,28.0,28.0,36.73102813852814,0.09848870950683895,5,86
scale-free,100,43,36,22.0,28.0,19.0,19.0,1.0,28.0,28.0,36.73102813852814,0.09848870950683895,5,86
scale-free,100,43,37,22.0,28.0,19.0,19.0,13.0,28.0,28.0,36.73102813852814,0.09848870950683895,5,86
scale-free,100,43,38,13.0,22.0,11.0,12.0,13.0,22.0,19.0,36.73102813852814,0.09848870950683895,5,86
scale-free,100,43,39,52.0,28.0,19.0,19.0,13.0,28.0,28.0,36.73102813852814,0.09848870950683895,5,86
scale-free,100,43,40,52.0,28.0,19.0,19.0,13.0,28.0,28.0,36.73102813852814,0.09848870950683895,5,86
scale-free,100,43,41,52.0,28.0,19.0,19.0,13.0,28.0,28.0,36.73102813852814,0.09848870950683895,5,86
scale-free,100,43,42,9.0,13.0,7.0,7.0,74.0,13.0,14.0,36.73102813852814,0.09848870950683895,5,86
scale-free,100,43,43,13.0,12.0,14.0,14.0,74.0,12.0,10.0,36.73102813852814,0.09848870950683895,5,86
scale-free,100,43,44,19.0,10.0,19.0,19.0,74.0,10.0,12.0,36.73102813852814,0.09848870950683895,5,86
scale-free,100,43,45,29.0,28.0,19.0,19.0,13.0,28.0,28.0,36.73102813852814,0.09848870950683895,5,86
scale-free,100,43,46,29.0,28.0,19.0,19.0,13.0,28.0,28.0,36.73102813852814,0.09848870950683895,5,86
scale-free,100,43,47,52.0,28.0,19.0,19.0,13.0,28.0,28.0,36.73102813852814,0.09848870950683895,5,86
scale-free,100,43,48,22.0,28.0,19.0,19.0,13.0,28.0,28.0,36.73102813852814,0.09848870950683895,5,86
scale-free,100,43,49,29.0,28.0,19.0,19.0,1.0,28.0,28.0,36.73102813852814,0.09848870950683895,5,86
scale-free,100,43,50,52.0,28.0,19.0,19.0,13.0,28.0,28.0,36.73102813852814,0.09848870950683895,5,86
scale-free,100,43,51,52.0,28.0,19.0,19.0,13.0,28.0,28.0,36.73102813852814,0.09848870950683895,5,86
scale-free,100,43,52,52.0,28.0,19.0,19.0,13.0,28.0,28.0,36.73102813852814,0.09848870950683895,5,86
scale-free,100,43,53,52.0,28.0,19.0,19.0,13.0,28.0,28.0,36.73102813852814,0.09848870950683895,5,86
scale-free,100,43,54,52.0,28.0,19.0,19.0,13.0,28.0,28.0,36.73102813852814,0.09848870950683895,5,86
scale-free,100,43,55,52.0,28.0,19.0,19.0,13.0,28.0,28.0,36.73102813852814,0.09848870950683895,5,86
scale-free,100,43,56,52.0,28.0,19.0,19.0,13.0,28.0,28.0,36.73102813852814,0.09848870950683895,5,86
scale-free,100,43,57,52.0,28.0,19.0,19.0,13.0,28.0,28.0,36.73102813852814,0.09848870950683895,5,86
scale-free,100,43,58,19.0,28.0,19.0,19.0,13.0,28.0,28.0,36.73102813852814,0.09848870950683895,5,86
scale-free,100,43,59,29.0,28.0,19.0,19.0,13.0,28.0,28.0,36.73102813852814,0.09848870950683895,5,86
scale-free,100,43,60,52.0,28.0,19.0,19.0,13.0,28.0,28.0,36.73102813852814,0.09848870950683895,5,86
scale-free,100,43,61,29.0,28.0,19.0,19.0,13.0,28.0,28.0,36.73102813852814,0.09848870950683895,5,86
scale-free,100,43,62,52.0,28.0,19.0,19.0,13.0,28.0,28.0,36.73102813852814,0.09848870950683895,5,86
scale-free,100,43,63,52.0,28.0,19.0,19.0,13.0,28.0,28.0,36.73102813852814,0.09848870950683895,5,86
scale-free,100,43,64,11.0,15.0,19.0,19.0,94.0,14.0,15.0,36.73102813852814,0.09848870950683895,5,86
scale-free,100,43,65,29.0,28.0,19.0,19.0,13.0,28.0,28.0,36.73102813852814,0.09848870950683895,5,86
scale-free,100,43,66,29.0,28.0,19.0,19.0,13.0,28.0,28.0,36.73102813852814,0.09848870950683895,5,86
scale-free,100,43,67,52.0,28.0,19.0,19.0,89.0,28.0,28.0,36.73102813852814,0.09848870950683895,5,86
scale-free,100,43,68,29.0,28.0,19.0,19.0,1.0,28.0,28.0,36.73102813852814,0.09848870950683895,5,86
scale-free,100,43,69,52.0,28.0,19.0,19.0,13.0,28.0,28.0,36.73102813852814,0.09848870950683895,5,86
scale-free,100,43,70,29.0,14.0,19.0,19.0,94.0,15.0,17.0,36.73102813852814,0.09848870950683895,5,86
scale-free,100,43,71,29.0,28.0,19.0,19.0,13.0,28.0,28.0,36.73102813852814,0.09848870950683895,5,86
scale-free,100,43,72,29.0,28.0,19.0,19.0,13.0,28.0,28.0,36.73102813852814,0.09848870950683895,5,86
scale-free,100,43,73,29.0,18.0,19.0,19.0,94.0,18.0,20.0,36.73102813852814,0.09848870950683895,5,86
scale-free,100,43,74,52.0,28.0,19.0,19.0,13.0,28.0,28.0,36.73102813852814,0.09848870950683895,5,86
scale-free,100,43,75,52.0,28.0,19.0,19.0,13.0,28.0,28.0,36.73102813852814,0.09848870950683895,5,86
scale-free,100,43,76,52.0,28.0,19.0,19.0,89.0,28.0,28.0,36.73102813852814,0.09848870950683895,5,86
scale-free,100,43,77,52.0,28.0,19.0,19.0,13.0,28.0,28.0,36.73102813852814,0.09848870950683895,5,86
scale-free,100,43,78,22.0,28.0,19.0,19.0,1.0,28.0,28.0,36.73102813852814,0.09848870950683895,5,86
scale-free,100,43,79,29.0,28.0,19.0,19.0,1.0,28.0,28.0,36.73102813852814,0.09848870950683895,5,86
scale-free,100,43,80,52.0,28.0,19.0,19.0,13.0,28.0,28.0,36.73102813852814,0.09848870950683895,5,86
scale-free,100,43,81,52.0,28.0,19.0,19.0,13.0,28.0,28.0,36.73102813852814,0.09848870950683895,5,86
scale-free,100,43,82,52.0,28.0,19.0,19.0,13.0,28.0,28.0,36.73102813852814,0.09848870950683895,5,86
scale-free,100,43,83,52.0,28.0,19.0,19.0,13.0,28.0,28.0,36.73102813852814,0.09848870950683895,5,86
scale-free,100,43,84,52.0,23.0,19.0,19.0,94.0,23.0,25.0,36.73102813852814,0.09848870950683895,5,86
scale-free,100,43,85,52.0,28.0,19.0,19.0,89.0,28.0,28.0,36.73102813852814,0.09848870950683895,5,86
scale-free,100,43,86,29.0,20.0,19.0,19.0,74.0,20.0,23.0,36.73102813852814,0.09848870950683895,5,86
scale-free,100,43,87,52.0,28.0,19.0,19.0,13.0,28.0,28.0,36.73102813852814,0.09848870950683895,5,86
scale-free,100,43,88,52.0,28.0,19.0,19.0,13.0,28.0,28.0,36.73102813852814,0.09848870950683895,5,86
scale-free,100,43,89,52.0,28.0,19.0,19.0,89.0,28.0,28.0,36.73102813852814,0.09848870950683895,5,86
scale-free,100,43,90,52.0,28.0,19.0,19.0,13.0,28.0,28.0,36.73102813852814,0.09848870950683895,5,86
scale-free,100,43,91,52.0,28.0,19.0,19.0,13.0,28.0,28.0,36.73102813852814,0.09848870950683895,5,86
scale-free,100,43,92,52.0,28.0,19.0,19.0,13.0,28.0,28.0,36.73102813852814,0.09848870950683895,5,86
scale-free,100,43,93,52.0,28.0,19.0,19.0,13.0,28.0,28.0,36.73102813852814,0.09848870950683895,5,86
scale-free,100,43,94,52.0,28.0,19.0,19.0,13.0,28.0,28.0,36.73102813852814,0.09848870950683895,5,86
scale-free,100,43,95,52.0,28.0,19.0,19.0,13.0,28.0,28.0,36.73102813852814,0.09848870950683895,5,86
scale-free,100,43,96,52.0,9.0,19.0,19.0,94.0,9.0,12.0,36.73102813852814,0.09848870950683895,5,86
scale-free,100,43,97,52.0,28.0,19.0,19.0,13.0,28.0,28.0,36.73102813852814,0.09848870950683895,5,86
scale-free,100,43,98,52.0,28.0,19.0,19.0,13.0,28.0,28.0,36.73102813852814,0.09848870950683895,5,86
scale-free,100,43,99,52.0,28.0,19.0,19.0,1.0,28.0,28.0,36.73102813852814,0.09848870950683895,5,86
scale-free,100,44,0,1.0,2.0,1.0,1.0,64.0,2.0,1.0,34.32796153846154,0.14110708215348422,5,95
scale-free,100,44,1,2.0,1.0,2.0,2.0,64.0,1.0,2.0,34.32796153846154,0.14110708215348422,5,95
scale-free,100,44,2,4.0,5.0,4.0,4.0,64.0,5.0,6.0,34.32796153846154,0.14110708215348422,5,95
scale-free,100,44,3,9.0,6.0,3.0,3.0,64.0,6.0,8.0,34.32796153846154,0.14110708215348422,5,95
scale-free,100,44,4,12.0,20.0,8.0,8.0,2.0,20.0,20.0,34.32796153846154,0.14110708215348422,5,95
scale-free,100,44,5,16.0,20.0,8.0,8.0,2.0,20.0,20.0,34.32796153846154,0.14110708215348422,5,95
scale-free,100,44,6,6.0,20.0,8.0,8.0,2.0,20.0,20.0,34.32796153846154,0.14110708215348422,5,95
scale-free,100,44,7,14.0,20.0,8.0,8.0,2.0,20.0,20.0,34.32796153846154,0.14110708215348422,5,95
scale-free,100,44,8,3.0,3.0,8.0,8.0,90.0,3.0,3.0,34.32796153846154,0.14110708215348422,5,95
scale-free,100,44,9,21.0,20.0,8.0,8.0,12.0,20.0,20.0,34.32796153846154,0.14110708215348422,5,95
scale-free,100,44,10,48.0,20.0,8.0,8.0,12.0,20.0,20.0,34.32796153846154,0.14110708215348422,5,95
scale-free,100,44,11,21.0,20.0,8.0,8.0,12.0,20.0,20.0,34.32796153846154,0.14110708215348422,5,95
scale-free,100,44,12,7.0,9.0,5.0,5.0,64.0,8.0,7.0,34.32796153846154,0.14110708215348422,5,95
scale-free,100,44,13,12.0,20.0,8.0,8.0,12.0,20.0,20.0,34.32796153846154,0.14110708215348422,5,95
scale-free,100,44,14,26.0,20.0,8.0,8.0,12.0,20.0,20.0,34.32796153846154,0.14110708215348422,5,95
scale-free,100,44,15,5.0,4.0,8.0,8.0,90.0,4.0,4.0,34.32796153846154,0.14110708215348422,5,95
scale-free,100,44,16,26.0,20.0,8.0,8.0,12.0,20.0,20.0,34.32796153846154,0.14110708215348422,5,95
scale-free,100,44,17,26.0,20.0,8.0,8.0,12.0,20.0,20.0,34.32796153846154,0.14110708215348422,5,95
scale-free,100,44,18,26.0,20.0,8.0,8.0,2.0,20.0,20.0,34.32796153846154,0.14110708215348422,5,95
scale-free,100,44,19,48.0,20.0,8.0,8.0,72.0,20.0,20.0,34.32796153846154,0.14110708215348422,5,95
scale-free,100,44,20,26.0,20.0,8.0,8.0,72.0,20.0,20.0,34.32796153846154,0.14110708215348422,5,95
scale-free,100,44,21,48.0,20.0,8.0,8.0,12.0,20.0,20.0,34.32796153846154,0.14110708215348422,5,95
scale-free,100,44,22,10.0,8.0,6.0,6.0,64.0,7.0,11.0,34.32796153846154,0.14110708215348422,5,95
scale-free,100,44,23,48.0,20.0,8.0,8.0,72.0,20.0,20.0,34.32796153846154,0.14110708215348422,5,95
scale-free,100,44,24,26.0,20.0,8.0,8.0,12.0,20.0,20.0,34.32796153846154,0.14110708215348422,5,95
scale-free,100,44,25,11.0,20.0,8.0,8.0,12.0,20.0,20.0,34.32796153846154,0.14110708215348422,5,95
scale-free,100,44,26,26.0,11.0,8.0,8.0,90.0,10.0,12.0,34.32796153846154,0.14110708215348422,5,95
scale-free,100,44,27,21.0,20.0,8.0,8.0,12.0,20.0,20.0,34.32796153846154,0.14110708215348422,5,95
scale-free,100,44,28,7.0,14.0,7.0,7.0,72.0,14.0,5.0,34.32796153846154,0.14110708215348422,5,95
scale-free,100,44,29,26.0,20.0,8.0,8.0,2.0,20.0,20.0,34.32796153846154,0.14110708215348422,5,95
scale-free,100,44,30,16.0,20.0,8.0,8.0,12.0,20.0,20.0,34.32796153846154,0.14110708215348422,5,95
scale-free,100,44,31,16.0,20.0,8.0,8.0,1.0,20.0,20.0,34.32796153846154,0.14110708215348422,5,95
scale-free,100,44,32,15.0,20.0,8.0,8.0,2.0,20.0,20.0,34.32796153846154,0.14110708215348422,5,95
scale-free,100,44,33,48.0,20.0,8.0,8.0,12.0,20.0,20.0,34.32796153846154,0.14110708215348422,5,95
scale-free,100,44,34,16.0,20.0,8.0,8.0,2.0,20.0,20.0,34.32796153846154,0.14110708215348422,5,95
scale-free,100,44,35,48.0,20.0,8.0,8.0,72.0,20.0,20.0,34.32796153846154,0.14110708215348422,5,95
scale-free,100,44,36,26.0,20.0,8.0,8.0,12.0,20.0,20.0,34.32796153846154,0.14110708215348422,5,95
scale-free,100,44,37,26.0,15.0,8.0,8.0,90.0,15.0,13.0,34.32796153846154,0.14110708215348422,5,95
scale-free,100,44,38,26.0,20.0,8.0,8.0,2.0,20.0,20.0,34.32796153846154,0.14110708215348422,5,95
scale-free,100,44,39,26.0,20.0,8.0,8.0,12.0,20.0,20.0,34.32796153846154,0.14110708215348422,5,95
scale-free,100,44,40,48.0,20.0,8.0,8.0,12.0,20.0,20.0,34.32796153846154,0.14110708215348422,5,95
scale-free,100,44,41,26.0,20.0,8.0,8.0,12.0,20.0,20.0,34.32796153846154,0.14110708215348422,5,95
scale-free,100,44,42,26.0,20.0,8.0,8.0,12.0,20.0,20.0,34.32796153846154,0.14110708215348422,5,95
scale-free,100,44,43,48.0,20.0,8.0,8.0,72.0,20.0,20.0,34.32796153846154,0.14110708215348422,5,95
scale-free,100,44,44,21.0,20.0,8.0,8.0,12.0,20.0,20.0,34.32796153846154,0.14110708215348422,5,95
scale-free,100,44,45,26.0,20.0,8.0,8.0,12.0,20.0,20.0,34.32796153846154,0.14110708215348422,5,95
scale-free,100,44,46,16.0,20.0,8.0,8.0,12.0,20.0,20.0,34.32796153846154,0.14110708215348422,5,95
scale-free,100,44,47,21.0,20.0,8.0,8.0,12.0,20.0,20.0,34.32796153846154,0.14110708215348422,5,95
scale-free,100,44,48,26.0,16.0,8.0,8.0,72.0,16.0,18.0,34.32796153846154,0.14110708215348422,5,95
scale-free,100,44,49,26.0,20.0,8.0,8.0,12.0,20.0,20.0,34.32796153846154,0.14110708215348422,5,95
scale-free,100,44,50,48.0,16.0,8.0,8.0,90.0,16.0,19.0,34.32796153846154,0.14110708215348422,5,95
scale-free,100,44,51,26.0,7.0,8.0,8.0,90.0,9.0,9.0,34.32796153846154,0.14110708215348422,5,95
scale-free,100,44,52,26.0,20.0,8.0,8.0,2.0,20.0,20.0,34.32796153846154,0.14110708215348422,5,95
scale-free,100,44,53,48.0,20.0,8.0,8.0,72.0,20.0,20.0,34.32796153846154,0.14110708215348422,5,95
scale-free,100,44,54,26.0,20.0,8.0,8.0,12.0,20.0,20.0,34.32796153846154,0.14110708215348422,5,95
scale-free,100,44,55,48.0,20.0,8.0,8.0,12.0,20.0,20.0,34.32796153846154,0.14110708215348422,5,95
scale-free,100,44,56,48.0,20.0,8.0,8.0,72.0,20.0,20.0,34.32796153846154,0.14110708215348422,5,95
scale-free,100,44,57,48.0,20.0,8.0,8.0,72.0,20.0,20.0,34.32796153846154,0.14110708215348422,5,95
scale-free,100,44,58,48.0,20.0,8.0,8.0,12.0,20.0,20.0,34.32796153846154,0.14110708215348422,5,95
scale-free,100,44,59,48.0,20.0,8.0,8.0,12.0,20.0,20.0,34.32796153846154,0.14110708215348422,5,95
scale-free,100,44,60,48.0,20.0,8.0,8.0,12.0,20.0,20.0,34.32796153846154,0.14110708215348422,5,95
scale-free,100,44,61,26.0,20.0,8.0,8.0,12.0,20.0,20.0,34.32796153846154,0.14110708215348422,5,95
scale-free,100,44,62,48.0,20.0,8.0,8.0,72.0,20.0,20.0,34.32796153846154,0.14110708215348422,5,95
scale-free,100,44,63,48.0,20.0,8.0,8.0,12.0,20.0,20.0,34.32796153846154,0.14110708215348422,5,95
scale-free,100,44,64,48.0,20.0,8.0,8.0,72.0,20.0,20.0,34.32796153846154,0.14110708215348422,5,95
scale-free,100,44,65,48.0,16.0,8.0,8.0,90.0,16.0,17.0,34.32796153846154,0.14110708215348422,5,95
scale-free,100,44,66,48.0,20.0,8.0,8.0,12.0,20.0,20.0,34.32796153846154,0.14110708215348422,5,95
scale-free,100,44,67,48.0,20.0,8.0,8.0,12.0,20.0,20.0,34.32796153846154,0.14110708215348422,5,95
scale-free,100,44,68,48.0,20.0,8.0,8.0,12.0,20.0,20.0,34.32796153846154,0.14110708215348422,5,95
scale-free,100,44,69,48.0,12.0,8.0,8.0,90.0,12.0,14.0,34.32796153846154,0.14110708215348422,5,95
scale-free,100,44,70,48.0,20.0,8.0,8.0,12.0,20.0,20.0,34.32796153846154,0.14110708215348422,5,95
scale-free,100,44,71,48.0,20.0,8.0,8.0,72.0,20.0,20.0,34.32796153846154,0.14110708215348422,5,95
scale-free,100,44,72,48.0,20.0,8.0,8.0,12.0,20.0,20.0,34.32796153846154,0.14110708215348422,5,95
scale-free,100,44,73,26.0,20.0,8.0,8.0,12.0,20.0,20.0,34.32796153846154,0.14110708215348422,5,95
scale-free,100,44,74,48.0,20.0,8.0,8.0,12.0,20.0,20.0,34.32796153846154,0.14110708215348422,5,95
scale-free,100,44,75,48.0,20.0,8.0,8.0,12.0,20.0,20.0,34.32796153846154,0.14110708215348422,5,95
scale-free,100,44,76,48.0,20.0,8.0,8.0,12.0,20.0,20.0,34.32796153846154,0.14110708215348422,5,95
scale-free,100,44,77,48.0,20.0,8.0,8.0,12.0,20.0,20.0,34.32796153846154,0.14110708215348422,5,95
scale-free,100,44,78,48.0,20.0,8.0,8.0,12.0,20.0,20.0,34.32796153846154,0.14110708215348422,5,95
scale-free,100,44,79,48.0,20.0,8.0,8.0,70.0,20.0,20.0,34.32796153846154,0.14110708215348422,5,95
scale-free,100,44,80,48.0,20.0,8.0,8.0,72.0,20.0,20.0,34.32796153846154,0.14110708215348422,5,95
scale-free,100,44,81,48.0,20.0,8.0,8.0,12.0,20.0,20.0,34.32796153846154,0.14110708215348422,5,95
scale-free,100,44,82,48.0,20.0,8.0,8.0,72.0,20.0,20.0,34.32796153846154,0.14110708215348422,5,95
scale-free,100,44,83,48.0,20.0,8.0,8.0,12.0,20.0,20.0,34.32796153846154,0.14110708215348422,5,95
scale-free,100,44,84,48.0,16.0,8.0,8.0,90.0,16.0,16.0,34.32796153846154,0.14110708215348422,5,95
scale-free,100,44,85,48.0,10.0,8.0,8.0,90.0,11.0,10.0,34.32796153846154,0.14110708215348422,5,95
scale-free,100,44,86,48.0,20.0,8.0,8.0,12.0,20.0,20.0,34.32796153846154,0.14110708215348422,5,95
scale-free,100,44,87,48.0,12.0,8.0,8.0,90.0,12.0,14.0,34.32796153846154,0.14110708215348422,5,95
scale-free,100,44,88,48.0,20.0,8.0,8.0,72.0,20.0,20.0,34.32796153846154,0.14110708215348422,5,95
scale-free,100,44,89,48.0,20.0,8.0,8.0,12.0,20.0,20.0,34.32796153846154,0.14110708215348422,5,95
scale-free,100,44,90,48.0,20.0,8.0,8.0,12.0,20.0,20.0,34.32796153846154,0.14110708215348422,5,95
scale-free,100,44,91,48.0,20.0,8.0,8.0,12.0,20.0,20.0,34.32796153846154,0.14110708215348422,5,95
scale-free,100,44,92,48.0,20.0,8.0,8.0,70.0,20.0,20.0,34.32796153846154,0.14110708215348422,5,95
scale-free,100,44,93,48.0,20.0,8.0,8.0,72.0,20.0,20.0,34.32796153846154,0.14110708215348422,5,95
scale-free,100,44,94,48.0,20.0,8.0,8.0,12.0,20.0,20.0,34.32796153846154,0.14110708215348422,5,95
scale-free,100,44,95,48.0,20.0,8.0,8.0,72.0,20.0,20.0,34.32796153846154,0.14110708215348422,5,95
scale-free,100,44,96,48.0,20.0,8.0,8.0,12.0,20.0,20.0,34.32796153846154,0.14110708215348422,5,95
scale-free,100,44,97,48.0,20.0,8.0,8.0,12.0,20.0,20.0,34.32796153846154,0.14110708215348422,5,95
scale-free,100,44,98,48.0,20.0,8.0,8.0,12.0,20.0,20.0,34.32796153846154,0.14110708215348422,5,95
scale-free,100,44,99,48.0,20.0,8.0,8.0,12.0,20.0,20.0,34.32796153846154,0.14110708215348422,5,95
