scale-free,100,47,0,2.0,3.0,3.0,3.0,72.0,2.0,3.0,35.60225715461009,0.08530986317603965,4,95
scale-free,100,47,1,1.0,1.0,1.0,1.0,72.0,1.0,1.0,35.60225715461009,0.08530986317603965,4,95
scale-free,100,47,2,4.0,2.0,2.0,2.0,72.0,3.0,2.0,35.60225715461009,0.08530986317603965,4,95
scale-free,100,47,3,13.0,14.0,9.0,9.0,33.0,15.0,12.0,35.60225715461009,0.08530986317603965,4,95
scale-free,100,47,4,24.0,29.0,17.0,17.0,33.0,29.0,29.0,35.60225715461009,0.08530986317603965,4,95
scale-free,100,47,5,19.0,29.0,17.0,17.0,33.0,29.0,29.0,35.60225715461009,0.08530986317603965,4,95
scale-free,100,47,6,12.0,5.0,15.0,15.0,72.0,5.0,4.0,35.60225715461009,0.08530986317603965,4,95
scale-free,100,47,7,8.0,16.0,7.0,7.0,11.0,14.0,15.0,35.60225715461009,0.08530986317603965,4,95
scale-free,100,47,8,9.0,4.0,17.0,17.0,90.0,4.0,6.0,35.60225715461009,0.08530986317603965,4,95
scale-free,100,47,9,16.0,29.0,17.0,17.0,5.0,29.0,29.0,35.60225715461009,0.08530986317603965,4,95
scale-free,100,47,10,19.0,29.0,17.0,17.0,11.0,29.0,29.0,35.60225715461009,0.08530986317603965,4,95
scale-free,100,47,11,46.0,29.0,17.0,17.0,33.0,29.0,29.0,35.60225715461009,0.08530986317603965,4,95
scale-free,100,47,12,3.0,11.0,5.0,5.0,21.0,10.0,9.0,35.60225715461009,0.08530986317603965,4,95
scale-free,100,47,13,19.0,29.0,17.0,17.0,11.0,29.0,29.0,35.60225715461009,0.08530986317603965,4,95
scale-free,100,47,14,5.0,23.0,11.0,11.0,21.0,23.0,18.0,35.60225715461009,0.08530986317603965,4,95
scale-free,100,47,15,9.0,7.0,4.0,4.0,72.0,6.0,8.0,35.60225715461009,0.08530986317603965,4,95
scale-free,100,47,16,16.0,29.0,17.0,17.0,1.0,29.0,29.0,35.60225715461009,0.08530986317603965,4,95
scale-free,100,47,17,24.0,14.0,17.0,17.0,90.0,15.0,22.0,35.60225715461009,0.08530986317603965,4,95
scale-free,100,47,18,46.0,29.0,17.0,17.0,33.0,29.0,29.0,35.60225715461009,0.08530986317603965,4,95
scale-free,100,47,19,24.0,29.0,17.0,17.0,21.0,29.0,29.0,35.60225715461009,0.08530986317603965,4,95
scale-free,100,47,20,46.0,29.0,17.0,17.0,33.0,29.0,29.0,35.60225715461009,0.08530986317603965,4,95
scale-free,100,47,21,9.0,13.0,6.0,6.0,9.0,13.0,19.0,35.60225715461009,0.08530986317603965,4,95
scale-free,100,47,22,5.0,10.0,17.0,17.0,90.0,12.0,7.0,35.60225715461009,0.08530986317603965,4,95
scale-free,100,47,23,24.0,29.0,17.0,17.0,33.0,29.0,29.0,35.60225715461009,0.08530986317603965,4,95
scale-free,100,47,24,46.0,29.0,17.0,17.0,33.0,29.0,29.0,35.60225715461009,0.08530986317603965,4,95
scale-free,100,47,25,34.0,29.0,17.0,17.0,33.0,29.0,29.0,35.60225715461009,0.08530986317603965,4,95
scale-free,100,47,26,46.0,29.0,17.0,17.0,33.0,29.0,29.0,35.60225715461009,0.08530986317603965,4,95
scale-free,100,47,27,13.0,29.0,17.0,17.0,11.0,29.0,29.0,35.60225715461009,0.08530986317603965,4,95
scale-free,100,47,28,19.0,29.0,17.0,17.0,21.0,29.0,29.0,35.60225715461009,0.08530986317603965,4,95
scale-free,100,47,29,34.0,29.0,17.0,17.0,11.0,29.0,29.0,35.60225715461009,0.08530986317603965,4,95
scale-free,100,47,30,24.0,29.0,17.0,17.0,8.0,29.0,29.0,35.60225715461009,0.08530986317603965,4,95
scale-free,100,47,31,5.0,29.0,17.0,17.0,1.0,29.0,29.0,35.60225715461009,0.08530986317603965,4,95
scale-free,100,47,32,46.0,29.0,17.0,17.0,33.0,29.0,29.0,35.60225715461009,0.08530986317603965,4,95
scale-free,100,47,33,46.0,29.0,17.0,17.0,33.0,29.0,29.0,35.60225715461009,0.08530986317603965,4,95
scale-free,100,47,34,46.0,23.0,17.0,17.0,90.0,23.0,28.0,35.60225715461009,0.08530986317603965,4,95
scale-free,100,47,35,19.0,23.0,12.0,12.0,33.0,23.0,20.0,35.60225715461009,0.08530986317603965,4,95
scale-free,100,47,36,46.0,29.0,17.0,17.0,33.0,29.0,29.0,35.60225715461009,0.08530986317603965,4,95
scale-free,100,47,37,24.0,19.0,9.0,9.0,33.0,21.0,13.0,35.60225715461009,0.08530986317603965,4,95
scale-free,100,47,38,34.0,23.0,12.0,12.0,33.0,23.0,20.0,35.60225715461009,0.08530986317603965,4,95
scale-free,100,47,39,46.0,29.0,17.0,17.0,21.0,29.0,29.0,35.60225715461009,0.08530986317603965,4,95
scale-free,100,47,40,24.0,29.0,17.0,17.0,3.0,29.0,29.0,35.60225715461009,0.08530986317603965,4,95
scale-free,100,47,41,46.0,29.0,17.0,17.0,79.0,29.0,29.0,35.60225715461009,0.08530986317603965,4,95
scale-free,100,47,42,24.0,29.0,17.0,17.0,21.0,29.0,29.0,35.60225715461009,0.08530986317603965,4,95
scale-free,100,47,43,46.0,29.0,17.0,17.0,21.0,29.0,29.0,35.60225715461009,0.08530986317603965,4,95
scale-free,100,47,44,34.0,29.0,17.0,17.0,33.0,29.0,29.0,35.60225715461009,0.08530986317603965,4,95
scale-free,100,47,45,46.0,29.0,17.0,17.0,79.0,29.0,29.0,35.60225715461009,0.08530986317603965,4,95
scale-free,100,47,46,34.0,29.0,17.0,17.0,33.0,29.0,29.0,35.60225715461009,0.08530986317603965,4,95
scale-free,100,47,47,13.0,18.0,8.0,8.0,5.0,18.0,16.0,35.60225715461009,0.08530986317603965,4,95
scale-free,100,47,48,46.0,29.0,17.0,17.0,33.0,29.0,29.0,35.60225715461009,0.08530986317603965,4,95
scale-free,100,47,49,46.0,29.0,17.0,17.0,79.0,29.0,29.0,35.60225715461009,0.08530986317603965,4,95
scale-free,100,47,50,34.0,29.0,17.0,17.0,33.0,29.0,29.0,35.60225715461009,0.08530986317603965,4,95
scale-free,100,47,51,46.0,29.0,17.0,17.0,21.0,29.0,29.0,35.60225715461009,0.08530986317603965,4,95
scale-free,100,47,52,24.0,19.0,12.0,12.0,33.0,21.0,17.0,35.60225715461009,0.08530986317603965,4,95
scale-free,100,47,53,46.0,29.0,17.0,17.0,33.0,29.0,29.0,35.60225715461009,0.08530986317603965,4,95
scale-free,100,47,54,24.0,6.0,17.0,17.0,72.0,8.0,5.0,35.60225715461009,0.08530986317603965,4,95
scale-free,100,47,55,46.0,29.0,17.0,17.0,33.0,29.0,29.0,35.60225715461009,0.08530986317603965,4,95
scale-free,100,47,56,46.0,29.0,17.0,17.0,33.0,29.0,29.0,35.60225715461009,0.08530986317603965,4,95
scale-free,100,47,57,46.0,29.0,17.0,17.0,33.0,29.0,29.0,35.60225715461009,0.08530986317603965,4,95
scale-free,100,47,58,16.0,12.0,17.0,17.0,90.0,11.0,11.0,35.60225715461009,0.08530986317603965,4,95
scale-free,100,47,59,46.0,29.0,17.0,17.0,79.0,29.0,29.0,35.60225715461009,0.08530986317603965,4,95
scale-free,100,47,60,46.0,29.0,17.0,17.0,33.0,29.0,29.0,35.60225715461009,0.08530986317603965,4,95
scale-free,100,47,61,46.0,29.0,17.0,17.0,33.0,29.0,29.0,35.60225715461009,0.08530986317603965,4,95
scale-free,100,47,62,46.0,29.0,17.0,17.0,11.0,29.0,29.0,35.60225715461009,0.08530986317603965,4,95
scale-free,100,47,63,46.0,29.0,17.0,17.0,33.0,29.0,29.0,35.60225715461009,0.08530986317603965,4,95
scale-free,100,47,64,46.0,29.0,17.0,17.0,79.0,29.0,29.0,35.60225715461009,0.08530986317603965,4,95
scale-free,100,47,65,46.0,23.0,17.0,17.0,90.0,23.0,26.0,35.60225715461009,0.08530986317603965,4,95
scale-free,100,47,66,46.0,29.0,17.0,17.0,33.0,29.0,29.0,35.60225715461009,0.08530986317603965,4,95
scale-free,100,47,67,46.0,29.0,17.0,17.0,21.0,29.0,29.0,35.60225715461009,0.08530986317603965,4,95
scale-free,100,47,68,46.0,29.0,17.0,17.0,79.0,29.0,29.0,35.60225715461009,0.08530986317603965,4,95
scale-free,100,47,69,34.0,29.0,17.0,17.0,33.0,29.0,29.0,35.60225715461009,0.08530986317603965,4,95
scale-free,100,47,70,34.0,23.0,16.0,16.0,3.0,23.0,27.0,35.60225715461009,0.08530986317603965,4,95
scale-free,100,47,71,46.0,29.0,17.0,17.0,11.0,29.0,29.0,35.60225715461009,0.08530986317603965,4,95
scale-free,100,47,72,46.0,29.0,17.0,17.0,79.0,29.0,29.0,35.60225715461009,0.08530986317603965,4,95
scale-free,100,47,73,46.0,29.0,17.0,17.0,33.0,29.0,29.0,35.60225715461009,0.08530986317603965,4,95
scale-free,100,47,74,46.0,29.0,17.0,17.0,33.0,29.0,29.0,35.60225715461009,0.08530986317603965,4,95
scale-free,100,47,75,46.0,29.0,17.0,17.0,33.0,29.0,29.0,35.60225715461009,0.08530986317603965,4,95
scale-free,100,47,76,46.0,29.0,17.0,17.0,33.0,29.0,29.0,35.60225715461009,0.08530986317603965,4,95
scale-free,100,47,77,46.0,29.0,17.0,17.0,79.0,29.0,29.0,35.60225715461009,0.08530986317603965,4,95
scale-free,100,47,78,34.0,9.0,17.0,17.0,90.0,9.0,14.0,35.60225715461009,0.08530986317603965,4,95
scale-free,100,47,79,34.0,29.0,17.0,17.0,5.0,29.0,29.0,35.60225715461009,0.08530986317603965,4,95
scale-free,100,47,80,46.0,29.0,17.0,17.0,33.0,29.0,29.0,35.60225715461009,0.08530986317603965,4,95
scale-free,100,47,81,34.0,29.0,17.0,17.0,11.0,29.0,29.0,35.60225715461009,0.08530986317603965,4,95
scale-free,100,47,82,46.0,29.0,17.0,17.0,79.0,29.0,29.0,35.60225715461009,0.08530986317603965,4,95
scale-free,100,47,83,46.0,19.0,17.0,17.0,90.0,19.0,23.0,35.60225715461009,0.08530986317603965,4,95
scale-free,100,47,84,46.0,29.0,17.0,17.0,33.0,29.0,29.0,35.60225715461009,0.08530986317603965,4,95
scale-free,100,47,85,46.0,29.0,17.0,17.0,11.0,29.0,29.0,35.60225715461009,0.08530986317603965,4,95
scale-free,100,47,86,46.0,29.0,17.0,17.0,21.0,29.0,29.0,35.60225715461009,0.08530986317603965,4,95
scale-free,100,47,87,46.0,29.0,17.0,17.0,33.0,29.0,29.0,35.60225715461009,0.08530986317603965,4,95
scale-free,100,47,88,46.0,16.0,17.0,17.0,90.0,15.0,25.0,35.60225715461009,0.08530986317603965,4,95
scale-free,100,47,89,46.0,29.0,17.0,17.0,33.0,29.0,29.0,35.60225715461009,0.08530986317603965,4,95
scale-free,100,47,90,46.0,29.0,17.0,17.0,79.0,29.0,29.0,35.60225715461009,0.08530986317603965,4,95
scale-free,100,47,91,46.0,29.0,17.0,17.0,9.0,29.0,29.0,35.60225715461009,0.08530986317603965,4,95
scale-free,100,47,92,46.0,19.0,17.0,17.0,90.0,19.0,23.0,35.60225715461009,0.08530986317603965,4,95
scale-free,100,47,93,34.0,29.0,17.0,17.0,78.0,29.0,29.0,35.60225715461009,0.08530986317603965,4,95
scale-free,100,47,94,46.0,8.0,17.0,17.0,90.0,7.0,10.0,35.60225715461009,0.08530986317603965,4,95
scale-free,100,47,95,46.0,29.0,17.0,17.0,21.0,29.0,29.0,35.60225715461009,0.08530986317603965,4,95
scale-free,100,47,96,46.0,29.0,17.0,17.0,79.0,29.0,29.0,35.60225715461009,0.08530986317603965,4,95
scale-free,100,47,97,46.0,29.0,17.0,17.0,11.0,29.0,29.0,35.60225715461009,0.08530986317603965,4,95
scale-free,100,47,98,46.0,29.0,17.0,17.0,33.0,29.0,29.0,35.60225715461009,0.08530986317603965,4,95
scale-free,100,47,99,46.0,29.0,17.0,17.0,21.0,29.0,29.0,35.60225715461009,0.08530986317603965,4,95
scale-free,100,48,0,4.0,4.0,4.0,4.0,80.0,4.0,5.0,21.796179945054945,0.13990881569072322,5,93
scale-free,100,48,1,1.0,2.0,2.0,2.0,80.0,2.0,3.0,21.796179945054945,0.13990881569072322,5,93
scale-free,100,48,2,2.0,3.0,1.0,1.0,80.0,3.0,2.0,21.796179945054945,0.13990881569072322,5,93
scale-free,100,48,3,5.0,24.0,11.0,11.0,2.0,24.0,24.0,21.796179945054945,0.13990881569072322,5,93
scale-free,100,48,4,3.0,1.0,3.0,3.0,80.0,1.0,1.0,21.796179945054945,0.13990881569072322,5,93
scale-free,100,48,5,7.0,24.0,11.0,11.0,2.0,24.0,24.0,21.796179945054945,0.13990881569072322,5,93
scale-free,100,48,6,11.0,7.0,10.0,10.0,80.0,7.0,6.0,21.796179945054945,0.13990881569072322,5,93
scale-free,100,48,7,7.0,24.0,11.0,11.0,15.0,24.0,24.0,21.796179945054945,0.13990881569072322,5,93
scale-free,100,48,8,26.0,24.0,11.0,11.0,2.0,24.0,24.0,21.796179945054945,0.13990881569072322,5,93
scale-free,100,48,9,16.0,24.0,11.0,11.0,15.0,24.0,24.0,21.796179945054945,0.13990881569072322,5,93
scale-free,100,48,10,42.0,24.0,11.0,11.0,15.0,24.0,24.0,21.796179945054945,0.13990881569072322,5,93
scale-free,100,48,11,9.0,24.0,11.0,11.0,2.0,24.0,24.0,21.796179945054945,0.13990881569072322,5,93
scale-free,100,48,12,11.0,24.0,11.0,11.0,15.0,24.0,24.0,21.796179945054945,0.13990881569072322,5,93
scale-free,100,48,13,16.0,12.0,11.0,11.0,91.0,12.0,14.0,21.796179945054945,0.13990881569072322,5,93
scale-free,100,48,14,42.0,24.0,11.0,11.0,15.0,24.0,24.0,21.796179945054945,0.13990881569072322,5,93
scale-free,100,48,15,26.0,11.0,11.0,11.0,80.0,11.0,10.0,21.796179945054945,0.13990881569072322,5,93
scale-free,100,48,16,6.0,6.0,6.0,6.0,80.0,6.0,8.0,21.796179945054945,0.13990881569072322,5,93
scale-free,100,48,17,26.0,13.0,11.0,11.0,91.0,13.0,18.0,21.796179945054945,0.13990881569072322,5,93
scale-free,100,48,18,11.0,24.0,11.0,11.0,2.0,24.0,24.0,21.796179945054945,0.13990881569072322,5,93
scale-free,100,48,19,26.0,24.0,11.0,11.0,15.0,24.0,24.0,21.796179945054945,0.13990881569072322,5,93
scale-free,100,48,20,42.0,24.0,11.0,11.0,15.0,24.0,24.0,21.796179945054945,0.13990881569072322,5,93
scale-free,100,48,21,42.0,24.0,11.0,11.0,15.0,24.0,24.0,21.796179945054945,0.13990881569072322,5,93
scale-free,100,48,22,16.0,24.0,11.0,11.0,15.0,24.0,24.0,21.796179945054945,0.13990881569072322,5,93
scale-free,100,48,23,16.0,8.0,11.0,11.0,80.0,8.0,7.0,21.796179945054945,0.13990881569072322,5,93
scale-free,100,48,24,9.0,24.0,11.0,11.0,2.0,24.0,24.0,21.796179945054945,0.13990881569072322,5,93
scale-free,100,48,25,14.0,14.0,5.0,5.0,15.0,14.0,12.0,21.796179945054945,0.13990881569072322,5,93
scale-free,100,48,26,42.0,24.0,11.0,11.0,15.0,24.0,24.0,21.796179945054945,0.13990881569072322,5,93
scale-free,100,48,27,14.0,16.0,7.0,7.0,15.0,16.0,13.0,21.796179945054945,0.13990881569072322,5,93
scale-free,100,48,28,26.0,24.0,11.0,11.0,2.0,24.0,24.0,21.796179945054945,0.13990881569072322,5,93
scale-free,100,48,29,26.0,9.0,11.0,11.0,91.0,9.0,9.0,21.796179945054945,0.13990881569072322,5,93
scale-free,100,48,30,16.0,5.0,11.0,11.0,91.0,5.0,4.0,21.796179945054945,0.13990881569072322,5,93
scale-free,100,48,31,26.0,24.0,11.0,11.0,15.0,24.0,24.0,21.796179945054945,0.13990881569072322,5,93
scale-free,100,48,32,26.0,24.0,11.0,11.0,15.0,24.0,24.0,21.796179945054945,0.13990881569072322,5,93
scale-free,100,48,33,42.0,24.0,11.0,11.0,15.0,24.0,24.0,21.796179945054945,0.13990881569072322,5,93
scale-free,100,48,34,16.0,14.0,11.0,11.0,91.0,14.0,15.0,21.796179945054945,0.13990881569072322,5,93
scale-free,100,48,35,42.0,24.0,11.0,11.0,15.0,24.0,24.0,21.796179945054945,0.13990881569072322,5,93
scale-free,100,48,36,42.0,24.0,11.0,11.0,15.0,24.0,24.0,21.796179945054945,0.13990881569072322,5,93
scale-free,100,48,37,26.0,24.0,11.0,11.0,15.0,24.0,24.0,21.796179945054945,0.13990881569072322,5,93
scale-free,100,48,38,26.0,24.0,11.0,11.0,15.0,24.0,24.0,21.796179945054945,0.13990881569072322,5,93
scale-free,100,48,39,42.0,24.0,11.0,11.0,15.0,24.0,24.0,21.796179945054945,0.13990881569072322,5,93
scale-free,100,48,40,26.0,24.0,11.0,11.0,15.0,24.0,24.0,21.796179945054945,0.13990881569072322,5,93
scale-free,100,48,41,26.0,18.0,8.0,8.0,15.0,18.0,17.0,21.796179945054945,0.13990881569072322,5,93
scale-free,100,48,42,42.0,24.0,11.0,11.0,2.0,24.0,24.0,21.796179945054945,0.13990881569072322,5,93
scale-free,100,48,43,42.0,24.0,11.0,11.0,15.0,24.0,24.0,21.796179945054945,0.13990881569072322,5,93
scale-free,100,48,44,42.0,10.0,11.0,11.0,91.0,10.0,10.0,21.796179945054945,0.13990881569072322,5,93
scale-free,100,48,45,42.0,24.0,11.0,11.0,15.0,24.0,24.0,21.796179945054945,0.13990881569072322,5,93
scale-free,100,48,46,42.0,24.0,11.0,11.0,15.0,24.0,24.0,21.796179945054945,0.13990881569072322,5,93
scale-free,100,48,47,42.0,24.0,11.0,11.0,15.0,24.0,24.0,21.796179945054945,0.13990881569072322,5,93
scale-free,100,48,48,26.0,24.0,11.0,11.0,15.0,24.0,24.0,21.796179945054945,0.13990881569072322,5,93
scale-free,100,48,49,42.0,24.0,11.0,11.0,88.0,24.0,24.0,21.796179945054945,0.13990881569072322,5,93
scale-free,100,48,50,42.0,24.0,11.0,11.0,15.0,24.0,24.0,21.796179945054945,0.13990881569072322,5,93
scale-free,100,48,51,42.0,24.0,11.0,11.0,15.0,24.0,24.0,21.796179945054945,0.13990881569072322,5,93
scale-free,100,48,52,16.0,16.0,8.0,8.0,15.0,16.0,16.0,21.796179945054945,0.13990881569072322,5,93
scale-free,100,48,53,42.0,24.0,11.0,11.0,88.0,24.0,24.0,21.796179945054945,0.13990881569072322,5,93
scale-free,100,48,54,42.0,24.0,11.0,11.0,2.0,24.0,24.0,21.796179945054945,0.13990881569072322,5,93
scale-free,100,48,55,42.0,24.0,11.0,11.0,15.0,24.0,24.0,21.796179945054945,0.13990881569072322,5,93
scale-free,100,48,56,42.0,24.0,11.0,11.0,15.0,24.0,24.0,21.796179945054945,0.13990881569072322,5,93
scale-free,100,48,57,42.0,24.0,11.0,11.0,15.0,24.0,24.0,21.796179945054945,0.13990881569072322,5,93
scale-free,100,48,58,42.0,18.0,11.0,11.0,91.0,18.0,19.0,21.796179945054945,0.13990881569072322,5,93
scale-free,100,48,59,42.0,24.0,11.0,11.0,15.0,24.0,24.0,21.796179945054945,0.13990881569072322,5,93
scale-free,100,48,60,42.0,24.0,11.0,11.0,15.0,24.0,24.0,21.796179945054945,0.13990881569072322,5,93
scale-free,100,48,61,42.0,24.0,11.0,11.0,88.0,24.0,24.0,21.796179945054945,0.13990881569072322,5,93
scale-free,100,48,62,16.0,24.0,11.0,11.0,15.0,24.0,24.0,21.796179945054945,0.13990881569072322,5,93
scale-free,100,48,63,42.0,24.0,11.0,11.0,15.0,24.0,24.0,21.796179945054945,0.13990881569072322,5,93
scale-free,100,48,64,42.0,24.0,11.0,11.0,15.0,24.0,24.0,21.796179945054945,0.13990881569072322,5,93
scale-free,100,48,65,42.0,24.0,11.0,11.0,15.0,24.0,24.0,21.796179945054945,0.13990881569072322,5,93
scale-free,100,48,66,42.0,24.0,11.0,11.0,2.0,24.0,24.0,21.796179945054945,0.13990881569072322,5,93
scale-free,100,48,67,42.0,24.0,11.0,11.0,15.0,24.0,24.0,21.796179945054945,0.13990881569072322,5,93
scale-free,100,48,68,16.0,24.0,11.0,11.0,15.0,24.0,24.0,21.796179945054945,0.13990881569072322,5,93
scale-free,100,48,69,42.0,24.0,11.0,11.0,15.0,24.0,24.0,21.796179945054945,0.13990881569072322,5,93
scale-free,100,48,70,42.0,24.0,11.0,11.0,15.0,24.0,24.0,21.796179945054945,0.13990881569072322,5,93
scale-free,100,48,71,42.0,18.0,11.0,11.0,91.0,18.0,21.0,21.796179945054945,0.13990881569072322,5,93
scale-free,100,48,72,42.0,24.0,11.0,11.0,15.0,24.0,24.0,21.796179945054945,0.13990881569072322,5,93
scale-free,100,48,73,42.0,24.0,11.0,11.0,2.0,24.0,24.0,21.796179945054945,0.13990881569072322,5,93
scale-free,100,48,74,42.0,24.0,11.0,11.0,15.0,24.0,24.0,21.796179945054945,0.13990881569072322,5,93
scale-free,100,48,75,42.0,24.0,11.0,11.0,15.0,24.0,24.0,21.796179945054945,0.13990881569072322,5,93
scale-free,100,48,76,26.0,24.0,11.0,11.0,15.0,24.0,24.0,21.796179945054945,0.13990881569072322,5,93
scale-free,100,48,77,42.0,24.0,11.0,11.0,15.0,24.0,24.0,21.796179945054945,0.13990881569072322,5,93
scale-free,100,48,78,42.0,24.0,11.0,11.0,15.0,24.0,24.0,21.796179945054945,0.13990881569072322,5,93
scale-free,100,48,79,42.0,24.0,11.0,11.0,15.0,24.0,24.0,21.796179945054945,0.13990881569072322,5,93
scale-free,100,48,80,42.0,18.0,11.0,11.0,91.0,18.0,23.0,21.796179945054945,0.13990881569072322,5,93
scale-free,100,48,81,42.0,24.0,11.0,11.0,15.0,24.0,24.0,21.796179945054945,0.13990881569072322,5,93
scale-free,100,48,82,16.0,24.0,11.0,11.0,1.0,24.0,24.0,21.796179945054945,0.13990881569072322,5,93
scale-free,100,48,83,42.0,24.0,11.0,11.0,15.0,24.0,24.0,21.796179945054945,0.13990881569072322,5,93
scale-free,100,48,84,42.0,24.0,11.0,11.0,2.0,24.0,24.0,21.796179945054945,0.13990881569072322,5,93
scale-free,100,48,85,42.0,24.0,11.0,11.0,15.0,24.0,24.0,21.796179945054945,0.13990881569072322,5,93
scale-free,100,48,86,42.0,24.0,11.0,11.0,15.0,24.0,24.0,21.796179945054945,0.13990881569072322,5,93
scale-free,100,48,87,42.0,24.0,11.0,11.0,15.0,24.0,24.0,21.796179945054945,0.13990881569072322,5,93
scale-free,100,48,88,26.0,24.0,11.0,11.0,15.0,24.0,24.0,21.796179945054945,0.13990881569072322,5,93
scale-free,100,48,89,42.0,24.0,11.0,11.0,15.0,24.0,24.0,21.796179945054945,0.13990881569072322,5,93
scale-free,100,48,90,42.0,24.0,11.0,11.0,2.0,24.0,24.0,21.796179945054945,0.13990881569072322,5,93
scale-free,100,48,91,42.0,24.0,11.0,11.0,15.0,24.0,24.0,21.796179945054945,0.13990881569072322,5,93
scale-free,100,48,92,42.0,24.0,11.0,11.0,15.0,24.0,24.0,21.796179945054945,0.13990881569072322,5,93
scale-free,100,48,93,42.0,24.0,11.0,11.0,15.0,24.0,24.0,21.796179945054945,0.13990881569072322,5,93
scale-free,100,48,94,26.0,18.0,11.0,11.0,15.0,18.0,22.0,21.796179945054945,0.13990881569072322,5,93
scale-free,100,48,95,42.0,24.0,11.0,11.0,15.0,24.0,24.0,21.796179945054945,0.13990881569072322,5,93
scale-free,100,48,96,42.0,24.0,11.0,11.0,15.0,24.0,24.0,21.796179945054945,0.13990881569072322,5,93
scale-free,100,48,97,42.0,18.0,11.0,11.0,91.0,18.0,20.0,21.796179945054945,0.13990881569072322,5,93
scale-free,100,48,98,42.0,24.0,11.0,11.0,15.0,24.0,24.0,21.796179945054945,0.13990881569072322,5,93
scale-free,100,48,99,42.0,24.0,11.0,11.0,15.0,24.0,24.0,21.796179945054945,0.13990881569072322,5,93
