scale-free,100,49,0,4.0,5.0,5.0,5.0,67.0,4.0,4.0,31.08757679738562,0.14918148508831522,5,93
scale-free,100,49,1,3.0,3.0,4.0,4.0,67.0,3.0,2.0,31.08757679738562,0.14918148508831522,5,93
scale-free,100,49,2,1.0,1.0,1.0,1.0,67.0,1.0,1.0,31.08757679738562,0.14918148508831522,5,93
scale-free,100,49,3,5.0,13.0,3.0,3.0,67.0,13.0,7.0,31.08757679738562,0.14918148508831522,5,93
scale-free,100,49,4,9.0,20.0,10.0,10.0,1.0,20.0,20.0,31.08757679738562,0.14918148508831522,5,93
scale-free,100,49,5,2.0,2.0,10.0,10.0,92.0,2.0,3.0,31.08757679738562,0.14918148508831522,5,93
scale-free,100,49,6,28.0,20.0,10.0,10.0,5.0,20.0,20.0,31.08757679738562,0.14918148508831522,5,93
scale-free,100,49,7,7.0,20.0,10.0,10.0,5.0,20.0,20.0,31.08757679738562,0.14918148508831522,5,93
scale-free,100,49,8,6.0,4.0,2.0,2.0,67.0,5.0,5.0,31.08757679738562,0.14918148508831522,5,93
scale-free,100,49,9,10.0,20.0,10.0,10.0,5.0,20.0,20.0,31.08757679738562,0.14918148508831522,5,93
scale-free,100,49,10,28.0,17.0,8.0,8.0,5.0,17.0,18.0,31.08757679738562,0.14918148508831522,5,93
scale-free,100,49,11,10.0,12.0,10.0,10.0,67.0,12.0,11.0,31.08757679738562,0.14918148508831522,5,93
scale-free,100,49,12,44.0,20.0,10.0,10.0,5.0,20.0,20.0,31.08757679738562,0.14918148508831522,5,93
scale-free,100,49,13,10.0,9.0,7.0,7.0,67.0,8.0,9.0,31.08757679738562,0.14918148508831522,5,93
scale-free,100,49,14,8.0,20.0,10.0,10.0,5.0,20.0,20.0,31.08757679738562,0.14918148508831522,5,93
scale-free,100,49,15,13.0,20.0,10.0,10.0,5.0,20.0,20.0,31.08757679738562,0.14918148508831522,5,93
scale-free,100,49,16,13.0,20.0,10.0,10.0,2.0,20.0,20.0,31.08757679738562,0.14918148508831522,5,93
scale-free,100,49,17,20.0,20.0,10.0,10.0,5.0,20.0,20.0,31.08757679738562,0.14918148508831522,5,93
scale-free,100,49,18,13.0,20.0,10.0,10.0,5.0,20.0,20.0,31.08757679738562,0.14918148508831522,5,93
scale-free,100,49,19,28.0,20.0,10.0,10.0,5.0,20.0,20.0,31.08757679738562,0.14918148508831522,5,93
scale-free,100,49,20,20.0,7.0,9.0,9.0,77.0,7.0,8.0,31.08757679738562,0.14918148508831522,5,93
scale-free,100,49,21,44.0,20.0,10.0,10.0,77.0,20.0,20.0,31.08757679738562,0.14918148508831522,5,93
scale-free,100,49,22,44.0,20.0,10.0,10.0,5.0,20.0,20.0,31.08757679738562,0.14918148508831522,5,93
scale-free,100,49,23,13.0,6.0,10.0,10.0,92.0,6.0,6.0,31.08757679738562,0.14918148508831522,5,93
scale-free,100,49,24,28.0,20.0,10.0,10.0,75.0,20.0,20.0,31.08757679738562,0.14918148508831522,5,93
scale-free,100,49,25,20.0,20.0,10.0,10.0,5.0,20.0,20.0,31.08757679738562,0.14918148508831522,5,93
scale-free,100,49,26,44.0,20.0,10.0,10.0,5.0,20.0,20.0,31.08757679738562,0.14918148508831522,5,93
scale-free,100,49,27,13.0,20.0,10.0,10.0,5.0,20.0,20.0,31.08757679738562,0.14918148508831522,5,93
scale-free,100,49,28,44.0,20.0,10.0,10.0,5.0,20.0,20.0,31.08757679738562,0.14918148508831522,5,93
scale-free,100,49,29,28.0,20.0,10.0,10.0,77.0,20.0,20.0,31.08757679738562,0.14918148508831522,5,93
scale-free,100,49,30,44.0,20.0,10.0,10.0,5.0,20.0,20.0,31.08757679738562,0.14918148508831522,5,93
scale-free,100,49,31,28.0,8.0,10.0,10.0,92.0,9.0,10.0,31.08757679738562,0.14918148508831522,5,93
scale-free,100,49,32,28.0,20.0,10.0,10.0,5.0,20.0,20.0,31.08757679738562,0.14918148508831522,5,93
scale-free,100,49,33,20.0,20.0,10.0,10.0,5.0,20.0,20.0,31.08757679738562,0.14918148508831522,5,93
scale-free,100,49,34,44.0,20.0,10.0,10.0,5.0,20.0,20.0,31.08757679738562,0.14918148508831522,5,93
scale-free,100,49,35,28.0,20.0,10.0,10.0,5.0,20.0,20.0,31.08757679738562,0.14918148508831522,5,93
scale-free,100,49,36,13.0,15.0,6.0,6.0,67.0,15.0,14.0,31.08757679738562,0.14918148508831522,5,93
scale-free,100,49,37,44.0,20.0,10.0,10.0,5.0,20.0,20.0,31.08757679738562,0.14918148508831522,5,93
scale-free,100,49,38,28.0,20.0,10.0,10.0,5.0,20.0,20.0,31.08757679738562,0.14918148508831522,5,93
scale-free,100,49,39,28.0,20.0,10.0,10.0,5.0,20.0,20.0,31.08757679738562,0.14918148508831522,5,93
scale-free,100,49,40,44.0,17.0,10.0,10.0,92.0,17.0,19.0,31.08757679738562,0.14918148508831522,5,93
scale-free,100,49,41,44.0,20.0,10.0,10.0,5.0,20.0,20.0,31.08757679738562,0.14918148508831522,5,93
scale-free,100,49,42,44.0,20.0,10.0,10.0,77.0,20.0,20.0,31.08757679738562,0.14918148508831522,5,93
scale-free,100,49,43,28.0,20.0,10.0,10.0,5.0,20.0,20.0,31.08757679738562,0.14918148508831522,5,93
scale-free,100,49,44,44.0,20.0,10.0,10.0,5.0,20.0,20.0,31.08757679738562,0.14918148508831522,5,93
scale-free,100,49,45,28.0,20.0,10.0,10.0,5.0,20.0,20.0,31.08757679738562,0.14918148508831522,5,93
scale-free,100,49,46,44.0,20.0,10.0,10.0,5.0,20.0,20.0,31.08757679738562,0.14918148508831522,5,93
scale-free,100,49,47,20.0,20.0,10.0,10.0,2.0,20.0,20.0,31.08757679738562,0.14918148508831522,5,93
scale-free,100,49,48,13.0,16.0,10.0,10.0,92.0,16.0,16.0,31.08757679738562,0.14918148508831522,5,93
scale-free,100,49,49,20.0,20.0,10.0,10.0,2.0,20.0,20.0,31.08757679738562,0.14918148508831522,5,93
scale-free,100,49,50,44.0,20.0,10.0,10.0,77.0,20.0,20.0,31.08757679738562,0.14918148508831522,5,93
scale-free,100,49,51,28.0,20.0,10.0,10.0,5.0,20.0,20.0,31.08757679738562,0.14918148508831522,5,93
scale-free,100,49,52,28.0,20.0,10.0,10.0,5.0,20.0,20.0,31.08757679738562,0.14918148508831522,5,93
scale-free,100,49,53,44.0,20.0,10.0,10.0,77.0,20.0,20.0,31.08757679738562,0.14918148508831522,5,93
scale-free,100,49,54,44.0,20.0,10.0,10.0,5.0,20.0,20.0,31.08757679738562,0.14918148508831522,5,93
scale-free,100,49,55,20.0,20.0,10.0,10.0,5.0,20.0,20.0,31.08757679738562,0.14918148508831522,5,93
scale-free,100,49,56,44.0,20.0,10.0,10.0,5.0,20.0,20.0,31.08757679738562,0.14918148508831522,5,93
scale-free,100,49,57,44.0,20.0,10.0,10.0,5.0,20.0,20.0,31.08757679738562,0.14918148508831522,5,93
scale-free,100,49,58,44.0,20.0,10.0,10.0,77.0,20.0,20.0,31.08757679738562,0.14918148508831522,5,93
scale-free,100,49,59,44.0,20.0,10.0,10.0,5.0,20.0,20.0,31.08757679738562,0.14918148508831522,5,93
scale-free,100,49,60,44.0,20.0,10.0,10.0,5.0,20.0,20.0,31.08757679738562,0.14918148508831522,5,93
scale-free,100,49,61,44.0,20.0,10.0,10.0,5.0,20.0,20.0,31.08757679738562,0.14918148508831522,5,93
scale-free,100,49,62,28.0,20.0,10.0,10.0,5.0,20.0,20.0,31.08757679738562,0.14918148508831522,5,93
scale-free,100,49,63,44.0,20.0,10.0,10.0,5.0,20.0,20.0,31.08757679738562,0.14918148508831522,5,93
scale-free,100,49,64,20.0,20.0,10.0,10.0,5.0,20.0,20.0,31.08757679738562,0.14918148508831522,5,93
scale-free,100,49,65,44.0,20.0,10.0,10.0,5.0,20.0,20.0,31.08757679738562,0.14918148508831522,5,93
scale-free,100,49,66,44.0,20.0,10.0,10.0,77.0,20.0,20.0,31.08757679738562,0.14918148508831522,5,93
scale-free,100,49,67,44.0,20.0,10.0,10.0,5.0,20.0,20.0,31.08757679738562,0.14918148508831522,5,93
scale-free,100,49,68,44.0,20.0,10.0,10.0,5.0,20.0,20.0,31.08757679738562,0.14918148508831522,5,93
scale-free,100,49,69,44.0,20.0,10.0,10.0,77.0,20.0,20.0,31.08757679738562,0.14918148508831522,5,93
scale-free,100,49,70,44.0,10.0,10.0,10.0,92.0,10.0,11.0,31.08757679738562,0.14918148508831522,5,93
scale-free,100,49,71,44.0,20.0,10.0,10.0,77.0,20.0,20.0,31.08757679738562,0.14918148508831522,5,93
scale-free,100,49,72,44.0,20.0,10.0,10.0,5.0,20.0,20.0,31.08757679738562,0.14918148508831522,5,93
scale-free,100,49,73,44.0,20.0,10.0,10.0,5.0,20.0,20.0,31.08757679738562,0.14918148508831522,5,93
scale-free,100,49,74,44.0,20.0,10.0,10.0,77.0,20.0,20.0,31.08757679738562,0.14918148508831522,5,93
scale-free,100,49,75,44.0,20.0,10.0,10.0,75.0,20.0,20.0,31.08757679738562,0.14918148508831522,5,93
scale-free,100,49,76,44.0,20.0,10.0,10.0,5.0,20.0,20.0,31.08757679738562,0.14918148508831522,5,93
scale-free,100,49,77,44.0,20.0,10.0,10.0,77.0,20.0,20.0,31.08757679738562,0.14918148508831522,5,93
scale-free,100,49,78,44.0,20.0,10.0,10.0,5.0,20.0,20.0,31.08757679738562,0.14918148508831522,5,93
scale-free,100,49,79,44.0,20.0,10.0,10.0,5.0,20.0,20.0,31.08757679738562,0.14918148508831522,5,93
scale-free,100,49,80,44.0,20.0,10.0,10.0,5.0,20.0,20.0,31.08757679738562,0.14918148508831522,5,93
scale-free,100,49,81,44.0,20.0,10.0,10.0,5.0,20.0,20.0,31.08757679738562,0.14918148508831522,5,93
scale-free,100,49,82,44.0,20.0,10.0,10.0,77.0,20.0,20.0,31.08757679738562,0.14918148508831522,5,93
scale-free,100,49,83,44.0,14.0,10.0,10.0,92.0,14.0,15.0,31.08757679738562,0.14918148508831522,5,93
scale-free,100,49,84,28.0,20.0,10.0,10.0,5.0,20.0,20.0,31.08757679738562,0.14918148508831522,5,93
scale-free,100,49,85,44.0,20.0,10.0,10.0,5.0,20.0,20.0,31.08757679738562,0.14918148508831522,5,93
scale-free,100,49,86,44.0,20.0,10.0,10.0,5.0,20.0,20.0,31.08757679738562,0.14918148508831522,5,93
scale-free,100,49,87,44.0,10.0,10.0,10.0,92.0,10.0,11.0,31.08757679738562,0.14918148508831522,5,93
scale-free,100,49,88,44.0,20.0,10.0,10.0,5.0,20.0,20.0,31.08757679738562,0.14918148508831522,5,93
scale-free,100,49,89,44.0,17.0,10.0,10.0,92.0,17.0,17.0,31.08757679738562,0.14918148508831522,5,93
scale-free,100,49,90,44.0,20.0,10.0,10.0,5.0,20.0,20.0,31.08757679738562,0.14918148508831522,5,93
scale-free,100,49,91,44.0,20.0,10.0,10.0,77.0,20.0,20.0,31.08757679738562,0.14918148508831522,5,93
scale-free,100,49,92,44.0,20.0,10.0,10.0,5.0,20.0,20.0,31.08757679738562,0.14918148508831522,5,93
scale-free,100,49,93,44.0,20.0,10.0,10.0,5.0,20.0,20.0,31.08757679738562,0.14918148508831522,5,93
scale-free,100,49,94,44.0,20.0,10.0,10.0,5.0,20.0,20.0,31.08757679738562,0.14918148508831522,5,93
scale-free,100,49,95,44.0,20.0,10.0,10.0,5.0,20.0,20.0,31.08757679738562,0.14918148508831522,5,93
scale-free,100,49,96,44.0,20.0,10.0,10.0,5.0,20.0,20.0,31.08757679738562,0.14918148508831522,5,93
scale-free,100,49,97,44.0,20.0,10.0,10.0,5.0,20.0,20.0,31.08757679738562,0.14918148508831522,5,93
scale-free,100,49,98,44.0,20.0,10.0,10.0,77.0,20.0,20.0,31.08757679738562,0.14918148508831522,5,93
scale-free,100,49,99,44.0,20.0,10.0,10.0,5.0,20.0,20.0,31.08757679738562,0.14918148508831522,5,93
scale-free,100,50,0,3.0,3.0,2.0,2.0,83.0,2.0,2.0,31.15567016806723,0.13897417499182993,4,93
scale-free,100,50,1,2.0,5.0,3.0,3.0,83.0,5.0,5.0,31.15567016806723,0.13897417499182993,4,93
scale-free,100,50,2,1.0,1.0,1.0,1.0,83.0,1.0,1.0,31.15567016806723,0.13897417499182993,4,93
scale-free,100,50,3,9.0,22.0,11.0,11.0,3.0,22.0,22.0,31.15567016806723,0.13897417499182993,4,93
scale-free,100,50,4,4.0,2.0,5.0,5.0,83.0,3.0,3.0,31.15567016806723,0.13897417499182993,4,93
scale-free,100,50,5,31.0,22.0,11.0,11.0,12.0,22.0,22.0,31.15567016806723,0.13897417499182993,4,93
scale-free,100,50,6,5.0,10.0,4.0,4.0,83.0,10.0,9.0,31.15567016806723,0.13897417499182993,4,93
scale-free,100,50,7,31.0,22.0,11.0,11.0,12.0,22.0,22.0,31.15567016806723,0.13897417499182993,4,93
scale-free,100,50,8,12.0,22.0,11.0,11.0,12.0,22.0,22.0,31.15567016806723,0.13897417499182993,4,93
scale-free,100,50,9,51.0,22.0,11.0,11.0,12.0,22.0,22.0,31.15567016806723,0.13897417499182993,4,93
scale-free,100,50,10,18.0,22.0,11.0,11.0,12.0,22.0,22.0,31.15567016806723,0.13897417499182993,4,93
scale-free,100,50,11,18.0,9.0,11.0,11.0,83.0,9.0,10.0,31.15567016806723,0.13897417499182993,4,93
scale-free,100,50,12,12.0,22.0,11.0,11.0,3.0,22.0,22.0,31.15567016806723,0.13897417499182993,4,93
scale-free,100,50,13,51.0,22.0,11.0,11.0,12.0,22.0,22.0,31.15567016806723,0.13897417499182993,4,93
scale-free,100,50,14,51.0,22.0,11.0,11.0,12.0,22.0,22.0,31.15567016806723,0.13897417499182993,4,93
scale-free,100,50,15,18.0,22.0,11.0,11.0,12.0,22.0,22.0,31.15567016806723,0.13897417499182993,4,93
scale-free,100,50,16,8.0,16.0,9.0,9.0,12.0,16.0,17.0,31.15567016806723,0.13897417499182993,4,93
scale-free,100,50,17,31.0,14.0,11.0,11.0,94.0,14.0,13.0,31.15567016806723,0.13897417499182993,4,93
scale-free,100,50,18,24.0,18.0,11.0,11.0,12.0,16.0,16.0,31.15567016806723,0.13897417499182993,4,93
scale-free,100,50,19,51.0,22.0,11.0,11.0,12.0,22.0,22.0,31.15567016806723,0.13897417499182993,4,93
scale-free,100,50,20,5.0,22.0,11.0,11.0,12.0,22.0,22.0,31.15567016806723,0.13897417499182993,4,93
scale-free,100,50,21,51.0,22.0,11.0,11.0,91.0,22.0,22.0,31.15567016806723,0.13897417499182993,4,93
scale-free,100,50,22,51.0,22.0,11.0,11.0,12.0,22.0,22.0,31.15567016806723,0.13897417499182993,4,93
scale-free,100,50,23,31.0,22.0,11.0,11.0,12.0,22.0,22.0,31.15567016806723,0.13897417499182993,4,93
scale-free,100,50,24,51.0,22.0,11.0,11.0,12.0,22.0,22.0,31.15567016806723,0.13897417499182993,4,93
scale-free,100,50,25,18.0,22.0,11.0,11.0,3.0,22.0,22.0,31.15567016806723,0.13897417499182993,4,93
scale-free,100,50,26,12.0,16.0,8.0,8.0,3.0,16.0,14.0,31.15567016806723,0.13897417499182993,4,93
scale-free,100,50,27,51.0,22.0,11.0,11.0,12.0,22.0,22.0,31.15567016806723,0.13897417499182993,4,93
scale-free,100,50,28,5.0,22.0,11.0,11.0,3.0,22.0,22.0,31.15567016806723,0.13897417499182993,4,93
scale-free,100,50,29,51.0,22.0,11.0,11.0,12.0,22.0,22.0,31.15567016806723,0.13897417499182993,4,93
scale-free,100,50,30,24.0,22.0,11.0,11.0,1.0,22.0,22.0,31.15567016806723,0.13897417499182993,4,93
scale-free,100,50,31,51.0,22.0,11.0,11.0,12.0,22.0,22.0,31.15567016806723,0.13897417499182993,4,93
scale-free,100,50,32,24.0,22.0,11.0,11.0,12.0,22.0,22.0,31.15567016806723,0.13897417499182993,4,93
scale-free,100,50,33,12.0,22.0,11.0,11.0,12.0,22.0,22.0,31.15567016806723,0.13897417499182993,4,93
scale-free,100,50,34,12.0,22.0,11.0,11.0,12.0,22.0,22.0,31.15567016806723,0.13897417499182993,4,93
scale-free,100,50,35,24.0,7.0,11.0,11.0,94.0,7.0,7.0,31.15567016806723,0.13897417499182993,4,93
scale-free,100,50,36,51.0,12.0,11.0,11.0,94.0,12.0,18.0,31.15567016806723,0.13897417499182993,4,93
scale-free,100,50,37,51.0,22.0,11.0,11.0,12.0,22.0,22.0,31.15567016806723,0.13897417499182993,4,93
scale-free,100,50,38,24.0,22.0,11.0,11.0,12.0,22.0,22.0,31.15567016806723,0.13897417499182993,4,93
scale-free,100,50,39,24.0,11.0,11.0,11.0,94.0,11.0,15.0,31.15567016806723,0.13897417499182993,4,93
scale-free,100,50,40,51.0,22.0,11.0,11.0,12.0,22.0,22.0,31.15567016806723,0.13897417499182993,4,93
scale-free,100,50,41,51.0,22.0,11.0,11.0,12.0,22.0,22.0,31.15567016806723,0.13897417499182993,4,93
scale-free,100,50,42,12.0,15.0,6.0,6.0,12.0,15.0,12.0,31.15567016806723,0.13897417499182993,4,93
scale-free,100,50,43,51.0,22.0,11.0,11.0,12.0,22.0,22.0,31.15567016806723,0.13897417499182993,4,93
scale-free,100,50,44,51.0,22.0,11.0,11.0,12.0,22.0,22.0,31.15567016806723,0.13897417499182993,4,93
scale-free,100,50,45,51.0,22.0,11.0,11.0,12.0,22.0,22.0,31.15567016806723,0.13897417499182993,4,93
scale-free,100,50,46,31.0,22.0,11.0,11.0,12.0,22.0,22.0,31.15567016806723,0.13897417499182993,4,93
scale-free,100,50,47,51.0,22.0,11.0,11.0,12.0,22.0,22.0,31.15567016806723,0.13897417499182993,4,93
scale-free,100,50,48,31.0,22.0,11.0,11.0,12.0,22.0,22.0,31.15567016806723,0.13897417499182993,4,93
scale-free,100,50,49,18.0,8.0,11.0,11.0,83.0,8.0,8.0,31.15567016806723,0.13897417499182993,4,93
scale-free,100,50,50,10.0,22.0,11.0,11.0,12.0,22.0,22.0,31.15567016806723,0.13897417499182993,4,93
scale-free,100,50,51,31.0,22.0,11.0,11.0,12.0,22.0,22.0,31.15567016806723,0.13897417499182993,4,93
scale-free,100,50,52,51.0,22.0,11.0,11.0,12.0,22.0,22.0,31.15567016806723,0.13897417499182993,4,93
scale-free,100,50,53,51.0,22.0,11.0,11.0,1.0,22.0,22.0,31.15567016806723,0.13897417499182993,4,93
scale-free,100,50,54,18.0,6.0,11.0,11.0,94.0,6.0,6.0,31.15567016806723,0.13897417499182993,4,93
scale-free,100,50,55,31.0,22.0,11.0,11.0,12.0,22.0,22.0,31.15567016806723,0.13897417499182993,4,93
scale-free,100,50,56,51.0,22.0,11.0,11.0,12.0,22.0,22.0,31.15567016806723,0.13897417499182993,4,93
scale-free,100,50,57,31.0,19.0,10.0,10.0,12.0,19.0,20.0,31.15567016806723,0.13897417499182993,4,93
scale-free,100,50,58,51.0,22.0,11.0,11.0,12.0,22.0,22.0,31.15567016806723,0.13897417499182993,4,93
scale-free,100,50,59,51.0,22.0,11.0,11.0,12.0,22.0,22.0,31.15567016806723,0.13897417499182993,4,93
scale-free,100,50,60,51.0,22.0,11.0,11.0,12.0,22.0,22.0,31.15567016806723,0.13897417499182993,4,93
scale-free,100,50,61,31.0,22.0,11.0,11.0,12.0,22.0,22.0,31.15567016806723,0.13897417499182993,4,93
scale-free,100,50,62,31.0,22.0,11.0,11.0,12.0,22.0,22.0,31.15567016806723,0.13897417499182993,4,93
scale-free,100,50,63,31.0,22.0,11.0,11.0,12.0,22.0,22.0,31.15567016806723,0.13897417499182993,4,93
scale-free,100,50,64,10.0,13.0,7.0,7.0,83.0,13.0,11.0,31.15567016806723,0.13897417499182993,4,93
scale-free,100,50,65,24.0,22.0,11.0,11.0,12.0,22.0,22.0,31.15567016806723,0.13897417499182993,4,93
scale-free,100,50,66,51.0,22.0,11.0,11.0,12.0,22.0,22.0,31.15567016806723,0.13897417499182993,4,93
scale-free,100,50,67,51.0,22.0,11.0,11.0,12.0,22.0,22.0,31.15567016806723,0.13897417499182993,4,93
scale-free,100,50,68,31.0,4.0,11.0,11.0,94.0,4.0,4.0,31.15567016806723,0.13897417499182993,4,93
scale-free,100,50,69,51.0,22.0,11.0,11.0,12.0,22.0,22.0,31.15567016806723,0.13897417499182993,4,93
scale-free,100,50,70,51.0,22.0,11.0,11.0,12.0,22.0,22.0,31.15567016806723,0.13897417499182993,4,93
scale-free,100,50,71,51.0,22.0,11.0,11.0,91.0,22.0,22.0,31.15567016806723,0.13897417499182993,4,93
scale-free,100,50,72,51.0,22.0,11.0,11.0,12.0,22.0,22.0,31.15567016806723,0.13897417499182993,4,93
scale-free,100,50,73,51.0,22.0,11.0,11.0,12.0,22.0,22.0,31.15567016806723,0.13897417499182993,4,93
scale-free,100,50,74,51.0,22.0,11.0,11.0,12.0,22.0,22.0,31.15567016806723,0.13897417499182993,4,93
scale-free,100,50,75,31.0,22.0,11.0,11.0,12.0,22.0,22.0,31.15567016806723,0.13897417499182993,4,93
scale-free,100,50,76,51.0,22.0,11.0,11.0,12.0,22.0,22.0,31.15567016806723,0.13897417499182993,4,93
scale-free,100,50,77,51.0,22.0,11.0,11.0,12.0,22.0,22.0,31.15567016806723,0.13897417499182993,4,93
scale-free,100,50,78,31.0,22.0,11.0,11.0,3.0,22.0,22.0,31.15567016806723,0.13897417499182993,4,93
scale-free,100,50,79,51.0,22.0,11.0,11.0,12.0,22.0,22.0,31.15567016806723,0.13897417499182993,4,93
scale-free,100,50,80,31.0,22.0,11.0,11.0,12.0,22.0,22.0,31.15567016806723,0.13897417499182993,4,93
scale-free,100,50,81,31.0,22.0,11.0,11.0,12.0,22.0,22.0,31.15567016806723,0.13897417499182993,4,93
scale-free,100,50,82,51.0,22.0,11.0,11.0,12.0,22.0,22.0,31.15567016806723,0.13897417499182993,4,93
scale-free,100,50,83,51.0,22.0,11.0,11.0,12.0,22.0,22.0,31.15567016806723,0.13897417499182993,4,93
scale-free,100,50,84,51.0,22.0,11.0,11.0,3.0,22.0,22.0,31.15567016806723,0.13897417499182993,4,93
scale-free,100,50,85,51.0,22.0,11.0,11.0,12.0,22.0,22.0,31.15567016806723,0.13897417499182993,4,93
scale-free,100,50,86,31.0,19.0,11.0,11.0,12.0,19.0,21.0,31.15567016806723,0.13897417499182993,4,93
scale-free,100,50,87,51.0,22.0,11.0,11.0,3.0,22.0,22.0,31.15567016806723,0.13897417499182993,4,93
scale-free,100,50,88,31.0,22.0,11.0,11.0,3.0,22.0,22.0,31.15567016806723,0.13897417499182993,4,93
scale-free,100,50,89,31.0,22.0,11.0,11.0,12.0,22.0,22.0,31.15567016806723,0.13897417499182993,4,93
scale-free,100,50,90,51.0,22.0,11.0,11.0,91.0,22.0,22.0,31.15567016806723,0.13897417499182993,4,93
scale-free,100,50,91,51.0,22.0,11.0,11.0,12.0,22.0,22.0,31.15567016806723,0.13897417499182993,4,93
scale-free,100,50,92,51.0,22.0,11.0,11.0,12.0,22.0,22.0,31.15567016806723,0.13897417499182993,4,93
scale-free,100,50,93,51.0,22.0,11.0,11.0,12.0,22.0,22.0,31.15567016806723,0.13897417499182993,4,93
scale-free,100,50,94,51.0,22.0,11.0,11.0,12.0,22.0,22.0,31.15567016806723,0.13897417499182993,4,93
scale-free,100,50,95,51.0,22.0,11.0,11.0,12.0,22.0,22.0,31.15567016806723,0.13897417499182993,4,93
scale-free,100,50,96,51.0,22.0,11.0,11.0,12.0,22.0,22.0,31.15567016806723,0.13897417499182993,4,93
scale-free,100,50,97,51.0,22.0,11.0,11.0,12.0,22.0,22.0,31.15567016806723,0.13897417499182993,4,93
scale-free,100,50,98,51.0,19.0,11.0,11.0,94.0,19.0,19.0,31.15567016806723,0.13897417499182993,4,93
scale-free,100,50,99,51.0,22.0,11.0,11.0,12.0,22.0,22.0,31.15567016806723,0.13897417499182993,4,93
