scale-free,100,7,0,1.0,1.0,1.0,1.0,73.0,1.0,1.0,19.0096544011544,0.06040979036190668,4,96
scale-free,100,7,1,5.0,2.0,2.0,2.0,73.0,2.0,2.0,19.0096544011544,0.06040979036190668,4,96
scale-free,100,7,2,2.0,4.0,3.0,3.0,73.0,3.0,4.0,19.0096544011544,0.06040979036190668,4,96
scale-free,100,7,3,3.0,21.0,10.0,10.0,2.0,21.0,21.0,19.0096544011544,0.06040979036190668,4,96
scale-free,100,7,4,29.0,3.0,10.0,10.0,73.0,5.0,3.0,19.0096544011544,0.06040979036190668,4,96
scale-free,100,7,5,29.0,21.0,10.0,10.0,16.0,21.0,21.0,19.0096544011544,0.06040979036190668,4,96
scale-free,100,7,6,6.0,21.0,10.0,10.0,1.0,21.0,21.0,19.0096544011544,0.06040979036190668,4,96
scale-free,100,7,7,16.0,14.0,7.0,7.0,16.0,14.0,13.0,19.0096544011544,0.06040979036190668,4,96
scale-free,100,7,8,29.0,21.0,10.0,10.0,16.0,21.0,21.0,19.0096544011544,0.06040979036190668,4,96
scale-free,100,7,9,4.0,5.0,10.0,10.0,92.0,4.0,5.0,19.0096544011544,0.06040979036190668,4,96
scale-free,100,7,10,42.0,21.0,10.0,10.0,16.0,21.0,21.0,19.0096544011544,0.06040979036190668,4,96
scale-free,100,7,11,22.0,11.0,10.0,10.0,92.0,11.0,11.0,19.0096544011544,0.06040979036190668,4,96
scale-free,100,7,12,7.0,8.0,10.0,10.0,92.0,8.0,8.0,19.0096544011544,0.06040979036190668,4,96
scale-free,100,7,13,14.0,21.0,10.0,10.0,16.0,21.0,21.0,19.0096544011544,0.06040979036190668,4,96
scale-free,100,7,14,9.0,21.0,10.0,10.0,5.0,21.0,21.0,19.0096544011544,0.06040979036190668,4,96
scale-free,100,7,15,16.0,21.0,10.0,10.0,5.0,21.0,21.0,19.0096544011544,0.06040979036190668,4,96
scale-free,100,7,16,9.0,6.0,4.0,4.0,73.0,6.0,6.0,19.0096544011544,0.06040979036190668,4,96
scale-free,100,7,17,9.0,21.0,10.0,10.0,4.0,21.0,21.0,19.0096544011544,0.06040979036190668,4,96
scale-free,100,7,18,22.0,12.0,7.0,7.0,78.0,12.0,17.0,19.0096544011544,0.06040979036190668,4,96
scale-free,100,7,19,22.0,21.0,10.0,10.0,5.0,21.0,21.0,19.0096544011544,0.06040979036190668,4,96
scale-free,100,7,20,29.0,21.0,10.0,10.0,5.0,21.0,21.0,19.0096544011544,0.06040979036190668,4,96
scale-free,100,7,21,7.0,8.0,5.0,5.0,16.0,8.0,9.0,19.0096544011544,0.06040979036190668,4,96
scale-free,100,7,22,16.0,10.0,10.0,10.0,92.0,10.0,10.0,19.0096544011544,0.06040979036190668,4,96
scale-free,100,7,23,42.0,21.0,10.0,10.0,16.0,21.0,21.0,19.0096544011544,0.06040979036190668,4,96
scale-free,100,7,24,42.0,21.0,10.0,10.0,16.0,21.0,21.0,19.0096544011544,0.06040979036190668,4,96
scale-free,100,7,25,14.0,12.0,6.0,6.0,16.0,12.0,12.0,19.0096544011544,0.06040979036190668,4,96
scale-free,100,7,26,29.0,21.0,10.0,10.0,16.0,21.0,21.0,19.0096544011544,0.06040979036190668,4,96
scale-free,100,7,27,16.0,21.0,10.0,10.0,5.0,21.0,21.0,19.0096544011544,0.06040979036190668,4,96
scale-free,100,7,28,29.0,21.0,10.0,10.0,16.0,21.0,21.0,19.0096544011544,0.06040979036190668,4,96
scale-free,100,7,29,42.0,21.0,10.0,10.0,16.0,21.0,21.0,19.0096544011544,0.06040979036190668,4,96
scale-free,100,7,30,29.0,21.0,10.0,10.0,16.0,21.0,21.0,19.0096544011544,0.06040979036190668,4,96
scale-free,100,7,31,29.0,21.0,10.0,10.0,16.0,21.0,21.0,19.0096544011544,0.06040979036190668,4,96
scale-free,100,7,32,42.0,14.0,10.0,10.0,92.0,14.0,18.0,19.0096544011544,0.06040979036190668,4,96
scale-free,100,7,33,42.0,21.0,10.0,10.0,16.0,21.0,21.0,19.0096544011544,0.06040979036190668,4,96
scale-free,100,7,34,29.0,21.0,10.0,10.0,5.0,21.0,21.0,19.0096544011544,0.06040979036190668,4,96
scale-free,100,7,35,22.0,21.0,10.0,10.0,16.0,21.0,21.0,19.0096544011544,0.06040979036190668,4,96
scale-free,100,7,36,42.0,21.0,10.0,10.0,78.0,21.0,21.0,19.0096544011544,0.06040979036190668,4,96
scale-free,100,7,37,42.0,21.0,10.0,10.0,16.0,21.0,21.0,19.0096544011544,0.06040979036190668,4,96
scale-free,100,7,38,9.0,21.0,10.0,10.0,3.0,21.0,21.0,19.0096544011544,0.06040979036190668,4,96
scale-free,100,7,39,42.0,21.0,10.0,10.0,16.0,21.0,21.0,19.0096544011544,0.06040979036190668,4,96
scale-free,100,7,40,22.0,21.0,10.0,10.0,16.0,21.0,21.0,19.0096544011544,0.06040979036190668,4,96
scale-free,100,7,41,29.0,21.0,10.0,10.0,16.0,21.0,21.0,19.0096544011544,0.06040979036190668,4,96
scale-free,100,7,42,42.0,21.0,10.0,10.0,16.0,21.0,21.0,19.0096544011544,0.06040979036190668,4,96
scale-free,100,7,43,42.0,21.0,10.0,10.0,78.0,21.0,21.0,19.0096544011544,0.06040979036190668,4,96
scale-free,100,7,44,29.0,21.0,10.0,10.0,16.0,21.0,21.0,19.0096544011544,0.06040979036190668,4,96
scale-free,100,7,45,22.0,21.0,10.0,10.0,16.0,21.0,21.0,19.0096544011544,0.06040979036190668,4,96
scale-free,100,7,46,42.0,21.0,10.0,10.0,78.0,21.0,21.0,19.0096544011544,0.06040979036190668,4,96
scale-free,100,7,47,42.0,21.0,10.0,10.0,16.0,21.0,21.0,19.0096544011544,0.06040979036190668,4,96
scale-free,100,7,48,42.0,21.0,10.0,10.0,78.0,21.0,21.0,19.0096544011544,0.06040979036190668,4,96
scale-free,100,7,49,42.0,14.0,10.0,10.0,92.0,14.0,18.0,19.0096544011544,0.06040979036190668,4,96
scale-free,100,7,50,29.0,14.0,10.0,10.0,78.0,14.0,15.0,19.0096544011544,0.06040979036190668,4,96
scale-free,100,7,51,16.0,14.0,9.0,9.0,16.0,14.0,14.0,19.0096544011544,0.06040979036190668,4,96
scale-free,100,7,52,22.0,21.0,10.0,10.0,5.0,21.0,21.0,19.0096544011544,0.06040979036190668,4,96
scale-free,100,7,53,42.0,21.0,10.0,10.0,16.0,21.0,21.0,19.0096544011544,0.06040979036190668,4,96
scale-free,100,7,54,42.0,21.0,10.0,10.0,5.0,21.0,21.0,19.0096544011544,0.06040979036190668,4,96
scale-free,100,7,55,42.0,21.0,10.0,10.0,16.0,21.0,21.0,19.0096544011544,0.06040979036190668,4,96
scale-free,100,7,56,16.0,21.0,10.0,10.0,5.0,21.0,21.0,19.0096544011544,0.06040979036190668,4,96
scale-free,100,7,57,42.0,21.0,10.0,10.0,16.0,21.0,21.0,19.0096544011544,0.06040979036190668,4,96
scale-free,100,7,58,42.0,21.0,10.0,10.0,16.0,21.0,21.0,19.0096544011544,0.06040979036190668,4,96
scale-free,100,7,59,29.0,21.0,10.0,10.0,16.0,21.0,21.0,19.0096544011544,0.06040979036190668,4,96
scale-free,100,7,60,9.0,7.0,10.0,10.0,92.0,7.0,7.0,19.0096544011544,0.06040979036190668,4,96
scale-free,100,7,61,42.0,21.0,10.0,10.0,16.0,21.0,21.0,19.0096544011544,0.06040979036190668,4,96
scale-free,100,7,62,42.0,21.0,10.0,10.0,16.0,21.0,21.0,19.0096544011544,0.06040979036190668,4,96
scale-free,100,7,63,42.0,21.0,10.0,10.0,78.0,21.0,21.0,19.0096544011544,0.06040979036190668,4,96
scale-free,100,7,64,42.0,21.0,10.0,10.0,16.0,21.0,21.0,19.0096544011544,0.06040979036190668,4,96
scale-free,100,7,65,42.0,21.0,10.0,10.0,16.0,21.0,21.0,19.0096544011544,0.06040979036190668,4,96
scale-free,100,7,66,42.0,14.0,10.0,10.0,92.0,14.0,18.0,19.0096544011544,0.06040979036190668,4,96
scale-free,100,7,67,42.0,21.0,10.0,10.0,78.0,21.0,21.0,19.0096544011544,0.06040979036190668,4,96
scale-free,100,7,68,42.0,21.0,10.0,10.0,16.0,21.0,21.0,19.0096544011544,0.06040979036190668,4,96
scale-free,100,7,69,42.0,21.0,10.0,10.0,78.0,21.0,21.0,19.0096544011544,0.06040979036190668,4,96
scale-free,100,7,70,42.0,21.0,10.0,10.0,16.0,21.0,21.0,19.0096544011544,0.06040979036190668,4,96
scale-free,100,7,71,42.0,21.0,10.0,10.0,16.0,21.0,21.0,19.0096544011544,0.06040979036190668,4,96
scale-free,100,7,72,42.0,14.0,10.0,10.0,92.0,14.0,15.0,19.0096544011544,0.06040979036190668,4,96
scale-free,100,7,73,42.0,21.0,10.0,10.0,16.0,21.0,21.0,19.0096544011544,0.06040979036190668,4,96
scale-free,100,7,74,42.0,21.0,10.0,10.0,16.0,21.0,21.0,19.0096544011544,0.06040979036190668,4,96
scale-free,100,7,75,42.0,21.0,10.0,10.0,16.0,21.0,21.0,19.0096544011544,0.06040979036190668,4,96
scale-free,100,7,76,42.0,21.0,10.0,10.0,16.0,21.0,21.0,19.0096544011544,0.06040979036190668,4,96
scale-free,100,7,77,42.0,21.0,10.0,10.0,16.0,21.0,21.0,19.0096544011544,0.06040979036190668,4,96
scale-free,100,7,78,42.0,21.0,10.0,10.0,16.0,21.0,21.0,19.0096544011544,0.06040979036190668,4,96
scale-free,100,7,79,42.0,21.0,10.0,10.0,16.0,21.0,21.0,19.0096544011544,0.06040979036190668,4,96
scale-free,100,7,80,42.0,21.0,10.0,10.0,78.0,21.0,21.0,19.0096544011544,0.06040979036190668,4,96
scale-free,100,7,81,42.0,21.0,10.0,10.0,16.0,21.0,21.0,19.0096544011544,0.06040979036190668,4,96
scale-free,100,7,82,42.0,21.0,10.0,10.0,16.0,21.0,21.0,19.0096544011544,0.06040979036190668,4,96
scale-free,100,7,83,42.0,21.0,10.0,10.0,78.0,21.0,21.0,19.0096544011544,0.06040979036190668,4,96
scale-free,100,7,84,42.0,21.0,10.0,10.0,5.0,21.0,21.0,19.0096544011544,0.06040979036190668,4,96
scale-free,100,7,85,42.0,21.0,10.0,10.0,16.0,21.0,21.0,19.0096544011544,0.06040979036190668,4,96
scale-free,100,7,86,42.0,21.0,10.0,10.0,78.0,21.0,21.0,19.0096544011544,0.06040979036190668,4,96
scale-free,100,7,87,42.0,21.0,10.0,10.0,16.0,21.0,21.0,19.0096544011544,0.06040979036190668,4,96
scale-free,100,7,88,42.0,21.0,10.0,10.0,16.0,21.0,21.0,19.0096544011544,0.06040979036190668,4,96
scale-free,100,7,89,42.0,21.0,10.0,10.0,16.0,21.0,21.0,19.0096544011544,0.06040979036190668,4,96
scale-free,100,7,90,42.0,21.0,10.0,10.0,16.0,21.0,21.0,19.0096544011544,0.06040979036190668,4,96
scale-free,100,7,91,42.0,21.0,10.0,10.0,16.0,21.0,21.0,19.0096544011544,0.06040979036190668,4,96
scale-free,100,7,92,42.0,21.0,10.0,10.0,16.0,21.0,21.0,19.0096544011544,0.06040979036190668,4,96
scale-free,100,7,93,42.0,21.0,10.0,10.0,5.0,21.0,21.0,19.0096544011544,0.06040979036190668,4,96
scale-free,100,7,94,42.0,21.0,10.0,10.0,16.0,21.0,21.0,19.0096544011544,0.06040979036190668,4,96
scale-free,100,7,95,42.0,21.0,10.0,10.0,16.0,21.0,21.0,19.0096544011544,0.06040979036190668,4,96
scale-free,100,7,96,42.0,21.0,10.0,10.0,16.0,21.0,21.0,19.0096544011544,0.06040979036190668,4,96
scale-free,100,7,97,42.0,21.0,10.0,10.0,78.0,21.0,21.0,19.0096544011544,0.06040979036190668,4,96
scale-free,100,7,98,42.0,21.0,10.0,10.0,16.0,21.0,21.0,19.0096544011544,0.06040979036190668,4,96
scale-free,100,7,99,42.0,21.0,10.0,10.0,78.0,21.0,21.0,19.0096544011544,0.06040979036190668,4,96
scale-free,100,8,0,1.0,1.0,1.0,1.0,77.0,1.0,1.0,28.61097260827408,0.09200306169733881,4,95
scale-free,100,8,1,2.0,3.0,2.0,2.0,77.0,2.0,2.0,28.61097260827408,0.09200306169733881,4,95
scale-free,100,8,2,7.0,12.0,3.0,3.0,77.0,12.0,4.0,28.61097260827408,0.09200306169733881,4,95
scale-free,100,8,3,3.0,24.0,10.0,10.0,16.0,24.0,24.0,28.61097260827408,0.09200306169733881,4,95
scale-free,100,8,4,5.0,24.0,10.0,10.0,1.0,24.0,24.0,28.61097260827408,0.09200306169733881,4,95
scale-free,100,8,5,9.0,10.0,10.0,10.0,77.0,7.0,6.0,28.61097260827408,0.09200306169733881,4,95
scale-free,100,8,6,21.0,16.0,4.0,4.0,16.0,15.0,14.0,28.61097260827408,0.09200306169733881,4,95
scale-free,100,8,7,6.0,13.0,8.0,8.0,77.0,13.0,13.0,28.61097260827408,0.09200306169733881,4,95
scale-free,100,8,8,7.0,24.0,10.0,10.0,16.0,24.0,24.0,28.61097260827408,0.09200306169733881,4,95
scale-free,100,8,9,13.0,24.0,10.0,10.0,16.0,24.0,24.0,28.61097260827408,0.09200306169733881,4,95
scale-free,100,8,10,12.0,14.0,5.0,5.0,5.0,14.0,15.0,28.61097260827408,0.09200306169733881,4,95
scale-free,100,8,11,26.0,11.0,10.0,10.0,77.0,11.0,9.0,28.61097260827408,0.09200306169733881,4,95
scale-free,100,8,12,26.0,24.0,10.0,10.0,5.0,24.0,24.0,28.61097260827408,0.09200306169733881,4,95
scale-free,100,8,13,40.0,24.0,10.0,10.0,16.0,24.0,24.0,28.61097260827408,0.09200306169733881,4,95
scale-free,100,8,14,13.0,24.0,10.0,10.0,16.0,24.0,24.0,28.61097260827408,0.09200306169733881,4,95
scale-free,100,8,15,17.0,24.0,10.0,10.0,16.0,24.0,24.0,28.61097260827408,0.09200306169733881,4,95
scale-free,100,8,16,13.0,24.0,10.0,10.0,5.0,24.0,24.0,28.61097260827408,0.09200306169733881,4,95
scale-free,100,8,17,40.0,24.0,10.0,10.0,16.0,24.0,24.0,28.61097260827408,0.09200306169733881,4,95
scale-free,100,8,18,4.0,24.0,10.0,10.0,2.0,24.0,24.0,28.61097260827408,0.09200306169733881,4,95
scale-free,100,8,19,13.0,24.0,10.0,10.0,5.0,24.0,24.0,28.61097260827408,0.09200306169733881,4,95
scale-free,100,8,20,40.0,24.0,10.0,10.0,16.0,24.0,24.0,28.61097260827408,0.09200306169733881,4,95
scale-free,100,8,21,17.0,24.0,10.0,10.0,16.0,24.0,24.0,28.61097260827408,0.09200306169733881,4,95
scale-free,100,8,22,21.0,5.0,10.0,10.0,89.0,5.0,7.0,28.61097260827408,0.09200306169733881,4,95
scale-free,100,8,23,17.0,17.0,6.0,6.0,16.0,17.0,16.0,28.61097260827408,0.09200306169733881,4,95
scale-free,100,8,24,26.0,24.0,10.0,10.0,16.0,24.0,24.0,28.61097260827408,0.09200306169733881,4,95
scale-free,100,8,25,40.0,20.0,10.0,10.0,89.0,20.0,23.0,28.61097260827408,0.09200306169733881,4,95
scale-free,100,8,26,26.0,24.0,10.0,10.0,16.0,24.0,24.0,28.61097260827408,0.09200306169733881,4,95
scale-free,100,8,27,40.0,24.0,10.0,10.0,16.0,24.0,24.0,28.61097260827408,0.09200306169733881,4,95
scale-free,100,8,28,40.0,24.0,10.0,10.0,5.0,24.0,24.0,28.61097260827408,0.09200306169733881,4,95
scale-free,100,8,29,9.0,4.0,10.0,10.0,89.0,4.0,5.0,28.61097260827408,0.09200306169733881,4,95
scale-free,100,8,30,21.0,6.0,10.0,10.0,89.0,6.0,8.0,28.61097260827408,0.09200306169733881,4,95
scale-free,100,8,31,26.0,24.0,10.0,10.0,16.0,24.0,24.0,28.61097260827408,0.09200306169733881,4,95
scale-free,100,8,32,21.0,24.0,10.0,10.0,5.0,24.0,24.0,28.61097260827408,0.09200306169733881,4,95
scale-free,100,8,33,40.0,24.0,10.0,10.0,16.0,24.0,24.0,28.61097260827408,0.09200306169733881,4,95
scale-free,100,8,34,40.0,7.0,10.0,10.0,89.0,7.0,9.0,28.61097260827408,0.09200306169733881,4,95
scale-free,100,8,35,9.0,2.0,10.0,10.0,89.0,3.0,3.0,28.61097260827408,0.09200306169733881,4,95
scale-free,100,8,36,40.0,24.0,10.0,10.0,16.0,24.0,24.0,28.61097260827408,0.09200306169733881,4,95
scale-free,100,8,37,40.0,24.0,10.0,10.0,16.0,24.0,24.0,28.61097260827408,0.09200306169733881,4,95
scale-free,100,8,38,40.0,24.0,10.0,10.0,16.0,24.0,24.0,28.61097260827408,0.09200306169733881,4,95
scale-free,100,8,39,26.0,24.0,10.0,10.0,5.0,24.0,24.0,28.61097260827408,0.09200306169733881,4,95
scale-free,100,8,40,21.0,17.0,10.0,10.0,89.0,17.0,18.0,28.61097260827408,0.09200306169733881,4,95
scale-free,100,8,41,40.0,24.0,10.0,10.0,16.0,24.0,24.0,28.61097260827408,0.09200306169733881,4,95
scale-free,100,8,42,40.0,24.0,10.0,10.0,16.0,24.0,24.0,28.61097260827408,0.09200306169733881,4,95
scale-free,100,8,43,40.0,24.0,10.0,10.0,83.0,24.0,24.0,28.61097260827408,0.09200306169733881,4,95
scale-free,100,8,44,26.0,20.0,7.0,7.0,16.0,20.0,20.0,28.61097260827408,0.09200306169733881,4,95
scale-free,100,8,45,40.0,7.0,10.0,10.0,89.0,7.0,9.0,28.61097260827408,0.09200306169733881,4,95
scale-free,100,8,46,40.0,24.0,10.0,10.0,16.0,24.0,24.0,28.61097260827408,0.09200306169733881,4,95
scale-free,100,8,47,40.0,24.0,10.0,10.0,16.0,24.0,24.0,28.61097260827408,0.09200306169733881,4,95
scale-free,100,8,48,40.0,24.0,10.0,10.0,16.0,24.0,24.0,28.61097260827408,0.09200306169733881,4,95
scale-free,100,8,49,26.0,17.0,10.0,10.0,89.0,17.0,16.0,28.61097260827408,0.09200306169733881,4,95
scale-free,100,8,50,40.0,24.0,10.0,10.0,16.0,24.0,24.0,28.61097260827408,0.09200306169733881,4,95
scale-free,100,8,51,40.0,24.0,10.0,10.0,16.0,24.0,24.0,28.61097260827408,0.09200306169733881,4,95
scale-free,100,8,52,26.0,24.0,10.0,10.0,5.0,24.0,24.0,28.61097260827408,0.09200306169733881,4,95
scale-free,100,8,53,40.0,24.0,10.0,10.0,16.0,24.0,24.0,28.61097260827408,0.09200306169733881,4,95
scale-free,100,8,54,40.0,24.0,10.0,10.0,16.0,24.0,24.0,28.61097260827408,0.09200306169733881,4,95
scale-free,100,8,55,17.0,15.0,9.0,9.0,16.0,15.0,19.0,28.61097260827408,0.09200306169733881,4,95
scale-free,100,8,56,40.0,24.0,10.0,10.0,16.0,24.0,24.0,28.61097260827408,0.09200306169733881,4,95
scale-free,100,8,57,40.0,24.0,10.0,10.0,16.0,24.0,24.0,28.61097260827408,0.09200306169733881,4,95
scale-free,100,8,58,26.0,24.0,10.0,10.0,16.0,24.0,24.0,28.61097260827408,0.09200306169733881,4,95
scale-free,100,8,59,26.0,24.0,10.0,10.0,5.0,24.0,24.0,28.61097260827408,0.09200306169733881,4,95
scale-free,100,8,60,40.0,24.0,10.0,10.0,16.0,24.0,24.0,28.61097260827408,0.09200306169733881,4,95
scale-free,100,8,61,26.0,24.0,10.0,10.0,16.0,24.0,24.0,28.61097260827408,0.09200306169733881,4,95
scale-free,100,8,62,40.0,24.0,10.0,10.0,16.0,24.0,24.0,28.61097260827408,0.09200306169733881,4,95
scale-free,100,8,63,40.0,24.0,10.0,10.0,16.0,24.0,24.0,28.61097260827408,0.09200306169733881,4,95
scale-free,100,8,64,40.0,24.0,10.0,10.0,16.0,24.0,24.0,28.61097260827408,0.09200306169733881,4,95
scale-free,100,8,65,26.0,24.0,10.0,10.0,5.0,24.0,24.0,28.61097260827408,0.09200306169733881,4,95
scale-free,100,8,66,40.0,24.0,10.0,10.0,83.0,24.0,24.0,28.61097260827408,0.09200306169733881,4,95
scale-free,100,8,67,40.0,24.0,10.0,10.0,16.0,24.0,24.0,28.61097260827408,0.09200306169733881,4,95
scale-free,100,8,68,40.0,24.0,10.0,10.0,83.0,24.0,24.0,28.61097260827408,0.09200306169733881,4,95
scale-free,100,8,69,40.0,20.0,10.0,10.0,89.0,20.0,21.0,28.61097260827408,0.09200306169733881,4,95
scale-free,100,8,70,40.0,24.0,10.0,10.0,16.0,24.0,24.0,28.61097260827408,0.09200306169733881,4,95
scale-free,100,8,71,40.0,24.0,10.0,10.0,16.0,24.0,24.0,28.61097260827408,0.09200306169733881,4,95
scale-free,100,8,72,40.0,7.0,10.0,10.0,89.0,7.0,9.0,28.61097260827408,0.09200306169733881,4,95
scale-free,100,8,73,26.0,24.0,10.0,10.0,16.0,24.0,24.0,28.61097260827408,0.09200306169733881,4,95
scale-free,100,8,74,40.0,24.0,10.0,10.0,16.0,24.0,24.0,28.61097260827408,0.09200306169733881,4,95
scale-free,100,8,75,40.0,24.0,10.0,10.0,16.0,24.0,24.0,28.61097260827408,0.09200306169733881,4,95
scale-free,100,8,76,40.0,20.0,10.0,10.0,89.0,20.0,21.0,28.61097260827408,0.09200306169733881,4,95
scale-free,100,8,77,40.0,24.0,10.0,10.0,83.0,24.0,24.0,28.61097260827408,0.09200306169733881,4,95
scale-free,100,8,78,40.0,24.0,10.0,10.0,5.0,24.0,24.0,28.61097260827408,0.09200306169733881,4,95
scale-free,100,8,79,40.0,24.0,10.0,10.0,16.0,24.0,24.0,28.61097260827408,0.09200306169733881,4,95
scale-free,100,8,80,40.0,24.0,10.0,10.0,16.0,24.0,24.0,28.61097260827408,0.09200306169733881,4,95
scale-free,100,8,81,40.0,24.0,10.0,10.0,16.0,24.0,24.0,28.61097260827408,0.09200306169733881,4,95
scale-free,100,8,82,40.0,24.0,10.0,10.0,83.0,24.0,24.0,28.61097260827408,0.09200306169733881,4,95
scale-free,100,8,83,40.0,24.0,10.0,10.0,83.0,24.0,24.0,28.61097260827408,0.09200306169733881,4,95
scale-free,100,8,84,40.0,24.0,10.0,10.0,16.0,24.0,24.0,28.61097260827408,0.09200306169733881,4,95
scale-free,100,8,85,40.0,24.0,10.0,10.0,16.0,24.0,24.0,28.61097260827408,0.09200306169733881,4,95
scale-free,100,8,86,40.0,24.0,10.0,10.0,16.0,24.0,24.0,28.61097260827408,0.09200306169733881,4,95
scale-free,100,8,87,40.0,24.0,10.0,10.0,16.0,24.0,24.0,28.61097260827408,0.09200306169733881,4,95
scale-free,100,8,88,40.0,24.0,10.0,10.0,16.0,24.0,24.0,28.61097260827408,0.09200306169733881,4,95
scale-free,100,8,89,40.0,24.0,10.0,10.0,16.0,24.0,24.0,28.61097260827408,0.09200306169733881,4,95
scale-free,100,8,90,40.0,24.0,10.0,10.0,2.0,24.0,24.0,28.61097260827408,0.09200306169733881,4,95
scale-free,100,8,91,40.0,24.0,10.0,10.0,16.0,24.0,24.0,28.61097260827408,0.09200306169733881,4,95
scale-free,100,8,92,40.0,24.0,10.0,10.0,16.0,24.0,24.0,28.61097260827408,0.09200306169733881,4,95
scale-free,100,8,93,40.0,24.0,10.0,10.0,16.0,24.0,24.0,28.61097260827408,0.09200306169733881,4,95
scale-free,100,8,94,40.0,24.0,10.0,10.0,16.0,24.0,24.0,28.61097260827408,0.09200306169733881,4,95
scale-free,100,8,95,40.0,24.0,10.0,10.0,16.0,24.0,24.0,28.61097260827408,0.09200306169733881,4,95
scale-free,100,8,96,40.0,24.0,10.0,10.0,2.0,24.0,24.0,28.61097260827408,0.09200306169733881,4,95
scale-free,100,8,97,40.0,24.0,10.0,10.0,16.0,24.0,24.0,28.61097260827408,0.09200306169733881,4,95
scale-free,100,8,98,40.0,24.0,10.0,10.0,16.0,24.0,24.0,28.61097260827408,0.09200306169733881,4,95
scale-free,100,8,99,40.0,24.0,10.0,10.0,16.0,24.0,24.0,28.61097260827408,0.09200306169733881,4,95
