scale-free,100,13,0,2.0,3.0,1.0,1.0,82.0,3.0,3.0,35.88358405483405,0.14518273255929773,5,96
scale-free,100,13,1,1.0,1.0,2.0,2.0,82.0,1.0,1.0,35.88358405483405,0.14518273255929773,5,96
scale-free,100,13,2,3.0,2.0,3.0,3.0,82.0,2.0,2.0,35.88358405483405,0.14518273255929773,5,96
scale-free,100,13,3,11.0,13.0,5.0,5.0,5.0,13.0,13.0,35.88358405483405,0.14518273255929773,5,96
scale-free,100,13,4,5.0,4.0,15.0,15.0,93.0,4.0,4.0,35.88358405483405,0.14518273255929773,5,96
scale-free,100,13,5,39.0,25.0,15.0,15.0,23.0,25.0,25.0,35.88358405483405,0.14518273255929773,5,96
scale-free,100,13,6,17.0,16.0,14.0,14.0,23.0,16.0,19.0,35.88358405483405,0.14518273255929773,5,96
scale-free,100,13,7,14.0,10.0,15.0,15.0,93.0,10.0,9.0,35.88358405483405,0.14518273255929773,5,96
scale-free,100,13,8,39.0,25.0,15.0,15.0,23.0,25.0,25.0,35.88358405483405,0.14518273255929773,5,96
scale-free,100,13,9,9.0,25.0,15.0,15.0,23.0,25.0,25.0,35.88358405483405,0.14518273255929773,5,96
scale-free,100,13,10,39.0,25.0,15.0,15.0,23.0,25.0,25.0,35.88358405483405,0.14518273255929773,5,96
scale-free,100,13,11,11.0,25.0,15.0,15.0,5.0,25.0,25.0,35.88358405483405,0.14518273255929773,5,96
scale-free,100,13,12,6.0,25.0,15.0,15.0,1.0,25.0,25.0,35.88358405483405,0.14518273255929773,5,96
scale-free,100,13,13,19.0,25.0,15.0,15.0,23.0,25.0,25.0,35.88358405483405,0.14518273255929773,5,96
scale-free,100,13,14,7.0,12.0,8.0,8.0,12.0,12.0,14.0,35.88358405483405,0.14518273255929773,5,96
scale-free,100,13,15,4.0,25.0,15.0,15.0,2.0,25.0,25.0,35.88358405483405,0.14518273255929773,5,96
scale-free,100,13,16,14.0,11.0,9.0,9.0,23.0,11.0,11.0,35.88358405483405,0.14518273255929773,5,96
scale-free,100,13,17,14.0,25.0,15.0,15.0,5.0,25.0,25.0,35.88358405483405,0.14518273255929773,5,96
scale-free,100,13,18,39.0,25.0,15.0,15.0,87.0,25.0,25.0,35.88358405483405,0.14518273255929773,5,96
scale-free,100,13,19,19.0,25.0,15.0,15.0,23.0,25.0,25.0,35.88358405483405,0.14518273255929773,5,96
scale-free,100,13,20,39.0,25.0,15.0,15.0,23.0,25.0,25.0,35.88358405483405,0.14518273255929773,5,96
scale-free,100,13,21,7.0,9.0,4.0,4.0,23.0,9.0,10.0,35.88358405483405,0.14518273255929773,5,96
scale-free,100,13,22,30.0,17.0,9.0,9.0,23.0,17.0,15.0,35.88358405483405,0.14518273255929773,5,96
scale-free,100,13,23,30.0,25.0,15.0,15.0,23.0,25.0,25.0,35.88358405483405,0.14518273255929773,5,96
scale-free,100,13,24,9.0,25.0,15.0,15.0,23.0,25.0,25.0,35.88358405483405,0.14518273255929773,5,96
scale-free,100,13,25,39.0,25.0,15.0,15.0,23.0,25.0,25.0,35.88358405483405,0.14518273255929773,5,96
scale-free,100,13,26,19.0,25.0,15.0,15.0,23.0,25.0,25.0,35.88358405483405,0.14518273255929773,5,96
scale-free,100,13,27,11.0,13.0,6.0,6.0,12.0,13.0,12.0,35.88358405483405,0.14518273255929773,5,96
scale-free,100,13,28,19.0,17.0,9.0,9.0,23.0,17.0,15.0,35.88358405483405,0.14518273255929773,5,96
scale-free,100,13,29,39.0,25.0,15.0,15.0,23.0,25.0,25.0,35.88358405483405,0.14518273255929773,5,96
scale-free,100,13,30,39.0,25.0,15.0,15.0,87.0,25.0,25.0,35.88358405483405,0.14518273255929773,5,96
scale-free,100,13,31,39.0,25.0,15.0,15.0,23.0,25.0,25.0,35.88358405483405,0.14518273255929773,5,96
scale-free,100,13,32,39.0,25.0,15.0,15.0,12.0,25.0,25.0,35.88358405483405,0.14518273255929773,5,96
scale-free,100,13,33,39.0,25.0,15.0,15.0,23.0,25.0,25.0,35.88358405483405,0.14518273255929773,5,96
scale-free,100,13,34,39.0,25.0,15.0,15.0,23.0,25.0,25.0,35.88358405483405,0.14518273255929773,5,96
scale-free,100,13,35,19.0,25.0,15.0,15.0,12.0,25.0,25.0,35.88358405483405,0.14518273255929773,5,96
scale-free,100,13,36,39.0,25.0,15.0,15.0,23.0,25.0,25.0,35.88358405483405,0.14518273255929773,5,96
scale-free,100,13,37,30.0,25.0,15.0,15.0,23.0,25.0,25.0,35.88358405483405,0.14518273255929773,5,96
scale-free,100,13,38,39.0,25.0,15.0,15.0,23.0,25.0,25.0,35.88358405483405,0.14518273255929773,5,96
scale-free,100,13,39,39.0,25.0,15.0,15.0,23.0,25.0,25.0,35.88358405483405,0.14518273255929773,5,96
scale-free,100,13,40,39.0,25.0,15.0,15.0,23.0,25.0,25.0,35.88358405483405,0.14518273255929773,5,96
scale-free,100,13,41,39.0,17.0,15.0,15.0,93.0,17.0,22.0,35.88358405483405,0.14518273255929773,5,96
scale-free,100,13,42,39.0,25.0,15.0,15.0,87.0,25.0,25.0,35.88358405483405,0.14518273255929773,5,96
scale-free,100,13,43,30.0,25.0,15.0,15.0,5.0,25.0,25.0,35.88358405483405,0.14518273255929773,5,96
scale-free,100,13,44,39.0,25.0,15.0,15.0,87.0,25.0,25.0,35.88358405483405,0.14518273255929773,5,96
scale-free,100,13,45,30.0,8.0,15.0,15.0,82.0,8.0,6.0,35.88358405483405,0.14518273255929773,5,96
scale-free,100,13,46,39.0,25.0,15.0,15.0,23.0,25.0,25.0,35.88358405483405,0.14518273255929773,5,96
scale-free,100,13,47,19.0,25.0,15.0,15.0,23.0,25.0,25.0,35.88358405483405,0.14518273255929773,5,96
scale-free,100,13,48,39.0,25.0,15.0,15.0,12.0,25.0,25.0,35.88358405483405,0.14518273255929773,5,96
scale-free,100,13,49,39.0,25.0,15.0,15.0,12.0,25.0,25.0,35.88358405483405,0.14518273255929773,5,96
scale-free,100,13,50,19.0,25.0,15.0,15.0,12.0,25.0,25.0,35.88358405483405,0.14518273255929773,5,96
scale-free,100,13,51,39.0,25.0,15.0,15.0,23.0,25.0,25.0,35.88358405483405,0.14518273255929773,5,96
scale-free,100,13,52,19.0,25.0,15.0,15.0,2.0,25.0,25.0,35.88358405483405,0.14518273255929773,5,96
scale-free,100,13,53,39.0,25.0,15.0,15.0,23.0,25.0,25.0,35.88358405483405,0.14518273255929773,5,96
scale-free,100,13,54,39.0,25.0,15.0,15.0,23.0,25.0,25.0,35.88358405483405,0.14518273255929773,5,96
scale-free,100,13,55,30.0,25.0,15.0,15.0,23.0,25.0,25.0,35.88358405483405,0.14518273255929773,5,96
scale-free,100,13,56,39.0,25.0,15.0,15.0,23.0,25.0,25.0,35.88358405483405,0.14518273255929773,5,96
scale-free,100,13,57,39.0,25.0,15.0,15.0,23.0,25.0,25.0,35.88358405483405,0.14518273255929773,5,96
scale-free,100,13,58,39.0,25.0,15.0,15.0,23.0,25.0,25.0,35.88358405483405,0.14518273255929773,5,96
scale-free,100,13,59,19.0,25.0,15.0,15.0,23.0,25.0,25.0,35.88358405483405,0.14518273255929773,5,96
scale-free,100,13,60,39.0,25.0,15.0,15.0,23.0,25.0,25.0,35.88358405483405,0.14518273255929773,5,96
scale-free,100,13,61,39.0,25.0,15.0,15.0,23.0,25.0,25.0,35.88358405483405,0.14518273255929773,5,96
scale-free,100,13,62,19.0,25.0,15.0,15.0,5.0,25.0,25.0,35.88358405483405,0.14518273255929773,5,96
scale-free,100,13,63,39.0,25.0,15.0,15.0,87.0,25.0,25.0,35.88358405483405,0.14518273255929773,5,96
scale-free,100,13,64,30.0,25.0,15.0,15.0,23.0,25.0,25.0,35.88358405483405,0.14518273255929773,5,96
scale-free,100,13,65,39.0,25.0,15.0,15.0,87.0,25.0,25.0,35.88358405483405,0.14518273255929773,5,96
scale-free,100,13,66,39.0,6.0,15.0,15.0,93.0,6.0,6.0,35.88358405483405,0.14518273255929773,5,96
scale-free,100,13,67,17.0,5.0,13.0,13.0,82.0,5.0,5.0,35.88358405483405,0.14518273255929773,5,96
scale-free,100,13,68,39.0,25.0,15.0,15.0,23.0,25.0,25.0,35.88358405483405,0.14518273255929773,5,96
scale-free,100,13,69,39.0,25.0,15.0,15.0,12.0,25.0,25.0,35.88358405483405,0.14518273255929773,5,96
scale-free,100,13,70,39.0,25.0,15.0,15.0,12.0,25.0,25.0,35.88358405483405,0.14518273255929773,5,96
scale-free,100,13,71,39.0,17.0,15.0,15.0,93.0,17.0,21.0,35.88358405483405,0.14518273255929773,5,96
scale-free,100,13,72,39.0,25.0,15.0,15.0,23.0,25.0,25.0,35.88358405483405,0.14518273255929773,5,96
scale-free,100,13,73,30.0,17.0,9.0,9.0,23.0,17.0,15.0,35.88358405483405,0.14518273255929773,5,96
scale-free,100,13,74,39.0,25.0,15.0,15.0,23.0,25.0,25.0,35.88358405483405,0.14518273255929773,5,96
scale-free,100,13,75,39.0,15.0,15.0,15.0,93.0,13.0,20.0,35.88358405483405,0.14518273255929773,5,96
scale-free,100,13,76,19.0,17.0,7.0,7.0,12.0,17.0,15.0,35.88358405483405,0.14518273255929773,5,96
scale-free,100,13,77,39.0,25.0,15.0,15.0,23.0,25.0,25.0,35.88358405483405,0.14518273255929773,5,96
scale-free,100,13,78,39.0,25.0,15.0,15.0,5.0,25.0,25.0,35.88358405483405,0.14518273255929773,5,96
scale-free,100,13,79,39.0,25.0,15.0,15.0,23.0,25.0,25.0,35.88358405483405,0.14518273255929773,5,96
scale-free,100,13,80,39.0,25.0,15.0,15.0,2.0,25.0,25.0,35.88358405483405,0.14518273255929773,5,96
scale-free,100,13,81,39.0,25.0,15.0,15.0,23.0,25.0,25.0,35.88358405483405,0.14518273255929773,5,96
scale-free,100,13,82,39.0,6.0,15.0,15.0,93.0,6.0,6.0,35.88358405483405,0.14518273255929773,5,96
scale-free,100,13,83,39.0,25.0,15.0,15.0,23.0,25.0,25.0,35.88358405483405,0.14518273255929773,5,96
scale-free,100,13,84,39.0,25.0,15.0,15.0,23.0,25.0,25.0,35.88358405483405,0.14518273255929773,5,96
scale-free,100,13,85,39.0,25.0,15.0,15.0,23.0,25.0,25.0,35.88358405483405,0.14518273255929773,5,96
scale-free,100,13,86,30.0,17.0,15.0,15.0,23.0,17.0,24.0,35.88358405483405,0.14518273255929773,5,96
scale-free,100,13,87,39.0,25.0,15.0,15.0,23.0,25.0,25.0,35.88358405483405,0.14518273255929773,5,96
scale-free,100,13,88,39.0,25.0,15.0,15.0,23.0,25.0,25.0,35.88358405483405,0.14518273255929773,5,96
scale-free,100,13,89,39.0,17.0,15.0,15.0,93.0,17.0,23.0,35.88358405483405,0.14518273255929773,5,96
scale-free,100,13,90,39.0,25.0,15.0,15.0,5.0,25.0,25.0,35.88358405483405,0.14518273255929773,5,96
scale-free,100,13,91,39.0,25.0,15.0,15.0,23.0,25.0,25.0,35.88358405483405,0.14518273255929773,5,96
scale-free,100,13,92,39.0,25.0,15.0,15.0,23.0,25.0,25.0,35.88358405483405,0.14518273255929773,5,96
scale-free,100,13,93,39.0,25.0,15.0,15.0,23.0,25.0,25.0,35.88358405483405,0.14518273255929773,5,96
scale-free,100,13,94,39.0,25.0,15.0,15.0,23.0,25.0,25.0,35.88358405483405,0.14518273255929773,5,96
scale-free,100,13,95,39.0,25.0,15.0,15.0,23.0,25.0,25.0,35.88358405483405,0.14518273255929773,5,96
scale-free,100,13,96,39.0,25.0,15.0,15.0,12.0,25.0,25.0,35.88358405483405,0.14518273255929773,5,96
scale-free,100,13,97,39.0,25.0,15.0,15.0,23.0,25.0,25.0,35.88358405483405,0.14518273255929773,5,96
scale-free,100,13,98,39.0,25.0,15.0,15.0,23.0,25.0,25.0,35.88358405483405,0.14518273255929773,5,96
scale-free,100,13,99,39.0,25.0,15.0,15.0,23.0,25.0,25.0,35.88358405483405,0.14518273255929773,5,96
scale-free,100,14,0,2.0,4.0,2.0,2.0,69.0,3.0,2.0,18.546643939393938,0.10060051647197038,5,96
scale-free,100,14,1,3.0,2.0,3.0,3.0,69.0,2.0,3.0,18.546643939393938,0.10060051647197038,5,96
scale-free,100,14,2,1.0,1.0,1.0,1.0,69.0,1.0,1.0,18.546643939393938,0.10060051647197038,5,96
scale-free,100,14,3,42.0,19.0,10.0,10.0,10.0,19.0,19.0,18.546643939393938,0.10060051647197038,5,96
scale-free,100,14,4,9.0,19.0,10.0,10.0,10.0,19.0,19.0,18.546643939393938,0.10060051647197038,5,96
scale-free,100,14,5,7.0,8.0,5.0,5.0,69.0,8.0,6.0,18.546643939393938,0.10060051647197038,5,96
scale-free,100,14,6,6.0,6.0,4.0,4.0,69.0,7.0,9.0,18.546643939393938,0.10060051647197038,5,96
scale-free,100,14,7,4.0,3.0,10.0,10.0,92.0,4.0,4.0,18.546643939393938,0.10060051647197038,5,96
scale-free,100,14,8,5.0,5.0,10.0,10.0,92.0,5.0,5.0,18.546643939393938,0.10060051647197038,5,96
scale-free,100,14,9,7.0,19.0,10.0,10.0,1.0,19.0,19.0,18.546643939393938,0.10060051647197038,5,96
scale-free,100,14,10,12.0,19.0,10.0,10.0,3.0,19.0,19.0,18.546643939393938,0.10060051647197038,5,96
scale-free,100,14,11,11.0,19.0,10.0,10.0,10.0,19.0,19.0,18.546643939393938,0.10060051647197038,5,96
scale-free,100,14,12,14.0,19.0,10.0,10.0,10.0,19.0,19.0,18.546643939393938,0.10060051647197038,5,96
scale-free,100,14,13,10.0,9.0,10.0,10.0,92.0,9.0,8.0,18.546643939393938,0.10060051647197038,5,96
scale-free,100,14,14,42.0,19.0,10.0,10.0,10.0,19.0,19.0,18.546643939393938,0.10060051647197038,5,96
scale-free,100,14,15,42.0,19.0,10.0,10.0,77.0,19.0,19.0,18.546643939393938,0.10060051647197038,5,96
scale-free,100,14,16,42.0,19.0,10.0,10.0,10.0,19.0,19.0,18.546643939393938,0.10060051647197038,5,96
scale-free,100,14,17,42.0,19.0,10.0,10.0,10.0,19.0,19.0,18.546643939393938,0.10060051647197038,5,96
scale-free,100,14,18,23.0,13.0,9.0,9.0,10.0,13.0,15.0,18.546643939393938,0.10060051647197038,5,96
scale-free,100,14,19,23.0,19.0,10.0,10.0,10.0,19.0,19.0,18.546643939393938,0.10060051647197038,5,96
scale-free,100,14,20,13.0,7.0,10.0,10.0,92.0,6.0,7.0,18.546643939393938,0.10060051647197038,5,96
scale-free,100,14,21,42.0,19.0,10.0,10.0,10.0,19.0,19.0,18.546643939393938,0.10060051647197038,5,96
scale-free,100,14,22,42.0,19.0,10.0,10.0,10.0,19.0,19.0,18.546643939393938,0.10060051647197038,5,96
scale-free,100,14,23,42.0,19.0,10.0,10.0,10.0,19.0,19.0,18.546643939393938,0.10060051647197038,5,96
scale-free,100,14,24,23.0,19.0,10.0,10.0,3.0,19.0,19.0,18.546643939393938,0.10060051647197038,5,96
scale-free,100,14,25,23.0,10.0,10.0,10.0,92.0,10.0,14.0,18.546643939393938,0.10060051647197038,5,96
scale-free,100,14,26,23.0,19.0,10.0,10.0,3.0,19.0,19.0,18.546643939393938,0.10060051647197038,5,96
scale-free,100,14,27,23.0,19.0,10.0,10.0,75.0,19.0,19.0,18.546643939393938,0.10060051647197038,5,96
scale-free,100,14,28,42.0,13.0,10.0,10.0,92.0,13.0,15.0,18.546643939393938,0.10060051647197038,5,96
scale-free,100,14,29,15.0,13.0,6.0,6.0,10.0,13.0,15.0,18.546643939393938,0.10060051647197038,5,96
scale-free,100,14,30,17.0,19.0,10.0,10.0,74.0,19.0,19.0,18.546643939393938,0.10060051647197038,5,96
scale-free,100,14,31,42.0,19.0,10.0,10.0,10.0,19.0,19.0,18.546643939393938,0.10060051647197038,5,96
scale-free,100,14,32,23.0,19.0,10.0,10.0,10.0,19.0,19.0,18.546643939393938,0.10060051647197038,5,96
scale-free,100,14,33,42.0,19.0,10.0,10.0,10.0,19.0,19.0,18.546643939393938,0.10060051647197038,5,96
scale-free,100,14,34,42.0,19.0,10.0,10.0,10.0,19.0,19.0,18.546643939393938,0.10060051647197038,5,96
scale-free,100,14,35,17.0,19.0,10.0,10.0,3.0,19.0,19.0,18.546643939393938,0.10060051647197038,5,96
scale-free,100,14,36,23.0,19.0,10.0,10.0,10.0,19.0,19.0,18.546643939393938,0.10060051647197038,5,96
scale-free,100,14,37,17.0,19.0,10.0,10.0,10.0,19.0,19.0,18.546643939393938,0.10060051647197038,5,96
scale-free,100,14,38,17.0,19.0,10.0,10.0,10.0,19.0,19.0,18.546643939393938,0.10060051647197038,5,96
scale-free,100,14,39,17.0,19.0,10.0,10.0,10.0,19.0,19.0,18.546643939393938,0.10060051647197038,5,96
scale-free,100,14,40,42.0,19.0,10.0,10.0,10.0,19.0,19.0,18.546643939393938,0.10060051647197038,5,96
scale-free,100,14,41,42.0,19.0,10.0,10.0,10.0,19.0,19.0,18.546643939393938,0.10060051647197038,5,96
scale-free,100,14,42,42.0,19.0,10.0,10.0,77.0,19.0,19.0,18.546643939393938,0.10060051647197038,5,96
scale-free,100,14,43,42.0,19.0,10.0,10.0,10.0,19.0,19.0,18.546643939393938,0.10060051647197038,5,96
scale-free,100,14,44,17.0,13.0,6.0,6.0,10.0,13.0,11.0,18.546643939393938,0.10060051647197038,5,96
scale-free,100,14,45,42.0,19.0,10.0,10.0,10.0,19.0,19.0,18.546643939393938,0.10060051647197038,5,96
scale-free,100,14,46,42.0,19.0,10.0,10.0,10.0,19.0,19.0,18.546643939393938,0.10060051647197038,5,96
scale-free,100,14,47,23.0,19.0,10.0,10.0,10.0,19.0,19.0,18.546643939393938,0.10060051647197038,5,96
scale-free,100,14,48,42.0,19.0,10.0,10.0,10.0,19.0,19.0,18.546643939393938,0.10060051647197038,5,96
scale-free,100,14,49,15.0,19.0,10.0,10.0,10.0,19.0,19.0,18.546643939393938,0.10060051647197038,5,96
scale-free,100,14,50,42.0,19.0,10.0,10.0,10.0,19.0,19.0,18.546643939393938,0.10060051647197038,5,96
scale-free,100,14,51,42.0,19.0,10.0,10.0,10.0,19.0,19.0,18.546643939393938,0.10060051647197038,5,96
scale-free,100,14,52,23.0,19.0,10.0,10.0,10.0,19.0,19.0,18.546643939393938,0.10060051647197038,5,96
scale-free,100,14,53,23.0,10.0,10.0,10.0,92.0,10.0,13.0,18.546643939393938,0.10060051647197038,5,96
scale-free,100,14,54,42.0,19.0,10.0,10.0,10.0,19.0,19.0,18.546643939393938,0.10060051647197038,5,96
scale-free,100,14,55,42.0,19.0,10.0,10.0,77.0,19.0,19.0,18.546643939393938,0.10060051647197038,5,96
scale-free,100,14,56,42.0,19.0,10.0,10.0,10.0,19.0,19.0,18.546643939393938,0.10060051647197038,5,96
scale-free,100,14,57,42.0,19.0,10.0,10.0,10.0,19.0,19.0,18.546643939393938,0.10060051647197038,5,96
scale-free,100,14,58,42.0,19.0,10.0,10.0,77.0,19.0,19.0,18.546643939393938,0.10060051647197038,5,96
scale-free,100,14,59,42.0,19.0,10.0,10.0,3.0,19.0,19.0,18.546643939393938,0.10060051647197038,5,96
scale-free,100,14,60,42.0,19.0,10.0,10.0,10.0,19.0,19.0,18.546643939393938,0.10060051647197038,5,96
scale-free,100,14,61,23.0,19.0,10.0,10.0,10.0,19.0,19.0,18.546643939393938,0.10060051647197038,5,96
scale-free,100,14,62,42.0,19.0,10.0,10.0,77.0,19.0,19.0,18.546643939393938,0.10060051647197038,5,96
scale-free,100,14,63,42.0,19.0,10.0,10.0,77.0,19.0,19.0,18.546643939393938,0.10060051647197038,5,96
scale-free,100,14,64,42.0,19.0,10.0,10.0,10.0,19.0,19.0,18.546643939393938,0.10060051647197038,5,96
scale-free,100,14,65,42.0,19.0,10.0,10.0,77.0,19.0,19.0,18.546643939393938,0.10060051647197038,5,96
scale-free,100,14,66,23.0,19.0,10.0,10.0,3.0,19.0,19.0,18.546643939393938,0.10060051647197038,5,96
scale-free,100,14,67,42.0,19.0,10.0,10.0,77.0,19.0,19.0,18.546643939393938,0.10060051647197038,5,96
scale-free,100,14,68,42.0,19.0,10.0,10.0,10.0,19.0,19.0,18.546643939393938,0.10060051647197038,5,96
scale-free,100,14,69,42.0,19.0,10.0,10.0,10.0,19.0,19.0,18.546643939393938,0.10060051647197038,5,96
scale-free,100,14,70,42.0,19.0,10.0,10.0,10.0,19.0,19.0,18.546643939393938,0.10060051647197038,5,96
scale-free,100,14,71,42.0,19.0,10.0,10.0,10.0,19.0,19.0,18.546643939393938,0.10060051647197038,5,96
scale-free,100,14,72,42.0,19.0,10.0,10.0,10.0,19.0,19.0,18.546643939393938,0.10060051647197038,5,96
scale-free,100,14,73,23.0,19.0,10.0,10.0,1.0,19.0,19.0,18.546643939393938,0.10060051647197038,5,96
scale-free,100,14,74,23.0,13.0,6.0,6.0,10.0,13.0,11.0,18.546643939393938,0.10060051647197038,5,96
scale-free,100,14,75,42.0,19.0,10.0,10.0,77.0,19.0,19.0,18.546643939393938,0.10060051647197038,5,96
scale-free,100,14,76,42.0,19.0,10.0,10.0,10.0,19.0,19.0,18.546643939393938,0.10060051647197038,5,96
scale-free,100,14,77,42.0,19.0,10.0,10.0,77.0,19.0,19.0,18.546643939393938,0.10060051647197038,5,96
scale-free,100,14,78,42.0,19.0,10.0,10.0,77.0,19.0,19.0,18.546643939393938,0.10060051647197038,5,96
scale-free,100,14,79,23.0,10.0,10.0,10.0,92.0,10.0,10.0,18.546643939393938,0.10060051647197038,5,96
scale-free,100,14,80,42.0,19.0,10.0,10.0,10.0,19.0,19.0,18.546643939393938,0.10060051647197038,5,96
scale-free,100,14,81,42.0,19.0,10.0,10.0,77.0,19.0,19.0,18.546643939393938,0.10060051647197038,5,96
scale-free,100,14,82,23.0,19.0,10.0,10.0,75.0,19.0,19.0,18.546643939393938,0.10060051647197038,5,96
scale-free,100,14,83,42.0,19.0,10.0,10.0,10.0,19.0,19.0,18.546643939393938,0.10060051647197038,5,96
scale-free,100,14,84,42.0,19.0,10.0,10.0,10.0,19.0,19.0,18.546643939393938,0.10060051647197038,5,96
scale-free,100,14,85,42.0,19.0,10.0,10.0,10.0,19.0,19.0,18.546643939393938,0.10060051647197038,5,96
scale-free,100,14,86,23.0,19.0,10.0,10.0,10.0,19.0,19.0,18.546643939393938,0.10060051647197038,5,96
scale-free,100,14,87,42.0,19.0,10.0,10.0,10.0,19.0,19.0,18.546643939393938,0.10060051647197038,5,96
scale-free,100,14,88,23.0,19.0,10.0,10.0,10.0,19.0,19.0,18.546643939393938,0.10060051647197038,5,96
scale-free,100,14,89,42.0,13.0,10.0,10.0,92.0,13.0,15.0,18.546643939393938,0.10060051647197038,5,96
scale-free,100,14,90,42.0,19.0,10.0,10.0,10.0,19.0,19.0,18.546643939393938,0.10060051647197038,5,96
scale-free,100,14,91,42.0,19.0,10.0,10.0,77.0,19.0,19.0,18.546643939393938,0.10060051647197038,5,96
scale-free,100,14,92,42.0,19.0,10.0,10.0,10.0,19.0,19.0,18.546643939393938,0.10060051647197038,5,96
scale-free,100,14,93,42.0,19.0,10.0,10.0,10.0,19.0,19.0,18.546643939393938,0.10060051647197038,5,96
scale-free,100,14,94,42.0,19.0,10.0,10.0,10.0,19.0,19.0,18.546643939393938,0.10060051647197038,5,96
scale-free,100,14,95,42.0,19.0,10.0,10.0,10.0,19.0,19.0,18.546643939393938,0.10060051647197038,5,96
scale-free,100,14,96,42.0,19.0,10.0,10.0,77.0,19.0,19.0,18.546643939393938,0.10060051647197038,5,96
scale-free,100,14,97,42.0,19.0,10.0,10.0,77.0,19.0,19.0,18.546643939393938,0.10060051647197038,5,96
scale-free,100,14,98,42.0,19.0,10.0,10.0,10.0,19.0,19.0,18.546643939393938,0.10060051647197038,5,96
scale-free,100,14,99,42.0,19.0,10.0,10.0,3.0,19.0,19.0,18.546643939393938,0.10060051647197038,5,96
