scale-free,100,15,0,2.0,2.0,1.0,1.0,43.0,3.0,2.0,35.66195764533884,0.053207964781452066,4,96
scale-free,100,15,1,5.0,4.0,2.0,2.0,43.0,5.0,5.0,35.66195764533884,0.053207964781452066,4,96
scale-free,100,15,2,3.0,8.0,3.0,3.0,43.0,4.0,4.0,35.66195764533884,0.053207964781452066,4,96
scale-free,100,15,3,45.0,31.0,10.0,10.0,13.0,31.0,31.0,35.66195764533884,0.053207964781452066,4,96
scale-free,100,15,4,9.0,31.0,10.0,10.0,1.0,31.0,31.0,35.66195764533884,0.053207964781452066,4,96
scale-free,100,15,5,6.0,10.0,4.0,4.0,43.0,11.0,8.0,35.66195764533884,0.053207964781452066,4,96
scale-free,100,15,6,3.0,3.0,10.0,10.0,81.0,2.0,3.0,35.66195764533884,0.053207964781452066,4,96
scale-free,100,15,7,1.0,1.0,10.0,10.0,81.0,1.0,1.0,35.66195764533884,0.053207964781452066,4,96
scale-free,100,15,8,13.0,6.0,10.0,10.0,81.0,7.0,9.0,35.66195764533884,0.053207964781452066,4,96
scale-free,100,15,9,7.0,18.0,6.0,6.0,6.0,18.0,13.0,35.66195764533884,0.053207964781452066,4,96
scale-free,100,15,10,8.0,11.0,5.0,5.0,43.0,8.0,7.0,35.66195764533884,0.053207964781452066,4,96
scale-free,100,15,11,9.0,22.0,7.0,7.0,8.0,22.0,17.0,35.66195764533884,0.053207964781452066,4,96
scale-free,100,15,12,45.0,19.0,10.0,10.0,81.0,19.0,24.0,35.66195764533884,0.053207964781452066,4,96
scale-free,100,15,13,45.0,31.0,10.0,10.0,13.0,31.0,31.0,35.66195764533884,0.053207964781452066,4,96
scale-free,100,15,14,29.0,31.0,10.0,10.0,13.0,31.0,31.0,35.66195764533884,0.053207964781452066,4,96
scale-free,100,15,15,45.0,31.0,10.0,10.0,13.0,31.0,31.0,35.66195764533884,0.053207964781452066,4,96
scale-free,100,15,16,12.0,31.0,10.0,10.0,1.0,31.0,31.0,35.66195764533884,0.053207964781452066,4,96
scale-free,100,15,17,29.0,31.0,10.0,10.0,13.0,31.0,31.0,35.66195764533884,0.053207964781452066,4,96
scale-free,100,15,18,29.0,31.0,10.0,10.0,51.0,31.0,31.0,35.66195764533884,0.053207964781452066,4,96
scale-free,100,15,19,14.0,31.0,10.0,10.0,8.0,31.0,31.0,35.66195764533884,0.053207964781452066,4,96
scale-free,100,15,20,45.0,31.0,10.0,10.0,58.0,31.0,31.0,35.66195764533884,0.053207964781452066,4,96
scale-free,100,15,21,11.0,5.0,8.0,8.0,58.0,6.0,6.0,35.66195764533884,0.053207964781452066,4,96
scale-free,100,15,22,14.0,21.0,9.0,9.0,51.0,21.0,14.0,35.66195764533884,0.053207964781452066,4,96
scale-free,100,15,23,45.0,31.0,10.0,10.0,13.0,31.0,31.0,35.66195764533884,0.053207964781452066,4,96
scale-free,100,15,24,24.0,31.0,10.0,10.0,13.0,31.0,31.0,35.66195764533884,0.053207964781452066,4,96
scale-free,100,15,25,17.0,31.0,10.0,10.0,8.0,31.0,31.0,35.66195764533884,0.053207964781452066,4,96
scale-free,100,15,26,45.0,31.0,10.0,10.0,13.0,31.0,31.0,35.66195764533884,0.053207964781452066,4,96
scale-free,100,15,27,17.0,9.0,10.0,10.0,81.0,9.0,11.0,35.66195764533884,0.053207964781452066,4,96
scale-free,100,15,28,14.0,13.0,10.0,10.0,81.0,12.0,12.0,35.66195764533884,0.053207964781452066,4,96
scale-free,100,15,29,17.0,17.0,10.0,10.0,81.0,17.0,15.0,35.66195764533884,0.053207964781452066,4,96
scale-free,100,15,30,17.0,31.0,10.0,10.0,8.0,31.0,31.0,35.66195764533884,0.053207964781452066,4,96
scale-free,100,15,31,45.0,31.0,10.0,10.0,58.0,31.0,31.0,35.66195764533884,0.053207964781452066,4,96
scale-free,100,15,32,17.0,31.0,10.0,10.0,13.0,31.0,31.0,35.66195764533884,0.053207964781452066,4,96
scale-free,100,15,33,29.0,12.0,10.0,10.0,81.0,13.0,16.0,35.66195764533884,0.053207964781452066,4,96
scale-free,100,15,34,29.0,31.0,10.0,10.0,13.0,31.0,31.0,35.66195764533884,0.053207964781452066,4,96
scale-free,100,15,35,45.0,31.0,10.0,10.0,6.0,31.0,31.0,35.66195764533884,0.053207964781452066,4,96
scale-free,100,15,36,29.0,31.0,10.0,10.0,13.0,31.0,31.0,35.66195764533884,0.053207964781452066,4,96
scale-free,100,15,37,24.0,31.0,10.0,10.0,13.0,31.0,31.0,35.66195764533884,0.053207964781452066,4,96
scale-free,100,15,38,29.0,31.0,10.0,10.0,58.0,31.0,31.0,35.66195764533884,0.053207964781452066,4,96
scale-free,100,15,39,24.0,31.0,10.0,10.0,13.0,31.0,31.0,35.66195764533884,0.053207964781452066,4,96
scale-free,100,15,40,29.0,31.0,10.0,10.0,13.0,31.0,31.0,35.66195764533884,0.053207964781452066,4,96
scale-free,100,15,41,45.0,31.0,10.0,10.0,58.0,31.0,31.0,35.66195764533884,0.053207964781452066,4,96
scale-free,100,15,42,29.0,19.0,10.0,10.0,58.0,19.0,24.0,35.66195764533884,0.053207964781452066,4,96
scale-free,100,15,43,17.0,31.0,10.0,10.0,13.0,31.0,31.0,35.66195764533884,0.053207964781452066,4,96
scale-free,100,15,44,45.0,31.0,10.0,10.0,58.0,31.0,31.0,35.66195764533884,0.053207964781452066,4,96
scale-free,100,15,45,29.0,31.0,10.0,10.0,13.0,31.0,31.0,35.66195764533884,0.053207964781452066,4,96
scale-free,100,15,46,45.0,31.0,10.0,10.0,58.0,31.0,31.0,35.66195764533884,0.053207964781452066,4,96
scale-free,100,15,47,45.0,31.0,10.0,10.0,13.0,31.0,31.0,35.66195764533884,0.053207964781452066,4,96
scale-free,100,15,48,29.0,31.0,10.0,10.0,51.0,31.0,31.0,35.66195764533884,0.053207964781452066,4,96
scale-free,100,15,49,29.0,31.0,10.0,10.0,49.0,31.0,31.0,35.66195764533884,0.053207964781452066,4,96
scale-free,100,15,50,17.0,31.0,10.0,10.0,8.0,31.0,31.0,35.66195764533884,0.053207964781452066,4,96
scale-free,100,15,51,45.0,31.0,10.0,10.0,58.0,31.0,31.0,35.66195764533884,0.053207964781452066,4,96
scale-free,100,15,52,45.0,22.0,10.0,10.0,81.0,22.0,26.0,35.66195764533884,0.053207964781452066,4,96
scale-free,100,15,53,45.0,22.0,10.0,10.0,81.0,22.0,28.0,35.66195764533884,0.053207964781452066,4,96
scale-free,100,15,54,45.0,31.0,10.0,10.0,13.0,31.0,31.0,35.66195764533884,0.053207964781452066,4,96
scale-free,100,15,55,45.0,22.0,10.0,10.0,81.0,22.0,20.0,35.66195764533884,0.053207964781452066,4,96
scale-free,100,15,56,45.0,31.0,10.0,10.0,58.0,31.0,31.0,35.66195764533884,0.053207964781452066,4,96
scale-free,100,15,57,45.0,31.0,10.0,10.0,13.0,31.0,31.0,35.66195764533884,0.053207964781452066,4,96
scale-free,100,15,58,45.0,31.0,10.0,10.0,58.0,31.0,31.0,35.66195764533884,0.053207964781452066,4,96
scale-free,100,15,59,24.0,31.0,10.0,10.0,48.0,31.0,31.0,35.66195764533884,0.053207964781452066,4,96
scale-free,100,15,60,45.0,31.0,10.0,10.0,13.0,31.0,31.0,35.66195764533884,0.053207964781452066,4,96
scale-free,100,15,61,45.0,14.0,10.0,10.0,81.0,14.0,18.0,35.66195764533884,0.053207964781452066,4,96
scale-free,100,15,62,45.0,31.0,10.0,10.0,49.0,31.0,31.0,35.66195764533884,0.053207964781452066,4,96
scale-free,100,15,63,29.0,31.0,10.0,10.0,13.0,31.0,31.0,35.66195764533884,0.053207964781452066,4,96
scale-free,100,15,64,45.0,31.0,10.0,10.0,13.0,31.0,31.0,35.66195764533884,0.053207964781452066,4,96
scale-free,100,15,65,45.0,31.0,10.0,10.0,58.0,31.0,31.0,35.66195764533884,0.053207964781452066,4,96
scale-free,100,15,66,45.0,31.0,10.0,10.0,13.0,31.0,31.0,35.66195764533884,0.053207964781452066,4,96
scale-free,100,15,67,45.0,31.0,10.0,10.0,51.0,31.0,31.0,35.66195764533884,0.053207964781452066,4,96
scale-free,100,15,68,45.0,22.0,10.0,10.0,81.0,22.0,20.0,35.66195764533884,0.053207964781452066,4,96
scale-free,100,15,69,29.0,7.0,10.0,10.0,81.0,10.0,10.0,35.66195764533884,0.053207964781452066,4,96
scale-free,100,15,70,24.0,31.0,10.0,10.0,13.0,31.0,31.0,35.66195764533884,0.053207964781452066,4,96
scale-free,100,15,71,45.0,31.0,10.0,10.0,58.0,31.0,31.0,35.66195764533884,0.053207964781452066,4,96
scale-free,100,15,72,29.0,31.0,10.0,10.0,13.0,31.0,31.0,35.66195764533884,0.053207964781452066,4,96
scale-free,100,15,73,45.0,31.0,10.0,10.0,58.0,31.0,31.0,35.66195764533884,0.053207964781452066,4,96
scale-free,100,15,74,45.0,31.0,10.0,10.0,58.0,31.0,31.0,35.66195764533884,0.053207964781452066,4,96
scale-free,100,15,75,45.0,31.0,10.0,10.0,58.0,31.0,31.0,35.66195764533884,0.053207964781452066,4,96
scale-free,100,15,76,45.0,31.0,10.0,10.0,58.0,31.0,31.0,35.66195764533884,0.053207964781452066,4,96
scale-free,100,15,77,45.0,22.0,10.0,10.0,81.0,22.0,26.0,35.66195764533884,0.053207964781452066,4,96
scale-free,100,15,78,45.0,31.0,10.0,10.0,51.0,31.0,31.0,35.66195764533884,0.053207964781452066,4,96
scale-free,100,15,79,45.0,31.0,10.0,10.0,58.0,31.0,31.0,35.66195764533884,0.053207964781452066,4,96
scale-free,100,15,80,29.0,31.0,10.0,10.0,51.0,31.0,31.0,35.66195764533884,0.053207964781452066,4,96
scale-free,100,15,81,45.0,31.0,10.0,10.0,13.0,31.0,31.0,35.66195764533884,0.053207964781452066,4,96
scale-free,100,15,82,45.0,22.0,10.0,10.0,81.0,22.0,20.0,35.66195764533884,0.053207964781452066,4,96
scale-free,100,15,83,45.0,31.0,10.0,10.0,13.0,31.0,31.0,35.66195764533884,0.053207964781452066,4,96
scale-free,100,15,84,45.0,31.0,10.0,10.0,1.0,31.0,31.0,35.66195764533884,0.053207964781452066,4,96
scale-free,100,15,85,45.0,31.0,10.0,10.0,58.0,31.0,31.0,35.66195764533884,0.053207964781452066,4,96
scale-free,100,15,86,45.0,31.0,10.0,10.0,13.0,31.0,31.0,35.66195764533884,0.053207964781452066,4,96
scale-free,100,15,87,45.0,16.0,10.0,10.0,81.0,16.0,23.0,35.66195764533884,0.053207964781452066,4,96
scale-free,100,15,88,45.0,31.0,10.0,10.0,58.0,31.0,31.0,35.66195764533884,0.053207964781452066,4,96
scale-free,100,15,89,45.0,31.0,10.0,10.0,58.0,31.0,31.0,35.66195764533884,0.053207964781452066,4,96
scale-free,100,15,90,45.0,31.0,10.0,10.0,1.0,31.0,31.0,35.66195764533884,0.053207964781452066,4,96
scale-free,100,15,91,45.0,31.0,10.0,10.0,51.0,31.0,31.0,35.66195764533884,0.053207964781452066,4,96
scale-free,100,15,92,45.0,31.0,10.0,10.0,13.0,31.0,31.0,35.66195764533884,0.053207964781452066,4,96
scale-free,100,15,93,45.0,31.0,10.0,10.0,13.0,31.0,31.0,35.66195764533884,0.053207964781452066,4,96
scale-free,100,15,94,45.0,31.0,10.0,10.0,58.0,31.0,31.0,35.66195764533884,0.053207964781452066,4,96
scale-free,100,15,95,45.0,31.0,10.0,10.0,1.0,31.0,31.0,35.66195764533884,0.053207964781452066,4,96
scale-free,100,15,96,45.0,14.0,10.0,10.0,81.0,14.0,18.0,35.66195764533884,0.053207964781452066,4,96
scale-free,100,15,97,45.0,22.0,10.0,10.0,81.0,22.0,29.0,35.66195764533884,0.053207964781452066,4,96
scale-free,100,15,98,45.0,31.0,10.0,10.0,58.0,31.0,31.0,35.66195764533884,0.053207964781452066,4,96
scale-free,100,15,99,45.0,22.0,10.0,10.0,81.0,22.0,29.0,35.66195764533884,0.053207964781452066,4,96
scale-free,100,16,0,3.0,5.0,2.0,2.0,61.0,5.0,5.0,33.04228769998118,0.10562811365669939,5,88
scale-free,100,16,1,2.0,2.0,5.0,5.0,61.0,2.0,3.0,33.04228769998118,0.10562811365669939,5,88
scale-free,100,16,2,1.0,1.0,1.0,1.0,61.0,1.0,1.0,33.04228769998118,0.10562811365669939,5,88
scale-free,100,16,3,47.0,34.0,17.0,17.0,13.0,34.0,34.0,33.04228769998118,0.10562811365669939,5,88
scale-free,100,16,4,5.0,17.0,6.0,6.0,61.0,18.0,17.0,33.04228769998118,0.10562811365669939,5,88
scale-free,100,16,5,16.0,21.0,16.0,16.0,61.0,21.0,31.0,33.04228769998118,0.10562811365669939,5,88
scale-free,100,16,6,4.0,3.0,17.0,17.0,87.0,3.0,2.0,33.04228769998118,0.10562811365669939,5,88
scale-free,100,16,7,6.0,8.0,7.0,7.0,61.0,6.0,7.0,33.04228769998118,0.10562811365669939,5,88
scale-free,100,16,8,10.0,13.0,17.0,17.0,61.0,14.0,24.0,33.04228769998118,0.10562811365669939,5,88
scale-free,100,16,9,22.0,12.0,17.0,17.0,61.0,12.0,22.0,33.04228769998118,0.10562811365669939,5,88
scale-free,100,16,10,33.0,24.0,17.0,17.0,13.0,24.0,30.0,33.04228769998118,0.10562811365669939,5,88
scale-free,100,16,11,9.0,34.0,17.0,17.0,13.0,34.0,34.0,33.04228769998118,0.10562811365669939,5,88
scale-free,100,16,12,14.0,15.0,4.0,4.0,61.0,15.0,9.0,33.04228769998118,0.10562811365669939,5,88
scale-free,100,16,13,16.0,22.0,9.0,9.0,13.0,22.0,12.0,33.04228769998118,0.10562811365669939,5,88
scale-free,100,16,14,6.0,4.0,8.0,8.0,61.0,4.0,4.0,33.04228769998118,0.10562811365669939,5,88
scale-free,100,16,15,47.0,34.0,17.0,17.0,13.0,34.0,34.0,33.04228769998118,0.10562811365669939,5,88
scale-free,100,16,16,22.0,24.0,14.0,14.0,13.0,24.0,26.0,33.04228769998118,0.10562811365669939,5,88
scale-free,100,16,17,47.0,34.0,17.0,17.0,13.0,34.0,34.0,33.04228769998118,0.10562811365669939,5,88
scale-free,100,16,18,11.0,9.0,3.0,3.0,61.0,9.0,10.0,33.04228769998118,0.10562811365669939,5,88
scale-free,100,16,19,33.0,34.0,17.0,17.0,13.0,34.0,34.0,33.04228769998118,0.10562811365669939,5,88
scale-free,100,16,20,47.0,34.0,17.0,17.0,13.0,34.0,34.0,33.04228769998118,0.10562811365669939,5,88
scale-free,100,16,21,47.0,34.0,17.0,17.0,13.0,34.0,34.0,33.04228769998118,0.10562811365669939,5,88
scale-free,100,16,22,16.0,34.0,17.0,17.0,1.0,34.0,34.0,33.04228769998118,0.10562811365669939,5,88
scale-free,100,16,23,47.0,34.0,17.0,17.0,13.0,34.0,34.0,33.04228769998118,0.10562811365669939,5,88
scale-free,100,16,24,11.0,7.0,13.0,13.0,61.0,8.0,8.0,33.04228769998118,0.10562811365669939,5,88
scale-free,100,16,25,29.0,34.0,17.0,17.0,5.0,34.0,34.0,33.04228769998118,0.10562811365669939,5,88
scale-free,100,16,26,47.0,34.0,17.0,17.0,13.0,34.0,34.0,33.04228769998118,0.10562811365669939,5,88
scale-free,100,16,27,14.0,34.0,17.0,17.0,13.0,34.0,34.0,33.04228769998118,0.10562811365669939,5,88
scale-free,100,16,28,22.0,34.0,17.0,17.0,2.0,34.0,34.0,33.04228769998118,0.10562811365669939,5,88
scale-free,100,16,29,29.0,34.0,17.0,17.0,13.0,34.0,34.0,33.04228769998118,0.10562811365669939,5,88
scale-free,100,16,30,22.0,6.0,10.0,10.0,61.0,7.0,6.0,33.04228769998118,0.10562811365669939,5,88
scale-free,100,16,31,47.0,24.0,17.0,17.0,87.0,24.0,23.0,33.04228769998118,0.10562811365669939,5,88
scale-free,100,16,32,47.0,34.0,17.0,17.0,13.0,34.0,34.0,33.04228769998118,0.10562811365669939,5,88
scale-free,100,16,33,47.0,34.0,17.0,17.0,13.0,34.0,34.0,33.04228769998118,0.10562811365669939,5,88
scale-free,100,16,34,16.0,14.0,17.0,17.0,87.0,10.0,11.0,33.04228769998118,0.10562811365669939,5,88
scale-free,100,16,35,11.0,34.0,17.0,17.0,2.0,34.0,34.0,33.04228769998118,0.10562811365669939,5,88
scale-free,100,16,36,33.0,34.0,17.0,17.0,13.0,34.0,34.0,33.04228769998118,0.10562811365669939,5,88
scale-free,100,16,37,8.0,34.0,17.0,17.0,5.0,34.0,34.0,33.04228769998118,0.10562811365669939,5,88
scale-free,100,16,38,33.0,16.0,17.0,17.0,87.0,16.0,15.0,33.04228769998118,0.10562811365669939,5,88
scale-free,100,16,39,47.0,34.0,17.0,17.0,13.0,34.0,34.0,33.04228769998118,0.10562811365669939,5,88
scale-free,100,16,40,16.0,34.0,17.0,17.0,13.0,34.0,34.0,33.04228769998118,0.10562811365669939,5,88
scale-free,100,16,41,47.0,34.0,17.0,17.0,75.0,34.0,34.0,33.04228769998118,0.10562811365669939,5,88
scale-free,100,16,42,47.0,34.0,17.0,17.0,13.0,34.0,34.0,33.04228769998118,0.10562811365669939,5,88
scale-free,100,16,43,22.0,34.0,17.0,17.0,13.0,34.0,34.0,33.04228769998118,0.10562811365669939,5,88
scale-free,100,16,44,47.0,34.0,17.0,17.0,13.0,34.0,34.0,33.04228769998118,0.10562811365669939,5,88
scale-free,100,16,45,47.0,19.0,17.0,17.0,87.0,19.0,31.0,33.04228769998118,0.10562811365669939,5,88
scale-free,100,16,46,47.0,34.0,17.0,17.0,13.0,34.0,34.0,33.04228769998118,0.10562811365669939,5,88
scale-free,100,16,47,33.0,34.0,17.0,17.0,5.0,34.0,34.0,33.04228769998118,0.10562811365669939,5,88
scale-free,100,16,48,47.0,34.0,17.0,17.0,75.0,34.0,34.0,33.04228769998118,0.10562811365669939,5,88
scale-free,100,16,49,47.0,34.0,17.0,17.0,13.0,34.0,34.0,33.04228769998118,0.10562811365669939,5,88
scale-free,100,16,50,47.0,34.0,17.0,17.0,75.0,34.0,34.0,33.04228769998118,0.10562811365669939,5,88
scale-free,100,16,51,29.0,34.0,17.0,17.0,13.0,34.0,34.0,33.04228769998118,0.10562811365669939,5,88
scale-free,100,16,52,47.0,24.0,17.0,17.0,87.0,24.0,29.0,33.04228769998118,0.10562811365669939,5,88
scale-free,100,16,53,47.0,34.0,17.0,17.0,13.0,34.0,34.0,33.04228769998118,0.10562811365669939,5,88
scale-free,100,16,54,33.0,24.0,15.0,15.0,13.0,24.0,26.0,33.04228769998118,0.10562811365669939,5,88
scale-free,100,16,55,47.0,19.0,17.0,17.0,87.0,19.0,31.0,33.04228769998118,0.10562811365669939,5,88
scale-free,100,16,56,33.0,10.0,17.0,17.0,87.0,11.0,16.0,33.04228769998118,0.10562811365669939,5,88
scale-free,100,16,57,33.0,34.0,17.0,17.0,74.0,34.0,34.0,33.04228769998118,0.10562811365669939,5,88
scale-free,100,16,58,33.0,24.0,11.0,11.0,5.0,24.0,18.0,33.04228769998118,0.10562811365669939,5,88
scale-free,100,16,59,16.0,18.0,17.0,17.0,87.0,17.0,13.0,33.04228769998118,0.10562811365669939,5,88
scale-free,100,16,60,47.0,34.0,17.0,17.0,13.0,34.0,34.0,33.04228769998118,0.10562811365669939,5,88
scale-free,100,16,61,22.0,34.0,17.0,17.0,13.0,34.0,34.0,33.04228769998118,0.10562811365669939,5,88
scale-free,100,16,62,47.0,34.0,17.0,17.0,75.0,34.0,34.0,33.04228769998118,0.10562811365669939,5,88
scale-free,100,16,63,47.0,34.0,17.0,17.0,13.0,34.0,34.0,33.04228769998118,0.10562811365669939,5,88
scale-free,100,16,64,47.0,34.0,17.0,17.0,13.0,34.0,34.0,33.04228769998118,0.10562811365669939,5,88
scale-free,100,16,65,22.0,34.0,17.0,17.0,13.0,34.0,34.0,33.04228769998118,0.10562811365669939,5,88
scale-free,100,16,66,47.0,34.0,17.0,17.0,13.0,34.0,34.0,33.04228769998118,0.10562811365669939,5,88
scale-free,100,16,67,47.0,34.0,17.0,17.0,75.0,34.0,34.0,33.04228769998118,0.10562811365669939,5,88
scale-free,100,16,68,47.0,34.0,17.0,17.0,13.0,34.0,34.0,33.04228769998118,0.10562811365669939,5,88
scale-free,100,16,69,47.0,34.0,17.0,17.0,13.0,34.0,34.0,33.04228769998118,0.10562811365669939,5,88
scale-free,100,16,70,47.0,34.0,17.0,17.0,75.0,34.0,34.0,33.04228769998118,0.10562811365669939,5,88
scale-free,100,16,71,33.0,34.0,17.0,17.0,5.0,34.0,34.0,33.04228769998118,0.10562811365669939,5,88
scale-free,100,16,72,47.0,34.0,17.0,17.0,75.0,34.0,34.0,33.04228769998118,0.10562811365669939,5,88
scale-free,100,16,73,47.0,34.0,17.0,17.0,13.0,34.0,34.0,33.04228769998118,0.10562811365669939,5,88
scale-free,100,16,74,47.0,34.0,17.0,17.0,13.0,34.0,34.0,33.04228769998118,0.10562811365669939,5,88
scale-free,100,16,75,47.0,34.0,17.0,17.0,13.0,34.0,34.0,33.04228769998118,0.10562811365669939,5,88
scale-free,100,16,76,33.0,34.0,17.0,17.0,13.0,34.0,34.0,33.04228769998118,0.10562811365669939,5,88
scale-free,100,16,77,29.0,23.0,17.0,17.0,87.0,23.0,14.0,33.04228769998118,0.10562811365669939,5,88
scale-free,100,16,78,47.0,34.0,17.0,17.0,2.0,34.0,34.0,33.04228769998118,0.10562811365669939,5,88
scale-free,100,16,79,33.0,34.0,17.0,17.0,5.0,34.0,34.0,33.04228769998118,0.10562811365669939,5,88
scale-free,100,16,80,47.0,34.0,17.0,17.0,13.0,34.0,34.0,33.04228769998118,0.10562811365669939,5,88
scale-free,100,16,81,47.0,34.0,17.0,17.0,75.0,34.0,34.0,33.04228769998118,0.10562811365669939,5,88
scale-free,100,16,82,47.0,34.0,17.0,17.0,75.0,34.0,34.0,33.04228769998118,0.10562811365669939,5,88
scale-free,100,16,83,33.0,24.0,12.0,12.0,13.0,24.0,18.0,33.04228769998118,0.10562811365669939,5,88
scale-free,100,16,84,33.0,34.0,17.0,17.0,5.0,34.0,34.0,33.04228769998118,0.10562811365669939,5,88
scale-free,100,16,85,47.0,34.0,17.0,17.0,13.0,34.0,34.0,33.04228769998118,0.10562811365669939,5,88
scale-free,100,16,86,47.0,34.0,17.0,17.0,75.0,34.0,34.0,33.04228769998118,0.10562811365669939,5,88
scale-free,100,16,87,47.0,11.0,17.0,17.0,87.0,13.0,24.0,33.04228769998118,0.10562811365669939,5,88
scale-free,100,16,88,47.0,34.0,17.0,17.0,13.0,34.0,34.0,33.04228769998118,0.10562811365669939,5,88
scale-free,100,16,89,47.0,34.0,17.0,17.0,13.0,34.0,34.0,33.04228769998118,0.10562811365669939,5,88
scale-free,100,16,90,47.0,34.0,17.0,17.0,13.0,34.0,34.0,33.04228769998118,0.10562811365669939,5,88
scale-free,100,16,91,47.0,34.0,17.0,17.0,5.0,34.0,34.0,33.04228769998118,0.10562811365669939,5,88
scale-free,100,16,92,47.0,34.0,17.0,17.0,75.0,34.0,34.0,33.04228769998118,0.10562811365669939,5,88
scale-free,100,16,93,47.0,34.0,17.0,17.0,13.0,34.0,34.0,33.04228769998118,0.10562811365669939,5,88
scale-free,100,16,94,47.0,24.0,17.0,17.0,87.0,24.0,20.0,33.04228769998118,0.10562811365669939,5,88
scale-free,100,16,95,47.0,24.0,17.0,17.0,87.0,24.0,20.0,33.04228769998118,0.10562811365669939,5,88
scale-free,100,16,96,47.0,34.0,17.0,17.0,75.0,34.0,34.0,33.04228769998118,0.10562811365669939,5,88
scale-free,100,16,97,47.0,34.0,17.0,17.0,13.0,34.0,34.0,33.04228769998118,0.10562811365669939,5,88
scale-free,100,16,98,47.0,24.0,17.0,17.0,87.0,24.0,26.0,33.04228769998118,0.10562811365669939,5,88
scale-free,100,16,99,47.0,34.0,17.0,17.0,13.0,34.0,34.0,33.04228769998118,0.10562811365669939,5,88
