scale-free,100,17,0,2.0,2.0,2.0,2.0,72.0,2.0,2.0,27.69603431372549,0.11426413654983382,4,90
scale-free,100,17,1,1.0,1.0,1.0,1.0,72.0,1.0,1.0,27.69603431372549,0.11426413654983382,4,90
scale-free,100,17,2,3.0,5.0,3.0,3.0,72.0,6.0,5.0,27.69603431372549,0.11426413654983382,4,90
scale-free,100,17,3,11.0,20.0,11.0,11.0,7.0,20.0,20.0,27.69603431372549,0.11426413654983382,4,90
scale-free,100,17,4,16.0,20.0,11.0,11.0,7.0,20.0,20.0,27.69603431372549,0.11426413654983382,4,90
scale-free,100,17,5,16.0,20.0,11.0,11.0,7.0,20.0,20.0,27.69603431372549,0.11426413654983382,4,90
scale-free,100,17,6,7.0,20.0,11.0,11.0,1.0,20.0,20.0,27.69603431372549,0.11426413654983382,4,90
scale-free,100,17,7,5.0,7.0,10.0,10.0,72.0,7.0,8.0,27.69603431372549,0.11426413654983382,4,90
scale-free,100,17,8,41.0,20.0,11.0,11.0,7.0,20.0,20.0,27.69603431372549,0.11426413654983382,4,90
scale-free,100,17,9,4.0,3.0,11.0,11.0,94.0,3.0,3.0,27.69603431372549,0.11426413654983382,4,90
scale-free,100,17,10,5.0,6.0,8.0,8.0,72.0,5.0,6.0,27.69603431372549,0.11426413654983382,4,90
scale-free,100,17,11,28.0,20.0,11.0,11.0,7.0,20.0,20.0,27.69603431372549,0.11426413654983382,4,90
scale-free,100,17,12,9.0,13.0,7.0,7.0,72.0,14.0,14.0,27.69603431372549,0.11426413654983382,4,90
scale-free,100,17,13,16.0,20.0,11.0,11.0,7.0,20.0,20.0,27.69603431372549,0.11426413654983382,4,90
scale-free,100,17,14,8.0,7.0,6.0,6.0,72.0,8.0,7.0,27.69603431372549,0.11426413654983382,4,90
scale-free,100,17,15,41.0,20.0,11.0,11.0,7.0,20.0,20.0,27.69603431372549,0.11426413654983382,4,90
scale-free,100,17,16,28.0,20.0,11.0,11.0,1.0,20.0,20.0,27.69603431372549,0.11426413654983382,4,90
scale-free,100,17,17,41.0,20.0,11.0,11.0,7.0,20.0,20.0,27.69603431372549,0.11426413654983382,4,90
scale-free,100,17,18,41.0,17.0,11.0,11.0,94.0,17.0,15.0,27.69603431372549,0.11426413654983382,4,90
scale-free,100,17,19,41.0,20.0,11.0,11.0,7.0,20.0,20.0,27.69603431372549,0.11426413654983382,4,90
scale-free,100,17,20,16.0,20.0,11.0,11.0,7.0,20.0,20.0,27.69603431372549,0.11426413654983382,4,90
scale-free,100,17,21,16.0,20.0,11.0,11.0,7.0,20.0,20.0,27.69603431372549,0.11426413654983382,4,90
scale-free,100,17,22,28.0,15.0,11.0,11.0,72.0,15.0,18.0,27.69603431372549,0.11426413654983382,4,90
scale-free,100,17,23,12.0,20.0,11.0,11.0,7.0,20.0,20.0,27.69603431372549,0.11426413654983382,4,90
scale-free,100,17,24,16.0,20.0,11.0,11.0,7.0,20.0,20.0,27.69603431372549,0.11426413654983382,4,90
scale-free,100,17,25,41.0,20.0,11.0,11.0,7.0,20.0,20.0,27.69603431372549,0.11426413654983382,4,90
scale-free,100,17,26,9.0,14.0,11.0,11.0,94.0,13.0,9.0,27.69603431372549,0.11426413654983382,4,90
scale-free,100,17,27,41.0,20.0,11.0,11.0,7.0,20.0,20.0,27.69603431372549,0.11426413654983382,4,90
scale-free,100,17,28,28.0,20.0,11.0,11.0,7.0,20.0,20.0,27.69603431372549,0.11426413654983382,4,90
scale-free,100,17,29,41.0,20.0,11.0,11.0,7.0,20.0,20.0,27.69603431372549,0.11426413654983382,4,90
scale-free,100,17,30,41.0,20.0,11.0,11.0,7.0,20.0,20.0,27.69603431372549,0.11426413654983382,4,90
scale-free,100,17,31,41.0,20.0,11.0,11.0,7.0,20.0,20.0,27.69603431372549,0.11426413654983382,4,90
scale-free,100,17,32,16.0,20.0,11.0,11.0,1.0,20.0,20.0,27.69603431372549,0.11426413654983382,4,90
scale-free,100,17,33,12.0,4.0,11.0,11.0,94.0,4.0,4.0,27.69603431372549,0.11426413654983382,4,90
scale-free,100,17,34,28.0,20.0,11.0,11.0,7.0,20.0,20.0,27.69603431372549,0.11426413654983382,4,90
scale-free,100,17,35,16.0,12.0,5.0,5.0,72.0,12.0,11.0,27.69603431372549,0.11426413654983382,4,90
scale-free,100,17,36,16.0,20.0,11.0,11.0,7.0,20.0,20.0,27.69603431372549,0.11426413654983382,4,90
scale-free,100,17,37,28.0,20.0,11.0,11.0,7.0,20.0,20.0,27.69603431372549,0.11426413654983382,4,90
scale-free,100,17,38,41.0,20.0,11.0,11.0,7.0,20.0,20.0,27.69603431372549,0.11426413654983382,4,90
scale-free,100,17,39,41.0,20.0,11.0,11.0,7.0,20.0,20.0,27.69603431372549,0.11426413654983382,4,90
scale-free,100,17,40,28.0,20.0,11.0,11.0,7.0,20.0,20.0,27.69603431372549,0.11426413654983382,4,90
scale-free,100,17,41,41.0,17.0,11.0,11.0,94.0,17.0,19.0,27.69603431372549,0.11426413654983382,4,90
scale-free,100,17,42,41.0,20.0,11.0,11.0,7.0,20.0,20.0,27.69603431372549,0.11426413654983382,4,90
scale-free,100,17,43,41.0,20.0,11.0,11.0,83.0,20.0,20.0,27.69603431372549,0.11426413654983382,4,90
scale-free,100,17,44,14.0,20.0,11.0,11.0,7.0,20.0,20.0,27.69603431372549,0.11426413654983382,4,90
scale-free,100,17,45,41.0,20.0,11.0,11.0,83.0,20.0,20.0,27.69603431372549,0.11426413654983382,4,90
scale-free,100,17,46,28.0,11.0,11.0,11.0,72.0,11.0,12.0,27.69603431372549,0.11426413654983382,4,90
scale-free,100,17,47,28.0,20.0,11.0,11.0,7.0,20.0,20.0,27.69603431372549,0.11426413654983382,4,90
scale-free,100,17,48,41.0,20.0,11.0,11.0,7.0,20.0,20.0,27.69603431372549,0.11426413654983382,4,90
scale-free,100,17,49,41.0,20.0,11.0,11.0,7.0,20.0,20.0,27.69603431372549,0.11426413654983382,4,90
scale-free,100,17,50,41.0,20.0,11.0,11.0,7.0,20.0,20.0,27.69603431372549,0.11426413654983382,4,90
scale-free,100,17,51,41.0,20.0,11.0,11.0,7.0,20.0,20.0,27.69603431372549,0.11426413654983382,4,90
scale-free,100,17,52,28.0,20.0,11.0,11.0,7.0,20.0,20.0,27.69603431372549,0.11426413654983382,4,90
scale-free,100,17,53,16.0,9.0,4.0,4.0,72.0,9.0,13.0,27.69603431372549,0.11426413654983382,4,90
scale-free,100,17,54,41.0,20.0,11.0,11.0,7.0,20.0,20.0,27.69603431372549,0.11426413654983382,4,90
scale-free,100,17,55,41.0,20.0,11.0,11.0,83.0,20.0,20.0,27.69603431372549,0.11426413654983382,4,90
scale-free,100,17,56,16.0,20.0,11.0,11.0,7.0,20.0,20.0,27.69603431372549,0.11426413654983382,4,90
scale-free,100,17,57,41.0,20.0,11.0,11.0,7.0,20.0,20.0,27.69603431372549,0.11426413654983382,4,90
scale-free,100,17,58,28.0,20.0,11.0,11.0,7.0,20.0,20.0,27.69603431372549,0.11426413654983382,4,90
scale-free,100,17,59,14.0,16.0,9.0,9.0,7.0,16.0,10.0,27.69603431372549,0.11426413654983382,4,90
scale-free,100,17,60,41.0,20.0,11.0,11.0,7.0,20.0,20.0,27.69603431372549,0.11426413654983382,4,90
scale-free,100,17,61,41.0,20.0,11.0,11.0,7.0,20.0,20.0,27.69603431372549,0.11426413654983382,4,90
scale-free,100,17,62,28.0,20.0,11.0,11.0,7.0,20.0,20.0,27.69603431372549,0.11426413654983382,4,90
scale-free,100,17,63,41.0,20.0,11.0,11.0,7.0,20.0,20.0,27.69603431372549,0.11426413654983382,4,90
scale-free,100,17,64,41.0,20.0,11.0,11.0,7.0,20.0,20.0,27.69603431372549,0.11426413654983382,4,90
scale-free,100,17,65,41.0,20.0,11.0,11.0,7.0,20.0,20.0,27.69603431372549,0.11426413654983382,4,90
scale-free,100,17,66,41.0,20.0,11.0,11.0,7.0,20.0,20.0,27.69603431372549,0.11426413654983382,4,90
scale-free,100,17,67,41.0,20.0,11.0,11.0,1.0,20.0,20.0,27.69603431372549,0.11426413654983382,4,90
scale-free,100,17,68,41.0,20.0,11.0,11.0,83.0,20.0,20.0,27.69603431372549,0.11426413654983382,4,90
scale-free,100,17,69,41.0,17.0,11.0,11.0,94.0,17.0,17.0,27.69603431372549,0.11426413654983382,4,90
scale-free,100,17,70,41.0,20.0,11.0,11.0,83.0,20.0,20.0,27.69603431372549,0.11426413654983382,4,90
scale-free,100,17,71,41.0,10.0,11.0,11.0,94.0,10.0,16.0,27.69603431372549,0.11426413654983382,4,90
scale-free,100,17,72,41.0,20.0,11.0,11.0,7.0,20.0,20.0,27.69603431372549,0.11426413654983382,4,90
scale-free,100,17,73,28.0,20.0,11.0,11.0,1.0,20.0,20.0,27.69603431372549,0.11426413654983382,4,90
scale-free,100,17,74,41.0,20.0,11.0,11.0,83.0,20.0,20.0,27.69603431372549,0.11426413654983382,4,90
scale-free,100,17,75,16.0,20.0,11.0,11.0,7.0,20.0,20.0,27.69603431372549,0.11426413654983382,4,90
scale-free,100,17,76,41.0,20.0,11.0,11.0,7.0,20.0,20.0,27.69603431372549,0.11426413654983382,4,90
scale-free,100,17,77,41.0,20.0,11.0,11.0,7.0,20.0,20.0,27.69603431372549,0.11426413654983382,4,90
scale-free,100,17,78,41.0,20.0,11.0,11.0,7.0,20.0,20.0,27.69603431372549,0.11426413654983382,4,90
scale-free,100,17,79,41.0,20.0,11.0,11.0,7.0,20.0,20.0,27.69603431372549,0.11426413654983382,4,90
scale-free,100,17,80,41.0,20.0,11.0,11.0,1.0,20.0,20.0,27.69603431372549,0.11426413654983382,4,90
scale-free,100,17,81,41.0,20.0,11.0,11.0,7.0,20.0,20.0,27.69603431372549,0.11426413654983382,4,90
scale-free,100,17,82,41.0,20.0,11.0,11.0,83.0,20.0,20.0,27.69603431372549,0.11426413654983382,4,90
scale-free,100,17,83,41.0,20.0,11.0,11.0,7.0,20.0,20.0,27.69603431372549,0.11426413654983382,4,90
scale-free,100,17,84,41.0,20.0,11.0,11.0,7.0,20.0,20.0,27.69603431372549,0.11426413654983382,4,90
scale-free,100,17,85,41.0,20.0,11.0,11.0,7.0,20.0,20.0,27.69603431372549,0.11426413654983382,4,90
scale-free,100,17,86,41.0,20.0,11.0,11.0,7.0,20.0,20.0,27.69603431372549,0.11426413654983382,4,90
scale-free,100,17,87,41.0,20.0,11.0,11.0,83.0,20.0,20.0,27.69603431372549,0.11426413654983382,4,90
scale-free,100,17,88,41.0,20.0,11.0,11.0,7.0,20.0,20.0,27.69603431372549,0.11426413654983382,4,90
scale-free,100,17,89,41.0,20.0,11.0,11.0,83.0,20.0,20.0,27.69603431372549,0.11426413654983382,4,90
scale-free,100,17,90,41.0,20.0,11.0,11.0,7.0,20.0,20.0,27.69603431372549,0.11426413654983382,4,90
scale-free,100,17,91,41.0,20.0,11.0,11.0,7.0,20.0,20.0,27.69603431372549,0.11426413654983382,4,90
scale-free,100,17,92,41.0,20.0,11.0,11.0,7.0,20.0,20.0,27.69603431372549,0.11426413654983382,4,90
scale-free,100,17,93,41.0,20.0,11.0,11.0,7.0,20.0,20.0,27.69603431372549,0.11426413654983382,4,90
scale-free,100,17,94,41.0,20.0,11.0,11.0,7.0,20.0,20.0,27.69603431372549,0.11426413654983382,4,90
scale-free,100,17,95,41.0,20.0,11.0,11.0,7.0,20.0,20.0,27.69603431372549,0.11426413654983382,4,90
scale-free,100,17,96,41.0,20.0,11.0,11.0,7.0,20.0,20.0,27.69603431372549,0.11426413654983382,4,90
scale-free,100,17,97,41.0,20.0,11.0,11.0,7.0,20.0,20.0,27.69603431372549,0.11426413654983382,4,90
scale-free,100,17,98,41.0,20.0,11.0,11.0,83.0,20.0,20.0,27.69603431372549,0.11426413654983382,4,90
scale-free,100,17,99,41.0,20.0,11.0,11.0,83.0,20.0,20.0,27.69603431372549,0.11426413654983382,4,90
scale-free,100,18,0,1.0,3.0,1.0,1.0,65.0,2.0,3.0,30.309265703785154,0.053179910216935064,4,95
scale-free,100,18,1,2.0,1.0,3.0,3.0,65.0,1.0,1.0,30.309265703785154,0.053179910216935064,4,95
scale-free,100,18,2,3.0,2.0,2.0,2.0,65.0,3.0,2.0,30.309265703785154,0.053179910216935064,4,95
scale-free,100,18,3,9.0,18.0,5.0,5.0,65.0,18.0,17.0,30.309265703785154,0.053179910216935064,4,95
scale-free,100,18,4,4.0,4.0,20.0,20.0,87.0,4.0,4.0,30.309265703785154,0.053179910216935064,4,95
scale-free,100,18,5,6.0,6.0,20.0,20.0,87.0,5.0,5.0,30.309265703785154,0.053179910216935064,4,95
scale-free,100,18,6,30.0,34.0,20.0,20.0,19.0,34.0,34.0,30.309265703785154,0.053179910216935064,4,95
scale-free,100,18,7,7.0,15.0,4.0,4.0,65.0,10.0,13.0,30.309265703785154,0.053179910216935064,4,95
scale-free,100,18,8,30.0,34.0,20.0,20.0,19.0,34.0,34.0,30.309265703785154,0.053179910216935064,4,95
scale-free,100,18,9,30.0,25.0,13.0,13.0,19.0,25.0,29.0,30.309265703785154,0.053179910216935064,4,95
scale-free,100,18,10,30.0,34.0,20.0,20.0,19.0,34.0,34.0,30.309265703785154,0.053179910216935064,4,95
scale-free,100,18,11,9.0,34.0,20.0,20.0,7.0,34.0,34.0,30.309265703785154,0.053179910216935064,4,95
scale-free,100,18,12,18.0,34.0,20.0,20.0,19.0,34.0,34.0,30.309265703785154,0.053179910216935064,4,95
scale-free,100,18,13,18.0,25.0,17.0,17.0,72.0,25.0,20.0,30.309265703785154,0.053179910216935064,4,95
scale-free,100,18,14,7.0,20.0,6.0,6.0,19.0,20.0,7.0,30.309265703785154,0.053179910216935064,4,95
scale-free,100,18,15,18.0,13.0,14.0,14.0,77.0,11.0,18.0,30.309265703785154,0.053179910216935064,4,95
scale-free,100,18,16,50.0,34.0,20.0,20.0,19.0,34.0,34.0,30.309265703785154,0.053179910216935064,4,95
scale-free,100,18,17,50.0,34.0,20.0,20.0,19.0,34.0,34.0,30.309265703785154,0.053179910216935064,4,95
scale-free,100,18,18,15.0,34.0,20.0,20.0,19.0,34.0,34.0,30.309265703785154,0.053179910216935064,4,95
scale-free,100,18,19,30.0,12.0,20.0,20.0,87.0,15.0,11.0,30.309265703785154,0.053179910216935064,4,95
scale-free,100,18,20,15.0,7.0,20.0,20.0,87.0,8.0,15.0,30.309265703785154,0.053179910216935064,4,95
scale-free,100,18,21,18.0,34.0,20.0,20.0,7.0,34.0,34.0,30.309265703785154,0.053179910216935064,4,95
scale-free,100,18,22,9.0,21.0,8.0,8.0,4.0,21.0,19.0,30.309265703785154,0.053179910216935064,4,95
scale-free,100,18,23,5.0,25.0,16.0,16.0,4.0,25.0,32.0,30.309265703785154,0.053179910216935064,4,95
scale-free,100,18,24,13.0,9.0,20.0,20.0,87.0,7.0,16.0,30.309265703785154,0.053179910216935064,4,95
scale-free,100,18,25,30.0,34.0,20.0,20.0,72.0,34.0,34.0,30.309265703785154,0.053179910216935064,4,95
scale-free,100,18,26,30.0,34.0,20.0,20.0,7.0,34.0,34.0,30.309265703785154,0.053179910216935064,4,95
scale-free,100,18,27,30.0,34.0,20.0,20.0,19.0,34.0,34.0,30.309265703785154,0.053179910216935064,4,95
scale-free,100,18,28,18.0,10.0,20.0,20.0,87.0,13.0,9.0,30.309265703785154,0.053179910216935064,4,95
scale-free,100,18,29,18.0,21.0,9.0,9.0,19.0,21.0,27.0,30.309265703785154,0.053179910216935064,4,95
scale-free,100,18,30,18.0,5.0,20.0,20.0,87.0,6.0,6.0,30.309265703785154,0.053179910216935064,4,95
scale-free,100,18,31,30.0,17.0,20.0,20.0,87.0,17.0,10.0,30.309265703785154,0.053179910216935064,4,95
scale-free,100,18,32,50.0,34.0,20.0,20.0,19.0,34.0,34.0,30.309265703785154,0.053179910216935064,4,95
scale-free,100,18,33,50.0,34.0,20.0,20.0,19.0,34.0,34.0,30.309265703785154,0.053179910216935064,4,95
scale-free,100,18,34,50.0,34.0,20.0,20.0,19.0,34.0,34.0,30.309265703785154,0.053179910216935064,4,95
scale-free,100,18,35,13.0,11.0,7.0,7.0,77.0,9.0,14.0,30.309265703785154,0.053179910216935064,4,95
scale-free,100,18,36,9.0,25.0,10.0,10.0,19.0,25.0,20.0,30.309265703785154,0.053179910216935064,4,95
scale-free,100,18,37,30.0,34.0,20.0,20.0,19.0,34.0,34.0,30.309265703785154,0.053179910216935064,4,95
scale-free,100,18,38,18.0,34.0,20.0,20.0,19.0,34.0,34.0,30.309265703785154,0.053179910216935064,4,95
scale-free,100,18,39,18.0,25.0,18.0,18.0,7.0,25.0,29.0,30.309265703785154,0.053179910216935064,4,95
scale-free,100,18,40,50.0,34.0,20.0,20.0,1.0,34.0,34.0,30.309265703785154,0.053179910216935064,4,95
scale-free,100,18,41,30.0,25.0,10.0,10.0,19.0,25.0,20.0,30.309265703785154,0.053179910216935064,4,95
scale-free,100,18,42,30.0,25.0,18.0,18.0,77.0,25.0,20.0,30.309265703785154,0.053179910216935064,4,95
scale-free,100,18,43,30.0,34.0,20.0,20.0,7.0,34.0,34.0,30.309265703785154,0.053179910216935064,4,95
scale-free,100,18,44,50.0,34.0,20.0,20.0,72.0,34.0,34.0,30.309265703785154,0.053179910216935064,4,95
scale-free,100,18,45,50.0,34.0,20.0,20.0,72.0,34.0,34.0,30.309265703785154,0.053179910216935064,4,95
scale-free,100,18,46,30.0,34.0,20.0,20.0,1.0,34.0,34.0,30.309265703785154,0.053179910216935064,4,95
scale-free,100,18,47,50.0,34.0,20.0,20.0,19.0,34.0,34.0,30.309265703785154,0.053179910216935064,4,95
scale-free,100,18,48,30.0,25.0,10.0,10.0,19.0,25.0,20.0,30.309265703785154,0.053179910216935064,4,95
scale-free,100,18,49,15.0,34.0,20.0,20.0,1.0,34.0,34.0,30.309265703785154,0.053179910216935064,4,95
scale-free,100,18,50,18.0,34.0,20.0,20.0,7.0,34.0,34.0,30.309265703785154,0.053179910216935064,4,95
scale-free,100,18,51,50.0,24.0,20.0,20.0,87.0,24.0,33.0,30.309265703785154,0.053179910216935064,4,95
scale-free,100,18,52,18.0,8.0,20.0,20.0,87.0,12.0,8.0,30.309265703785154,0.053179910216935064,4,95
scale-free,100,18,53,30.0,34.0,20.0,20.0,19.0,34.0,34.0,30.309265703785154,0.053179910216935064,4,95
scale-free,100,18,54,50.0,34.0,20.0,20.0,19.0,34.0,34.0,30.309265703785154,0.053179910216935064,4,95
scale-free,100,18,55,50.0,34.0,20.0,20.0,19.0,34.0,34.0,30.309265703785154,0.053179910216935064,4,95
scale-free,100,18,56,50.0,34.0,20.0,20.0,77.0,34.0,34.0,30.309265703785154,0.053179910216935064,4,95
scale-free,100,18,57,30.0,34.0,20.0,20.0,19.0,34.0,34.0,30.309265703785154,0.053179910216935064,4,95
scale-free,100,18,58,50.0,23.0,20.0,20.0,87.0,21.0,28.0,30.309265703785154,0.053179910216935064,4,95
scale-free,100,18,59,50.0,34.0,20.0,20.0,19.0,34.0,34.0,30.309265703785154,0.053179910216935064,4,95
scale-free,100,18,60,30.0,34.0,20.0,20.0,19.0,34.0,34.0,30.309265703785154,0.053179910216935064,4,95
scale-free,100,18,61,30.0,34.0,20.0,20.0,19.0,34.0,34.0,30.309265703785154,0.053179910216935064,4,95
scale-free,100,18,62,50.0,34.0,20.0,20.0,19.0,34.0,34.0,30.309265703785154,0.053179910216935064,4,95
scale-free,100,18,63,18.0,16.0,15.0,15.0,65.0,14.0,26.0,30.309265703785154,0.053179910216935064,4,95
scale-free,100,18,64,50.0,34.0,20.0,20.0,19.0,34.0,34.0,30.309265703785154,0.053179910216935064,4,95
scale-free,100,18,65,50.0,34.0,20.0,20.0,19.0,34.0,34.0,30.309265703785154,0.053179910216935064,4,95
scale-free,100,18,66,50.0,34.0,20.0,20.0,77.0,34.0,34.0,30.309265703785154,0.053179910216935064,4,95
scale-free,100,18,67,50.0,34.0,20.0,20.0,19.0,34.0,34.0,30.309265703785154,0.053179910216935064,4,95
scale-free,100,18,68,30.0,34.0,20.0,20.0,4.0,34.0,34.0,30.309265703785154,0.053179910216935064,4,95
scale-free,100,18,69,50.0,34.0,20.0,20.0,19.0,34.0,34.0,30.309265703785154,0.053179910216935064,4,95
scale-free,100,18,70,50.0,34.0,20.0,20.0,72.0,34.0,34.0,30.309265703785154,0.053179910216935064,4,95
scale-free,100,18,71,50.0,34.0,20.0,20.0,19.0,34.0,34.0,30.309265703785154,0.053179910216935064,4,95
scale-free,100,18,72,50.0,34.0,20.0,20.0,77.0,34.0,34.0,30.309265703785154,0.053179910216935064,4,95
scale-free,100,18,73,50.0,19.0,20.0,20.0,87.0,19.0,25.0,30.309265703785154,0.053179910216935064,4,95
scale-free,100,18,74,50.0,34.0,20.0,20.0,19.0,34.0,34.0,30.309265703785154,0.053179910216935064,4,95
scale-free,100,18,75,50.0,34.0,20.0,20.0,7.0,34.0,34.0,30.309265703785154,0.053179910216935064,4,95
scale-free,100,18,76,50.0,34.0,20.0,20.0,19.0,34.0,34.0,30.309265703785154,0.053179910216935064,4,95
scale-free,100,18,77,50.0,34.0,20.0,20.0,77.0,34.0,34.0,30.309265703785154,0.053179910216935064,4,95
scale-free,100,18,78,50.0,34.0,20.0,20.0,71.0,34.0,34.0,30.309265703785154,0.053179910216935064,4,95
scale-free,100,18,79,50.0,34.0,20.0,20.0,19.0,34.0,34.0,30.309265703785154,0.053179910216935064,4,95
scale-free,100,18,80,50.0,34.0,20.0,20.0,7.0,34.0,34.0,30.309265703785154,0.053179910216935064,4,95
scale-free,100,18,81,50.0,34.0,20.0,20.0,19.0,34.0,34.0,30.309265703785154,0.053179910216935064,4,95
scale-free,100,18,82,50.0,25.0,20.0,20.0,87.0,25.0,31.0,30.309265703785154,0.053179910216935064,4,95
scale-free,100,18,83,50.0,34.0,20.0,20.0,19.0,34.0,34.0,30.309265703785154,0.053179910216935064,4,95
scale-free,100,18,84,50.0,34.0,20.0,20.0,77.0,34.0,34.0,30.309265703785154,0.053179910216935064,4,95
scale-free,100,18,85,50.0,14.0,20.0,20.0,87.0,16.0,12.0,30.309265703785154,0.053179910216935064,4,95
scale-free,100,18,86,50.0,34.0,20.0,20.0,19.0,34.0,34.0,30.309265703785154,0.053179910216935064,4,95
scale-free,100,18,87,50.0,34.0,20.0,20.0,77.0,34.0,34.0,30.309265703785154,0.053179910216935064,4,95
scale-free,100,18,88,50.0,34.0,20.0,20.0,19.0,34.0,34.0,30.309265703785154,0.053179910216935064,4,95
scale-free,100,18,89,50.0,34.0,20.0,20.0,77.0,34.0,34.0,30.309265703785154,0.053179910216935064,4,95
scale-free,100,18,90,50.0,34.0,20.0,20.0,19.0,34.0,34.0,30.309265703785154,0.053179910216935064,4,95
scale-free,100,18,91,50.0,34.0,20.0,20.0,7.0,34.0,34.0,30.309265703785154,0.053179910216935064,4,95
scale-free,100,18,92,50.0,34.0,20.0,20.0,19.0,34.0,34.0,30.309265703785154,0.053179910216935064,4,95
scale-free,100,18,93,50.0,34.0,20.0,20.0,7.0,34.0,34.0,30.309265703785154,0.053179910216935064,4,95
scale-free,100,18,94,50.0,34.0,20.0,20.0,7.0,34.0,34.0,30.309265703785154,0.053179910216935064,4,95
scale-free,100,18,95,50.0,34.0,20.0,20.0,7.0,34.0,34.0,30.309265703785154,0.053179910216935064,4,95
scale-free,100,18,96,50.0,34.0,20.0,20.0,19.0,34.0,34.0,30.309265703785154,0.053179910216935064,4,95
scale-free,100,18,97,50.0,34.0,20.0,20.0,19.0,34.0,34.0,30.309265703785154,0.053179910216935064,4,95
scale-free,100,18,98,50.0,34.0,20.0,20.0,19.0,34.0,34.0,30.309265703785154,0.053179910216935064,4,95
scale-free,100,18,99,50.0,34.0,20.0,20.0,19.0,34.0,34.0,30.309265703785154,0.053179910216935064,4,95
