small-world,100,27,0,24.0,44.0,41.0,41.0,42.0,42.0,52.0,49.5,0.0,2,1
small-world,100,27,1,24.0,29.0,40.0,40.0,30.0,30.0,64.0,49.5,0.0,2,1
small-world,100,27,2,73.0,27.0,73.0,73.0,32.0,32.0,99.0,49.5,0.0,2,1
small-world,100,27,3,73.0,46.0,73.0,73.0,58.0,58.0,91.0,49.5,0.0,2,1
small-world,100,27,4,6.0,29.0,55.0,55.0,29.0,29.0,8.0,49.5,0.0,2,1
small-world,100,27,5,24.0,12.0,49.0,49.0,11.0,11.0,60.0,49.5,0.0,2,1
small-world,100,27,6,73.0,78.0,73.0,73.0,88.0,88.0,78.0,49.5,0.0,2,1
small-world,100,27,7,24.0,97.0,61.0,61.0,92.0,92.0,27.0,49.5,0.0,2,1
small-world,100,27,8,73.0,42.0,73.0,73.0,46.0,46.0,97.0,49.5,0.0,2,1
small-world,100,27,9,73.0,24.0,73.0,73.0,37.0,37.0,98.0,49.5,0.0,2,1
small-world,100,27,10,6.0,8.0,7.0,7.0,7.0,7.0,18.0,49.5,0.0,2,1
small-world,100,27,11,73.0,86.0,73.0,73.0,91.0,91.0,82.0,49.5,0.0,2,1
small-world,100,27,12,24.0,81.0,61.0,61.0,73.0,73.0,29.0,49.5,0.0,2,1
small-world,100,27,13,73.0,99.0,73.0,73.0,99.0,99.0,76.0,49.5,0.0,2,1
small-world,100,27,14,24.0,16.0,27.0,27.0,22.0,22.0,65.0,49.5,0.0,2,1
small-world,100,27,15,24.0,10.0,26.0,26.0,16.0,16.0,70.0,49.5,0.0,2,1
small-world,100,27,16,73.0,31.0,73.0,73.0,48.0,48.0,93.0,49.5,0.0,2,1
small-world,100,27,17,73.0,72.0,73.0,73.0,83.0,83.0,86.0,49.5,0.0,2,1
small-world,100,27,18,6.0,3.0,5.0,5.0,3.0,3.0,22.0,49.5,0.0,2,1
small-world,100,27,19,73.0,71.0,73.0,73.0,75.0,75.0,94.0,49.5,0.0,2,1
small-world,100,27,20,73.0,55.0,73.0,73.0,69.0,69.0,85.0,49.5,0.0,2,1
small-world,100,27,21,6.0,63.0,37.0,37.0,43.0,43.0,12.0,49.5,0.0,2,1
small-world,100,27,22,73.0,91.0,73.0,73.0,94.0,94.0,80.0,49.5,0.0,2,1
small-world,100,27,23,73.0,54.0,73.0,73.0,68.0,68.0,89.0,49.5,0.0,2,1
small-world,100,27,24,24.0,40.0,61.0,61.0,38.0,38.0,35.0,49.5,0.0,2,1
small-world,100,27,25,1.0,22.0,25.0,25.0,14.0,14.0,2.0,49.5,0.0,2,1
small-world,100,27,26,73.0,45.0,73.0,73.0,52.0,52.0,96.0,49.5,0.0,2,1
small-world,100,27,27,6.0,28.0,34.0,34.0,18.0,18.0,14.0,49.5,0.0,2,1
small-world,100,27,28,24.0,80.0,49.0,49.0,67.0,67.0,40.0,49.5,0.0,2,1
small-world,100,27,29,73.0,59.0,73.0,73.0,81.0,81.0,75.0,49.5,0.0,2,1
small-world,100,27,30,24.0,49.0,61.0,61.0,57.0,57.0,26.0,49.5,0.0,2,1
small-world,100,27,31,24.0,33.0,58.0,58.0,36.0,36.0,38.0,49.5,0.0,2,1
small-world,100,27,32,24.0,15.0,49.0,49.0,23.0,23.0,57.0,49.5,0.0,2,1
small-world,100,27,33,6.0,9.0,28.0,28.0,4.0,4.0,20.0,49.5,0.0,2,1
small-world,100,27,34,73.0,51.0,73.0,73.0,64.0,64.0,90.0,49.5,0.0,2,1
small-world,100,27,35,24.0,35.0,61.0,61.0,34.0,34.0,37.0,49.5,0.0,2,1
small-world,100,27,36,24.0,39.0,23.0,23.0,35.0,35.0,62.0,49.5,0.0,2,1
small-world,100,27,37,24.0,26.0,21.0,21.0,28.0,28.0,68.0,49.5,0.0,2,1
small-world,100,27,38,6.0,13.0,4.0,4.0,10.0,10.0,21.0,49.5,0.0,2,1
small-world,100,27,39,6.0,4.0,3.0,3.0,5.0,5.0,23.0,49.5,0.0,2,1
small-world,100,27,40,24.0,6.0,9.0,9.0,12.0,12.0,72.0,49.5,0.0,2,1
small-world,100,27,41,24.0,5.0,8.0,8.0,9.0,9.0,71.0,49.5,0.0,2,1
small-world,100,27,42,24.0,57.0,32.0,32.0,39.0,39.0,58.0,49.5,0.0,2,1
small-world,100,27,43,73.0,96.0,73.0,73.0,97.0,97.0,83.0,49.5,0.0,2,1
small-world,100,27,44,24.0,93.0,61.0,61.0,86.0,86.0,30.0,49.5,0.0,2,1
small-world,100,27,45,6.0,86.0,35.0,35.0,66.0,66.0,11.0,49.5,0.0,2,1
small-world,100,27,46,24.0,82.0,32.0,32.0,72.0,72.0,51.0,49.5,0.0,2,1
small-world,100,27,47,24.0,75.0,29.0,29.0,71.0,71.0,48.0,49.5,0.0,2,1
small-world,100,27,48,24.0,66.0,23.0,23.0,65.0,65.0,46.0,49.5,0.0,2,1
small-world,100,27,49,24.0,61.0,21.0,21.0,62.0,62.0,44.0,49.5,0.0,2,1
small-world,100,27,50,24.0,53.0,15.0,15.0,56.0,56.0,47.0,49.5,0.0,2,1
small-world,100,27,51,24.0,43.0,12.0,12.0,47.0,47.0,49.0,49.5,0.0,2,1
small-world,100,27,52,24.0,32.0,11.0,11.0,33.0,33.0,54.0,49.5,0.0,2,1
small-world,100,27,53,24.0,18.0,10.0,10.0,26.0,26.0,56.0,49.5,0.0,2,1
small-world,100,27,54,73.0,36.0,73.0,73.0,49.0,49.0,95.0,49.5,0.0,2,1
small-world,100,27,55,73.0,94.0,73.0,73.0,98.0,98.0,73.0,49.5,0.0,2,1
small-world,100,27,56,24.0,88.0,61.0,61.0,90.0,90.0,24.0,49.5,0.0,2,1
small-world,100,27,57,73.0,89.0,73.0,73.0,96.0,96.0,74.0,49.5,0.0,2,1
small-world,100,27,58,24.0,84.0,61.0,61.0,87.0,87.0,25.0,49.5,0.0,2,1
small-world,100,27,59,24.0,77.0,58.0,58.0,77.0,77.0,32.0,49.5,0.0,2,1
small-world,100,27,60,24.0,68.0,49.0,49.0,63.0,63.0,45.0,49.5,0.0,2,1
small-world,100,27,61,73.0,65.0,73.0,73.0,79.0,79.0,84.0,49.5,0.0,2,1
small-world,100,27,62,24.0,58.0,61.0,61.0,54.0,54.0,33.0,49.5,0.0,2,1
small-world,100,27,63,6.0,48.0,19.0,19.0,27.0,27.0,15.0,49.5,0.0,2,1
small-world,100,27,64,24.0,34.0,15.0,15.0,25.0,25.0,67.0,49.5,0.0,2,1
small-world,100,27,65,73.0,37.0,73.0,73.0,41.0,41.0,100.0,49.5,0.0,2,1
small-world,100,27,66,1.0,21.0,6.0,6.0,6.0,6.0,3.0,49.5,0.0,2,1
small-world,100,27,67,24.0,25.0,38.0,38.0,21.0,21.0,66.0,49.5,0.0,2,1
small-world,100,27,68,73.0,46.0,73.0,73.0,58.0,58.0,91.0,49.5,0.0,2,1
small-world,100,27,69,73.0,72.0,73.0,73.0,83.0,83.0,86.0,49.5,0.0,2,1
small-world,100,27,70,1.0,1.0,2.0,2.0,1.0,1.0,5.0,49.5,0.0,2,1
small-world,100,27,71,1.0,2.0,1.0,1.0,2.0,2.0,4.0,49.5,0.0,2,1
small-world,100,27,72,24.0,7.0,14.0,14.0,8.0,8.0,69.0,49.5,0.0,2,1
small-world,100,27,73,24.0,11.0,17.0,17.0,20.0,20.0,63.0,49.5,0.0,2,1
small-world,100,27,74,24.0,17.0,20.0,20.0,24.0,24.0,59.0,49.5,0.0,2,1
small-world,100,27,75,24.0,83.0,58.0,58.0,82.0,82.0,31.0,49.5,0.0,2,1
small-world,100,27,76,24.0,76.0,49.0,49.0,74.0,74.0,39.0,49.5,0.0,2,1
small-world,100,27,77,24.0,67.0,45.0,45.0,61.0,61.0,53.0,49.5,0.0,2,1
small-world,100,27,78,6.0,60.0,31.0,31.0,44.0,44.0,17.0,49.5,0.0,2,1
small-world,100,27,79,24.0,50.0,29.0,29.0,45.0,45.0,61.0,49.5,0.0,2,1
small-world,100,27,80,6.0,70.0,39.0,39.0,51.0,51.0,10.0,49.5,0.0,2,1
small-world,100,27,81,73.0,78.0,73.0,73.0,88.0,88.0,78.0,49.5,0.0,2,1
small-world,100,27,82,6.0,69.0,55.0,55.0,70.0,70.0,6.0,49.5,0.0,2,1
small-world,100,27,83,24.0,62.0,49.0,49.0,60.0,60.0,36.0,49.5,0.0,2,1
small-world,100,27,84,24.0,52.0,45.0,45.0,50.0,50.0,42.0,49.5,0.0,2,1
small-world,100,27,85,24.0,38.0,41.0,41.0,31.0,31.0,55.0,49.5,0.0,2,1
small-world,100,27,86,6.0,23.0,35.0,35.0,15.0,15.0,16.0,49.5,0.0,2,1
small-world,100,27,87,6.0,20.0,18.0,18.0,17.0,17.0,13.0,49.5,0.0,2,1
small-world,100,27,88,73.0,72.0,73.0,73.0,83.0,83.0,86.0,49.5,0.0,2,1
small-world,100,27,89,1.0,64.0,48.0,48.0,55.0,55.0,1.0,49.5,0.0,2,1
small-world,100,27,90,24.0,13.0,61.0,61.0,19.0,19.0,43.0,49.5,0.0,2,1
small-world,100,27,91,73.0,91.0,73.0,73.0,94.0,94.0,80.0,49.5,0.0,2,1
small-world,100,27,92,6.0,85.0,55.0,55.0,76.0,76.0,7.0,49.5,0.0,2,1
small-world,100,27,93,73.0,99.0,73.0,73.0,99.0,99.0,76.0,49.5,0.0,2,1
small-world,100,27,94,24.0,97.0,61.0,61.0,92.0,92.0,27.0,49.5,0.0,2,1
small-world,100,27,95,6.0,95.0,44.0,44.0,80.0,80.0,9.0,49.5,0.0,2,1
small-world,100,27,96,24.0,90.0,41.0,41.0,78.0,78.0,50.0,49.5,0.0,2,1
small-world,100,27,97,24.0,41.0,61.0,61.0,40.0,40.0,34.0,49.5,0.0,2,1
small-world,100,27,98,6.0,19.0,13.0,13.0,13.0,13.0,19.0,49.5,0.0,2,1
small-world,100,27,99,24.0,56.0,45.0,45.0,53.0,53.0,41.0,49.5,0.0,2,1
small-world,100,28,0,75.0,94.0,75.0,75.0,98.0,98.0,86.0,49.5,0.0,2,2
small-world,100,28,1,75.0,54.0,75.0,75.0,67.0,67.0,82.0,49.5,0.0,2,2
small-world,100,28,2,23.0,39.0,53.0,53.0,39.0,39.0,30.0,49.5,0.0,2,2
small-world,100,28,3,75.0,37.0,75.0,75.0,47.0,47.0,89.0,49.5,0.0,2,2
small-world,100,28,4,75.0,99.0,75.0,75.0,99.0,99.0,81.0,49.5,0.0,2,2
small-world,100,28,5,23.0,95.0,69.0,69.0,94.0,94.0,29.0,49.5,0.0,2,2
small-world,100,28,6,23.0,85.0,66.0,66.0,85.0,85.0,43.0,49.5,0.0,2,2
small-world,100,28,7,5.0,68.0,50.0,50.0,71.0,71.0,7.0,49.5,0.0,2,2
small-world,100,28,8,23.0,45.0,49.0,49.0,65.0,65.0,65.0,49.5,0.0,2,2
small-world,100,28,9,75.0,74.0,75.0,75.0,90.0,90.0,99.0,49.5,0.0,2,2
small-world,100,28,10,5.0,47.0,68.0,68.0,56.0,56.0,14.0,49.5,0.0,2,2
small-world,100,28,11,23.0,58.0,73.0,73.0,73.0,73.0,63.0,49.5,0.0,2,2
small-world,100,28,12,23.0,62.0,74.0,74.0,74.0,74.0,62.0,49.5,0.0,2,2
small-world,100,28,13,23.0,15.0,32.0,32.0,23.0,23.0,52.0,49.5,0.0,2,2
small-world,100,28,14,23.0,11.0,26.0,26.0,17.0,17.0,60.0,49.5,0.0,2,2
small-world,100,28,15,23.0,40.0,39.0,39.0,66.0,66.0,67.0,49.5,0.0,2,2
small-world,100,28,16,75.0,100.0,75.0,75.0,100.0,100.0,78.0,49.5,0.0,2,2
small-world,100,28,17,23.0,97.0,69.0,69.0,96.0,96.0,26.0,49.5,0.0,2,2
small-world,100,28,18,23.0,91.0,66.0,66.0,92.0,92.0,39.0,49.5,0.0,2,2
small-world,100,28,19,23.0,81.0,52.0,52.0,82.0,82.0,49.0,49.5,0.0,2,2
small-world,100,28,20,5.0,63.0,48.0,48.0,68.0,68.0,11.0,49.5,0.0,2,2
small-world,100,28,21,75.0,80.0,75.0,75.0,91.0,91.0,95.0,49.5,0.0,2,2
small-world,100,28,22,5.0,23.0,24.0,24.0,15.0,15.0,9.0,49.5,0.0,2,2
small-world,100,28,23,23.0,27.0,41.0,41.0,22.0,22.0,54.0,49.5,0.0,2,2
small-world,100,28,24,5.0,18.0,13.0,13.0,9.0,9.0,22.0,49.5,0.0,2,2
small-world,100,28,25,75.0,91.0,75.0,75.0,97.0,97.0,84.0,49.5,0.0,2,2
small-world,100,28,26,23.0,75.0,69.0,69.0,83.0,83.0,33.0,49.5,0.0,2,2
small-world,100,28,27,5.0,52.0,51.0,51.0,62.0,62.0,8.0,49.5,0.0,2,2
small-world,100,28,28,23.0,8.0,26.0,26.0,11.0,11.0,66.0,49.5,0.0,2,2
small-world,100,28,29,75.0,87.0,75.0,75.0,93.0,93.0,94.0,49.5,0.0,2,2
small-world,100,28,30,75.0,64.0,75.0,75.0,78.0,78.0,77.0,49.5,0.0,2,2
small-world,100,28,31,23.0,50.0,53.0,53.0,61.0,61.0,25.0,49.5,0.0,2,2
small-world,100,28,32,75.0,75.0,75.0,75.0,88.0,88.0,97.0,49.5,0.0,2,2
small-world,100,28,33,23.0,84.0,69.0,69.0,86.0,86.0,36.0,49.5,0.0,2,2
small-world,100,28,34,23.0,14.0,10.0,10.0,20.0,20.0,61.0,49.5,0.0,2,2
small-world,100,28,35,75.0,75.0,75.0,75.0,88.0,88.0,97.0,49.5,0.0,2,2
small-world,100,28,36,75.0,32.0,75.0,75.0,60.0,60.0,88.0,49.5,0.0,2,2
small-world,100,28,37,23.0,16.0,53.0,53.0,30.0,30.0,42.0,49.5,0.0,2,2
small-world,100,28,38,5.0,24.0,37.0,37.0,46.0,46.0,18.0,49.5,0.0,2,2
small-world,100,28,39,23.0,22.0,38.0,38.0,50.0,50.0,72.0,49.5,0.0,2,2
small-world,100,28,40,1.0,20.0,30.0,30.0,35.0,35.0,3.0,49.5,0.0,2,2
small-world,100,28,41,75.0,56.0,75.0,75.0,70.0,70.0,87.0,49.5,0.0,2,2
small-world,100,28,42,75.0,59.0,75.0,75.0,75.0,75.0,80.0,49.5,0.0,2,2
small-world,100,28,43,23.0,44.0,53.0,53.0,51.0,51.0,28.0,49.5,0.0,2,2
small-world,100,28,44,23.0,29.0,41.0,41.0,37.0,37.0,41.0,49.5,0.0,2,2
small-world,100,28,45,75.0,71.0,75.0,75.0,80.0,80.0,76.0,49.5,0.0,2,2
small-world,100,28,46,75.0,79.0,75.0,75.0,79.0,79.0,85.0,49.5,0.0,2,2
small-world,100,28,47,23.0,70.0,53.0,53.0,53.0,53.0,34.0,49.5,0.0,2,2
small-world,100,28,48,5.0,56.0,16.0,16.0,34.0,34.0,10.0,49.5,0.0,2,2
small-world,100,28,49,23.0,49.0,15.0,15.0,36.0,36.0,57.0,49.5,0.0,2,2
small-world,100,28,50,23.0,36.0,14.0,14.0,32.0,32.0,58.0,49.5,0.0,2,2
small-world,100,28,51,75.0,37.0,75.0,75.0,47.0,47.0,89.0,49.5,0.0,2,2
small-world,100,28,52,23.0,25.0,53.0,53.0,24.0,24.0,44.0,49.5,0.0,2,2
small-world,100,28,53,75.0,78.0,75.0,75.0,77.0,77.0,83.0,49.5,0.0,2,2
small-world,100,28,54,23.0,69.0,53.0,53.0,55.0,55.0,31.0,49.5,0.0,2,2
small-world,100,28,55,23.0,55.0,41.0,41.0,38.0,38.0,55.0,49.5,0.0,2,2
small-world,100,28,56,5.0,42.0,31.0,31.0,18.0,18.0,19.0,49.5,0.0,2,2
small-world,100,28,57,23.0,31.0,29.0,29.0,19.0,19.0,74.0,49.5,0.0,2,2
small-world,100,28,58,23.0,32.0,41.0,41.0,40.0,40.0,37.0,49.5,0.0,2,2
small-world,100,28,59,23.0,21.0,32.0,32.0,28.0,28.0,48.0,49.5,0.0,2,2
small-world,100,28,60,23.0,89.0,32.0,32.0,69.0,69.0,46.0,49.5,0.0,2,2
small-world,100,28,61,5.0,86.0,24.0,24.0,54.0,54.0,5.0,49.5,0.0,2,2
small-world,100,28,62,5.0,10.0,5.0,5.0,14.0,14.0,13.0,49.5,0.0,2,2
small-world,100,28,63,23.0,7.0,6.0,6.0,13.0,13.0,69.0,49.5,0.0,2,2
small-world,100,28,64,5.0,4.0,2.0,2.0,5.0,5.0,16.0,49.5,0.0,2,2
small-world,100,28,65,23.0,2.0,3.0,3.0,3.0,3.0,73.0,49.5,0.0,2,2
small-world,100,28,66,75.0,16.0,75.0,75.0,33.0,33.0,100.0,49.5,0.0,2,2
small-world,100,28,67,5.0,9.0,8.0,8.0,8.0,8.0,15.0,49.5,0.0,2,2
small-world,100,28,68,5.0,13.0,9.0,9.0,7.0,7.0,17.0,49.5,0.0,2,2
small-world,100,28,69,75.0,60.0,75.0,75.0,57.0,57.0,92.0,49.5,0.0,2,2
small-world,100,28,70,5.0,46.0,40.0,40.0,26.0,26.0,6.0,49.5,0.0,2,2
small-world,100,28,71,5.0,30.0,19.0,19.0,12.0,12.0,20.0,49.5,0.0,2,2
small-world,100,28,72,75.0,90.0,75.0,75.0,81.0,81.0,91.0,49.5,0.0,2,2
small-world,100,28,73,23.0,64.0,53.0,53.0,64.0,64.0,24.0,49.5,0.0,2,2
small-world,100,28,74,23.0,51.0,41.0,41.0,43.0,43.0,35.0,49.5,0.0,2,2
small-world,100,28,75,23.0,34.0,32.0,32.0,29.0,29.0,47.0,49.5,0.0,2,2
small-world,100,28,76,75.0,60.0,75.0,75.0,57.0,57.0,92.0,49.5,0.0,2,2
small-world,100,28,77,75.0,35.0,75.0,75.0,42.0,42.0,96.0,49.5,0.0,2,2
small-world,100,28,78,75.0,88.0,75.0,75.0,87.0,87.0,79.0,49.5,0.0,2,2
small-world,100,28,79,23.0,83.0,53.0,53.0,72.0,72.0,27.0,49.5,0.0,2,2
small-world,100,28,80,23.0,73.0,41.0,41.0,63.0,63.0,40.0,49.5,0.0,2,2
small-world,100,28,81,23.0,66.0,32.0,32.0,45.0,45.0,50.0,49.5,0.0,2,2
small-world,100,28,82,23.0,53.0,26.0,26.0,31.0,31.0,64.0,49.5,0.0,2,2
small-world,100,28,83,5.0,41.0,23.0,23.0,16.0,16.0,21.0,49.5,0.0,2,2
small-world,100,28,84,23.0,43.0,53.0,53.0,41.0,41.0,38.0,49.5,0.0,2,2
small-world,100,28,85,5.0,28.0,12.0,12.0,21.0,21.0,12.0,49.5,0.0,2,2
small-world,100,28,86,23.0,18.0,11.0,11.0,27.0,27.0,59.0,49.5,0.0,2,2
small-world,100,28,87,23.0,25.0,53.0,53.0,24.0,24.0,44.0,49.5,0.0,2,2
small-world,100,28,88,1.0,12.0,18.0,18.0,2.0,2.0,2.0,49.5,0.0,2,2
small-world,100,28,89,23.0,5.0,17.0,17.0,4.0,4.0,71.0,49.5,0.0,2,2
small-world,100,28,90,1.0,1.0,1.0,1.0,1.0,1.0,4.0,49.5,0.0,2,2
small-world,100,28,91,23.0,3.0,4.0,4.0,6.0,6.0,70.0,49.5,0.0,2,2
small-world,100,28,92,23.0,6.0,6.0,6.0,10.0,10.0,68.0,49.5,0.0,2,2
small-world,100,28,93,23.0,82.0,22.0,22.0,59.0,59.0,51.0,49.5,0.0,2,2
small-world,100,28,94,23.0,72.0,21.0,21.0,52.0,52.0,53.0,49.5,0.0,2,2
small-world,100,28,95,23.0,67.0,20.0,20.0,44.0,44.0,56.0,49.5,0.0,2,2
small-world,100,28,96,75.0,98.0,75.0,75.0,95.0,95.0,75.0,49.5,0.0,2,2
small-world,100,28,97,23.0,96.0,53.0,53.0,84.0,84.0,23.0,49.5,0.0,2,2
small-world,100,28,98,23.0,93.0,41.0,41.0,76.0,76.0,32.0,49.5,0.0,2,2
small-world,100,28,99,1.0,48.0,53.0,53.0,49.0,49.0,1.0,49.5,0.0,2,2
