small-world,100,35,0,68.0,79.0,68.0,68.0,88.0,88.0,74.0,49.5,0.0,2,1
small-world,100,35,1,68.0,28.0,68.0,68.0,40.0,40.0,98.0,49.5,0.0,2,1
small-world,100,35,2,28.0,49.0,56.0,56.0,56.0,56.0,33.0,49.5,0.0,2,1
small-world,100,35,3,68.0,16.0,68.0,68.0,30.0,30.0,97.0,49.5,0.0,2,1
small-world,100,35,4,6.0,5.0,14.0,14.0,4.0,4.0,23.0,49.5,0.0,2,1
small-world,100,35,5,6.0,6.0,10.0,10.0,5.0,5.0,26.0,49.5,0.0,2,1
small-world,100,35,6,2.0,12.0,16.0,16.0,7.0,7.0,5.0,49.5,0.0,2,1
small-world,100,35,7,28.0,17.0,29.0,29.0,20.0,20.0,65.0,49.5,0.0,2,1
small-world,100,35,8,28.0,27.0,30.0,30.0,32.0,32.0,60.0,49.5,0.0,2,1
small-world,100,35,9,28.0,32.0,37.0,37.0,37.0,37.0,58.0,49.5,0.0,2,1
small-world,100,35,10,28.0,39.0,38.0,38.0,34.0,34.0,64.0,49.5,0.0,2,1
small-world,100,35,11,6.0,31.0,22.0,22.0,18.0,18.0,20.0,49.5,0.0,2,1
small-world,100,35,12,6.0,24.0,11.0,11.0,13.0,13.0,24.0,49.5,0.0,2,1
small-world,100,35,13,6.0,57.0,18.0,18.0,33.0,33.0,14.0,49.5,0.0,2,1
small-world,100,35,14,68.0,43.0,68.0,68.0,54.0,54.0,92.0,49.5,0.0,2,1
small-world,100,35,15,68.0,97.0,68.0,68.0,99.0,99.0,75.0,49.5,0.0,2,1
small-world,100,35,16,6.0,94.0,47.0,47.0,89.0,89.0,6.0,49.5,0.0,2,1
small-world,100,35,17,28.0,90.0,42.0,42.0,80.0,80.0,44.0,49.5,0.0,2,1
small-world,100,35,18,68.0,99.0,68.0,68.0,97.0,97.0,79.0,49.5,0.0,2,1
small-world,100,35,19,6.0,95.0,47.0,47.0,85.0,85.0,7.0,49.5,0.0,2,1
small-world,100,35,20,6.0,92.0,40.0,40.0,77.0,77.0,8.0,49.5,0.0,2,1
small-world,100,35,21,28.0,87.0,34.0,34.0,74.0,74.0,48.0,49.5,0.0,2,1
small-world,100,35,22,28.0,82.0,26.0,26.0,60.0,60.0,54.0,49.5,0.0,2,1
small-world,100,35,23,68.0,88.0,68.0,68.0,92.0,92.0,81.0,49.5,0.0,2,1
small-world,100,35,24,68.0,30.0,68.0,68.0,46.0,46.0,95.0,49.5,0.0,2,1
small-world,100,35,25,6.0,14.0,13.0,13.0,12.0,12.0,17.0,49.5,0.0,2,1
small-world,100,35,26,28.0,6.0,12.0,12.0,9.0,9.0,66.0,49.5,0.0,2,1
small-world,100,35,27,68.0,75.0,68.0,68.0,86.0,86.0,72.0,49.5,0.0,2,1
small-world,100,35,28,28.0,59.0,56.0,56.0,59.0,59.0,32.0,49.5,0.0,2,1
small-world,100,35,29,68.0,91.0,68.0,68.0,93.0,93.0,89.0,49.5,0.0,2,1
small-world,100,35,30,6.0,85.0,32.0,32.0,68.0,68.0,10.0,49.5,0.0,2,1
small-world,100,35,31,28.0,78.0,26.0,26.0,67.0,67.0,50.0,49.5,0.0,2,1
small-world,100,35,32,28.0,65.0,25.0,25.0,51.0,51.0,53.0,49.5,0.0,2,1
small-world,100,35,33,28.0,50.0,21.0,21.0,43.0,43.0,57.0,49.5,0.0,2,1
small-world,100,35,34,68.0,93.0,68.0,68.0,96.0,96.0,69.0,49.5,0.0,2,1
small-world,100,35,35,28.0,89.0,56.0,56.0,90.0,90.0,29.0,49.5,0.0,2,1
small-world,100,35,36,28.0,35.0,50.0,50.0,39.0,39.0,47.0,49.5,0.0,2,1
small-world,100,35,37,28.0,83.0,56.0,56.0,72.0,72.0,39.0,49.5,0.0,2,1
small-world,100,35,38,6.0,70.0,20.0,20.0,45.0,45.0,13.0,49.5,0.0,2,1
small-world,100,35,39,68.0,96.0,68.0,68.0,94.0,94.0,84.0,49.5,0.0,2,1
small-world,100,35,40,68.0,51.0,68.0,68.0,61.0,61.0,87.0,49.5,0.0,2,1
small-world,100,35,41,68.0,63.0,68.0,68.0,57.0,57.0,96.0,49.5,0.0,2,1
small-world,100,35,42,2.0,45.0,8.0,8.0,19.0,19.0,4.0,49.5,0.0,2,1
small-world,100,35,43,28.0,33.0,9.0,9.0,29.0,29.0,62.0,49.5,0.0,2,1
small-world,100,35,44,6.0,23.0,7.0,7.0,25.0,25.0,12.0,49.5,0.0,2,1
small-world,100,35,45,68.0,97.0,68.0,68.0,99.0,99.0,75.0,49.5,0.0,2,1
small-world,100,35,46,68.0,68.0,68.0,68.0,83.0,83.0,73.0,49.5,0.0,2,1
small-world,100,35,47,68.0,74.0,68.0,68.0,71.0,71.0,93.0,49.5,0.0,2,1
small-world,100,35,48,6.0,9.0,3.0,3.0,14.0,14.0,16.0,49.5,0.0,2,1
small-world,100,35,49,28.0,4.0,4.0,4.0,8.0,8.0,67.0,49.5,0.0,2,1
small-world,100,35,50,6.0,1.0,1.0,1.0,2.0,2.0,27.0,49.5,0.0,2,1
small-world,100,35,51,68.0,58.0,68.0,68.0,65.0,65.0,90.0,49.5,0.0,2,1
small-world,100,35,52,2.0,42.0,31.0,31.0,28.0,28.0,3.0,49.5,0.0,2,1
small-world,100,35,53,28.0,25.0,26.0,26.0,21.0,21.0,63.0,49.5,0.0,2,1
small-world,100,35,54,68.0,86.0,68.0,68.0,95.0,95.0,68.0,49.5,0.0,2,1
small-world,100,35,55,28.0,80.0,56.0,56.0,84.0,84.0,28.0,49.5,0.0,2,1
small-world,100,35,56,28.0,66.0,50.0,50.0,73.0,73.0,37.0,49.5,0.0,2,1
small-world,100,35,57,28.0,47.0,42.0,42.0,55.0,55.0,45.0,49.5,0.0,2,1
small-world,100,35,58,28.0,35.0,41.0,41.0,42.0,42.0,51.0,49.5,0.0,2,1
small-world,100,35,59,28.0,19.0,34.0,34.0,24.0,24.0,59.0,49.5,0.0,2,1
small-world,100,35,60,6.0,6.0,19.0,19.0,6.0,6.0,22.0,49.5,0.0,2,1
small-world,100,35,61,28.0,15.0,6.0,6.0,22.0,22.0,61.0,49.5,0.0,2,1
small-world,100,35,62,68.0,77.0,68.0,68.0,76.0,76.0,91.0,49.5,0.0,2,1
small-world,100,35,63,28.0,64.0,56.0,56.0,66.0,66.0,34.0,49.5,0.0,2,1
small-world,100,35,64,28.0,46.0,50.0,50.0,47.0,47.0,49.0,49.5,0.0,2,1
small-world,100,35,65,28.0,76.0,42.0,42.0,58.0,58.0,46.0,49.5,0.0,2,1
small-world,100,35,66,6.0,37.0,47.0,47.0,31.0,31.0,9.0,49.5,0.0,2,1
small-world,100,35,67,6.0,19.0,15.0,15.0,10.0,10.0,21.0,49.5,0.0,2,1
small-world,100,35,68,28.0,84.0,50.0,50.0,78.0,78.0,38.0,49.5,0.0,2,1
small-world,100,35,69,68.0,72.0,68.0,68.0,81.0,81.0,77.0,49.5,0.0,2,1
small-world,100,35,70,6.0,62.0,32.0,32.0,41.0,41.0,11.0,49.5,0.0,2,1
small-world,100,35,71,28.0,67.0,56.0,56.0,75.0,75.0,30.0,49.5,0.0,2,1
small-world,100,35,72,28.0,47.0,50.0,50.0,50.0,50.0,40.0,49.5,0.0,2,1
small-world,100,35,73,28.0,34.0,42.0,42.0,36.0,36.0,52.0,49.5,0.0,2,1
small-world,100,35,74,6.0,17.0,23.0,23.0,15.0,15.0,19.0,49.5,0.0,2,1
small-world,100,35,75,68.0,41.0,68.0,68.0,63.0,63.0,82.0,49.5,0.0,2,1
small-world,100,35,76,28.0,22.0,56.0,56.0,38.0,38.0,41.0,49.5,0.0,2,1
small-world,100,35,77,68.0,10.0,68.0,68.0,16.0,16.0,99.0,49.5,0.0,2,1
small-world,100,35,78,28.0,55.0,56.0,56.0,52.0,52.0,35.0,49.5,0.0,2,1
small-world,100,35,79,6.0,13.0,24.0,24.0,11.0,11.0,15.0,49.5,0.0,2,1
small-world,100,35,80,6.0,3.0,5.0,5.0,3.0,3.0,25.0,49.5,0.0,2,1
small-world,100,35,81,68.0,69.0,68.0,68.0,87.0,87.0,71.0,49.5,0.0,2,1
small-world,100,35,82,28.0,53.0,56.0,56.0,64.0,64.0,31.0,49.5,0.0,2,1
small-world,100,35,83,28.0,38.0,50.0,50.0,48.0,48.0,42.0,49.5,0.0,2,1
small-world,100,35,84,28.0,21.0,42.0,42.0,26.0,26.0,56.0,49.5,0.0,2,1
small-world,100,35,85,68.0,60.0,68.0,68.0,69.0,69.0,85.0,49.5,0.0,2,1
small-world,100,35,86,68.0,99.0,68.0,68.0,97.0,97.0,79.0,49.5,0.0,2,1
small-world,100,35,87,68.0,72.0,68.0,68.0,81.0,81.0,77.0,49.5,0.0,2,1
small-world,100,35,88,28.0,55.0,56.0,56.0,52.0,52.0,35.0,49.5,0.0,2,1
small-world,100,35,89,68.0,10.0,68.0,68.0,16.0,16.0,99.0,49.5,0.0,2,1
small-world,100,35,90,1.0,2.0,2.0,2.0,1.0,1.0,1.0,49.5,0.0,2,1
small-world,100,35,91,68.0,51.0,68.0,68.0,61.0,61.0,87.0,49.5,0.0,2,1
small-world,100,35,92,68.0,81.0,68.0,68.0,91.0,91.0,70.0,49.5,0.0,2,1
small-world,100,35,93,68.0,71.0,68.0,68.0,79.0,79.0,83.0,49.5,0.0,2,1
small-world,100,35,94,28.0,54.0,56.0,56.0,49.0,49.0,43.0,49.5,0.0,2,1
small-world,100,35,95,6.0,40.0,17.0,17.0,23.0,23.0,18.0,49.5,0.0,2,1
small-world,100,35,96,68.0,29.0,68.0,68.0,44.0,44.0,94.0,49.5,0.0,2,1
small-world,100,35,97,68.0,60.0,68.0,68.0,69.0,69.0,85.0,49.5,0.0,2,1
small-world,100,35,98,2.0,44.0,39.0,39.0,35.0,35.0,2.0,49.5,0.0,2,1
small-world,100,35,99,28.0,26.0,34.0,34.0,27.0,27.0,55.0,49.5,0.0,2,1
small-world,100,36,0,26.0,87.0,38.0,38.0,73.0,73.0,42.0,49.5,0.0,2,1
small-world,100,36,1,66.0,51.0,66.0,66.0,58.0,58.0,94.0,49.5,0.0,2,1
small-world,100,36,2,66.0,67.0,66.0,66.0,86.0,86.0,72.0,49.5,0.0,2,1
small-world,100,36,3,26.0,45.0,48.0,48.0,64.0,64.0,32.0,49.5,0.0,2,1
small-world,100,36,4,26.0,25.0,40.0,40.0,36.0,36.0,45.0,49.5,0.0,2,1
small-world,100,36,5,66.0,95.0,66.0,66.0,90.0,90.0,89.0,49.5,0.0,2,1
small-world,100,36,6,66.0,80.0,66.0,66.0,83.0,83.0,78.0,49.5,0.0,2,1
small-world,100,36,7,26.0,61.0,48.0,48.0,60.0,60.0,36.0,49.5,0.0,2,1
small-world,100,36,8,66.0,64.0,66.0,66.0,77.0,77.0,82.0,49.5,0.0,2,1
small-world,100,36,9,9.0,42.0,35.0,35.0,44.0,44.0,11.0,49.5,0.0,2,1
small-world,100,36,10,9.0,28.0,32.0,32.0,25.0,25.0,14.0,49.5,0.0,2,1
small-world,100,36,11,1.0,9.0,7.0,7.0,1.0,1.0,2.0,49.5,0.0,2,1
small-world,100,36,12,66.0,26.0,66.0,66.0,49.0,49.0,97.0,49.5,0.0,2,1
small-world,100,36,13,3.0,14.0,20.0,20.0,11.0,11.0,6.0,49.5,0.0,2,1
small-world,100,36,14,66.0,35.0,66.0,66.0,47.0,47.0,98.0,49.5,0.0,2,1
small-world,100,36,15,3.0,19.0,13.0,13.0,10.0,10.0,7.0,49.5,0.0,2,1
small-world,100,36,16,26.0,23.0,33.0,33.0,33.0,33.0,51.0,49.5,0.0,2,1
small-world,100,36,17,66.0,74.0,66.0,66.0,84.0,84.0,81.0,49.5,0.0,2,1
small-world,100,36,18,26.0,4.0,5.0,5.0,22.0,22.0,56.0,49.5,0.0,2,1
small-world,100,36,19,26.0,3.0,4.0,4.0,16.0,16.0,55.0,49.5,0.0,2,1
small-world,100,36,20,66.0,50.0,66.0,66.0,63.0,63.0,88.0,49.5,0.0,2,1
small-world,100,36,21,26.0,12.0,14.0,14.0,19.0,19.0,59.0,49.5,0.0,2,1
small-world,100,36,22,66.0,99.0,66.0,66.0,99.0,99.0,77.0,49.5,0.0,2,1
small-world,100,36,23,26.0,94.0,48.0,48.0,82.0,82.0,35.0,49.5,0.0,2,1
small-world,100,36,24,3.0,91.0,27.0,27.0,56.0,56.0,3.0,49.5,0.0,2,1
small-world,100,36,25,26.0,85.0,26.0,26.0,62.0,62.0,50.0,49.5,0.0,2,1
small-world,100,36,26,66.0,100.0,66.0,66.0,100.0,100.0,67.0,49.5,0.0,2,1
small-world,100,36,27,26.0,98.0,48.0,48.0,95.0,95.0,27.0,49.5,0.0,2,1
small-world,100,36,28,26.0,93.0,40.0,40.0,80.0,80.0,40.0,49.5,0.0,2,1
small-world,100,36,29,66.0,70.0,66.0,66.0,85.0,85.0,74.0,49.5,0.0,2,1
small-world,100,36,30,26.0,53.0,48.0,48.0,61.0,61.0,34.0,49.5,0.0,2,1
small-world,100,36,31,66.0,32.0,66.0,66.0,51.0,51.0,84.0,49.5,0.0,2,1
small-world,100,36,32,26.0,17.0,48.0,48.0,20.0,20.0,46.0,49.5,0.0,2,1
small-world,100,36,33,66.0,90.0,66.0,66.0,88.0,88.0,86.0,49.5,0.0,2,1
small-world,100,36,34,9.0,78.0,31.0,31.0,57.0,57.0,12.0,49.5,0.0,2,1
small-world,100,36,35,9.0,66.0,25.0,25.0,42.0,42.0,15.0,49.5,0.0,2,1
small-world,100,36,36,26.0,47.0,22.0,22.0,38.0,38.0,53.0,49.5,0.0,2,1
small-world,100,36,37,66.0,32.0,66.0,66.0,51.0,51.0,84.0,49.5,0.0,2,1
small-world,100,36,38,66.0,87.0,66.0,66.0,89.0,89.0,79.0,49.5,0.0,2,1
small-world,100,36,39,26.0,75.0,48.0,48.0,66.0,66.0,37.0,49.5,0.0,2,1
small-world,100,36,40,66.0,71.0,66.0,66.0,87.0,87.0,73.0,49.5,0.0,2,1
small-world,100,36,41,26.0,55.0,48.0,48.0,65.0,65.0,33.0,49.5,0.0,2,1
small-world,100,36,42,26.0,36.0,40.0,40.0,35.0,35.0,48.0,49.5,0.0,2,1
small-world,100,36,43,66.0,86.0,66.0,66.0,96.0,96.0,69.0,49.5,0.0,2,1
small-world,100,36,44,26.0,73.0,48.0,48.0,75.0,75.0,29.0,49.5,0.0,2,1
small-world,100,36,45,9.0,56.0,35.0,35.0,54.0,54.0,10.0,49.5,0.0,2,1
small-world,100,36,46,26.0,37.0,33.0,33.0,39.0,39.0,49.0,49.5,0.0,2,1
small-world,100,36,47,9.0,21.0,24.0,24.0,23.0,23.0,20.0,49.5,0.0,2,1
small-world,100,36,48,9.0,13.0,8.0,8.0,9.0,9.0,25.0,49.5,0.0,2,1
small-world,100,36,49,26.0,10.0,9.0,9.0,14.0,14.0,64.0,49.5,0.0,2,1
small-world,100,36,50,9.0,7.0,2.0,2.0,6.0,6.0,23.0,49.5,0.0,2,1
small-world,100,36,51,26.0,6.0,6.0,6.0,17.0,17.0,60.0,49.5,0.0,2,1
small-world,100,36,52,9.0,28.0,19.0,19.0,24.0,24.0,21.0,49.5,0.0,2,1
small-world,100,36,53,66.0,76.0,66.0,66.0,71.0,71.0,91.0,49.5,0.0,2,1
small-world,100,36,54,26.0,60.0,65.0,65.0,53.0,53.0,57.0,49.5,0.0,2,1
small-world,100,36,55,26.0,41.0,64.0,64.0,31.0,31.0,61.0,49.5,0.0,2,1
small-world,100,36,56,9.0,1.0,1.0,1.0,3.0,3.0,24.0,49.5,0.0,2,1
small-world,100,36,57,26.0,5.0,9.0,9.0,4.0,4.0,65.0,49.5,0.0,2,1
small-world,100,36,58,66.0,27.0,66.0,66.0,29.0,29.0,100.0,49.5,0.0,2,1
small-world,100,36,59,26.0,7.0,12.0,12.0,12.0,12.0,63.0,49.5,0.0,2,1
small-world,100,36,60,9.0,32.0,35.0,35.0,30.0,30.0,13.0,49.5,0.0,2,1
small-world,100,36,61,66.0,96.0,66.0,66.0,97.0,97.0,75.0,49.5,0.0,2,1
small-world,100,36,62,26.0,17.0,48.0,48.0,20.0,20.0,46.0,49.5,0.0,2,1
small-world,100,36,63,66.0,64.0,66.0,66.0,68.0,68.0,83.0,49.5,0.0,2,1
small-world,100,36,64,26.0,42.0,48.0,48.0,34.0,34.0,43.0,49.5,0.0,2,1
small-world,100,36,65,66.0,11.0,66.0,66.0,37.0,37.0,96.0,49.5,0.0,2,1
small-world,100,36,66,9.0,2.0,3.0,3.0,8.0,8.0,19.0,49.5,0.0,2,1
small-world,100,36,67,66.0,96.0,66.0,66.0,97.0,97.0,75.0,49.5,0.0,2,1
small-world,100,36,68,66.0,82.0,66.0,66.0,79.0,79.0,90.0,49.5,0.0,2,1
small-world,100,36,69,66.0,44.0,66.0,66.0,40.0,40.0,99.0,49.5,0.0,2,1
small-world,100,36,70,66.0,62.0,66.0,66.0,76.0,76.0,80.0,49.5,0.0,2,1
small-world,100,36,71,26.0,38.0,48.0,48.0,46.0,46.0,39.0,49.5,0.0,2,1
small-world,100,36,72,66.0,51.0,66.0,66.0,58.0,58.0,94.0,49.5,0.0,2,1
small-world,100,36,73,3.0,30.0,16.0,16.0,18.0,18.0,5.0,49.5,0.0,2,1
small-world,100,36,74,9.0,20.0,11.0,11.0,13.0,13.0,22.0,49.5,0.0,2,1
small-world,100,36,75,3.0,15.0,15.0,15.0,2.0,2.0,8.0,49.5,0.0,2,1
small-world,100,36,76,1.0,22.0,21.0,21.0,5.0,5.0,1.0,49.5,0.0,2,1
small-world,100,36,77,26.0,40.0,46.0,46.0,27.0,27.0,62.0,49.5,0.0,2,1
small-world,100,36,78,9.0,58.0,47.0,47.0,43.0,43.0,17.0,49.5,0.0,2,1
small-world,100,36,79,66.0,81.0,66.0,66.0,93.0,93.0,70.0,49.5,0.0,2,1
small-world,100,36,80,26.0,63.0,48.0,48.0,72.0,72.0,30.0,49.5,0.0,2,1
small-world,100,36,81,66.0,31.0,66.0,66.0,41.0,41.0,93.0,49.5,0.0,2,1
small-world,100,36,82,9.0,16.0,28.0,28.0,7.0,7.0,18.0,49.5,0.0,2,1
small-world,100,36,83,66.0,54.0,66.0,66.0,67.0,67.0,87.0,49.5,0.0,2,1
small-world,100,36,84,66.0,78.0,66.0,66.0,78.0,78.0,92.0,49.5,0.0,2,1
small-world,100,36,85,66.0,89.0,66.0,66.0,94.0,94.0,68.0,49.5,0.0,2,1
small-world,100,36,86,26.0,77.0,48.0,48.0,74.0,74.0,28.0,49.5,0.0,2,1
small-world,100,36,87,26.0,58.0,40.0,40.0,55.0,55.0,41.0,49.5,0.0,2,1
small-world,100,36,88,9.0,38.0,30.0,30.0,26.0,26.0,16.0,49.5,0.0,2,1
small-world,100,36,89,26.0,23.0,29.0,29.0,15.0,15.0,58.0,49.5,0.0,2,1
small-world,100,36,90,66.0,83.0,66.0,66.0,92.0,92.0,66.0,49.5,0.0,2,1
small-world,100,36,91,26.0,68.0,48.0,48.0,70.0,70.0,26.0,49.5,0.0,2,1
small-world,100,36,92,26.0,48.0,40.0,40.0,48.0,48.0,38.0,49.5,0.0,2,1
small-world,100,36,93,26.0,48.0,40.0,40.0,45.0,45.0,44.0,49.5,0.0,2,1
small-world,100,36,94,66.0,83.0,66.0,66.0,91.0,91.0,71.0,49.5,0.0,2,1
small-world,100,36,95,26.0,68.0,48.0,48.0,69.0,69.0,31.0,49.5,0.0,2,1
small-world,100,36,96,26.0,72.0,22.0,22.0,50.0,50.0,52.0,49.5,0.0,2,1
small-world,100,36,97,3.0,57.0,18.0,18.0,28.0,28.0,4.0,49.5,0.0,2,1
small-world,100,36,98,26.0,46.0,17.0,17.0,32.0,32.0,54.0,49.5,0.0,2,1
small-world,100,36,99,9.0,92.0,39.0,39.0,81.0,81.0,9.0,49.5,0.0,2,1
