small-world,100,3,0,7.0,54.0,26.0,26.0,38.0,38.0,12.0,49.5,0.0,2,1
small-world,100,3,1,72.0,50.0,72.0,72.0,55.0,55.0,96.0,49.5,0.0,2,1
small-world,100,3,2,72.0,51.0,72.0,72.0,74.0,74.0,78.0,49.5,0.0,2,1
small-world,100,3,3,22.0,33.0,58.0,58.0,48.0,48.0,28.0,49.5,0.0,2,1
small-world,100,3,4,22.0,16.0,49.0,49.0,22.0,22.0,47.0,49.5,0.0,2,1
small-world,100,3,5,3.0,5.0,5.0,5.0,3.0,3.0,5.0,49.5,0.0,2,1
small-world,100,3,6,22.0,98.0,58.0,58.0,93.0,93.0,25.0,49.5,0.0,2,1
small-world,100,3,7,22.0,96.0,49.0,49.0,86.0,86.0,38.0,49.5,0.0,2,1
small-world,100,3,8,72.0,47.0,72.0,72.0,61.0,61.0,86.0,49.5,0.0,2,1
small-world,100,3,9,22.0,49.0,58.0,58.0,43.0,43.0,37.0,49.5,0.0,2,1
small-world,100,3,10,3.0,32.0,9.0,9.0,15.0,15.0,4.0,49.5,0.0,2,1
small-world,100,3,11,22.0,9.0,31.0,31.0,19.0,19.0,61.0,49.5,0.0,2,1
small-world,100,3,12,72.0,93.0,72.0,72.0,98.0,98.0,72.0,49.5,0.0,2,1
small-world,100,3,13,7.0,14.0,47.0,47.0,18.0,18.0,9.0,49.5,0.0,2,1
small-world,100,3,14,7.0,4.0,3.0,3.0,4.0,4.0,18.0,49.5,0.0,2,1
small-world,100,3,15,22.0,89.0,58.0,58.0,88.0,88.0,27.0,49.5,0.0,2,1
small-world,100,3,16,7.0,82.0,42.0,42.0,70.0,70.0,7.0,49.5,0.0,2,1
small-world,100,3,17,22.0,74.0,35.0,35.0,64.0,64.0,44.0,49.5,0.0,2,1
small-world,100,3,18,7.0,66.0,26.0,26.0,50.0,50.0,11.0,49.5,0.0,2,1
small-world,100,3,19,22.0,56.0,24.0,24.0,40.0,40.0,60.0,49.5,0.0,2,1
small-world,100,3,20,7.0,39.0,20.0,20.0,23.0,23.0,17.0,49.5,0.0,2,1
small-world,100,3,21,7.0,25.0,13.0,13.0,16.0,16.0,19.0,49.5,0.0,2,1
small-world,100,3,22,72.0,26.0,72.0,72.0,52.0,52.0,89.0,49.5,0.0,2,1
small-world,100,3,23,72.0,83.0,72.0,72.0,95.0,95.0,76.0,49.5,0.0,2,1
small-world,100,3,24,22.0,86.0,58.0,58.0,89.0,89.0,22.0,49.5,0.0,2,1
small-world,100,3,25,22.0,79.0,49.0,49.0,84.0,84.0,33.0,49.5,0.0,2,1
small-world,100,3,26,22.0,59.0,43.0,43.0,49.0,49.0,52.0,49.5,0.0,2,1
small-world,100,3,27,72.0,80.0,72.0,72.0,78.0,78.0,94.0,49.5,0.0,2,1
small-world,100,3,28,7.0,72.0,21.0,21.0,42.0,42.0,14.0,49.5,0.0,2,1
small-world,100,3,29,22.0,64.0,18.0,18.0,45.0,45.0,55.0,49.5,0.0,2,1
small-world,100,3,30,7.0,58.0,16.0,16.0,34.0,34.0,13.0,49.5,0.0,2,1
small-world,100,3,31,22.0,41.0,14.0,14.0,32.0,32.0,57.0,49.5,0.0,2,1
small-world,100,3,32,22.0,54.0,41.0,41.0,46.0,46.0,56.0,49.5,0.0,2,1
small-world,100,3,33,22.0,41.0,39.0,39.0,39.0,39.0,59.0,49.5,0.0,2,1
small-world,100,3,34,22.0,12.0,12.0,12.0,11.0,11.0,70.0,49.5,0.0,2,1
small-world,100,3,35,72.0,63.0,72.0,72.0,79.0,79.0,82.0,49.5,0.0,2,1
small-world,100,3,36,22.0,51.0,58.0,58.0,56.0,56.0,32.0,49.5,0.0,2,1
small-world,100,3,37,22.0,34.0,49.0,49.0,30.0,30.0,51.0,49.5,0.0,2,1
small-world,100,3,38,3.0,17.0,10.0,10.0,7.0,7.0,6.0,49.5,0.0,2,1
small-world,100,3,39,72.0,40.0,72.0,72.0,68.0,68.0,81.0,49.5,0.0,2,1
small-world,100,3,40,22.0,77.0,58.0,58.0,81.0,81.0,26.0,49.5,0.0,2,1
small-world,100,3,41,22.0,70.0,49.0,49.0,65.0,65.0,39.0,49.5,0.0,2,1
small-world,100,3,42,7.0,22.0,22.0,22.0,12.0,12.0,21.0,49.5,0.0,2,1
small-world,100,3,43,22.0,44.0,58.0,58.0,51.0,51.0,29.0,49.5,0.0,2,1
small-world,100,3,44,22.0,28.0,49.0,49.0,25.0,25.0,48.0,49.5,0.0,2,1
small-world,100,3,45,1.0,15.0,6.0,6.0,2.0,2.0,1.0,49.5,0.0,2,1
small-world,100,3,46,22.0,8.0,7.0,7.0,8.0,8.0,68.0,49.5,0.0,2,1
small-world,100,3,47,72.0,60.0,72.0,72.0,77.0,77.0,79.0,49.5,0.0,2,1
small-world,100,3,48,72.0,86.0,72.0,72.0,82.0,82.0,95.0,49.5,0.0,2,1
small-world,100,3,49,72.0,76.0,72.0,72.0,94.0,94.0,74.0,49.5,0.0,2,1
small-world,100,3,50,22.0,68.0,58.0,58.0,83.0,83.0,24.0,49.5,0.0,2,1
small-world,100,3,51,22.0,56.0,49.0,49.0,67.0,67.0,35.0,49.5,0.0,2,1
small-world,100,3,52,22.0,38.0,43.0,43.0,54.0,54.0,42.0,49.5,0.0,2,1
small-world,100,3,53,72.0,62.0,72.0,72.0,76.0,76.0,84.0,49.5,0.0,2,1
small-world,100,3,54,72.0,99.0,72.0,72.0,97.0,97.0,80.0,49.5,0.0,2,1
small-world,100,3,55,22.0,97.0,58.0,58.0,87.0,87.0,30.0,49.5,0.0,2,1
small-world,100,3,56,7.0,91.0,30.0,30.0,66.0,66.0,10.0,49.5,0.0,2,1
small-world,100,3,57,22.0,84.0,28.0,28.0,63.0,63.0,54.0,49.5,0.0,2,1
small-world,100,3,58,3.0,78.0,23.0,23.0,41.0,41.0,3.0,49.5,0.0,2,1
small-world,100,3,59,22.0,30.0,58.0,58.0,28.0,28.0,43.0,49.5,0.0,2,1
small-world,100,3,60,72.0,94.0,72.0,72.0,99.0,99.0,73.0,49.5,0.0,2,1
small-world,100,3,61,22.0,88.0,58.0,58.0,90.0,90.0,23.0,49.5,0.0,2,1
small-world,100,3,62,22.0,81.0,49.0,49.0,85.0,85.0,34.0,49.5,0.0,2,1
small-world,100,3,63,22.0,73.0,43.0,43.0,73.0,73.0,41.0,49.5,0.0,2,1
small-world,100,3,64,72.0,45.0,72.0,72.0,57.0,57.0,87.0,49.5,0.0,2,1
small-world,100,3,65,22.0,22.0,58.0,58.0,37.0,37.0,31.0,49.5,0.0,2,1
small-world,100,3,66,22.0,9.0,49.0,49.0,17.0,17.0,50.0,49.5,0.0,2,1
small-world,100,3,67,72.0,53.0,72.0,72.0,62.0,62.0,97.0,49.5,0.0,2,1
small-world,100,3,68,7.0,36.0,33.0,33.0,26.0,26.0,15.0,49.5,0.0,2,1
small-world,100,3,69,22.0,43.0,40.0,40.0,36.0,36.0,58.0,49.5,0.0,2,1
small-world,100,3,70,22.0,65.0,35.0,35.0,60.0,60.0,46.0,49.5,0.0,2,1
small-world,100,3,71,22.0,5.0,11.0,11.0,9.0,9.0,69.0,49.5,0.0,2,1
small-world,100,3,72,1.0,1.0,1.0,1.0,1.0,1.0,2.0,49.5,0.0,2,1
small-world,100,3,73,22.0,7.0,15.0,15.0,10.0,10.0,67.0,49.5,0.0,2,1
small-world,100,3,74,7.0,13.0,17.0,17.0,13.0,13.0,16.0,49.5,0.0,2,1
small-world,100,3,75,22.0,19.0,19.0,19.0,20.0,20.0,66.0,49.5,0.0,2,1
small-world,100,3,76,7.0,3.0,2.0,2.0,5.0,5.0,20.0,49.5,0.0,2,1
small-world,100,3,77,22.0,2.0,4.0,4.0,6.0,6.0,71.0,49.5,0.0,2,1
small-world,100,3,78,72.0,75.0,72.0,72.0,80.0,80.0,91.0,49.5,0.0,2,1
small-world,100,3,79,72.0,92.0,72.0,72.0,91.0,91.0,83.0,49.5,0.0,2,1
small-world,100,3,80,22.0,85.0,58.0,58.0,72.0,72.0,36.0,49.5,0.0,2,1
small-world,100,3,81,72.0,26.0,72.0,72.0,52.0,52.0,89.0,49.5,0.0,2,1
small-world,100,3,82,22.0,37.0,24.0,24.0,31.0,31.0,62.0,49.5,0.0,2,1
small-world,100,3,83,72.0,100.0,72.0,72.0,100.0,100.0,75.0,49.5,0.0,2,1
small-world,100,3,84,22.0,35.0,34.0,34.0,29.0,29.0,64.0,49.5,0.0,2,1
small-world,100,3,85,22.0,20.0,8.0,8.0,14.0,14.0,65.0,49.5,0.0,2,1
small-world,100,3,86,72.0,11.0,72.0,72.0,24.0,24.0,100.0,49.5,0.0,2,1
small-world,100,3,87,22.0,71.0,43.0,43.0,71.0,71.0,40.0,49.5,0.0,2,1
small-world,100,3,88,22.0,60.0,35.0,35.0,59.0,59.0,45.0,49.5,0.0,2,1
small-world,100,3,89,22.0,48.0,31.0,31.0,44.0,44.0,53.0,49.5,0.0,2,1
small-world,100,3,90,22.0,31.0,28.0,28.0,27.0,27.0,63.0,49.5,0.0,2,1
small-world,100,3,91,22.0,21.0,35.0,35.0,35.0,35.0,49.0,49.5,0.0,2,1
small-world,100,3,92,72.0,17.0,72.0,72.0,33.0,33.0,99.0,49.5,0.0,2,1
small-world,100,3,93,72.0,69.0,72.0,72.0,69.0,69.0,93.0,49.5,0.0,2,1
small-world,100,3,94,72.0,45.0,72.0,72.0,57.0,57.0,87.0,49.5,0.0,2,1
small-world,100,3,95,7.0,28.0,47.0,47.0,21.0,21.0,8.0,49.5,0.0,2,1
small-world,100,3,96,72.0,90.0,72.0,72.0,92.0,92.0,85.0,49.5,0.0,2,1
small-world,100,3,97,72.0,95.0,72.0,72.0,96.0,96.0,77.0,49.5,0.0,2,1
small-world,100,3,98,72.0,24.0,72.0,72.0,47.0,47.0,98.0,49.5,0.0,2,1
small-world,100,3,99,72.0,67.0,72.0,72.0,75.0,75.0,92.0,49.5,0.0,2,1
small-world,100,4,0,27.0,95.0,59.0,59.0,90.0,90.0,35.0,49.5,0.0,2,2
small-world,100,4,1,27.0,89.0,56.0,56.0,84.0,84.0,40.0,49.5,0.0,2,2
small-world,100,4,2,72.0,24.0,72.0,72.0,37.0,37.0,100.0,49.5,0.0,2,2
small-world,100,4,3,27.0,33.0,17.0,17.0,36.0,36.0,47.0,49.5,0.0,2,2
small-world,100,4,4,27.0,18.0,11.0,11.0,29.0,29.0,53.0,49.5,0.0,2,2
small-world,100,4,5,27.0,8.0,8.0,8.0,19.0,19.0,66.0,49.5,0.0,2,2
small-world,100,4,6,72.0,24.0,72.0,72.0,30.0,30.0,98.0,49.5,0.0,2,2
small-world,100,4,7,72.0,41.0,72.0,72.0,49.0,49.0,94.0,49.5,0.0,2,2
small-world,100,4,8,3.0,27.0,25.0,25.0,16.0,16.0,12.0,49.5,0.0,2,2
small-world,100,4,9,27.0,19.0,27.0,27.0,21.0,21.0,61.0,49.5,0.0,2,2
small-world,100,4,10,3.0,17.0,15.0,15.0,10.0,10.0,21.0,49.5,0.0,2,2
small-world,100,4,11,72.0,36.0,72.0,72.0,45.0,45.0,97.0,49.5,0.0,2,2
small-world,100,4,12,3.0,16.0,20.0,20.0,14.0,14.0,16.0,49.5,0.0,2,2
small-world,100,4,13,27.0,14.0,21.0,21.0,20.0,20.0,62.0,49.5,0.0,2,2
small-world,100,4,14,3.0,11.0,12.0,12.0,12.0,12.0,19.0,49.5,0.0,2,2
small-world,100,4,15,27.0,9.0,18.0,18.0,15.0,15.0,68.0,49.5,0.0,2,2
small-world,100,4,16,27.0,22.0,61.0,61.0,22.0,22.0,38.0,49.5,0.0,2,2
small-world,100,4,17,27.0,35.0,33.0,33.0,42.0,42.0,69.0,49.5,0.0,2,2
small-world,100,4,18,27.0,43.0,36.0,36.0,58.0,58.0,56.0,49.5,0.0,2,2
small-world,100,4,19,3.0,6.0,13.0,13.0,8.0,8.0,18.0,49.5,0.0,2,2
small-world,100,4,20,72.0,94.0,72.0,72.0,97.0,97.0,72.0,49.5,0.0,2,2
small-world,100,4,21,72.0,39.0,72.0,72.0,63.0,63.0,84.0,49.5,0.0,2,2
small-world,100,4,22,72.0,63.0,72.0,72.0,80.0,80.0,77.0,49.5,0.0,2,2
small-world,100,4,23,3.0,82.0,43.0,43.0,64.0,64.0,8.0,49.5,0.0,2,2
small-world,100,4,24,27.0,21.0,27.0,27.0,17.0,17.0,65.0,49.5,0.0,2,2
small-world,100,4,25,72.0,58.0,72.0,72.0,83.0,83.0,76.0,49.5,0.0,2,2
small-world,100,4,26,27.0,45.0,61.0,61.0,51.0,51.0,31.0,49.5,0.0,2,2
small-world,100,4,27,27.0,30.0,54.0,54.0,32.0,32.0,42.0,49.5,0.0,2,2
small-world,100,4,28,72.0,63.0,72.0,72.0,80.0,80.0,77.0,49.5,0.0,2,2
small-world,100,4,29,72.0,51.0,72.0,72.0,43.0,43.0,93.0,49.5,0.0,2,2
small-world,100,4,30,72.0,92.0,72.0,72.0,92.0,92.0,90.0,49.5,0.0,2,2
small-world,100,4,31,72.0,40.0,72.0,72.0,57.0,57.0,83.0,49.5,0.0,2,2
small-world,100,4,32,27.0,43.0,44.0,44.0,50.0,50.0,59.0,49.5,0.0,2,2
small-world,100,4,33,27.0,37.0,41.0,41.0,40.0,40.0,70.0,49.5,0.0,2,2
small-world,100,4,34,72.0,67.0,72.0,72.0,77.0,77.0,80.0,49.5,0.0,2,2
small-world,100,4,35,72.0,86.0,72.0,72.0,89.0,89.0,91.0,49.5,0.0,2,2
small-world,100,4,36,3.0,76.0,32.0,32.0,54.0,54.0,10.0,49.5,0.0,2,2
small-world,100,4,37,27.0,47.0,61.0,61.0,46.0,46.0,32.0,49.5,0.0,2,2
small-world,100,4,38,3.0,31.0,34.0,34.0,23.0,23.0,9.0,49.5,0.0,2,2
small-world,100,4,39,27.0,91.0,61.0,61.0,86.0,86.0,27.0,49.5,0.0,2,2
small-world,100,4,40,27.0,84.0,54.0,54.0,79.0,79.0,34.0,49.5,0.0,2,2
small-world,100,4,41,72.0,83.0,72.0,72.0,88.0,88.0,92.0,49.5,0.0,2,2
small-world,100,4,42,72.0,60.0,72.0,72.0,70.0,70.0,85.0,49.5,0.0,2,2
small-world,100,4,43,27.0,4.0,7.0,7.0,13.0,13.0,63.0,49.5,0.0,2,2
small-world,100,4,44,3.0,5.0,4.0,4.0,4.0,4.0,17.0,49.5,0.0,2,2
small-world,100,4,45,1.0,6.0,3.0,3.0,1.0,1.0,1.0,49.5,0.0,2,2
small-world,100,4,46,72.0,60.0,72.0,72.0,70.0,70.0,85.0,49.5,0.0,2,2
small-world,100,4,47,3.0,46.0,50.0,50.0,26.0,26.0,4.0,49.5,0.0,2,2
small-world,100,4,48,72.0,88.0,72.0,72.0,93.0,93.0,88.0,49.5,0.0,2,2
small-world,100,4,49,27.0,72.0,29.0,29.0,62.0,62.0,41.0,49.5,0.0,2,2
small-world,100,4,50,27.0,56.0,23.0,23.0,52.0,52.0,43.0,49.5,0.0,2,2
small-world,100,4,51,27.0,47.0,19.0,19.0,44.0,44.0,44.0,49.5,0.0,2,2
small-world,100,4,52,27.0,87.0,68.0,68.0,85.0,85.0,30.0,49.5,0.0,2,2
small-world,100,4,53,3.0,77.0,50.0,50.0,69.0,69.0,6.0,49.5,0.0,2,2
small-world,100,4,54,27.0,59.0,47.0,47.0,56.0,56.0,45.0,49.5,0.0,2,2
small-world,100,4,55,2.0,32.0,22.0,22.0,7.0,7.0,2.0,49.5,0.0,2,2
small-world,100,4,56,3.0,14.0,5.0,5.0,5.0,5.0,22.0,49.5,0.0,2,2
small-world,100,4,57,72.0,85.0,72.0,72.0,87.0,87.0,89.0,49.5,0.0,2,2
small-world,100,4,58,27.0,19.0,61.0,61.0,27.0,27.0,39.0,49.5,0.0,2,2
small-world,100,4,59,72.0,24.0,72.0,72.0,30.0,30.0,98.0,49.5,0.0,2,2
small-world,100,4,60,72.0,93.0,72.0,72.0,98.0,98.0,75.0,49.5,0.0,2,2
small-world,100,4,61,72.0,67.0,72.0,72.0,77.0,77.0,80.0,49.5,0.0,2,2
small-world,100,4,62,3.0,52.0,50.0,50.0,38.0,38.0,3.0,49.5,0.0,2,2
small-world,100,4,63,27.0,34.0,46.0,46.0,28.0,28.0,46.0,49.5,0.0,2,2
small-world,100,4,64,27.0,66.0,31.0,31.0,61.0,61.0,48.0,49.5,0.0,2,2
small-world,100,4,65,27.0,53.0,26.0,26.0,53.0,53.0,54.0,49.5,0.0,2,2
small-world,100,4,66,27.0,38.0,24.0,24.0,39.0,39.0,64.0,49.5,0.0,2,2
small-world,100,4,67,72.0,81.0,72.0,72.0,94.0,94.0,82.0,49.5,0.0,2,2
small-world,100,4,68,27.0,73.0,68.0,68.0,76.0,76.0,37.0,49.5,0.0,2,2
small-world,100,4,69,3.0,53.0,40.0,40.0,41.0,41.0,14.0,49.5,0.0,2,2
small-world,100,4,70,27.0,47.0,61.0,61.0,46.0,46.0,32.0,49.5,0.0,2,2
small-world,100,4,71,72.0,99.0,72.0,72.0,99.0,99.0,74.0,49.5,0.0,2,2
small-world,100,4,72,27.0,96.0,68.0,68.0,91.0,91.0,29.0,49.5,0.0,2,2
small-world,100,4,73,3.0,90.0,50.0,50.0,75.0,75.0,5.0,49.5,0.0,2,2
small-world,100,4,74,72.0,69.0,72.0,72.0,82.0,82.0,95.0,49.5,0.0,2,2
small-world,100,4,75,3.0,42.0,38.0,38.0,34.0,34.0,13.0,49.5,0.0,2,2
small-world,100,4,76,3.0,28.0,9.0,9.0,24.0,24.0,23.0,49.5,0.0,2,2
small-world,100,4,77,3.0,23.0,14.0,14.0,25.0,25.0,25.0,49.5,0.0,2,2
small-world,100,4,78,72.0,65.0,72.0,72.0,73.0,73.0,79.0,49.5,0.0,2,2
small-world,100,4,79,27.0,50.0,61.0,61.0,33.0,33.0,36.0,49.5,0.0,2,2
small-world,100,4,80,27.0,55.0,39.0,39.0,68.0,68.0,50.0,49.5,0.0,2,2
small-world,100,4,81,27.0,62.0,42.0,42.0,72.0,72.0,52.0,49.5,0.0,2,2
small-world,100,4,82,27.0,70.0,45.0,45.0,65.0,65.0,57.0,49.5,0.0,2,2
small-world,100,4,83,3.0,74.0,37.0,37.0,48.0,48.0,20.0,49.5,0.0,2,2
small-world,100,4,84,27.0,79.0,60.0,60.0,67.0,67.0,58.0,49.5,0.0,2,2
small-world,100,4,85,3.0,75.0,58.0,58.0,55.0,55.0,11.0,49.5,0.0,2,2
small-world,100,4,86,27.0,70.0,57.0,57.0,65.0,65.0,51.0,49.5,0.0,2,2
small-world,100,4,87,27.0,57.0,49.0,49.0,59.0,59.0,55.0,49.5,0.0,2,2
small-world,100,4,88,72.0,29.0,72.0,72.0,35.0,35.0,96.0,49.5,0.0,2,2
small-world,100,4,89,3.0,10.0,10.0,10.0,6.0,6.0,15.0,49.5,0.0,2,2
small-world,100,4,90,27.0,12.0,16.0,16.0,9.0,9.0,67.0,49.5,0.0,2,2
small-world,100,4,91,72.0,100.0,72.0,72.0,100.0,100.0,73.0,49.5,0.0,2,2
small-world,100,4,92,27.0,80.0,47.0,47.0,74.0,74.0,49.0,49.5,0.0,2,2
small-world,100,4,93,27.0,13.0,29.0,29.0,18.0,18.0,60.0,49.5,0.0,2,2
small-world,100,4,94,3.0,2.0,2.0,2.0,2.0,2.0,24.0,49.5,0.0,2,2
small-world,100,4,95,3.0,1.0,1.0,1.0,3.0,3.0,26.0,49.5,0.0,2,2
small-world,100,4,96,27.0,3.0,6.0,6.0,11.0,11.0,71.0,49.5,0.0,2,2
small-world,100,4,97,72.0,97.0,72.0,72.0,95.0,95.0,87.0,49.5,0.0,2,2
small-world,100,4,98,3.0,78.0,35.0,35.0,60.0,60.0,7.0,49.5,0.0,2,2
small-world,100,4,99,27.0,98.0,68.0,68.0,96.0,96.0,28.0,49.5,0.0,2,2
