small-world,100,41,0,26.0,78.0,65.0,65.0,85.0,85.0,62.0,49.5,0.0,2,3
small-world,100,41,1,72.0,46.0,72.0,72.0,57.0,57.0,79.0,49.5,0.0,2,3
small-world,100,41,2,26.0,31.0,36.0,36.0,33.0,33.0,33.0,49.5,0.0,2,3
small-world,100,41,3,26.0,18.0,30.0,30.0,23.0,23.0,48.0,49.5,0.0,2,3
small-world,100,41,4,72.0,14.0,72.0,72.0,34.0,34.0,94.0,49.5,0.0,2,3
small-world,100,41,5,72.0,34.0,72.0,72.0,39.0,39.0,87.0,49.5,0.0,2,3
small-world,100,41,6,5.0,23.0,28.0,28.0,18.0,18.0,7.0,49.5,0.0,2,3
small-world,100,41,7,72.0,37.0,72.0,72.0,49.0,49.0,85.0,49.5,0.0,2,3
small-world,100,41,8,5.0,25.0,28.0,28.0,24.0,24.0,6.0,49.5,0.0,2,3
small-world,100,41,9,72.0,71.0,72.0,72.0,65.0,65.0,83.0,49.5,0.0,2,3
small-world,100,41,10,5.0,64.0,24.0,24.0,51.0,51.0,5.0,49.5,0.0,2,3
small-world,100,41,11,26.0,56.0,22.0,22.0,47.0,47.0,43.0,49.5,0.0,2,3
small-world,100,41,12,72.0,34.0,72.0,72.0,39.0,39.0,87.0,49.5,0.0,2,3
small-world,100,41,13,72.0,99.0,72.0,72.0,99.0,99.0,74.0,49.5,0.0,2,3
small-world,100,41,14,26.0,94.0,62.0,62.0,89.0,89.0,28.0,49.5,0.0,2,3
small-world,100,41,15,72.0,15.0,72.0,72.0,28.0,28.0,100.0,49.5,0.0,2,3
small-world,100,41,16,72.0,81.0,72.0,72.0,88.0,88.0,95.0,49.5,0.0,2,3
small-world,100,41,17,72.0,90.0,72.0,72.0,96.0,96.0,92.0,49.5,0.0,2,3
small-world,100,41,18,5.0,72.0,48.0,48.0,69.0,69.0,11.0,49.5,0.0,2,3
small-world,100,41,19,26.0,66.0,51.0,51.0,72.0,72.0,61.0,49.5,0.0,2,3
small-world,100,41,20,26.0,60.0,49.0,49.0,70.0,70.0,65.0,49.5,0.0,2,3
small-world,100,41,21,5.0,55.0,35.0,35.0,62.0,62.0,19.0,49.5,0.0,2,3
small-world,100,41,22,5.0,62.0,50.0,50.0,66.0,66.0,12.0,49.5,0.0,2,3
small-world,100,41,23,26.0,88.0,61.0,61.0,83.0,83.0,47.0,49.5,0.0,2,3
small-world,100,41,24,26.0,89.0,62.0,62.0,84.0,84.0,49.0,49.5,0.0,2,3
small-world,100,41,25,26.0,85.0,59.0,59.0,80.0,80.0,52.0,49.5,0.0,2,3
small-world,100,41,26,26.0,77.0,56.0,56.0,77.0,77.0,57.0,49.5,0.0,2,3
small-world,100,41,27,26.0,57.0,26.0,26.0,52.0,52.0,41.0,49.5,0.0,2,3
small-world,100,41,28,26.0,49.0,22.0,22.0,35.0,35.0,51.0,49.5,0.0,2,3
small-world,100,41,29,5.0,39.0,17.0,17.0,26.0,26.0,14.0,49.5,0.0,2,3
small-world,100,41,30,5.0,16.0,27.0,27.0,11.0,11.0,16.0,49.5,0.0,2,3
small-world,100,41,31,26.0,21.0,46.0,46.0,22.0,22.0,67.0,49.5,0.0,2,3
small-world,100,41,32,26.0,24.0,45.0,45.0,21.0,21.0,68.0,49.5,0.0,2,3
small-world,100,41,33,5.0,12.0,20.0,20.0,7.0,7.0,23.0,49.5,0.0,2,3
small-world,100,41,34,72.0,68.0,72.0,72.0,67.0,67.0,75.0,49.5,0.0,2,3
small-world,100,41,35,72.0,85.0,72.0,72.0,90.0,90.0,90.0,49.5,0.0,2,3
small-world,100,41,36,5.0,69.0,47.0,47.0,68.0,68.0,9.0,49.5,0.0,2,3
small-world,100,41,37,5.0,10.0,11.0,11.0,4.0,4.0,24.0,49.5,0.0,2,3
small-world,100,41,38,72.0,30.0,72.0,72.0,38.0,38.0,97.0,49.5,0.0,2,3
small-world,100,41,39,26.0,90.0,68.0,68.0,91.0,91.0,59.0,49.5,0.0,2,3
small-world,100,41,40,26.0,97.0,70.0,70.0,93.0,93.0,54.0,49.5,0.0,2,3
small-world,100,41,41,26.0,97.0,70.0,70.0,93.0,93.0,54.0,49.5,0.0,2,3
small-world,100,41,42,26.0,90.0,68.0,68.0,91.0,91.0,59.0,49.5,0.0,2,3
small-world,100,41,43,72.0,95.0,72.0,72.0,98.0,98.0,81.0,49.5,0.0,2,3
small-world,100,41,44,26.0,85.0,62.0,62.0,82.0,82.0,36.0,49.5,0.0,2,3
small-world,100,41,45,26.0,81.0,55.0,55.0,78.0,78.0,38.0,49.5,0.0,2,3
small-world,100,41,46,5.0,9.0,5.0,5.0,10.0,10.0,21.0,49.5,0.0,2,3
small-world,100,41,47,72.0,32.0,72.0,72.0,48.0,48.0,84.0,49.5,0.0,2,3
small-world,100,41,48,26.0,19.0,36.0,36.0,25.0,25.0,42.0,49.5,0.0,2,3
small-world,100,41,49,1.0,8.0,16.0,16.0,3.0,3.0,2.0,49.5,0.0,2,3
small-world,100,41,50,72.0,37.0,72.0,72.0,49.0,49.0,85.0,49.5,0.0,2,3
small-world,100,41,51,26.0,7.0,7.0,7.0,19.0,19.0,66.0,49.5,0.0,2,3
small-world,100,41,52,5.0,5.0,2.0,2.0,12.0,12.0,13.0,49.5,0.0,2,3
small-world,100,41,53,26.0,4.0,6.0,6.0,13.0,13.0,64.0,49.5,0.0,2,3
small-world,100,41,54,26.0,2.0,3.0,3.0,8.0,8.0,69.0,49.5,0.0,2,3
small-world,100,41,55,72.0,40.0,72.0,72.0,42.0,42.0,96.0,49.5,0.0,2,3
small-world,100,41,56,72.0,44.0,72.0,72.0,45.0,45.0,98.0,49.5,0.0,2,3
small-world,100,41,57,5.0,27.0,13.0,13.0,17.0,17.0,17.0,49.5,0.0,2,3
small-world,100,41,58,5.0,20.0,8.0,8.0,9.0,9.0,25.0,49.5,0.0,2,3
small-world,100,41,59,72.0,58.0,72.0,72.0,61.0,61.0,82.0,49.5,0.0,2,3
small-world,100,41,60,26.0,50.0,36.0,36.0,43.0,43.0,37.0,49.5,0.0,2,3
small-world,100,41,61,72.0,75.0,72.0,72.0,71.0,71.0,73.0,49.5,0.0,2,3
small-world,100,41,62,26.0,70.0,36.0,36.0,60.0,60.0,27.0,49.5,0.0,2,3
small-world,100,41,63,26.0,48.0,19.0,19.0,37.0,37.0,46.0,49.5,0.0,2,3
small-world,100,41,64,26.0,36.0,18.0,18.0,31.0,31.0,56.0,49.5,0.0,2,3
small-world,100,41,65,5.0,26.0,15.0,15.0,16.0,16.0,15.0,49.5,0.0,2,3
small-world,100,41,66,72.0,61.0,72.0,72.0,64.0,64.0,77.0,49.5,0.0,2,3
small-world,100,41,67,26.0,53.0,36.0,36.0,53.0,53.0,31.0,49.5,0.0,2,3
small-world,100,41,68,26.0,42.0,30.0,30.0,32.0,32.0,44.0,49.5,0.0,2,3
small-world,100,41,69,72.0,54.0,72.0,72.0,58.0,58.0,80.0,49.5,0.0,2,3
small-world,100,41,70,26.0,43.0,36.0,36.0,36.0,36.0,34.0,49.5,0.0,2,3
small-world,100,41,71,26.0,59.0,36.0,36.0,55.0,55.0,29.0,49.5,0.0,2,3
small-world,100,41,72,26.0,51.0,30.0,30.0,41.0,41.0,39.0,49.5,0.0,2,3
small-world,100,41,73,26.0,13.0,10.0,10.0,15.0,15.0,70.0,49.5,0.0,2,3
small-world,100,41,74,72.0,100.0,72.0,72.0,100.0,100.0,76.0,49.5,0.0,2,3
small-world,100,41,75,26.0,96.0,67.0,67.0,95.0,95.0,30.0,49.5,0.0,2,3
small-world,100,41,76,26.0,84.0,60.0,60.0,87.0,87.0,40.0,49.5,0.0,2,3
small-world,100,41,77,1.0,67.0,52.0,52.0,73.0,73.0,1.0,49.5,0.0,2,3
small-world,100,41,78,26.0,74.0,54.0,54.0,76.0,76.0,58.0,49.5,0.0,2,3
small-world,100,41,79,26.0,80.0,57.0,57.0,79.0,79.0,53.0,49.5,0.0,2,3
small-world,100,41,80,26.0,83.0,58.0,58.0,81.0,81.0,50.0,49.5,0.0,2,3
small-world,100,41,81,72.0,45.0,72.0,72.0,46.0,46.0,89.0,49.5,0.0,2,3
small-world,100,41,82,5.0,28.0,24.0,24.0,20.0,20.0,8.0,49.5,0.0,2,3
small-world,100,41,83,5.0,17.0,12.0,12.0,6.0,6.0,22.0,49.5,0.0,2,3
small-world,100,41,84,72.0,90.0,72.0,72.0,96.0,96.0,92.0,49.5,0.0,2,3
small-world,100,41,85,5.0,41.0,21.0,21.0,29.0,29.0,10.0,49.5,0.0,2,3
small-world,100,41,86,5.0,29.0,14.0,14.0,14.0,14.0,20.0,49.5,0.0,2,3
small-world,100,41,87,72.0,76.0,72.0,72.0,74.0,74.0,72.0,49.5,0.0,2,3
small-world,100,41,88,26.0,73.0,36.0,36.0,63.0,63.0,26.0,49.5,0.0,2,3
small-world,100,41,89,26.0,65.0,30.0,30.0,56.0,56.0,35.0,49.5,0.0,2,3
small-world,100,41,90,72.0,52.0,72.0,72.0,54.0,54.0,91.0,49.5,0.0,2,3
small-world,100,41,91,1.0,6.0,4.0,4.0,1.0,1.0,4.0,49.5,0.0,2,3
small-world,100,41,92,26.0,3.0,9.0,9.0,5.0,5.0,71.0,49.5,0.0,2,3
small-world,100,41,93,72.0,47.0,72.0,72.0,59.0,59.0,78.0,49.5,0.0,2,3
small-world,100,41,94,26.0,33.0,36.0,36.0,44.0,44.0,32.0,49.5,0.0,2,3
small-world,100,41,95,26.0,22.0,30.0,30.0,30.0,30.0,45.0,49.5,0.0,2,3
small-world,100,41,96,72.0,11.0,72.0,72.0,27.0,27.0,99.0,49.5,0.0,2,3
small-world,100,41,97,1.0,1.0,1.0,1.0,2.0,2.0,3.0,49.5,0.0,2,3
small-world,100,41,98,26.0,78.0,65.0,65.0,85.0,85.0,62.0,49.5,0.0,2,3
small-world,100,41,99,5.0,63.0,53.0,53.0,75.0,75.0,18.0,49.5,0.0,2,3
small-world,100,42,0,28.0,50.0,36.0,36.0,53.0,53.0,46.0,49.5,0.0,2,1
small-world,100,42,1,8.0,16.0,23.0,23.0,19.0,19.0,19.0,49.5,0.0,2,1
small-world,100,42,2,65.0,98.0,65.0,65.0,98.0,98.0,71.0,49.5,0.0,2,1
small-world,100,42,3,65.0,63.0,65.0,65.0,69.0,69.0,81.0,49.5,0.0,2,1
small-world,100,42,4,65.0,46.0,65.0,65.0,46.0,46.0,99.0,49.5,0.0,2,1
small-world,100,42,5,65.0,35.0,65.0,65.0,41.0,41.0,95.0,49.5,0.0,2,1
small-world,100,42,6,65.0,35.0,65.0,65.0,41.0,41.0,95.0,49.5,0.0,2,1
small-world,100,42,7,28.0,94.0,42.0,42.0,87.0,87.0,44.0,49.5,0.0,2,1
small-world,100,42,8,8.0,91.0,27.0,27.0,80.0,80.0,16.0,49.5,0.0,2,1
small-world,100,42,9,28.0,88.0,25.0,25.0,83.0,83.0,52.0,49.5,0.0,2,1
small-world,100,42,10,28.0,83.0,20.0,20.0,81.0,81.0,49.0,49.5,0.0,2,1
small-world,100,42,11,65.0,57.0,65.0,65.0,75.0,75.0,69.0,49.5,0.0,2,1
small-world,100,42,12,28.0,41.0,51.0,51.0,49.0,49.0,32.0,49.5,0.0,2,1
small-world,100,42,13,8.0,20.0,39.0,39.0,22.0,22.0,13.0,49.5,0.0,2,1
small-world,100,42,14,65.0,62.0,65.0,65.0,79.0,79.0,70.0,49.5,0.0,2,1
small-world,100,42,15,28.0,44.0,51.0,51.0,50.0,50.0,33.0,49.5,0.0,2,1
small-world,100,42,16,28.0,8.0,20.0,20.0,11.0,11.0,62.0,49.5,0.0,2,1
small-world,100,42,17,65.0,75.0,65.0,65.0,72.0,72.0,94.0,49.5,0.0,2,1
small-world,100,42,18,8.0,65.0,18.0,18.0,35.0,35.0,18.0,49.5,0.0,2,1
small-world,100,42,19,65.0,92.0,65.0,65.0,96.0,96.0,73.0,49.5,0.0,2,1
small-world,100,42,20,8.0,73.0,23.0,23.0,48.0,48.0,17.0,49.5,0.0,2,1
small-world,100,42,21,28.0,9.0,36.0,36.0,14.0,14.0,59.0,49.5,0.0,2,1
small-world,100,42,22,65.0,71.0,65.0,65.0,76.0,76.0,78.0,49.5,0.0,2,1
small-world,100,42,23,28.0,30.0,51.0,51.0,31.0,31.0,34.0,49.5,0.0,2,1
small-world,100,42,24,8.0,21.0,39.0,39.0,23.0,23.0,14.0,49.5,0.0,2,1
small-world,100,42,25,65.0,100.0,65.0,65.0,100.0,100.0,68.0,49.5,0.0,2,1
small-world,100,42,26,28.0,97.0,51.0,51.0,95.0,95.0,31.0,49.5,0.0,2,1
small-world,100,42,27,28.0,95.0,47.0,47.0,88.0,88.0,42.0,49.5,0.0,2,1
small-world,100,42,28,65.0,38.0,65.0,65.0,59.0,59.0,82.0,49.5,0.0,2,1
small-world,100,42,29,28.0,18.0,51.0,51.0,27.0,27.0,40.0,49.5,0.0,2,1
small-world,100,42,30,65.0,55.0,65.0,65.0,70.0,70.0,80.0,49.5,0.0,2,1
small-world,100,42,31,65.0,26.0,65.0,65.0,34.0,34.0,98.0,49.5,0.0,2,1
small-world,100,42,32,8.0,13.0,22.0,22.0,6.0,6.0,23.0,49.5,0.0,2,1
small-world,100,42,33,28.0,29.0,32.0,32.0,32.0,32.0,54.0,49.5,0.0,2,1
small-world,100,42,34,65.0,35.0,65.0,65.0,41.0,41.0,95.0,49.5,0.0,2,1
small-world,100,42,35,65.0,45.0,65.0,65.0,56.0,56.0,87.0,49.5,0.0,2,1
small-world,100,42,36,65.0,85.0,65.0,65.0,91.0,91.0,67.0,49.5,0.0,2,1
small-world,100,42,37,65.0,87.0,65.0,65.0,89.0,89.0,76.0,49.5,0.0,2,1
small-world,100,42,38,28.0,81.0,51.0,51.0,71.0,71.0,35.0,49.5,0.0,2,1
small-world,100,42,39,28.0,52.0,16.0,16.0,28.0,28.0,58.0,49.5,0.0,2,1
small-world,100,42,40,65.0,90.0,65.0,65.0,92.0,92.0,85.0,49.5,0.0,2,1
small-world,100,42,41,8.0,86.0,34.0,34.0,67.0,67.0,12.0,49.5,0.0,2,1
small-world,100,42,42,28.0,80.0,32.0,32.0,62.0,62.0,51.0,49.5,0.0,2,1
small-world,100,42,43,65.0,59.0,65.0,65.0,57.0,57.0,89.0,49.5,0.0,2,1
small-world,100,42,44,28.0,49.0,42.0,42.0,52.0,52.0,45.0,49.5,0.0,2,1
small-world,100,42,45,28.0,25.0,36.0,36.0,29.0,29.0,56.0,49.5,0.0,2,1
small-world,100,42,46,8.0,14.0,29.0,29.0,15.0,15.0,26.0,49.5,0.0,2,1
small-world,100,42,47,28.0,7.0,28.0,28.0,9.0,9.0,64.0,49.5,0.0,2,1
small-world,100,42,48,3.0,1.0,1.0,1.0,2.0,2.0,9.0,49.5,0.0,2,1
small-world,100,42,49,3.0,2.0,2.0,2.0,1.0,1.0,7.0,49.5,0.0,2,1
small-world,100,42,50,65.0,59.0,65.0,65.0,57.0,57.0,89.0,49.5,0.0,2,1
small-world,100,42,51,3.0,43.0,31.0,31.0,21.0,21.0,3.0,49.5,0.0,2,1
small-world,100,42,52,3.0,22.0,26.0,26.0,12.0,12.0,5.0,49.5,0.0,2,1
small-world,100,42,53,28.0,27.0,64.0,64.0,25.0,25.0,60.0,49.5,0.0,2,1
small-world,100,42,54,28.0,23.0,50.0,50.0,24.0,24.0,61.0,49.5,0.0,2,1
small-world,100,42,55,28.0,39.0,51.0,51.0,47.0,47.0,38.0,49.5,0.0,2,1
small-world,100,42,56,65.0,53.0,65.0,65.0,68.0,68.0,77.0,49.5,0.0,2,1
small-world,100,42,57,28.0,34.0,51.0,51.0,40.0,40.0,37.0,49.5,0.0,2,1
small-world,100,42,58,3.0,40.0,10.0,10.0,18.0,18.0,4.0,49.5,0.0,2,1
small-world,100,42,59,65.0,98.0,65.0,65.0,98.0,98.0,71.0,49.5,0.0,2,1
small-world,100,42,60,8.0,96.0,44.0,44.0,90.0,90.0,6.0,49.5,0.0,2,1
small-world,100,42,61,65.0,31.0,65.0,65.0,36.0,36.0,91.0,49.5,0.0,2,1
small-world,100,42,62,28.0,78.0,19.0,19.0,74.0,74.0,47.0,49.5,0.0,2,1
small-world,100,42,63,28.0,69.0,16.0,16.0,66.0,66.0,48.0,49.5,0.0,2,1
small-world,100,42,64,28.0,59.0,15.0,15.0,61.0,61.0,50.0,49.5,0.0,2,1
small-world,100,42,65,28.0,48.0,14.0,14.0,51.0,51.0,53.0,49.5,0.0,2,1
small-world,100,42,66,28.0,28.0,13.0,13.0,33.0,33.0,55.0,49.5,0.0,2,1
small-world,100,42,67,8.0,19.0,11.0,11.0,20.0,20.0,20.0,49.5,0.0,2,1
small-world,100,42,68,8.0,10.0,7.0,7.0,13.0,13.0,25.0,49.5,0.0,2,1
small-world,100,42,69,28.0,4.0,8.0,8.0,5.0,5.0,63.0,49.5,0.0,2,1
small-world,100,42,70,65.0,71.0,65.0,65.0,76.0,76.0,78.0,49.5,0.0,2,1
small-world,100,42,71,8.0,58.0,44.0,44.0,44.0,44.0,10.0,49.5,0.0,2,1
small-world,100,42,72,65.0,31.0,65.0,65.0,36.0,36.0,91.0,49.5,0.0,2,1
small-world,100,42,73,65.0,68.0,65.0,65.0,65.0,65.0,88.0,49.5,0.0,2,1
small-world,100,42,74,65.0,70.0,65.0,65.0,73.0,73.0,84.0,49.5,0.0,2,1
small-world,100,42,75,28.0,56.0,51.0,51.0,45.0,45.0,43.0,49.5,0.0,2,1
small-world,100,42,76,65.0,92.0,65.0,65.0,96.0,96.0,73.0,49.5,0.0,2,1
small-world,100,42,77,8.0,89.0,44.0,44.0,85.0,85.0,8.0,49.5,0.0,2,1
small-world,100,42,78,65.0,77.0,65.0,65.0,86.0,86.0,83.0,49.5,0.0,2,1
small-world,100,42,79,65.0,31.0,65.0,65.0,36.0,36.0,91.0,49.5,0.0,2,1
small-world,100,42,80,1.0,15.0,30.0,30.0,7.0,7.0,1.0,49.5,0.0,2,1
small-world,100,42,81,8.0,5.0,12.0,12.0,3.0,3.0,27.0,49.5,0.0,2,1
small-world,100,42,82,65.0,12.0,65.0,65.0,26.0,26.0,100.0,49.5,0.0,2,1
small-world,100,42,83,8.0,3.0,3.0,3.0,4.0,4.0,24.0,49.5,0.0,2,1
small-world,100,42,84,65.0,82.0,65.0,65.0,94.0,94.0,65.0,49.5,0.0,2,1
small-world,100,42,85,28.0,73.0,51.0,51.0,84.0,84.0,28.0,49.5,0.0,2,1
small-world,100,42,86,28.0,64.0,47.0,47.0,64.0,64.0,36.0,49.5,0.0,2,1
small-world,100,42,87,65.0,42.0,65.0,65.0,54.0,54.0,86.0,49.5,0.0,2,1
small-world,100,42,88,28.0,79.0,51.0,51.0,78.0,78.0,30.0,49.5,0.0,2,1
small-world,100,42,89,28.0,67.0,47.0,47.0,55.0,55.0,41.0,49.5,0.0,2,1
small-world,100,42,90,8.0,54.0,34.0,34.0,30.0,30.0,15.0,49.5,0.0,2,1
small-world,100,42,91,65.0,51.0,65.0,65.0,63.0,63.0,75.0,49.5,0.0,2,1
small-world,100,42,92,28.0,47.0,51.0,51.0,39.0,39.0,39.0,49.5,0.0,2,1
small-world,100,42,93,8.0,24.0,9.0,9.0,17.0,17.0,21.0,49.5,0.0,2,1
small-world,100,42,94,1.0,16.0,5.0,5.0,10.0,10.0,2.0,49.5,0.0,2,1
small-world,100,42,95,28.0,11.0,6.0,6.0,16.0,16.0,57.0,49.5,0.0,2,1
small-world,100,42,96,8.0,6.0,4.0,4.0,8.0,8.0,22.0,49.5,0.0,2,1
small-world,100,42,97,65.0,84.0,65.0,65.0,93.0,93.0,66.0,49.5,0.0,2,1
small-world,100,42,98,28.0,75.0,51.0,51.0,82.0,82.0,29.0,49.5,0.0,2,1
small-world,100,42,99,8.0,66.0,39.0,39.0,60.0,60.0,11.0,49.5,0.0,2,1
