small-world,100,43,0,25.0,55.0,48.0,48.0,55.0,55.0,31.0,49.5,0.015,3,2
small-world,100,43,1,25.0,44.0,41.0,41.0,39.0,39.0,46.0,49.5,0.015,3,2
small-world,100,43,2,70.0,95.0,69.0,69.0,96.0,96.0,90.0,49.5,0.015,3,2
small-world,100,43,3,7.0,29.0,12.0,12.0,23.0,23.0,18.0,49.5,0.015,3,2
small-world,100,43,4,25.0,20.0,11.0,11.0,18.0,18.0,61.0,49.5,0.015,3,2
small-world,100,43,5,7.0,10.0,6.0,6.0,8.0,8.0,20.0,49.5,0.015,3,2
small-world,100,43,6,1.0,6.0,1.0,1.0,1.0,1.0,1.0,49.5,0.015,3,2
small-world,100,43,7,25.0,3.0,4.0,4.0,6.0,6.0,68.0,49.5,0.015,3,2
small-world,100,43,8,70.0,84.0,69.0,69.0,82.0,82.0,71.0,49.5,0.015,3,2
small-world,100,43,9,70.0,91.0,69.0,69.0,94.0,94.0,95.0,49.5,0.015,3,2
small-world,100,43,10,2.0,11.0,5.0,5.0,3.0,3.0,6.0,49.5,0.015,3,2
small-world,100,43,11,25.0,33.0,26.0,26.0,40.0,40.0,50.0,49.5,0.015,3,2
small-world,100,43,12,25.0,25.0,21.0,21.0,28.0,28.0,55.0,49.5,0.015,3,2
small-world,100,43,13,25.0,13.0,17.0,17.0,14.0,14.0,60.0,49.5,0.015,3,2
small-world,100,43,14,70.0,95.0,69.0,69.0,95.0,95.0,99.0,49.5,0.015,3,2
small-world,100,43,15,70.0,85.0,69.0,69.0,86.0,86.0,70.0,49.5,0.015,3,2
small-world,100,43,16,25.0,80.0,48.0,48.0,79.0,79.0,25.0,49.5,0.015,3,2
small-world,100,43,17,25.0,72.0,41.0,41.0,69.0,69.0,32.0,49.5,0.015,3,2
small-world,100,43,18,25.0,65.0,37.0,37.0,64.0,64.0,41.0,49.5,0.015,3,2
small-world,100,43,19,25.0,58.0,32.0,32.0,56.0,56.0,44.0,49.5,0.015,3,2
small-world,100,43,20,70.0,53.0,69.0,69.0,67.0,67.0,74.0,49.5,0.015,3,2
small-world,100,43,21,25.0,43.0,48.0,48.0,52.0,52.0,29.0,49.5,0.015,3,2
small-world,100,43,22,70.0,30.0,69.0,69.0,35.0,35.0,97.0,49.5,0.015,3,2
small-world,100,43,23,2.0,18.0,27.0,27.0,9.0,9.0,4.0,49.5,0.015,3,2
small-world,100,43,24,70.0,70.0,69.0,69.0,70.0,70.0,88.0,49.5,0.015,3,2
small-world,100,43,25,25.0,66.0,48.0,48.0,63.0,63.0,35.0,49.5,0.015,3,2
small-world,100,43,26,7.0,57.0,24.0,24.0,45.0,45.0,11.0,49.5,0.015,3,2
small-world,100,43,27,25.0,34.0,48.0,48.0,30.0,30.0,38.0,49.5,0.015,3,2
small-world,100,43,28,70.0,46.0,69.0,69.0,48.0,48.0,94.0,49.5,0.015,3,2
small-world,100,43,29,7.0,32.0,16.0,16.0,22.0,22.0,16.0,49.5,0.015,3,2
small-world,100,43,30,25.0,21.0,15.0,15.0,13.0,13.0,65.0,49.5,0.015,3,2
small-world,100,43,31,25.0,48.0,21.0,21.0,44.0,44.0,52.0,49.5,0.015,3,2
small-world,100,43,32,25.0,38.0,17.0,17.0,37.0,37.0,54.0,49.5,0.015,3,2
small-world,100,43,33,7.0,26.0,14.0,14.0,24.0,24.0,15.0,49.5,0.015,3,2
small-world,100,43,34,70.0,100.0,69.0,69.0,100.0,100.0,75.0,49.5,0.015,3,2
small-world,100,43,35,25.0,93.0,67.0,67.0,92.0,92.0,30.0,49.5,0.015,3,2
small-world,100,43,36,7.0,87.0,65.0,65.0,88.0,88.0,9.0,49.5,0.015,3,2
small-world,100,43,37,70.0,37.0,69.0,69.0,41.0,41.0,93.0,49.5,0.015,3,2
small-world,100,43,38,2.0,23.0,28.0,28.0,12.0,12.0,3.0,49.5,0.015,3,2
small-world,100,43,39,25.0,47.0,29.0,29.0,51.0,51.0,47.0,49.5,0.015,3,2
small-world,100,43,40,7.0,92.0,67.0,67.0,90.0,90.0,19.0,49.5,0.015,3,2
small-world,100,43,41,25.0,93.0,69.0,69.0,91.0,91.0,63.0,49.5,0.015,3,2
small-world,100,43,42,2.0,87.0,64.0,64.0,84.0,84.0,5.0,49.5,0.015,3,2
small-world,100,43,43,25.0,19.0,31.0,31.0,17.0,17.0,62.0,49.5,0.015,3,2
small-world,100,43,44,25.0,12.0,30.0,30.0,15.0,15.0,66.0,49.5,0.015,3,2
small-world,100,43,45,25.0,28.0,41.0,41.0,29.0,29.0,42.0,49.5,0.015,3,2
small-world,100,43,46,25.0,15.0,37.0,37.0,16.0,16.0,57.0,49.5,0.015,3,2
small-world,100,43,47,70.0,49.0,69.0,69.0,58.0,58.0,81.0,49.5,0.015,3,2
small-world,100,43,48,25.0,17.0,13.0,13.0,20.0,20.0,64.0,49.5,0.015,3,2
small-world,100,43,49,7.0,7.0,9.0,9.0,7.0,7.0,22.0,49.5,0.015,3,2
small-world,100,43,50,70.0,74.0,69.0,69.0,71.0,71.0,85.0,49.5,0.015,3,2
small-world,100,43,51,2.0,67.0,35.0,35.0,46.0,46.0,2.0,49.5,0.015,3,2
small-world,100,43,52,7.0,59.0,24.0,24.0,38.0,38.0,10.0,49.5,0.015,3,2
small-world,100,43,53,25.0,51.0,21.0,21.0,42.0,42.0,53.0,49.5,0.015,3,2
small-world,100,43,54,25.0,42.0,17.0,17.0,32.0,32.0,58.0,49.5,0.015,3,2
small-world,100,43,55,70.0,97.0,69.0,69.0,97.0,97.0,83.0,49.5,0.015,3,2
small-world,100,43,56,70.0,36.0,69.0,69.0,57.0,57.0,77.0,49.5,0.015,3,2
small-world,100,43,57,25.0,22.0,48.0,48.0,34.0,34.0,33.0,49.5,0.015,3,2
small-world,100,43,58,25.0,9.0,41.0,41.0,19.0,19.0,51.0,49.5,0.015,3,2
small-world,100,43,59,7.0,2.0,3.0,3.0,4.0,4.0,21.0,49.5,0.015,3,2
small-world,100,43,60,25.0,56.0,48.0,48.0,49.0,49.0,37.0,49.5,0.015,3,2
small-world,100,43,61,7.0,45.0,20.0,20.0,26.0,26.0,13.0,49.5,0.015,3,2
small-world,100,43,62,70.0,49.0,69.0,69.0,58.0,58.0,81.0,49.5,0.015,3,2
small-world,100,43,63,25.0,34.0,48.0,48.0,30.0,30.0,38.0,49.5,0.015,3,2
small-world,100,43,64,70.0,60.0,69.0,69.0,75.0,75.0,72.0,49.5,0.015,3,2
small-world,100,43,65,25.0,52.0,48.0,48.0,61.0,61.0,27.0,49.5,0.015,3,2
small-world,100,43,66,25.0,40.0,41.0,41.0,47.0,47.0,40.0,49.5,0.015,3,2
small-world,100,43,67,25.0,26.0,37.0,37.0,33.0,33.0,48.0,49.5,0.015,3,2
small-world,100,43,68,25.0,14.0,32.0,32.0,21.0,21.0,59.0,49.5,0.015,3,2
small-world,100,43,69,7.0,5.0,7.0,7.0,5.0,5.0,23.0,49.5,0.015,3,2
small-world,100,43,70,70.0,77.0,69.0,69.0,77.0,77.0,78.0,49.5,0.015,3,2
small-world,100,43,71,25.0,68.0,48.0,48.0,62.0,62.0,34.0,49.5,0.015,3,2
small-world,100,43,72,25.0,79.0,48.0,48.0,76.0,76.0,26.0,49.5,0.015,3,2
small-world,100,43,73,25.0,71.0,41.0,41.0,66.0,66.0,36.0,49.5,0.015,3,2
small-world,100,43,74,25.0,64.0,37.0,37.0,60.0,60.0,45.0,49.5,0.015,3,2
small-world,100,43,75,70.0,90.0,69.0,69.0,93.0,93.0,91.0,49.5,0.015,3,2
small-world,100,43,76,70.0,99.0,69.0,69.0,99.0,99.0,96.0,49.5,0.015,3,2
small-world,100,43,77,70.0,41.0,69.0,69.0,53.0,53.0,92.0,49.5,0.015,3,2
small-world,100,43,78,70.0,39.0,69.0,69.0,54.0,54.0,89.0,49.5,0.015,3,2
small-world,100,43,79,70.0,74.0,69.0,69.0,71.0,71.0,85.0,49.5,0.015,3,2
small-world,100,43,80,70.0,97.0,69.0,69.0,97.0,97.0,83.0,49.5,0.015,3,2
small-world,100,43,81,7.0,89.0,66.0,66.0,89.0,89.0,7.0,49.5,0.015,3,2
small-world,100,43,82,70.0,63.0,69.0,69.0,68.0,68.0,80.0,49.5,0.015,3,2
small-world,100,43,83,70.0,78.0,69.0,69.0,80.0,80.0,73.0,49.5,0.015,3,2
small-world,100,43,84,25.0,69.0,48.0,48.0,65.0,65.0,28.0,49.5,0.015,3,2
small-world,100,43,85,70.0,74.0,69.0,69.0,71.0,71.0,85.0,49.5,0.015,3,2
small-world,100,43,86,7.0,61.0,36.0,36.0,50.0,50.0,8.0,49.5,0.015,3,2
small-world,100,43,87,25.0,54.0,32.0,32.0,43.0,43.0,49.0,49.5,0.015,3,2
small-world,100,43,88,70.0,62.0,69.0,69.0,74.0,74.0,76.0,49.5,0.015,3,2
small-world,100,43,89,7.0,86.0,63.0,63.0,83.0,83.0,17.0,49.5,0.015,3,2
small-world,100,43,90,7.0,83.0,47.0,47.0,81.0,81.0,12.0,49.5,0.015,3,2
small-world,100,43,91,25.0,81.0,62.0,62.0,87.0,87.0,56.0,49.5,0.015,3,2
small-world,100,43,92,7.0,81.0,61.0,61.0,85.0,85.0,14.0,49.5,0.015,3,2
small-world,100,43,93,70.0,30.0,69.0,69.0,35.0,35.0,97.0,49.5,0.015,3,2
small-world,100,43,94,7.0,1.0,2.0,2.0,2.0,2.0,24.0,49.5,0.015,3,2
small-world,100,43,95,25.0,4.0,8.0,8.0,10.0,10.0,69.0,49.5,0.015,3,2
small-world,100,43,96,25.0,8.0,10.0,10.0,11.0,11.0,67.0,49.5,0.015,3,2
small-world,100,43,97,70.0,73.0,69.0,69.0,78.0,78.0,79.0,49.5,0.015,3,2
small-world,100,43,98,25.0,24.0,48.0,48.0,27.0,27.0,43.0,49.5,0.015,3,2
small-world,100,43,99,70.0,16.0,69.0,69.0,25.0,25.0,100.0,49.5,0.015,3,2
small-world,100,44,0,21.0,11.0,18.0,18.0,6.0,6.0,74.0,49.5,0.0,2,1
small-world,100,44,1,21.0,9.0,16.0,16.0,13.0,13.0,68.0,49.5,0.0,2,1
small-world,100,44,2,75.0,94.0,75.0,75.0,98.0,98.0,75.0,49.5,0.0,2,1
small-world,100,44,3,21.0,90.0,64.0,64.0,94.0,94.0,21.0,49.5,0.0,2,1
small-world,100,44,4,21.0,41.0,41.0,41.0,31.0,31.0,55.0,49.5,0.0,2,1
small-world,100,44,5,21.0,22.0,39.0,39.0,16.0,16.0,65.0,49.5,0.0,2,1
small-world,100,44,6,21.0,43.0,36.0,36.0,32.0,32.0,58.0,49.5,0.0,2,1
small-world,100,44,7,75.0,50.0,75.0,75.0,64.0,64.0,95.0,49.5,0.0,2,1
small-world,100,44,8,75.0,72.0,75.0,75.0,84.0,84.0,82.0,49.5,0.0,2,1
small-world,100,44,9,75.0,71.0,75.0,75.0,81.0,81.0,81.0,49.5,0.0,2,1
small-world,100,44,10,21.0,60.0,64.0,64.0,55.0,55.0,29.0,49.5,0.0,2,1
small-world,100,44,11,75.0,70.0,75.0,75.0,76.0,76.0,89.0,49.5,0.0,2,1
small-world,100,44,12,5.0,59.0,44.0,44.0,46.0,46.0,7.0,49.5,0.0,2,1
small-world,100,44,13,21.0,79.0,64.0,64.0,83.0,83.0,25.0,49.5,0.0,2,1
small-world,100,44,14,21.0,69.0,59.0,59.0,66.0,66.0,33.0,49.5,0.0,2,1
small-world,100,44,15,21.0,13.0,9.0,9.0,30.0,30.0,59.0,49.5,0.0,2,1
small-world,100,44,16,21.0,7.0,8.0,8.0,21.0,21.0,66.0,49.5,0.0,2,1
small-world,100,44,17,5.0,1.0,1.0,1.0,3.0,3.0,20.0,49.5,0.0,2,1
small-world,100,44,18,75.0,46.0,75.0,75.0,56.0,56.0,90.0,49.5,0.0,2,1
small-world,100,44,19,21.0,25.0,45.0,45.0,17.0,17.0,61.0,49.5,0.0,2,1
small-world,100,44,20,75.0,78.0,75.0,75.0,82.0,82.0,92.0,49.5,0.0,2,1
small-world,100,44,21,75.0,58.0,75.0,75.0,59.0,59.0,97.0,49.5,0.0,2,1
small-world,100,44,22,21.0,45.0,13.0,13.0,48.0,48.0,51.0,49.5,0.0,2,1
small-world,100,44,23,21.0,32.0,12.0,12.0,45.0,45.0,49.0,49.5,0.0,2,1
small-world,100,44,24,21.0,20.0,11.0,11.0,36.0,36.0,54.0,49.5,0.0,2,1
small-world,100,44,25,75.0,46.0,75.0,75.0,56.0,56.0,90.0,49.5,0.0,2,1
small-world,100,44,26,75.0,99.0,75.0,75.0,99.0,99.0,78.0,49.5,0.0,2,1
small-world,100,44,27,75.0,97.0,75.0,75.0,97.0,97.0,76.0,49.5,0.0,2,1
small-world,100,44,28,21.0,93.0,64.0,64.0,92.0,92.0,22.0,49.5,0.0,2,1
small-world,100,44,29,21.0,40.0,35.0,35.0,42.0,42.0,50.0,49.5,0.0,2,1
small-world,100,44,30,21.0,36.0,34.0,34.0,47.0,47.0,46.0,49.5,0.0,2,1
small-world,100,44,31,21.0,34.0,33.0,33.0,44.0,44.0,47.0,49.5,0.0,2,1
small-world,100,44,32,21.0,30.0,30.0,30.0,35.0,35.0,53.0,49.5,0.0,2,1
small-world,100,44,33,75.0,67.0,75.0,75.0,71.0,71.0,94.0,49.5,0.0,2,1
small-world,100,44,34,21.0,91.0,52.0,52.0,86.0,86.0,38.0,49.5,0.0,2,1
small-world,100,44,35,21.0,87.0,45.0,45.0,72.0,72.0,44.0,49.5,0.0,2,1
small-world,100,44,36,21.0,81.0,41.0,41.0,61.0,61.0,56.0,49.5,0.0,2,1
small-world,100,44,37,21.0,86.0,59.0,59.0,90.0,90.0,27.0,49.5,0.0,2,1
small-world,100,44,38,75.0,72.0,75.0,75.0,84.0,84.0,82.0,49.5,0.0,2,1
small-world,100,44,39,5.0,61.0,57.0,57.0,54.0,54.0,5.0,49.5,0.0,2,1
small-world,100,44,40,21.0,44.0,52.0,52.0,34.0,34.0,42.0,49.5,0.0,2,1
small-world,100,44,41,21.0,3.0,6.0,6.0,10.0,10.0,72.0,49.5,0.0,2,1
small-world,100,44,42,21.0,4.0,7.0,7.0,14.0,14.0,63.0,49.5,0.0,2,1
small-world,100,44,43,5.0,6.0,5.0,5.0,7.0,7.0,16.0,49.5,0.0,2,1
small-world,100,44,44,75.0,53.0,75.0,75.0,70.0,70.0,87.0,49.5,0.0,2,1
small-world,100,44,45,5.0,35.0,50.0,50.0,38.0,38.0,6.0,49.5,0.0,2,1
small-world,100,44,46,75.0,68.0,75.0,75.0,77.0,77.0,85.0,49.5,0.0,2,1
small-world,100,44,47,21.0,57.0,64.0,64.0,52.0,52.0,34.0,49.5,0.0,2,1
small-world,100,44,48,75.0,28.0,75.0,75.0,50.0,50.0,98.0,49.5,0.0,2,1
small-world,100,44,49,5.0,29.0,26.0,26.0,27.0,27.0,12.0,49.5,0.0,2,1
small-world,100,44,50,5.0,15.0,23.0,23.0,11.0,11.0,17.0,49.5,0.0,2,1
small-world,100,44,51,5.0,8.0,3.0,3.0,4.0,4.0,18.0,49.5,0.0,2,1
small-world,100,44,52,5.0,13.0,17.0,17.0,8.0,8.0,15.0,49.5,0.0,2,1
small-world,100,44,53,21.0,18.0,20.0,20.0,23.0,23.0,62.0,49.5,0.0,2,1
small-world,100,44,54,21.0,21.0,21.0,21.0,20.0,20.0,70.0,49.5,0.0,2,1
small-world,100,44,55,75.0,83.0,75.0,75.0,75.0,75.0,100.0,49.5,0.0,2,1
small-world,100,44,56,2.0,75.0,22.0,22.0,33.0,33.0,3.0,49.5,0.0,2,1
small-world,100,44,57,5.0,64.0,19.0,19.0,37.0,37.0,14.0,49.5,0.0,2,1
small-world,100,44,58,5.0,56.0,14.0,14.0,39.0,39.0,11.0,49.5,0.0,2,1
small-world,100,44,59,21.0,54.0,31.0,31.0,41.0,41.0,57.0,49.5,0.0,2,1
small-world,100,44,60,75.0,66.0,75.0,75.0,88.0,88.0,80.0,49.5,0.0,2,1
small-world,100,44,61,75.0,61.0,75.0,75.0,63.0,63.0,93.0,49.5,0.0,2,1
small-world,100,44,62,5.0,42.0,50.0,50.0,26.0,26.0,10.0,49.5,0.0,2,1
small-world,100,44,63,75.0,48.0,75.0,75.0,58.0,58.0,88.0,49.5,0.0,2,1
small-world,100,44,64,21.0,27.0,64.0,64.0,24.0,24.0,43.0,49.5,0.0,2,1
small-world,100,44,65,1.0,12.0,4.0,4.0,1.0,1.0,1.0,49.5,0.0,2,1
small-world,100,44,66,21.0,80.0,52.0,52.0,80.0,80.0,35.0,49.5,0.0,2,1
small-world,100,44,67,21.0,74.0,45.0,45.0,68.0,68.0,39.0,49.5,0.0,2,1
small-world,100,44,68,21.0,63.0,41.0,41.0,60.0,60.0,45.0,49.5,0.0,2,1
small-world,100,44,69,21.0,49.0,39.0,39.0,49.0,49.0,48.0,49.5,0.0,2,1
small-world,100,44,70,75.0,85.0,75.0,75.0,95.0,95.0,79.0,49.5,0.0,2,1
small-world,100,44,71,21.0,24.0,29.0,29.0,29.0,29.0,60.0,49.5,0.0,2,1
small-world,100,44,72,21.0,17.0,28.0,28.0,12.0,12.0,69.0,49.5,0.0,2,1
small-world,100,44,73,75.0,55.0,75.0,75.0,79.0,79.0,84.0,49.5,0.0,2,1
small-world,100,44,74,21.0,36.0,64.0,64.0,53.0,53.0,32.0,49.5,0.0,2,1
small-world,100,44,75,5.0,19.0,37.0,37.0,25.0,25.0,13.0,49.5,0.0,2,1
small-world,100,44,76,21.0,10.0,31.0,31.0,19.0,19.0,67.0,49.5,0.0,2,1
small-world,100,44,77,5.0,2.0,2.0,2.0,2.0,2.0,19.0,49.5,0.0,2,1
small-world,100,44,78,21.0,96.0,64.0,64.0,93.0,93.0,24.0,49.5,0.0,2,1
small-world,100,44,79,21.0,92.0,59.0,59.0,89.0,89.0,31.0,49.5,0.0,2,1
small-world,100,44,80,21.0,88.0,52.0,52.0,74.0,74.0,40.0,49.5,0.0,2,1
small-world,100,44,81,21.0,82.0,45.0,45.0,62.0,62.0,52.0,49.5,0.0,2,1
small-world,100,44,82,5.0,26.0,57.0,57.0,15.0,15.0,8.0,49.5,0.0,2,1
small-world,100,44,83,21.0,52.0,64.0,64.0,65.0,65.0,26.0,49.5,0.0,2,1
small-world,100,44,84,75.0,16.0,75.0,75.0,43.0,43.0,99.0,49.5,0.0,2,1
small-world,100,44,85,21.0,77.0,45.0,45.0,67.0,67.0,41.0,49.5,0.0,2,1
small-world,100,44,86,5.0,65.0,38.0,38.0,51.0,51.0,9.0,49.5,0.0,2,1
small-world,100,44,87,21.0,39.0,27.0,27.0,28.0,28.0,64.0,49.5,0.0,2,1
small-world,100,44,88,2.0,22.0,10.0,10.0,5.0,5.0,4.0,49.5,0.0,2,1
small-world,100,44,89,21.0,31.0,25.0,25.0,22.0,22.0,71.0,49.5,0.0,2,1
small-world,100,44,90,2.0,38.0,24.0,24.0,18.0,18.0,2.0,49.5,0.0,2,1
small-world,100,44,91,75.0,100.0,75.0,75.0,100.0,100.0,77.0,49.5,0.0,2,1
small-world,100,44,92,21.0,98.0,64.0,64.0,96.0,96.0,23.0,49.5,0.0,2,1
small-world,100,44,93,21.0,95.0,59.0,59.0,91.0,91.0,30.0,49.5,0.0,2,1
small-world,100,44,94,75.0,76.0,75.0,75.0,73.0,73.0,96.0,49.5,0.0,2,1
small-world,100,44,95,21.0,89.0,59.0,59.0,87.0,87.0,28.0,49.5,0.0,2,1
small-world,100,44,96,21.0,84.0,52.0,52.0,78.0,78.0,37.0,49.5,0.0,2,1
small-world,100,44,97,21.0,5.0,15.0,15.0,9.0,9.0,73.0,49.5,0.0,2,1
small-world,100,44,98,75.0,51.0,75.0,75.0,69.0,69.0,86.0,49.5,0.0,2,1
small-world,100,44,99,21.0,33.0,64.0,64.0,40.0,40.0,36.0,49.5,0.0,2,1
