small-world,100,47,0,23.0,61.0,49.0,49.0,69.0,69.0,26.0,49.5,0.0,2,1
small-world,100,47,1,23.0,45.0,42.0,42.0,45.0,45.0,41.0,49.5,0.0,2,1
small-world,100,47,2,71.0,28.0,71.0,71.0,46.0,46.0,91.0,49.5,0.0,2,1
small-world,100,47,3,71.0,48.0,71.0,71.0,52.0,52.0,98.0,49.5,0.0,2,1
small-world,100,47,4,1.0,27.0,41.0,41.0,18.0,18.0,3.0,49.5,0.0,2,1
small-world,100,47,5,23.0,46.0,42.0,42.0,29.0,29.0,60.0,49.5,0.0,2,1
small-world,100,47,6,1.0,28.0,10.0,10.0,8.0,8.0,7.0,49.5,0.0,2,1
small-world,100,47,7,9.0,19.0,9.0,9.0,11.0,11.0,19.0,49.5,0.0,2,1
small-world,100,47,8,23.0,36.0,49.0,49.0,38.0,38.0,43.0,49.5,0.0,2,1
small-world,100,47,9,23.0,35.0,18.0,18.0,35.0,35.0,63.0,49.5,0.0,2,1
small-world,100,47,10,23.0,21.0,17.0,17.0,21.0,21.0,66.0,49.5,0.0,2,1
small-world,100,47,11,71.0,60.0,71.0,71.0,80.0,80.0,77.0,49.5,0.0,2,1
small-world,100,47,12,23.0,40.0,49.0,49.0,55.0,55.0,29.0,49.5,0.0,2,1
small-world,100,47,13,23.0,23.0,42.0,42.0,33.0,33.0,49.0,49.5,0.0,2,1
small-world,100,47,14,23.0,3.0,6.0,6.0,5.0,5.0,70.0,49.5,0.0,2,1
small-world,100,47,15,71.0,97.0,71.0,71.0,99.0,99.0,73.0,49.5,0.0,2,1
small-world,100,47,16,23.0,93.0,49.0,49.0,91.0,91.0,25.0,49.5,0.0,2,1
small-world,100,47,17,9.0,87.0,37.0,37.0,77.0,77.0,9.0,49.5,0.0,2,1
small-world,100,47,18,23.0,78.0,34.0,34.0,75.0,75.0,48.0,49.5,0.0,2,1
small-world,100,47,19,71.0,75.0,71.0,71.0,79.0,79.0,80.0,49.5,0.0,2,1
small-world,100,47,20,23.0,63.0,49.0,49.0,49.0,49.0,33.0,49.5,0.0,2,1
small-world,100,47,21,71.0,91.0,71.0,71.0,95.0,95.0,78.0,49.5,0.0,2,1
small-world,100,47,22,23.0,85.0,49.0,49.0,83.0,83.0,30.0,49.5,0.0,2,1
small-world,100,47,23,9.0,77.0,31.0,31.0,65.0,65.0,10.0,49.5,0.0,2,1
small-world,100,47,24,23.0,65.0,27.0,27.0,58.0,58.0,56.0,49.5,0.0,2,1
small-world,100,47,25,9.0,51.0,19.0,19.0,42.0,42.0,11.0,49.5,0.0,2,1
small-world,100,47,26,23.0,11.0,49.0,49.0,20.0,20.0,53.0,49.5,0.0,2,1
small-world,100,47,27,71.0,53.0,71.0,71.0,66.0,66.0,89.0,49.5,0.0,2,1
small-world,100,47,28,23.0,34.0,49.0,49.0,31.0,31.0,50.0,49.5,0.0,2,1
small-world,100,47,29,71.0,43.0,71.0,71.0,68.0,68.0,84.0,49.5,0.0,2,1
small-world,100,47,30,23.0,24.0,49.0,49.0,37.0,37.0,38.0,49.5,0.0,2,1
small-world,100,47,31,9.0,9.0,25.0,25.0,15.0,15.0,16.0,49.5,0.0,2,1
small-world,100,47,32,71.0,46.0,71.0,71.0,54.0,54.0,93.0,49.5,0.0,2,1
small-world,100,47,33,9.0,26.0,33.0,33.0,22.0,22.0,12.0,49.5,0.0,2,1
small-world,100,47,34,23.0,42.0,22.0,22.0,23.0,23.0,65.0,49.5,0.0,2,1
small-world,100,47,35,71.0,18.0,71.0,71.0,32.0,32.0,96.0,49.5,0.0,2,1
small-world,100,47,36,1.0,6.0,5.0,5.0,7.0,7.0,1.0,49.5,0.0,2,1
small-world,100,47,37,23.0,69.0,49.0,49.0,56.0,56.0,36.0,49.5,0.0,2,1
small-world,100,47,38,9.0,57.0,31.0,31.0,28.0,28.0,14.0,49.5,0.0,2,1
small-world,100,47,39,71.0,80.0,71.0,71.0,85.0,85.0,82.0,49.5,0.0,2,1
small-world,100,47,40,71.0,31.0,71.0,71.0,51.0,51.0,88.0,49.5,0.0,2,1
small-world,100,47,41,23.0,15.0,49.0,49.0,25.0,25.0,45.0,49.5,0.0,2,1
small-world,100,47,42,9.0,4.0,4.0,4.0,4.0,4.0,18.0,49.5,0.0,2,1
small-world,100,47,43,1.0,1.0,2.0,2.0,2.0,2.0,5.0,49.5,0.0,2,1
small-world,100,47,44,1.0,1.0,3.0,3.0,3.0,3.0,6.0,49.5,0.0,2,1
small-world,100,47,45,71.0,41.0,71.0,71.0,48.0,48.0,95.0,49.5,0.0,2,1
small-world,100,47,46,71.0,52.0,71.0,71.0,63.0,63.0,94.0,49.5,0.0,2,1
small-world,100,47,47,23.0,85.0,49.0,49.0,83.0,83.0,30.0,49.5,0.0,2,1
small-world,100,47,48,71.0,89.0,71.0,71.0,93.0,93.0,75.0,49.5,0.0,2,1
small-world,100,47,49,23.0,82.0,49.0,49.0,76.0,76.0,27.0,49.5,0.0,2,1
small-world,100,47,50,71.0,91.0,71.0,71.0,95.0,95.0,78.0,49.5,0.0,2,1
small-world,100,47,51,71.0,32.0,71.0,71.0,59.0,59.0,86.0,49.5,0.0,2,1
small-world,100,47,52,23.0,17.0,49.0,49.0,27.0,27.0,40.0,49.5,0.0,2,1
small-world,100,47,53,23.0,72.0,42.0,42.0,61.0,61.0,42.0,49.5,0.0,2,1
small-world,100,47,54,9.0,59.0,25.0,25.0,36.0,36.0,13.0,49.5,0.0,2,1
small-world,100,47,55,71.0,37.0,71.0,71.0,43.0,43.0,97.0,49.5,0.0,2,1
small-world,100,47,56,71.0,98.0,71.0,71.0,98.0,98.0,72.0,49.5,0.0,2,1
small-world,100,47,57,23.0,68.0,34.0,34.0,47.0,47.0,57.0,49.5,0.0,2,1
small-world,100,47,58,23.0,56.0,27.0,27.0,34.0,34.0,64.0,49.5,0.0,2,1
small-world,100,47,59,23.0,95.0,49.0,49.0,90.0,90.0,24.0,49.5,0.0,2,1
small-world,100,47,60,23.0,88.0,42.0,42.0,81.0,81.0,34.0,49.5,0.0,2,1
small-world,100,47,61,23.0,79.0,38.0,38.0,71.0,71.0,46.0,49.5,0.0,2,1
small-world,100,47,62,71.0,83.0,71.0,71.0,87.0,87.0,81.0,49.5,0.0,2,1
small-world,100,47,63,23.0,73.0,49.0,49.0,64.0,64.0,35.0,49.5,0.0,2,1
small-world,100,47,64,23.0,67.0,27.0,27.0,67.0,67.0,54.0,49.5,0.0,2,1
small-world,100,47,65,23.0,55.0,22.0,22.0,50.0,50.0,58.0,49.5,0.0,2,1
small-world,100,47,66,23.0,38.0,20.0,20.0,40.0,40.0,61.0,49.5,0.0,2,1
small-world,100,47,67,9.0,22.0,15.0,15.0,19.0,19.0,17.0,49.5,0.0,2,1
small-world,100,47,68,9.0,14.0,14.0,14.0,9.0,9.0,21.0,49.5,0.0,2,1
small-world,100,47,69,71.0,12.0,71.0,71.0,26.0,26.0,100.0,49.5,0.0,2,1
small-world,100,47,70,71.0,66.0,71.0,71.0,74.0,74.0,92.0,49.5,0.0,2,1
small-world,100,47,71,23.0,10.0,38.0,38.0,16.0,16.0,62.0,49.5,0.0,2,1
small-world,100,47,72,71.0,80.0,71.0,71.0,85.0,85.0,82.0,49.5,0.0,2,1
small-world,100,47,73,23.0,69.0,49.0,49.0,56.0,56.0,36.0,49.5,0.0,2,1
small-world,100,47,74,71.0,61.0,71.0,71.0,82.0,82.0,76.0,49.5,0.0,2,1
small-world,100,47,75,23.0,43.0,49.0,49.0,60.0,60.0,28.0,49.5,0.0,2,1
small-world,100,47,76,23.0,25.0,42.0,42.0,39.0,39.0,44.0,49.5,0.0,2,1
small-world,100,47,77,23.0,30.0,70.0,70.0,30.0,30.0,68.0,49.5,0.0,2,1
small-world,100,47,78,71.0,94.0,71.0,71.0,94.0,94.0,85.0,49.5,0.0,2,1
small-world,100,47,79,71.0,71.0,71.0,71.0,73.0,73.0,90.0,49.5,0.0,2,1
small-world,100,47,80,23.0,58.0,49.0,49.0,41.0,41.0,51.0,49.5,0.0,2,1
small-world,100,47,81,1.0,39.0,12.0,12.0,13.0,13.0,4.0,49.5,0.0,2,1
small-world,100,47,82,23.0,64.0,22.0,22.0,62.0,62.0,55.0,49.5,0.0,2,1
small-world,100,47,83,23.0,50.0,20.0,20.0,44.0,44.0,59.0,49.5,0.0,2,1
small-world,100,47,84,9.0,32.0,15.0,15.0,24.0,24.0,15.0,49.5,0.0,2,1
small-world,100,47,85,1.0,20.0,13.0,13.0,12.0,12.0,2.0,49.5,0.0,2,1
small-world,100,47,86,9.0,8.0,11.0,11.0,6.0,6.0,22.0,49.5,0.0,2,1
small-world,100,47,87,1.0,5.0,1.0,1.0,1.0,1.0,8.0,49.5,0.0,2,1
small-world,100,47,88,23.0,16.0,69.0,69.0,17.0,17.0,69.0,49.5,0.0,2,1
small-world,100,47,89,9.0,13.0,7.0,7.0,10.0,10.0,20.0,49.5,0.0,2,1
small-world,100,47,90,23.0,7.0,8.0,8.0,14.0,14.0,67.0,49.5,0.0,2,1
small-world,100,47,91,71.0,48.0,71.0,71.0,52.0,52.0,98.0,49.5,0.0,2,1
small-world,100,47,92,71.0,100.0,71.0,71.0,100.0,100.0,71.0,49.5,0.0,2,1
small-world,100,47,93,23.0,99.0,49.0,49.0,97.0,97.0,23.0,49.5,0.0,2,1
small-world,100,47,94,23.0,96.0,42.0,42.0,92.0,92.0,32.0,49.5,0.0,2,1
small-world,100,47,95,23.0,90.0,38.0,38.0,89.0,89.0,39.0,49.5,0.0,2,1
small-world,100,47,96,23.0,84.0,34.0,34.0,78.0,78.0,47.0,49.5,0.0,2,1
small-world,100,47,97,23.0,76.0,27.0,27.0,72.0,72.0,52.0,49.5,0.0,2,1
small-world,100,47,98,71.0,54.0,71.0,71.0,70.0,70.0,87.0,49.5,0.0,2,1
small-world,100,47,99,71.0,74.0,71.0,71.0,88.0,88.0,74.0,49.5,0.0,2,1
small-world,100,48,0,2.0,26.0,27.0,27.0,12.0,12.0,6.0,49.5,0.0,2,1
small-world,100,48,1,27.0,40.0,39.0,39.0,25.0,25.0,65.0,49.5,0.0,2,1
small-world,100,48,2,68.0,25.0,68.0,68.0,60.0,60.0,82.0,49.5,0.0,2,1
small-world,100,48,3,27.0,13.0,53.0,53.0,27.0,27.0,41.0,49.5,0.0,2,1
small-world,100,48,4,68.0,31.0,68.0,68.0,48.0,48.0,97.0,49.5,0.0,2,1
small-world,100,48,5,27.0,53.0,53.0,53.0,77.0,77.0,29.0,49.5,0.0,2,1
small-world,100,48,6,27.0,34.0,45.0,45.0,55.0,55.0,39.0,49.5,0.0,2,1
small-world,100,48,7,7.0,21.0,34.0,34.0,32.0,32.0,10.0,49.5,0.0,2,1
small-world,100,48,8,27.0,10.0,32.0,32.0,22.0,22.0,58.0,49.5,0.0,2,1
small-world,100,48,9,7.0,89.0,44.0,44.0,72.0,72.0,7.0,49.5,0.0,2,1
small-world,100,48,10,7.0,81.0,25.0,25.0,54.0,54.0,13.0,49.5,0.0,2,1
small-world,100,48,11,27.0,72.0,24.0,24.0,58.0,58.0,54.0,49.5,0.0,2,1
small-world,100,48,12,27.0,20.0,14.0,14.0,31.0,31.0,55.0,49.5,0.0,2,1
small-world,100,48,13,27.0,3.0,7.0,7.0,17.0,17.0,60.0,49.5,0.0,2,1
small-world,100,48,14,68.0,87.0,68.0,68.0,92.0,92.0,77.0,49.5,0.0,2,1
small-world,100,48,15,27.0,79.0,53.0,53.0,71.0,71.0,36.0,49.5,0.0,2,1
small-world,100,48,16,68.0,95.0,68.0,68.0,96.0,96.0,69.0,49.5,0.0,2,1
small-world,100,48,17,68.0,84.0,68.0,68.0,95.0,95.0,71.0,49.5,0.0,2,1
small-world,100,48,18,68.0,15.0,68.0,68.0,40.0,40.0,94.0,49.5,0.0,2,1
small-world,100,48,19,27.0,30.0,53.0,53.0,39.0,39.0,40.0,49.5,0.0,2,1
small-world,100,48,20,7.0,51.0,38.0,38.0,24.0,24.0,19.0,49.5,0.0,2,1
small-world,100,48,21,68.0,85.0,68.0,68.0,91.0,91.0,72.0,49.5,0.0,2,1
small-world,100,48,22,27.0,77.0,53.0,53.0,75.0,75.0,31.0,49.5,0.0,2,1
small-world,100,48,23,27.0,63.0,45.0,45.0,51.0,51.0,48.0,49.5,0.0,2,1
small-world,100,48,24,27.0,22.0,18.0,18.0,14.0,14.0,67.0,49.5,0.0,2,1
small-world,100,48,25,68.0,46.0,68.0,68.0,69.0,69.0,81.0,49.5,0.0,2,1
small-world,100,48,26,68.0,67.0,68.0,68.0,70.0,70.0,92.0,49.5,0.0,2,1
small-world,100,48,27,7.0,54.0,26.0,26.0,30.0,30.0,14.0,49.5,0.0,2,1
small-world,100,48,28,7.0,39.0,21.0,21.0,20.0,20.0,18.0,49.5,0.0,2,1
small-world,100,48,29,27.0,28.0,20.0,20.0,21.0,21.0,62.0,49.5,0.0,2,1
small-world,100,48,30,2.0,19.0,13.0,13.0,13.0,13.0,4.0,49.5,0.0,2,1
small-world,100,48,31,27.0,59.0,22.0,22.0,52.0,52.0,57.0,49.5,0.0,2,1
small-world,100,48,32,7.0,49.0,17.0,17.0,43.0,43.0,15.0,49.5,0.0,2,1
small-world,100,48,33,27.0,37.0,16.0,16.0,46.0,46.0,56.0,49.5,0.0,2,1
small-world,100,48,34,27.0,27.0,15.0,15.0,44.0,44.0,53.0,49.5,0.0,2,1
small-world,100,48,35,2.0,3.0,3.0,3.0,3.0,3.0,5.0,49.5,0.0,2,1
small-world,100,48,36,27.0,6.0,8.0,8.0,15.0,15.0,64.0,49.5,0.0,2,1
small-world,100,48,37,27.0,8.0,9.0,9.0,11.0,11.0,66.0,49.5,0.0,2,1
small-world,100,48,38,7.0,10.0,11.0,11.0,9.0,9.0,20.0,49.5,0.0,2,1
small-world,100,48,39,7.0,7.0,1.0,1.0,4.0,4.0,23.0,49.5,0.0,2,1
small-world,100,48,40,2.0,5.0,4.0,4.0,6.0,6.0,3.0,49.5,0.0,2,1
small-world,100,48,41,27.0,75.0,53.0,53.0,82.0,82.0,30.0,49.5,0.0,2,1
small-world,100,48,42,27.0,62.0,45.0,45.0,62.0,62.0,45.0,49.5,0.0,2,1
small-world,100,48,43,68.0,35.0,68.0,68.0,67.0,67.0,90.0,49.5,0.0,2,1
small-world,100,48,44,27.0,44.0,29.0,29.0,26.0,26.0,59.0,49.5,0.0,2,1
small-world,100,48,45,1.0,32.0,19.0,19.0,5.0,5.0,1.0,49.5,0.0,2,1
small-world,100,48,46,68.0,15.0,68.0,68.0,40.0,40.0,94.0,49.5,0.0,2,1
small-world,100,48,47,27.0,92.0,36.0,36.0,80.0,80.0,46.0,49.5,0.0,2,1
small-world,100,48,48,27.0,88.0,32.0,32.0,74.0,74.0,52.0,49.5,0.0,2,1
small-world,100,48,49,68.0,70.0,68.0,68.0,78.0,78.0,89.0,49.5,0.0,2,1
small-world,100,48,50,7.0,56.0,41.0,41.0,42.0,42.0,9.0,49.5,0.0,2,1
small-world,100,48,51,27.0,82.0,45.0,45.0,73.0,73.0,38.0,49.5,0.0,2,1
small-world,100,48,52,7.0,73.0,34.0,34.0,50.0,50.0,8.0,49.5,0.0,2,1
small-world,100,48,53,7.0,58.0,31.0,31.0,36.0,36.0,11.0,49.5,0.0,2,1
small-world,100,48,54,68.0,93.0,68.0,68.0,93.0,93.0,83.0,49.5,0.0,2,1
small-world,100,48,55,27.0,57.0,53.0,53.0,59.0,59.0,33.0,49.5,0.0,2,1
small-world,100,48,56,27.0,41.0,45.0,45.0,35.0,35.0,50.0,49.5,0.0,2,1
small-world,100,48,57,27.0,12.0,12.0,12.0,19.0,19.0,61.0,49.5,0.0,2,1
small-world,100,48,58,68.0,98.0,68.0,68.0,97.0,97.0,78.0,49.5,0.0,2,1
small-world,100,48,59,27.0,90.0,53.0,53.0,87.0,87.0,28.0,49.5,0.0,2,1
small-world,100,48,60,27.0,29.0,53.0,53.0,28.0,28.0,44.0,49.5,0.0,2,1
small-world,100,48,61,7.0,24.0,28.0,28.0,10.0,10.0,24.0,49.5,0.0,2,1
small-world,100,48,62,7.0,15.0,10.0,10.0,2.0,2.0,26.0,49.5,0.0,2,1
small-world,100,48,63,7.0,9.0,5.0,5.0,1.0,1.0,25.0,49.5,0.0,2,1
small-world,100,48,64,68.0,80.0,68.0,68.0,88.0,88.0,75.0,49.5,0.0,2,1
small-world,100,48,65,27.0,69.0,53.0,53.0,66.0,66.0,34.0,49.5,0.0,2,1
small-world,100,48,66,27.0,2.0,6.0,6.0,16.0,16.0,63.0,49.5,0.0,2,1
small-world,100,48,67,7.0,1.0,2.0,2.0,7.0,7.0,21.0,49.5,0.0,2,1
small-world,100,48,68,68.0,14.0,68.0,68.0,37.0,37.0,98.0,49.5,0.0,2,1
small-world,100,48,69,68.0,43.0,68.0,68.0,63.0,63.0,87.0,49.5,0.0,2,1
small-world,100,48,70,68.0,98.0,68.0,68.0,97.0,97.0,78.0,49.5,0.0,2,1
small-world,100,48,71,2.0,97.0,40.0,40.0,79.0,79.0,2.0,49.5,0.0,2,1
small-world,100,48,72,68.0,71.0,68.0,68.0,86.0,86.0,74.0,49.5,0.0,2,1
small-world,100,48,73,68.0,83.0,68.0,68.0,84.0,84.0,88.0,49.5,0.0,2,1
small-world,100,48,74,68.0,68.0,68.0,68.0,83.0,83.0,76.0,49.5,0.0,2,1
small-world,100,48,75,27.0,55.0,53.0,53.0,56.0,56.0,35.0,49.5,0.0,2,1
small-world,100,48,76,27.0,38.0,45.0,45.0,29.0,29.0,51.0,49.5,0.0,2,1
small-world,100,48,77,68.0,36.0,68.0,68.0,64.0,64.0,85.0,49.5,0.0,2,1
small-world,100,48,78,27.0,22.0,53.0,53.0,34.0,34.0,42.0,49.5,0.0,2,1
small-world,100,48,79,27.0,91.0,53.0,53.0,89.0,89.0,27.0,49.5,0.0,2,1
small-world,100,48,80,27.0,86.0,45.0,45.0,81.0,81.0,37.0,49.5,0.0,2,1
small-world,100,48,81,27.0,78.0,42.0,42.0,65.0,65.0,47.0,49.5,0.0,2,1
small-world,100,48,82,7.0,65.0,30.0,30.0,45.0,45.0,12.0,49.5,0.0,2,1
small-world,100,48,83,68.0,64.0,68.0,68.0,68.0,68.0,86.0,49.5,0.0,2,1
small-world,100,48,84,68.0,93.0,68.0,68.0,93.0,93.0,83.0,49.5,0.0,2,1
small-world,100,48,85,68.0,75.0,68.0,68.0,85.0,85.0,73.0,49.5,0.0,2,1
small-world,100,48,86,27.0,61.0,53.0,53.0,57.0,57.0,32.0,49.5,0.0,2,1
small-world,100,48,87,27.0,47.0,45.0,45.0,33.0,33.0,49.0,49.5,0.0,2,1
small-world,100,48,88,68.0,66.0,68.0,68.0,90.0,90.0,70.0,49.5,0.0,2,1
small-world,100,48,89,68.0,98.0,68.0,68.0,97.0,97.0,78.0,49.5,0.0,2,1
small-world,100,48,90,68.0,96.0,68.0,68.0,100.0,100.0,68.0,49.5,0.0,2,1
small-world,100,48,91,68.0,42.0,68.0,68.0,49.0,49.0,100.0,49.5,0.0,2,1
small-world,100,48,92,68.0,74.0,68.0,68.0,76.0,76.0,91.0,49.5,0.0,2,1
small-world,100,48,93,68.0,60.0,68.0,68.0,61.0,61.0,93.0,49.5,0.0,2,1
small-world,100,48,94,7.0,45.0,43.0,43.0,23.0,23.0,16.0,49.5,0.0,2,1
small-world,100,48,95,7.0,33.0,37.0,37.0,18.0,18.0,17.0,49.5,0.0,2,1
small-world,100,48,96,68.0,49.0,68.0,68.0,47.0,47.0,99.0,49.5,0.0,2,1
small-world,100,48,97,68.0,52.0,68.0,68.0,53.0,53.0,96.0,49.5,0.0,2,1
small-world,100,48,98,27.0,48.0,53.0,53.0,38.0,38.0,43.0,49.5,0.0,2,1
small-world,100,48,99,7.0,18.0,23.0,23.0,8.0,8.0,22.0,49.5,0.0,2,1
