small-world,100,5,0,5.0,24.0,17.0,17.0,23.0,23.0,14.0,49.5,0.0,2,2
small-world,100,5,1,28.0,15.0,16.0,16.0,21.0,21.0,60.0,49.5,0.0,2,2
small-world,100,5,2,70.0,12.0,70.0,70.0,29.0,29.0,98.0,49.5,0.0,2,2
small-world,100,5,3,70.0,62.0,70.0,70.0,60.0,60.0,91.0,49.5,0.0,2,2
small-world,100,5,4,5.0,48.0,34.0,34.0,24.0,24.0,8.0,49.5,0.0,2,2
small-world,100,5,5,70.0,54.0,70.0,70.0,71.0,71.0,83.0,49.5,0.0,2,2
small-world,100,5,6,28.0,41.0,48.0,48.0,46.0,46.0,39.0,49.5,0.0,2,2
small-world,100,5,7,70.0,59.0,70.0,70.0,81.0,81.0,70.0,49.5,0.0,2,2
small-world,100,5,8,28.0,44.0,48.0,48.0,61.0,61.0,28.0,49.5,0.0,2,2
small-world,100,5,9,28.0,30.0,41.0,41.0,49.0,49.0,42.0,49.5,0.0,2,2
small-world,100,5,10,28.0,20.0,35.0,35.0,28.0,28.0,47.0,49.5,0.0,2,2
small-world,100,5,11,28.0,89.0,61.0,61.0,90.0,90.0,55.0,49.5,0.0,2,2
small-world,100,5,12,28.0,90.0,62.0,62.0,92.0,92.0,62.0,49.5,0.0,2,2
small-world,100,5,13,70.0,72.0,70.0,70.0,77.0,77.0,77.0,49.5,0.0,2,2
small-world,100,5,14,28.0,61.0,48.0,48.0,53.0,53.0,35.0,49.5,0.0,2,2
small-world,100,5,15,5.0,12.0,9.0,9.0,8.0,8.0,22.0,49.5,0.0,2,2
small-world,100,5,16,70.0,85.0,70.0,70.0,85.0,85.0,73.0,49.5,0.0,2,2
small-world,100,5,17,28.0,79.0,48.0,48.0,78.0,78.0,31.0,49.5,0.0,2,2
small-world,100,5,18,28.0,73.0,41.0,41.0,62.0,62.0,45.0,49.5,0.0,2,2
small-world,100,5,19,5.0,67.0,27.0,27.0,51.0,51.0,9.0,49.5,0.0,2,2
small-world,100,5,20,1.0,53.0,33.0,33.0,36.0,36.0,1.0,49.5,0.0,2,2
small-world,100,5,21,28.0,40.0,32.0,32.0,31.0,31.0,59.0,49.5,0.0,2,2
small-world,100,5,22,5.0,29.0,26.0,26.0,17.0,17.0,25.0,49.5,0.0,2,2
small-world,100,5,23,5.0,8.0,14.0,14.0,13.0,13.0,18.0,49.5,0.0,2,2
small-world,100,5,24,28.0,76.0,41.0,41.0,63.0,63.0,43.0,49.5,0.0,2,2
small-world,100,5,25,28.0,70.0,35.0,35.0,57.0,57.0,48.0,49.5,0.0,2,2
small-world,100,5,26,70.0,86.0,70.0,70.0,86.0,86.0,71.0,49.5,0.0,2,2
small-world,100,5,27,28.0,81.0,48.0,48.0,79.0,79.0,29.0,49.5,0.0,2,2
small-world,100,5,28,70.0,49.0,70.0,70.0,70.0,70.0,76.0,49.5,0.0,2,2
small-world,100,5,29,70.0,83.0,70.0,70.0,82.0,82.0,81.0,49.5,0.0,2,2
small-world,100,5,30,5.0,17.0,12.0,12.0,10.0,10.0,23.0,49.5,0.0,2,2
small-world,100,5,31,70.0,83.0,70.0,70.0,82.0,82.0,81.0,49.5,0.0,2,2
small-world,100,5,32,5.0,75.0,40.0,40.0,59.0,59.0,5.0,49.5,0.0,2,2
small-world,100,5,33,70.0,54.0,70.0,70.0,71.0,71.0,83.0,49.5,0.0,2,2
small-world,100,5,34,5.0,9.0,28.0,28.0,15.0,15.0,15.0,49.5,0.0,2,2
small-world,100,5,35,70.0,64.0,70.0,70.0,67.0,67.0,87.0,49.5,0.0,2,2
small-world,100,5,36,5.0,57.0,22.0,22.0,39.0,39.0,16.0,49.5,0.0,2,2
small-world,100,5,37,28.0,46.0,20.0,20.0,40.0,40.0,57.0,49.5,0.0,2,2
small-world,100,5,38,28.0,35.0,19.0,19.0,30.0,30.0,58.0,49.5,0.0,2,2
small-world,100,5,39,5.0,27.0,18.0,18.0,19.0,19.0,17.0,49.5,0.0,2,2
small-world,100,5,40,70.0,16.0,70.0,70.0,37.0,37.0,97.0,49.5,0.0,2,2
small-world,100,5,41,28.0,6.0,11.0,11.0,11.0,11.0,67.0,49.5,0.0,2,2
small-world,100,5,42,5.0,4.0,1.0,1.0,2.0,2.0,24.0,49.5,0.0,2,2
small-world,100,5,43,5.0,2.0,3.0,3.0,4.0,4.0,20.0,49.5,0.0,2,2
small-world,100,5,44,28.0,1.0,4.0,4.0,7.0,7.0,66.0,49.5,0.0,2,2
small-world,100,5,45,70.0,99.0,70.0,70.0,100.0,100.0,75.0,49.5,0.0,2,2
small-world,100,5,46,28.0,33.0,48.0,48.0,50.0,50.0,34.0,49.5,0.0,2,2
small-world,100,5,47,28.0,23.0,41.0,41.0,27.0,27.0,50.0,49.5,0.0,2,2
small-world,100,5,48,28.0,58.0,29.0,29.0,35.0,35.0,52.0,49.5,0.0,2,2
small-world,100,5,49,70.0,80.0,70.0,70.0,84.0,84.0,79.0,49.5,0.0,2,2
small-world,100,5,50,70.0,63.0,70.0,70.0,73.0,73.0,78.0,49.5,0.0,2,2
small-world,100,5,51,28.0,52.0,48.0,48.0,52.0,52.0,36.0,49.5,0.0,2,2
small-world,100,5,52,70.0,78.0,70.0,70.0,75.0,75.0,90.0,49.5,0.0,2,2
small-world,100,5,53,5.0,69.0,31.0,31.0,45.0,45.0,7.0,49.5,0.0,2,2
small-world,100,5,54,70.0,68.0,70.0,70.0,74.0,74.0,92.0,49.5,0.0,2,2
small-world,100,5,55,5.0,56.0,24.0,24.0,43.0,43.0,10.0,49.5,0.0,2,2
small-world,100,5,56,28.0,43.0,23.0,23.0,44.0,44.0,53.0,49.5,0.0,2,2
small-world,100,5,57,28.0,32.0,20.0,20.0,33.0,33.0,54.0,49.5,0.0,2,2
small-world,100,5,58,70.0,60.0,70.0,70.0,56.0,56.0,93.0,49.5,0.0,2,2
small-world,100,5,59,5.0,45.0,24.0,24.0,20.0,20.0,13.0,49.5,0.0,2,2
small-world,100,5,60,28.0,100.0,69.0,69.0,98.0,98.0,61.0,49.5,0.0,2,2
small-world,100,5,61,28.0,96.0,67.0,67.0,95.0,95.0,63.0,49.5,0.0,2,2
small-world,100,5,62,70.0,86.0,70.0,70.0,86.0,86.0,71.0,49.5,0.0,2,2
small-world,100,5,63,28.0,81.0,48.0,48.0,79.0,79.0,29.0,49.5,0.0,2,2
small-world,100,5,64,28.0,76.0,41.0,41.0,63.0,63.0,43.0,49.5,0.0,2,2
small-world,100,5,65,28.0,70.0,35.0,35.0,57.0,57.0,48.0,49.5,0.0,2,2
small-world,100,5,66,28.0,11.0,35.0,35.0,18.0,18.0,56.0,49.5,0.0,2,2
small-world,100,5,67,1.0,2.0,2.0,2.0,1.0,1.0,4.0,49.5,0.0,2,2
small-world,100,5,68,28.0,5.0,6.0,6.0,9.0,9.0,65.0,49.5,0.0,2,2
small-world,100,5,69,5.0,7.0,5.0,5.0,14.0,14.0,19.0,49.5,0.0,2,2
small-world,100,5,70,70.0,50.0,70.0,70.0,41.0,41.0,99.0,49.5,0.0,2,2
small-world,100,5,71,1.0,34.0,15.0,15.0,6.0,6.0,2.0,49.5,0.0,2,2
small-world,100,5,72,70.0,64.0,70.0,70.0,67.0,67.0,87.0,49.5,0.0,2,2
small-world,100,5,73,70.0,47.0,70.0,70.0,76.0,76.0,74.0,49.5,0.0,2,2
small-world,100,5,74,28.0,31.0,48.0,48.0,55.0,55.0,32.0,49.5,0.0,2,2
small-world,100,5,75,28.0,21.0,41.0,41.0,32.0,32.0,46.0,49.5,0.0,2,2
small-world,100,5,76,5.0,92.0,64.0,64.0,91.0,91.0,21.0,49.5,0.0,2,2
small-world,100,5,77,28.0,96.0,67.0,67.0,95.0,95.0,63.0,49.5,0.0,2,2
small-world,100,5,78,5.0,28.0,30.0,30.0,22.0,22.0,12.0,49.5,0.0,2,2
small-world,100,5,79,70.0,19.0,70.0,70.0,38.0,38.0,96.0,49.5,0.0,2,2
small-world,100,5,80,70.0,38.0,70.0,70.0,34.0,34.0,100.0,49.5,0.0,2,2
small-world,100,5,81,1.0,26.0,13.0,13.0,3.0,3.0,3.0,49.5,0.0,2,2
small-world,100,5,82,5.0,18.0,10.0,10.0,5.0,5.0,27.0,49.5,0.0,2,2
small-world,100,5,83,5.0,14.0,8.0,8.0,12.0,12.0,26.0,49.5,0.0,2,2
small-world,100,5,84,28.0,10.0,7.0,7.0,16.0,16.0,68.0,49.5,0.0,2,2
small-world,100,5,85,28.0,94.0,65.0,65.0,94.0,94.0,33.0,49.5,0.0,2,2
small-world,100,5,86,28.0,41.0,48.0,48.0,46.0,46.0,39.0,49.5,0.0,2,2
small-world,100,5,87,28.0,25.0,39.0,39.0,25.0,25.0,69.0,49.5,0.0,2,2
small-world,100,5,88,70.0,95.0,70.0,70.0,97.0,97.0,86.0,49.5,0.0,2,2
small-world,100,5,89,5.0,91.0,63.0,63.0,89.0,89.0,6.0,49.5,0.0,2,2
small-world,100,5,90,70.0,39.0,70.0,70.0,54.0,54.0,95.0,49.5,0.0,2,2
small-world,100,5,91,70.0,64.0,70.0,70.0,67.0,67.0,87.0,49.5,0.0,2,2
small-world,100,5,92,70.0,98.0,70.0,70.0,99.0,99.0,80.0,49.5,0.0,2,2
small-world,100,5,93,28.0,92.0,65.0,65.0,93.0,93.0,38.0,49.5,0.0,2,2
small-world,100,5,94,70.0,21.0,70.0,70.0,42.0,42.0,94.0,49.5,0.0,2,2
small-world,100,5,95,28.0,74.0,48.0,48.0,65.0,65.0,37.0,49.5,0.0,2,2
small-world,100,5,96,5.0,88.0,60.0,60.0,88.0,88.0,11.0,49.5,0.0,2,2
small-world,100,5,97,28.0,37.0,41.0,41.0,26.0,26.0,51.0,49.5,0.0,2,2
small-world,100,5,98,70.0,51.0,70.0,70.0,66.0,66.0,85.0,49.5,0.0,2,2
small-world,100,5,99,28.0,36.0,48.0,48.0,48.0,48.0,41.0,49.5,0.0,2,2
small-world,100,6,0,2.0,1.0,1.0,1.0,1.0,1.0,3.0,49.5,0.0,2,1
small-world,100,6,1,68.0,89.0,68.0,68.0,94.0,94.0,73.0,49.5,0.0,2,1
small-world,100,6,2,68.0,47.0,68.0,68.0,59.0,59.0,91.0,49.5,0.0,2,1
small-world,100,6,3,30.0,70.0,56.0,56.0,72.0,72.0,36.0,49.5,0.0,2,1
small-world,100,6,4,4.0,59.0,35.0,35.0,52.0,52.0,8.0,49.5,0.0,2,1
small-world,100,6,5,30.0,51.0,31.0,31.0,45.0,45.0,56.0,49.5,0.0,2,1
small-world,100,6,6,30.0,39.0,27.0,27.0,34.0,34.0,61.0,49.5,0.0,2,1
small-world,100,6,7,30.0,49.0,24.0,24.0,53.0,53.0,55.0,49.5,0.0,2,1
small-world,100,6,8,30.0,38.0,21.0,21.0,40.0,40.0,57.0,49.5,0.0,2,1
small-world,100,6,9,30.0,25.0,20.0,20.0,20.0,20.0,63.0,49.5,0.0,2,1
small-world,100,6,10,4.0,12.0,18.0,18.0,7.0,7.0,28.0,49.5,0.0,2,1
small-world,100,6,11,68.0,100.0,68.0,68.0,100.0,100.0,68.0,49.5,0.0,2,1
small-world,100,6,12,30.0,99.0,56.0,56.0,99.0,99.0,30.0,49.5,0.0,2,1
small-world,100,6,13,30.0,96.0,51.0,51.0,92.0,92.0,39.0,49.5,0.0,2,1
small-world,100,6,14,68.0,35.0,68.0,68.0,51.0,51.0,88.0,49.5,0.0,2,1
small-world,100,6,15,68.0,79.0,68.0,68.0,78.0,78.0,90.0,49.5,0.0,2,1
small-world,100,6,16,68.0,97.0,68.0,68.0,96.0,96.0,78.0,49.5,0.0,2,1
small-world,100,6,17,68.0,84.0,68.0,68.0,90.0,90.0,74.0,49.5,0.0,2,1
small-world,100,6,18,30.0,68.0,51.0,51.0,60.0,60.0,46.0,49.5,0.0,2,1
small-world,100,6,19,30.0,32.0,56.0,56.0,37.0,37.0,44.0,49.5,0.0,2,1
small-world,100,6,20,68.0,26.0,68.0,68.0,39.0,39.0,95.0,49.5,0.0,2,1
small-world,100,6,21,4.0,10.0,6.0,6.0,8.0,8.0,19.0,49.5,0.0,2,1
small-world,100,6,22,30.0,54.0,31.0,31.0,43.0,43.0,60.0,49.5,0.0,2,1
small-world,100,6,23,68.0,41.0,68.0,68.0,57.0,57.0,89.0,49.5,0.0,2,1
small-world,100,6,24,30.0,74.0,56.0,56.0,71.0,71.0,38.0,49.5,0.0,2,1
small-world,100,6,25,30.0,75.0,56.0,56.0,75.0,75.0,35.0,49.5,0.0,2,1
small-world,100,6,26,30.0,62.0,51.0,51.0,56.0,56.0,50.0,49.5,0.0,2,1
small-world,100,6,27,4.0,53.0,22.0,22.0,36.0,36.0,18.0,49.5,0.0,2,1
small-world,100,6,28,68.0,88.0,68.0,68.0,89.0,89.0,76.0,49.5,0.0,2,1
small-world,100,6,29,68.0,8.0,68.0,68.0,18.0,18.0,100.0,49.5,0.0,2,1
small-world,100,6,30,68.0,12.0,68.0,68.0,21.0,21.0,99.0,49.5,0.0,2,1
small-world,100,6,31,68.0,82.0,68.0,68.0,82.0,82.0,84.0,49.5,0.0,2,1
small-world,100,6,32,30.0,40.0,43.0,43.0,44.0,44.0,47.0,49.5,0.0,2,1
small-world,100,6,33,68.0,36.0,68.0,68.0,50.0,50.0,94.0,49.5,0.0,2,1
small-world,100,6,34,4.0,21.0,39.0,39.0,16.0,16.0,17.0,49.5,0.0,2,1
small-world,100,6,35,30.0,9.0,34.0,34.0,12.0,12.0,66.0,49.5,0.0,2,1
small-world,100,6,36,4.0,3.0,3.0,3.0,4.0,4.0,29.0,49.5,0.0,2,1
small-world,100,6,37,4.0,58.0,25.0,25.0,38.0,38.0,15.0,49.5,0.0,2,1
small-world,100,6,38,4.0,50.0,13.0,13.0,25.0,25.0,23.0,49.5,0.0,2,1
small-world,100,6,39,30.0,42.0,14.0,14.0,35.0,35.0,62.0,49.5,0.0,2,1
small-world,100,6,40,4.0,31.0,12.0,12.0,31.0,31.0,14.0,49.5,0.0,2,1
small-world,100,6,41,30.0,24.0,11.0,11.0,32.0,32.0,58.0,49.5,0.0,2,1
small-world,100,6,42,30.0,15.0,10.0,10.0,22.0,22.0,59.0,49.5,0.0,2,1
small-world,100,6,43,30.0,7.0,9.0,9.0,14.0,14.0,64.0,49.5,0.0,2,1
small-world,100,6,44,4.0,4.0,2.0,2.0,5.0,5.0,27.0,49.5,0.0,2,1
small-world,100,6,45,68.0,92.0,68.0,68.0,87.0,87.0,80.0,49.5,0.0,2,1
small-world,100,6,46,4.0,79.0,48.0,48.0,67.0,67.0,5.0,49.5,0.0,2,1
small-world,100,6,47,30.0,66.0,43.0,43.0,54.0,54.0,54.0,49.5,0.0,2,1
small-world,100,6,48,4.0,56.0,19.0,19.0,33.0,33.0,20.0,49.5,0.0,2,1
small-world,100,6,49,68.0,29.0,68.0,68.0,47.0,47.0,86.0,49.5,0.0,2,1
small-world,100,6,50,30.0,11.0,56.0,56.0,17.0,17.0,48.0,49.5,0.0,2,1
small-world,100,6,51,68.0,82.0,68.0,68.0,82.0,82.0,84.0,49.5,0.0,2,1
small-world,100,6,52,30.0,90.0,43.0,43.0,84.0,84.0,42.0,49.5,0.0,2,1
small-world,100,6,53,30.0,77.0,37.0,37.0,79.0,79.0,45.0,49.5,0.0,2,1
small-world,100,6,54,30.0,65.0,31.0,31.0,70.0,70.0,51.0,49.5,0.0,2,1
small-world,100,6,55,30.0,57.0,27.0,27.0,63.0,63.0,52.0,49.5,0.0,2,1
small-world,100,6,56,4.0,43.0,17.0,17.0,23.0,23.0,22.0,49.5,0.0,2,1
small-world,100,6,57,68.0,48.0,68.0,68.0,69.0,69.0,77.0,49.5,0.0,2,1
small-world,100,6,58,30.0,34.0,56.0,56.0,41.0,41.0,40.0,49.5,0.0,2,1
small-world,100,6,59,4.0,20.0,40.0,40.0,15.0,15.0,10.0,49.5,0.0,2,1
small-world,100,6,60,4.0,6.0,4.0,4.0,6.0,6.0,25.0,49.5,0.0,2,1
small-world,100,6,61,68.0,66.0,68.0,68.0,85.0,85.0,70.0,49.5,0.0,2,1
small-world,100,6,62,4.0,28.0,29.0,29.0,26.0,26.0,11.0,49.5,0.0,2,1
small-world,100,6,63,30.0,70.0,56.0,56.0,72.0,72.0,36.0,49.5,0.0,2,1
small-world,100,6,64,68.0,75.0,68.0,68.0,80.0,80.0,87.0,49.5,0.0,2,1
small-world,100,6,65,4.0,61.0,40.0,40.0,49.0,49.0,9.0,49.5,0.0,2,1
small-world,100,6,66,30.0,52.0,51.0,51.0,62.0,62.0,41.0,49.5,0.0,2,1
small-world,100,6,67,4.0,91.0,48.0,48.0,74.0,74.0,4.0,49.5,0.0,2,1
small-world,100,6,68,30.0,78.0,43.0,43.0,65.0,65.0,49.0,49.5,0.0,2,1
small-world,100,6,69,4.0,64.0,29.0,29.0,46.0,46.0,12.0,49.5,0.0,2,1
small-world,100,6,70,68.0,44.0,68.0,68.0,61.0,61.0,92.0,49.5,0.0,2,1
small-world,100,6,71,68.0,72.0,68.0,68.0,93.0,93.0,69.0,49.5,0.0,2,1
small-world,100,6,72,68.0,17.0,68.0,68.0,27.0,27.0,96.0,49.5,0.0,2,1
small-world,100,6,73,1.0,5.0,15.0,15.0,3.0,3.0,1.0,49.5,0.0,2,1
small-world,100,6,74,68.0,30.0,68.0,68.0,42.0,42.0,93.0,49.5,0.0,2,1
small-world,100,6,75,4.0,14.0,23.0,23.0,11.0,11.0,16.0,49.5,0.0,2,1
small-world,100,6,76,30.0,60.0,56.0,56.0,76.0,76.0,31.0,49.5,0.0,2,1
small-world,100,6,77,30.0,44.0,51.0,51.0,48.0,48.0,43.0,49.5,0.0,2,1
small-world,100,6,78,4.0,33.0,36.0,36.0,30.0,30.0,13.0,49.5,0.0,2,1
small-world,100,6,79,4.0,22.0,26.0,26.0,10.0,10.0,24.0,49.5,0.0,2,1
small-world,100,6,80,30.0,37.0,16.0,16.0,24.0,24.0,67.0,49.5,0.0,2,1
small-world,100,6,81,4.0,26.0,8.0,8.0,13.0,13.0,26.0,49.5,0.0,2,1
small-world,100,6,82,4.0,16.0,7.0,7.0,9.0,9.0,21.0,49.5,0.0,2,1
small-world,100,6,83,68.0,84.0,68.0,68.0,90.0,90.0,74.0,49.5,0.0,2,1
small-world,100,6,84,68.0,87.0,68.0,68.0,86.0,86.0,82.0,49.5,0.0,2,1
small-world,100,6,85,68.0,17.0,68.0,68.0,27.0,27.0,96.0,49.5,0.0,2,1
small-world,100,6,86,4.0,68.0,48.0,48.0,55.0,55.0,7.0,49.5,0.0,2,1
small-world,100,6,87,68.0,92.0,68.0,68.0,87.0,87.0,80.0,49.5,0.0,2,1
small-world,100,6,88,68.0,94.0,68.0,68.0,95.0,95.0,72.0,49.5,0.0,2,1
small-world,100,6,89,30.0,81.0,56.0,56.0,77.0,77.0,34.0,49.5,0.0,2,1
small-world,100,6,90,30.0,23.0,47.0,47.0,19.0,19.0,65.0,49.5,0.0,2,1
small-world,100,6,91,68.0,46.0,68.0,68.0,64.0,64.0,83.0,49.5,0.0,2,1
small-world,100,6,92,68.0,95.0,68.0,68.0,98.0,98.0,71.0,49.5,0.0,2,1
small-world,100,6,93,30.0,86.0,56.0,56.0,81.0,81.0,33.0,49.5,0.0,2,1
small-world,100,6,94,4.0,73.0,40.0,40.0,66.0,66.0,6.0,49.5,0.0,2,1
small-world,100,6,95,30.0,62.0,37.0,37.0,58.0,58.0,53.0,49.5,0.0,2,1
small-world,100,6,96,68.0,97.0,68.0,68.0,96.0,96.0,78.0,49.5,0.0,2,1
small-world,100,6,97,68.0,17.0,68.0,68.0,27.0,27.0,96.0,49.5,0.0,2,1
small-world,100,6,98,30.0,55.0,56.0,56.0,68.0,68.0,32.0,49.5,0.0,2,1
small-world,100,6,99,2.0,2.0,5.0,5.0,2.0,2.0,2.0,49.5,0.0,2,1
