small-world,100,7,0,6.0,44.0,16.0,16.0,18.0,18.0,17.0,49.5,0.0,2,2
small-world,100,7,1,6.0,16.0,23.0,23.0,8.0,8.0,21.0,49.5,0.0,2,2
small-world,100,7,2,1.0,10.0,21.0,21.0,1.0,1.0,4.0,49.5,0.0,2,2
small-world,100,7,3,27.0,57.0,34.0,34.0,46.0,46.0,49.0,49.5,0.0,2,2
small-world,100,7,4,70.0,69.0,70.0,70.0,65.0,65.0,88.0,49.5,0.0,2,2
small-world,100,7,5,6.0,60.0,33.0,33.0,35.0,35.0,9.0,49.5,0.0,2,2
small-world,100,7,6,1.0,52.0,19.0,19.0,16.0,16.0,2.0,49.5,0.0,2,2
small-world,100,7,7,6.0,8.0,22.0,22.0,4.0,4.0,22.0,49.5,0.0,2,2
small-world,100,7,8,6.0,3.0,2.0,2.0,2.0,2.0,25.0,49.5,0.0,2,2
small-world,100,7,9,70.0,39.0,70.0,70.0,61.0,61.0,83.0,49.5,0.0,2,2
small-world,100,7,10,27.0,24.0,46.0,46.0,32.0,32.0,39.0,49.5,0.0,2,2
small-world,100,7,11,70.0,19.0,70.0,70.0,38.0,38.0,100.0,49.5,0.0,2,2
small-world,100,7,12,70.0,79.0,70.0,70.0,79.0,79.0,72.0,49.5,0.0,2,2
small-world,100,7,13,27.0,73.0,46.0,46.0,70.0,70.0,29.0,49.5,0.0,2,2
small-world,100,7,14,70.0,44.0,70.0,70.0,62.0,62.0,85.0,49.5,0.0,2,2
small-world,100,7,15,27.0,31.0,46.0,46.0,33.0,33.0,42.0,49.5,0.0,2,2
small-world,100,7,16,70.0,25.0,70.0,70.0,39.0,39.0,96.0,49.5,0.0,2,2
small-world,100,7,17,1.0,12.0,12.0,12.0,6.0,6.0,1.0,49.5,0.0,2,2
small-world,100,7,18,6.0,17.0,18.0,18.0,12.0,12.0,15.0,49.5,0.0,2,2
small-world,100,7,19,27.0,20.0,20.0,20.0,17.0,17.0,68.0,49.5,0.0,2,2
small-world,100,7,20,70.0,100.0,70.0,70.0,100.0,100.0,70.0,49.5,0.0,2,2
small-world,100,7,21,27.0,98.0,66.0,66.0,98.0,98.0,27.0,49.5,0.0,2,2
small-world,100,7,22,27.0,96.0,63.0,63.0,93.0,93.0,35.0,49.5,0.0,2,2
small-world,100,7,23,27.0,93.0,62.0,62.0,91.0,91.0,43.0,49.5,0.0,2,2
small-world,100,7,24,70.0,84.0,70.0,70.0,80.0,80.0,77.0,49.5,0.0,2,2
small-world,100,7,25,70.0,50.0,70.0,70.0,51.0,51.0,93.0,49.5,0.0,2,2
small-world,100,7,26,27.0,53.0,46.0,46.0,42.0,42.0,38.0,49.5,0.0,2,2
small-world,100,7,27,27.0,48.0,24.0,24.0,31.0,31.0,61.0,49.5,0.0,2,2
small-world,100,7,28,27.0,34.0,39.0,39.0,30.0,30.0,51.0,49.5,0.0,2,2
small-world,100,7,29,70.0,99.0,70.0,70.0,99.0,99.0,73.0,49.5,0.0,2,2
small-world,100,7,30,27.0,97.0,66.0,66.0,96.0,96.0,30.0,49.5,0.0,2,2
small-world,100,7,31,27.0,94.0,63.0,63.0,92.0,92.0,45.0,49.5,0.0,2,2
small-world,100,7,32,70.0,58.0,70.0,70.0,58.0,58.0,90.0,49.5,0.0,2,2
small-world,100,7,33,70.0,76.0,70.0,70.0,74.0,74.0,75.0,49.5,0.0,2,2
small-world,100,7,34,27.0,13.0,39.0,39.0,34.0,34.0,46.0,49.5,0.0,2,2
small-world,100,7,35,6.0,3.0,1.0,1.0,13.0,13.0,19.0,49.5,0.0,2,2
small-world,100,7,36,27.0,1.0,4.0,4.0,22.0,22.0,64.0,49.5,0.0,2,2
small-world,100,7,37,27.0,1.0,4.0,4.0,14.0,14.0,67.0,49.5,0.0,2,2
small-world,100,7,38,27.0,10.0,10.0,10.0,23.0,23.0,59.0,49.5,0.0,2,2
small-world,100,7,39,27.0,9.0,9.0,9.0,27.0,27.0,55.0,49.5,0.0,2,2
small-world,100,7,40,27.0,6.0,7.0,7.0,24.0,24.0,56.0,49.5,0.0,2,2
small-world,100,7,41,70.0,61.0,70.0,70.0,53.0,53.0,97.0,49.5,0.0,2,2
small-world,100,7,42,70.0,81.0,70.0,70.0,75.0,75.0,80.0,49.5,0.0,2,2
small-world,100,7,43,70.0,84.0,70.0,70.0,80.0,80.0,77.0,49.5,0.0,2,2
small-world,100,7,44,6.0,78.0,37.0,37.0,66.0,66.0,6.0,49.5,0.0,2,2
small-world,100,7,45,70.0,51.0,70.0,70.0,68.0,68.0,76.0,49.5,0.0,2,2
small-world,100,7,46,27.0,37.0,46.0,46.0,48.0,48.0,33.0,49.5,0.0,2,2
small-world,100,7,47,27.0,22.0,39.0,39.0,25.0,25.0,50.0,49.5,0.0,2,2
small-world,100,7,48,70.0,95.0,70.0,70.0,97.0,97.0,89.0,49.5,0.0,2,2
small-world,100,7,49,27.0,65.0,39.0,39.0,60.0,60.0,37.0,49.5,0.0,2,2
small-world,100,7,50,27.0,91.0,69.0,69.0,90.0,90.0,60.0,49.5,0.0,2,2
small-world,100,7,51,27.0,88.0,68.0,68.0,89.0,89.0,58.0,49.5,0.0,2,2
small-world,100,7,52,27.0,83.0,65.0,65.0,88.0,88.0,63.0,49.5,0.0,2,2
small-world,100,7,53,6.0,67.0,44.0,44.0,77.0,77.0,23.0,49.5,0.0,2,2
small-world,100,7,54,6.0,49.0,25.0,25.0,26.0,26.0,11.0,49.5,0.0,2,2
small-world,100,7,55,6.0,36.0,17.0,17.0,10.0,10.0,24.0,49.5,0.0,2,2
small-world,100,7,56,6.0,26.0,15.0,15.0,5.0,5.0,26.0,49.5,0.0,2,2
small-world,100,7,57,27.0,70.0,34.0,34.0,64.0,64.0,40.0,49.5,0.0,2,2
small-world,100,7,58,70.0,41.0,70.0,70.0,40.0,40.0,98.0,49.5,0.0,2,2
small-world,100,7,59,1.0,29.0,28.0,28.0,7.0,7.0,3.0,49.5,0.0,2,2
small-world,100,7,60,27.0,21.0,29.0,29.0,15.0,15.0,65.0,49.5,0.0,2,2
small-world,100,7,61,27.0,62.0,46.0,46.0,69.0,69.0,28.0,49.5,0.0,2,2
small-world,100,7,62,27.0,53.0,39.0,39.0,57.0,57.0,36.0,49.5,0.0,2,2
small-world,100,7,63,27.0,46.0,34.0,34.0,44.0,44.0,48.0,49.5,0.0,2,2
small-world,100,7,64,27.0,33.0,31.0,31.0,28.0,28.0,57.0,49.5,0.0,2,2
small-world,100,7,65,27.0,68.0,46.0,46.0,59.0,59.0,32.0,49.5,0.0,2,2
small-world,100,7,66,70.0,41.0,70.0,70.0,40.0,40.0,98.0,49.5,0.0,2,2
small-world,100,7,67,70.0,15.0,70.0,70.0,49.0,49.0,91.0,49.5,0.0,2,2
small-world,100,7,68,6.0,5.0,3.0,3.0,20.0,20.0,12.0,49.5,0.0,2,2
small-world,100,7,69,27.0,64.0,31.0,31.0,54.0,54.0,47.0,49.5,0.0,2,2
small-world,100,7,70,27.0,55.0,26.0,26.0,47.0,47.0,52.0,49.5,0.0,2,2
small-world,100,7,71,70.0,56.0,70.0,70.0,72.0,72.0,79.0,49.5,0.0,2,2
small-world,100,7,72,27.0,47.0,46.0,46.0,50.0,50.0,34.0,49.5,0.0,2,2
small-world,100,7,73,70.0,71.0,70.0,70.0,78.0,78.0,71.0,49.5,0.0,2,2
small-world,100,7,74,70.0,32.0,70.0,70.0,45.0,45.0,94.0,49.5,0.0,2,2
small-world,100,7,75,6.0,35.0,13.0,13.0,19.0,19.0,14.0,49.5,0.0,2,2
small-world,100,7,76,27.0,27.0,11.0,11.0,21.0,21.0,66.0,49.5,0.0,2,2
small-world,100,7,77,1.0,18.0,6.0,6.0,3.0,3.0,5.0,49.5,0.0,2,2
small-world,100,7,78,70.0,40.0,70.0,70.0,71.0,71.0,74.0,49.5,0.0,2,2
small-world,100,7,79,27.0,28.0,46.0,46.0,52.0,52.0,31.0,49.5,0.0,2,2
small-world,100,7,80,70.0,38.0,70.0,70.0,55.0,55.0,86.0,49.5,0.0,2,2
small-world,100,7,81,27.0,23.0,46.0,46.0,29.0,29.0,44.0,49.5,0.0,2,2
small-world,100,7,82,70.0,81.0,70.0,70.0,75.0,75.0,80.0,49.5,0.0,2,2
small-world,100,7,83,6.0,74.0,37.0,37.0,56.0,56.0,7.0,49.5,0.0,2,2
small-world,100,7,84,27.0,30.0,46.0,46.0,37.0,37.0,41.0,49.5,0.0,2,2
small-world,100,7,85,6.0,14.0,7.0,7.0,11.0,11.0,20.0,49.5,0.0,2,2
small-world,100,7,86,6.0,66.0,30.0,30.0,43.0,43.0,8.0,49.5,0.0,2,2
small-world,100,7,87,27.0,59.0,26.0,26.0,36.0,36.0,54.0,49.5,0.0,2,2
small-world,100,7,88,70.0,91.0,70.0,70.0,95.0,95.0,95.0,49.5,0.0,2,2
small-world,100,7,89,6.0,77.0,59.0,59.0,83.0,83.0,16.0,49.5,0.0,2,2
small-world,100,7,90,27.0,86.0,61.0,61.0,87.0,87.0,62.0,49.5,0.0,2,2
small-world,100,7,91,6.0,89.0,60.0,60.0,84.0,84.0,18.0,49.5,0.0,2,2
small-world,100,7,92,70.0,43.0,70.0,70.0,63.0,63.0,84.0,49.5,0.0,2,2
small-world,100,7,93,70.0,75.0,70.0,70.0,73.0,73.0,87.0,49.5,0.0,2,2
small-world,100,7,94,70.0,90.0,70.0,70.0,94.0,94.0,92.0,49.5,0.0,2,2
small-world,100,7,95,6.0,87.0,58.0,58.0,85.0,85.0,10.0,49.5,0.0,2,2
small-world,100,7,96,27.0,80.0,46.0,46.0,86.0,86.0,53.0,49.5,0.0,2,2
small-world,100,7,97,6.0,72.0,44.0,44.0,82.0,82.0,13.0,49.5,0.0,2,2
small-world,100,7,98,27.0,7.0,14.0,14.0,9.0,9.0,69.0,49.5,0.0,2,2
small-world,100,7,99,70.0,63.0,70.0,70.0,67.0,67.0,82.0,49.5,0.0,2,2
small-world,100,8,0,5.0,63.0,37.0,37.0,50.0,50.0,5.0,49.5,0.0,2,1
small-world,100,8,1,74.0,57.0,74.0,74.0,78.0,78.0,87.0,49.5,0.0,2,1
small-world,100,8,2,24.0,42.0,56.0,56.0,47.0,47.0,41.0,49.5,0.0,2,1
small-world,100,8,3,5.0,26.0,17.0,17.0,20.0,20.0,12.0,49.5,0.0,2,1
small-world,100,8,4,74.0,90.0,74.0,74.0,94.0,94.0,80.0,49.5,0.0,2,1
small-world,100,8,5,24.0,76.0,56.0,56.0,76.0,76.0,30.0,49.5,0.0,2,1
small-world,100,8,6,24.0,46.0,20.0,20.0,38.0,38.0,60.0,49.5,0.0,2,1
small-world,100,8,7,24.0,30.0,18.0,18.0,28.0,28.0,69.0,49.5,0.0,2,1
small-world,100,8,8,5.0,17.0,7.0,7.0,16.0,16.0,20.0,49.5,0.0,2,1
small-world,100,8,9,24.0,9.0,6.0,6.0,11.0,11.0,72.0,49.5,0.0,2,1
small-world,100,8,10,74.0,92.0,74.0,74.0,96.0,96.0,75.0,49.5,0.0,2,1
small-world,100,8,11,24.0,52.0,30.0,30.0,42.0,42.0,66.0,49.5,0.0,2,1
small-world,100,8,12,24.0,24.0,47.0,47.0,27.0,27.0,50.0,49.5,0.0,2,1
small-world,100,8,13,74.0,89.0,74.0,74.0,91.0,91.0,86.0,49.5,0.0,2,1
small-world,100,8,14,24.0,74.0,56.0,56.0,65.0,65.0,37.0,49.5,0.0,2,1
small-world,100,8,15,1.0,58.0,25.0,25.0,34.0,34.0,1.0,49.5,0.0,2,1
small-world,100,8,16,5.0,48.0,37.0,37.0,39.0,39.0,9.0,49.5,0.0,2,1
small-world,100,8,17,74.0,95.0,74.0,74.0,97.0,97.0,74.0,49.5,0.0,2,1
small-world,100,8,18,5.0,83.0,31.0,31.0,63.0,63.0,7.0,49.5,0.0,2,1
small-world,100,8,19,24.0,68.0,29.0,29.0,59.0,59.0,58.0,49.5,0.0,2,1
small-world,100,8,20,5.0,50.0,22.0,22.0,36.0,36.0,17.0,49.5,0.0,2,1
small-world,100,8,21,24.0,45.0,27.0,27.0,40.0,40.0,67.0,49.5,0.0,2,1
small-world,100,8,22,24.0,35.0,23.0,23.0,33.0,33.0,63.0,49.5,0.0,2,1
small-world,100,8,23,74.0,90.0,74.0,74.0,94.0,94.0,80.0,49.5,0.0,2,1
small-world,100,8,24,24.0,76.0,56.0,56.0,76.0,76.0,30.0,49.5,0.0,2,1
small-world,100,8,25,74.0,21.0,74.0,74.0,41.0,41.0,100.0,49.5,0.0,2,1
small-world,100,8,26,5.0,8.0,11.0,11.0,10.0,10.0,14.0,49.5,0.0,2,1
small-world,100,8,27,24.0,16.0,14.0,14.0,21.0,21.0,65.0,49.5,0.0,2,1
small-world,100,8,28,24.0,25.0,16.0,16.0,24.0,24.0,68.0,49.5,0.0,2,1
small-world,100,8,29,5.0,32.0,15.0,15.0,22.0,22.0,18.0,49.5,0.0,2,1
small-world,100,8,30,74.0,60.0,74.0,74.0,80.0,80.0,79.0,49.5,0.0,2,1
small-world,100,8,31,24.0,43.0,56.0,56.0,58.0,58.0,29.0,49.5,0.0,2,1
small-world,100,8,32,24.0,27.0,47.0,47.0,29.0,29.0,45.0,49.5,0.0,2,1
small-world,100,8,33,24.0,12.0,40.0,40.0,12.0,12.0,61.0,49.5,0.0,2,1
small-world,100,8,34,74.0,79.0,74.0,74.0,83.0,83.0,91.0,49.5,0.0,2,1
small-world,100,8,35,24.0,71.0,45.0,45.0,61.0,61.0,56.0,49.5,0.0,2,1
small-world,100,8,36,74.0,94.0,74.0,74.0,92.0,92.0,94.0,49.5,0.0,2,1
small-world,100,8,37,74.0,29.0,74.0,74.0,43.0,43.0,93.0,49.5,0.0,2,1
small-world,100,8,38,24.0,14.0,56.0,56.0,15.0,15.0,49.0,49.5,0.0,2,1
small-world,100,8,39,24.0,39.0,56.0,56.0,44.0,44.0,34.0,49.5,0.0,2,1
small-world,100,8,40,24.0,22.0,47.0,47.0,18.0,18.0,51.0,49.5,0.0,2,1
small-world,100,8,41,74.0,99.0,74.0,74.0,99.0,99.0,77.0,49.5,0.0,2,1
small-world,100,8,42,24.0,96.0,56.0,56.0,90.0,90.0,27.0,49.5,0.0,2,1
small-world,100,8,43,24.0,86.0,47.0,47.0,75.0,75.0,40.0,49.5,0.0,2,1
small-world,100,8,44,24.0,2.0,3.0,3.0,5.0,5.0,73.0,49.5,0.0,2,1
small-world,100,8,45,74.0,79.0,74.0,74.0,83.0,83.0,91.0,49.5,0.0,2,1
small-world,100,8,46,5.0,63.0,37.0,37.0,50.0,50.0,5.0,49.5,0.0,2,1
small-world,100,8,47,74.0,53.0,74.0,74.0,68.0,68.0,88.0,49.5,0.0,2,1
small-world,100,8,48,24.0,37.0,56.0,56.0,37.0,37.0,42.0,49.5,0.0,2,1
small-world,100,8,49,74.0,28.0,74.0,74.0,49.0,49.0,90.0,49.5,0.0,2,1
small-world,100,8,50,74.0,54.0,74.0,74.0,71.0,71.0,84.0,49.5,0.0,2,1
small-world,100,8,51,24.0,39.0,56.0,56.0,44.0,44.0,34.0,49.5,0.0,2,1
small-world,100,8,52,24.0,22.0,47.0,47.0,18.0,18.0,51.0,49.5,0.0,2,1
small-world,100,8,53,1.0,9.0,10.0,10.0,4.0,4.0,2.0,49.5,0.0,2,1
small-world,100,8,54,1.0,4.0,4.0,4.0,2.0,2.0,3.0,49.5,0.0,2,1
small-world,100,8,55,1.0,1.0,1.0,1.0,1.0,1.0,4.0,49.5,0.0,2,1
small-world,100,8,56,24.0,5.0,9.0,9.0,7.0,7.0,71.0,49.5,0.0,2,1
small-world,100,8,57,74.0,100.0,74.0,74.0,100.0,100.0,76.0,49.5,0.0,2,1
small-world,100,8,58,24.0,98.0,56.0,56.0,93.0,93.0,26.0,49.5,0.0,2,1
small-world,100,8,59,24.0,93.0,47.0,47.0,82.0,82.0,39.0,49.5,0.0,2,1
small-world,100,8,60,74.0,87.0,74.0,74.0,88.0,88.0,95.0,49.5,0.0,2,1
small-world,100,8,61,5.0,72.0,31.0,31.0,55.0,55.0,8.0,49.5,0.0,2,1
small-world,100,8,62,74.0,97.0,74.0,74.0,98.0,98.0,78.0,49.5,0.0,2,1
small-world,100,8,63,24.0,88.0,56.0,56.0,87.0,87.0,28.0,49.5,0.0,2,1
small-world,100,8,64,24.0,50.0,40.0,40.0,53.0,53.0,46.0,49.5,0.0,2,1
small-world,100,8,65,24.0,36.0,33.0,33.0,31.0,31.0,54.0,49.5,0.0,2,1
small-world,100,8,66,5.0,19.0,28.0,28.0,13.0,13.0,15.0,49.5,0.0,2,1
small-world,100,8,67,74.0,30.0,74.0,74.0,46.0,46.0,99.0,49.5,0.0,2,1
small-world,100,8,68,5.0,15.0,13.0,13.0,14.0,14.0,13.0,49.5,0.0,2,1
small-world,100,8,69,24.0,61.0,36.0,36.0,56.0,56.0,62.0,49.5,0.0,2,1
small-world,100,8,70,24.0,85.0,56.0,56.0,85.0,85.0,24.0,49.5,0.0,2,1
small-world,100,8,71,24.0,69.0,47.0,47.0,67.0,67.0,36.0,49.5,0.0,2,1
small-world,100,8,72,5.0,47.0,26.0,26.0,32.0,32.0,11.0,49.5,0.0,2,1
small-world,100,8,73,24.0,34.0,20.0,20.0,30.0,30.0,64.0,49.5,0.0,2,1
small-world,100,8,74,24.0,19.0,18.0,18.0,23.0,23.0,70.0,49.5,0.0,2,1
small-world,100,8,75,5.0,11.0,12.0,12.0,9.0,9.0,21.0,49.5,0.0,2,1
small-world,100,8,76,5.0,6.0,2.0,2.0,6.0,6.0,23.0,49.5,0.0,2,1
small-world,100,8,77,74.0,54.0,74.0,74.0,71.0,71.0,84.0,49.5,0.0,2,1
small-world,100,8,78,74.0,67.0,74.0,74.0,73.0,73.0,96.0,49.5,0.0,2,1
small-world,100,8,79,74.0,75.0,74.0,74.0,74.0,74.0,98.0,49.5,0.0,2,1
small-world,100,8,80,74.0,82.0,74.0,74.0,89.0,89.0,83.0,49.5,0.0,2,1
small-world,100,8,81,24.0,66.0,56.0,56.0,64.0,64.0,33.0,49.5,0.0,2,1
small-world,100,8,82,24.0,58.0,40.0,40.0,52.0,52.0,53.0,49.5,0.0,2,1
small-world,100,8,83,5.0,44.0,24.0,24.0,25.0,25.0,19.0,49.5,0.0,2,1
small-world,100,8,84,74.0,37.0,74.0,74.0,60.0,60.0,89.0,49.5,0.0,2,1
small-world,100,8,85,24.0,41.0,56.0,56.0,54.0,54.0,32.0,49.5,0.0,2,1
small-world,100,8,86,24.0,84.0,46.0,46.0,66.0,66.0,55.0,49.5,0.0,2,1
small-world,100,8,87,24.0,70.0,44.0,44.0,62.0,62.0,57.0,49.5,0.0,2,1
small-world,100,8,88,24.0,65.0,47.0,47.0,69.0,69.0,38.0,49.5,0.0,2,1
small-world,100,8,89,24.0,48.0,40.0,40.0,57.0,57.0,48.0,49.5,0.0,2,1
small-world,100,8,90,24.0,32.0,33.0,33.0,35.0,35.0,59.0,49.5,0.0,2,1
small-world,100,8,91,24.0,13.0,56.0,56.0,17.0,17.0,47.0,49.5,0.0,2,1
small-world,100,8,92,24.0,81.0,56.0,56.0,86.0,86.0,25.0,49.5,0.0,2,1
small-world,100,8,93,24.0,73.0,47.0,47.0,70.0,70.0,43.0,49.5,0.0,2,1
small-world,100,8,94,74.0,56.0,74.0,74.0,79.0,79.0,82.0,49.5,0.0,2,1
small-world,100,8,95,74.0,76.0,74.0,74.0,81.0,81.0,97.0,49.5,0.0,2,1
small-world,100,8,96,5.0,62.0,35.0,35.0,48.0,48.0,10.0,49.5,0.0,2,1
small-world,100,8,97,24.0,18.0,56.0,56.0,26.0,26.0,44.0,49.5,0.0,2,1
small-world,100,8,98,5.0,7.0,8.0,8.0,8.0,8.0,16.0,49.5,0.0,2,1
small-world,100,8,99,5.0,3.0,5.0,5.0,3.0,3.0,22.0,49.5,0.0,2,1
