small-world,100,9,0,73.0,47.0,73.0,73.0,56.0,56.0,84.0,49.5,0.0,2,1
small-world,100,9,1,73.0,63.0,73.0,73.0,81.0,81.0,76.0,49.5,0.0,2,1
small-world,100,9,2,20.0,49.0,61.0,61.0,51.0,51.0,23.0,49.5,0.0,2,1
small-world,100,9,3,20.0,37.0,54.0,54.0,36.0,36.0,44.0,49.5,0.0,2,1
small-world,100,9,4,20.0,24.0,39.0,39.0,26.0,26.0,71.0,49.5,0.0,2,1
small-world,100,9,5,20.0,22.0,38.0,38.0,21.0,21.0,70.0,49.5,0.0,2,1
small-world,100,9,6,20.0,45.0,14.0,14.0,42.0,42.0,55.0,49.5,0.0,2,1
small-world,100,9,7,20.0,35.0,11.0,11.0,20.0,20.0,61.0,49.5,0.0,2,1
small-world,100,9,8,2.0,22.0,4.0,4.0,5.0,5.0,6.0,49.5,0.0,2,1
small-world,100,9,9,2.0,12.0,3.0,3.0,3.0,3.0,5.0,49.5,0.0,2,1
small-world,100,9,10,73.0,58.0,73.0,73.0,53.0,53.0,93.0,49.5,0.0,2,1
small-world,100,9,11,73.0,86.0,73.0,73.0,93.0,93.0,74.0,49.5,0.0,2,1
small-world,100,9,12,20.0,81.0,61.0,61.0,78.0,78.0,21.0,49.5,0.0,2,1
small-world,100,9,13,73.0,64.0,73.0,73.0,76.0,76.0,91.0,49.5,0.0,2,1
small-world,100,9,14,20.0,62.0,40.0,40.0,57.0,57.0,53.0,49.5,0.0,2,1
small-world,100,9,15,9.0,50.0,34.0,34.0,46.0,46.0,12.0,49.5,0.0,2,1
small-world,100,9,16,20.0,82.0,36.0,36.0,82.0,82.0,42.0,49.5,0.0,2,1
small-world,100,9,17,20.0,76.0,35.0,35.0,77.0,77.0,43.0,49.5,0.0,2,1
small-world,100,9,18,20.0,71.0,32.0,32.0,70.0,70.0,45.0,49.5,0.0,2,1
small-world,100,9,19,20.0,66.0,28.0,28.0,65.0,65.0,47.0,49.5,0.0,2,1
small-world,100,9,20,73.0,54.0,73.0,73.0,73.0,73.0,79.0,49.5,0.0,2,1
small-world,100,9,21,20.0,41.0,61.0,61.0,47.0,47.0,26.0,49.5,0.0,2,1
small-world,100,9,22,20.0,26.0,54.0,54.0,27.0,27.0,51.0,49.5,0.0,2,1
small-world,100,9,23,20.0,40.0,61.0,61.0,37.0,37.0,32.0,49.5,0.0,2,1
small-world,100,9,24,73.0,92.0,73.0,73.0,96.0,96.0,81.0,49.5,0.0,2,1
small-world,100,9,25,73.0,57.0,73.0,73.0,83.0,83.0,75.0,49.5,0.0,2,1
small-world,100,9,26,73.0,54.0,73.0,73.0,73.0,73.0,79.0,49.5,0.0,2,1
small-world,100,9,27,20.0,46.0,61.0,61.0,60.0,60.0,22.0,49.5,0.0,2,1
small-world,100,9,28,20.0,30.0,54.0,54.0,43.0,43.0,37.0,49.5,0.0,2,1
small-world,100,9,29,20.0,56.0,28.0,28.0,34.0,34.0,58.0,49.5,0.0,2,1
small-world,100,9,30,73.0,39.0,73.0,73.0,58.0,58.0,86.0,49.5,0.0,2,1
small-world,100,9,31,20.0,20.0,61.0,61.0,33.0,33.0,33.0,49.5,0.0,2,1
small-world,100,9,32,73.0,58.0,73.0,73.0,53.0,53.0,93.0,49.5,0.0,2,1
small-world,100,9,33,1.0,48.0,10.0,10.0,10.0,10.0,1.0,49.5,0.0,2,1
small-world,100,9,34,20.0,36.0,9.0,9.0,30.0,30.0,60.0,49.5,0.0,2,1
small-world,100,9,35,20.0,28.0,8.0,8.0,22.0,22.0,64.0,49.5,0.0,2,1
small-world,100,9,36,9.0,18.0,5.0,5.0,11.0,11.0,17.0,49.5,0.0,2,1
small-world,100,9,37,20.0,17.0,26.0,26.0,29.0,29.0,63.0,49.5,0.0,2,1
small-world,100,9,38,20.0,74.0,54.0,54.0,52.0,52.0,34.0,49.5,0.0,2,1
small-world,100,9,39,2.0,68.0,37.0,37.0,19.0,19.0,4.0,49.5,0.0,2,1
small-world,100,9,40,2.0,65.0,31.0,31.0,18.0,18.0,3.0,49.5,0.0,2,1
small-world,100,9,41,73.0,31.0,73.0,73.0,50.0,50.0,92.0,49.5,0.0,2,1
small-world,100,9,42,73.0,100.0,73.0,73.0,100.0,100.0,73.0,49.5,0.0,2,1
small-world,100,9,43,20.0,99.0,61.0,61.0,98.0,98.0,20.0,49.5,0.0,2,1
small-world,100,9,44,20.0,97.0,54.0,54.0,95.0,95.0,28.0,49.5,0.0,2,1
small-world,100,9,45,73.0,75.0,73.0,73.0,67.0,67.0,98.0,49.5,0.0,2,1
small-world,100,9,46,20.0,77.0,46.0,46.0,75.0,75.0,40.0,49.5,0.0,2,1
small-world,100,9,47,20.0,72.0,44.0,44.0,71.0,71.0,46.0,49.5,0.0,2,1
small-world,100,9,48,20.0,67.0,42.0,42.0,64.0,64.0,48.0,49.5,0.0,2,1
small-world,100,9,49,9.0,11.0,13.0,13.0,14.0,14.0,15.0,49.5,0.0,2,1
small-world,100,9,50,20.0,14.0,25.0,25.0,24.0,24.0,65.0,49.5,0.0,2,1
small-world,100,9,51,20.0,16.0,27.0,27.0,23.0,23.0,68.0,49.5,0.0,2,1
small-world,100,9,52,9.0,19.0,6.0,6.0,13.0,13.0,18.0,49.5,0.0,2,1
small-world,100,9,53,9.0,83.0,48.0,48.0,72.0,72.0,11.0,49.5,0.0,2,1
small-world,100,9,54,20.0,41.0,61.0,61.0,47.0,47.0,26.0,49.5,0.0,2,1
small-world,100,9,55,20.0,26.0,54.0,54.0,27.0,27.0,51.0,49.5,0.0,2,1
small-world,100,9,56,73.0,52.0,73.0,73.0,61.0,61.0,85.0,49.5,0.0,2,1
small-world,100,9,57,73.0,69.0,73.0,73.0,62.0,62.0,96.0,49.5,0.0,2,1
small-world,100,9,58,20.0,61.0,22.0,22.0,59.0,59.0,49.0,49.5,0.0,2,1
small-world,100,9,59,20.0,53.0,16.0,16.0,49.0,49.0,54.0,49.5,0.0,2,1
small-world,100,9,60,20.0,37.0,61.0,61.0,45.0,45.0,25.0,49.5,0.0,2,1
small-world,100,9,61,20.0,21.0,54.0,54.0,15.0,15.0,50.0,49.5,0.0,2,1
small-world,100,9,62,2.0,3.0,2.0,2.0,1.0,1.0,7.0,49.5,0.0,2,1
small-world,100,9,63,20.0,43.0,32.0,32.0,44.0,44.0,57.0,49.5,0.0,2,1
small-world,100,9,64,20.0,32.0,28.0,28.0,38.0,38.0,62.0,49.5,0.0,2,1
small-world,100,9,65,9.0,90.0,53.0,53.0,87.0,87.0,9.0,49.5,0.0,2,1
small-world,100,9,66,73.0,58.0,73.0,73.0,53.0,53.0,93.0,49.5,0.0,2,1
small-world,100,9,67,73.0,85.0,73.0,73.0,91.0,91.0,77.0,49.5,0.0,2,1
small-world,100,9,68,20.0,78.0,61.0,61.0,68.0,68.0,24.0,49.5,0.0,2,1
small-world,100,9,69,73.0,88.0,73.0,73.0,94.0,94.0,88.0,49.5,0.0,2,1
small-world,100,9,70,20.0,15.0,24.0,24.0,35.0,35.0,59.0,49.5,0.0,2,1
small-world,100,9,71,20.0,13.0,23.0,23.0,31.0,31.0,56.0,49.5,0.0,2,1
small-world,100,9,72,9.0,10.0,18.0,18.0,16.0,16.0,13.0,49.5,0.0,2,1
small-world,100,9,73,9.0,8.0,15.0,15.0,8.0,8.0,14.0,49.5,0.0,2,1
small-world,100,9,74,20.0,6.0,19.0,19.0,9.0,9.0,67.0,49.5,0.0,2,1
small-world,100,9,75,9.0,2.0,12.0,12.0,6.0,6.0,16.0,49.5,0.0,2,1
small-world,100,9,76,9.0,1.0,1.0,1.0,2.0,2.0,19.0,49.5,0.0,2,1
small-world,100,9,77,20.0,4.0,17.0,17.0,7.0,7.0,72.0,49.5,0.0,2,1
small-world,100,9,78,2.0,5.0,7.0,7.0,4.0,4.0,8.0,49.5,0.0,2,1
small-world,100,9,79,73.0,44.0,73.0,73.0,66.0,66.0,83.0,49.5,0.0,2,1
small-world,100,9,80,20.0,28.0,61.0,61.0,41.0,41.0,29.0,49.5,0.0,2,1
small-world,100,9,81,73.0,92.0,73.0,73.0,96.0,96.0,81.0,49.5,0.0,2,1
small-world,100,9,82,20.0,33.0,61.0,61.0,25.0,25.0,31.0,49.5,0.0,2,1
small-world,100,9,83,73.0,51.0,73.0,73.0,69.0,69.0,78.0,49.5,0.0,2,1
small-world,100,9,84,73.0,79.0,73.0,73.0,79.0,79.0,89.0,49.5,0.0,2,1
small-world,100,9,85,2.0,73.0,50.0,50.0,40.0,40.0,2.0,49.5,0.0,2,1
small-world,100,9,86,20.0,7.0,20.0,20.0,12.0,12.0,69.0,49.5,0.0,2,1
small-world,100,9,87,20.0,9.0,21.0,21.0,17.0,17.0,66.0,49.5,0.0,2,1
small-world,100,9,88,73.0,24.0,73.0,73.0,32.0,32.0,100.0,49.5,0.0,2,1
small-world,100,9,89,20.0,87.0,52.0,52.0,85.0,85.0,30.0,49.5,0.0,2,1
small-world,100,9,90,73.0,34.0,73.0,73.0,39.0,39.0,99.0,49.5,0.0,2,1
small-world,100,9,91,73.0,79.0,73.0,73.0,79.0,79.0,89.0,49.5,0.0,2,1
small-world,100,9,92,73.0,98.0,73.0,73.0,99.0,99.0,87.0,49.5,0.0,2,1
small-world,100,9,93,9.0,96.0,51.0,51.0,89.0,89.0,10.0,49.5,0.0,2,1
small-world,100,9,94,20.0,95.0,49.0,49.0,92.0,92.0,35.0,49.5,0.0,2,1
small-world,100,9,95,20.0,94.0,46.0,46.0,90.0,90.0,36.0,49.5,0.0,2,1
small-world,100,9,96,20.0,91.0,44.0,44.0,88.0,88.0,38.0,49.5,0.0,2,1
small-world,100,9,97,20.0,89.0,42.0,42.0,86.0,86.0,39.0,49.5,0.0,2,1
small-world,100,9,98,20.0,84.0,40.0,40.0,84.0,84.0,41.0,49.5,0.0,2,1
small-world,100,9,99,73.0,69.0,73.0,73.0,62.0,62.0,96.0,49.5,0.0,2,1
small-world,100,10,0,67.0,98.0,67.0,67.0,92.0,92.0,83.0,49.5,0.0,2,1
small-world,100,10,1,67.0,90.0,67.0,67.0,99.0,99.0,68.0,49.5,0.0,2,1
small-world,100,10,2,27.0,79.0,51.0,51.0,84.0,84.0,28.0,49.5,0.0,2,1
small-world,100,10,3,27.0,68.0,45.0,45.0,67.0,67.0,42.0,49.5,0.0,2,1
small-world,100,10,4,27.0,73.0,24.0,24.0,57.0,57.0,51.0,49.5,0.0,2,1
small-world,100,10,5,7.0,14.0,16.0,16.0,5.0,5.0,23.0,49.5,0.0,2,1
small-world,100,10,6,7.0,7.0,2.0,2.0,2.0,2.0,26.0,49.5,0.0,2,1
small-world,100,10,7,67.0,96.0,67.0,67.0,97.0,97.0,74.0,49.5,0.0,2,1
small-world,100,10,8,67.0,89.0,67.0,67.0,88.0,88.0,79.0,49.5,0.0,2,1
small-world,100,10,9,27.0,75.0,51.0,51.0,63.0,63.0,39.0,49.5,0.0,2,1
small-world,100,10,10,27.0,55.0,45.0,45.0,54.0,54.0,47.0,49.5,0.0,2,1
small-world,100,10,11,7.0,39.0,29.0,29.0,31.0,31.0,18.0,49.5,0.0,2,1
small-world,100,10,12,27.0,26.0,24.0,24.0,20.0,20.0,63.0,49.5,0.0,2,1
small-world,100,10,13,67.0,78.0,67.0,67.0,83.0,83.0,81.0,49.5,0.0,2,1
small-world,100,10,14,27.0,65.0,51.0,51.0,55.0,55.0,45.0,49.5,0.0,2,1
small-world,100,10,15,67.0,88.0,67.0,67.0,85.0,85.0,85.0,49.5,0.0,2,1
small-world,100,10,16,7.0,74.0,39.0,39.0,52.0,52.0,9.0,49.5,0.0,2,1
small-world,100,10,17,7.0,62.0,32.0,32.0,34.0,34.0,15.0,49.5,0.0,2,1
small-world,100,10,18,7.0,49.0,21.0,21.0,23.0,23.0,20.0,49.5,0.0,2,1
small-world,100,10,19,7.0,37.0,18.0,18.0,13.0,13.0,24.0,49.5,0.0,2,1
small-world,100,10,20,27.0,31.0,37.0,37.0,28.0,28.0,64.0,49.5,0.0,2,1
small-world,100,10,21,27.0,27.0,36.0,36.0,30.0,30.0,60.0,49.5,0.0,2,1
small-world,100,10,22,67.0,20.0,67.0,67.0,40.0,40.0,94.0,49.5,0.0,2,1
small-world,100,10,23,67.0,56.0,67.0,67.0,60.0,60.0,97.0,49.5,0.0,2,1
small-world,100,10,24,67.0,35.0,67.0,67.0,46.0,46.0,99.0,49.5,0.0,2,1
small-world,100,10,25,3.0,19.0,11.0,11.0,6.0,6.0,6.0,49.5,0.0,2,1
small-world,100,10,26,27.0,46.0,45.0,45.0,53.0,53.0,44.0,49.5,0.0,2,1
small-world,100,10,27,27.0,33.0,42.0,42.0,32.0,32.0,55.0,49.5,0.0,2,1
small-world,100,10,28,67.0,20.0,67.0,67.0,40.0,40.0,94.0,49.5,0.0,2,1
small-world,100,10,29,27.0,64.0,51.0,51.0,65.0,65.0,33.0,49.5,0.0,2,1
small-world,100,10,30,67.0,25.0,67.0,67.0,38.0,38.0,98.0,49.5,0.0,2,1
small-world,100,10,31,3.0,10.0,10.0,10.0,3.0,3.0,5.0,49.5,0.0,2,1
small-world,100,10,32,27.0,16.0,12.0,12.0,12.0,12.0,65.0,49.5,0.0,2,1
small-world,100,10,33,27.0,6.0,8.0,8.0,26.0,26.0,53.0,49.5,0.0,2,1
small-world,100,10,34,27.0,8.0,9.0,9.0,16.0,16.0,56.0,49.5,0.0,2,1
small-world,100,10,35,67.0,91.0,67.0,67.0,93.0,93.0,75.0,49.5,0.0,2,1
small-world,100,10,36,67.0,82.0,67.0,67.0,96.0,96.0,67.0,49.5,0.0,2,1
small-world,100,10,37,7.0,45.0,22.0,22.0,33.0,33.0,13.0,49.5,0.0,2,1
small-world,100,10,38,27.0,32.0,19.0,19.0,27.0,27.0,59.0,49.5,0.0,2,1
small-world,100,10,39,7.0,23.0,14.0,14.0,10.0,10.0,22.0,49.5,0.0,2,1
small-world,100,10,40,27.0,12.0,15.0,15.0,8.0,8.0,66.0,49.5,0.0,2,1
small-world,100,10,41,27.0,53.0,42.0,42.0,51.0,51.0,49.0,49.5,0.0,2,1
small-world,100,10,42,27.0,87.0,51.0,51.0,79.0,79.0,34.0,49.5,0.0,2,1
small-world,100,10,43,27.0,83.0,51.0,51.0,72.0,72.0,35.0,49.5,0.0,2,1
small-world,100,10,44,67.0,99.0,67.0,67.0,98.0,98.0,78.0,49.5,0.0,2,1
small-world,100,10,45,27.0,94.0,51.0,51.0,81.0,81.0,38.0,49.5,0.0,2,1
small-world,100,10,46,67.0,60.0,67.0,67.0,66.0,66.0,91.0,49.5,0.0,2,1
small-world,100,10,47,67.0,56.0,67.0,67.0,77.0,77.0,80.0,49.5,0.0,2,1
small-world,100,10,48,27.0,39.0,51.0,51.0,48.0,48.0,41.0,49.5,0.0,2,1
small-world,100,10,49,7.0,24.0,30.0,30.0,19.0,19.0,17.0,49.5,0.0,2,1
small-world,100,10,50,67.0,72.0,67.0,67.0,75.0,75.0,88.0,49.5,0.0,2,1
small-world,100,10,51,67.0,81.0,67.0,67.0,91.0,91.0,72.0,49.5,0.0,2,1
small-world,100,10,52,67.0,20.0,67.0,67.0,40.0,40.0,94.0,49.5,0.0,2,1
small-world,100,10,53,1.0,9.0,3.0,3.0,4.0,4.0,1.0,49.5,0.0,2,1
small-world,100,10,54,67.0,79.0,67.0,67.0,95.0,95.0,69.0,49.5,0.0,2,1
small-world,100,10,55,27.0,67.0,51.0,51.0,78.0,78.0,29.0,49.5,0.0,2,1
small-world,100,10,56,27.0,52.0,45.0,45.0,59.0,59.0,43.0,49.5,0.0,2,1
small-world,100,10,57,7.0,37.0,38.0,38.0,35.0,35.0,10.0,49.5,0.0,2,1
small-world,100,10,58,27.0,70.0,51.0,51.0,80.0,80.0,27.0,49.5,0.0,2,1
small-world,100,10,59,27.0,58.0,45.0,45.0,61.0,61.0,40.0,49.5,0.0,2,1
small-world,100,10,60,27.0,42.0,42.0,42.0,45.0,45.0,48.0,49.5,0.0,2,1
small-world,100,10,61,67.0,47.0,67.0,67.0,74.0,74.0,82.0,49.5,0.0,2,1
small-world,100,10,62,27.0,33.0,51.0,51.0,47.0,47.0,46.0,49.5,0.0,2,1
small-world,100,10,63,7.0,18.0,27.0,27.0,14.0,14.0,21.0,49.5,0.0,2,1
small-world,100,10,64,67.0,85.0,67.0,67.0,82.0,82.0,86.0,49.5,0.0,2,1
small-world,100,10,65,67.0,15.0,67.0,67.0,29.0,29.0,100.0,49.5,0.0,2,1
small-world,100,10,66,27.0,61.0,23.0,23.0,50.0,50.0,52.0,49.5,0.0,2,1
small-world,100,10,67,27.0,50.0,19.0,19.0,37.0,37.0,57.0,49.5,0.0,2,1
small-world,100,10,68,7.0,39.0,17.0,17.0,22.0,22.0,19.0,49.5,0.0,2,1
small-world,100,10,69,7.0,29.0,13.0,13.0,7.0,7.0,25.0,49.5,0.0,2,1
small-world,100,10,70,67.0,76.0,67.0,67.0,90.0,90.0,70.0,49.5,0.0,2,1
small-world,100,10,71,27.0,63.0,51.0,51.0,70.0,70.0,30.0,49.5,0.0,2,1
small-world,100,10,72,67.0,77.0,67.0,67.0,89.0,89.0,73.0,49.5,0.0,2,1
small-world,100,10,73,27.0,69.0,51.0,51.0,71.0,71.0,32.0,49.5,0.0,2,1
small-world,100,10,74,67.0,65.0,67.0,67.0,76.0,76.0,84.0,49.5,0.0,2,1
small-world,100,10,75,7.0,48.0,39.0,39.0,39.0,39.0,8.0,49.5,0.0,2,1
small-world,100,10,76,67.0,91.0,67.0,67.0,93.0,93.0,75.0,49.5,0.0,2,1
small-world,100,10,77,27.0,83.0,51.0,51.0,72.0,72.0,35.0,49.5,0.0,2,1
small-world,100,10,78,3.0,71.0,33.0,33.0,44.0,44.0,3.0,49.5,0.0,2,1
small-world,100,10,79,7.0,59.0,31.0,31.0,36.0,36.0,11.0,49.5,0.0,2,1
small-world,100,10,80,67.0,100.0,67.0,67.0,100.0,100.0,71.0,49.5,0.0,2,1
small-world,100,10,81,27.0,97.0,51.0,51.0,87.0,87.0,31.0,49.5,0.0,2,1
small-world,100,10,82,7.0,91.0,39.0,39.0,64.0,64.0,7.0,49.5,0.0,2,1
small-world,100,10,83,67.0,50.0,67.0,67.0,62.0,62.0,92.0,49.5,0.0,2,1
small-world,100,10,84,7.0,36.0,34.0,34.0,25.0,25.0,14.0,49.5,0.0,2,1
small-world,100,10,85,67.0,95.0,67.0,67.0,86.0,86.0,89.0,49.5,0.0,2,1
small-world,100,10,86,3.0,86.0,28.0,28.0,49.0,49.0,4.0,49.5,0.0,2,1
small-world,100,10,87,67.0,17.0,67.0,67.0,56.0,56.0,90.0,49.5,0.0,2,1
small-world,100,10,88,27.0,11.0,24.0,24.0,11.0,11.0,62.0,49.5,0.0,2,1
small-world,100,10,89,67.0,43.0,67.0,67.0,58.0,58.0,93.0,49.5,0.0,2,1
small-world,100,10,90,7.0,27.0,34.0,34.0,18.0,18.0,16.0,49.5,0.0,2,1
small-world,100,10,91,67.0,44.0,67.0,67.0,69.0,69.0,77.0,49.5,0.0,2,1
small-world,100,10,92,27.0,30.0,51.0,51.0,43.0,43.0,37.0,49.5,0.0,2,1
small-world,100,10,93,27.0,13.0,45.0,45.0,15.0,15.0,50.0,49.5,0.0,2,1
small-world,100,10,94,1.0,1.0,1.0,1.0,1.0,1.0,2.0,49.5,0.0,2,1
small-world,100,10,95,27.0,1.0,5.0,5.0,9.0,9.0,61.0,49.5,0.0,2,1
small-world,100,10,96,27.0,3.0,6.0,6.0,17.0,17.0,58.0,49.5,0.0,2,1
small-world,100,10,97,27.0,4.0,7.0,7.0,24.0,24.0,54.0,49.5,0.0,2,1
small-world,100,10,98,7.0,5.0,4.0,4.0,21.0,21.0,12.0,49.5,0.0,2,1
small-world,100,10,99,67.0,53.0,67.0,67.0,68.0,68.0,87.0,49.5,0.0,2,1
