small-world,100,17,0,7.0,85.0,33.0,33.0,66.0,66.0,12.0,49.5,0.0,2,1
small-world,100,17,1,25.0,77.0,31.0,31.0,72.0,72.0,56.0,49.5,0.0,2,1
small-world,100,17,2,69.0,68.0,69.0,69.0,81.0,81.0,77.0,49.5,0.0,2,1
small-world,100,17,3,25.0,52.0,50.0,50.0,55.0,55.0,33.0,49.5,0.0,2,1
small-world,100,17,4,25.0,67.0,50.0,50.0,76.0,76.0,26.0,49.5,0.0,2,1
small-world,100,17,5,25.0,52.0,45.0,45.0,57.0,57.0,40.0,49.5,0.0,2,1
small-world,100,17,6,69.0,61.0,69.0,69.0,58.0,58.0,96.0,49.5,0.0,2,1
small-world,100,17,7,3.0,47.0,27.0,27.0,25.0,25.0,4.0,49.5,0.0,2,1
small-world,100,17,8,69.0,24.0,69.0,69.0,45.0,45.0,89.0,49.5,0.0,2,1
small-world,100,17,9,69.0,78.0,69.0,69.0,86.0,86.0,76.0,49.5,0.0,2,1
small-world,100,17,10,25.0,63.0,50.0,50.0,64.0,64.0,32.0,49.5,0.0,2,1
small-world,100,17,11,25.0,94.0,43.0,43.0,91.0,91.0,42.0,49.5,0.0,2,1
small-world,100,17,12,25.0,89.0,38.0,38.0,79.0,79.0,49.0,49.5,0.0,2,1
small-world,100,17,13,25.0,11.0,50.0,50.0,16.0,16.0,48.0,49.5,0.0,2,1
small-world,100,17,14,69.0,84.0,69.0,69.0,88.0,88.0,80.0,49.5,0.0,2,1
small-world,100,17,15,25.0,75.0,50.0,50.0,62.0,62.0,37.0,49.5,0.0,2,1
small-world,100,17,16,7.0,59.0,34.0,34.0,35.0,35.0,13.0,49.5,0.0,2,1
small-world,100,17,17,25.0,49.0,50.0,50.0,43.0,43.0,41.0,49.5,0.0,2,1
small-world,100,17,18,25.0,57.0,50.0,50.0,71.0,71.0,29.0,49.5,0.0,2,1
small-world,100,17,19,25.0,43.0,45.0,45.0,52.0,52.0,44.0,49.5,0.0,2,1
small-world,100,17,20,25.0,31.0,14.0,14.0,26.0,26.0,60.0,49.5,0.0,2,1
small-world,100,17,21,25.0,22.0,10.0,10.0,18.0,18.0,59.0,49.5,0.0,2,1
small-world,100,17,22,69.0,80.0,69.0,69.0,93.0,93.0,70.0,49.5,0.0,2,1
small-world,100,17,23,69.0,13.0,69.0,69.0,15.0,15.0,100.0,49.5,0.0,2,1
small-world,100,17,24,25.0,65.0,29.0,29.0,65.0,65.0,52.0,49.5,0.0,2,1
small-world,100,17,25,25.0,55.0,23.0,23.0,60.0,60.0,51.0,49.5,0.0,2,1
small-world,100,17,26,25.0,44.0,50.0,50.0,53.0,53.0,38.0,49.5,0.0,2,1
small-world,100,17,27,69.0,92.0,69.0,69.0,92.0,92.0,87.0,49.5,0.0,2,1
small-world,100,17,28,7.0,15.0,35.0,35.0,8.0,8.0,19.0,49.5,0.0,2,1
small-world,100,17,29,1.0,7.0,3.0,3.0,2.0,2.0,1.0,49.5,0.0,2,1
small-world,100,17,30,25.0,52.0,50.0,50.0,55.0,55.0,33.0,49.5,0.0,2,1
small-world,100,17,31,69.0,88.0,69.0,69.0,94.0,94.0,74.0,49.5,0.0,2,1
small-world,100,17,32,25.0,82.0,50.0,50.0,75.0,75.0,30.0,49.5,0.0,2,1
small-world,100,17,33,7.0,74.0,40.0,40.0,51.0,51.0,8.0,49.5,0.0,2,1
small-world,100,17,34,25.0,48.0,45.0,45.0,41.0,41.0,47.0,49.5,0.0,2,1
small-world,100,17,35,3.0,37.0,16.0,16.0,12.0,12.0,5.0,49.5,0.0,2,1
small-world,100,17,36,69.0,45.0,69.0,69.0,67.0,67.0,91.0,49.5,0.0,2,1
small-world,100,17,37,25.0,18.0,50.0,50.0,27.0,27.0,45.0,49.5,0.0,2,1
small-world,100,17,38,25.0,14.0,9.0,9.0,9.0,9.0,63.0,49.5,0.0,2,1
small-world,100,17,39,69.0,32.0,69.0,69.0,44.0,44.0,88.0,49.5,0.0,2,1
small-world,100,17,40,25.0,19.0,50.0,50.0,13.0,13.0,46.0,49.5,0.0,2,1
small-world,100,17,41,69.0,61.0,69.0,69.0,58.0,58.0,96.0,49.5,0.0,2,1
small-world,100,17,42,69.0,96.0,69.0,69.0,96.0,96.0,75.0,49.5,0.0,2,1
small-world,100,17,43,25.0,91.0,50.0,50.0,85.0,85.0,31.0,49.5,0.0,2,1
small-world,100,17,44,7.0,86.0,40.0,40.0,63.0,63.0,9.0,49.5,0.0,2,1
small-world,100,17,45,3.0,1.0,2.0,2.0,4.0,4.0,6.0,49.5,0.0,2,1
small-world,100,17,46,69.0,71.0,69.0,69.0,69.0,69.0,93.0,49.5,0.0,2,1
small-world,100,17,47,3.0,56.0,20.0,20.0,31.0,31.0,3.0,49.5,0.0,2,1
small-world,100,17,48,7.0,46.0,17.0,17.0,32.0,32.0,18.0,49.5,0.0,2,1
small-world,100,17,49,25.0,38.0,14.0,14.0,36.0,36.0,58.0,49.5,0.0,2,1
small-world,100,17,50,25.0,34.0,10.0,10.0,30.0,30.0,61.0,49.5,0.0,2,1
small-world,100,17,51,7.0,23.0,5.0,5.0,20.0,20.0,21.0,49.5,0.0,2,1
small-world,100,17,52,25.0,15.0,7.0,7.0,23.0,23.0,65.0,49.5,0.0,2,1
small-world,100,17,53,25.0,10.0,6.0,6.0,14.0,14.0,66.0,49.5,0.0,2,1
small-world,100,17,54,7.0,4.0,4.0,4.0,6.0,6.0,24.0,49.5,0.0,2,1
small-world,100,17,55,25.0,5.0,30.0,30.0,10.0,10.0,68.0,49.5,0.0,2,1
small-world,100,17,56,7.0,5.0,25.0,25.0,5.0,5.0,22.0,49.5,0.0,2,1
small-world,100,17,57,1.0,3.0,1.0,1.0,1.0,1.0,2.0,49.5,0.0,2,1
small-world,100,17,58,7.0,1.0,8.0,8.0,3.0,3.0,23.0,49.5,0.0,2,1
small-world,100,17,59,69.0,100.0,69.0,69.0,100.0,100.0,69.0,49.5,0.0,2,1
small-world,100,17,60,69.0,58.0,69.0,69.0,78.0,78.0,81.0,49.5,0.0,2,1
small-world,100,17,61,69.0,68.0,69.0,69.0,81.0,81.0,77.0,49.5,0.0,2,1
small-world,100,17,62,7.0,40.0,37.0,37.0,34.0,34.0,10.0,49.5,0.0,2,1
small-world,100,17,63,69.0,73.0,69.0,69.0,90.0,90.0,73.0,49.5,0.0,2,1
small-world,100,17,64,69.0,64.0,69.0,69.0,74.0,74.0,83.0,49.5,0.0,2,1
small-world,100,17,65,25.0,41.0,43.0,43.0,42.0,42.0,53.0,49.5,0.0,2,1
small-world,100,17,66,7.0,32.0,26.0,26.0,24.0,24.0,20.0,49.5,0.0,2,1
small-world,100,17,67,25.0,21.0,23.0,23.0,17.0,17.0,62.0,49.5,0.0,2,1
small-world,100,17,68,25.0,9.0,21.0,21.0,7.0,7.0,67.0,49.5,0.0,2,1
small-world,100,17,69,69.0,97.0,69.0,69.0,97.0,97.0,72.0,49.5,0.0,2,1
small-world,100,17,70,25.0,92.0,50.0,50.0,87.0,87.0,28.0,49.5,0.0,2,1
small-world,100,17,71,25.0,87.0,45.0,45.0,73.0,73.0,43.0,49.5,0.0,2,1
small-world,100,17,72,7.0,79.0,32.0,32.0,47.0,47.0,15.0,49.5,0.0,2,1
small-world,100,17,73,7.0,70.0,28.0,28.0,40.0,40.0,14.0,49.5,0.0,2,1
small-world,100,17,74,7.0,35.0,36.0,36.0,29.0,29.0,16.0,49.5,0.0,2,1
small-world,100,17,75,69.0,28.0,69.0,69.0,39.0,39.0,98.0,49.5,0.0,2,1
small-world,100,17,76,69.0,81.0,69.0,69.0,77.0,77.0,92.0,49.5,0.0,2,1
small-world,100,17,77,69.0,51.0,69.0,69.0,68.0,68.0,84.0,49.5,0.0,2,1
small-world,100,17,78,7.0,39.0,40.0,40.0,38.0,38.0,7.0,49.5,0.0,2,1
small-world,100,17,79,25.0,27.0,38.0,38.0,28.0,28.0,54.0,49.5,0.0,2,1
small-world,100,17,80,69.0,20.0,69.0,69.0,22.0,22.0,99.0,49.5,0.0,2,1
small-world,100,17,81,69.0,30.0,69.0,69.0,49.0,49.0,86.0,49.5,0.0,2,1
small-world,100,17,82,69.0,28.0,69.0,69.0,48.0,48.0,95.0,49.5,0.0,2,1
small-world,100,17,83,69.0,65.0,69.0,69.0,84.0,84.0,71.0,49.5,0.0,2,1
small-world,100,17,84,25.0,50.0,50.0,50.0,61.0,61.0,27.0,49.5,0.0,2,1
small-world,100,17,85,25.0,11.0,50.0,50.0,19.0,19.0,50.0,49.5,0.0,2,1
small-world,100,17,86,69.0,76.0,69.0,69.0,83.0,83.0,82.0,49.5,0.0,2,1
small-world,100,17,87,25.0,60.0,50.0,50.0,54.0,54.0,39.0,49.5,0.0,2,1
small-world,100,17,88,25.0,42.0,21.0,21.0,50.0,50.0,55.0,49.5,0.0,2,1
small-world,100,17,89,7.0,36.0,19.0,19.0,37.0,37.0,11.0,49.5,0.0,2,1
small-world,100,17,90,25.0,26.0,18.0,18.0,33.0,33.0,57.0,49.5,0.0,2,1
small-world,100,17,91,7.0,15.0,13.0,13.0,21.0,21.0,17.0,49.5,0.0,2,1
small-world,100,17,92,25.0,8.0,10.0,10.0,11.0,11.0,64.0,49.5,0.0,2,1
small-world,100,17,93,69.0,71.0,69.0,69.0,69.0,69.0,93.0,49.5,0.0,2,1
small-world,100,17,94,69.0,24.0,69.0,69.0,46.0,46.0,90.0,49.5,0.0,2,1
small-world,100,17,95,25.0,99.0,50.0,50.0,99.0,99.0,25.0,49.5,0.0,2,1
small-world,100,17,96,25.0,98.0,45.0,45.0,95.0,95.0,35.0,49.5,0.0,2,1
small-world,100,17,97,69.0,83.0,69.0,69.0,80.0,80.0,85.0,49.5,0.0,2,1
small-world,100,17,98,69.0,95.0,69.0,69.0,98.0,98.0,79.0,49.5,0.0,2,1
small-world,100,17,99,25.0,90.0,50.0,50.0,89.0,89.0,36.0,49.5,0.0,2,1
small-world,100,18,0,23.0,29.0,46.0,46.0,37.0,37.0,44.0,49.5,0.0,2,1
small-world,100,18,1,23.0,14.0,35.0,35.0,17.0,17.0,60.0,49.5,0.0,2,1
small-world,100,18,2,7.0,4.0,4.0,4.0,4.0,4.0,21.0,49.5,0.0,2,1
small-world,100,18,3,23.0,54.0,56.0,56.0,61.0,61.0,27.0,49.5,0.0,2,1
small-world,100,18,4,23.0,36.0,46.0,46.0,43.0,43.0,42.0,49.5,0.0,2,1
small-world,100,18,5,23.0,20.0,35.0,35.0,20.0,20.0,57.0,49.5,0.0,2,1
small-world,100,18,6,23.0,81.0,46.0,46.0,75.0,75.0,35.0,49.5,0.0,2,1
small-world,100,18,7,72.0,44.0,72.0,72.0,58.0,58.0,95.0,49.5,0.0,2,1
small-world,100,18,8,7.0,28.0,33.0,33.0,24.0,24.0,10.0,49.5,0.0,2,1
small-world,100,18,9,23.0,17.0,31.0,31.0,16.0,16.0,67.0,49.5,0.0,2,1
small-world,100,18,10,23.0,52.0,30.0,30.0,44.0,44.0,62.0,49.5,0.0,2,1
small-world,100,18,11,7.0,35.0,11.0,11.0,22.0,22.0,17.0,49.5,0.0,2,1
small-world,100,18,12,23.0,22.0,9.0,9.0,19.0,19.0,69.0,49.5,0.0,2,1
small-world,100,18,13,7.0,13.0,6.0,6.0,12.0,12.0,15.0,49.5,0.0,2,1
small-world,100,18,14,23.0,87.0,56.0,56.0,88.0,88.0,25.0,49.5,0.0,2,1
small-world,100,18,15,23.0,79.0,46.0,46.0,76.0,76.0,39.0,49.5,0.0,2,1
small-world,100,18,16,23.0,68.0,35.0,35.0,65.0,65.0,48.0,49.5,0.0,2,1
small-world,100,18,17,7.0,56.0,22.0,22.0,45.0,45.0,13.0,49.5,0.0,2,1
small-world,100,18,18,23.0,42.0,20.0,20.0,42.0,42.0,63.0,49.5,0.0,2,1
small-world,100,18,19,23.0,29.0,17.0,17.0,29.0,29.0,61.0,49.5,0.0,2,1
small-world,100,18,20,72.0,82.0,72.0,72.0,87.0,87.0,83.0,49.5,0.0,2,1
small-world,100,18,21,23.0,73.0,56.0,56.0,71.0,71.0,34.0,49.5,0.0,2,1
small-world,100,18,22,72.0,77.0,72.0,72.0,80.0,80.0,84.0,49.5,0.0,2,1
small-world,100,18,23,23.0,63.0,56.0,56.0,55.0,55.0,36.0,49.5,0.0,2,1
small-world,100,18,24,2.0,49.0,26.0,26.0,26.0,26.0,3.0,49.5,0.0,2,1
small-world,100,18,25,23.0,33.0,23.0,23.0,21.0,21.0,68.0,49.5,0.0,2,1
small-world,100,18,26,2.0,18.0,14.0,14.0,10.0,10.0,4.0,49.5,0.0,2,1
small-world,100,18,27,72.0,24.0,72.0,72.0,38.0,38.0,91.0,49.5,0.0,2,1
small-world,100,18,28,72.0,61.0,72.0,72.0,73.0,73.0,93.0,49.5,0.0,2,1
small-world,100,18,29,23.0,89.0,56.0,56.0,90.0,90.0,23.0,49.5,0.0,2,1
small-world,100,18,30,23.0,72.0,35.0,35.0,60.0,60.0,46.0,49.5,0.0,2,1
small-world,100,18,31,23.0,11.0,9.0,9.0,14.0,14.0,70.0,49.5,0.0,2,1
small-world,100,18,32,23.0,53.0,55.0,55.0,48.0,48.0,55.0,49.5,0.0,2,1
small-world,100,18,33,72.0,96.0,72.0,72.0,98.0,98.0,74.0,49.5,0.0,2,1
small-world,100,18,34,23.0,87.0,56.0,56.0,88.0,88.0,25.0,49.5,0.0,2,1
small-world,100,18,35,23.0,79.0,46.0,46.0,76.0,76.0,39.0,49.5,0.0,2,1
small-world,100,18,36,23.0,68.0,35.0,35.0,65.0,65.0,48.0,49.5,0.0,2,1
small-world,100,18,37,72.0,40.0,72.0,72.0,59.0,59.0,82.0,49.5,0.0,2,1
small-world,100,18,38,72.0,91.0,72.0,72.0,94.0,94.0,77.0,49.5,0.0,2,1
small-world,100,18,39,23.0,84.0,56.0,56.0,81.0,81.0,28.0,49.5,0.0,2,1
small-world,100,18,40,23.0,9.0,46.0,46.0,13.0,13.0,58.0,49.5,0.0,2,1
small-world,100,18,41,72.0,94.0,72.0,72.0,92.0,92.0,89.0,49.5,0.0,2,1
small-world,100,18,42,72.0,16.0,72.0,72.0,28.0,28.0,100.0,49.5,0.0,2,1
small-world,100,18,43,7.0,6.0,5.0,5.0,5.0,5.0,18.0,49.5,0.0,2,1
small-world,100,18,44,72.0,66.0,72.0,72.0,78.0,78.0,85.0,49.5,0.0,2,1
small-world,100,18,45,23.0,51.0,56.0,56.0,52.0,52.0,38.0,49.5,0.0,2,1
small-world,100,18,46,7.0,31.0,15.0,15.0,27.0,27.0,11.0,49.5,0.0,2,1
small-world,100,18,47,7.0,20.0,12.0,12.0,18.0,18.0,14.0,49.5,0.0,2,1
small-world,100,18,48,7.0,1.0,1.0,1.0,1.0,1.0,22.0,49.5,0.0,2,1
small-world,100,18,49,72.0,98.0,72.0,72.0,100.0,100.0,72.0,49.5,0.0,2,1
small-world,100,18,50,72.0,74.0,72.0,72.0,74.0,74.0,94.0,49.5,0.0,2,1
small-world,100,18,51,72.0,90.0,72.0,72.0,95.0,95.0,73.0,49.5,0.0,2,1
small-world,100,18,52,23.0,83.0,56.0,56.0,84.0,84.0,24.0,49.5,0.0,2,1
small-world,100,18,53,23.0,75.0,46.0,46.0,72.0,72.0,37.0,49.5,0.0,2,1
small-world,100,18,54,72.0,55.0,72.0,72.0,64.0,64.0,88.0,49.5,0.0,2,1
small-world,100,18,55,23.0,36.0,56.0,56.0,31.0,31.0,45.0,49.5,0.0,2,1
small-world,100,18,56,72.0,64.0,72.0,72.0,67.0,67.0,96.0,49.5,0.0,2,1
small-world,100,18,57,72.0,99.0,72.0,72.0,96.0,96.0,80.0,49.5,0.0,2,1
small-world,100,18,58,23.0,92.0,56.0,56.0,82.0,82.0,31.0,49.5,0.0,2,1
small-world,100,18,59,1.0,86.0,29.0,29.0,53.0,53.0,1.0,49.5,0.0,2,1
small-world,100,18,60,23.0,78.0,28.0,28.0,70.0,70.0,51.0,49.5,0.0,2,1
small-world,100,18,61,23.0,70.0,23.0,23.0,63.0,63.0,52.0,49.5,0.0,2,1
small-world,100,18,62,23.0,58.0,20.0,20.0,54.0,54.0,53.0,49.5,0.0,2,1
small-world,100,18,63,23.0,46.0,17.0,17.0,46.0,46.0,54.0,49.5,0.0,2,1
small-world,100,18,64,72.0,96.0,72.0,72.0,98.0,98.0,74.0,49.5,0.0,2,1
small-world,100,18,65,7.0,8.0,19.0,19.0,6.0,6.0,19.0,49.5,0.0,2,1
small-world,100,18,66,2.0,3.0,3.0,3.0,2.0,2.0,5.0,49.5,0.0,2,1
small-world,100,18,67,7.0,48.0,44.0,44.0,40.0,40.0,9.0,49.5,0.0,2,1
small-world,100,18,68,23.0,39.0,42.0,42.0,36.0,36.0,56.0,49.5,0.0,2,1
small-world,100,18,69,72.0,71.0,72.0,72.0,86.0,86.0,78.0,49.5,0.0,2,1
small-world,100,18,70,23.0,57.0,56.0,56.0,68.0,68.0,29.0,49.5,0.0,2,1
small-world,100,18,71,23.0,41.0,46.0,46.0,47.0,47.0,43.0,49.5,0.0,2,1
small-world,100,18,72,72.0,31.0,72.0,72.0,49.0,49.0,97.0,49.5,0.0,2,1
small-world,100,18,73,7.0,15.0,16.0,16.0,15.0,15.0,12.0,49.5,0.0,2,1
small-world,100,18,74,23.0,64.0,32.0,32.0,56.0,56.0,50.0,49.5,0.0,2,1
small-world,100,18,75,72.0,67.0,72.0,72.0,85.0,85.0,76.0,49.5,0.0,2,1
small-world,100,18,76,23.0,33.0,43.0,43.0,25.0,25.0,66.0,49.5,0.0,2,1
small-world,100,18,77,72.0,18.0,72.0,72.0,30.0,30.0,99.0,49.5,0.0,2,1
small-world,100,18,78,23.0,61.0,35.0,35.0,50.0,50.0,47.0,49.5,0.0,2,1
small-world,100,18,79,23.0,26.0,35.0,35.0,23.0,23.0,59.0,49.5,0.0,2,1
small-world,100,18,80,72.0,85.0,72.0,72.0,91.0,91.0,87.0,49.5,0.0,2,1
small-world,100,18,81,7.0,76.0,34.0,34.0,69.0,69.0,7.0,49.5,0.0,2,1
small-world,100,18,82,23.0,23.0,56.0,56.0,33.0,33.0,33.0,49.5,0.0,2,1
small-world,100,18,83,72.0,38.0,72.0,72.0,51.0,51.0,98.0,49.5,0.0,2,1
small-world,100,18,84,2.0,60.0,26.0,26.0,35.0,35.0,2.0,49.5,0.0,2,1
small-world,100,18,85,72.0,43.0,72.0,72.0,62.0,62.0,86.0,49.5,0.0,2,1
small-world,100,18,86,23.0,27.0,56.0,56.0,32.0,32.0,41.0,49.5,0.0,2,1
small-world,100,18,87,72.0,24.0,72.0,72.0,38.0,38.0,91.0,49.5,0.0,2,1
small-world,100,18,88,7.0,10.0,45.0,45.0,11.0,11.0,8.0,49.5,0.0,2,1
small-world,100,18,89,72.0,99.0,72.0,72.0,96.0,96.0,80.0,49.5,0.0,2,1
small-world,100,18,90,23.0,92.0,56.0,56.0,82.0,82.0,31.0,49.5,0.0,2,1
small-world,100,18,91,23.0,50.0,23.0,23.0,34.0,34.0,65.0,49.5,0.0,2,1
small-world,100,18,92,7.0,7.0,13.0,13.0,8.0,8.0,16.0,49.5,0.0,2,1
small-world,100,18,93,2.0,2.0,2.0,2.0,3.0,3.0,6.0,49.5,0.0,2,1
small-world,100,18,94,23.0,5.0,8.0,8.0,7.0,7.0,71.0,49.5,0.0,2,1
small-world,100,18,95,7.0,12.0,7.0,7.0,9.0,9.0,20.0,49.5,0.0,2,1
small-world,100,18,96,23.0,47.0,54.0,54.0,41.0,41.0,64.0,49.5,0.0,2,1
small-world,100,18,97,72.0,94.0,72.0,72.0,92.0,92.0,89.0,49.5,0.0,2,1
small-world,100,18,98,72.0,59.0,72.0,72.0,79.0,79.0,79.0,49.5,0.0,2,1
small-world,100,18,99,23.0,44.0,56.0,56.0,57.0,57.0,30.0,49.5,0.0,2,1
