scale-free,200,25,0,2.0,2.0,3.0,3.0,161.0,2.0,2.0,60.488117909023345,0.1203337221750817,5,189
scale-free,200,25,1,1.0,1.0,1.0,1.0,161.0,1.0,1.0,60.488117909023345,0.1203337221750817,5,189
scale-free,200,25,2,4.0,4.0,4.0,4.0,161.0,4.0,4.0,60.488117909023345,0.1203337221750817,5,189
scale-free,200,25,3,94.0,50.0,28.0,28.0,28.0,50.0,51.0,60.488117909023345,0.1203337221750817,5,189
scale-free,200,25,4,94.0,50.0,28.0,28.0,28.0,50.0,51.0,60.488117909023345,0.1203337221750817,5,189
scale-free,200,25,5,17.0,50.0,28.0,28.0,4.0,50.0,51.0,60.488117909023345,0.1203337221750817,5,189
scale-free,200,25,6,7.0,6.0,28.0,28.0,181.0,5.0,5.0,60.488117909023345,0.1203337221750817,5,189
scale-free,200,25,7,16.0,50.0,28.0,28.0,28.0,50.0,51.0,60.488117909023345,0.1203337221750817,5,189
scale-free,200,25,8,3.0,3.0,2.0,2.0,161.0,3.0,3.0,60.488117909023345,0.1203337221750817,5,189
scale-free,200,25,9,50.0,50.0,28.0,28.0,11.0,50.0,51.0,60.488117909023345,0.1203337221750817,5,189
scale-free,200,25,10,11.0,50.0,28.0,28.0,11.0,50.0,51.0,60.488117909023345,0.1203337221750817,5,189
scale-free,200,25,11,8.0,50.0,28.0,28.0,3.0,50.0,51.0,60.488117909023345,0.1203337221750817,5,189
scale-free,200,25,12,10.0,23.0,9.0,9.0,11.0,23.0,25.0,60.488117909023345,0.1203337221750817,5,189
scale-free,200,25,13,5.0,7.0,8.0,7.0,161.0,7.0,6.0,60.488117909023345,0.1203337221750817,5,189
scale-free,200,25,14,94.0,50.0,28.0,28.0,28.0,50.0,51.0,60.488117909023345,0.1203337221750817,5,189
scale-free,200,25,15,50.0,50.0,28.0,28.0,28.0,50.0,51.0,60.488117909023345,0.1203337221750817,5,189
scale-free,200,25,16,21.0,50.0,28.0,28.0,1.0,50.0,51.0,60.488117909023345,0.1203337221750817,5,189
scale-free,200,25,17,14.0,31.0,20.0,20.0,28.0,31.0,47.0,60.488117909023345,0.1203337221750817,5,189
scale-free,200,25,18,8.0,50.0,28.0,28.0,1.0,50.0,47.0,60.488117909023345,0.1203337221750817,5,189
scale-free,200,25,19,37.0,50.0,28.0,28.0,28.0,50.0,51.0,60.488117909023345,0.1203337221750817,5,189
scale-free,200,25,20,17.0,31.0,25.0,25.0,11.0,31.0,37.0,60.488117909023345,0.1203337221750817,5,189
scale-free,200,25,21,5.0,9.0,28.0,28.0,181.0,8.0,9.0,60.488117909023345,0.1203337221750817,5,189
scale-free,200,25,22,50.0,50.0,28.0,28.0,28.0,50.0,51.0,60.488117909023345,0.1203337221750817,5,189
scale-free,200,25,23,12.0,16.0,14.0,14.0,161.0,12.0,16.0,60.488117909023345,0.1203337221750817,5,189
scale-free,200,25,24,94.0,50.0,28.0,28.0,28.0,50.0,51.0,60.488117909023345,0.1203337221750817,5,189
scale-free,200,25,25,28.0,31.0,21.0,21.0,28.0,31.0,39.0,60.488117909023345,0.1203337221750817,5,189
scale-free,200,25,26,94.0,50.0,28.0,28.0,28.0,50.0,51.0,60.488117909023345,0.1203337221750817,5,189
scale-free,200,25,27,21.0,50.0,28.0,28.0,11.0,50.0,51.0,60.488117909023345,0.1203337221750817,5,189
scale-free,200,25,28,50.0,50.0,28.0,28.0,28.0,50.0,51.0,60.488117909023345,0.1203337221750817,5,189
scale-free,200,25,29,94.0,50.0,28.0,28.0,28.0,50.0,51.0,60.488117909023345,0.1203337221750817,5,189
scale-free,200,25,30,12.0,19.0,6.0,6.0,161.0,18.0,11.0,60.488117909023345,0.1203337221750817,5,189
scale-free,200,25,31,37.0,5.0,28.0,28.0,181.0,6.0,7.0,60.488117909023345,0.1203337221750817,5,189
scale-free,200,25,32,37.0,50.0,28.0,28.0,4.0,50.0,51.0,60.488117909023345,0.1203337221750817,5,189
scale-free,200,25,33,21.0,50.0,28.0,28.0,11.0,50.0,51.0,60.488117909023345,0.1203337221750817,5,189
scale-free,200,25,34,17.0,12.0,5.0,5.0,161.0,13.0,15.0,60.488117909023345,0.1203337221750817,5,189
scale-free,200,25,35,37.0,50.0,28.0,28.0,28.0,50.0,51.0,60.488117909023345,0.1203337221750817,5,189
scale-free,200,25,36,21.0,50.0,28.0,28.0,28.0,50.0,51.0,60.488117909023345,0.1203337221750817,5,189
scale-free,200,25,37,50.0,50.0,28.0,28.0,28.0,50.0,51.0,60.488117909023345,0.1203337221750817,5,189
scale-free,200,25,38,37.0,50.0,28.0,28.0,28.0,50.0,51.0,60.488117909023345,0.1203337221750817,5,189
scale-free,200,25,39,28.0,50.0,28.0,28.0,4.0,50.0,51.0,60.488117909023345,0.1203337221750817,5,189
scale-free,200,25,40,50.0,50.0,28.0,28.0,28.0,50.0,51.0,60.488117909023345,0.1203337221750817,5,189
scale-free,200,25,41,94.0,50.0,28.0,28.0,28.0,50.0,51.0,60.488117909023345,0.1203337221750817,5,189
scale-free,200,25,42,50.0,29.0,28.0,28.0,181.0,29.0,30.0,60.488117909023345,0.1203337221750817,5,189
scale-free,200,25,43,21.0,10.0,28.0,28.0,181.0,10.0,12.0,60.488117909023345,0.1203337221750817,5,189
scale-free,200,25,44,50.0,50.0,28.0,28.0,173.0,50.0,51.0,60.488117909023345,0.1203337221750817,5,189
scale-free,200,25,45,28.0,25.0,13.0,13.0,28.0,25.0,21.0,60.488117909023345,0.1203337221750817,5,189
scale-free,200,25,46,28.0,31.0,17.0,17.0,28.0,31.0,27.0,60.488117909023345,0.1203337221750817,5,189
scale-free,200,25,47,37.0,50.0,28.0,28.0,28.0,50.0,51.0,60.488117909023345,0.1203337221750817,5,189
scale-free,200,25,48,50.0,50.0,28.0,28.0,28.0,50.0,51.0,60.488117909023345,0.1203337221750817,5,189
scale-free,200,25,49,28.0,50.0,28.0,28.0,28.0,50.0,51.0,60.488117909023345,0.1203337221750817,5,189
scale-free,200,25,50,37.0,29.0,23.0,24.0,28.0,29.0,31.0,60.488117909023345,0.1203337221750817,5,189
scale-free,200,25,51,94.0,50.0,28.0,28.0,28.0,50.0,51.0,60.488117909023345,0.1203337221750817,5,189
scale-free,200,25,52,17.0,11.0,7.0,8.0,161.0,11.0,10.0,60.488117909023345,0.1203337221750817,5,189
scale-free,200,25,53,94.0,50.0,28.0,28.0,28.0,50.0,51.0,60.488117909023345,0.1203337221750817,5,189
scale-free,200,25,54,50.0,31.0,28.0,28.0,28.0,31.0,45.0,60.488117909023345,0.1203337221750817,5,189
scale-free,200,25,55,94.0,50.0,28.0,28.0,28.0,50.0,51.0,60.488117909023345,0.1203337221750817,5,189
scale-free,200,25,56,50.0,50.0,28.0,28.0,28.0,50.0,51.0,60.488117909023345,0.1203337221750817,5,189
scale-free,200,25,57,50.0,50.0,28.0,28.0,28.0,50.0,51.0,60.488117909023345,0.1203337221750817,5,189
scale-free,200,25,58,37.0,50.0,28.0,28.0,11.0,50.0,51.0,60.488117909023345,0.1203337221750817,5,189
scale-free,200,25,59,37.0,27.0,12.0,12.0,28.0,27.0,20.0,60.488117909023345,0.1203337221750817,5,189
scale-free,200,25,60,94.0,50.0,28.0,28.0,28.0,50.0,51.0,60.488117909023345,0.1203337221750817,5,189
scale-free,200,25,61,94.0,50.0,28.0,28.0,28.0,50.0,51.0,60.488117909023345,0.1203337221750817,5,189
scale-free,200,25,62,50.0,50.0,28.0,28.0,28.0,50.0,51.0,60.488117909023345,0.1203337221750817,5,189
scale-free,200,25,63,94.0,50.0,28.0,28.0,28.0,50.0,51.0,60.488117909023345,0.1203337221750817,5,189
scale-free,200,25,64,50.0,50.0,28.0,28.0,4.0,50.0,51.0,60.488117909023345,0.1203337221750817,5,189
scale-free,200,25,65,50.0,50.0,28.0,28.0,11.0,50.0,51.0,60.488117909023345,0.1203337221750817,5,189
scale-free,200,25,66,94.0,50.0,28.0,28.0,28.0,50.0,51.0,60.488117909023345,0.1203337221750817,5,189
scale-free,200,25,67,50.0,20.0,28.0,28.0,181.0,21.0,13.0,60.488117909023345,0.1203337221750817,5,189
scale-free,200,25,68,14.0,8.0,28.0,28.0,181.0,9.0,8.0,60.488117909023345,0.1203337221750817,5,189
scale-free,200,25,69,50.0,50.0,28.0,28.0,11.0,50.0,51.0,60.488117909023345,0.1203337221750817,5,189
scale-free,200,25,70,94.0,50.0,28.0,28.0,28.0,50.0,51.0,60.488117909023345,0.1203337221750817,5,189
scale-free,200,25,71,28.0,50.0,28.0,28.0,28.0,50.0,51.0,60.488117909023345,0.1203337221750817,5,189
scale-free,200,25,72,37.0,50.0,28.0,28.0,4.0,50.0,51.0,60.488117909023345,0.1203337221750817,5,189
scale-free,200,25,73,94.0,50.0,28.0,28.0,28.0,50.0,51.0,60.488117909023345,0.1203337221750817,5,189
scale-free,200,25,74,94.0,50.0,28.0,28.0,28.0,50.0,51.0,60.488117909023345,0.1203337221750817,5,189
scale-free,200,25,75,50.0,50.0,28.0,28.0,28.0,50.0,51.0,60.488117909023345,0.1203337221750817,5,189
scale-free,200,25,76,94.0,50.0,28.0,28.0,11.0,50.0,51.0,60.488117909023345,0.1203337221750817,5,189
scale-free,200,25,77,21.0,23.0,11.0,11.0,28.0,23.0,24.0,60.488117909023345,0.1203337221750817,5,189
scale-free,200,25,78,50.0,31.0,19.0,19.0,28.0,31.0,32.0,60.488117909023345,0.1203337221750817,5,189
scale-free,200,25,79,94.0,50.0,28.0,28.0,28.0,50.0,51.0,60.488117909023345,0.1203337221750817,5,189
scale-free,200,25,80,37.0,14.0,28.0,28.0,181.0,15.0,22.0,60.488117909023345,0.1203337221750817,5,189
scale-free,200,25,81,94.0,50.0,28.0,28.0,28.0,50.0,51.0,60.488117909023345,0.1203337221750817,5,189
scale-free,200,25,82,94.0,50.0,28.0,28.0,28.0,50.0,51.0,60.488117909023345,0.1203337221750817,5,189
scale-free,200,25,83,50.0,50.0,28.0,28.0,28.0,50.0,51.0,60.488117909023345,0.1203337221750817,5,189
scale-free,200,25,84,94.0,50.0,28.0,28.0,28.0,50.0,51.0,60.488117909023345,0.1203337221750817,5,189
scale-free,200,25,85,94.0,50.0,28.0,28.0,28.0,50.0,51.0,60.488117909023345,0.1203337221750817,5,189
scale-free,200,25,86,28.0,31.0,21.0,21.0,28.0,31.0,39.0,60.488117909023345,0.1203337221750817,5,189
scale-free,200,25,87,28.0,50.0,28.0,28.0,28.0,50.0,51.0,60.488117909023345,0.1203337221750817,5,189
scale-free,200,25,88,50.0,15.0,28.0,28.0,161.0,16.0,17.0,60.488117909023345,0.1203337221750817,5,189
scale-free,200,25,89,94.0,50.0,28.0,28.0,28.0,50.0,51.0,60.488117909023345,0.1203337221750817,5,189
scale-free,200,25,90,94.0,50.0,28.0,28.0,28.0,50.0,51.0,60.488117909023345,0.1203337221750817,5,189
scale-free,200,25,91,94.0,50.0,28.0,28.0,28.0,50.0,51.0,60.488117909023345,0.1203337221750817,5,189
scale-free,200,25,92,50.0,50.0,28.0,28.0,28.0,50.0,51.0,60.488117909023345,0.1203337221750817,5,189
scale-free,200,25,93,37.0,21.0,28.0,28.0,181.0,20.0,26.0,60.488117909023345,0.1203337221750817,5,189
scale-free,200,25,94,94.0,50.0,28.0,28.0,28.0,50.0,51.0,60.488117909023345,0.1203337221750817,5,189
scale-free,200,25,95,50.0,50.0,28.0,28.0,28.0,50.0,51.0,60.488117909023345,0.1203337221750817,5,189
scale-free,200,25,96,28.0,50.0,28.0,28.0,4.0,50.0,51.0,60.488117909023345,0.1203337221750817,5,189
scale-free,200,25,97,21.0,17.0,10.0,10.0,161.0,17.0,19.0,60.488117909023345,0.1203337221750817,5,189
scale-free,200,25,98,50.0,50.0,28.0,28.0,28.0,50.0,51.0,60.488117909023345,0.1203337221750817,5,189
scale-free,200,25,99,94.0,50.0,28.0,28.0,28.0,50.0,51.0,60.488117909023345,0.1203337221750817,5,189
scale-free,200,25,100,50.0,31.0,15.0,16.0,11.0,31.0,27.0,60.488117909023345,0.1203337221750817,5,189
scale-free,200,25,101,94.0,50.0,28.0,28.0,28.0,50.0,51.0,60.488117909023345,0.1203337221750817,5,189
scale-free,200,25,102,94.0,50.0,28.0,28.0,28.0,50.0,51.0,60.488117909023345,0.1203337221750817,5,189
scale-free,200,25,103,94.0,50.0,28.0,28.0,28.0,50.0,51.0,60.488117909023345,0.1203337221750817,5,189
scale-free,200,25,104,94.0,50.0,28.0,28.0,28.0,50.0,51.0,60.488117909023345,0.1203337221750817,5,189
scale-free,200,25,105,94.0,22.0,28.0,28.0,181.0,22.0,14.0,60.488117909023345,0.1203337221750817,5,189
scale-free,200,25,106,50.0,31.0,18.0,18.0,28.0,31.0,32.0,60.488117909023345,0.1203337221750817,5,189
scale-free,200,25,107,50.0,50.0,28.0,28.0,28.0,50.0,51.0,60.488117909023345,0.1203337221750817,5,189
scale-free,200,25,108,94.0,50.0,28.0,28.0,28.0,50.0,51.0,60.488117909023345,0.1203337221750817,5,189
scale-free,200,25,109,94.0,50.0,28.0,28.0,28.0,50.0,51.0,60.488117909023345,0.1203337221750817,5,189
scale-free,200,25,110,94.0,50.0,28.0,28.0,11.0,50.0,51.0,60.488117909023345,0.1203337221750817,5,189
scale-free,200,25,111,94.0,50.0,28.0,28.0,28.0,50.0,51.0,60.488117909023345,0.1203337221750817,5,189
scale-free,200,25,112,94.0,50.0,28.0,28.0,175.0,50.0,51.0,60.488117909023345,0.1203337221750817,5,189
scale-free,200,25,113,50.0,50.0,28.0,28.0,11.0,50.0,51.0,60.488117909023345,0.1203337221750817,5,189
scale-free,200,25,114,94.0,50.0,28.0,28.0,28.0,50.0,51.0,60.488117909023345,0.1203337221750817,5,189
scale-free,200,25,115,94.0,26.0,28.0,28.0,181.0,25.0,38.0,60.488117909023345,0.1203337221750817,5,189
scale-free,200,25,116,50.0,31.0,25.0,25.0,28.0,31.0,46.0,60.488117909023345,0.1203337221750817,5,189
scale-free,200,25,117,37.0,50.0,28.0,28.0,28.0,50.0,51.0,60.488117909023345,0.1203337221750817,5,189
scale-free,200,25,118,94.0,50.0,28.0,28.0,28.0,50.0,51.0,60.488117909023345,0.1203337221750817,5,189
scale-free,200,25,119,50.0,50.0,28.0,28.0,28.0,50.0,51.0,60.488117909023345,0.1203337221750817,5,189
scale-free,200,25,120,94.0,50.0,28.0,28.0,28.0,50.0,51.0,60.488117909023345,0.1203337221750817,5,189
scale-free,200,25,121,50.0,50.0,28.0,28.0,28.0,50.0,51.0,60.488117909023345,0.1203337221750817,5,189
scale-free,200,25,122,94.0,50.0,28.0,28.0,28.0,50.0,51.0,60.488117909023345,0.1203337221750817,5,189
scale-free,200,25,123,50.0,50.0,28.0,28.0,28.0,50.0,51.0,60.488117909023345,0.1203337221750817,5,189
scale-free,200,25,124,50.0,50.0,28.0,28.0,28.0,50.0,51.0,60.488117909023345,0.1203337221750817,5,189
scale-free,200,25,125,50.0,50.0,28.0,28.0,28.0,50.0,51.0,60.488117909023345,0.1203337221750817,5,189
scale-free,200,25,126,50.0,31.0,25.0,25.0,175.0,31.0,27.0,60.488117909023345,0.1203337221750817,5,189
scale-free,200,25,127,94.0,50.0,28.0,28.0,28.0,50.0,51.0,60.488117909023345,0.1203337221750817,5,189
scale-free,200,25,128,94.0,50.0,28.0,28.0,28.0,50.0,51.0,60.488117909023345,0.1203337221750817,5,189
scale-free,200,25,129,94.0,50.0,28.0,28.0,28.0,50.0,51.0,60.488117909023345,0.1203337221750817,5,189
scale-free,200,25,130,94.0,18.0,28.0,28.0,181.0,19.0,23.0,60.488117909023345,0.1203337221750817,5,189
scale-free,200,25,131,94.0,31.0,28.0,28.0,181.0,31.0,49.0,60.488117909023345,0.1203337221750817,5,189
scale-free,200,25,132,94.0,50.0,28.0,28.0,28.0,50.0,51.0,60.488117909023345,0.1203337221750817,5,189
scale-free,200,25,133,94.0,50.0,28.0,28.0,28.0,50.0,51.0,60.488117909023345,0.1203337221750817,5,189
scale-free,200,25,134,94.0,50.0,28.0,28.0,28.0,50.0,51.0,60.488117909023345,0.1203337221750817,5,189
scale-free,200,25,135,94.0,50.0,28.0,28.0,28.0,50.0,51.0,60.488117909023345,0.1203337221750817,5,189
scale-free,200,25,136,94.0,50.0,28.0,28.0,28.0,50.0,51.0,60.488117909023345,0.1203337221750817,5,189
scale-free,200,25,137,50.0,27.0,28.0,28.0,181.0,27.0,36.0,60.488117909023345,0.1203337221750817,5,189
scale-free,200,25,138,94.0,50.0,28.0,28.0,28.0,50.0,51.0,60.488117909023345,0.1203337221750817,5,189
scale-free,200,25,139,50.0,12.0,16.0,15.0,161.0,14.0,17.0,60.488117909023345,0.1203337221750817,5,189
scale-free,200,25,140,94.0,50.0,28.0,28.0,28.0,50.0,51.0,60.488117909023345,0.1203337221750817,5,189
scale-free,200,25,141,94.0,31.0,28.0,28.0,181.0,31.0,42.0,60.488117909023345,0.1203337221750817,5,189
scale-free,200,25,142,94.0,50.0,28.0,28.0,28.0,50.0,51.0,60.488117909023345,0.1203337221750817,5,189
scale-free,200,25,143,94.0,50.0,28.0,28.0,28.0,50.0,51.0,60.488117909023345,0.1203337221750817,5,189
scale-free,200,25,144,50.0,50.0,28.0,28.0,28.0,50.0,51.0,60.488117909023345,0.1203337221750817,5,189
scale-free,200,25,145,94.0,50.0,28.0,28.0,28.0,50.0,51.0,60.488117909023345,0.1203337221750817,5,189
scale-free,200,25,146,94.0,31.0,28.0,28.0,181.0,31.0,42.0,60.488117909023345,0.1203337221750817,5,189
scale-free,200,25,147,94.0,50.0,28.0,28.0,28.0,50.0,51.0,60.488117909023345,0.1203337221750817,5,189
scale-free,200,25,148,50.0,31.0,24.0,23.0,28.0,31.0,49.0,60.488117909023345,0.1203337221750817,5,189
scale-free,200,25,149,94.0,50.0,28.0,28.0,28.0,50.0,51.0,60.488117909023345,0.1203337221750817,5,189
scale-free,200,25,150,94.0,50.0,28.0,28.0,28.0,50.0,51.0,60.488117909023345,0.1203337221750817,5,189
scale-free,200,25,151,94.0,50.0,28.0,28.0,28.0,50.0,51.0,60.488117909023345,0.1203337221750817,5,189
scale-free,200,25,152,94.0,50.0,28.0,28.0,28.0,50.0,51.0,60.488117909023345,0.1203337221750817,5,189
scale-free,200,25,153,50.0,50.0,28.0,28.0,28.0,50.0,51.0,60.488117909023345,0.1203337221750817,5,189
scale-free,200,25,154,94.0,50.0,28.0,28.0,4.0,50.0,51.0,60.488117909023345,0.1203337221750817,5,189
scale-free,200,25,155,94.0,50.0,28.0,28.0,28.0,50.0,51.0,60.488117909023345,0.1203337221750817,5,189
scale-free,200,25,156,94.0,50.0,28.0,28.0,28.0,50.0,51.0,60.488117909023345,0.1203337221750817,5,189
scale-free,200,25,157,94.0,50.0,28.0,28.0,28.0,50.0,51.0,60.488117909023345,0.1203337221750817,5,189
scale-free,200,25,158,50.0,50.0,28.0,28.0,11.0,50.0,51.0,60.488117909023345,0.1203337221750817,5,189
scale-free,200,25,159,94.0,50.0,28.0,28.0,28.0,50.0,51.0,60.488117909023345,0.1203337221750817,5,189
scale-free,200,25,160,94.0,50.0,28.0,28.0,28.0,50.0,51.0,60.488117909023345,0.1203337221750817,5,189
scale-free,200,25,161,94.0,50.0,28.0,28.0,28.0,50.0,51.0,60.488117909023345,0.1203337221750817,5,189
scale-free,200,25,162,94.0,50.0,28.0,28.0,28.0,50.0,51.0,60.488117909023345,0.1203337221750817,5,189
scale-free,200,25,163,94.0,31.0,28.0,28.0,181.0,31.0,42.0,60.488117909023345,0.1203337221750817,5,189
scale-free,200,25,164,94.0,50.0,28.0,28.0,28.0,50.0,51.0,60.488117909023345,0.1203337221750817,5,189
scale-free,200,25,165,94.0,50.0,28.0,28.0,28.0,50.0,51.0,60.488117909023345,0.1203337221750817,5,189
scale-free,200,25,166,94.0,50.0,28.0,28.0,175.0,50.0,51.0,60.488117909023345,0.1203337221750817,5,189
scale-free,200,25,167,94.0,50.0,28.0,28.0,28.0,50.0,51.0,60.488117909023345,0.1203337221750817,5,189
scale-free,200,25,168,94.0,50.0,28.0,28.0,28.0,50.0,51.0,60.488117909023345,0.1203337221750817,5,189
scale-free,200,25,169,94.0,31.0,28.0,28.0,181.0,31.0,32.0,60.488117909023345,0.1203337221750817,5,189
scale-free,200,25,170,94.0,50.0,28.0,28.0,28.0,50.0,51.0,60.488117909023345,0.1203337221750817,5,189
scale-free,200,25,171,94.0,50.0,28.0,28.0,28.0,50.0,51.0,60.488117909023345,0.1203337221750817,5,189
scale-free,200,25,172,94.0,50.0,28.0,28.0,175.0,50.0,51.0,60.488117909023345,0.1203337221750817,5,189
scale-free,200,25,173,94.0,50.0,28.0,28.0,28.0,50.0,51.0,60.488117909023345,0.1203337221750817,5,189
scale-free,200,25,174,50.0,50.0,28.0,28.0,28.0,50.0,51.0,60.488117909023345,0.1203337221750817,5,189
scale-free,200,25,175,50.0,50.0,28.0,28.0,28.0,50.0,51.0,60.488117909023345,0.1203337221750817,5,189
scale-free,200,25,176,94.0,50.0,28.0,28.0,173.0,50.0,51.0,60.488117909023345,0.1203337221750817,5,189
scale-free,200,25,177,94.0,50.0,28.0,28.0,28.0,50.0,51.0,60.488117909023345,0.1203337221750817,5,189
scale-free,200,25,178,94.0,50.0,28.0,28.0,28.0,50.0,51.0,60.488117909023345,0.1203337221750817,5,189
scale-free,200,25,179,94.0,50.0,28.0,28.0,28.0,50.0,51.0,60.488117909023345,0.1203337221750817,5,189
scale-free,200,25,180,50.0,50.0,28.0,28.0,11.0,50.0,51.0,60.488117909023345,0.1203337221750817,5,189
scale-free,200,25,181,94.0,50.0,28.0,28.0,28.0,50.0,51.0,60.488117909023345,0.1203337221750817,5,189
scale-free,200,25,182,94.0,50.0,28.0,28.0,28.0,50.0,51.0,60.488117909023345,0.1203337221750817,5,189
scale-free,200,25,183,94.0,50.0,28.0,28.0,28.0,50.0,51.0,60.488117909023345,0.1203337221750817,5,189
scale-free,200,25,184,94.0,50.0,28.0,28.0,28.0,50.0,51.0,60.488117909023345,0.1203337221750817,5,189
scale-free,200,25,185,94.0,50.0,28.0,28.0,28.0,50.0,51.0,60.488117909023345,0.1203337221750817,5,189
scale-free,200,25,186,94.0,50.0,28.0,28.0,28.0,50.0,51.0,60.488117909023345,0.1203337221750817,5,189
scale-free,200,25,187,94.0,50.0,28.0,28.0,175.0,50.0,51.0,60.488117909023345,0.1203337221750817,5,189
scale-free,200,25,188,94.0,50.0,28.0,28.0,175.0,50.0,51.0,60.488117909023345,0.1203337221750817,5,189
scale-free,200,25,189,94.0,50.0,28.0,28.0,28.0,50.0,51.0,60.488117909023345,0.1203337221750817,5,189
scale-free,200,25,190,94.0,50.0,28.0,28.0,28.0,50.0,51.0,60.488117909023345,0.1203337221750817,5,189
scale-free,200,25,191,94.0,50.0,28.0,28.0,28.0,50.0,51.0,60.488117909023345,0.1203337221750817,5,189
scale-free,200,25,192,94.0,50.0,28.0,28.0,11.0,50.0,51.0,60.488117909023345,0.1203337221750817,5,189
scale-free,200,25,193,94.0,50.0,28.0,28.0,28.0,50.0,51.0,60.488117909023345,0.1203337221750817,5,189
scale-free,200,25,194,94.0,50.0,28.0,28.0,28.0,50.0,51.0,60.488117909023345,0.1203337221750817,5,189
scale-free,200,25,195,94.0,31.0,28.0,28.0,181.0,31.0,39.0,60.488117909023345,0.1203337221750817,5,189
scale-free,200,25,196,94.0,50.0,28.0,28.0,28.0,50.0,51.0,60.488117909023345,0.1203337221750817,5,189
scale-free,200,25,197,94.0,31.0,28.0,28.0,181.0,31.0,32.0,60.488117909023345,0.1203337221750817,5,189
scale-free,200,25,198,94.0,50.0,28.0,28.0,28.0,50.0,51.0,60.488117909023345,0.1203337221750817,5,189
scale-free,200,25,199,94.0,50.0,28.0,28.0,11.0,50.0,51.0,60.488117909023345,0.1203337221750817,5,189
scale-free,200,26,0,2.0,1.0,2.0,2.0,157.0,1.0,2.0,54.03796998624011,0.1202097791369755,4,191
scale-free,200,26,1,1.0,2.0,1.0,1.0,157.0,2.0,1.0,54.03796998624011,0.1202097791369755,4,191
scale-free,200,26,2,6.0,7.0,5.0,5.0,157.0,9.0,9.0,54.03796998624011,0.1202097791369755,4,191
scale-free,200,26,3,10.0,24.0,19.0,19.0,37.0,24.0,27.0,54.03796998624011,0.1202097791369755,4,191
scale-free,200,26,4,27.0,43.0,23.0,23.0,10.0,43.0,43.0,54.03796998624011,0.1202097791369755,4,191
scale-free,200,26,5,27.0,43.0,23.0,23.0,4.0,43.0,43.0,54.03796998624011,0.1202097791369755,4,191
scale-free,200,26,6,4.0,7.0,4.0,4.0,157.0,6.0,8.0,54.03796998624011,0.1202097791369755,4,191
scale-free,200,26,7,12.0,43.0,23.0,23.0,10.0,43.0,43.0,54.03796998624011,0.1202097791369755,4,191
scale-free,200,26,8,3.0,4.0,3.0,3.0,157.0,4.0,7.0,54.03796998624011,0.1202097791369755,4,191
scale-free,200,26,9,15.0,19.0,9.0,9.0,37.0,19.0,17.0,54.03796998624011,0.1202097791369755,4,191
scale-free,200,26,10,20.0,21.0,10.0,10.0,37.0,19.0,20.0,54.03796998624011,0.1202097791369755,4,191
scale-free,200,26,11,10.0,43.0,23.0,23.0,10.0,43.0,43.0,54.03796998624011,0.1202097791369755,4,191
scale-free,200,26,12,53.0,14.0,23.0,23.0,157.0,14.0,18.0,54.03796998624011,0.1202097791369755,4,191
scale-free,200,26,13,38.0,43.0,23.0,23.0,10.0,43.0,43.0,54.03796998624011,0.1202097791369755,4,191
scale-free,200,26,14,38.0,43.0,23.0,23.0,37.0,43.0,43.0,54.03796998624011,0.1202097791369755,4,191
scale-free,200,26,15,87.0,43.0,23.0,23.0,37.0,43.0,43.0,54.03796998624011,0.1202097791369755,4,191
scale-free,200,26,16,4.0,3.0,23.0,23.0,183.0,3.0,3.0,54.03796998624011,0.1202097791369755,4,191
scale-free,200,26,17,12.0,43.0,23.0,23.0,37.0,43.0,43.0,54.03796998624011,0.1202097791369755,4,191
scale-free,200,26,18,20.0,6.0,21.0,21.0,169.0,7.0,10.0,54.03796998624011,0.1202097791369755,4,191
scale-free,200,26,19,6.0,11.0,23.0,23.0,183.0,11.0,11.0,54.03796998624011,0.1202097791369755,4,191
scale-free,200,26,20,87.0,43.0,23.0,23.0,37.0,43.0,43.0,54.03796998624011,0.1202097791369755,4,191
scale-free,200,26,21,27.0,43.0,23.0,23.0,10.0,43.0,43.0,54.03796998624011,0.1202097791369755,4,191
scale-free,200,26,22,38.0,43.0,23.0,23.0,37.0,43.0,43.0,54.03796998624011,0.1202097791369755,4,191
scale-free,200,26,23,27.0,43.0,23.0,23.0,10.0,43.0,43.0,54.03796998624011,0.1202097791369755,4,191
scale-free,200,26,24,53.0,22.0,23.0,23.0,37.0,22.0,26.0,54.03796998624011,0.1202097791369755,4,191
scale-free,200,26,25,53.0,43.0,23.0,23.0,37.0,43.0,43.0,54.03796998624011,0.1202097791369755,4,191
scale-free,200,26,26,87.0,43.0,23.0,23.0,37.0,43.0,43.0,54.03796998624011,0.1202097791369755,4,191
scale-free,200,26,27,20.0,43.0,23.0,23.0,10.0,43.0,43.0,54.03796998624011,0.1202097791369755,4,191
scale-free,200,26,28,20.0,43.0,23.0,23.0,10.0,43.0,43.0,54.03796998624011,0.1202097791369755,4,191
scale-free,200,26,29,27.0,43.0,23.0,23.0,37.0,43.0,43.0,54.03796998624011,0.1202097791369755,4,191
scale-free,200,26,30,53.0,43.0,23.0,23.0,10.0,43.0,43.0,54.03796998624011,0.1202097791369755,4,191
scale-free,200,26,31,9.0,5.0,6.0,6.0,157.0,5.0,6.0,54.03796998624011,0.1202097791369755,4,191
scale-free,200,26,32,53.0,43.0,23.0,23.0,37.0,43.0,43.0,54.03796998624011,0.1202097791369755,4,191
scale-free,200,26,33,6.0,43.0,23.0,23.0,1.0,43.0,43.0,54.03796998624011,0.1202097791369755,4,191
scale-free,200,26,34,87.0,43.0,23.0,23.0,37.0,43.0,43.0,54.03796998624011,0.1202097791369755,4,191
scale-free,200,26,35,20.0,19.0,19.0,19.0,10.0,19.0,25.0,54.03796998624011,0.1202097791369755,4,191
scale-free,200,26,36,87.0,43.0,23.0,23.0,37.0,43.0,43.0,54.03796998624011,0.1202097791369755,4,191
scale-free,200,26,37,87.0,43.0,23.0,23.0,37.0,43.0,43.0,54.03796998624011,0.1202097791369755,4,191
scale-free,200,26,38,87.0,43.0,23.0,23.0,37.0,43.0,43.0,54.03796998624011,0.1202097791369755,4,191
scale-free,200,26,39,87.0,43.0,23.0,23.0,37.0,43.0,43.0,54.03796998624011,0.1202097791369755,4,191
scale-free,200,26,40,15.0,43.0,23.0,23.0,1.0,43.0,43.0,54.03796998624011,0.1202097791369755,4,191
scale-free,200,26,41,12.0,28.0,15.0,15.0,4.0,28.0,29.0,54.03796998624011,0.1202097791369755,4,191
scale-free,200,26,42,38.0,43.0,23.0,23.0,10.0,43.0,43.0,54.03796998624011,0.1202097791369755,4,191
scale-free,200,26,43,87.0,43.0,23.0,23.0,37.0,43.0,43.0,54.03796998624011,0.1202097791369755,4,191
scale-free,200,26,44,87.0,43.0,23.0,23.0,37.0,43.0,43.0,54.03796998624011,0.1202097791369755,4,191
scale-free,200,26,45,53.0,43.0,23.0,23.0,4.0,43.0,43.0,54.03796998624011,0.1202097791369755,4,191
scale-free,200,26,46,87.0,43.0,23.0,23.0,37.0,43.0,43.0,54.03796998624011,0.1202097791369755,4,191
scale-free,200,26,47,27.0,17.0,23.0,23.0,183.0,17.0,13.0,54.03796998624011,0.1202097791369755,4,191
scale-free,200,26,48,20.0,9.0,23.0,23.0,183.0,8.0,5.0,54.03796998624011,0.1202097791369755,4,191
scale-free,200,26,49,38.0,43.0,23.0,23.0,10.0,43.0,43.0,54.03796998624011,0.1202097791369755,4,191
scale-free,200,26,50,53.0,43.0,23.0,23.0,37.0,43.0,43.0,54.03796998624011,0.1202097791369755,4,191
scale-free,200,26,51,27.0,43.0,23.0,23.0,37.0,43.0,43.0,54.03796998624011,0.1202097791369755,4,191
scale-free,200,26,52,15.0,43.0,23.0,23.0,37.0,43.0,43.0,54.03796998624011,0.1202097791369755,4,191
scale-free,200,26,53,38.0,43.0,23.0,23.0,37.0,43.0,43.0,54.03796998624011,0.1202097791369755,4,191
scale-free,200,26,54,53.0,43.0,23.0,23.0,37.0,43.0,43.0,54.03796998624011,0.1202097791369755,4,191
scale-free,200,26,55,53.0,43.0,23.0,23.0,37.0,43.0,43.0,54.03796998624011,0.1202097791369755,4,191
scale-free,200,26,56,87.0,43.0,23.0,23.0,37.0,43.0,43.0,54.03796998624011,0.1202097791369755,4,191
scale-free,200,26,57,87.0,43.0,23.0,23.0,37.0,43.0,43.0,54.03796998624011,0.1202097791369755,4,191
scale-free,200,26,58,53.0,43.0,23.0,23.0,37.0,43.0,43.0,54.03796998624011,0.1202097791369755,4,191
scale-free,200,26,59,87.0,28.0,23.0,23.0,183.0,28.0,38.0,54.03796998624011,0.1202097791369755,4,191
scale-free,200,26,60,87.0,43.0,23.0,23.0,37.0,43.0,43.0,54.03796998624011,0.1202097791369755,4,191
scale-free,200,26,61,38.0,43.0,23.0,23.0,37.0,43.0,43.0,54.03796998624011,0.1202097791369755,4,191
scale-free,200,26,62,53.0,43.0,23.0,23.0,10.0,43.0,43.0,54.03796998624011,0.1202097791369755,4,191
scale-free,200,26,63,87.0,43.0,23.0,23.0,37.0,43.0,43.0,54.03796998624011,0.1202097791369755,4,191
scale-free,200,26,64,87.0,43.0,23.0,23.0,37.0,43.0,43.0,54.03796998624011,0.1202097791369755,4,191
scale-free,200,26,65,20.0,16.0,23.0,23.0,183.0,16.0,16.0,54.03796998624011,0.1202097791369755,4,191
scale-free,200,26,66,87.0,43.0,23.0,23.0,37.0,43.0,43.0,54.03796998624011,0.1202097791369755,4,191
scale-free,200,26,67,87.0,43.0,23.0,23.0,37.0,43.0,43.0,54.03796998624011,0.1202097791369755,4,191
scale-free,200,26,68,87.0,43.0,23.0,23.0,37.0,43.0,43.0,54.03796998624011,0.1202097791369755,4,191
scale-free,200,26,69,87.0,43.0,23.0,23.0,37.0,43.0,43.0,54.03796998624011,0.1202097791369755,4,191
scale-free,200,26,70,38.0,43.0,23.0,23.0,10.0,43.0,43.0,54.03796998624011,0.1202097791369755,4,191
scale-free,200,26,71,87.0,43.0,23.0,23.0,37.0,43.0,43.0,54.03796998624011,0.1202097791369755,4,191
scale-free,200,26,72,38.0,15.0,18.0,18.0,157.0,15.0,18.0,54.03796998624011,0.1202097791369755,4,191
scale-free,200,26,73,53.0,43.0,23.0,23.0,10.0,43.0,43.0,54.03796998624011,0.1202097791369755,4,191
scale-free,200,26,74,53.0,43.0,23.0,23.0,1.0,43.0,43.0,54.03796998624011,0.1202097791369755,4,191
scale-free,200,26,75,53.0,43.0,23.0,23.0,10.0,43.0,43.0,54.03796998624011,0.1202097791369755,4,191
scale-free,200,26,76,87.0,43.0,23.0,23.0,37.0,43.0,43.0,54.03796998624011,0.1202097791369755,4,191
scale-free,200,26,77,87.0,43.0,23.0,23.0,37.0,43.0,43.0,54.03796998624011,0.1202097791369755,4,191
scale-free,200,26,78,87.0,43.0,23.0,23.0,37.0,43.0,43.0,54.03796998624011,0.1202097791369755,4,191
scale-free,200,26,79,15.0,17.0,7.0,7.0,37.0,17.0,15.0,54.03796998624011,0.1202097791369755,4,191
scale-free,200,26,80,87.0,43.0,23.0,23.0,37.0,43.0,43.0,54.03796998624011,0.1202097791369755,4,191
scale-free,200,26,81,53.0,43.0,23.0,23.0,10.0,43.0,43.0,54.03796998624011,0.1202097791369755,4,191
scale-free,200,26,82,53.0,43.0,23.0,23.0,4.0,43.0,43.0,54.03796998624011,0.1202097791369755,4,191
scale-free,200,26,83,53.0,43.0,23.0,23.0,37.0,43.0,43.0,54.03796998624011,0.1202097791369755,4,191
scale-free,200,26,84,87.0,43.0,23.0,23.0,37.0,43.0,43.0,54.03796998624011,0.1202097791369755,4,191
scale-free,200,26,85,87.0,43.0,23.0,23.0,37.0,43.0,43.0,54.03796998624011,0.1202097791369755,4,191
scale-free,200,26,86,87.0,43.0,23.0,23.0,37.0,43.0,43.0,54.03796998624011,0.1202097791369755,4,191
scale-free,200,26,87,87.0,43.0,23.0,23.0,37.0,43.0,43.0,54.03796998624011,0.1202097791369755,4,191
scale-free,200,26,88,87.0,43.0,23.0,23.0,37.0,43.0,43.0,54.03796998624011,0.1202097791369755,4,191
scale-free,200,26,89,27.0,43.0,23.0,23.0,37.0,43.0,43.0,54.03796998624011,0.1202097791369755,4,191
scale-free,200,26,90,87.0,43.0,23.0,23.0,37.0,43.0,43.0,54.03796998624011,0.1202097791369755,4,191
scale-free,200,26,91,53.0,43.0,23.0,23.0,4.0,43.0,43.0,54.03796998624011,0.1202097791369755,4,191
scale-free,200,26,92,87.0,43.0,23.0,23.0,37.0,43.0,43.0,54.03796998624011,0.1202097791369755,4,191
scale-free,200,26,93,38.0,28.0,12.0,12.0,37.0,28.0,22.0,54.03796998624011,0.1202097791369755,4,191
scale-free,200,26,94,27.0,43.0,23.0,23.0,37.0,43.0,43.0,54.03796998624011,0.1202097791369755,4,191
scale-free,200,26,95,27.0,43.0,23.0,23.0,10.0,43.0,43.0,54.03796998624011,0.1202097791369755,4,191
scale-free,200,26,96,87.0,43.0,23.0,23.0,37.0,43.0,43.0,54.03796998624011,0.1202097791369755,4,191
scale-free,200,26,97,87.0,28.0,23.0,23.0,183.0,28.0,38.0,54.03796998624011,0.1202097791369755,4,191
scale-free,200,26,98,87.0,43.0,23.0,23.0,37.0,43.0,43.0,54.03796998624011,0.1202097791369755,4,191
scale-free,200,26,99,38.0,43.0,23.0,23.0,37.0,43.0,43.0,54.03796998624011,0.1202097791369755,4,191
scale-free,200,26,100,87.0,43.0,23.0,23.0,37.0,43.0,43.0,54.03796998624011,0.1202097791369755,4,191
scale-free,200,26,101,87.0,43.0,23.0,23.0,169.0,43.0,43.0,54.03796998624011,0.1202097791369755,4,191
scale-free,200,26,102,87.0,43.0,23.0,23.0,10.0,43.0,43.0,54.03796998624011,0.1202097791369755,4,191
scale-free,200,26,103,87.0,43.0,23.0,23.0,37.0,43.0,43.0,54.03796998624011,0.1202097791369755,4,191
scale-free,200,26,104,87.0,43.0,23.0,23.0,37.0,43.0,43.0,54.03796998624011,0.1202097791369755,4,191
scale-free,200,26,105,53.0,28.0,12.0,12.0,37.0,28.0,22.0,54.03796998624011,0.1202097791369755,4,191
scale-free,200,26,106,53.0,43.0,23.0,23.0,37.0,43.0,43.0,54.03796998624011,0.1202097791369755,4,191
scale-free,200,26,107,87.0,43.0,23.0,23.0,37.0,43.0,43.0,54.03796998624011,0.1202097791369755,4,191
scale-free,200,26,108,87.0,43.0,23.0,23.0,37.0,43.0,43.0,54.03796998624011,0.1202097791369755,4,191
scale-free,200,26,109,15.0,43.0,23.0,23.0,4.0,43.0,43.0,54.03796998624011,0.1202097791369755,4,191
scale-free,200,26,110,53.0,43.0,23.0,23.0,37.0,43.0,43.0,54.03796998624011,0.1202097791369755,4,191
scale-free,200,26,111,53.0,43.0,23.0,23.0,10.0,43.0,43.0,54.03796998624011,0.1202097791369755,4,191
scale-free,200,26,112,38.0,10.0,8.0,8.0,157.0,10.0,4.0,54.03796998624011,0.1202097791369755,4,191
scale-free,200,26,113,87.0,27.0,23.0,23.0,183.0,27.0,37.0,54.03796998624011,0.1202097791369755,4,191
scale-free,200,26,114,87.0,43.0,23.0,23.0,37.0,43.0,43.0,54.03796998624011,0.1202097791369755,4,191
scale-free,200,26,115,87.0,43.0,23.0,23.0,10.0,43.0,43.0,54.03796998624011,0.1202097791369755,4,191
scale-free,200,26,116,87.0,43.0,23.0,23.0,169.0,43.0,43.0,54.03796998624011,0.1202097791369755,4,191
scale-free,200,26,117,53.0,43.0,23.0,23.0,37.0,43.0,43.0,54.03796998624011,0.1202097791369755,4,191
scale-free,200,26,118,53.0,24.0,23.0,23.0,183.0,24.0,35.0,54.03796998624011,0.1202097791369755,4,191
scale-free,200,26,119,87.0,43.0,23.0,23.0,169.0,43.0,43.0,54.03796998624011,0.1202097791369755,4,191
scale-free,200,26,120,87.0,43.0,23.0,23.0,37.0,43.0,43.0,54.03796998624011,0.1202097791369755,4,191
scale-free,200,26,121,87.0,28.0,23.0,23.0,183.0,28.0,29.0,54.03796998624011,0.1202097791369755,4,191
scale-free,200,26,122,87.0,43.0,23.0,23.0,37.0,43.0,43.0,54.03796998624011,0.1202097791369755,4,191
scale-free,200,26,123,53.0,28.0,12.0,12.0,37.0,28.0,22.0,54.03796998624011,0.1202097791369755,4,191
scale-free,200,26,124,53.0,43.0,23.0,23.0,37.0,43.0,43.0,54.03796998624011,0.1202097791369755,4,191
scale-free,200,26,125,87.0,43.0,23.0,23.0,37.0,43.0,43.0,54.03796998624011,0.1202097791369755,4,191
scale-free,200,26,126,87.0,43.0,23.0,23.0,169.0,43.0,43.0,54.03796998624011,0.1202097791369755,4,191
scale-free,200,26,127,27.0,12.0,23.0,23.0,183.0,12.0,12.0,54.03796998624011,0.1202097791369755,4,191
scale-free,200,26,128,87.0,43.0,23.0,23.0,10.0,43.0,43.0,54.03796998624011,0.1202097791369755,4,191
scale-free,200,26,129,87.0,43.0,23.0,23.0,37.0,43.0,43.0,54.03796998624011,0.1202097791369755,4,191
scale-free,200,26,130,53.0,23.0,23.0,23.0,183.0,22.0,21.0,54.03796998624011,0.1202097791369755,4,191
scale-free,200,26,131,53.0,43.0,23.0,23.0,37.0,43.0,43.0,54.03796998624011,0.1202097791369755,4,191
scale-free,200,26,132,38.0,13.0,11.0,11.0,157.0,13.0,14.0,54.03796998624011,0.1202097791369755,4,191
scale-free,200,26,133,87.0,28.0,23.0,23.0,183.0,28.0,41.0,54.03796998624011,0.1202097791369755,4,191
scale-free,200,26,134,87.0,43.0,23.0,23.0,169.0,43.0,43.0,54.03796998624011,0.1202097791369755,4,191
scale-free,200,26,135,87.0,43.0,23.0,23.0,10.0,43.0,43.0,54.03796998624011,0.1202097791369755,4,191
scale-free,200,26,136,87.0,43.0,23.0,23.0,37.0,43.0,43.0,54.03796998624011,0.1202097791369755,4,191
scale-free,200,26,137,87.0,28.0,23.0,23.0,183.0,28.0,36.0,54.03796998624011,0.1202097791369755,4,191
scale-free,200,26,138,87.0,43.0,23.0,23.0,169.0,43.0,43.0,54.03796998624011,0.1202097791369755,4,191
scale-free,200,26,139,53.0,43.0,23.0,23.0,37.0,43.0,43.0,54.03796998624011,0.1202097791369755,4,191
scale-free,200,26,140,53.0,28.0,16.0,16.0,37.0,28.0,29.0,54.03796998624011,0.1202097791369755,4,191
scale-free,200,26,141,87.0,43.0,23.0,23.0,37.0,43.0,43.0,54.03796998624011,0.1202097791369755,4,191
scale-free,200,26,142,87.0,43.0,23.0,23.0,37.0,43.0,43.0,54.03796998624011,0.1202097791369755,4,191
scale-free,200,26,143,87.0,43.0,23.0,23.0,37.0,43.0,43.0,54.03796998624011,0.1202097791369755,4,191
scale-free,200,26,144,87.0,43.0,23.0,23.0,10.0,43.0,43.0,54.03796998624011,0.1202097791369755,4,191
scale-free,200,26,145,87.0,43.0,23.0,23.0,167.0,43.0,43.0,54.03796998624011,0.1202097791369755,4,191
scale-free,200,26,146,87.0,28.0,23.0,23.0,183.0,28.0,40.0,54.03796998624011,0.1202097791369755,4,191
scale-free,200,26,147,87.0,43.0,23.0,23.0,37.0,43.0,43.0,54.03796998624011,0.1202097791369755,4,191
scale-free,200,26,148,87.0,43.0,23.0,23.0,37.0,43.0,43.0,54.03796998624011,0.1202097791369755,4,191
scale-free,200,26,149,87.0,43.0,23.0,23.0,37.0,43.0,43.0,54.03796998624011,0.1202097791369755,4,191
scale-free,200,26,150,53.0,43.0,23.0,23.0,37.0,43.0,43.0,54.03796998624011,0.1202097791369755,4,191
scale-free,200,26,151,87.0,43.0,23.0,23.0,37.0,43.0,43.0,54.03796998624011,0.1202097791369755,4,191
scale-free,200,26,152,38.0,24.0,17.0,17.0,10.0,24.0,28.0,54.03796998624011,0.1202097791369755,4,191
scale-free,200,26,153,87.0,43.0,23.0,23.0,37.0,43.0,43.0,54.03796998624011,0.1202097791369755,4,191
scale-free,200,26,154,38.0,28.0,22.0,22.0,37.0,28.0,29.0,54.03796998624011,0.1202097791369755,4,191
scale-free,200,26,155,53.0,43.0,23.0,23.0,167.0,43.0,43.0,54.03796998624011,0.1202097791369755,4,191
scale-free,200,26,156,87.0,28.0,23.0,23.0,183.0,28.0,29.0,54.03796998624011,0.1202097791369755,4,191
scale-free,200,26,157,87.0,43.0,23.0,23.0,37.0,43.0,43.0,54.03796998624011,0.1202097791369755,4,191
scale-free,200,26,158,87.0,43.0,23.0,23.0,37.0,43.0,43.0,54.03796998624011,0.1202097791369755,4,191
scale-free,200,26,159,87.0,43.0,23.0,23.0,37.0,43.0,43.0,54.03796998624011,0.1202097791369755,4,191
scale-free,200,26,160,87.0,43.0,23.0,23.0,37.0,43.0,43.0,54.03796998624011,0.1202097791369755,4,191
scale-free,200,26,161,87.0,43.0,23.0,23.0,37.0,43.0,43.0,54.03796998624011,0.1202097791369755,4,191
scale-free,200,26,162,87.0,43.0,23.0,23.0,37.0,43.0,43.0,54.03796998624011,0.1202097791369755,4,191
scale-free,200,26,163,87.0,43.0,23.0,23.0,169.0,43.0,43.0,54.03796998624011,0.1202097791369755,4,191
scale-free,200,26,164,87.0,43.0,23.0,23.0,37.0,43.0,43.0,54.03796998624011,0.1202097791369755,4,191
scale-free,200,26,165,87.0,43.0,23.0,23.0,37.0,43.0,43.0,54.03796998624011,0.1202097791369755,4,191
scale-free,200,26,166,87.0,43.0,23.0,23.0,37.0,43.0,43.0,54.03796998624011,0.1202097791369755,4,191
scale-free,200,26,167,87.0,43.0,23.0,23.0,169.0,43.0,43.0,54.03796998624011,0.1202097791369755,4,191
scale-free,200,26,168,87.0,43.0,23.0,23.0,37.0,43.0,43.0,54.03796998624011,0.1202097791369755,4,191
scale-free,200,26,169,87.0,43.0,23.0,23.0,37.0,43.0,43.0,54.03796998624011,0.1202097791369755,4,191
scale-free,200,26,170,87.0,43.0,23.0,23.0,37.0,43.0,43.0,54.03796998624011,0.1202097791369755,4,191
scale-free,200,26,171,53.0,43.0,23.0,23.0,37.0,43.0,43.0,54.03796998624011,0.1202097791369755,4,191
scale-free,200,26,172,87.0,43.0,23.0,23.0,37.0,43.0,43.0,54.03796998624011,0.1202097791369755,4,191
scale-free,200,26,173,87.0,43.0,23.0,23.0,37.0,43.0,43.0,54.03796998624011,0.1202097791369755,4,191
scale-free,200,26,174,87.0,43.0,23.0,23.0,37.0,43.0,43.0,54.03796998624011,0.1202097791369755,4,191
scale-free,200,26,175,87.0,43.0,23.0,23.0,10.0,43.0,43.0,54.03796998624011,0.1202097791369755,4,191
scale-free,200,26,176,87.0,43.0,23.0,23.0,37.0,43.0,43.0,54.03796998624011,0.1202097791369755,4,191
scale-free,200,26,177,87.0,43.0,23.0,23.0,37.0,43.0,43.0,54.03796998624011,0.1202097791369755,4,191
scale-free,200,26,178,87.0,43.0,23.0,23.0,169.0,43.0,43.0,54.03796998624011,0.1202097791369755,4,191
scale-free,200,26,179,87.0,43.0,23.0,23.0,37.0,43.0,43.0,54.03796998624011,0.1202097791369755,4,191
scale-free,200,26,180,87.0,43.0,23.0,23.0,37.0,43.0,43.0,54.03796998624011,0.1202097791369755,4,191
scale-free,200,26,181,87.0,43.0,23.0,23.0,37.0,43.0,43.0,54.03796998624011,0.1202097791369755,4,191
scale-free,200,26,182,87.0,43.0,23.0,23.0,37.0,43.0,43.0,54.03796998624011,0.1202097791369755,4,191
scale-free,200,26,183,87.0,28.0,23.0,23.0,183.0,28.0,29.0,54.03796998624011,0.1202097791369755,4,191
scale-free,200,26,184,87.0,43.0,23.0,23.0,37.0,43.0,43.0,54.03796998624011,0.1202097791369755,4,191
scale-free,200,26,185,87.0,43.0,23.0,23.0,37.0,43.0,43.0,54.03796998624011,0.1202097791369755,4,191
scale-free,200,26,186,87.0,43.0,23.0,23.0,169.0,43.0,43.0,54.03796998624011,0.1202097791369755,4,191
scale-free,200,26,187,87.0,43.0,23.0,23.0,169.0,43.0,43.0,54.03796998624011,0.1202097791369755,4,191
scale-free,200,26,188,87.0,43.0,23.0,23.0,37.0,43.0,43.0,54.03796998624011,0.1202097791369755,4,191
scale-free,200,26,189,53.0,43.0,23.0,23.0,10.0,43.0,43.0,54.03796998624011,0.1202097791369755,4,191
scale-free,200,26,190,87.0,43.0,23.0,23.0,169.0,43.0,43.0,54.03796998624011,0.1202097791369755,4,191
scale-free,200,26,191,87.0,43.0,23.0,23.0,37.0,43.0,43.0,54.03796998624011,0.1202097791369755,4,191
scale-free,200,26,192,87.0,43.0,23.0,23.0,37.0,43.0,43.0,54.03796998624011,0.1202097791369755,4,191
scale-free,200,26,193,87.0,43.0,23.0,23.0,37.0,43.0,43.0,54.03796998624011,0.1202097791369755,4,191
scale-free,200,26,194,87.0,43.0,23.0,23.0,37.0,43.0,43.0,54.03796998624011,0.1202097791369755,4,191
scale-free,200,26,195,87.0,43.0,23.0,23.0,37.0,43.0,43.0,54.03796998624011,0.1202097791369755,4,191
scale-free,200,26,196,87.0,43.0,23.0,23.0,37.0,43.0,43.0,54.03796998624011,0.1202097791369755,4,191
scale-free,200,26,197,87.0,43.0,23.0,23.0,37.0,43.0,43.0,54.03796998624011,0.1202097791369755,4,191
scale-free,200,26,198,87.0,28.0,23.0,23.0,183.0,28.0,41.0,54.03796998624011,0.1202097791369755,4,191
scale-free,200,26,199,87.0,43.0,23.0,23.0,169.0,43.0,43.0,54.03796998624011,0.1202097791369755,4,191
