scale-free,200,27,0,2.0,1.0,2.0,2.0,149.0,1.0,1.0,58.152464460784316,0.09254916554304822,4,194
scale-free,200,27,1,1.0,2.0,1.0,1.0,149.0,2.0,2.0,58.152464460784316,0.09254916554304822,4,194
scale-free,200,27,2,3.0,3.0,3.0,3.0,149.0,3.0,3.0,58.152464460784316,0.09254916554304822,4,194
scale-free,200,27,3,29.0,19.0,18.0,19.0,38.0,19.0,28.0,58.152464460784316,0.09254916554304822,4,194
scale-free,200,27,4,11.0,50.0,29.0,29.0,11.0,50.0,50.0,58.152464460784316,0.09254916554304822,4,194
scale-free,200,27,5,8.0,50.0,29.0,29.0,1.0,50.0,50.0,58.152464460784316,0.09254916554304822,4,194
scale-free,200,27,6,5.0,5.0,29.0,29.0,184.0,5.0,5.0,58.152464460784316,0.09254916554304822,4,194
scale-free,200,27,7,7.0,50.0,29.0,29.0,5.0,50.0,50.0,58.152464460784316,0.09254916554304822,4,194
scale-free,200,27,8,19.0,28.0,22.0,22.0,38.0,28.0,35.0,58.152464460784316,0.09254916554304822,4,194
scale-free,200,27,9,12.0,50.0,29.0,29.0,38.0,50.0,50.0,58.152464460784316,0.09254916554304822,4,194
scale-free,200,27,10,6.0,50.0,29.0,29.0,1.0,50.0,50.0,58.152464460784316,0.09254916554304822,4,194
scale-free,200,27,11,19.0,15.0,29.0,29.0,184.0,15.0,15.0,58.152464460784316,0.09254916554304822,4,194
scale-free,200,27,12,4.0,4.0,29.0,29.0,184.0,4.0,6.0,58.152464460784316,0.09254916554304822,4,194
scale-free,200,27,13,19.0,16.0,19.0,18.0,38.0,16.0,18.0,58.152464460784316,0.09254916554304822,4,194
scale-free,200,27,14,17.0,50.0,29.0,29.0,11.0,50.0,50.0,58.152464460784316,0.09254916554304822,4,194
scale-free,200,27,15,10.0,7.0,5.0,5.0,149.0,6.0,8.0,58.152464460784316,0.09254916554304822,4,194
scale-free,200,27,16,49.0,50.0,29.0,29.0,38.0,50.0,50.0,58.152464460784316,0.09254916554304822,4,194
scale-free,200,27,17,49.0,28.0,28.0,28.0,38.0,28.0,45.0,58.152464460784316,0.09254916554304822,4,194
scale-free,200,27,18,12.0,6.0,4.0,4.0,149.0,9.0,7.0,58.152464460784316,0.09254916554304822,4,194
scale-free,200,27,19,19.0,8.0,29.0,29.0,184.0,7.0,10.0,58.152464460784316,0.09254916554304822,4,194
scale-free,200,27,20,85.0,50.0,29.0,29.0,159.0,50.0,50.0,58.152464460784316,0.09254916554304822,4,194
scale-free,200,27,21,49.0,28.0,29.0,29.0,38.0,28.0,48.0,58.152464460784316,0.09254916554304822,4,194
scale-free,200,27,22,9.0,28.0,16.0,16.0,38.0,28.0,30.0,58.152464460784316,0.09254916554304822,4,194
scale-free,200,27,23,29.0,50.0,29.0,29.0,11.0,50.0,50.0,58.152464460784316,0.09254916554304822,4,194
scale-free,200,27,24,12.0,50.0,29.0,29.0,3.0,50.0,50.0,58.152464460784316,0.09254916554304822,4,194
scale-free,200,27,25,85.0,50.0,29.0,29.0,38.0,50.0,50.0,58.152464460784316,0.09254916554304822,4,194
scale-free,200,27,26,26.0,19.0,6.0,6.0,38.0,19.0,16.0,58.152464460784316,0.09254916554304822,4,194
scale-free,200,27,27,85.0,50.0,29.0,29.0,38.0,50.0,50.0,58.152464460784316,0.09254916554304822,4,194
scale-free,200,27,28,29.0,50.0,29.0,29.0,38.0,50.0,50.0,58.152464460784316,0.09254916554304822,4,194
scale-free,200,27,29,85.0,50.0,29.0,29.0,11.0,50.0,50.0,58.152464460784316,0.09254916554304822,4,194
scale-free,200,27,30,85.0,50.0,29.0,29.0,38.0,50.0,50.0,58.152464460784316,0.09254916554304822,4,194
scale-free,200,27,31,17.0,26.0,9.0,9.0,38.0,26.0,19.0,58.152464460784316,0.09254916554304822,4,194
scale-free,200,27,32,19.0,50.0,29.0,29.0,38.0,50.0,50.0,58.152464460784316,0.09254916554304822,4,194
scale-free,200,27,33,85.0,50.0,29.0,29.0,38.0,50.0,50.0,58.152464460784316,0.09254916554304822,4,194
scale-free,200,27,34,41.0,50.0,29.0,29.0,38.0,50.0,50.0,58.152464460784316,0.09254916554304822,4,194
scale-free,200,27,35,49.0,50.0,29.0,29.0,156.0,50.0,50.0,58.152464460784316,0.09254916554304822,4,194
scale-free,200,27,36,49.0,10.0,29.0,29.0,159.0,10.0,11.0,58.152464460784316,0.09254916554304822,4,194
scale-free,200,27,37,85.0,50.0,29.0,29.0,159.0,50.0,50.0,58.152464460784316,0.09254916554304822,4,194
scale-free,200,27,38,29.0,50.0,29.0,29.0,11.0,50.0,50.0,58.152464460784316,0.09254916554304822,4,194
scale-free,200,27,39,85.0,50.0,29.0,29.0,38.0,50.0,50.0,58.152464460784316,0.09254916554304822,4,194
scale-free,200,27,40,85.0,50.0,29.0,29.0,159.0,50.0,50.0,58.152464460784316,0.09254916554304822,4,194
scale-free,200,27,41,29.0,19.0,20.0,20.0,11.0,19.0,27.0,58.152464460784316,0.09254916554304822,4,194
scale-free,200,27,42,49.0,50.0,29.0,29.0,11.0,50.0,50.0,58.152464460784316,0.09254916554304822,4,194
scale-free,200,27,43,85.0,50.0,29.0,29.0,159.0,50.0,50.0,58.152464460784316,0.09254916554304822,4,194
scale-free,200,27,44,29.0,50.0,29.0,29.0,11.0,50.0,50.0,58.152464460784316,0.09254916554304822,4,194
scale-free,200,27,45,12.0,50.0,29.0,29.0,3.0,50.0,50.0,58.152464460784316,0.09254916554304822,4,194
scale-free,200,27,46,49.0,50.0,29.0,29.0,11.0,50.0,50.0,58.152464460784316,0.09254916554304822,4,194
scale-free,200,27,47,49.0,50.0,29.0,29.0,156.0,50.0,50.0,58.152464460784316,0.09254916554304822,4,194
scale-free,200,27,48,85.0,50.0,29.0,29.0,38.0,50.0,50.0,58.152464460784316,0.09254916554304822,4,194
scale-free,200,27,49,29.0,13.0,29.0,29.0,184.0,13.0,14.0,58.152464460784316,0.09254916554304822,4,194
scale-free,200,27,50,49.0,50.0,29.0,29.0,38.0,50.0,50.0,58.152464460784316,0.09254916554304822,4,194
scale-free,200,27,51,49.0,50.0,29.0,29.0,159.0,50.0,50.0,58.152464460784316,0.09254916554304822,4,194
scale-free,200,27,52,29.0,28.0,27.0,27.0,38.0,28.0,39.0,58.152464460784316,0.09254916554304822,4,194
scale-free,200,27,53,49.0,50.0,29.0,29.0,11.0,50.0,50.0,58.152464460784316,0.09254916554304822,4,194
scale-free,200,27,54,26.0,50.0,29.0,29.0,11.0,50.0,50.0,58.152464460784316,0.09254916554304822,4,194
scale-free,200,27,55,85.0,50.0,29.0,29.0,38.0,50.0,50.0,58.152464460784316,0.09254916554304822,4,194
scale-free,200,27,56,85.0,50.0,29.0,29.0,159.0,50.0,50.0,58.152464460784316,0.09254916554304822,4,194
scale-free,200,27,57,26.0,28.0,24.0,24.0,11.0,28.0,43.0,58.152464460784316,0.09254916554304822,4,194
scale-free,200,27,58,85.0,50.0,29.0,29.0,38.0,50.0,50.0,58.152464460784316,0.09254916554304822,4,194
scale-free,200,27,59,85.0,28.0,29.0,29.0,184.0,28.0,47.0,58.152464460784316,0.09254916554304822,4,194
scale-free,200,27,60,85.0,50.0,29.0,29.0,38.0,50.0,50.0,58.152464460784316,0.09254916554304822,4,194
scale-free,200,27,61,85.0,50.0,29.0,29.0,38.0,50.0,50.0,58.152464460784316,0.09254916554304822,4,194
scale-free,200,27,62,49.0,28.0,25.0,25.0,38.0,28.0,35.0,58.152464460784316,0.09254916554304822,4,194
scale-free,200,27,63,85.0,50.0,29.0,29.0,38.0,50.0,50.0,58.152464460784316,0.09254916554304822,4,194
scale-free,200,27,64,85.0,50.0,29.0,29.0,38.0,50.0,50.0,58.152464460784316,0.09254916554304822,4,194
scale-free,200,27,65,12.0,9.0,8.0,8.0,149.0,8.0,9.0,58.152464460784316,0.09254916554304822,4,194
scale-free,200,27,66,85.0,50.0,29.0,29.0,38.0,50.0,50.0,58.152464460784316,0.09254916554304822,4,194
scale-free,200,27,67,85.0,50.0,29.0,29.0,159.0,50.0,50.0,58.152464460784316,0.09254916554304822,4,194
scale-free,200,27,68,85.0,50.0,29.0,29.0,159.0,50.0,50.0,58.152464460784316,0.09254916554304822,4,194
scale-free,200,27,69,49.0,19.0,29.0,29.0,184.0,19.0,22.0,58.152464460784316,0.09254916554304822,4,194
scale-free,200,27,70,49.0,50.0,29.0,29.0,156.0,50.0,50.0,58.152464460784316,0.09254916554304822,4,194
scale-free,200,27,71,49.0,50.0,29.0,29.0,38.0,50.0,50.0,58.152464460784316,0.09254916554304822,4,194
scale-free,200,27,72,85.0,50.0,29.0,29.0,159.0,50.0,50.0,58.152464460784316,0.09254916554304822,4,194
scale-free,200,27,73,85.0,50.0,29.0,29.0,38.0,50.0,50.0,58.152464460784316,0.09254916554304822,4,194
scale-free,200,27,74,49.0,28.0,21.0,21.0,11.0,28.0,35.0,58.152464460784316,0.09254916554304822,4,194
scale-free,200,27,75,85.0,50.0,29.0,29.0,38.0,50.0,50.0,58.152464460784316,0.09254916554304822,4,194
scale-free,200,27,76,85.0,50.0,29.0,29.0,38.0,50.0,50.0,58.152464460784316,0.09254916554304822,4,194
scale-free,200,27,77,85.0,50.0,29.0,29.0,38.0,50.0,50.0,58.152464460784316,0.09254916554304822,4,194
scale-free,200,27,78,49.0,50.0,29.0,29.0,11.0,50.0,50.0,58.152464460784316,0.09254916554304822,4,194
scale-free,200,27,79,49.0,50.0,29.0,29.0,5.0,50.0,50.0,58.152464460784316,0.09254916554304822,4,194
scale-free,200,27,80,29.0,17.0,10.0,10.0,38.0,17.0,21.0,58.152464460784316,0.09254916554304822,4,194
scale-free,200,27,81,41.0,50.0,29.0,29.0,38.0,50.0,50.0,58.152464460784316,0.09254916554304822,4,194
scale-free,200,27,82,85.0,50.0,29.0,29.0,38.0,50.0,50.0,58.152464460784316,0.09254916554304822,4,194
scale-free,200,27,83,85.0,50.0,29.0,29.0,38.0,50.0,50.0,58.152464460784316,0.09254916554304822,4,194
scale-free,200,27,84,49.0,50.0,29.0,29.0,38.0,50.0,50.0,58.152464460784316,0.09254916554304822,4,194
scale-free,200,27,85,85.0,50.0,29.0,29.0,38.0,50.0,50.0,58.152464460784316,0.09254916554304822,4,194
scale-free,200,27,86,49.0,50.0,29.0,29.0,38.0,50.0,50.0,58.152464460784316,0.09254916554304822,4,194
scale-free,200,27,87,85.0,50.0,29.0,29.0,38.0,50.0,50.0,58.152464460784316,0.09254916554304822,4,194
scale-free,200,27,88,29.0,50.0,29.0,29.0,38.0,50.0,50.0,58.152464460784316,0.09254916554304822,4,194
scale-free,200,27,89,41.0,28.0,29.0,29.0,38.0,28.0,45.0,58.152464460784316,0.09254916554304822,4,194
scale-free,200,27,90,85.0,50.0,29.0,29.0,38.0,50.0,50.0,58.152464460784316,0.09254916554304822,4,194
scale-free,200,27,91,85.0,50.0,29.0,29.0,38.0,50.0,50.0,58.152464460784316,0.09254916554304822,4,194
scale-free,200,27,92,85.0,50.0,29.0,29.0,38.0,50.0,50.0,58.152464460784316,0.09254916554304822,4,194
scale-free,200,27,93,85.0,50.0,29.0,29.0,38.0,50.0,50.0,58.152464460784316,0.09254916554304822,4,194
scale-free,200,27,94,85.0,28.0,29.0,29.0,184.0,28.0,41.0,58.152464460784316,0.09254916554304822,4,194
scale-free,200,27,95,85.0,50.0,29.0,29.0,159.0,50.0,50.0,58.152464460784316,0.09254916554304822,4,194
scale-free,200,27,96,49.0,28.0,23.0,23.0,38.0,28.0,30.0,58.152464460784316,0.09254916554304822,4,194
scale-free,200,27,97,49.0,28.0,10.0,10.0,38.0,28.0,23.0,58.152464460784316,0.09254916554304822,4,194
scale-free,200,27,98,49.0,50.0,29.0,29.0,11.0,50.0,50.0,58.152464460784316,0.09254916554304822,4,194
scale-free,200,27,99,85.0,50.0,29.0,29.0,38.0,50.0,50.0,58.152464460784316,0.09254916554304822,4,194
scale-free,200,27,100,41.0,19.0,6.0,6.0,38.0,19.0,16.0,58.152464460784316,0.09254916554304822,4,194
scale-free,200,27,101,85.0,50.0,29.0,29.0,38.0,50.0,50.0,58.152464460784316,0.09254916554304822,4,194
scale-free,200,27,102,85.0,50.0,29.0,29.0,159.0,50.0,50.0,58.152464460784316,0.09254916554304822,4,194
scale-free,200,27,103,85.0,50.0,29.0,29.0,38.0,50.0,50.0,58.152464460784316,0.09254916554304822,4,194
scale-free,200,27,104,85.0,50.0,29.0,29.0,159.0,50.0,50.0,58.152464460784316,0.09254916554304822,4,194
scale-free,200,27,105,19.0,19.0,17.0,17.0,38.0,19.0,23.0,58.152464460784316,0.09254916554304822,4,194
scale-free,200,27,106,49.0,50.0,29.0,29.0,11.0,50.0,50.0,58.152464460784316,0.09254916554304822,4,194
scale-free,200,27,107,85.0,50.0,29.0,29.0,159.0,50.0,50.0,58.152464460784316,0.09254916554304822,4,194
scale-free,200,27,108,49.0,28.0,10.0,10.0,38.0,28.0,30.0,58.152464460784316,0.09254916554304822,4,194
scale-free,200,27,109,85.0,50.0,29.0,29.0,38.0,50.0,50.0,58.152464460784316,0.09254916554304822,4,194
scale-free,200,27,110,85.0,50.0,29.0,29.0,159.0,50.0,50.0,58.152464460784316,0.09254916554304822,4,194
scale-free,200,27,111,85.0,50.0,29.0,29.0,38.0,50.0,50.0,58.152464460784316,0.09254916554304822,4,194
scale-free,200,27,112,85.0,50.0,29.0,29.0,38.0,50.0,50.0,58.152464460784316,0.09254916554304822,4,194
scale-free,200,27,113,49.0,50.0,29.0,29.0,38.0,50.0,50.0,58.152464460784316,0.09254916554304822,4,194
scale-free,200,27,114,85.0,50.0,29.0,29.0,38.0,50.0,50.0,58.152464460784316,0.09254916554304822,4,194
scale-free,200,27,115,49.0,28.0,10.0,10.0,38.0,28.0,23.0,58.152464460784316,0.09254916554304822,4,194
scale-free,200,27,116,41.0,17.0,29.0,29.0,184.0,17.0,29.0,58.152464460784316,0.09254916554304822,4,194
scale-free,200,27,117,49.0,50.0,29.0,29.0,11.0,50.0,50.0,58.152464460784316,0.09254916554304822,4,194
scale-free,200,27,118,29.0,50.0,29.0,29.0,11.0,50.0,50.0,58.152464460784316,0.09254916554304822,4,194
scale-free,200,27,119,85.0,50.0,29.0,29.0,159.0,50.0,50.0,58.152464460784316,0.09254916554304822,4,194
scale-free,200,27,120,41.0,50.0,29.0,29.0,5.0,50.0,50.0,58.152464460784316,0.09254916554304822,4,194
scale-free,200,27,121,85.0,50.0,29.0,29.0,38.0,50.0,50.0,58.152464460784316,0.09254916554304822,4,194
scale-free,200,27,122,85.0,50.0,29.0,29.0,38.0,50.0,50.0,58.152464460784316,0.09254916554304822,4,194
scale-free,200,27,123,85.0,50.0,29.0,29.0,38.0,50.0,50.0,58.152464460784316,0.09254916554304822,4,194
scale-free,200,27,124,85.0,50.0,29.0,29.0,38.0,50.0,50.0,58.152464460784316,0.09254916554304822,4,194
scale-free,200,27,125,85.0,50.0,29.0,29.0,38.0,50.0,50.0,58.152464460784316,0.09254916554304822,4,194
scale-free,200,27,126,49.0,50.0,29.0,29.0,38.0,50.0,50.0,58.152464460784316,0.09254916554304822,4,194
scale-free,200,27,127,85.0,50.0,29.0,29.0,38.0,50.0,50.0,58.152464460784316,0.09254916554304822,4,194
scale-free,200,27,128,85.0,50.0,29.0,29.0,38.0,50.0,50.0,58.152464460784316,0.09254916554304822,4,194
scale-free,200,27,129,85.0,28.0,29.0,29.0,184.0,28.0,48.0,58.152464460784316,0.09254916554304822,4,194
scale-free,200,27,130,85.0,50.0,29.0,29.0,38.0,50.0,50.0,58.152464460784316,0.09254916554304822,4,194
scale-free,200,27,131,85.0,26.0,29.0,29.0,184.0,26.0,38.0,58.152464460784316,0.09254916554304822,4,194
scale-free,200,27,132,85.0,50.0,29.0,29.0,38.0,50.0,50.0,58.152464460784316,0.09254916554304822,4,194
scale-free,200,27,133,19.0,50.0,29.0,29.0,5.0,50.0,50.0,58.152464460784316,0.09254916554304822,4,194
scale-free,200,27,134,85.0,50.0,29.0,29.0,38.0,50.0,50.0,58.152464460784316,0.09254916554304822,4,194
scale-free,200,27,135,49.0,12.0,29.0,29.0,149.0,12.0,4.0,58.152464460784316,0.09254916554304822,4,194
scale-free,200,27,136,85.0,50.0,29.0,29.0,159.0,50.0,50.0,58.152464460784316,0.09254916554304822,4,194
scale-free,200,27,137,49.0,50.0,29.0,29.0,11.0,50.0,50.0,58.152464460784316,0.09254916554304822,4,194
scale-free,200,27,138,85.0,50.0,29.0,29.0,38.0,50.0,50.0,58.152464460784316,0.09254916554304822,4,194
scale-free,200,27,139,41.0,19.0,10.0,10.0,38.0,19.0,20.0,58.152464460784316,0.09254916554304822,4,194
scale-free,200,27,140,85.0,50.0,29.0,29.0,38.0,50.0,50.0,58.152464460784316,0.09254916554304822,4,194
scale-free,200,27,141,29.0,50.0,29.0,29.0,38.0,50.0,50.0,58.152464460784316,0.09254916554304822,4,194
scale-free,200,27,142,85.0,50.0,29.0,29.0,11.0,50.0,50.0,58.152464460784316,0.09254916554304822,4,194
scale-free,200,27,143,85.0,28.0,29.0,29.0,184.0,28.0,42.0,58.152464460784316,0.09254916554304822,4,194
scale-free,200,27,144,85.0,50.0,29.0,29.0,38.0,50.0,50.0,58.152464460784316,0.09254916554304822,4,194
scale-free,200,27,145,85.0,50.0,29.0,29.0,38.0,50.0,50.0,58.152464460784316,0.09254916554304822,4,194
scale-free,200,27,146,85.0,50.0,29.0,29.0,38.0,50.0,50.0,58.152464460784316,0.09254916554304822,4,194
scale-free,200,27,147,85.0,50.0,29.0,29.0,38.0,50.0,50.0,58.152464460784316,0.09254916554304822,4,194
scale-free,200,27,148,49.0,28.0,26.0,26.0,38.0,28.0,30.0,58.152464460784316,0.09254916554304822,4,194
scale-free,200,27,149,41.0,50.0,29.0,29.0,5.0,50.0,50.0,58.152464460784316,0.09254916554304822,4,194
scale-free,200,27,150,85.0,28.0,29.0,29.0,184.0,28.0,39.0,58.152464460784316,0.09254916554304822,4,194
scale-free,200,27,151,85.0,50.0,29.0,29.0,11.0,50.0,50.0,58.152464460784316,0.09254916554304822,4,194
scale-free,200,27,152,85.0,50.0,29.0,29.0,38.0,50.0,50.0,58.152464460784316,0.09254916554304822,4,194
scale-free,200,27,153,85.0,50.0,29.0,29.0,11.0,50.0,50.0,58.152464460784316,0.09254916554304822,4,194
scale-free,200,27,154,85.0,50.0,29.0,29.0,38.0,50.0,50.0,58.152464460784316,0.09254916554304822,4,194
scale-free,200,27,155,85.0,50.0,29.0,29.0,38.0,50.0,50.0,58.152464460784316,0.09254916554304822,4,194
scale-free,200,27,156,85.0,50.0,29.0,29.0,38.0,50.0,50.0,58.152464460784316,0.09254916554304822,4,194
scale-free,200,27,157,85.0,10.0,29.0,29.0,184.0,10.0,11.0,58.152464460784316,0.09254916554304822,4,194
scale-free,200,27,158,85.0,50.0,29.0,29.0,159.0,50.0,50.0,58.152464460784316,0.09254916554304822,4,194
scale-free,200,27,159,85.0,50.0,29.0,29.0,159.0,50.0,50.0,58.152464460784316,0.09254916554304822,4,194
scale-free,200,27,160,85.0,50.0,29.0,29.0,11.0,50.0,50.0,58.152464460784316,0.09254916554304822,4,194
scale-free,200,27,161,85.0,50.0,29.0,29.0,38.0,50.0,50.0,58.152464460784316,0.09254916554304822,4,194
scale-free,200,27,162,49.0,50.0,29.0,29.0,38.0,50.0,50.0,58.152464460784316,0.09254916554304822,4,194
scale-free,200,27,163,85.0,50.0,29.0,29.0,38.0,50.0,50.0,58.152464460784316,0.09254916554304822,4,194
scale-free,200,27,164,49.0,50.0,29.0,29.0,5.0,50.0,50.0,58.152464460784316,0.09254916554304822,4,194
scale-free,200,27,165,85.0,50.0,29.0,29.0,159.0,50.0,50.0,58.152464460784316,0.09254916554304822,4,194
scale-free,200,27,166,85.0,50.0,29.0,29.0,11.0,50.0,50.0,58.152464460784316,0.09254916554304822,4,194
scale-free,200,27,167,85.0,50.0,29.0,29.0,38.0,50.0,50.0,58.152464460784316,0.09254916554304822,4,194
scale-free,200,27,168,85.0,50.0,29.0,29.0,38.0,50.0,50.0,58.152464460784316,0.09254916554304822,4,194
scale-free,200,27,169,85.0,50.0,29.0,29.0,38.0,50.0,50.0,58.152464460784316,0.09254916554304822,4,194
scale-free,200,27,170,85.0,50.0,29.0,29.0,38.0,50.0,50.0,58.152464460784316,0.09254916554304822,4,194
scale-free,200,27,171,85.0,50.0,29.0,29.0,38.0,50.0,50.0,58.152464460784316,0.09254916554304822,4,194
scale-free,200,27,172,49.0,28.0,10.0,10.0,38.0,28.0,23.0,58.152464460784316,0.09254916554304822,4,194
scale-free,200,27,173,85.0,50.0,29.0,29.0,38.0,50.0,50.0,58.152464460784316,0.09254916554304822,4,194
scale-free,200,27,174,85.0,50.0,29.0,29.0,38.0,50.0,50.0,58.152464460784316,0.09254916554304822,4,194
scale-free,200,27,175,85.0,50.0,29.0,29.0,38.0,50.0,50.0,58.152464460784316,0.09254916554304822,4,194
scale-free,200,27,176,85.0,50.0,29.0,29.0,38.0,50.0,50.0,58.152464460784316,0.09254916554304822,4,194
scale-free,200,27,177,85.0,50.0,29.0,29.0,159.0,50.0,50.0,58.152464460784316,0.09254916554304822,4,194
scale-free,200,27,178,49.0,14.0,29.0,29.0,184.0,14.0,13.0,58.152464460784316,0.09254916554304822,4,194
scale-free,200,27,179,85.0,50.0,29.0,29.0,11.0,50.0,50.0,58.152464460784316,0.09254916554304822,4,194
scale-free,200,27,180,85.0,50.0,29.0,29.0,38.0,50.0,50.0,58.152464460784316,0.09254916554304822,4,194
scale-free,200,27,181,85.0,50.0,29.0,29.0,38.0,50.0,50.0,58.152464460784316,0.09254916554304822,4,194
scale-free,200,27,182,85.0,50.0,29.0,29.0,159.0,50.0,50.0,58.152464460784316,0.09254916554304822,4,194
scale-free,200,27,183,85.0,28.0,29.0,29.0,184.0,28.0,43.0,58.152464460784316,0.09254916554304822,4,194
scale-free,200,27,184,85.0,50.0,29.0,29.0,38.0,50.0,50.0,58.152464460784316,0.09254916554304822,4,194
scale-free,200,27,185,85.0,50.0,29.0,29.0,38.0,50.0,50.0,58.152464460784316,0.09254916554304822,4,194
scale-free,200,27,186,85.0,50.0,29.0,29.0,38.0,50.0,50.0,58.152464460784316,0.09254916554304822,4,194
scale-free,200,27,187,85.0,50.0,29.0,29.0,159.0,50.0,50.0,58.152464460784316,0.09254916554304822,4,194
scale-free,200,27,188,85.0,50.0,29.0,29.0,38.0,50.0,50.0,58.152464460784316,0.09254916554304822,4,194
scale-free,200,27,189,85.0,50.0,29.0,29.0,38.0,50.0,50.0,58.152464460784316,0.09254916554304822,4,194
scale-free,200,27,190,85.0,50.0,29.0,29.0,38.0,50.0,50.0,58.152464460784316,0.09254916554304822,4,194
scale-free,200,27,191,85.0,50.0,29.0,29.0,159.0,50.0,50.0,58.152464460784316,0.09254916554304822,4,194
scale-free,200,27,192,85.0,50.0,29.0,29.0,38.0,50.0,50.0,58.152464460784316,0.09254916554304822,4,194
scale-free,200,27,193,85.0,50.0,29.0,29.0,11.0,50.0,50.0,58.152464460784316,0.09254916554304822,4,194
scale-free,200,27,194,85.0,50.0,29.0,29.0,11.0,50.0,50.0,58.152464460784316,0.09254916554304822,4,194
scale-free,200,27,195,85.0,50.0,29.0,29.0,38.0,50.0,50.0,58.152464460784316,0.09254916554304822,4,194
scale-free,200,27,196,85.0,28.0,29.0,29.0,184.0,28.0,30.0,58.152464460784316,0.09254916554304822,4,194
scale-free,200,27,197,85.0,50.0,29.0,29.0,159.0,50.0,50.0,58.152464460784316,0.09254916554304822,4,194
scale-free,200,27,198,85.0,50.0,29.0,29.0,38.0,50.0,50.0,58.152464460784316,0.09254916554304822,4,194
scale-free,200,27,199,85.0,50.0,29.0,29.0,38.0,50.0,50.0,58.152464460784316,0.09254916554304822,4,194
scale-free,200,28,0,3.0,3.0,1.0,1.0,98.0,3.0,2.0,52.093461774336774,0.04655739358919184,4,198
scale-free,200,28,1,4.0,4.0,3.0,3.0,98.0,4.0,4.0,52.093461774336774,0.04655739358919184,4,198
scale-free,200,28,2,2.0,2.0,2.0,2.0,98.0,2.0,3.0,52.093461774336774,0.04655739358919184,4,198
scale-free,200,28,3,5.0,10.0,4.0,4.0,24.0,10.0,9.0,52.093461774336774,0.04655739358919184,4,198
scale-free,200,28,4,7.0,17.0,5.0,5.0,15.0,15.0,30.0,52.093461774336774,0.04655739358919184,4,198
scale-free,200,28,5,1.0,1.0,26.0,26.0,177.0,1.0,1.0,52.093461774336774,0.04655739358919184,4,198
scale-free,200,28,6,13.0,51.0,26.0,26.0,24.0,51.0,51.0,52.093461774336774,0.04655739358919184,4,198
scale-free,200,28,7,26.0,51.0,26.0,26.0,37.0,51.0,51.0,52.093461774336774,0.04655739358919184,4,198
scale-free,200,28,8,13.0,6.0,26.0,26.0,177.0,6.0,7.0,52.093461774336774,0.04655739358919184,4,198
scale-free,200,28,9,10.0,51.0,26.0,26.0,10.0,51.0,51.0,52.093461774336774,0.04655739358919184,4,198
scale-free,200,28,10,10.0,51.0,26.0,26.0,15.0,51.0,51.0,52.093461774336774,0.04655739358919184,4,198
scale-free,200,28,11,13.0,30.0,8.0,8.0,6.0,30.0,41.0,52.093461774336774,0.04655739358919184,4,198
scale-free,200,28,12,26.0,51.0,26.0,26.0,37.0,51.0,51.0,52.093461774336774,0.04655739358919184,4,198
scale-free,200,28,13,6.0,20.0,6.0,6.0,6.0,20.0,31.0,52.093461774336774,0.04655739358919184,4,198
scale-free,200,28,14,39.0,51.0,26.0,26.0,37.0,51.0,51.0,52.093461774336774,0.04655739358919184,4,198
scale-free,200,28,15,8.0,5.0,26.0,26.0,177.0,5.0,6.0,52.093461774336774,0.04655739358919184,4,198
scale-free,200,28,16,17.0,31.0,9.0,9.0,3.0,31.0,33.0,52.093461774336774,0.04655739358919184,4,198
scale-free,200,28,17,84.0,19.0,26.0,26.0,177.0,18.0,49.0,52.093461774336774,0.04655739358919184,4,198
scale-free,200,28,18,9.0,7.0,18.0,18.0,116.0,7.0,5.0,52.093461774336774,0.04655739358919184,4,198
scale-free,200,28,19,55.0,51.0,26.0,26.0,37.0,51.0,51.0,52.093461774336774,0.04655739358919184,4,198
scale-free,200,28,20,23.0,36.0,22.0,22.0,116.0,36.0,23.0,52.093461774336774,0.04655739358919184,4,198
scale-free,200,28,21,84.0,51.0,26.0,26.0,37.0,51.0,51.0,52.093461774336774,0.04655739358919184,4,198
scale-free,200,28,22,13.0,51.0,26.0,26.0,24.0,51.0,51.0,52.093461774336774,0.04655739358919184,4,198
scale-free,200,28,23,17.0,51.0,26.0,26.0,10.0,51.0,51.0,52.093461774336774,0.04655739358919184,4,198
scale-free,200,28,24,55.0,51.0,26.0,26.0,37.0,51.0,51.0,52.093461774336774,0.04655739358919184,4,198
scale-free,200,28,25,84.0,51.0,26.0,26.0,15.0,51.0,51.0,52.093461774336774,0.04655739358919184,4,198
scale-free,200,28,26,17.0,36.0,12.0,12.0,37.0,36.0,23.0,52.093461774336774,0.04655739358919184,4,198
scale-free,200,28,27,26.0,12.0,26.0,26.0,177.0,12.0,15.0,52.093461774336774,0.04655739358919184,4,198
scale-free,200,28,28,84.0,51.0,26.0,26.0,116.0,51.0,51.0,52.093461774336774,0.04655739358919184,4,198
scale-free,200,28,29,39.0,36.0,18.0,18.0,2.0,36.0,46.0,52.093461774336774,0.04655739358919184,4,198
scale-free,200,28,30,23.0,51.0,26.0,26.0,3.0,51.0,51.0,52.093461774336774,0.04655739358919184,4,198
scale-free,200,28,31,39.0,51.0,26.0,26.0,37.0,51.0,51.0,52.093461774336774,0.04655739358919184,4,198
scale-free,200,28,32,17.0,36.0,25.0,25.0,37.0,36.0,46.0,52.093461774336774,0.04655739358919184,4,198
scale-free,200,28,33,39.0,51.0,26.0,26.0,6.0,51.0,51.0,52.093461774336774,0.04655739358919184,4,198
scale-free,200,28,34,26.0,51.0,26.0,26.0,24.0,51.0,51.0,52.093461774336774,0.04655739358919184,4,198
scale-free,200,28,35,84.0,51.0,26.0,26.0,37.0,51.0,51.0,52.093461774336774,0.04655739358919184,4,198
scale-free,200,28,36,39.0,20.0,12.0,12.0,37.0,20.0,21.0,52.093461774336774,0.04655739358919184,4,198
scale-free,200,28,37,55.0,36.0,22.0,22.0,116.0,36.0,23.0,52.093461774336774,0.04655739358919184,4,198
scale-free,200,28,38,26.0,51.0,26.0,26.0,37.0,51.0,51.0,52.093461774336774,0.04655739358919184,4,198
scale-free,200,28,39,55.0,51.0,26.0,26.0,15.0,51.0,51.0,52.093461774336774,0.04655739358919184,4,198
scale-free,200,28,40,55.0,51.0,26.0,26.0,15.0,51.0,51.0,52.093461774336774,0.04655739358919184,4,198
scale-free,200,28,41,17.0,11.0,26.0,26.0,177.0,10.0,10.0,52.093461774336774,0.04655739358919184,4,198
scale-free,200,28,42,84.0,51.0,26.0,26.0,116.0,51.0,51.0,52.093461774336774,0.04655739358919184,4,198
scale-free,200,28,43,39.0,36.0,12.0,12.0,24.0,36.0,43.0,52.093461774336774,0.04655739358919184,4,198
scale-free,200,28,44,39.0,31.0,7.0,7.0,37.0,31.0,29.0,52.093461774336774,0.04655739358919184,4,198
scale-free,200,28,45,23.0,51.0,26.0,26.0,1.0,51.0,51.0,52.093461774336774,0.04655739358919184,4,198
scale-free,200,28,46,26.0,51.0,26.0,26.0,37.0,51.0,51.0,52.093461774336774,0.04655739358919184,4,198
scale-free,200,28,47,84.0,51.0,26.0,26.0,116.0,51.0,51.0,52.093461774336774,0.04655739358919184,4,198
scale-free,200,28,48,55.0,51.0,26.0,26.0,37.0,51.0,51.0,52.093461774336774,0.04655739358919184,4,198
scale-free,200,28,49,84.0,51.0,26.0,26.0,116.0,51.0,51.0,52.093461774336774,0.04655739358919184,4,198
scale-free,200,28,50,84.0,51.0,26.0,26.0,116.0,51.0,51.0,52.093461774336774,0.04655739358919184,4,198
scale-free,200,28,51,26.0,14.0,26.0,26.0,177.0,16.0,11.0,52.093461774336774,0.04655739358919184,4,198
scale-free,200,28,52,26.0,36.0,12.0,12.0,24.0,36.0,36.0,52.093461774336774,0.04655739358919184,4,198
scale-free,200,28,53,12.0,9.0,26.0,26.0,177.0,9.0,8.0,52.093461774336774,0.04655739358919184,4,198
scale-free,200,28,54,84.0,51.0,26.0,26.0,116.0,51.0,51.0,52.093461774336774,0.04655739358919184,4,198
scale-free,200,28,55,39.0,36.0,12.0,12.0,37.0,36.0,23.0,52.093461774336774,0.04655739358919184,4,198
scale-free,200,28,56,17.0,51.0,26.0,26.0,10.0,51.0,51.0,52.093461774336774,0.04655739358919184,4,198
scale-free,200,28,57,84.0,51.0,26.0,26.0,116.0,51.0,51.0,52.093461774336774,0.04655739358919184,4,198
scale-free,200,28,58,55.0,51.0,26.0,26.0,3.0,51.0,51.0,52.093461774336774,0.04655739358919184,4,198
scale-free,200,28,59,39.0,36.0,10.0,10.0,15.0,36.0,23.0,52.093461774336774,0.04655739358919184,4,198
scale-free,200,28,60,84.0,51.0,26.0,26.0,116.0,51.0,51.0,52.093461774336774,0.04655739358919184,4,198
scale-free,200,28,61,39.0,51.0,26.0,26.0,37.0,51.0,51.0,52.093461774336774,0.04655739358919184,4,198
scale-free,200,28,62,55.0,51.0,26.0,26.0,116.0,51.0,51.0,52.093461774336774,0.04655739358919184,4,198
scale-free,200,28,63,39.0,17.0,26.0,26.0,177.0,19.0,18.0,52.093461774336774,0.04655739358919184,4,198
scale-free,200,28,64,55.0,51.0,26.0,26.0,103.0,51.0,51.0,52.093461774336774,0.04655739358919184,4,198
scale-free,200,28,65,26.0,13.0,26.0,26.0,177.0,13.0,12.0,52.093461774336774,0.04655739358919184,4,198
scale-free,200,28,66,84.0,51.0,26.0,26.0,37.0,51.0,51.0,52.093461774336774,0.04655739358919184,4,198
scale-free,200,28,67,26.0,51.0,26.0,26.0,101.0,51.0,51.0,52.093461774336774,0.04655739358919184,4,198
scale-free,200,28,68,26.0,51.0,26.0,26.0,101.0,51.0,51.0,52.093461774336774,0.04655739358919184,4,198
scale-free,200,28,69,55.0,51.0,26.0,26.0,116.0,51.0,51.0,52.093461774336774,0.04655739358919184,4,198
scale-free,200,28,70,55.0,51.0,26.0,26.0,37.0,51.0,51.0,52.093461774336774,0.04655739358919184,4,198
scale-free,200,28,71,55.0,15.0,26.0,26.0,37.0,16.0,42.0,52.093461774336774,0.04655739358919184,4,198
scale-free,200,28,72,84.0,51.0,26.0,26.0,37.0,51.0,51.0,52.093461774336774,0.04655739358919184,4,198
scale-free,200,28,73,55.0,51.0,26.0,26.0,24.0,51.0,51.0,52.093461774336774,0.04655739358919184,4,198
scale-free,200,28,74,55.0,51.0,26.0,26.0,103.0,51.0,51.0,52.093461774336774,0.04655739358919184,4,198
scale-free,200,28,75,84.0,51.0,26.0,26.0,24.0,51.0,51.0,52.093461774336774,0.04655739358919184,4,198
scale-free,200,28,76,84.0,51.0,26.0,26.0,116.0,51.0,51.0,52.093461774336774,0.04655739358919184,4,198
scale-free,200,28,77,84.0,51.0,26.0,26.0,103.0,51.0,51.0,52.093461774336774,0.04655739358919184,4,198
scale-free,200,28,78,39.0,51.0,26.0,26.0,24.0,51.0,51.0,52.093461774336774,0.04655739358919184,4,198
scale-free,200,28,79,55.0,16.0,26.0,26.0,177.0,14.0,22.0,52.093461774336774,0.04655739358919184,4,198
scale-free,200,28,80,26.0,51.0,26.0,26.0,6.0,51.0,51.0,52.093461774336774,0.04655739358919184,4,198
scale-free,200,28,81,84.0,51.0,26.0,26.0,37.0,51.0,51.0,52.093461774336774,0.04655739358919184,4,198
scale-free,200,28,82,55.0,51.0,26.0,26.0,103.0,51.0,51.0,52.093461774336774,0.04655739358919184,4,198
scale-free,200,28,83,84.0,51.0,26.0,26.0,37.0,51.0,51.0,52.093461774336774,0.04655739358919184,4,198
scale-free,200,28,84,84.0,51.0,26.0,26.0,116.0,51.0,51.0,52.093461774336774,0.04655739358919184,4,198
scale-free,200,28,85,84.0,51.0,26.0,26.0,116.0,51.0,51.0,52.093461774336774,0.04655739358919184,4,198
scale-free,200,28,86,84.0,51.0,26.0,26.0,116.0,51.0,51.0,52.093461774336774,0.04655739358919184,4,198
scale-free,200,28,87,84.0,51.0,26.0,26.0,116.0,51.0,51.0,52.093461774336774,0.04655739358919184,4,198
scale-free,200,28,88,39.0,20.0,11.0,11.0,37.0,20.0,20.0,52.093461774336774,0.04655739358919184,4,198
scale-free,200,28,89,84.0,51.0,26.0,26.0,37.0,51.0,51.0,52.093461774336774,0.04655739358919184,4,198
scale-free,200,28,90,55.0,36.0,17.0,17.0,37.0,36.0,40.0,52.093461774336774,0.04655739358919184,4,198
scale-free,200,28,91,26.0,51.0,26.0,26.0,10.0,51.0,51.0,52.093461774336774,0.04655739358919184,4,198
scale-free,200,28,92,84.0,51.0,26.0,26.0,116.0,51.0,51.0,52.093461774336774,0.04655739358919184,4,198
scale-free,200,28,93,84.0,51.0,26.0,26.0,15.0,51.0,51.0,52.093461774336774,0.04655739358919184,4,198
scale-free,200,28,94,84.0,51.0,26.0,26.0,116.0,51.0,51.0,52.093461774336774,0.04655739358919184,4,198
scale-free,200,28,95,55.0,51.0,26.0,26.0,37.0,51.0,51.0,52.093461774336774,0.04655739358919184,4,198
scale-free,200,28,96,55.0,20.0,26.0,26.0,177.0,20.0,16.0,52.093461774336774,0.04655739358919184,4,198
scale-free,200,28,97,84.0,51.0,26.0,26.0,116.0,51.0,51.0,52.093461774336774,0.04655739358919184,4,198
scale-free,200,28,98,84.0,51.0,26.0,26.0,37.0,51.0,51.0,52.093461774336774,0.04655739358919184,4,198
scale-free,200,28,99,55.0,51.0,26.0,26.0,37.0,51.0,51.0,52.093461774336774,0.04655739358919184,4,198
scale-free,200,28,100,84.0,8.0,26.0,26.0,177.0,8.0,13.0,52.093461774336774,0.04655739358919184,4,198
scale-free,200,28,101,39.0,36.0,21.0,21.0,24.0,36.0,48.0,52.093461774336774,0.04655739358919184,4,198
scale-free,200,28,102,84.0,51.0,26.0,26.0,37.0,51.0,51.0,52.093461774336774,0.04655739358919184,4,198
scale-free,200,28,103,84.0,51.0,26.0,26.0,116.0,51.0,51.0,52.093461774336774,0.04655739358919184,4,198
scale-free,200,28,104,55.0,36.0,22.0,22.0,116.0,36.0,23.0,52.093461774336774,0.04655739358919184,4,198
scale-free,200,28,105,84.0,51.0,26.0,26.0,103.0,51.0,51.0,52.093461774336774,0.04655739358919184,4,198
scale-free,200,28,106,84.0,51.0,26.0,26.0,116.0,51.0,51.0,52.093461774336774,0.04655739358919184,4,198
scale-free,200,28,107,84.0,51.0,26.0,26.0,116.0,51.0,51.0,52.093461774336774,0.04655739358919184,4,198
scale-free,200,28,108,84.0,31.0,26.0,26.0,177.0,31.0,32.0,52.093461774336774,0.04655739358919184,4,198
scale-free,200,28,109,84.0,51.0,26.0,26.0,116.0,51.0,51.0,52.093461774336774,0.04655739358919184,4,198
scale-free,200,28,110,84.0,51.0,26.0,26.0,116.0,51.0,51.0,52.093461774336774,0.04655739358919184,4,198
scale-free,200,28,111,84.0,36.0,26.0,26.0,177.0,36.0,43.0,52.093461774336774,0.04655739358919184,4,198
scale-free,200,28,112,84.0,51.0,26.0,26.0,116.0,51.0,51.0,52.093461774336774,0.04655739358919184,4,198
scale-free,200,28,113,84.0,51.0,26.0,26.0,116.0,51.0,51.0,52.093461774336774,0.04655739358919184,4,198
scale-free,200,28,114,84.0,51.0,26.0,26.0,116.0,51.0,51.0,52.093461774336774,0.04655739358919184,4,198
scale-free,200,28,115,84.0,51.0,26.0,26.0,24.0,51.0,51.0,52.093461774336774,0.04655739358919184,4,198
scale-free,200,28,116,39.0,51.0,26.0,26.0,15.0,51.0,51.0,52.093461774336774,0.04655739358919184,4,198
scale-free,200,28,117,84.0,51.0,26.0,26.0,37.0,51.0,51.0,52.093461774336774,0.04655739358919184,4,198
scale-free,200,28,118,55.0,51.0,26.0,26.0,37.0,51.0,51.0,52.093461774336774,0.04655739358919184,4,198
scale-free,200,28,119,84.0,51.0,26.0,26.0,116.0,51.0,51.0,52.093461774336774,0.04655739358919184,4,198
scale-free,200,28,120,84.0,51.0,26.0,26.0,37.0,51.0,51.0,52.093461774336774,0.04655739358919184,4,198
scale-free,200,28,121,84.0,51.0,26.0,26.0,103.0,51.0,51.0,52.093461774336774,0.04655739358919184,4,198
scale-free,200,28,122,84.0,51.0,26.0,26.0,116.0,51.0,51.0,52.093461774336774,0.04655739358919184,4,198
scale-free,200,28,123,84.0,51.0,26.0,26.0,37.0,51.0,51.0,52.093461774336774,0.04655739358919184,4,198
scale-free,200,28,124,84.0,51.0,26.0,26.0,116.0,51.0,51.0,52.093461774336774,0.04655739358919184,4,198
scale-free,200,28,125,84.0,36.0,26.0,26.0,177.0,36.0,43.0,52.093461774336774,0.04655739358919184,4,198
scale-free,200,28,126,84.0,51.0,26.0,26.0,37.0,51.0,51.0,52.093461774336774,0.04655739358919184,4,198
scale-free,200,28,127,84.0,51.0,26.0,26.0,37.0,51.0,51.0,52.093461774336774,0.04655739358919184,4,198
scale-free,200,28,128,39.0,20.0,20.0,20.0,116.0,20.0,14.0,52.093461774336774,0.04655739358919184,4,198
scale-free,200,28,129,84.0,51.0,26.0,26.0,103.0,51.0,51.0,52.093461774336774,0.04655739358919184,4,198
scale-free,200,28,130,55.0,20.0,26.0,26.0,177.0,20.0,39.0,52.093461774336774,0.04655739358919184,4,198
scale-free,200,28,131,55.0,20.0,26.0,26.0,177.0,20.0,35.0,52.093461774336774,0.04655739358919184,4,198
scale-free,200,28,132,84.0,51.0,26.0,26.0,116.0,51.0,51.0,52.093461774336774,0.04655739358919184,4,198
scale-free,200,28,133,84.0,51.0,26.0,26.0,37.0,51.0,51.0,52.093461774336774,0.04655739358919184,4,198
scale-free,200,28,134,84.0,51.0,26.0,26.0,116.0,51.0,51.0,52.093461774336774,0.04655739358919184,4,198
scale-free,200,28,135,84.0,51.0,26.0,26.0,37.0,51.0,51.0,52.093461774336774,0.04655739358919184,4,198
scale-free,200,28,136,84.0,51.0,26.0,26.0,103.0,51.0,51.0,52.093461774336774,0.04655739358919184,4,198
scale-free,200,28,137,84.0,51.0,26.0,26.0,116.0,51.0,51.0,52.093461774336774,0.04655739358919184,4,198
scale-free,200,28,138,84.0,51.0,26.0,26.0,15.0,51.0,51.0,52.093461774336774,0.04655739358919184,4,198
scale-free,200,28,139,84.0,51.0,26.0,26.0,103.0,51.0,51.0,52.093461774336774,0.04655739358919184,4,198
scale-free,200,28,140,84.0,31.0,26.0,26.0,177.0,31.0,34.0,52.093461774336774,0.04655739358919184,4,198
scale-free,200,28,141,84.0,51.0,26.0,26.0,103.0,51.0,51.0,52.093461774336774,0.04655739358919184,4,198
scale-free,200,28,142,84.0,51.0,26.0,26.0,116.0,51.0,51.0,52.093461774336774,0.04655739358919184,4,198
scale-free,200,28,143,55.0,20.0,26.0,26.0,177.0,20.0,16.0,52.093461774336774,0.04655739358919184,4,198
scale-free,200,28,144,84.0,51.0,26.0,26.0,37.0,51.0,51.0,52.093461774336774,0.04655739358919184,4,198
scale-free,200,28,145,55.0,51.0,26.0,26.0,103.0,51.0,51.0,52.093461774336774,0.04655739358919184,4,198
scale-free,200,28,146,55.0,51.0,26.0,26.0,37.0,51.0,51.0,52.093461774336774,0.04655739358919184,4,198
scale-free,200,28,147,84.0,51.0,26.0,26.0,116.0,51.0,51.0,52.093461774336774,0.04655739358919184,4,198
scale-free,200,28,148,84.0,51.0,26.0,26.0,116.0,51.0,51.0,52.093461774336774,0.04655739358919184,4,198
scale-free,200,28,149,84.0,51.0,26.0,26.0,116.0,51.0,51.0,52.093461774336774,0.04655739358919184,4,198
scale-free,200,28,150,84.0,51.0,26.0,26.0,37.0,51.0,51.0,52.093461774336774,0.04655739358919184,4,198
scale-free,200,28,151,84.0,51.0,26.0,26.0,116.0,51.0,51.0,52.093461774336774,0.04655739358919184,4,198
scale-free,200,28,152,84.0,51.0,26.0,26.0,116.0,51.0,51.0,52.093461774336774,0.04655739358919184,4,198
scale-free,200,28,153,84.0,51.0,26.0,26.0,37.0,51.0,51.0,52.093461774336774,0.04655739358919184,4,198
scale-free,200,28,154,84.0,51.0,26.0,26.0,116.0,51.0,51.0,52.093461774336774,0.04655739358919184,4,198
scale-free,200,28,155,84.0,51.0,26.0,26.0,37.0,51.0,51.0,52.093461774336774,0.04655739358919184,4,198
scale-free,200,28,156,84.0,51.0,26.0,26.0,116.0,51.0,51.0,52.093461774336774,0.04655739358919184,4,198
scale-free,200,28,157,84.0,51.0,26.0,26.0,116.0,51.0,51.0,52.093461774336774,0.04655739358919184,4,198
scale-free,200,28,158,84.0,51.0,26.0,26.0,103.0,51.0,51.0,52.093461774336774,0.04655739358919184,4,198
scale-free,200,28,159,84.0,51.0,26.0,26.0,37.0,51.0,51.0,52.093461774336774,0.04655739358919184,4,198
scale-free,200,28,160,84.0,51.0,26.0,26.0,37.0,51.0,51.0,52.093461774336774,0.04655739358919184,4,198
scale-free,200,28,161,84.0,51.0,26.0,26.0,116.0,51.0,51.0,52.093461774336774,0.04655739358919184,4,198
scale-free,200,28,162,84.0,51.0,26.0,26.0,116.0,51.0,51.0,52.093461774336774,0.04655739358919184,4,198
scale-free,200,28,163,84.0,51.0,26.0,26.0,116.0,51.0,51.0,52.093461774336774,0.04655739358919184,4,198
scale-free,200,28,164,84.0,51.0,26.0,26.0,37.0,51.0,51.0,52.093461774336774,0.04655739358919184,4,198
scale-free,200,28,165,84.0,51.0,26.0,26.0,116.0,51.0,51.0,52.093461774336774,0.04655739358919184,4,198
scale-free,200,28,166,84.0,51.0,26.0,26.0,116.0,51.0,51.0,52.093461774336774,0.04655739358919184,4,198
scale-free,200,28,167,84.0,51.0,26.0,26.0,37.0,51.0,51.0,52.093461774336774,0.04655739358919184,4,198
scale-free,200,28,168,84.0,29.0,26.0,26.0,177.0,20.0,50.0,52.093461774336774,0.04655739358919184,4,198
scale-free,200,28,169,84.0,51.0,26.0,26.0,37.0,51.0,51.0,52.093461774336774,0.04655739358919184,4,198
scale-free,200,28,170,84.0,51.0,26.0,26.0,37.0,51.0,51.0,52.093461774336774,0.04655739358919184,4,198
scale-free,200,28,171,84.0,51.0,26.0,26.0,37.0,51.0,51.0,52.093461774336774,0.04655739358919184,4,198
scale-free,200,28,172,84.0,51.0,26.0,26.0,37.0,51.0,51.0,52.093461774336774,0.04655739358919184,4,198
scale-free,200,28,173,84.0,51.0,26.0,26.0,103.0,51.0,51.0,52.093461774336774,0.04655739358919184,4,198
scale-free,200,28,174,84.0,51.0,26.0,26.0,37.0,51.0,51.0,52.093461774336774,0.04655739358919184,4,198
scale-free,200,28,175,55.0,51.0,26.0,26.0,37.0,51.0,51.0,52.093461774336774,0.04655739358919184,4,198
scale-free,200,28,176,84.0,51.0,26.0,26.0,116.0,51.0,51.0,52.093461774336774,0.04655739358919184,4,198
scale-free,200,28,177,84.0,51.0,26.0,26.0,37.0,51.0,51.0,52.093461774336774,0.04655739358919184,4,198
scale-free,200,28,178,84.0,51.0,26.0,26.0,116.0,51.0,51.0,52.093461774336774,0.04655739358919184,4,198
scale-free,200,28,179,84.0,51.0,26.0,26.0,116.0,51.0,51.0,52.093461774336774,0.04655739358919184,4,198
scale-free,200,28,180,84.0,51.0,26.0,26.0,37.0,51.0,51.0,52.093461774336774,0.04655739358919184,4,198
scale-free,200,28,181,84.0,51.0,26.0,26.0,37.0,51.0,51.0,52.093461774336774,0.04655739358919184,4,198
scale-free,200,28,182,84.0,51.0,26.0,26.0,37.0,51.0,51.0,52.093461774336774,0.04655739358919184,4,198
scale-free,200,28,183,84.0,51.0,26.0,26.0,116.0,51.0,51.0,52.093461774336774,0.04655739358919184,4,198
scale-free,200,28,184,84.0,51.0,26.0,26.0,37.0,51.0,51.0,52.093461774336774,0.04655739358919184,4,198
scale-free,200,28,185,84.0,51.0,26.0,26.0,37.0,51.0,51.0,52.093461774336774,0.04655739358919184,4,198
scale-free,200,28,186,55.0,20.0,26.0,26.0,177.0,20.0,19.0,52.093461774336774,0.04655739358919184,4,198
scale-free,200,28,187,84.0,51.0,26.0,26.0,10.0,51.0,51.0,52.093461774336774,0.04655739358919184,4,198
scale-free,200,28,188,84.0,51.0,26.0,26.0,116.0,51.0,51.0,52.093461774336774,0.04655739358919184,4,198
scale-free,200,28,189,84.0,51.0,26.0,26.0,116.0,51.0,51.0,52.093461774336774,0.04655739358919184,4,198
scale-free,200,28,190,84.0,51.0,26.0,26.0,24.0,51.0,51.0,52.093461774336774,0.04655739358919184,4,198
scale-free,200,28,191,84.0,51.0,26.0,26.0,37.0,51.0,51.0,52.093461774336774,0.04655739358919184,4,198
scale-free,200,28,192,84.0,51.0,26.0,26.0,116.0,51.0,51.0,52.093461774336774,0.04655739358919184,4,198
scale-free,200,28,193,84.0,51.0,26.0,26.0,116.0,51.0,51.0,52.093461774336774,0.04655739358919184,4,198
scale-free,200,28,194,84.0,31.0,26.0,26.0,177.0,31.0,38.0,52.093461774336774,0.04655739358919184,4,198
scale-free,200,28,195,84.0,51.0,26.0,26.0,37.0,51.0,51.0,52.093461774336774,0.04655739358919184,4,198
scale-free,200,28,196,84.0,51.0,26.0,26.0,116.0,51.0,51.0,52.093461774336774,0.04655739358919184,4,198
scale-free,200,28,197,84.0,36.0,26.0,26.0,177.0,36.0,36.0,52.093461774336774,0.04655739358919184,4,198
scale-free,200,28,198,84.0,51.0,26.0,26.0,116.0,51.0,51.0,52.093461774336774,0.04655739358919184,4,198
scale-free,200,28,199,84.0,51.0,26.0,26.0,24.0,51.0,51.0,52.093461774336774,0.04655739358919184,4,198
