scale-free,200,3,0,1.0,1.0,2.0,2.0,156.0,1.0,1.0,49.96967025713794,0.1346937113079724,4,194
scale-free,200,3,1,4.0,3.0,4.0,4.0,156.0,3.0,3.0,49.96967025713794,0.1346937113079724,4,194
scale-free,200,3,2,2.0,2.0,1.0,1.0,156.0,2.0,2.0,49.96967025713794,0.1346937113079724,4,194
scale-free,200,3,3,18.0,49.0,27.0,27.0,47.0,49.0,49.0,49.96967025713794,0.1346937113079724,4,194
scale-free,200,3,4,31.0,31.0,12.0,12.0,47.0,31.0,25.0,49.96967025713794,0.1346937113079724,4,194
scale-free,200,3,5,3.0,9.0,3.0,3.0,156.0,7.0,9.0,49.96967025713794,0.1346937113079724,4,194
scale-free,200,3,6,22.0,49.0,27.0,27.0,2.0,49.0,49.0,49.96967025713794,0.1346937113079724,4,194
scale-free,200,3,7,53.0,49.0,27.0,27.0,47.0,49.0,49.0,49.96967025713794,0.1346937113079724,4,194
scale-free,200,3,8,11.0,49.0,27.0,27.0,10.0,49.0,49.0,49.96967025713794,0.1346937113079724,4,194
scale-free,200,3,9,14.0,49.0,27.0,27.0,21.0,49.0,49.0,49.96967025713794,0.1346937113079724,4,194
scale-free,200,3,10,4.0,4.0,27.0,27.0,182.0,4.0,4.0,49.96967025713794,0.1346937113079724,4,194
scale-free,200,3,11,22.0,49.0,27.0,27.0,4.0,49.0,49.0,49.96967025713794,0.1346937113079724,4,194
scale-free,200,3,12,31.0,31.0,23.0,23.0,10.0,31.0,48.0,49.96967025713794,0.1346937113079724,4,194
scale-free,200,3,13,8.0,49.0,27.0,27.0,2.0,49.0,49.0,49.96967025713794,0.1346937113079724,4,194
scale-free,200,3,14,22.0,49.0,27.0,27.0,21.0,49.0,49.0,49.96967025713794,0.1346937113079724,4,194
scale-free,200,3,15,18.0,11.0,27.0,27.0,182.0,11.0,5.0,49.96967025713794,0.1346937113079724,4,194
scale-free,200,3,16,93.0,49.0,27.0,27.0,47.0,49.0,49.0,49.96967025713794,0.1346937113079724,4,194
scale-free,200,3,17,10.0,49.0,27.0,27.0,1.0,49.0,49.0,49.96967025713794,0.1346937113079724,4,194
scale-free,200,3,18,31.0,24.0,22.0,22.0,21.0,24.0,38.0,49.96967025713794,0.1346937113079724,4,194
scale-free,200,3,19,93.0,8.0,27.0,27.0,182.0,9.0,10.0,49.96967025713794,0.1346937113079724,4,194
scale-free,200,3,20,14.0,49.0,27.0,27.0,4.0,49.0,49.0,49.96967025713794,0.1346937113079724,4,194
scale-free,200,3,21,31.0,49.0,27.0,27.0,21.0,49.0,49.0,49.96967025713794,0.1346937113079724,4,194
scale-free,200,3,22,93.0,49.0,27.0,27.0,47.0,49.0,49.0,49.96967025713794,0.1346937113079724,4,194
scale-free,200,3,23,6.0,6.0,27.0,27.0,182.0,6.0,6.0,49.96967025713794,0.1346937113079724,4,194
scale-free,200,3,24,22.0,49.0,27.0,27.0,47.0,49.0,49.0,49.96967025713794,0.1346937113079724,4,194
scale-free,200,3,25,43.0,20.0,27.0,27.0,182.0,20.0,19.0,49.96967025713794,0.1346937113079724,4,194
scale-free,200,3,26,93.0,49.0,27.0,27.0,164.0,49.0,49.0,49.96967025713794,0.1346937113079724,4,194
scale-free,200,3,27,53.0,49.0,27.0,27.0,47.0,49.0,49.0,49.96967025713794,0.1346937113079724,4,194
scale-free,200,3,28,53.0,31.0,12.0,12.0,47.0,31.0,25.0,49.96967025713794,0.1346937113079724,4,194
scale-free,200,3,29,53.0,49.0,27.0,27.0,47.0,49.0,49.0,49.96967025713794,0.1346937113079724,4,194
scale-free,200,3,30,93.0,49.0,27.0,27.0,47.0,49.0,49.0,49.96967025713794,0.1346937113079724,4,194
scale-free,200,3,31,53.0,49.0,27.0,27.0,47.0,49.0,49.0,49.96967025713794,0.1346937113079724,4,194
scale-free,200,3,32,53.0,49.0,27.0,27.0,47.0,49.0,49.0,49.96967025713794,0.1346937113079724,4,194
scale-free,200,3,33,6.0,18.0,8.0,8.0,21.0,18.0,14.0,49.96967025713794,0.1346937113079724,4,194
scale-free,200,3,34,22.0,31.0,9.0,9.0,10.0,31.0,25.0,49.96967025713794,0.1346937113079724,4,194
scale-free,200,3,35,53.0,49.0,27.0,27.0,47.0,49.0,49.0,49.96967025713794,0.1346937113079724,4,194
scale-free,200,3,36,14.0,20.0,6.0,6.0,21.0,20.0,15.0,49.96967025713794,0.1346937113079724,4,194
scale-free,200,3,37,31.0,20.0,12.0,12.0,47.0,20.0,24.0,49.96967025713794,0.1346937113079724,4,194
scale-free,200,3,38,93.0,49.0,27.0,27.0,47.0,49.0,49.0,49.96967025713794,0.1346937113079724,4,194
scale-free,200,3,39,43.0,31.0,12.0,12.0,47.0,31.0,25.0,49.96967025713794,0.1346937113079724,4,194
scale-free,200,3,40,31.0,13.0,20.0,20.0,156.0,13.0,18.0,49.96967025713794,0.1346937113079724,4,194
scale-free,200,3,41,14.0,20.0,7.0,7.0,10.0,20.0,13.0,49.96967025713794,0.1346937113079724,4,194
scale-free,200,3,42,43.0,10.0,27.0,27.0,182.0,10.0,11.0,49.96967025713794,0.1346937113079724,4,194
scale-free,200,3,43,8.0,5.0,27.0,27.0,182.0,5.0,7.0,49.96967025713794,0.1346937113079724,4,194
scale-free,200,3,44,31.0,49.0,27.0,27.0,47.0,49.0,49.0,49.96967025713794,0.1346937113079724,4,194
scale-free,200,3,45,43.0,49.0,27.0,27.0,47.0,49.0,49.0,49.96967025713794,0.1346937113079724,4,194
scale-free,200,3,46,43.0,49.0,27.0,27.0,21.0,49.0,49.0,49.96967025713794,0.1346937113079724,4,194
scale-free,200,3,47,53.0,31.0,27.0,27.0,47.0,31.0,36.0,49.96967025713794,0.1346937113079724,4,194
scale-free,200,3,48,53.0,49.0,27.0,27.0,21.0,49.0,49.0,49.96967025713794,0.1346937113079724,4,194
scale-free,200,3,49,31.0,24.0,23.0,23.0,47.0,24.0,33.0,49.96967025713794,0.1346937113079724,4,194
scale-free,200,3,50,53.0,49.0,27.0,27.0,47.0,49.0,49.0,49.96967025713794,0.1346937113079724,4,194
scale-free,200,3,51,93.0,31.0,27.0,27.0,182.0,31.0,45.0,49.96967025713794,0.1346937113079724,4,194
scale-free,200,3,52,93.0,49.0,27.0,27.0,47.0,49.0,49.0,49.96967025713794,0.1346937113079724,4,194
scale-free,200,3,53,93.0,49.0,27.0,27.0,164.0,49.0,49.0,49.96967025713794,0.1346937113079724,4,194
scale-free,200,3,54,53.0,49.0,27.0,27.0,47.0,49.0,49.0,49.96967025713794,0.1346937113079724,4,194
scale-free,200,3,55,93.0,49.0,27.0,27.0,47.0,49.0,49.0,49.96967025713794,0.1346937113079724,4,194
scale-free,200,3,56,18.0,7.0,20.0,20.0,156.0,8.0,8.0,49.96967025713794,0.1346937113079724,4,194
scale-free,200,3,57,11.0,24.0,11.0,11.0,47.0,24.0,17.0,49.96967025713794,0.1346937113079724,4,194
scale-free,200,3,58,22.0,49.0,27.0,27.0,10.0,49.0,49.0,49.96967025713794,0.1346937113079724,4,194
scale-free,200,3,59,53.0,49.0,27.0,27.0,10.0,49.0,49.0,49.96967025713794,0.1346937113079724,4,194
scale-free,200,3,60,53.0,24.0,27.0,27.0,182.0,24.0,39.0,49.96967025713794,0.1346937113079724,4,194
scale-free,200,3,61,53.0,31.0,12.0,12.0,47.0,31.0,25.0,49.96967025713794,0.1346937113079724,4,194
scale-free,200,3,62,53.0,49.0,27.0,27.0,21.0,49.0,49.0,49.96967025713794,0.1346937113079724,4,194
scale-free,200,3,63,18.0,49.0,27.0,27.0,47.0,49.0,49.0,49.96967025713794,0.1346937113079724,4,194
scale-free,200,3,64,22.0,49.0,27.0,27.0,21.0,49.0,49.0,49.96967025713794,0.1346937113079724,4,194
scale-free,200,3,65,53.0,31.0,12.0,12.0,47.0,31.0,25.0,49.96967025713794,0.1346937113079724,4,194
scale-free,200,3,66,43.0,49.0,27.0,27.0,21.0,49.0,49.0,49.96967025713794,0.1346937113079724,4,194
scale-free,200,3,67,93.0,49.0,27.0,27.0,47.0,49.0,49.0,49.96967025713794,0.1346937113079724,4,194
scale-free,200,3,68,31.0,49.0,27.0,27.0,47.0,49.0,49.0,49.96967025713794,0.1346937113079724,4,194
scale-free,200,3,69,53.0,49.0,27.0,27.0,47.0,49.0,49.0,49.96967025713794,0.1346937113079724,4,194
scale-free,200,3,70,53.0,12.0,27.0,27.0,182.0,12.0,23.0,49.96967025713794,0.1346937113079724,4,194
scale-free,200,3,71,93.0,49.0,27.0,27.0,164.0,49.0,49.0,49.96967025713794,0.1346937113079724,4,194
scale-free,200,3,72,53.0,31.0,27.0,27.0,47.0,31.0,47.0,49.96967025713794,0.1346937113079724,4,194
scale-free,200,3,73,22.0,49.0,27.0,27.0,47.0,49.0,49.0,49.96967025713794,0.1346937113079724,4,194
scale-free,200,3,74,93.0,49.0,27.0,27.0,47.0,49.0,49.0,49.96967025713794,0.1346937113079724,4,194
scale-free,200,3,75,93.0,49.0,27.0,27.0,164.0,49.0,49.0,49.96967025713794,0.1346937113079724,4,194
scale-free,200,3,76,93.0,49.0,27.0,27.0,21.0,49.0,49.0,49.96967025713794,0.1346937113079724,4,194
scale-free,200,3,77,93.0,49.0,27.0,27.0,164.0,49.0,49.0,49.96967025713794,0.1346937113079724,4,194
scale-free,200,3,78,22.0,17.0,25.0,25.0,47.0,17.0,21.0,49.96967025713794,0.1346937113079724,4,194
scale-free,200,3,79,53.0,49.0,27.0,27.0,4.0,49.0,49.0,49.96967025713794,0.1346937113079724,4,194
scale-free,200,3,80,53.0,49.0,27.0,27.0,47.0,49.0,49.0,49.96967025713794,0.1346937113079724,4,194
scale-free,200,3,81,93.0,49.0,27.0,27.0,4.0,49.0,49.0,49.96967025713794,0.1346937113079724,4,194
scale-free,200,3,82,31.0,49.0,27.0,27.0,10.0,49.0,49.0,49.96967025713794,0.1346937113079724,4,194
scale-free,200,3,83,93.0,49.0,27.0,27.0,47.0,49.0,49.0,49.96967025713794,0.1346937113079724,4,194
scale-free,200,3,84,93.0,49.0,27.0,27.0,47.0,49.0,49.0,49.96967025713794,0.1346937113079724,4,194
scale-free,200,3,85,93.0,49.0,27.0,27.0,47.0,49.0,49.0,49.96967025713794,0.1346937113079724,4,194
scale-free,200,3,86,93.0,49.0,27.0,27.0,47.0,49.0,49.0,49.96967025713794,0.1346937113079724,4,194
scale-free,200,3,87,11.0,16.0,5.0,5.0,47.0,16.0,12.0,49.96967025713794,0.1346937113079724,4,194
scale-free,200,3,88,53.0,49.0,27.0,27.0,47.0,49.0,49.0,49.96967025713794,0.1346937113079724,4,194
scale-free,200,3,89,53.0,49.0,27.0,27.0,10.0,49.0,49.0,49.96967025713794,0.1346937113079724,4,194
scale-free,200,3,90,53.0,31.0,12.0,12.0,47.0,31.0,25.0,49.96967025713794,0.1346937113079724,4,194
scale-free,200,3,91,53.0,49.0,27.0,27.0,47.0,49.0,49.0,49.96967025713794,0.1346937113079724,4,194
scale-free,200,3,92,93.0,49.0,27.0,27.0,47.0,49.0,49.0,49.96967025713794,0.1346937113079724,4,194
scale-free,200,3,93,53.0,49.0,27.0,27.0,47.0,49.0,49.0,49.96967025713794,0.1346937113079724,4,194
scale-free,200,3,94,31.0,24.0,12.0,12.0,47.0,24.0,20.0,49.96967025713794,0.1346937113079724,4,194
scale-free,200,3,95,93.0,49.0,27.0,27.0,47.0,49.0,49.0,49.96967025713794,0.1346937113079724,4,194
scale-free,200,3,96,93.0,49.0,27.0,27.0,47.0,49.0,49.0,49.96967025713794,0.1346937113079724,4,194
scale-free,200,3,97,53.0,49.0,27.0,27.0,47.0,49.0,49.0,49.96967025713794,0.1346937113079724,4,194
scale-free,200,3,98,93.0,49.0,27.0,27.0,164.0,49.0,49.0,49.96967025713794,0.1346937113079724,4,194
scale-free,200,3,99,93.0,49.0,27.0,27.0,47.0,49.0,49.0,49.96967025713794,0.1346937113079724,4,194
scale-free,200,3,100,93.0,49.0,27.0,27.0,21.0,49.0,49.0,49.96967025713794,0.1346937113079724,4,194
scale-free,200,3,101,53.0,49.0,27.0,27.0,21.0,49.0,49.0,49.96967025713794,0.1346937113079724,4,194
scale-free,200,3,102,53.0,15.0,27.0,27.0,156.0,15.0,34.0,49.96967025713794,0.1346937113079724,4,194
scale-free,200,3,103,93.0,49.0,27.0,27.0,47.0,49.0,49.0,49.96967025713794,0.1346937113079724,4,194
scale-free,200,3,104,93.0,49.0,27.0,27.0,47.0,49.0,49.0,49.96967025713794,0.1346937113079724,4,194
scale-free,200,3,105,93.0,49.0,27.0,27.0,21.0,49.0,49.0,49.96967025713794,0.1346937113079724,4,194
scale-free,200,3,106,93.0,49.0,27.0,27.0,47.0,49.0,49.0,49.96967025713794,0.1346937113079724,4,194
scale-free,200,3,107,93.0,31.0,27.0,27.0,182.0,31.0,36.0,49.96967025713794,0.1346937113079724,4,194
scale-free,200,3,108,53.0,49.0,27.0,27.0,47.0,49.0,49.0,49.96967025713794,0.1346937113079724,4,194
scale-free,200,3,109,53.0,49.0,27.0,27.0,164.0,49.0,49.0,49.96967025713794,0.1346937113079724,4,194
scale-free,200,3,110,93.0,49.0,27.0,27.0,164.0,49.0,49.0,49.96967025713794,0.1346937113079724,4,194
scale-free,200,3,111,93.0,49.0,27.0,27.0,47.0,49.0,49.0,49.96967025713794,0.1346937113079724,4,194
scale-free,200,3,112,93.0,49.0,27.0,27.0,164.0,49.0,49.0,49.96967025713794,0.1346937113079724,4,194
scale-free,200,3,113,43.0,24.0,10.0,10.0,21.0,24.0,25.0,49.96967025713794,0.1346937113079724,4,194
scale-free,200,3,114,53.0,24.0,27.0,27.0,182.0,24.0,22.0,49.96967025713794,0.1346937113079724,4,194
scale-free,200,3,115,93.0,31.0,27.0,27.0,182.0,31.0,41.0,49.96967025713794,0.1346937113079724,4,194
scale-free,200,3,116,93.0,49.0,27.0,27.0,47.0,49.0,49.0,49.96967025713794,0.1346937113079724,4,194
scale-free,200,3,117,93.0,49.0,27.0,27.0,47.0,49.0,49.0,49.96967025713794,0.1346937113079724,4,194
scale-free,200,3,118,53.0,49.0,27.0,27.0,21.0,49.0,49.0,49.96967025713794,0.1346937113079724,4,194
scale-free,200,3,119,93.0,49.0,27.0,27.0,47.0,49.0,49.0,49.96967025713794,0.1346937113079724,4,194
scale-free,200,3,120,93.0,49.0,27.0,27.0,47.0,49.0,49.0,49.96967025713794,0.1346937113079724,4,194
scale-free,200,3,121,93.0,49.0,27.0,27.0,47.0,49.0,49.0,49.96967025713794,0.1346937113079724,4,194
scale-free,200,3,122,43.0,49.0,27.0,27.0,47.0,49.0,49.0,49.96967025713794,0.1346937113079724,4,194
scale-free,200,3,123,53.0,49.0,27.0,27.0,47.0,49.0,49.0,49.96967025713794,0.1346937113079724,4,194
scale-free,200,3,124,93.0,49.0,27.0,27.0,47.0,49.0,49.0,49.96967025713794,0.1346937113079724,4,194
scale-free,200,3,125,93.0,49.0,27.0,27.0,47.0,49.0,49.0,49.96967025713794,0.1346937113079724,4,194
scale-free,200,3,126,93.0,49.0,27.0,27.0,4.0,49.0,49.0,49.96967025713794,0.1346937113079724,4,194
scale-free,200,3,127,93.0,49.0,27.0,27.0,47.0,49.0,49.0,49.96967025713794,0.1346937113079724,4,194
scale-free,200,3,128,53.0,19.0,27.0,27.0,182.0,19.0,16.0,49.96967025713794,0.1346937113079724,4,194
scale-free,200,3,129,31.0,49.0,27.0,27.0,10.0,49.0,49.0,49.96967025713794,0.1346937113079724,4,194
scale-free,200,3,130,53.0,49.0,27.0,27.0,21.0,49.0,49.0,49.96967025713794,0.1346937113079724,4,194
scale-free,200,3,131,93.0,49.0,27.0,27.0,47.0,49.0,49.0,49.96967025713794,0.1346937113079724,4,194
scale-free,200,3,132,93.0,49.0,27.0,27.0,47.0,49.0,49.0,49.96967025713794,0.1346937113079724,4,194
scale-free,200,3,133,93.0,49.0,27.0,27.0,47.0,49.0,49.0,49.96967025713794,0.1346937113079724,4,194
scale-free,200,3,134,93.0,31.0,27.0,27.0,182.0,31.0,41.0,49.96967025713794,0.1346937113079724,4,194
scale-free,200,3,135,93.0,49.0,27.0,27.0,47.0,49.0,49.0,49.96967025713794,0.1346937113079724,4,194
scale-free,200,3,136,43.0,49.0,27.0,27.0,47.0,49.0,49.0,49.96967025713794,0.1346937113079724,4,194
scale-free,200,3,137,93.0,49.0,27.0,27.0,21.0,49.0,49.0,49.96967025713794,0.1346937113079724,4,194
scale-free,200,3,138,93.0,49.0,27.0,27.0,47.0,49.0,49.0,49.96967025713794,0.1346937113079724,4,194
scale-free,200,3,139,93.0,49.0,27.0,27.0,47.0,49.0,49.0,49.96967025713794,0.1346937113079724,4,194
scale-free,200,3,140,93.0,14.0,27.0,27.0,182.0,14.0,34.0,49.96967025713794,0.1346937113079724,4,194
scale-free,200,3,141,53.0,49.0,27.0,27.0,21.0,49.0,49.0,49.96967025713794,0.1346937113079724,4,194
scale-free,200,3,142,93.0,49.0,27.0,27.0,164.0,49.0,49.0,49.96967025713794,0.1346937113079724,4,194
scale-free,200,3,143,93.0,49.0,27.0,27.0,47.0,49.0,49.0,49.96967025713794,0.1346937113079724,4,194
scale-free,200,3,144,93.0,49.0,27.0,27.0,21.0,49.0,49.0,49.96967025713794,0.1346937113079724,4,194
scale-free,200,3,145,93.0,49.0,27.0,27.0,10.0,49.0,49.0,49.96967025713794,0.1346937113079724,4,194
scale-free,200,3,146,93.0,49.0,27.0,27.0,47.0,49.0,49.0,49.96967025713794,0.1346937113079724,4,194
scale-free,200,3,147,93.0,31.0,27.0,27.0,182.0,31.0,45.0,49.96967025713794,0.1346937113079724,4,194
scale-free,200,3,148,93.0,49.0,27.0,27.0,47.0,49.0,49.0,49.96967025713794,0.1346937113079724,4,194
scale-free,200,3,149,93.0,49.0,27.0,27.0,47.0,49.0,49.0,49.96967025713794,0.1346937113079724,4,194
scale-free,200,3,150,93.0,31.0,27.0,27.0,182.0,31.0,41.0,49.96967025713794,0.1346937113079724,4,194
scale-free,200,3,151,93.0,49.0,27.0,27.0,164.0,49.0,49.0,49.96967025713794,0.1346937113079724,4,194
scale-free,200,3,152,93.0,49.0,27.0,27.0,21.0,49.0,49.0,49.96967025713794,0.1346937113079724,4,194
scale-free,200,3,153,53.0,49.0,27.0,27.0,47.0,49.0,49.0,49.96967025713794,0.1346937113079724,4,194
scale-free,200,3,154,53.0,49.0,27.0,27.0,47.0,49.0,49.0,49.96967025713794,0.1346937113079724,4,194
scale-free,200,3,155,93.0,49.0,27.0,27.0,164.0,49.0,49.0,49.96967025713794,0.1346937113079724,4,194
scale-free,200,3,156,93.0,49.0,27.0,27.0,47.0,49.0,49.0,49.96967025713794,0.1346937113079724,4,194
scale-free,200,3,157,93.0,49.0,27.0,27.0,47.0,49.0,49.0,49.96967025713794,0.1346937113079724,4,194
scale-free,200,3,158,93.0,49.0,27.0,27.0,47.0,49.0,49.0,49.96967025713794,0.1346937113079724,4,194
scale-free,200,3,159,43.0,31.0,26.0,26.0,163.0,31.0,40.0,49.96967025713794,0.1346937113079724,4,194
scale-free,200,3,160,93.0,49.0,27.0,27.0,21.0,49.0,49.0,49.96967025713794,0.1346937113079724,4,194
scale-free,200,3,161,53.0,49.0,27.0,27.0,47.0,49.0,49.0,49.96967025713794,0.1346937113079724,4,194
scale-free,200,3,162,93.0,49.0,27.0,27.0,47.0,49.0,49.0,49.96967025713794,0.1346937113079724,4,194
scale-free,200,3,163,93.0,49.0,27.0,27.0,47.0,49.0,49.0,49.96967025713794,0.1346937113079724,4,194
scale-free,200,3,164,93.0,49.0,27.0,27.0,47.0,49.0,49.0,49.96967025713794,0.1346937113079724,4,194
scale-free,200,3,165,93.0,49.0,27.0,27.0,21.0,49.0,49.0,49.96967025713794,0.1346937113079724,4,194
scale-free,200,3,166,93.0,49.0,27.0,27.0,47.0,49.0,49.0,49.96967025713794,0.1346937113079724,4,194
scale-free,200,3,167,93.0,49.0,27.0,27.0,164.0,49.0,49.0,49.96967025713794,0.1346937113079724,4,194
scale-free,200,3,168,93.0,49.0,27.0,27.0,164.0,49.0,49.0,49.96967025713794,0.1346937113079724,4,194
scale-free,200,3,169,93.0,49.0,27.0,27.0,10.0,49.0,49.0,49.96967025713794,0.1346937113079724,4,194
scale-free,200,3,170,93.0,49.0,27.0,27.0,47.0,49.0,49.0,49.96967025713794,0.1346937113079724,4,194
scale-free,200,3,171,93.0,49.0,27.0,27.0,47.0,49.0,49.0,49.96967025713794,0.1346937113079724,4,194
scale-free,200,3,172,93.0,49.0,27.0,27.0,47.0,49.0,49.0,49.96967025713794,0.1346937113079724,4,194
scale-free,200,3,173,93.0,49.0,27.0,27.0,47.0,49.0,49.0,49.96967025713794,0.1346937113079724,4,194
scale-free,200,3,174,93.0,49.0,27.0,27.0,47.0,49.0,49.0,49.96967025713794,0.1346937113079724,4,194
scale-free,200,3,175,93.0,49.0,27.0,27.0,47.0,49.0,49.0,49.96967025713794,0.1346937113079724,4,194
scale-free,200,3,176,93.0,49.0,27.0,27.0,21.0,49.0,49.0,49.96967025713794,0.1346937113079724,4,194
scale-free,200,3,177,93.0,49.0,27.0,27.0,47.0,49.0,49.0,49.96967025713794,0.1346937113079724,4,194
scale-free,200,3,178,93.0,49.0,27.0,27.0,47.0,49.0,49.0,49.96967025713794,0.1346937113079724,4,194
scale-free,200,3,179,93.0,49.0,27.0,27.0,47.0,49.0,49.0,49.96967025713794,0.1346937113079724,4,194
scale-free,200,3,180,93.0,49.0,27.0,27.0,164.0,49.0,49.0,49.96967025713794,0.1346937113079724,4,194
scale-free,200,3,181,93.0,49.0,27.0,27.0,47.0,49.0,49.0,49.96967025713794,0.1346937113079724,4,194
scale-free,200,3,182,93.0,49.0,27.0,27.0,164.0,49.0,49.0,49.96967025713794,0.1346937113079724,4,194
scale-free,200,3,183,93.0,49.0,27.0,27.0,47.0,49.0,49.0,49.96967025713794,0.1346937113079724,4,194
scale-free,200,3,184,93.0,49.0,27.0,27.0,164.0,49.0,49.0,49.96967025713794,0.1346937113079724,4,194
scale-free,200,3,185,93.0,49.0,27.0,27.0,47.0,49.0,49.0,49.96967025713794,0.1346937113079724,4,194
scale-free,200,3,186,93.0,31.0,27.0,27.0,182.0,31.0,41.0,49.96967025713794,0.1346937113079724,4,194
scale-free,200,3,187,93.0,49.0,27.0,27.0,47.0,49.0,49.0,49.96967025713794,0.1346937113079724,4,194
scale-free,200,3,188,93.0,49.0,27.0,27.0,47.0,49.0,49.0,49.96967025713794,0.1346937113079724,4,194
scale-free,200,3,189,93.0,49.0,27.0,27.0,47.0,49.0,49.0,49.96967025713794,0.1346937113079724,4,194
scale-free,200,3,190,93.0,49.0,27.0,27.0,47.0,49.0,49.0,49.96967025713794,0.1346937113079724,4,194
scale-free,200,3,191,93.0,49.0,27.0,27.0,21.0,49.0,49.0,49.96967025713794,0.1346937113079724,4,194
scale-free,200,3,192,93.0,49.0,27.0,27.0,4.0,49.0,49.0,49.96967025713794,0.1346937113079724,4,194
scale-free,200,3,193,93.0,49.0,27.0,27.0,47.0,49.0,49.0,49.96967025713794,0.1346937113079724,4,194
scale-free,200,3,194,93.0,49.0,27.0,27.0,164.0,49.0,49.0,49.96967025713794,0.1346937113079724,4,194
scale-free,200,3,195,93.0,49.0,27.0,27.0,47.0,49.0,49.0,49.96967025713794,0.1346937113079724,4,194
scale-free,200,3,196,93.0,49.0,27.0,27.0,47.0,49.0,49.0,49.96967025713794,0.1346937113079724,4,194
scale-free,200,3,197,93.0,49.0,27.0,27.0,47.0,49.0,49.0,49.96967025713794,0.1346937113079724,4,194
scale-free,200,3,198,93.0,49.0,27.0,27.0,47.0,49.0,49.0,49.96967025713794,0.1346937113079724,4,194
scale-free,200,3,199,93.0,49.0,27.0,27.0,47.0,49.0,49.0,49.96967025713794,0.1346937113079724,4,194
scale-free,200,4,0,2.0,2.0,3.0,3.0,130.0,2.0,2.0,59.50202548428488,0.10654649980772801,5,187
scale-free,200,4,1,3.0,3.0,2.0,2.0,130.0,3.0,3.0,59.50202548428488,0.10654649980772801,5,187
scale-free,200,4,2,1.0,1.0,1.0,1.0,130.0,1.0,1.0,59.50202548428488,0.10654649980772801,5,187
scale-free,200,4,3,37.0,50.0,22.0,22.0,6.0,50.0,50.0,59.50202548428488,0.10654649980772801,5,187
scale-free,200,4,4,8.0,14.0,4.0,4.0,130.0,14.0,14.0,59.50202548428488,0.10654649980772801,5,187
scale-free,200,4,5,5.0,40.0,15.0,15.0,2.0,40.0,32.0,59.50202548428488,0.10654649980772801,5,187
scale-free,200,4,6,15.0,50.0,22.0,22.0,2.0,50.0,50.0,59.50202548428488,0.10654649980772801,5,187
scale-free,200,4,7,8.0,16.0,8.0,8.0,130.0,16.0,16.0,59.50202548428488,0.10654649980772801,5,187
scale-free,200,4,8,20.0,50.0,22.0,22.0,26.0,50.0,50.0,59.50202548428488,0.10654649980772801,5,187
scale-free,200,4,9,89.0,50.0,22.0,22.0,26.0,50.0,50.0,59.50202548428488,0.10654649980772801,5,187
scale-free,200,4,10,13.0,50.0,22.0,22.0,4.0,50.0,50.0,59.50202548428488,0.10654649980772801,5,187
scale-free,200,4,11,6.0,5.0,22.0,22.0,177.0,5.0,6.0,59.50202548428488,0.10654649980772801,5,187
scale-free,200,4,12,11.0,6.0,22.0,22.0,177.0,6.0,7.0,59.50202548428488,0.10654649980772801,5,187
scale-free,200,4,13,12.0,19.0,10.0,10.0,130.0,17.0,19.0,59.50202548428488,0.10654649980772801,5,187
scale-free,200,4,14,8.0,13.0,22.0,22.0,177.0,9.0,11.0,59.50202548428488,0.10654649980772801,5,187
scale-free,200,4,15,16.0,50.0,22.0,22.0,26.0,50.0,50.0,59.50202548428488,0.10654649980772801,5,187
scale-free,200,4,16,20.0,8.0,22.0,22.0,177.0,10.0,9.0,59.50202548428488,0.10654649980772801,5,187
scale-free,200,4,17,44.0,50.0,22.0,22.0,6.0,50.0,50.0,59.50202548428488,0.10654649980772801,5,187
scale-free,200,4,18,37.0,17.0,22.0,22.0,177.0,19.0,21.0,59.50202548428488,0.10654649980772801,5,187
scale-free,200,4,19,26.0,50.0,22.0,22.0,26.0,50.0,50.0,59.50202548428488,0.10654649980772801,5,187
scale-free,200,4,20,58.0,50.0,22.0,22.0,26.0,50.0,50.0,59.50202548428488,0.10654649980772801,5,187
scale-free,200,4,21,26.0,18.0,13.0,13.0,130.0,18.0,20.0,59.50202548428488,0.10654649980772801,5,187
scale-free,200,4,22,58.0,50.0,22.0,22.0,26.0,50.0,50.0,59.50202548428488,0.10654649980772801,5,187
scale-free,200,4,23,26.0,50.0,22.0,22.0,6.0,50.0,50.0,59.50202548428488,0.10654649980772801,5,187
scale-free,200,4,24,26.0,50.0,22.0,22.0,6.0,50.0,50.0,59.50202548428488,0.10654649980772801,5,187
scale-free,200,4,25,26.0,22.0,22.0,22.0,130.0,22.0,24.0,59.50202548428488,0.10654649980772801,5,187
scale-free,200,4,26,58.0,50.0,22.0,22.0,26.0,50.0,50.0,59.50202548428488,0.10654649980772801,5,187
scale-free,200,4,27,16.0,12.0,6.0,6.0,130.0,13.0,12.0,59.50202548428488,0.10654649980772801,5,187
scale-free,200,4,28,37.0,40.0,22.0,22.0,26.0,40.0,43.0,59.50202548428488,0.10654649980772801,5,187
scale-free,200,4,29,26.0,50.0,22.0,22.0,26.0,50.0,50.0,59.50202548428488,0.10654649980772801,5,187
scale-free,200,4,30,4.0,11.0,5.0,5.0,130.0,8.0,10.0,59.50202548428488,0.10654649980772801,5,187
scale-free,200,4,31,6.0,4.0,22.0,22.0,177.0,4.0,4.0,59.50202548428488,0.10654649980772801,5,187
scale-free,200,4,32,58.0,50.0,22.0,22.0,26.0,50.0,50.0,59.50202548428488,0.10654649980772801,5,187
scale-free,200,4,33,26.0,20.0,9.0,9.0,130.0,20.0,18.0,59.50202548428488,0.10654649980772801,5,187
scale-free,200,4,34,89.0,50.0,22.0,22.0,26.0,50.0,50.0,59.50202548428488,0.10654649980772801,5,187
scale-free,200,4,35,89.0,50.0,22.0,22.0,26.0,50.0,50.0,59.50202548428488,0.10654649980772801,5,187
scale-free,200,4,36,89.0,50.0,22.0,22.0,26.0,50.0,50.0,59.50202548428488,0.10654649980772801,5,187
scale-free,200,4,37,16.0,21.0,16.0,16.0,130.0,21.0,22.0,59.50202548428488,0.10654649980772801,5,187
scale-free,200,4,38,16.0,50.0,22.0,22.0,6.0,50.0,50.0,59.50202548428488,0.10654649980772801,5,187
scale-free,200,4,39,37.0,50.0,22.0,22.0,26.0,50.0,50.0,59.50202548428488,0.10654649980772801,5,187
scale-free,200,4,40,44.0,50.0,22.0,22.0,26.0,50.0,50.0,59.50202548428488,0.10654649980772801,5,187
scale-free,200,4,41,58.0,50.0,22.0,22.0,26.0,50.0,50.0,59.50202548428488,0.10654649980772801,5,187
scale-free,200,4,42,26.0,31.0,12.0,12.0,26.0,31.0,26.0,59.50202548428488,0.10654649980772801,5,187
scale-free,200,4,43,44.0,50.0,22.0,22.0,26.0,50.0,50.0,59.50202548428488,0.10654649980772801,5,187
scale-free,200,4,44,89.0,50.0,22.0,22.0,26.0,50.0,50.0,59.50202548428488,0.10654649980772801,5,187
scale-free,200,4,45,44.0,50.0,22.0,22.0,6.0,50.0,50.0,59.50202548428488,0.10654649980772801,5,187
scale-free,200,4,46,44.0,50.0,22.0,22.0,6.0,50.0,50.0,59.50202548428488,0.10654649980772801,5,187
scale-free,200,4,47,44.0,50.0,22.0,22.0,26.0,50.0,50.0,59.50202548428488,0.10654649980772801,5,187
scale-free,200,4,48,44.0,33.0,19.0,19.0,26.0,33.0,37.0,59.50202548428488,0.10654649980772801,5,187
scale-free,200,4,49,44.0,50.0,22.0,22.0,26.0,50.0,50.0,59.50202548428488,0.10654649980772801,5,187
scale-free,200,4,50,89.0,50.0,22.0,22.0,26.0,50.0,50.0,59.50202548428488,0.10654649980772801,5,187
scale-free,200,4,51,58.0,24.0,22.0,22.0,130.0,24.0,30.0,59.50202548428488,0.10654649980772801,5,187
scale-free,200,4,52,89.0,50.0,22.0,22.0,146.0,50.0,50.0,59.50202548428488,0.10654649980772801,5,187
scale-free,200,4,53,26.0,25.0,22.0,22.0,177.0,25.0,27.0,59.50202548428488,0.10654649980772801,5,187
scale-free,200,4,54,23.0,29.0,14.0,14.0,26.0,29.0,25.0,59.50202548428488,0.10654649980772801,5,187
scale-free,200,4,55,89.0,50.0,22.0,22.0,26.0,50.0,50.0,59.50202548428488,0.10654649980772801,5,187
scale-free,200,4,56,89.0,50.0,22.0,22.0,146.0,50.0,50.0,59.50202548428488,0.10654649980772801,5,187
scale-free,200,4,57,13.0,7.0,7.0,7.0,130.0,7.0,8.0,59.50202548428488,0.10654649980772801,5,187
scale-free,200,4,58,89.0,50.0,22.0,22.0,26.0,50.0,50.0,59.50202548428488,0.10654649980772801,5,187
scale-free,200,4,59,89.0,50.0,22.0,22.0,26.0,50.0,50.0,59.50202548428488,0.10654649980772801,5,187
scale-free,200,4,60,58.0,50.0,22.0,22.0,26.0,50.0,50.0,59.50202548428488,0.10654649980772801,5,187
scale-free,200,4,61,58.0,50.0,22.0,22.0,144.0,50.0,50.0,59.50202548428488,0.10654649980772801,5,187
scale-free,200,4,62,58.0,50.0,22.0,22.0,26.0,50.0,50.0,59.50202548428488,0.10654649980772801,5,187
scale-free,200,4,63,89.0,50.0,22.0,22.0,26.0,50.0,50.0,59.50202548428488,0.10654649980772801,5,187
scale-free,200,4,64,89.0,50.0,22.0,22.0,146.0,50.0,50.0,59.50202548428488,0.10654649980772801,5,187
scale-free,200,4,65,44.0,26.0,22.0,22.0,177.0,26.0,17.0,59.50202548428488,0.10654649980772801,5,187
scale-free,200,4,66,89.0,50.0,22.0,22.0,146.0,50.0,50.0,59.50202548428488,0.10654649980772801,5,187
scale-free,200,4,67,58.0,50.0,22.0,22.0,26.0,50.0,50.0,59.50202548428488,0.10654649980772801,5,187
scale-free,200,4,68,23.0,40.0,18.0,18.0,26.0,40.0,38.0,59.50202548428488,0.10654649980772801,5,187
scale-free,200,4,69,58.0,50.0,22.0,22.0,26.0,50.0,50.0,59.50202548428488,0.10654649980772801,5,187
scale-free,200,4,70,89.0,50.0,22.0,22.0,26.0,50.0,50.0,59.50202548428488,0.10654649980772801,5,187
scale-free,200,4,71,44.0,50.0,22.0,22.0,6.0,50.0,50.0,59.50202548428488,0.10654649980772801,5,187
scale-free,200,4,72,44.0,50.0,22.0,22.0,26.0,50.0,50.0,59.50202548428488,0.10654649980772801,5,187
scale-free,200,4,73,58.0,35.0,22.0,22.0,177.0,35.0,41.0,59.50202548428488,0.10654649980772801,5,187
scale-free,200,4,74,44.0,50.0,22.0,22.0,26.0,50.0,50.0,59.50202548428488,0.10654649980772801,5,187
scale-free,200,4,75,89.0,50.0,22.0,22.0,26.0,50.0,50.0,59.50202548428488,0.10654649980772801,5,187
scale-free,200,4,76,89.0,50.0,22.0,22.0,146.0,50.0,50.0,59.50202548428488,0.10654649980772801,5,187
scale-free,200,4,77,26.0,10.0,22.0,22.0,177.0,12.0,5.0,59.50202548428488,0.10654649980772801,5,187
scale-free,200,4,78,89.0,50.0,22.0,22.0,146.0,50.0,50.0,59.50202548428488,0.10654649980772801,5,187
scale-free,200,4,79,58.0,50.0,22.0,22.0,26.0,50.0,50.0,59.50202548428488,0.10654649980772801,5,187
scale-free,200,4,80,89.0,50.0,22.0,22.0,26.0,50.0,50.0,59.50202548428488,0.10654649980772801,5,187
scale-free,200,4,81,89.0,50.0,22.0,22.0,26.0,50.0,50.0,59.50202548428488,0.10654649980772801,5,187
scale-free,200,4,82,89.0,50.0,22.0,22.0,26.0,50.0,50.0,59.50202548428488,0.10654649980772801,5,187
scale-free,200,4,83,89.0,50.0,22.0,22.0,146.0,50.0,50.0,59.50202548428488,0.10654649980772801,5,187
scale-free,200,4,84,89.0,50.0,22.0,22.0,26.0,50.0,50.0,59.50202548428488,0.10654649980772801,5,187
scale-free,200,4,85,58.0,50.0,22.0,22.0,26.0,50.0,50.0,59.50202548428488,0.10654649980772801,5,187
scale-free,200,4,86,89.0,50.0,22.0,22.0,146.0,50.0,50.0,59.50202548428488,0.10654649980772801,5,187
scale-free,200,4,87,58.0,50.0,22.0,22.0,26.0,50.0,50.0,59.50202548428488,0.10654649980772801,5,187
scale-free,200,4,88,89.0,50.0,22.0,22.0,26.0,50.0,50.0,59.50202548428488,0.10654649980772801,5,187
scale-free,200,4,89,89.0,50.0,22.0,22.0,146.0,50.0,50.0,59.50202548428488,0.10654649980772801,5,187
scale-free,200,4,90,20.0,40.0,17.0,17.0,6.0,40.0,32.0,59.50202548428488,0.10654649980772801,5,187
scale-free,200,4,91,58.0,50.0,22.0,22.0,6.0,50.0,50.0,59.50202548428488,0.10654649980772801,5,187
scale-free,200,4,92,89.0,50.0,22.0,22.0,26.0,50.0,50.0,59.50202548428488,0.10654649980772801,5,187
scale-free,200,4,93,89.0,50.0,22.0,22.0,146.0,50.0,50.0,59.50202548428488,0.10654649980772801,5,187
scale-free,200,4,94,58.0,40.0,22.0,22.0,26.0,40.0,47.0,59.50202548428488,0.10654649980772801,5,187
scale-free,200,4,95,89.0,50.0,22.0,22.0,146.0,50.0,50.0,59.50202548428488,0.10654649980772801,5,187
scale-free,200,4,96,89.0,50.0,22.0,22.0,26.0,50.0,50.0,59.50202548428488,0.10654649980772801,5,187
scale-free,200,4,97,89.0,50.0,22.0,22.0,146.0,50.0,50.0,59.50202548428488,0.10654649980772801,5,187
scale-free,200,4,98,37.0,31.0,20.0,20.0,146.0,31.0,36.0,59.50202548428488,0.10654649980772801,5,187
scale-free,200,4,99,58.0,50.0,22.0,22.0,26.0,50.0,50.0,59.50202548428488,0.10654649980772801,5,187
scale-free,200,4,100,37.0,50.0,22.0,22.0,6.0,50.0,50.0,59.50202548428488,0.10654649980772801,5,187
scale-free,200,4,101,89.0,50.0,22.0,22.0,26.0,50.0,50.0,59.50202548428488,0.10654649980772801,5,187
scale-free,200,4,102,89.0,40.0,22.0,22.0,177.0,40.0,43.0,59.50202548428488,0.10654649980772801,5,187
scale-free,200,4,103,44.0,50.0,22.0,22.0,26.0,50.0,50.0,59.50202548428488,0.10654649980772801,5,187
scale-free,200,4,104,89.0,50.0,22.0,22.0,146.0,50.0,50.0,59.50202548428488,0.10654649980772801,5,187
scale-free,200,4,105,58.0,50.0,22.0,22.0,6.0,50.0,50.0,59.50202548428488,0.10654649980772801,5,187
scale-free,200,4,106,89.0,50.0,22.0,22.0,26.0,50.0,50.0,59.50202548428488,0.10654649980772801,5,187
scale-free,200,4,107,89.0,50.0,22.0,22.0,26.0,50.0,50.0,59.50202548428488,0.10654649980772801,5,187
scale-free,200,4,108,89.0,50.0,22.0,22.0,26.0,50.0,50.0,59.50202548428488,0.10654649980772801,5,187
scale-free,200,4,109,89.0,50.0,22.0,22.0,26.0,50.0,50.0,59.50202548428488,0.10654649980772801,5,187
scale-free,200,4,110,89.0,50.0,22.0,22.0,26.0,50.0,50.0,59.50202548428488,0.10654649980772801,5,187
scale-free,200,4,111,89.0,50.0,22.0,22.0,26.0,50.0,50.0,59.50202548428488,0.10654649980772801,5,187
scale-free,200,4,112,89.0,50.0,22.0,22.0,26.0,50.0,50.0,59.50202548428488,0.10654649980772801,5,187
scale-free,200,4,113,58.0,38.0,21.0,21.0,146.0,38.0,48.0,59.50202548428488,0.10654649980772801,5,187
scale-free,200,4,114,58.0,50.0,22.0,22.0,144.0,50.0,50.0,59.50202548428488,0.10654649980772801,5,187
scale-free,200,4,115,89.0,50.0,22.0,22.0,26.0,50.0,50.0,59.50202548428488,0.10654649980772801,5,187
scale-free,200,4,116,89.0,50.0,22.0,22.0,26.0,50.0,50.0,59.50202548428488,0.10654649980772801,5,187
scale-free,200,4,117,89.0,50.0,22.0,22.0,146.0,50.0,50.0,59.50202548428488,0.10654649980772801,5,187
scale-free,200,4,118,58.0,15.0,22.0,22.0,177.0,15.0,15.0,59.50202548428488,0.10654649980772801,5,187
scale-free,200,4,119,89.0,50.0,22.0,22.0,26.0,50.0,50.0,59.50202548428488,0.10654649980772801,5,187
scale-free,200,4,120,89.0,50.0,22.0,22.0,146.0,50.0,50.0,59.50202548428488,0.10654649980772801,5,187
scale-free,200,4,121,89.0,50.0,22.0,22.0,26.0,50.0,50.0,59.50202548428488,0.10654649980772801,5,187
scale-free,200,4,122,58.0,50.0,22.0,22.0,26.0,50.0,50.0,59.50202548428488,0.10654649980772801,5,187
scale-free,200,4,123,89.0,50.0,22.0,22.0,26.0,50.0,50.0,59.50202548428488,0.10654649980772801,5,187
scale-free,200,4,124,89.0,38.0,22.0,22.0,177.0,38.0,48.0,59.50202548428488,0.10654649980772801,5,187
scale-free,200,4,125,89.0,28.0,22.0,22.0,177.0,28.0,40.0,59.50202548428488,0.10654649980772801,5,187
scale-free,200,4,126,58.0,50.0,22.0,22.0,6.0,50.0,50.0,59.50202548428488,0.10654649980772801,5,187
scale-free,200,4,127,58.0,50.0,22.0,22.0,6.0,50.0,50.0,59.50202548428488,0.10654649980772801,5,187
scale-free,200,4,128,89.0,50.0,22.0,22.0,26.0,50.0,50.0,59.50202548428488,0.10654649980772801,5,187
scale-free,200,4,129,89.0,50.0,22.0,22.0,26.0,50.0,50.0,59.50202548428488,0.10654649980772801,5,187
scale-free,200,4,130,89.0,50.0,22.0,22.0,146.0,50.0,50.0,59.50202548428488,0.10654649980772801,5,187
scale-free,200,4,131,23.0,30.0,11.0,11.0,26.0,30.0,23.0,59.50202548428488,0.10654649980772801,5,187
scale-free,200,4,132,89.0,50.0,22.0,22.0,26.0,50.0,50.0,59.50202548428488,0.10654649980772801,5,187
scale-free,200,4,133,26.0,50.0,22.0,22.0,6.0,50.0,50.0,59.50202548428488,0.10654649980772801,5,187
scale-free,200,4,134,37.0,9.0,22.0,22.0,177.0,11.0,13.0,59.50202548428488,0.10654649980772801,5,187
scale-free,200,4,135,89.0,50.0,22.0,22.0,26.0,50.0,50.0,59.50202548428488,0.10654649980772801,5,187
scale-free,200,4,136,89.0,50.0,22.0,22.0,146.0,50.0,50.0,59.50202548428488,0.10654649980772801,5,187
scale-free,200,4,137,89.0,50.0,22.0,22.0,26.0,50.0,50.0,59.50202548428488,0.10654649980772801,5,187
scale-free,200,4,138,58.0,50.0,22.0,22.0,26.0,50.0,50.0,59.50202548428488,0.10654649980772801,5,187
scale-free,200,4,139,89.0,50.0,22.0,22.0,146.0,50.0,50.0,59.50202548428488,0.10654649980772801,5,187
scale-free,200,4,140,89.0,50.0,22.0,22.0,6.0,50.0,50.0,59.50202548428488,0.10654649980772801,5,187
scale-free,200,4,141,44.0,50.0,22.0,22.0,6.0,50.0,50.0,59.50202548428488,0.10654649980772801,5,187
scale-free,200,4,142,89.0,23.0,22.0,22.0,177.0,23.0,30.0,59.50202548428488,0.10654649980772801,5,187
scale-free,200,4,143,89.0,50.0,22.0,22.0,26.0,50.0,50.0,59.50202548428488,0.10654649980772801,5,187
scale-free,200,4,144,89.0,50.0,22.0,22.0,26.0,50.0,50.0,59.50202548428488,0.10654649980772801,5,187
scale-free,200,4,145,89.0,50.0,22.0,22.0,146.0,50.0,50.0,59.50202548428488,0.10654649980772801,5,187
scale-free,200,4,146,58.0,27.0,22.0,22.0,177.0,27.0,28.0,59.50202548428488,0.10654649980772801,5,187
scale-free,200,4,147,89.0,50.0,22.0,22.0,26.0,50.0,50.0,59.50202548428488,0.10654649980772801,5,187
scale-free,200,4,148,89.0,50.0,22.0,22.0,26.0,50.0,50.0,59.50202548428488,0.10654649980772801,5,187
scale-free,200,4,149,89.0,50.0,22.0,22.0,146.0,50.0,50.0,59.50202548428488,0.10654649980772801,5,187
scale-free,200,4,150,89.0,50.0,22.0,22.0,146.0,50.0,50.0,59.50202548428488,0.10654649980772801,5,187
scale-free,200,4,151,89.0,50.0,22.0,22.0,26.0,50.0,50.0,59.50202548428488,0.10654649980772801,5,187
scale-free,200,4,152,89.0,50.0,22.0,22.0,26.0,50.0,50.0,59.50202548428488,0.10654649980772801,5,187
scale-free,200,4,153,89.0,50.0,22.0,22.0,26.0,50.0,50.0,59.50202548428488,0.10654649980772801,5,187
scale-free,200,4,154,89.0,50.0,22.0,22.0,26.0,50.0,50.0,59.50202548428488,0.10654649980772801,5,187
scale-free,200,4,155,89.0,50.0,22.0,22.0,26.0,50.0,50.0,59.50202548428488,0.10654649980772801,5,187
scale-free,200,4,156,89.0,50.0,22.0,22.0,26.0,50.0,50.0,59.50202548428488,0.10654649980772801,5,187
scale-free,200,4,157,89.0,50.0,22.0,22.0,146.0,50.0,50.0,59.50202548428488,0.10654649980772801,5,187
scale-free,200,4,158,89.0,50.0,22.0,22.0,146.0,50.0,50.0,59.50202548428488,0.10654649980772801,5,187
scale-free,200,4,159,89.0,50.0,22.0,22.0,26.0,50.0,50.0,59.50202548428488,0.10654649980772801,5,187
scale-free,200,4,160,89.0,40.0,22.0,22.0,177.0,40.0,42.0,59.50202548428488,0.10654649980772801,5,187
scale-free,200,4,161,89.0,50.0,22.0,22.0,26.0,50.0,50.0,59.50202548428488,0.10654649980772801,5,187
scale-free,200,4,162,89.0,50.0,22.0,22.0,26.0,50.0,50.0,59.50202548428488,0.10654649980772801,5,187
scale-free,200,4,163,89.0,50.0,22.0,22.0,146.0,50.0,50.0,59.50202548428488,0.10654649980772801,5,187
scale-free,200,4,164,58.0,35.0,22.0,22.0,177.0,35.0,34.0,59.50202548428488,0.10654649980772801,5,187
scale-free,200,4,165,89.0,50.0,22.0,22.0,26.0,50.0,50.0,59.50202548428488,0.10654649980772801,5,187
scale-free,200,4,166,89.0,50.0,22.0,22.0,26.0,50.0,50.0,59.50202548428488,0.10654649980772801,5,187
scale-free,200,4,167,89.0,50.0,22.0,22.0,6.0,50.0,50.0,59.50202548428488,0.10654649980772801,5,187
scale-free,200,4,168,89.0,50.0,22.0,22.0,26.0,50.0,50.0,59.50202548428488,0.10654649980772801,5,187
scale-free,200,4,169,89.0,50.0,22.0,22.0,26.0,50.0,50.0,59.50202548428488,0.10654649980772801,5,187
scale-free,200,4,170,89.0,50.0,22.0,22.0,26.0,50.0,50.0,59.50202548428488,0.10654649980772801,5,187
scale-free,200,4,171,89.0,50.0,22.0,22.0,146.0,50.0,50.0,59.50202548428488,0.10654649980772801,5,187
scale-free,200,4,172,58.0,50.0,22.0,22.0,26.0,50.0,50.0,59.50202548428488,0.10654649980772801,5,187
scale-free,200,4,173,89.0,40.0,22.0,22.0,177.0,40.0,43.0,59.50202548428488,0.10654649980772801,5,187
scale-free,200,4,174,89.0,50.0,22.0,22.0,5.0,50.0,50.0,59.50202548428488,0.10654649980772801,5,187
scale-free,200,4,175,89.0,50.0,22.0,22.0,1.0,50.0,50.0,59.50202548428488,0.10654649980772801,5,187
scale-free,200,4,176,89.0,50.0,22.0,22.0,26.0,50.0,50.0,59.50202548428488,0.10654649980772801,5,187
scale-free,200,4,177,89.0,40.0,22.0,22.0,177.0,40.0,43.0,59.50202548428488,0.10654649980772801,5,187
scale-free,200,4,178,89.0,40.0,22.0,22.0,177.0,40.0,38.0,59.50202548428488,0.10654649980772801,5,187
scale-free,200,4,179,89.0,50.0,22.0,22.0,26.0,50.0,50.0,59.50202548428488,0.10654649980772801,5,187
scale-free,200,4,180,89.0,50.0,22.0,22.0,26.0,50.0,50.0,59.50202548428488,0.10654649980772801,5,187
scale-free,200,4,181,58.0,33.0,22.0,22.0,177.0,33.0,29.0,59.50202548428488,0.10654649980772801,5,187
scale-free,200,4,182,89.0,50.0,22.0,22.0,6.0,50.0,50.0,59.50202548428488,0.10654649980772801,5,187
scale-free,200,4,183,89.0,50.0,22.0,22.0,146.0,50.0,50.0,59.50202548428488,0.10654649980772801,5,187
scale-free,200,4,184,89.0,50.0,22.0,22.0,26.0,50.0,50.0,59.50202548428488,0.10654649980772801,5,187
scale-free,200,4,185,89.0,50.0,22.0,22.0,26.0,50.0,50.0,59.50202548428488,0.10654649980772801,5,187
scale-free,200,4,186,89.0,50.0,22.0,22.0,146.0,50.0,50.0,59.50202548428488,0.10654649980772801,5,187
scale-free,200,4,187,89.0,50.0,22.0,22.0,26.0,50.0,50.0,59.50202548428488,0.10654649980772801,5,187
scale-free,200,4,188,89.0,50.0,22.0,22.0,26.0,50.0,50.0,59.50202548428488,0.10654649980772801,5,187
scale-free,200,4,189,89.0,50.0,22.0,22.0,26.0,50.0,50.0,59.50202548428488,0.10654649980772801,5,187
scale-free,200,4,190,89.0,50.0,22.0,22.0,26.0,50.0,50.0,59.50202548428488,0.10654649980772801,5,187
scale-free,200,4,191,89.0,50.0,22.0,22.0,26.0,50.0,50.0,59.50202548428488,0.10654649980772801,5,187
scale-free,200,4,192,89.0,50.0,22.0,22.0,26.0,50.0,50.0,59.50202548428488,0.10654649980772801,5,187
scale-free,200,4,193,58.0,35.0,22.0,22.0,177.0,35.0,35.0,59.50202548428488,0.10654649980772801,5,187
scale-free,200,4,194,89.0,50.0,22.0,22.0,26.0,50.0,50.0,59.50202548428488,0.10654649980772801,5,187
scale-free,200,4,195,89.0,50.0,22.0,22.0,26.0,50.0,50.0,59.50202548428488,0.10654649980772801,5,187
scale-free,200,4,196,89.0,50.0,22.0,22.0,146.0,50.0,50.0,59.50202548428488,0.10654649980772801,5,187
scale-free,200,4,197,89.0,50.0,22.0,22.0,146.0,50.0,50.0,59.50202548428488,0.10654649980772801,5,187
scale-free,200,4,198,89.0,50.0,22.0,22.0,6.0,50.0,50.0,59.50202548428488,0.10654649980772801,5,187
scale-free,200,4,199,89.0,50.0,22.0,22.0,26.0,50.0,50.0,59.50202548428488,0.10654649980772801,5,187
