scale-free,200,39,0,1.0,1.0,1.0,1.0,158.0,1.0,1.0,50.96894050802139,0.13546859754198515,5,191
scale-free,200,39,1,2.0,2.0,2.0,2.0,158.0,2.0,3.0,50.96894050802139,0.13546859754198515,5,191
scale-free,200,39,2,3.0,3.0,3.0,3.0,158.0,3.0,2.0,50.96894050802139,0.13546859754198515,5,191
scale-free,200,39,3,4.0,28.0,12.0,12.0,34.0,28.0,24.0,50.96894050802139,0.13546859754198515,5,191
scale-free,200,39,4,22.0,41.0,21.0,21.0,34.0,41.0,41.0,50.96894050802139,0.13546859754198515,5,191
scale-free,200,39,5,37.0,41.0,21.0,21.0,34.0,41.0,41.0,50.96894050802139,0.13546859754198515,5,191
scale-free,200,39,6,11.0,41.0,21.0,21.0,10.0,41.0,41.0,50.96894050802139,0.13546859754198515,5,191
scale-free,200,39,7,90.0,41.0,21.0,21.0,34.0,41.0,41.0,50.96894050802139,0.13546859754198515,5,191
scale-free,200,39,8,22.0,28.0,12.0,12.0,34.0,28.0,24.0,50.96894050802139,0.13546859754198515,5,191
scale-free,200,39,9,11.0,41.0,21.0,21.0,5.0,41.0,41.0,50.96894050802139,0.13546859754198515,5,191
scale-free,200,39,10,5.0,41.0,21.0,21.0,1.0,41.0,41.0,50.96894050802139,0.13546859754198515,5,191
scale-free,200,39,11,37.0,41.0,21.0,21.0,10.0,41.0,41.0,50.96894050802139,0.13546859754198515,5,191
scale-free,200,39,12,90.0,41.0,21.0,21.0,34.0,41.0,41.0,50.96894050802139,0.13546859754198515,5,191
scale-free,200,39,13,22.0,41.0,21.0,21.0,34.0,41.0,41.0,50.96894050802139,0.13546859754198515,5,191
scale-free,200,39,14,90.0,41.0,21.0,21.0,34.0,41.0,41.0,50.96894050802139,0.13546859754198515,5,191
scale-free,200,39,15,37.0,41.0,21.0,21.0,10.0,41.0,41.0,50.96894050802139,0.13546859754198515,5,191
scale-free,200,39,16,16.0,10.0,17.0,17.0,158.0,10.0,12.0,50.96894050802139,0.13546859754198515,5,191
scale-free,200,39,17,7.0,7.0,7.0,7.0,158.0,6.0,4.0,50.96894050802139,0.13546859754198515,5,191
scale-free,200,39,18,37.0,41.0,21.0,21.0,34.0,41.0,41.0,50.96894050802139,0.13546859754198515,5,191
scale-free,200,39,19,90.0,41.0,21.0,21.0,34.0,41.0,41.0,50.96894050802139,0.13546859754198515,5,191
scale-free,200,39,20,29.0,41.0,21.0,21.0,34.0,41.0,41.0,50.96894050802139,0.13546859754198515,5,191
scale-free,200,39,21,16.0,11.0,18.0,18.0,158.0,11.0,13.0,50.96894050802139,0.13546859754198515,5,191
scale-free,200,39,22,9.0,13.0,4.0,4.0,158.0,13.0,6.0,50.96894050802139,0.13546859754198515,5,191
scale-free,200,39,23,11.0,12.0,6.0,6.0,158.0,12.0,13.0,50.96894050802139,0.13546859754198515,5,191
scale-free,200,39,24,10.0,14.0,10.0,10.0,158.0,14.0,15.0,50.96894050802139,0.13546859754198515,5,191
scale-free,200,39,25,53.0,41.0,21.0,21.0,34.0,41.0,41.0,50.96894050802139,0.13546859754198515,5,191
scale-free,200,39,26,29.0,41.0,21.0,21.0,10.0,41.0,41.0,50.96894050802139,0.13546859754198515,5,191
scale-free,200,39,27,16.0,9.0,5.0,5.0,158.0,8.0,10.0,50.96894050802139,0.13546859754198515,5,191
scale-free,200,39,28,11.0,5.0,21.0,21.0,184.0,5.0,8.0,50.96894050802139,0.13546859754198515,5,191
scale-free,200,39,29,53.0,41.0,21.0,21.0,10.0,41.0,41.0,50.96894050802139,0.13546859754198515,5,191
scale-free,200,39,30,53.0,41.0,21.0,21.0,10.0,41.0,41.0,50.96894050802139,0.13546859754198515,5,191
scale-free,200,39,31,29.0,21.0,11.0,11.0,34.0,19.0,23.0,50.96894050802139,0.13546859754198515,5,191
scale-free,200,39,32,22.0,19.0,8.0,8.0,10.0,19.0,17.0,50.96894050802139,0.13546859754198515,5,191
scale-free,200,39,33,6.0,16.0,21.0,21.0,184.0,16.0,9.0,50.96894050802139,0.13546859754198515,5,191
scale-free,200,39,34,90.0,41.0,21.0,21.0,34.0,41.0,41.0,50.96894050802139,0.13546859754198515,5,191
scale-free,200,39,35,22.0,41.0,21.0,21.0,34.0,41.0,41.0,50.96894050802139,0.13546859754198515,5,191
scale-free,200,39,36,29.0,41.0,21.0,21.0,10.0,41.0,41.0,50.96894050802139,0.13546859754198515,5,191
scale-free,200,39,37,53.0,28.0,20.0,20.0,34.0,28.0,38.0,50.96894050802139,0.13546859754198515,5,191
scale-free,200,39,38,53.0,41.0,21.0,21.0,34.0,41.0,41.0,50.96894050802139,0.13546859754198515,5,191
scale-free,200,39,39,37.0,41.0,21.0,21.0,34.0,41.0,41.0,50.96894050802139,0.13546859754198515,5,191
scale-free,200,39,40,22.0,4.0,21.0,21.0,184.0,4.0,5.0,50.96894050802139,0.13546859754198515,5,191
scale-free,200,39,41,37.0,41.0,21.0,21.0,10.0,41.0,41.0,50.96894050802139,0.13546859754198515,5,191
scale-free,200,39,42,53.0,41.0,21.0,21.0,34.0,41.0,41.0,50.96894050802139,0.13546859754198515,5,191
scale-free,200,39,43,90.0,41.0,21.0,21.0,34.0,41.0,41.0,50.96894050802139,0.13546859754198515,5,191
scale-free,200,39,44,37.0,41.0,21.0,21.0,10.0,41.0,41.0,50.96894050802139,0.13546859754198515,5,191
scale-free,200,39,45,37.0,28.0,19.0,19.0,10.0,28.0,34.0,50.96894050802139,0.13546859754198515,5,191
scale-free,200,39,46,90.0,41.0,21.0,21.0,34.0,41.0,41.0,50.96894050802139,0.13546859754198515,5,191
scale-free,200,39,47,90.0,41.0,21.0,21.0,34.0,41.0,41.0,50.96894050802139,0.13546859754198515,5,191
scale-free,200,39,48,90.0,41.0,21.0,21.0,34.0,41.0,41.0,50.96894050802139,0.13546859754198515,5,191
scale-free,200,39,49,90.0,41.0,21.0,21.0,34.0,41.0,41.0,50.96894050802139,0.13546859754198515,5,191
scale-free,200,39,50,11.0,41.0,21.0,21.0,10.0,41.0,41.0,50.96894050802139,0.13546859754198515,5,191
scale-free,200,39,51,90.0,41.0,21.0,21.0,34.0,41.0,41.0,50.96894050802139,0.13546859754198515,5,191
scale-free,200,39,52,90.0,41.0,21.0,21.0,34.0,41.0,41.0,50.96894050802139,0.13546859754198515,5,191
scale-free,200,39,53,22.0,22.0,12.0,12.0,34.0,22.0,22.0,50.96894050802139,0.13546859754198515,5,191
scale-free,200,39,54,37.0,41.0,21.0,21.0,34.0,41.0,41.0,50.96894050802139,0.13546859754198515,5,191
scale-free,200,39,55,53.0,41.0,21.0,21.0,34.0,41.0,41.0,50.96894050802139,0.13546859754198515,5,191
scale-free,200,39,56,53.0,27.0,21.0,21.0,34.0,27.0,30.0,50.96894050802139,0.13546859754198515,5,191
scale-free,200,39,57,8.0,41.0,21.0,21.0,2.0,41.0,41.0,50.96894050802139,0.13546859754198515,5,191
scale-free,200,39,58,53.0,41.0,21.0,21.0,34.0,41.0,41.0,50.96894050802139,0.13546859754198515,5,191
scale-free,200,39,59,16.0,17.0,21.0,21.0,184.0,17.0,16.0,50.96894050802139,0.13546859754198515,5,191
scale-free,200,39,60,90.0,41.0,21.0,21.0,34.0,41.0,41.0,50.96894050802139,0.13546859754198515,5,191
scale-free,200,39,61,16.0,22.0,9.0,9.0,10.0,22.0,20.0,50.96894050802139,0.13546859754198515,5,191
scale-free,200,39,62,90.0,41.0,21.0,21.0,169.0,41.0,41.0,50.96894050802139,0.13546859754198515,5,191
scale-free,200,39,63,90.0,41.0,21.0,21.0,34.0,41.0,41.0,50.96894050802139,0.13546859754198515,5,191
scale-free,200,39,64,53.0,28.0,12.0,12.0,34.0,28.0,24.0,50.96894050802139,0.13546859754198515,5,191
scale-free,200,39,65,37.0,28.0,21.0,21.0,34.0,28.0,38.0,50.96894050802139,0.13546859754198515,5,191
scale-free,200,39,66,53.0,22.0,21.0,21.0,184.0,22.0,28.0,50.96894050802139,0.13546859754198515,5,191
scale-free,200,39,67,90.0,41.0,21.0,21.0,34.0,41.0,41.0,50.96894050802139,0.13546859754198515,5,191
scale-free,200,39,68,29.0,8.0,21.0,21.0,184.0,9.0,11.0,50.96894050802139,0.13546859754198515,5,191
scale-free,200,39,69,90.0,41.0,21.0,21.0,34.0,41.0,41.0,50.96894050802139,0.13546859754198515,5,191
scale-free,200,39,70,90.0,41.0,21.0,21.0,34.0,41.0,41.0,50.96894050802139,0.13546859754198515,5,191
scale-free,200,39,71,53.0,41.0,21.0,21.0,34.0,41.0,41.0,50.96894050802139,0.13546859754198515,5,191
scale-free,200,39,72,90.0,41.0,21.0,21.0,34.0,41.0,41.0,50.96894050802139,0.13546859754198515,5,191
scale-free,200,39,73,90.0,41.0,21.0,21.0,34.0,41.0,41.0,50.96894050802139,0.13546859754198515,5,191
scale-free,200,39,74,90.0,41.0,21.0,21.0,34.0,41.0,41.0,50.96894050802139,0.13546859754198515,5,191
scale-free,200,39,75,53.0,41.0,21.0,21.0,34.0,41.0,41.0,50.96894050802139,0.13546859754198515,5,191
scale-free,200,39,76,53.0,41.0,21.0,21.0,34.0,41.0,41.0,50.96894050802139,0.13546859754198515,5,191
scale-free,200,39,77,90.0,41.0,21.0,21.0,34.0,41.0,41.0,50.96894050802139,0.13546859754198515,5,191
scale-free,200,39,78,53.0,41.0,21.0,21.0,34.0,41.0,41.0,50.96894050802139,0.13546859754198515,5,191
scale-free,200,39,79,29.0,18.0,21.0,21.0,184.0,18.0,18.0,50.96894050802139,0.13546859754198515,5,191
scale-free,200,39,80,90.0,41.0,21.0,21.0,5.0,41.0,41.0,50.96894050802139,0.13546859754198515,5,191
scale-free,200,39,81,90.0,41.0,21.0,21.0,34.0,41.0,41.0,50.96894050802139,0.13546859754198515,5,191
scale-free,200,39,82,37.0,41.0,21.0,21.0,10.0,41.0,41.0,50.96894050802139,0.13546859754198515,5,191
scale-free,200,39,83,53.0,41.0,21.0,21.0,2.0,41.0,41.0,50.96894050802139,0.13546859754198515,5,191
scale-free,200,39,84,90.0,41.0,21.0,21.0,169.0,41.0,41.0,50.96894050802139,0.13546859754198515,5,191
scale-free,200,39,85,90.0,41.0,21.0,21.0,34.0,41.0,41.0,50.96894050802139,0.13546859754198515,5,191
scale-free,200,39,86,90.0,41.0,21.0,21.0,34.0,41.0,41.0,50.96894050802139,0.13546859754198515,5,191
scale-free,200,39,87,29.0,41.0,21.0,21.0,2.0,41.0,41.0,50.96894050802139,0.13546859754198515,5,191
scale-free,200,39,88,37.0,41.0,21.0,21.0,34.0,41.0,41.0,50.96894050802139,0.13546859754198515,5,191
scale-free,200,39,89,90.0,41.0,21.0,21.0,169.0,41.0,41.0,50.96894050802139,0.13546859754198515,5,191
scale-free,200,39,90,90.0,41.0,21.0,21.0,34.0,41.0,41.0,50.96894050802139,0.13546859754198515,5,191
scale-free,200,39,91,90.0,41.0,21.0,21.0,169.0,41.0,41.0,50.96894050802139,0.13546859754198515,5,191
scale-free,200,39,92,53.0,41.0,21.0,21.0,34.0,41.0,41.0,50.96894050802139,0.13546859754198515,5,191
scale-free,200,39,93,90.0,41.0,21.0,21.0,34.0,41.0,41.0,50.96894050802139,0.13546859754198515,5,191
scale-free,200,39,94,29.0,41.0,21.0,21.0,34.0,41.0,41.0,50.96894050802139,0.13546859754198515,5,191
scale-free,200,39,95,90.0,41.0,21.0,21.0,34.0,41.0,41.0,50.96894050802139,0.13546859754198515,5,191
scale-free,200,39,96,90.0,41.0,21.0,21.0,34.0,41.0,41.0,50.96894050802139,0.13546859754198515,5,191
scale-free,200,39,97,90.0,41.0,21.0,21.0,34.0,41.0,41.0,50.96894050802139,0.13546859754198515,5,191
scale-free,200,39,98,53.0,41.0,21.0,21.0,10.0,41.0,41.0,50.96894050802139,0.13546859754198515,5,191
scale-free,200,39,99,16.0,6.0,21.0,21.0,184.0,7.0,7.0,50.96894050802139,0.13546859754198515,5,191
scale-free,200,39,100,90.0,41.0,21.0,21.0,5.0,41.0,41.0,50.96894050802139,0.13546859754198515,5,191
scale-free,200,39,101,90.0,41.0,21.0,21.0,34.0,41.0,41.0,50.96894050802139,0.13546859754198515,5,191
scale-free,200,39,102,90.0,41.0,21.0,21.0,10.0,41.0,41.0,50.96894050802139,0.13546859754198515,5,191
scale-free,200,39,103,90.0,41.0,21.0,21.0,34.0,41.0,41.0,50.96894050802139,0.13546859754198515,5,191
scale-free,200,39,104,90.0,41.0,21.0,21.0,34.0,41.0,41.0,50.96894050802139,0.13546859754198515,5,191
scale-free,200,39,105,90.0,41.0,21.0,21.0,10.0,41.0,41.0,50.96894050802139,0.13546859754198515,5,191
scale-free,200,39,106,53.0,41.0,21.0,21.0,10.0,41.0,41.0,50.96894050802139,0.13546859754198515,5,191
scale-free,200,39,107,37.0,41.0,21.0,21.0,34.0,41.0,41.0,50.96894050802139,0.13546859754198515,5,191
scale-free,200,39,108,90.0,41.0,21.0,21.0,34.0,41.0,41.0,50.96894050802139,0.13546859754198515,5,191
scale-free,200,39,109,53.0,28.0,21.0,21.0,34.0,28.0,38.0,50.96894050802139,0.13546859754198515,5,191
scale-free,200,39,110,90.0,41.0,21.0,21.0,34.0,41.0,41.0,50.96894050802139,0.13546859754198515,5,191
scale-free,200,39,111,53.0,41.0,21.0,21.0,168.0,41.0,41.0,50.96894050802139,0.13546859754198515,5,191
scale-free,200,39,112,37.0,19.0,21.0,21.0,184.0,19.0,29.0,50.96894050802139,0.13546859754198515,5,191
scale-free,200,39,113,90.0,41.0,21.0,21.0,34.0,41.0,41.0,50.96894050802139,0.13546859754198515,5,191
scale-free,200,39,114,90.0,41.0,21.0,21.0,34.0,41.0,41.0,50.96894050802139,0.13546859754198515,5,191
scale-free,200,39,115,90.0,41.0,21.0,21.0,34.0,41.0,41.0,50.96894050802139,0.13546859754198515,5,191
scale-free,200,39,116,90.0,41.0,21.0,21.0,34.0,41.0,41.0,50.96894050802139,0.13546859754198515,5,191
scale-free,200,39,117,53.0,41.0,21.0,21.0,10.0,41.0,41.0,50.96894050802139,0.13546859754198515,5,191
scale-free,200,39,118,90.0,41.0,21.0,21.0,34.0,41.0,41.0,50.96894050802139,0.13546859754198515,5,191
scale-free,200,39,119,90.0,41.0,21.0,21.0,5.0,41.0,41.0,50.96894050802139,0.13546859754198515,5,191
scale-free,200,39,120,90.0,41.0,21.0,21.0,5.0,41.0,41.0,50.96894050802139,0.13546859754198515,5,191
scale-free,200,39,121,53.0,41.0,21.0,21.0,34.0,41.0,41.0,50.96894050802139,0.13546859754198515,5,191
scale-free,200,39,122,90.0,41.0,21.0,21.0,34.0,41.0,41.0,50.96894050802139,0.13546859754198515,5,191
scale-free,200,39,123,90.0,41.0,21.0,21.0,34.0,41.0,41.0,50.96894050802139,0.13546859754198515,5,191
scale-free,200,39,124,90.0,41.0,21.0,21.0,34.0,41.0,41.0,50.96894050802139,0.13546859754198515,5,191
scale-free,200,39,125,90.0,41.0,21.0,21.0,34.0,41.0,41.0,50.96894050802139,0.13546859754198515,5,191
scale-free,200,39,126,90.0,41.0,21.0,21.0,34.0,41.0,41.0,50.96894050802139,0.13546859754198515,5,191
scale-free,200,39,127,90.0,28.0,21.0,21.0,184.0,28.0,36.0,50.96894050802139,0.13546859754198515,5,191
scale-free,200,39,128,90.0,41.0,21.0,21.0,34.0,41.0,41.0,50.96894050802139,0.13546859754198515,5,191
scale-free,200,39,129,90.0,41.0,21.0,21.0,34.0,41.0,41.0,50.96894050802139,0.13546859754198515,5,191
scale-free,200,39,130,90.0,41.0,21.0,21.0,34.0,41.0,41.0,50.96894050802139,0.13546859754198515,5,191
scale-free,200,39,131,53.0,41.0,21.0,21.0,34.0,41.0,41.0,50.96894050802139,0.13546859754198515,5,191
scale-free,200,39,132,90.0,41.0,21.0,21.0,169.0,41.0,41.0,50.96894050802139,0.13546859754198515,5,191
scale-free,200,39,133,90.0,41.0,21.0,21.0,34.0,41.0,41.0,50.96894050802139,0.13546859754198515,5,191
scale-free,200,39,134,90.0,41.0,21.0,21.0,34.0,41.0,41.0,50.96894050802139,0.13546859754198515,5,191
scale-free,200,39,135,90.0,41.0,21.0,21.0,34.0,41.0,41.0,50.96894050802139,0.13546859754198515,5,191
scale-free,200,39,136,53.0,41.0,21.0,21.0,10.0,41.0,41.0,50.96894050802139,0.13546859754198515,5,191
scale-free,200,39,137,53.0,41.0,21.0,21.0,34.0,41.0,41.0,50.96894050802139,0.13546859754198515,5,191
scale-free,200,39,138,53.0,41.0,21.0,21.0,34.0,41.0,41.0,50.96894050802139,0.13546859754198515,5,191
scale-free,200,39,139,53.0,22.0,21.0,21.0,184.0,22.0,20.0,50.96894050802139,0.13546859754198515,5,191
scale-free,200,39,140,90.0,41.0,21.0,21.0,169.0,41.0,41.0,50.96894050802139,0.13546859754198515,5,191
scale-free,200,39,141,90.0,28.0,21.0,21.0,184.0,28.0,34.0,50.96894050802139,0.13546859754198515,5,191
scale-free,200,39,142,37.0,41.0,21.0,21.0,34.0,41.0,41.0,50.96894050802139,0.13546859754198515,5,191
scale-free,200,39,143,53.0,28.0,12.0,12.0,34.0,28.0,24.0,50.96894050802139,0.13546859754198515,5,191
scale-free,200,39,144,90.0,41.0,21.0,21.0,34.0,41.0,41.0,50.96894050802139,0.13546859754198515,5,191
scale-free,200,39,145,90.0,41.0,21.0,21.0,34.0,41.0,41.0,50.96894050802139,0.13546859754198515,5,191
scale-free,200,39,146,90.0,41.0,21.0,21.0,34.0,41.0,41.0,50.96894050802139,0.13546859754198515,5,191
scale-free,200,39,147,37.0,41.0,21.0,21.0,34.0,41.0,41.0,50.96894050802139,0.13546859754198515,5,191
scale-free,200,39,148,90.0,28.0,21.0,21.0,184.0,28.0,36.0,50.96894050802139,0.13546859754198515,5,191
scale-free,200,39,149,90.0,41.0,21.0,21.0,34.0,41.0,41.0,50.96894050802139,0.13546859754198515,5,191
scale-free,200,39,150,90.0,41.0,21.0,21.0,34.0,41.0,41.0,50.96894050802139,0.13546859754198515,5,191
scale-free,200,39,151,90.0,41.0,21.0,21.0,34.0,41.0,41.0,50.96894050802139,0.13546859754198515,5,191
scale-free,200,39,152,53.0,41.0,21.0,21.0,34.0,41.0,41.0,50.96894050802139,0.13546859754198515,5,191
scale-free,200,39,153,53.0,41.0,21.0,21.0,34.0,41.0,41.0,50.96894050802139,0.13546859754198515,5,191
scale-free,200,39,154,90.0,41.0,21.0,21.0,10.0,41.0,41.0,50.96894050802139,0.13546859754198515,5,191
scale-free,200,39,155,90.0,41.0,21.0,21.0,169.0,41.0,41.0,50.96894050802139,0.13546859754198515,5,191
scale-free,200,39,156,90.0,41.0,21.0,21.0,34.0,41.0,41.0,50.96894050802139,0.13546859754198515,5,191
scale-free,200,39,157,90.0,41.0,21.0,21.0,34.0,41.0,41.0,50.96894050802139,0.13546859754198515,5,191
scale-free,200,39,158,90.0,15.0,21.0,21.0,184.0,15.0,19.0,50.96894050802139,0.13546859754198515,5,191
scale-free,200,39,159,90.0,41.0,21.0,21.0,34.0,41.0,41.0,50.96894050802139,0.13546859754198515,5,191
scale-free,200,39,160,53.0,41.0,21.0,21.0,34.0,41.0,41.0,50.96894050802139,0.13546859754198515,5,191
scale-free,200,39,161,90.0,41.0,21.0,21.0,34.0,41.0,41.0,50.96894050802139,0.13546859754198515,5,191
scale-free,200,39,162,90.0,41.0,21.0,21.0,34.0,41.0,41.0,50.96894050802139,0.13546859754198515,5,191
scale-free,200,39,163,90.0,41.0,21.0,21.0,34.0,41.0,41.0,50.96894050802139,0.13546859754198515,5,191
scale-free,200,39,164,90.0,28.0,21.0,21.0,184.0,28.0,32.0,50.96894050802139,0.13546859754198515,5,191
scale-free,200,39,165,53.0,22.0,21.0,21.0,184.0,22.0,31.0,50.96894050802139,0.13546859754198515,5,191
scale-free,200,39,166,90.0,41.0,21.0,21.0,34.0,41.0,41.0,50.96894050802139,0.13546859754198515,5,191
scale-free,200,39,167,90.0,41.0,21.0,21.0,34.0,41.0,41.0,50.96894050802139,0.13546859754198515,5,191
scale-free,200,39,168,53.0,41.0,21.0,21.0,34.0,41.0,41.0,50.96894050802139,0.13546859754198515,5,191
scale-free,200,39,169,90.0,28.0,21.0,21.0,184.0,28.0,33.0,50.96894050802139,0.13546859754198515,5,191
scale-free,200,39,170,90.0,41.0,21.0,21.0,10.0,41.0,41.0,50.96894050802139,0.13546859754198515,5,191
scale-free,200,39,171,90.0,41.0,21.0,21.0,34.0,41.0,41.0,50.96894050802139,0.13546859754198515,5,191
scale-free,200,39,172,90.0,41.0,21.0,21.0,169.0,41.0,41.0,50.96894050802139,0.13546859754198515,5,191
scale-free,200,39,173,90.0,41.0,21.0,21.0,34.0,41.0,41.0,50.96894050802139,0.13546859754198515,5,191
scale-free,200,39,174,90.0,41.0,21.0,21.0,169.0,41.0,41.0,50.96894050802139,0.13546859754198515,5,191
scale-free,200,39,175,53.0,41.0,21.0,21.0,10.0,41.0,41.0,50.96894050802139,0.13546859754198515,5,191
scale-free,200,39,176,90.0,41.0,21.0,21.0,169.0,41.0,41.0,50.96894050802139,0.13546859754198515,5,191
scale-free,200,39,177,90.0,41.0,21.0,21.0,34.0,41.0,41.0,50.96894050802139,0.13546859754198515,5,191
scale-free,200,39,178,90.0,41.0,21.0,21.0,34.0,41.0,41.0,50.96894050802139,0.13546859754198515,5,191
scale-free,200,39,179,53.0,41.0,21.0,21.0,34.0,41.0,41.0,50.96894050802139,0.13546859754198515,5,191
scale-free,200,39,180,90.0,41.0,21.0,21.0,34.0,41.0,41.0,50.96894050802139,0.13546859754198515,5,191
scale-free,200,39,181,90.0,41.0,21.0,21.0,34.0,41.0,41.0,50.96894050802139,0.13546859754198515,5,191
scale-free,200,39,182,53.0,41.0,21.0,21.0,34.0,41.0,41.0,50.96894050802139,0.13546859754198515,5,191
scale-free,200,39,183,90.0,41.0,21.0,21.0,10.0,41.0,41.0,50.96894050802139,0.13546859754198515,5,191
scale-free,200,39,184,90.0,41.0,21.0,21.0,169.0,41.0,41.0,50.96894050802139,0.13546859754198515,5,191
scale-free,200,39,185,90.0,41.0,21.0,21.0,34.0,41.0,41.0,50.96894050802139,0.13546859754198515,5,191
scale-free,200,39,186,90.0,41.0,21.0,21.0,34.0,41.0,41.0,50.96894050802139,0.13546859754198515,5,191
scale-free,200,39,187,90.0,41.0,21.0,21.0,34.0,41.0,41.0,50.96894050802139,0.13546859754198515,5,191
scale-free,200,39,188,90.0,41.0,21.0,21.0,34.0,41.0,41.0,50.96894050802139,0.13546859754198515,5,191
scale-free,200,39,189,90.0,41.0,21.0,21.0,34.0,41.0,41.0,50.96894050802139,0.13546859754198515,5,191
scale-free,200,39,190,90.0,41.0,21.0,21.0,34.0,41.0,41.0,50.96894050802139,0.13546859754198515,5,191
scale-free,200,39,191,90.0,41.0,21.0,21.0,169.0,41.0,41.0,50.96894050802139,0.13546859754198515,5,191
scale-free,200,39,192,90.0,41.0,21.0,21.0,34.0,41.0,41.0,50.96894050802139,0.13546859754198515,5,191
scale-free,200,39,193,90.0,41.0,21.0,21.0,34.0,41.0,41.0,50.96894050802139,0.13546859754198515,5,191
scale-free,200,39,194,90.0,41.0,21.0,21.0,34.0,41.0,41.0,50.96894050802139,0.13546859754198515,5,191
scale-free,200,39,195,90.0,41.0,21.0,21.0,169.0,41.0,41.0,50.96894050802139,0.13546859754198515,5,191
scale-free,200,39,196,90.0,41.0,21.0,21.0,34.0,41.0,41.0,50.96894050802139,0.13546859754198515,5,191
scale-free,200,39,197,90.0,41.0,21.0,21.0,169.0,41.0,41.0,50.96894050802139,0.13546859754198515,5,191
scale-free,200,39,198,90.0,41.0,21.0,21.0,169.0,41.0,41.0,50.96894050802139,0.13546859754198515,5,191
scale-free,200,39,199,90.0,41.0,21.0,21.0,34.0,41.0,41.0,50.96894050802139,0.13546859754198515,5,191
scale-free,200,40,0,2.0,3.0,2.0,2.0,137.0,2.0,3.0,51.08515787653171,0.06523132624687622,5,187
scale-free,200,40,1,1.0,1.0,4.0,4.0,137.0,1.0,2.0,51.08515787653171,0.06523132624687622,5,187
scale-free,200,40,2,3.0,2.0,1.0,1.0,137.0,3.0,1.0,51.08515787653171,0.06523132624687622,5,187
scale-free,200,40,3,6.0,6.0,7.0,7.0,137.0,6.0,6.0,51.08515787653171,0.06523132624687622,5,187
scale-free,200,40,4,5.0,50.0,29.0,29.0,2.0,50.0,50.0,51.08515787653171,0.06523132624687622,5,187
scale-free,200,40,5,61.0,50.0,29.0,29.0,39.0,50.0,50.0,51.08515787653171,0.06523132624687622,5,187
scale-free,200,40,6,8.0,50.0,29.0,29.0,1.0,50.0,50.0,51.08515787653171,0.06523132624687622,5,187
scale-free,200,40,7,12.0,50.0,29.0,29.0,3.0,50.0,50.0,51.08515787653171,0.06523132624687622,5,187
scale-free,200,40,8,15.0,36.0,15.0,15.0,13.0,36.0,30.0,51.08515787653171,0.06523132624687622,5,187
scale-free,200,40,9,21.0,50.0,29.0,29.0,39.0,50.0,50.0,51.08515787653171,0.06523132624687622,5,187
scale-free,200,40,10,37.0,50.0,29.0,29.0,39.0,50.0,50.0,51.08515787653171,0.06523132624687622,5,187
scale-free,200,40,11,4.0,5.0,29.0,29.0,182.0,4.0,4.0,51.08515787653171,0.06523132624687622,5,187
scale-free,200,40,12,47.0,32.0,29.0,29.0,182.0,32.0,23.0,51.08515787653171,0.06523132624687622,5,187
scale-free,200,40,13,11.0,35.0,25.0,25.0,8.0,35.0,40.0,51.08515787653171,0.06523132624687622,5,187
scale-free,200,40,14,47.0,50.0,29.0,29.0,39.0,50.0,50.0,51.08515787653171,0.06523132624687622,5,187
scale-free,200,40,15,18.0,16.0,5.0,5.0,137.0,16.0,31.0,51.08515787653171,0.06523132624687622,5,187
scale-free,200,40,16,47.0,41.0,17.0,17.0,39.0,41.0,33.0,51.08515787653171,0.06523132624687622,5,187
scale-free,200,40,17,47.0,50.0,29.0,29.0,39.0,50.0,50.0,51.08515787653171,0.06523132624687622,5,187
scale-free,200,40,18,61.0,50.0,29.0,29.0,19.0,50.0,50.0,51.08515787653171,0.06523132624687622,5,187
scale-free,200,40,19,26.0,15.0,10.0,10.0,137.0,15.0,29.0,51.08515787653171,0.06523132624687622,5,187
scale-free,200,40,20,10.0,17.0,8.0,8.0,137.0,17.0,15.0,51.08515787653171,0.06523132624687622,5,187
scale-free,200,40,21,9.0,50.0,29.0,29.0,3.0,50.0,50.0,51.08515787653171,0.06523132624687622,5,187
scale-free,200,40,22,61.0,41.0,29.0,29.0,39.0,41.0,48.0,51.08515787653171,0.06523132624687622,5,187
scale-free,200,40,23,33.0,50.0,29.0,29.0,7.0,50.0,50.0,51.08515787653171,0.06523132624687622,5,187
scale-free,200,40,24,13.0,11.0,3.0,3.0,137.0,12.0,13.0,51.08515787653171,0.06523132624687622,5,187
scale-free,200,40,25,21.0,22.0,29.0,29.0,182.0,22.0,14.0,51.08515787653171,0.06523132624687622,5,187
scale-free,200,40,26,21.0,7.0,29.0,29.0,182.0,7.0,9.0,51.08515787653171,0.06523132624687622,5,187
scale-free,200,40,27,47.0,50.0,29.0,29.0,39.0,50.0,50.0,51.08515787653171,0.06523132624687622,5,187
scale-free,200,40,28,18.0,13.0,29.0,29.0,182.0,13.0,17.0,51.08515787653171,0.06523132624687622,5,187
scale-free,200,40,29,26.0,50.0,29.0,29.0,39.0,50.0,50.0,51.08515787653171,0.06523132624687622,5,187
scale-free,200,40,30,26.0,50.0,29.0,29.0,39.0,50.0,50.0,51.08515787653171,0.06523132624687622,5,187
scale-free,200,40,31,47.0,50.0,29.0,29.0,8.0,50.0,50.0,51.08515787653171,0.06523132624687622,5,187
scale-free,200,40,32,95.0,50.0,29.0,29.0,39.0,50.0,50.0,51.08515787653171,0.06523132624687622,5,187
scale-free,200,40,33,15.0,24.0,12.0,12.0,19.0,24.0,20.0,51.08515787653171,0.06523132624687622,5,187
scale-free,200,40,34,7.0,12.0,29.0,29.0,182.0,8.0,10.0,51.08515787653171,0.06523132624687622,5,187
scale-free,200,40,35,61.0,50.0,29.0,29.0,19.0,50.0,50.0,51.08515787653171,0.06523132624687622,5,187
scale-free,200,40,36,33.0,9.0,6.0,6.0,137.0,9.0,7.0,51.08515787653171,0.06523132624687622,5,187
scale-free,200,40,37,61.0,50.0,29.0,29.0,39.0,50.0,50.0,51.08515787653171,0.06523132624687622,5,187
scale-free,200,40,38,61.0,50.0,29.0,29.0,39.0,50.0,50.0,51.08515787653171,0.06523132624687622,5,187
scale-free,200,40,39,37.0,19.0,29.0,29.0,182.0,19.0,24.0,51.08515787653171,0.06523132624687622,5,187
scale-free,200,40,40,95.0,50.0,29.0,29.0,155.0,50.0,50.0,51.08515787653171,0.06523132624687622,5,187
scale-free,200,40,41,47.0,27.0,29.0,29.0,182.0,26.0,26.0,51.08515787653171,0.06523132624687622,5,187
scale-free,200,40,42,21.0,30.0,22.0,22.0,8.0,30.0,39.0,51.08515787653171,0.06523132624687622,5,187
scale-free,200,40,43,95.0,50.0,29.0,29.0,39.0,50.0,50.0,51.08515787653171,0.06523132624687622,5,187
scale-free,200,40,44,61.0,50.0,29.0,29.0,19.0,50.0,50.0,51.08515787653171,0.06523132624687622,5,187
scale-free,200,40,45,26.0,26.0,29.0,29.0,182.0,25.0,32.0,51.08515787653171,0.06523132624687622,5,187
scale-free,200,40,46,61.0,50.0,29.0,29.0,39.0,50.0,50.0,51.08515787653171,0.06523132624687622,5,187
scale-free,200,40,47,61.0,41.0,28.0,28.0,39.0,41.0,41.0,51.08515787653171,0.06523132624687622,5,187
scale-free,200,40,48,13.0,50.0,29.0,29.0,39.0,50.0,50.0,51.08515787653171,0.06523132624687622,5,187
scale-free,200,40,49,61.0,50.0,29.0,29.0,39.0,50.0,50.0,51.08515787653171,0.06523132624687622,5,187
scale-free,200,40,50,95.0,50.0,29.0,29.0,39.0,50.0,50.0,51.08515787653171,0.06523132624687622,5,187
scale-free,200,40,51,47.0,50.0,29.0,29.0,39.0,50.0,50.0,51.08515787653171,0.06523132624687622,5,187
scale-free,200,40,52,95.0,50.0,29.0,29.0,155.0,50.0,50.0,51.08515787653171,0.06523132624687622,5,187
scale-free,200,40,53,15.0,4.0,29.0,29.0,182.0,5.0,5.0,51.08515787653171,0.06523132624687622,5,187
scale-free,200,40,54,95.0,41.0,29.0,29.0,182.0,41.0,47.0,51.08515787653171,0.06523132624687622,5,187
scale-free,200,40,55,37.0,10.0,21.0,21.0,137.0,11.0,11.0,51.08515787653171,0.06523132624687622,5,187
scale-free,200,40,56,47.0,27.0,29.0,29.0,182.0,26.0,25.0,51.08515787653171,0.06523132624687622,5,187
scale-free,200,40,57,95.0,50.0,29.0,29.0,155.0,50.0,50.0,51.08515787653171,0.06523132624687622,5,187
scale-free,200,40,58,95.0,50.0,29.0,29.0,39.0,50.0,50.0,51.08515787653171,0.06523132624687622,5,187
scale-free,200,40,59,95.0,50.0,29.0,29.0,39.0,50.0,50.0,51.08515787653171,0.06523132624687622,5,187
scale-free,200,40,60,95.0,50.0,29.0,29.0,39.0,50.0,50.0,51.08515787653171,0.06523132624687622,5,187
scale-free,200,40,61,95.0,50.0,29.0,29.0,39.0,50.0,50.0,51.08515787653171,0.06523132624687622,5,187
scale-free,200,40,62,61.0,50.0,29.0,29.0,39.0,50.0,50.0,51.08515787653171,0.06523132624687622,5,187
scale-free,200,40,63,37.0,50.0,29.0,29.0,3.0,50.0,50.0,51.08515787653171,0.06523132624687622,5,187
scale-free,200,40,64,61.0,50.0,29.0,29.0,19.0,50.0,50.0,51.08515787653171,0.06523132624687622,5,187
scale-free,200,40,65,47.0,50.0,29.0,29.0,39.0,50.0,50.0,51.08515787653171,0.06523132624687622,5,187
scale-free,200,40,66,18.0,22.0,26.0,26.0,155.0,22.0,16.0,51.08515787653171,0.06523132624687622,5,187
scale-free,200,40,67,61.0,50.0,29.0,29.0,39.0,50.0,50.0,51.08515787653171,0.06523132624687622,5,187
scale-free,200,40,68,47.0,50.0,29.0,29.0,6.0,50.0,50.0,51.08515787653171,0.06523132624687622,5,187
scale-free,200,40,69,26.0,20.0,16.0,16.0,137.0,20.0,19.0,51.08515787653171,0.06523132624687622,5,187
scale-free,200,40,70,37.0,50.0,29.0,29.0,19.0,50.0,50.0,51.08515787653171,0.06523132624687622,5,187
scale-free,200,40,71,95.0,50.0,29.0,29.0,155.0,50.0,50.0,51.08515787653171,0.06523132624687622,5,187
scale-free,200,40,72,37.0,32.0,17.0,17.0,39.0,32.0,27.0,51.08515787653171,0.06523132624687622,5,187
scale-free,200,40,73,95.0,50.0,29.0,29.0,39.0,50.0,50.0,51.08515787653171,0.06523132624687622,5,187
scale-free,200,40,74,95.0,39.0,29.0,29.0,182.0,36.0,46.0,51.08515787653171,0.06523132624687622,5,187
scale-free,200,40,75,95.0,50.0,29.0,29.0,39.0,50.0,50.0,51.08515787653171,0.06523132624687622,5,187
scale-free,200,40,76,95.0,50.0,29.0,29.0,39.0,50.0,50.0,51.08515787653171,0.06523132624687622,5,187
scale-free,200,40,77,33.0,50.0,29.0,29.0,39.0,50.0,50.0,51.08515787653171,0.06523132624687622,5,187
scale-free,200,40,78,95.0,50.0,29.0,29.0,39.0,50.0,50.0,51.08515787653171,0.06523132624687622,5,187
scale-free,200,40,79,26.0,30.0,24.0,24.0,8.0,30.0,44.0,51.08515787653171,0.06523132624687622,5,187
scale-free,200,40,80,61.0,50.0,29.0,29.0,39.0,50.0,50.0,51.08515787653171,0.06523132624687622,5,187
scale-free,200,40,81,26.0,18.0,29.0,29.0,182.0,18.0,21.0,51.08515787653171,0.06523132624687622,5,187
scale-free,200,40,82,61.0,50.0,29.0,29.0,39.0,50.0,50.0,51.08515787653171,0.06523132624687622,5,187
scale-free,200,40,83,37.0,41.0,23.0,23.0,19.0,41.0,41.0,51.08515787653171,0.06523132624687622,5,187
scale-free,200,40,84,37.0,14.0,9.0,9.0,137.0,14.0,12.0,51.08515787653171,0.06523132624687622,5,187
scale-free,200,40,85,37.0,36.0,14.0,14.0,19.0,36.0,28.0,51.08515787653171,0.06523132624687622,5,187
scale-free,200,40,86,95.0,50.0,29.0,29.0,39.0,50.0,50.0,51.08515787653171,0.06523132624687622,5,187
scale-free,200,40,87,33.0,50.0,29.0,29.0,39.0,50.0,50.0,51.08515787653171,0.06523132624687622,5,187
scale-free,200,40,88,37.0,32.0,13.0,13.0,39.0,32.0,22.0,51.08515787653171,0.06523132624687622,5,187
scale-free,200,40,89,95.0,50.0,29.0,29.0,155.0,50.0,50.0,51.08515787653171,0.06523132624687622,5,187
scale-free,200,40,90,61.0,50.0,29.0,29.0,39.0,50.0,50.0,51.08515787653171,0.06523132624687622,5,187
scale-free,200,40,91,95.0,50.0,29.0,29.0,39.0,50.0,50.0,51.08515787653171,0.06523132624687622,5,187
scale-free,200,40,92,95.0,41.0,29.0,29.0,182.0,41.0,45.0,51.08515787653171,0.06523132624687622,5,187
scale-free,200,40,93,61.0,50.0,29.0,29.0,39.0,50.0,50.0,51.08515787653171,0.06523132624687622,5,187
scale-free,200,40,94,61.0,50.0,29.0,29.0,39.0,50.0,50.0,51.08515787653171,0.06523132624687622,5,187
scale-free,200,40,95,95.0,50.0,29.0,29.0,39.0,50.0,50.0,51.08515787653171,0.06523132624687622,5,187
scale-free,200,40,96,95.0,50.0,29.0,29.0,39.0,50.0,50.0,51.08515787653171,0.06523132624687622,5,187
scale-free,200,40,97,61.0,50.0,29.0,29.0,39.0,50.0,50.0,51.08515787653171,0.06523132624687622,5,187
scale-free,200,40,98,95.0,50.0,29.0,29.0,39.0,50.0,50.0,51.08515787653171,0.06523132624687622,5,187
scale-free,200,40,99,21.0,25.0,11.0,11.0,39.0,26.0,18.0,51.08515787653171,0.06523132624687622,5,187
scale-free,200,40,100,61.0,50.0,29.0,29.0,150.0,50.0,50.0,51.08515787653171,0.06523132624687622,5,187
scale-free,200,40,101,95.0,50.0,29.0,29.0,39.0,50.0,50.0,51.08515787653171,0.06523132624687622,5,187
scale-free,200,40,102,95.0,50.0,29.0,29.0,19.0,50.0,50.0,51.08515787653171,0.06523132624687622,5,187
scale-free,200,40,103,47.0,41.0,17.0,17.0,39.0,41.0,33.0,51.08515787653171,0.06523132624687622,5,187
scale-free,200,40,104,95.0,50.0,29.0,29.0,155.0,50.0,50.0,51.08515787653171,0.06523132624687622,5,187
scale-free,200,40,105,61.0,21.0,27.0,26.0,137.0,21.0,37.0,51.08515787653171,0.06523132624687622,5,187
scale-free,200,40,106,61.0,50.0,29.0,29.0,39.0,50.0,50.0,51.08515787653171,0.06523132624687622,5,187
scale-free,200,40,107,47.0,50.0,29.0,29.0,39.0,50.0,50.0,51.08515787653171,0.06523132624687622,5,187
scale-free,200,40,108,95.0,50.0,29.0,29.0,39.0,50.0,50.0,51.08515787653171,0.06523132624687622,5,187
scale-free,200,40,109,95.0,50.0,29.0,29.0,39.0,50.0,50.0,51.08515787653171,0.06523132624687622,5,187
scale-free,200,40,110,95.0,50.0,29.0,29.0,150.0,50.0,50.0,51.08515787653171,0.06523132624687622,5,187
scale-free,200,40,111,95.0,50.0,29.0,29.0,39.0,50.0,50.0,51.08515787653171,0.06523132624687622,5,187
scale-free,200,40,112,95.0,50.0,29.0,29.0,39.0,50.0,50.0,51.08515787653171,0.06523132624687622,5,187
scale-free,200,40,113,95.0,50.0,29.0,29.0,155.0,50.0,50.0,51.08515787653171,0.06523132624687622,5,187
scale-free,200,40,114,95.0,50.0,29.0,29.0,39.0,50.0,50.0,51.08515787653171,0.06523132624687622,5,187
scale-free,200,40,115,61.0,50.0,29.0,29.0,19.0,50.0,50.0,51.08515787653171,0.06523132624687622,5,187
scale-free,200,40,116,61.0,50.0,29.0,29.0,39.0,50.0,50.0,51.08515787653171,0.06523132624687622,5,187
scale-free,200,40,117,61.0,41.0,29.0,29.0,39.0,41.0,48.0,51.08515787653171,0.06523132624687622,5,187
scale-free,200,40,118,95.0,50.0,29.0,29.0,155.0,50.0,50.0,51.08515787653171,0.06523132624687622,5,187
scale-free,200,40,119,95.0,50.0,29.0,29.0,155.0,50.0,50.0,51.08515787653171,0.06523132624687622,5,187
scale-free,200,40,120,95.0,50.0,29.0,29.0,13.0,50.0,50.0,51.08515787653171,0.06523132624687622,5,187
scale-free,200,40,121,95.0,50.0,29.0,29.0,13.0,50.0,50.0,51.08515787653171,0.06523132624687622,5,187
scale-free,200,40,122,61.0,41.0,17.0,17.0,39.0,41.0,33.0,51.08515787653171,0.06523132624687622,5,187
scale-free,200,40,123,95.0,50.0,29.0,29.0,155.0,50.0,50.0,51.08515787653171,0.06523132624687622,5,187
scale-free,200,40,124,47.0,50.0,29.0,29.0,39.0,50.0,50.0,51.08515787653171,0.06523132624687622,5,187
scale-free,200,40,125,95.0,8.0,29.0,29.0,182.0,10.0,8.0,51.08515787653171,0.06523132624687622,5,187
scale-free,200,40,126,95.0,50.0,29.0,29.0,39.0,50.0,50.0,51.08515787653171,0.06523132624687622,5,187
scale-free,200,40,127,95.0,50.0,29.0,29.0,155.0,50.0,50.0,51.08515787653171,0.06523132624687622,5,187
scale-free,200,40,128,61.0,50.0,29.0,29.0,13.0,50.0,50.0,51.08515787653171,0.06523132624687622,5,187
scale-free,200,40,129,61.0,50.0,29.0,29.0,39.0,50.0,50.0,51.08515787653171,0.06523132624687622,5,187
scale-free,200,40,130,95.0,50.0,29.0,29.0,155.0,50.0,50.0,51.08515787653171,0.06523132624687622,5,187
scale-free,200,40,131,95.0,50.0,29.0,29.0,155.0,50.0,50.0,51.08515787653171,0.06523132624687622,5,187
scale-free,200,40,132,95.0,50.0,29.0,29.0,39.0,50.0,50.0,51.08515787653171,0.06523132624687622,5,187
scale-free,200,40,133,95.0,50.0,29.0,29.0,39.0,50.0,50.0,51.08515787653171,0.06523132624687622,5,187
scale-free,200,40,134,95.0,50.0,29.0,29.0,39.0,50.0,50.0,51.08515787653171,0.06523132624687622,5,187
scale-free,200,40,135,95.0,50.0,29.0,29.0,19.0,50.0,50.0,51.08515787653171,0.06523132624687622,5,187
scale-free,200,40,136,95.0,50.0,29.0,29.0,39.0,50.0,50.0,51.08515787653171,0.06523132624687622,5,187
scale-free,200,40,137,95.0,50.0,29.0,29.0,39.0,50.0,50.0,51.08515787653171,0.06523132624687622,5,187
scale-free,200,40,138,95.0,50.0,29.0,29.0,8.0,50.0,50.0,51.08515787653171,0.06523132624687622,5,187
scale-free,200,40,139,95.0,50.0,29.0,29.0,150.0,50.0,50.0,51.08515787653171,0.06523132624687622,5,187
scale-free,200,40,140,95.0,50.0,29.0,29.0,19.0,50.0,50.0,51.08515787653171,0.06523132624687622,5,187
scale-free,200,40,141,61.0,36.0,29.0,29.0,182.0,36.0,38.0,51.08515787653171,0.06523132624687622,5,187
scale-free,200,40,142,95.0,50.0,29.0,29.0,19.0,50.0,50.0,51.08515787653171,0.06523132624687622,5,187
scale-free,200,40,143,61.0,50.0,29.0,29.0,39.0,50.0,50.0,51.08515787653171,0.06523132624687622,5,187
scale-free,200,40,144,95.0,50.0,29.0,29.0,39.0,50.0,50.0,51.08515787653171,0.06523132624687622,5,187
scale-free,200,40,145,95.0,50.0,29.0,29.0,150.0,50.0,50.0,51.08515787653171,0.06523132624687622,5,187
scale-free,200,40,146,95.0,50.0,29.0,29.0,155.0,50.0,50.0,51.08515787653171,0.06523132624687622,5,187
scale-free,200,40,147,95.0,50.0,29.0,29.0,39.0,50.0,50.0,51.08515787653171,0.06523132624687622,5,187
scale-free,200,40,148,61.0,50.0,29.0,29.0,39.0,50.0,50.0,51.08515787653171,0.06523132624687622,5,187
scale-free,200,40,149,95.0,50.0,29.0,29.0,39.0,50.0,50.0,51.08515787653171,0.06523132624687622,5,187
scale-free,200,40,150,95.0,50.0,29.0,29.0,39.0,50.0,50.0,51.08515787653171,0.06523132624687622,5,187
scale-free,200,40,151,61.0,50.0,29.0,29.0,19.0,50.0,50.0,51.08515787653171,0.06523132624687622,5,187
scale-free,200,40,152,95.0,50.0,29.0,29.0,155.0,50.0,50.0,51.08515787653171,0.06523132624687622,5,187
scale-free,200,40,153,95.0,50.0,29.0,29.0,39.0,50.0,50.0,51.08515787653171,0.06523132624687622,5,187
scale-free,200,40,154,95.0,50.0,29.0,29.0,19.0,50.0,50.0,51.08515787653171,0.06523132624687622,5,187
scale-free,200,40,155,95.0,50.0,29.0,29.0,39.0,50.0,50.0,51.08515787653171,0.06523132624687622,5,187
scale-free,200,40,156,95.0,50.0,29.0,29.0,155.0,50.0,50.0,51.08515787653171,0.06523132624687622,5,187
scale-free,200,40,157,95.0,50.0,29.0,29.0,39.0,50.0,50.0,51.08515787653171,0.06523132624687622,5,187
scale-free,200,40,158,95.0,50.0,29.0,29.0,155.0,50.0,50.0,51.08515787653171,0.06523132624687622,5,187
scale-free,200,40,159,95.0,50.0,29.0,29.0,155.0,50.0,50.0,51.08515787653171,0.06523132624687622,5,187
scale-free,200,40,160,95.0,40.0,29.0,29.0,182.0,40.0,43.0,51.08515787653171,0.06523132624687622,5,187
scale-free,200,40,161,95.0,50.0,29.0,29.0,39.0,50.0,50.0,51.08515787653171,0.06523132624687622,5,187
scale-free,200,40,162,95.0,50.0,29.0,29.0,39.0,50.0,50.0,51.08515787653171,0.06523132624687622,5,187
scale-free,200,40,163,95.0,50.0,29.0,29.0,39.0,50.0,50.0,51.08515787653171,0.06523132624687622,5,187
scale-free,200,40,164,95.0,50.0,29.0,29.0,150.0,50.0,50.0,51.08515787653171,0.06523132624687622,5,187
scale-free,200,40,165,95.0,50.0,29.0,29.0,39.0,50.0,50.0,51.08515787653171,0.06523132624687622,5,187
scale-free,200,40,166,95.0,50.0,29.0,29.0,155.0,50.0,50.0,51.08515787653171,0.06523132624687622,5,187
scale-free,200,40,167,95.0,50.0,29.0,29.0,39.0,50.0,50.0,51.08515787653171,0.06523132624687622,5,187
scale-free,200,40,168,95.0,50.0,29.0,29.0,155.0,50.0,50.0,51.08515787653171,0.06523132624687622,5,187
scale-free,200,40,169,95.0,50.0,29.0,29.0,39.0,50.0,50.0,51.08515787653171,0.06523132624687622,5,187
scale-free,200,40,170,95.0,50.0,29.0,29.0,19.0,50.0,50.0,51.08515787653171,0.06523132624687622,5,187
scale-free,200,40,171,95.0,50.0,29.0,29.0,19.0,50.0,50.0,51.08515787653171,0.06523132624687622,5,187
scale-free,200,40,172,95.0,50.0,29.0,29.0,19.0,50.0,50.0,51.08515787653171,0.06523132624687622,5,187
scale-free,200,40,173,95.0,50.0,29.0,29.0,155.0,50.0,50.0,51.08515787653171,0.06523132624687622,5,187
scale-free,200,40,174,95.0,50.0,29.0,29.0,19.0,50.0,50.0,51.08515787653171,0.06523132624687622,5,187
scale-free,200,40,175,95.0,50.0,29.0,29.0,155.0,50.0,50.0,51.08515787653171,0.06523132624687622,5,187
scale-free,200,40,176,95.0,50.0,29.0,29.0,39.0,50.0,50.0,51.08515787653171,0.06523132624687622,5,187
scale-free,200,40,177,95.0,50.0,29.0,29.0,39.0,50.0,50.0,51.08515787653171,0.06523132624687622,5,187
scale-free,200,40,178,95.0,50.0,29.0,29.0,39.0,50.0,50.0,51.08515787653171,0.06523132624687622,5,187
scale-free,200,40,179,95.0,50.0,29.0,29.0,39.0,50.0,50.0,51.08515787653171,0.06523132624687622,5,187
scale-free,200,40,180,95.0,50.0,29.0,29.0,13.0,50.0,50.0,51.08515787653171,0.06523132624687622,5,187
scale-free,200,40,181,95.0,50.0,29.0,29.0,155.0,50.0,50.0,51.08515787653171,0.06523132624687622,5,187
scale-free,200,40,182,95.0,50.0,29.0,29.0,155.0,50.0,50.0,51.08515787653171,0.06523132624687622,5,187
scale-free,200,40,183,95.0,50.0,29.0,29.0,39.0,50.0,50.0,51.08515787653171,0.06523132624687622,5,187
scale-free,200,40,184,95.0,50.0,29.0,29.0,155.0,50.0,50.0,51.08515787653171,0.06523132624687622,5,187
scale-free,200,40,185,95.0,50.0,29.0,29.0,19.0,50.0,50.0,51.08515787653171,0.06523132624687622,5,187
scale-free,200,40,186,95.0,50.0,29.0,29.0,39.0,50.0,50.0,51.08515787653171,0.06523132624687622,5,187
scale-free,200,40,187,95.0,50.0,29.0,29.0,39.0,50.0,50.0,51.08515787653171,0.06523132624687622,5,187
scale-free,200,40,188,61.0,50.0,29.0,29.0,13.0,50.0,50.0,51.08515787653171,0.06523132624687622,5,187
scale-free,200,40,189,95.0,29.0,29.0,29.0,182.0,29.0,36.0,51.08515787653171,0.06523132624687622,5,187
scale-free,200,40,190,95.0,50.0,29.0,29.0,39.0,50.0,50.0,51.08515787653171,0.06523132624687622,5,187
scale-free,200,40,191,95.0,50.0,29.0,29.0,39.0,50.0,50.0,51.08515787653171,0.06523132624687622,5,187
scale-free,200,40,192,95.0,50.0,29.0,29.0,155.0,50.0,50.0,51.08515787653171,0.06523132624687622,5,187
scale-free,200,40,193,95.0,50.0,29.0,29.0,39.0,50.0,50.0,51.08515787653171,0.06523132624687622,5,187
scale-free,200,40,194,95.0,50.0,29.0,29.0,39.0,50.0,50.0,51.08515787653171,0.06523132624687622,5,187
scale-free,200,40,195,95.0,50.0,29.0,29.0,39.0,50.0,50.0,51.08515787653171,0.06523132624687622,5,187
scale-free,200,40,196,61.0,50.0,29.0,29.0,39.0,50.0,50.0,51.08515787653171,0.06523132624687622,5,187
scale-free,200,40,197,95.0,50.0,29.0,29.0,39.0,50.0,50.0,51.08515787653171,0.06523132624687622,5,187
scale-free,200,40,198,95.0,50.0,29.0,29.0,39.0,50.0,50.0,51.08515787653171,0.06523132624687622,5,187
scale-free,200,40,199,95.0,50.0,29.0,29.0,39.0,50.0,50.0,51.08515787653171,0.06523132624687622,5,187
