scale-free,200,45,0,1.0,1.0,1.0,1.0,147.0,1.0,1.0,63.35662328001376,0.06516980057277291,4,194
scale-free,200,45,1,2.0,2.0,3.0,3.0,147.0,2.0,2.0,63.35662328001376,0.06516980057277291,4,194
scale-free,200,45,2,3.0,3.0,2.0,2.0,147.0,3.0,3.0,63.35662328001376,0.06516980057277291,4,194
scale-free,200,45,3,4.0,5.0,5.0,5.0,147.0,5.0,4.0,63.35662328001376,0.06516980057277291,4,194
scale-free,200,45,4,9.0,52.0,27.0,27.0,7.0,52.0,53.0,63.35662328001376,0.06516980057277291,4,194
scale-free,200,45,5,15.0,52.0,27.0,27.0,1.0,52.0,53.0,63.35662328001376,0.06516980057277291,4,194
scale-free,200,45,6,54.0,52.0,27.0,27.0,41.0,52.0,53.0,63.35662328001376,0.06516980057277291,4,194
scale-free,200,45,7,8.0,22.0,9.0,9.0,7.0,23.0,22.0,63.35662328001376,0.06516980057277291,4,194
scale-free,200,45,8,5.0,52.0,27.0,27.0,5.0,52.0,52.0,63.35662328001376,0.06516980057277291,4,194
scale-free,200,45,9,12.0,30.0,13.0,13.0,16.0,30.0,23.0,63.35662328001376,0.06516980057277291,4,194
scale-free,200,45,10,30.0,52.0,27.0,27.0,16.0,52.0,53.0,63.35662328001376,0.06516980057277291,4,194
scale-free,200,45,11,16.0,30.0,22.0,22.0,3.0,30.0,40.0,63.35662328001376,0.06516980057277291,4,194
scale-free,200,45,12,54.0,52.0,27.0,27.0,41.0,52.0,53.0,63.35662328001376,0.06516980057277291,4,194
scale-free,200,45,13,11.0,6.0,27.0,27.0,178.0,7.0,7.0,63.35662328001376,0.06516980057277291,4,194
scale-free,200,45,14,7.0,4.0,27.0,27.0,178.0,4.0,6.0,63.35662328001376,0.06516980057277291,4,194
scale-free,200,45,15,82.0,52.0,27.0,27.0,41.0,52.0,53.0,63.35662328001376,0.06516980057277291,4,194
scale-free,200,45,16,12.0,22.0,12.0,12.0,41.0,22.0,31.0,63.35662328001376,0.06516980057277291,4,194
scale-free,200,45,17,23.0,30.0,13.0,13.0,16.0,30.0,23.0,63.35662328001376,0.06516980057277291,4,194
scale-free,200,45,18,30.0,19.0,24.0,24.0,41.0,19.0,39.0,63.35662328001376,0.06516980057277291,4,194
scale-free,200,45,19,6.0,7.0,27.0,27.0,178.0,6.0,5.0,63.35662328001376,0.06516980057277291,4,194
scale-free,200,45,20,23.0,52.0,27.0,27.0,16.0,52.0,53.0,63.35662328001376,0.06516980057277291,4,194
scale-free,200,45,21,17.0,52.0,27.0,27.0,3.0,52.0,53.0,63.35662328001376,0.06516980057277291,4,194
scale-free,200,45,22,20.0,15.0,27.0,27.0,178.0,15.0,16.0,63.35662328001376,0.06516980057277291,4,194
scale-free,200,45,23,20.0,16.0,27.0,27.0,178.0,16.0,15.0,63.35662328001376,0.06516980057277291,4,194
scale-free,200,45,24,82.0,52.0,27.0,27.0,41.0,52.0,53.0,63.35662328001376,0.06516980057277291,4,194
scale-free,200,45,25,54.0,30.0,27.0,27.0,41.0,30.0,46.0,63.35662328001376,0.06516980057277291,4,194
scale-free,200,45,26,82.0,52.0,27.0,27.0,41.0,52.0,53.0,63.35662328001376,0.06516980057277291,4,194
scale-free,200,45,27,37.0,52.0,27.0,27.0,41.0,52.0,53.0,63.35662328001376,0.06516980057277291,4,194
scale-free,200,45,28,82.0,52.0,27.0,27.0,41.0,52.0,53.0,63.35662328001376,0.06516980057277291,4,194
scale-free,200,45,29,14.0,9.0,7.0,7.0,147.0,9.0,9.0,63.35662328001376,0.06516980057277291,4,194
scale-free,200,45,30,82.0,52.0,27.0,27.0,41.0,52.0,53.0,63.35662328001376,0.06516980057277291,4,194
scale-free,200,45,31,82.0,52.0,27.0,27.0,41.0,52.0,53.0,63.35662328001376,0.06516980057277291,4,194
scale-free,200,45,32,23.0,17.0,27.0,27.0,178.0,17.0,17.0,63.35662328001376,0.06516980057277291,4,194
scale-free,200,45,33,9.0,8.0,4.0,4.0,147.0,8.0,8.0,63.35662328001376,0.06516980057277291,4,194
scale-free,200,45,34,30.0,52.0,27.0,27.0,16.0,52.0,53.0,63.35662328001376,0.06516980057277291,4,194
scale-free,200,45,35,37.0,52.0,27.0,27.0,41.0,52.0,53.0,63.35662328001376,0.06516980057277291,4,194
scale-free,200,45,36,82.0,52.0,27.0,27.0,41.0,52.0,53.0,63.35662328001376,0.06516980057277291,4,194
scale-free,200,45,37,37.0,52.0,27.0,27.0,16.0,52.0,53.0,63.35662328001376,0.06516980057277291,4,194
scale-free,200,45,38,54.0,52.0,27.0,27.0,16.0,52.0,53.0,63.35662328001376,0.06516980057277291,4,194
scale-free,200,45,39,23.0,30.0,23.0,23.0,16.0,30.0,32.0,63.35662328001376,0.06516980057277291,4,194
scale-free,200,45,40,82.0,52.0,27.0,27.0,41.0,52.0,53.0,63.35662328001376,0.06516980057277291,4,194
scale-free,200,45,41,20.0,18.0,17.0,17.0,41.0,18.0,20.0,63.35662328001376,0.06516980057277291,4,194
scale-free,200,45,42,54.0,52.0,27.0,27.0,41.0,52.0,53.0,63.35662328001376,0.06516980057277291,4,194
scale-free,200,45,43,82.0,52.0,27.0,27.0,5.0,52.0,53.0,63.35662328001376,0.06516980057277291,4,194
scale-free,200,45,44,54.0,52.0,27.0,27.0,41.0,52.0,53.0,63.35662328001376,0.06516980057277291,4,194
scale-free,200,45,45,17.0,52.0,27.0,27.0,7.0,52.0,53.0,63.35662328001376,0.06516980057277291,4,194
scale-free,200,45,46,30.0,19.0,11.0,11.0,16.0,19.0,21.0,63.35662328001376,0.06516980057277291,4,194
scale-free,200,45,47,82.0,52.0,27.0,27.0,7.0,52.0,53.0,63.35662328001376,0.06516980057277291,4,194
scale-free,200,45,48,82.0,52.0,27.0,27.0,41.0,52.0,53.0,63.35662328001376,0.06516980057277291,4,194
scale-free,200,45,49,82.0,52.0,27.0,27.0,157.0,52.0,53.0,63.35662328001376,0.06516980057277291,4,194
scale-free,200,45,50,82.0,52.0,27.0,27.0,41.0,52.0,53.0,63.35662328001376,0.06516980057277291,4,194
scale-free,200,45,51,82.0,52.0,27.0,27.0,41.0,52.0,53.0,63.35662328001376,0.06516980057277291,4,194
scale-free,200,45,52,82.0,52.0,27.0,27.0,41.0,52.0,53.0,63.35662328001376,0.06516980057277291,4,194
scale-free,200,45,53,82.0,52.0,27.0,27.0,41.0,52.0,53.0,63.35662328001376,0.06516980057277291,4,194
scale-free,200,45,54,54.0,52.0,27.0,27.0,16.0,52.0,53.0,63.35662328001376,0.06516980057277291,4,194
scale-free,200,45,55,54.0,52.0,27.0,27.0,41.0,52.0,53.0,63.35662328001376,0.06516980057277291,4,194
scale-free,200,45,56,54.0,52.0,27.0,27.0,154.0,52.0,53.0,63.35662328001376,0.06516980057277291,4,194
scale-free,200,45,57,82.0,30.0,27.0,27.0,178.0,30.0,46.0,63.35662328001376,0.06516980057277291,4,194
scale-free,200,45,58,54.0,52.0,27.0,27.0,41.0,52.0,53.0,63.35662328001376,0.06516980057277291,4,194
scale-free,200,45,59,37.0,52.0,27.0,27.0,41.0,52.0,53.0,63.35662328001376,0.06516980057277291,4,194
scale-free,200,45,60,82.0,52.0,27.0,27.0,41.0,52.0,53.0,63.35662328001376,0.06516980057277291,4,194
scale-free,200,45,61,82.0,52.0,27.0,27.0,41.0,52.0,53.0,63.35662328001376,0.06516980057277291,4,194
scale-free,200,45,62,82.0,52.0,27.0,27.0,41.0,52.0,53.0,63.35662328001376,0.06516980057277291,4,194
scale-free,200,45,63,37.0,52.0,27.0,27.0,16.0,52.0,53.0,63.35662328001376,0.06516980057277291,4,194
scale-free,200,45,64,37.0,30.0,25.0,25.0,41.0,30.0,32.0,63.35662328001376,0.06516980057277291,4,194
scale-free,200,45,65,23.0,30.0,17.0,17.0,41.0,30.0,23.0,63.35662328001376,0.06516980057277291,4,194
scale-free,200,45,66,37.0,27.0,8.0,8.0,41.0,27.0,18.0,63.35662328001376,0.06516980057277291,4,194
scale-free,200,45,67,82.0,52.0,27.0,27.0,41.0,52.0,53.0,63.35662328001376,0.06516980057277291,4,194
scale-free,200,45,68,54.0,52.0,27.0,27.0,154.0,52.0,53.0,63.35662328001376,0.06516980057277291,4,194
scale-free,200,45,69,17.0,12.0,6.0,6.0,147.0,11.0,10.0,63.35662328001376,0.06516980057277291,4,194
scale-free,200,45,70,23.0,30.0,13.0,13.0,16.0,30.0,23.0,63.35662328001376,0.06516980057277291,4,194
scale-free,200,45,71,82.0,52.0,27.0,27.0,41.0,52.0,53.0,63.35662328001376,0.06516980057277291,4,194
scale-free,200,45,72,82.0,52.0,27.0,27.0,41.0,52.0,53.0,63.35662328001376,0.06516980057277291,4,194
scale-free,200,45,73,37.0,52.0,27.0,27.0,41.0,52.0,53.0,63.35662328001376,0.06516980057277291,4,194
scale-free,200,45,74,23.0,14.0,27.0,27.0,178.0,14.0,13.0,63.35662328001376,0.06516980057277291,4,194
scale-free,200,45,75,30.0,52.0,27.0,27.0,16.0,52.0,53.0,63.35662328001376,0.06516980057277291,4,194
scale-free,200,45,76,37.0,52.0,27.0,27.0,1.0,52.0,53.0,63.35662328001376,0.06516980057277291,4,194
scale-free,200,45,77,54.0,52.0,27.0,27.0,41.0,52.0,53.0,63.35662328001376,0.06516980057277291,4,194
scale-free,200,45,78,82.0,52.0,27.0,27.0,157.0,52.0,53.0,63.35662328001376,0.06516980057277291,4,194
scale-free,200,45,79,82.0,52.0,27.0,27.0,7.0,52.0,53.0,63.35662328001376,0.06516980057277291,4,194
scale-free,200,45,80,37.0,52.0,27.0,27.0,41.0,52.0,53.0,63.35662328001376,0.06516980057277291,4,194
scale-free,200,45,81,82.0,52.0,27.0,27.0,41.0,52.0,53.0,63.35662328001376,0.06516980057277291,4,194
scale-free,200,45,82,82.0,30.0,27.0,27.0,178.0,30.0,46.0,63.35662328001376,0.06516980057277291,4,194
scale-free,200,45,83,82.0,52.0,27.0,27.0,41.0,52.0,53.0,63.35662328001376,0.06516980057277291,4,194
scale-free,200,45,84,54.0,52.0,27.0,27.0,7.0,52.0,53.0,63.35662328001376,0.06516980057277291,4,194
scale-free,200,45,85,54.0,19.0,27.0,27.0,178.0,19.0,37.0,63.35662328001376,0.06516980057277291,4,194
scale-free,200,45,86,82.0,52.0,27.0,27.0,41.0,52.0,53.0,63.35662328001376,0.06516980057277291,4,194
scale-free,200,45,87,82.0,52.0,27.0,27.0,41.0,52.0,53.0,63.35662328001376,0.06516980057277291,4,194
scale-free,200,45,88,54.0,30.0,25.0,25.0,41.0,30.0,40.0,63.35662328001376,0.06516980057277291,4,194
scale-free,200,45,89,82.0,52.0,27.0,27.0,157.0,52.0,53.0,63.35662328001376,0.06516980057277291,4,194
scale-free,200,45,90,82.0,30.0,27.0,27.0,178.0,30.0,32.0,63.35662328001376,0.06516980057277291,4,194
scale-free,200,45,91,82.0,52.0,27.0,27.0,41.0,52.0,53.0,63.35662328001376,0.06516980057277291,4,194
scale-free,200,45,92,82.0,52.0,27.0,27.0,41.0,52.0,53.0,63.35662328001376,0.06516980057277291,4,194
scale-free,200,45,93,82.0,52.0,27.0,27.0,41.0,52.0,53.0,63.35662328001376,0.06516980057277291,4,194
scale-free,200,45,94,82.0,52.0,27.0,27.0,41.0,52.0,53.0,63.35662328001376,0.06516980057277291,4,194
scale-free,200,45,95,54.0,52.0,27.0,27.0,41.0,52.0,53.0,63.35662328001376,0.06516980057277291,4,194
scale-free,200,45,96,37.0,52.0,27.0,27.0,16.0,52.0,53.0,63.35662328001376,0.06516980057277291,4,194
scale-free,200,45,97,82.0,52.0,27.0,27.0,41.0,52.0,53.0,63.35662328001376,0.06516980057277291,4,194
scale-free,200,45,98,54.0,30.0,17.0,17.0,41.0,30.0,23.0,63.35662328001376,0.06516980057277291,4,194
scale-free,200,45,99,54.0,52.0,27.0,27.0,41.0,52.0,53.0,63.35662328001376,0.06516980057277291,4,194
scale-free,200,45,100,82.0,52.0,27.0,27.0,157.0,52.0,53.0,63.35662328001376,0.06516980057277291,4,194
scale-free,200,45,101,82.0,27.0,27.0,27.0,178.0,27.0,44.0,63.35662328001376,0.06516980057277291,4,194
scale-free,200,45,102,82.0,52.0,27.0,27.0,41.0,52.0,53.0,63.35662328001376,0.06516980057277291,4,194
scale-free,200,45,103,30.0,22.0,10.0,10.0,41.0,23.0,19.0,63.35662328001376,0.06516980057277291,4,194
scale-free,200,45,104,54.0,52.0,27.0,27.0,41.0,52.0,53.0,63.35662328001376,0.06516980057277291,4,194
scale-free,200,45,105,82.0,30.0,27.0,27.0,178.0,30.0,40.0,63.35662328001376,0.06516980057277291,4,194
scale-free,200,45,106,82.0,52.0,27.0,27.0,41.0,52.0,53.0,63.35662328001376,0.06516980057277291,4,194
scale-free,200,45,107,37.0,26.0,27.0,27.0,41.0,23.0,45.0,63.35662328001376,0.06516980057277291,4,194
scale-free,200,45,108,82.0,52.0,27.0,27.0,16.0,52.0,53.0,63.35662328001376,0.06516980057277291,4,194
scale-free,200,45,109,37.0,52.0,27.0,27.0,41.0,52.0,53.0,63.35662328001376,0.06516980057277291,4,194
scale-free,200,45,110,82.0,52.0,27.0,27.0,157.0,52.0,53.0,63.35662328001376,0.06516980057277291,4,194
scale-free,200,45,111,82.0,52.0,27.0,27.0,16.0,52.0,53.0,63.35662328001376,0.06516980057277291,4,194
scale-free,200,45,112,82.0,52.0,27.0,27.0,41.0,52.0,53.0,63.35662328001376,0.06516980057277291,4,194
scale-free,200,45,113,82.0,52.0,27.0,27.0,41.0,52.0,53.0,63.35662328001376,0.06516980057277291,4,194
scale-free,200,45,114,82.0,10.0,27.0,27.0,178.0,10.0,14.0,63.35662328001376,0.06516980057277291,4,194
scale-free,200,45,115,82.0,52.0,27.0,27.0,41.0,52.0,53.0,63.35662328001376,0.06516980057277291,4,194
scale-free,200,45,116,82.0,27.0,27.0,27.0,178.0,27.0,38.0,63.35662328001376,0.06516980057277291,4,194
scale-free,200,45,117,82.0,52.0,27.0,27.0,41.0,52.0,53.0,63.35662328001376,0.06516980057277291,4,194
scale-free,200,45,118,54.0,52.0,27.0,27.0,16.0,52.0,53.0,63.35662328001376,0.06516980057277291,4,194
scale-free,200,45,119,82.0,30.0,27.0,27.0,178.0,30.0,43.0,63.35662328001376,0.06516980057277291,4,194
scale-free,200,45,120,82.0,52.0,27.0,27.0,157.0,52.0,53.0,63.35662328001376,0.06516980057277291,4,194
scale-free,200,45,121,37.0,30.0,21.0,21.0,41.0,30.0,32.0,63.35662328001376,0.06516980057277291,4,194
scale-free,200,45,122,37.0,52.0,27.0,27.0,16.0,52.0,53.0,63.35662328001376,0.06516980057277291,4,194
scale-free,200,45,123,82.0,52.0,27.0,27.0,157.0,52.0,53.0,63.35662328001376,0.06516980057277291,4,194
scale-free,200,45,124,82.0,52.0,27.0,27.0,41.0,52.0,53.0,63.35662328001376,0.06516980057277291,4,194
scale-free,200,45,125,82.0,30.0,27.0,27.0,178.0,30.0,49.0,63.35662328001376,0.06516980057277291,4,194
scale-free,200,45,126,82.0,52.0,27.0,27.0,157.0,52.0,53.0,63.35662328001376,0.06516980057277291,4,194
scale-free,200,45,127,82.0,52.0,27.0,27.0,41.0,52.0,53.0,63.35662328001376,0.06516980057277291,4,194
scale-free,200,45,128,82.0,52.0,27.0,27.0,41.0,52.0,53.0,63.35662328001376,0.06516980057277291,4,194
scale-free,200,45,129,82.0,52.0,27.0,27.0,41.0,52.0,53.0,63.35662328001376,0.06516980057277291,4,194
scale-free,200,45,130,82.0,52.0,27.0,27.0,41.0,52.0,53.0,63.35662328001376,0.06516980057277291,4,194
scale-free,200,45,131,54.0,22.0,27.0,27.0,178.0,23.0,23.0,63.35662328001376,0.06516980057277291,4,194
scale-free,200,45,132,82.0,52.0,27.0,27.0,157.0,52.0,53.0,63.35662328001376,0.06516980057277291,4,194
scale-free,200,45,133,82.0,30.0,27.0,27.0,178.0,30.0,49.0,63.35662328001376,0.06516980057277291,4,194
scale-free,200,45,134,54.0,52.0,27.0,27.0,41.0,52.0,53.0,63.35662328001376,0.06516980057277291,4,194
scale-free,200,45,135,54.0,52.0,27.0,27.0,16.0,52.0,53.0,63.35662328001376,0.06516980057277291,4,194
scale-free,200,45,136,82.0,52.0,27.0,27.0,157.0,52.0,53.0,63.35662328001376,0.06516980057277291,4,194
scale-free,200,45,137,54.0,52.0,27.0,27.0,41.0,52.0,53.0,63.35662328001376,0.06516980057277291,4,194
scale-free,200,45,138,82.0,52.0,27.0,27.0,41.0,52.0,53.0,63.35662328001376,0.06516980057277291,4,194
scale-free,200,45,139,82.0,52.0,27.0,27.0,41.0,52.0,53.0,63.35662328001376,0.06516980057277291,4,194
scale-free,200,45,140,37.0,52.0,27.0,27.0,41.0,52.0,53.0,63.35662328001376,0.06516980057277291,4,194
scale-free,200,45,141,82.0,52.0,27.0,27.0,157.0,52.0,53.0,63.35662328001376,0.06516980057277291,4,194
scale-free,200,45,142,82.0,52.0,27.0,27.0,41.0,52.0,53.0,63.35662328001376,0.06516980057277291,4,194
scale-free,200,45,143,82.0,52.0,27.0,27.0,157.0,52.0,53.0,63.35662328001376,0.06516980057277291,4,194
scale-free,200,45,144,82.0,52.0,27.0,27.0,16.0,52.0,53.0,63.35662328001376,0.06516980057277291,4,194
scale-free,200,45,145,82.0,52.0,27.0,27.0,41.0,52.0,53.0,63.35662328001376,0.06516980057277291,4,194
scale-free,200,45,146,82.0,52.0,27.0,27.0,157.0,52.0,53.0,63.35662328001376,0.06516980057277291,4,194
scale-free,200,45,147,54.0,52.0,27.0,27.0,16.0,52.0,53.0,63.35662328001376,0.06516980057277291,4,194
scale-free,200,45,148,82.0,52.0,27.0,27.0,157.0,52.0,53.0,63.35662328001376,0.06516980057277291,4,194
scale-free,200,45,149,82.0,52.0,27.0,27.0,41.0,52.0,53.0,63.35662328001376,0.06516980057277291,4,194
scale-free,200,45,150,30.0,52.0,27.0,27.0,16.0,52.0,53.0,63.35662328001376,0.06516980057277291,4,194
scale-free,200,45,151,82.0,52.0,27.0,27.0,41.0,52.0,53.0,63.35662328001376,0.06516980057277291,4,194
scale-free,200,45,152,82.0,52.0,27.0,27.0,41.0,52.0,53.0,63.35662328001376,0.06516980057277291,4,194
scale-free,200,45,153,82.0,52.0,27.0,27.0,157.0,52.0,53.0,63.35662328001376,0.06516980057277291,4,194
scale-free,200,45,154,82.0,52.0,27.0,27.0,157.0,52.0,53.0,63.35662328001376,0.06516980057277291,4,194
scale-free,200,45,155,54.0,52.0,27.0,27.0,154.0,52.0,53.0,63.35662328001376,0.06516980057277291,4,194
scale-free,200,45,156,82.0,52.0,27.0,27.0,41.0,52.0,53.0,63.35662328001376,0.06516980057277291,4,194
scale-free,200,45,157,82.0,52.0,27.0,27.0,41.0,52.0,53.0,63.35662328001376,0.06516980057277291,4,194
scale-free,200,45,158,82.0,52.0,27.0,27.0,41.0,52.0,53.0,63.35662328001376,0.06516980057277291,4,194
scale-free,200,45,159,82.0,52.0,27.0,27.0,16.0,52.0,53.0,63.35662328001376,0.06516980057277291,4,194
scale-free,200,45,160,37.0,30.0,17.0,17.0,41.0,30.0,23.0,63.35662328001376,0.06516980057277291,4,194
scale-free,200,45,161,82.0,52.0,27.0,27.0,41.0,52.0,53.0,63.35662328001376,0.06516980057277291,4,194
scale-free,200,45,162,82.0,52.0,27.0,27.0,41.0,52.0,53.0,63.35662328001376,0.06516980057277291,4,194
scale-free,200,45,163,54.0,30.0,13.0,13.0,16.0,30.0,23.0,63.35662328001376,0.06516980057277291,4,194
scale-free,200,45,164,82.0,52.0,27.0,27.0,7.0,52.0,53.0,63.35662328001376,0.06516980057277291,4,194
scale-free,200,45,165,82.0,52.0,27.0,27.0,41.0,52.0,53.0,63.35662328001376,0.06516980057277291,4,194
scale-free,200,45,166,82.0,52.0,27.0,27.0,157.0,52.0,53.0,63.35662328001376,0.06516980057277291,4,194
scale-free,200,45,167,82.0,52.0,27.0,27.0,157.0,52.0,53.0,63.35662328001376,0.06516980057277291,4,194
scale-free,200,45,168,82.0,52.0,27.0,27.0,157.0,52.0,53.0,63.35662328001376,0.06516980057277291,4,194
scale-free,200,45,169,82.0,52.0,27.0,27.0,41.0,52.0,53.0,63.35662328001376,0.06516980057277291,4,194
scale-free,200,45,170,82.0,30.0,27.0,27.0,178.0,30.0,51.0,63.35662328001376,0.06516980057277291,4,194
scale-free,200,45,171,82.0,52.0,27.0,27.0,41.0,52.0,53.0,63.35662328001376,0.06516980057277291,4,194
scale-free,200,45,172,82.0,52.0,27.0,27.0,41.0,52.0,53.0,63.35662328001376,0.06516980057277291,4,194
scale-free,200,45,173,82.0,52.0,27.0,27.0,41.0,52.0,53.0,63.35662328001376,0.06516980057277291,4,194
scale-free,200,45,174,82.0,52.0,27.0,27.0,41.0,52.0,53.0,63.35662328001376,0.06516980057277291,4,194
scale-free,200,45,175,82.0,52.0,27.0,27.0,41.0,52.0,53.0,63.35662328001376,0.06516980057277291,4,194
scale-free,200,45,176,82.0,52.0,27.0,27.0,41.0,52.0,53.0,63.35662328001376,0.06516980057277291,4,194
scale-free,200,45,177,82.0,52.0,27.0,27.0,41.0,52.0,53.0,63.35662328001376,0.06516980057277291,4,194
scale-free,200,45,178,82.0,52.0,27.0,27.0,41.0,52.0,53.0,63.35662328001376,0.06516980057277291,4,194
scale-free,200,45,179,54.0,11.0,27.0,27.0,178.0,12.0,11.0,63.35662328001376,0.06516980057277291,4,194
scale-free,200,45,180,82.0,52.0,27.0,27.0,41.0,52.0,53.0,63.35662328001376,0.06516980057277291,4,194
scale-free,200,45,181,82.0,52.0,27.0,27.0,41.0,52.0,53.0,63.35662328001376,0.06516980057277291,4,194
scale-free,200,45,182,82.0,52.0,27.0,27.0,16.0,52.0,53.0,63.35662328001376,0.06516980057277291,4,194
scale-free,200,45,183,82.0,52.0,27.0,27.0,41.0,52.0,53.0,63.35662328001376,0.06516980057277291,4,194
scale-free,200,45,184,82.0,13.0,27.0,27.0,178.0,13.0,12.0,63.35662328001376,0.06516980057277291,4,194
scale-free,200,45,185,82.0,52.0,27.0,27.0,41.0,52.0,53.0,63.35662328001376,0.06516980057277291,4,194
scale-free,200,45,186,82.0,52.0,27.0,27.0,41.0,52.0,53.0,63.35662328001376,0.06516980057277291,4,194
scale-free,200,45,187,82.0,30.0,27.0,27.0,178.0,30.0,32.0,63.35662328001376,0.06516980057277291,4,194
scale-free,200,45,188,82.0,52.0,27.0,27.0,41.0,52.0,53.0,63.35662328001376,0.06516980057277291,4,194
scale-free,200,45,189,82.0,52.0,27.0,27.0,157.0,52.0,53.0,63.35662328001376,0.06516980057277291,4,194
scale-free,200,45,190,82.0,52.0,27.0,27.0,41.0,52.0,53.0,63.35662328001376,0.06516980057277291,4,194
scale-free,200,45,191,82.0,52.0,27.0,27.0,41.0,52.0,53.0,63.35662328001376,0.06516980057277291,4,194
scale-free,200,45,192,82.0,52.0,27.0,27.0,41.0,52.0,53.0,63.35662328001376,0.06516980057277291,4,194
scale-free,200,45,193,82.0,52.0,27.0,27.0,41.0,52.0,53.0,63.35662328001376,0.06516980057277291,4,194
scale-free,200,45,194,82.0,52.0,27.0,27.0,41.0,52.0,53.0,63.35662328001376,0.06516980057277291,4,194
scale-free,200,45,195,82.0,52.0,27.0,27.0,7.0,52.0,53.0,63.35662328001376,0.06516980057277291,4,194
scale-free,200,45,196,82.0,52.0,27.0,27.0,41.0,52.0,53.0,63.35662328001376,0.06516980057277291,4,194
scale-free,200,45,197,82.0,52.0,27.0,27.0,7.0,52.0,53.0,63.35662328001376,0.06516980057277291,4,194
scale-free,200,45,198,82.0,52.0,27.0,27.0,41.0,52.0,53.0,63.35662328001376,0.06516980057277291,4,194
scale-free,200,45,199,82.0,52.0,27.0,27.0,157.0,52.0,53.0,63.35662328001376,0.06516980057277291,4,194
scale-free,200,46,0,2.0,2.0,1.0,1.0,145.0,3.0,1.0,52.86026389474202,0.07162477406309882,5,192
scale-free,200,46,1,1.0,3.0,3.0,3.0,145.0,1.0,3.0,52.86026389474202,0.07162477406309882,5,192
scale-free,200,46,2,3.0,1.0,4.0,4.0,145.0,2.0,2.0,52.86026389474202,0.07162477406309882,5,192
scale-free,200,46,3,52.0,24.0,26.0,26.0,38.0,24.0,34.0,52.86026389474202,0.07162477406309882,5,192
scale-free,200,46,4,28.0,23.0,10.0,10.0,38.0,20.0,19.0,52.86026389474202,0.07162477406309882,5,192
scale-free,200,46,5,16.0,54.0,26.0,26.0,17.0,54.0,55.0,52.86026389474202,0.07162477406309882,5,192
scale-free,200,46,6,4.0,54.0,26.0,26.0,2.0,54.0,52.0,52.86026389474202,0.07162477406309882,5,192
scale-free,200,46,7,16.0,6.0,26.0,26.0,175.0,6.0,6.0,52.86026389474202,0.07162477406309882,5,192
scale-free,200,46,8,6.0,36.0,14.0,14.0,3.0,36.0,36.0,52.86026389474202,0.07162477406309882,5,192
scale-free,200,46,9,12.0,54.0,26.0,26.0,8.0,54.0,55.0,52.86026389474202,0.07162477406309882,5,192
scale-free,200,46,10,20.0,54.0,26.0,26.0,8.0,54.0,55.0,52.86026389474202,0.07162477406309882,5,192
scale-free,200,46,11,9.0,12.0,5.0,5.0,145.0,10.0,11.0,52.86026389474202,0.07162477406309882,5,192
scale-free,200,46,12,5.0,34.0,21.0,17.0,4.0,34.0,49.0,52.86026389474202,0.07162477406309882,5,192
scale-free,200,46,13,13.0,54.0,26.0,26.0,8.0,54.0,55.0,52.86026389474202,0.07162477406309882,5,192
scale-free,200,46,14,28.0,54.0,26.0,26.0,8.0,54.0,55.0,52.86026389474202,0.07162477406309882,5,192
scale-free,200,46,15,16.0,54.0,26.0,26.0,5.0,54.0,55.0,52.86026389474202,0.07162477406309882,5,192
scale-free,200,46,16,28.0,17.0,26.0,26.0,175.0,17.0,15.0,52.86026389474202,0.07162477406309882,5,192
scale-free,200,46,17,20.0,36.0,17.0,17.0,38.0,36.0,26.0,52.86026389474202,0.07162477406309882,5,192
scale-free,200,46,18,7.0,11.0,6.0,6.0,145.0,11.0,12.0,52.86026389474202,0.07162477406309882,5,192
scale-free,200,46,19,7.0,5.0,26.0,26.0,175.0,5.0,5.0,52.86026389474202,0.07162477406309882,5,192
scale-free,200,46,20,9.0,4.0,26.0,26.0,175.0,4.0,4.0,52.86026389474202,0.07162477406309882,5,192
scale-free,200,46,21,52.0,54.0,26.0,26.0,38.0,54.0,55.0,52.86026389474202,0.07162477406309882,5,192
scale-free,200,46,22,16.0,13.0,7.0,7.0,145.0,13.0,14.0,52.86026389474202,0.07162477406309882,5,192
scale-free,200,46,23,52.0,54.0,26.0,26.0,38.0,54.0,55.0,52.86026389474202,0.07162477406309882,5,192
scale-free,200,46,24,14.0,8.0,2.0,2.0,145.0,8.0,8.0,52.86026389474202,0.07162477406309882,5,192
scale-free,200,46,25,52.0,54.0,26.0,26.0,38.0,54.0,55.0,52.86026389474202,0.07162477406309882,5,192
scale-free,200,46,26,83.0,54.0,26.0,26.0,38.0,54.0,55.0,52.86026389474202,0.07162477406309882,5,192
scale-free,200,46,27,14.0,16.0,26.0,26.0,175.0,16.0,13.0,52.86026389474202,0.07162477406309882,5,192
scale-free,200,46,28,52.0,54.0,26.0,26.0,17.0,54.0,55.0,52.86026389474202,0.07162477406309882,5,192
scale-free,200,46,29,83.0,54.0,26.0,26.0,38.0,54.0,55.0,52.86026389474202,0.07162477406309882,5,192
scale-free,200,46,30,22.0,54.0,26.0,26.0,17.0,54.0,55.0,52.86026389474202,0.07162477406309882,5,192
scale-free,200,46,31,37.0,54.0,26.0,26.0,38.0,54.0,55.0,52.86026389474202,0.07162477406309882,5,192
scale-free,200,46,32,28.0,54.0,26.0,26.0,17.0,54.0,55.0,52.86026389474202,0.07162477406309882,5,192
scale-free,200,46,33,83.0,54.0,26.0,26.0,38.0,54.0,55.0,52.86026389474202,0.07162477406309882,5,192
scale-free,200,46,34,83.0,54.0,26.0,26.0,38.0,54.0,55.0,52.86026389474202,0.07162477406309882,5,192
scale-free,200,46,35,11.0,9.0,8.0,8.0,145.0,9.0,9.0,52.86026389474202,0.07162477406309882,5,192
scale-free,200,46,36,37.0,54.0,26.0,26.0,1.0,54.0,55.0,52.86026389474202,0.07162477406309882,5,192
scale-free,200,46,37,83.0,54.0,26.0,26.0,38.0,54.0,55.0,52.86026389474202,0.07162477406309882,5,192
scale-free,200,46,38,83.0,36.0,26.0,26.0,175.0,36.0,39.0,52.86026389474202,0.07162477406309882,5,192
scale-free,200,46,39,52.0,54.0,26.0,26.0,17.0,54.0,55.0,52.86026389474202,0.07162477406309882,5,192
scale-free,200,46,40,83.0,54.0,26.0,26.0,38.0,54.0,55.0,52.86026389474202,0.07162477406309882,5,192
scale-free,200,46,41,22.0,19.0,10.0,10.0,38.0,19.0,16.0,52.86026389474202,0.07162477406309882,5,192
scale-free,200,46,42,33.0,20.0,13.0,13.0,38.0,21.0,23.0,52.86026389474202,0.07162477406309882,5,192
scale-free,200,46,43,83.0,54.0,26.0,26.0,38.0,54.0,55.0,52.86026389474202,0.07162477406309882,5,192
scale-free,200,46,44,83.0,54.0,26.0,26.0,38.0,54.0,55.0,52.86026389474202,0.07162477406309882,5,192
scale-free,200,46,45,22.0,54.0,26.0,26.0,8.0,54.0,55.0,52.86026389474202,0.07162477406309882,5,192
scale-free,200,46,46,33.0,18.0,26.0,26.0,175.0,18.0,18.0,52.86026389474202,0.07162477406309882,5,192
scale-free,200,46,47,83.0,54.0,26.0,26.0,154.0,54.0,55.0,52.86026389474202,0.07162477406309882,5,192
scale-free,200,46,48,37.0,54.0,26.0,26.0,38.0,54.0,55.0,52.86026389474202,0.07162477406309882,5,192
scale-free,200,46,49,52.0,54.0,26.0,26.0,38.0,54.0,55.0,52.86026389474202,0.07162477406309882,5,192
scale-free,200,46,50,83.0,54.0,26.0,26.0,38.0,54.0,55.0,52.86026389474202,0.07162477406309882,5,192
scale-free,200,46,51,52.0,34.0,15.0,15.0,17.0,34.0,22.0,52.86026389474202,0.07162477406309882,5,192
scale-free,200,46,52,52.0,54.0,26.0,26.0,38.0,54.0,55.0,52.86026389474202,0.07162477406309882,5,192
scale-free,200,46,53,83.0,54.0,26.0,26.0,38.0,54.0,55.0,52.86026389474202,0.07162477406309882,5,192
scale-free,200,46,54,83.0,32.0,26.0,26.0,175.0,32.0,50.0,52.86026389474202,0.07162477406309882,5,192
scale-free,200,46,55,37.0,36.0,26.0,26.0,38.0,36.0,48.0,52.86026389474202,0.07162477406309882,5,192
scale-free,200,46,56,28.0,54.0,26.0,26.0,38.0,54.0,55.0,52.86026389474202,0.07162477406309882,5,192
scale-free,200,46,57,37.0,54.0,26.0,26.0,38.0,54.0,55.0,52.86026389474202,0.07162477406309882,5,192
scale-free,200,46,58,52.0,54.0,26.0,26.0,38.0,54.0,55.0,52.86026389474202,0.07162477406309882,5,192
scale-free,200,46,59,83.0,54.0,26.0,26.0,38.0,54.0,55.0,52.86026389474202,0.07162477406309882,5,192
scale-free,200,46,60,83.0,54.0,26.0,26.0,38.0,54.0,55.0,52.86026389474202,0.07162477406309882,5,192
scale-free,200,46,61,83.0,36.0,26.0,26.0,175.0,36.0,39.0,52.86026389474202,0.07162477406309882,5,192
scale-free,200,46,62,37.0,54.0,26.0,26.0,38.0,54.0,55.0,52.86026389474202,0.07162477406309882,5,192
scale-free,200,46,63,22.0,10.0,26.0,26.0,175.0,12.0,10.0,52.86026389474202,0.07162477406309882,5,192
scale-free,200,46,64,83.0,54.0,26.0,26.0,154.0,54.0,55.0,52.86026389474202,0.07162477406309882,5,192
scale-free,200,46,65,22.0,22.0,12.0,12.0,8.0,23.0,25.0,52.86026389474202,0.07162477406309882,5,192
scale-free,200,46,66,83.0,54.0,26.0,26.0,38.0,54.0,55.0,52.86026389474202,0.07162477406309882,5,192
scale-free,200,46,67,83.0,54.0,26.0,26.0,5.0,54.0,55.0,52.86026389474202,0.07162477406309882,5,192
scale-free,200,46,68,37.0,54.0,26.0,26.0,17.0,54.0,55.0,52.86026389474202,0.07162477406309882,5,192
scale-free,200,46,69,33.0,26.0,22.0,22.0,17.0,26.0,32.0,52.86026389474202,0.07162477406309882,5,192
scale-free,200,46,70,37.0,54.0,26.0,26.0,38.0,54.0,55.0,52.86026389474202,0.07162477406309882,5,192
scale-free,200,46,71,83.0,36.0,26.0,26.0,175.0,36.0,45.0,52.86026389474202,0.07162477406309882,5,192
scale-free,200,46,72,83.0,54.0,26.0,26.0,17.0,54.0,55.0,52.86026389474202,0.07162477406309882,5,192
scale-free,200,46,73,37.0,54.0,26.0,26.0,5.0,54.0,55.0,52.86026389474202,0.07162477406309882,5,192
scale-free,200,46,74,37.0,54.0,26.0,26.0,38.0,54.0,55.0,52.86026389474202,0.07162477406309882,5,192
scale-free,200,46,75,52.0,36.0,25.0,25.0,38.0,36.0,45.0,52.86026389474202,0.07162477406309882,5,192
scale-free,200,46,76,83.0,54.0,26.0,26.0,38.0,54.0,55.0,52.86026389474202,0.07162477406309882,5,192
scale-free,200,46,77,52.0,54.0,26.0,26.0,38.0,54.0,55.0,52.86026389474202,0.07162477406309882,5,192
scale-free,200,46,78,52.0,26.0,26.0,26.0,175.0,26.0,43.0,52.86026389474202,0.07162477406309882,5,192
scale-free,200,46,79,83.0,54.0,26.0,26.0,38.0,54.0,55.0,52.86026389474202,0.07162477406309882,5,192
scale-free,200,46,80,52.0,54.0,26.0,26.0,17.0,54.0,55.0,52.86026389474202,0.07162477406309882,5,192
scale-free,200,46,81,83.0,54.0,26.0,26.0,38.0,54.0,55.0,52.86026389474202,0.07162477406309882,5,192
scale-free,200,46,82,83.0,36.0,26.0,26.0,175.0,36.0,52.0,52.86026389474202,0.07162477406309882,5,192
scale-free,200,46,83,37.0,54.0,26.0,26.0,17.0,54.0,55.0,52.86026389474202,0.07162477406309882,5,192
scale-free,200,46,84,83.0,54.0,26.0,26.0,38.0,54.0,55.0,52.86026389474202,0.07162477406309882,5,192
scale-free,200,46,85,52.0,36.0,17.0,17.0,38.0,36.0,26.0,52.86026389474202,0.07162477406309882,5,192
scale-free,200,46,86,83.0,54.0,26.0,26.0,38.0,54.0,55.0,52.86026389474202,0.07162477406309882,5,192
scale-free,200,46,87,37.0,54.0,26.0,26.0,38.0,54.0,55.0,52.86026389474202,0.07162477406309882,5,192
scale-free,200,46,88,83.0,54.0,26.0,26.0,38.0,54.0,55.0,52.86026389474202,0.07162477406309882,5,192
scale-free,200,46,89,83.0,54.0,26.0,26.0,38.0,54.0,55.0,52.86026389474202,0.07162477406309882,5,192
scale-free,200,46,90,52.0,54.0,26.0,26.0,38.0,54.0,55.0,52.86026389474202,0.07162477406309882,5,192
scale-free,200,46,91,52.0,36.0,24.0,24.0,8.0,36.0,36.0,52.86026389474202,0.07162477406309882,5,192
scale-free,200,46,92,83.0,54.0,26.0,26.0,38.0,54.0,55.0,52.86026389474202,0.07162477406309882,5,192
scale-free,200,46,93,83.0,54.0,26.0,26.0,17.0,54.0,55.0,52.86026389474202,0.07162477406309882,5,192
scale-free,200,46,94,52.0,32.0,23.0,23.0,17.0,32.0,50.0,52.86026389474202,0.07162477406309882,5,192
scale-free,200,46,95,22.0,54.0,26.0,26.0,17.0,54.0,55.0,52.86026389474202,0.07162477406309882,5,192
scale-free,200,46,96,83.0,54.0,26.0,26.0,38.0,54.0,55.0,52.86026389474202,0.07162477406309882,5,192
scale-free,200,46,97,52.0,26.0,26.0,26.0,175.0,26.0,24.0,52.86026389474202,0.07162477406309882,5,192
scale-free,200,46,98,33.0,7.0,9.0,9.0,145.0,7.0,7.0,52.86026389474202,0.07162477406309882,5,192
scale-free,200,46,99,83.0,54.0,26.0,26.0,38.0,54.0,55.0,52.86026389474202,0.07162477406309882,5,192
scale-free,200,46,100,52.0,54.0,26.0,26.0,17.0,54.0,55.0,52.86026389474202,0.07162477406309882,5,192
scale-free,200,46,101,83.0,54.0,26.0,26.0,154.0,54.0,55.0,52.86026389474202,0.07162477406309882,5,192
scale-free,200,46,102,83.0,54.0,26.0,26.0,38.0,54.0,55.0,52.86026389474202,0.07162477406309882,5,192
scale-free,200,46,103,83.0,54.0,26.0,26.0,38.0,54.0,55.0,52.86026389474202,0.07162477406309882,5,192
scale-free,200,46,104,83.0,14.0,26.0,26.0,175.0,14.0,31.0,52.86026389474202,0.07162477406309882,5,192
scale-free,200,46,105,83.0,54.0,26.0,26.0,38.0,54.0,55.0,52.86026389474202,0.07162477406309882,5,192
scale-free,200,46,106,52.0,21.0,26.0,26.0,175.0,21.0,30.0,52.86026389474202,0.07162477406309882,5,192
scale-free,200,46,107,83.0,54.0,26.0,26.0,38.0,54.0,55.0,52.86026389474202,0.07162477406309882,5,192
scale-free,200,46,108,83.0,54.0,26.0,26.0,38.0,54.0,55.0,52.86026389474202,0.07162477406309882,5,192
scale-free,200,46,109,83.0,54.0,26.0,26.0,38.0,54.0,55.0,52.86026389474202,0.07162477406309882,5,192
scale-free,200,46,110,83.0,54.0,26.0,26.0,38.0,54.0,55.0,52.86026389474202,0.07162477406309882,5,192
scale-free,200,46,111,52.0,54.0,26.0,26.0,38.0,54.0,55.0,52.86026389474202,0.07162477406309882,5,192
scale-free,200,46,112,83.0,54.0,26.0,26.0,154.0,54.0,55.0,52.86026389474202,0.07162477406309882,5,192
scale-free,200,46,113,83.0,36.0,26.0,26.0,175.0,36.0,41.0,52.86026389474202,0.07162477406309882,5,192
scale-free,200,46,114,83.0,54.0,26.0,26.0,38.0,54.0,55.0,52.86026389474202,0.07162477406309882,5,192
scale-free,200,46,115,83.0,54.0,26.0,26.0,38.0,54.0,55.0,52.86026389474202,0.07162477406309882,5,192
scale-free,200,46,116,37.0,15.0,26.0,26.0,175.0,15.0,17.0,52.86026389474202,0.07162477406309882,5,192
scale-free,200,46,117,52.0,54.0,26.0,26.0,38.0,54.0,55.0,52.86026389474202,0.07162477406309882,5,192
scale-free,200,46,118,83.0,54.0,26.0,26.0,154.0,54.0,55.0,52.86026389474202,0.07162477406309882,5,192
scale-free,200,46,119,52.0,54.0,26.0,26.0,17.0,54.0,55.0,52.86026389474202,0.07162477406309882,5,192
scale-free,200,46,120,83.0,54.0,26.0,26.0,38.0,54.0,55.0,52.86026389474202,0.07162477406309882,5,192
scale-free,200,46,121,52.0,54.0,26.0,26.0,8.0,54.0,55.0,52.86026389474202,0.07162477406309882,5,192
scale-free,200,46,122,83.0,54.0,26.0,26.0,154.0,54.0,55.0,52.86026389474202,0.07162477406309882,5,192
scale-free,200,46,123,83.0,54.0,26.0,26.0,38.0,54.0,55.0,52.86026389474202,0.07162477406309882,5,192
scale-free,200,46,124,83.0,54.0,26.0,26.0,38.0,54.0,55.0,52.86026389474202,0.07162477406309882,5,192
scale-free,200,46,125,83.0,54.0,26.0,26.0,38.0,54.0,55.0,52.86026389474202,0.07162477406309882,5,192
scale-free,200,46,126,83.0,54.0,26.0,26.0,38.0,54.0,55.0,52.86026389474202,0.07162477406309882,5,192
scale-free,200,46,127,37.0,54.0,26.0,26.0,17.0,54.0,55.0,52.86026389474202,0.07162477406309882,5,192
scale-free,200,46,128,83.0,54.0,26.0,26.0,154.0,54.0,55.0,52.86026389474202,0.07162477406309882,5,192
scale-free,200,46,129,37.0,26.0,16.0,16.0,38.0,26.0,21.0,52.86026389474202,0.07162477406309882,5,192
scale-free,200,46,130,83.0,54.0,26.0,26.0,38.0,54.0,55.0,52.86026389474202,0.07162477406309882,5,192
scale-free,200,46,131,52.0,54.0,26.0,26.0,8.0,54.0,55.0,52.86026389474202,0.07162477406309882,5,192
scale-free,200,46,132,83.0,54.0,26.0,26.0,38.0,54.0,55.0,52.86026389474202,0.07162477406309882,5,192
scale-free,200,46,133,83.0,54.0,26.0,26.0,154.0,54.0,55.0,52.86026389474202,0.07162477406309882,5,192
scale-free,200,46,134,83.0,54.0,26.0,26.0,38.0,54.0,55.0,52.86026389474202,0.07162477406309882,5,192
scale-free,200,46,135,83.0,54.0,26.0,26.0,38.0,54.0,55.0,52.86026389474202,0.07162477406309882,5,192
scale-free,200,46,136,83.0,54.0,26.0,26.0,38.0,54.0,55.0,52.86026389474202,0.07162477406309882,5,192
scale-free,200,46,137,83.0,54.0,26.0,26.0,154.0,54.0,55.0,52.86026389474202,0.07162477406309882,5,192
scale-free,200,46,138,83.0,36.0,26.0,26.0,175.0,36.0,52.0,52.86026389474202,0.07162477406309882,5,192
scale-free,200,46,139,83.0,54.0,26.0,26.0,17.0,54.0,55.0,52.86026389474202,0.07162477406309882,5,192
scale-free,200,46,140,52.0,36.0,17.0,17.0,38.0,36.0,26.0,52.86026389474202,0.07162477406309882,5,192
scale-free,200,46,141,83.0,54.0,26.0,26.0,38.0,54.0,55.0,52.86026389474202,0.07162477406309882,5,192
scale-free,200,46,142,83.0,54.0,26.0,26.0,38.0,54.0,55.0,52.86026389474202,0.07162477406309882,5,192
scale-free,200,46,143,83.0,54.0,26.0,26.0,38.0,54.0,55.0,52.86026389474202,0.07162477406309882,5,192
scale-free,200,46,144,83.0,54.0,26.0,26.0,154.0,54.0,55.0,52.86026389474202,0.07162477406309882,5,192
scale-free,200,46,145,52.0,26.0,26.0,26.0,175.0,26.0,47.0,52.86026389474202,0.07162477406309882,5,192
scale-free,200,46,146,83.0,54.0,26.0,26.0,38.0,54.0,55.0,52.86026389474202,0.07162477406309882,5,192
scale-free,200,46,147,83.0,54.0,26.0,26.0,38.0,54.0,55.0,52.86026389474202,0.07162477406309882,5,192
scale-free,200,46,148,83.0,54.0,26.0,26.0,38.0,54.0,55.0,52.86026389474202,0.07162477406309882,5,192
scale-free,200,46,149,83.0,54.0,26.0,26.0,38.0,54.0,55.0,52.86026389474202,0.07162477406309882,5,192
scale-free,200,46,150,83.0,54.0,26.0,26.0,38.0,54.0,55.0,52.86026389474202,0.07162477406309882,5,192
scale-free,200,46,151,83.0,54.0,26.0,26.0,38.0,54.0,55.0,52.86026389474202,0.07162477406309882,5,192
scale-free,200,46,152,83.0,54.0,26.0,26.0,38.0,54.0,55.0,52.86026389474202,0.07162477406309882,5,192
scale-free,200,46,153,83.0,54.0,26.0,26.0,17.0,54.0,55.0,52.86026389474202,0.07162477406309882,5,192
scale-free,200,46,154,83.0,54.0,26.0,26.0,38.0,54.0,55.0,52.86026389474202,0.07162477406309882,5,192
scale-free,200,46,155,52.0,54.0,26.0,26.0,38.0,54.0,55.0,52.86026389474202,0.07162477406309882,5,192
scale-free,200,46,156,83.0,54.0,26.0,26.0,154.0,54.0,55.0,52.86026389474202,0.07162477406309882,5,192
scale-free,200,46,157,83.0,54.0,26.0,26.0,38.0,54.0,55.0,52.86026389474202,0.07162477406309882,5,192
scale-free,200,46,158,83.0,54.0,26.0,26.0,38.0,54.0,55.0,52.86026389474202,0.07162477406309882,5,192
scale-free,200,46,159,52.0,36.0,17.0,17.0,38.0,36.0,26.0,52.86026389474202,0.07162477406309882,5,192
scale-free,200,46,160,83.0,54.0,26.0,26.0,154.0,54.0,55.0,52.86026389474202,0.07162477406309882,5,192
scale-free,200,46,161,83.0,54.0,26.0,26.0,154.0,54.0,55.0,52.86026389474202,0.07162477406309882,5,192
scale-free,200,46,162,83.0,54.0,26.0,26.0,17.0,54.0,55.0,52.86026389474202,0.07162477406309882,5,192
scale-free,200,46,163,83.0,54.0,26.0,26.0,38.0,54.0,55.0,52.86026389474202,0.07162477406309882,5,192
scale-free,200,46,164,52.0,26.0,26.0,26.0,175.0,26.0,20.0,52.86026389474202,0.07162477406309882,5,192
scale-free,200,46,165,83.0,54.0,26.0,26.0,154.0,54.0,55.0,52.86026389474202,0.07162477406309882,5,192
scale-free,200,46,166,83.0,54.0,26.0,26.0,38.0,54.0,55.0,52.86026389474202,0.07162477406309882,5,192
scale-free,200,46,167,83.0,54.0,26.0,26.0,38.0,54.0,55.0,52.86026389474202,0.07162477406309882,5,192
scale-free,200,46,168,83.0,36.0,26.0,26.0,175.0,36.0,41.0,52.86026389474202,0.07162477406309882,5,192
scale-free,200,46,169,83.0,54.0,26.0,26.0,38.0,54.0,55.0,52.86026389474202,0.07162477406309882,5,192
scale-free,200,46,170,83.0,54.0,26.0,26.0,38.0,54.0,55.0,52.86026389474202,0.07162477406309882,5,192
scale-free,200,46,171,83.0,54.0,26.0,26.0,154.0,54.0,55.0,52.86026389474202,0.07162477406309882,5,192
scale-free,200,46,172,83.0,36.0,26.0,26.0,175.0,36.0,36.0,52.86026389474202,0.07162477406309882,5,192
scale-free,200,46,173,83.0,54.0,26.0,26.0,38.0,54.0,55.0,52.86026389474202,0.07162477406309882,5,192
scale-free,200,46,174,83.0,54.0,26.0,26.0,38.0,54.0,55.0,52.86026389474202,0.07162477406309882,5,192
scale-free,200,46,175,83.0,54.0,26.0,26.0,38.0,54.0,55.0,52.86026389474202,0.07162477406309882,5,192
scale-free,200,46,176,83.0,54.0,26.0,26.0,38.0,54.0,55.0,52.86026389474202,0.07162477406309882,5,192
scale-free,200,46,177,83.0,54.0,26.0,26.0,154.0,54.0,55.0,52.86026389474202,0.07162477406309882,5,192
scale-free,200,46,178,83.0,54.0,26.0,26.0,38.0,54.0,55.0,52.86026389474202,0.07162477406309882,5,192
scale-free,200,46,179,83.0,54.0,26.0,26.0,38.0,54.0,55.0,52.86026389474202,0.07162477406309882,5,192
scale-free,200,46,180,83.0,54.0,26.0,26.0,154.0,54.0,55.0,52.86026389474202,0.07162477406309882,5,192
scale-free,200,46,181,83.0,54.0,26.0,26.0,38.0,54.0,55.0,52.86026389474202,0.07162477406309882,5,192
scale-free,200,46,182,83.0,54.0,26.0,26.0,38.0,54.0,55.0,52.86026389474202,0.07162477406309882,5,192
scale-free,200,46,183,83.0,36.0,26.0,26.0,175.0,36.0,44.0,52.86026389474202,0.07162477406309882,5,192
scale-free,200,46,184,83.0,24.0,26.0,26.0,175.0,24.0,34.0,52.86026389474202,0.07162477406309882,5,192
scale-free,200,46,185,83.0,54.0,26.0,26.0,154.0,54.0,55.0,52.86026389474202,0.07162477406309882,5,192
scale-free,200,46,186,83.0,54.0,26.0,26.0,38.0,54.0,55.0,52.86026389474202,0.07162477406309882,5,192
scale-free,200,46,187,83.0,36.0,26.0,26.0,175.0,36.0,33.0,52.86026389474202,0.07162477406309882,5,192
scale-free,200,46,188,83.0,54.0,26.0,26.0,17.0,54.0,55.0,52.86026389474202,0.07162477406309882,5,192
scale-free,200,46,189,83.0,54.0,26.0,26.0,38.0,54.0,55.0,52.86026389474202,0.07162477406309882,5,192
scale-free,200,46,190,83.0,54.0,26.0,26.0,38.0,54.0,55.0,52.86026389474202,0.07162477406309882,5,192
scale-free,200,46,191,83.0,54.0,26.0,26.0,38.0,54.0,55.0,52.86026389474202,0.07162477406309882,5,192
scale-free,200,46,192,83.0,54.0,26.0,26.0,38.0,54.0,55.0,52.86026389474202,0.07162477406309882,5,192
scale-free,200,46,193,83.0,54.0,26.0,26.0,154.0,54.0,55.0,52.86026389474202,0.07162477406309882,5,192
scale-free,200,46,194,83.0,54.0,26.0,26.0,38.0,54.0,55.0,52.86026389474202,0.07162477406309882,5,192
scale-free,200,46,195,83.0,54.0,26.0,26.0,154.0,54.0,55.0,52.86026389474202,0.07162477406309882,5,192
scale-free,200,46,196,83.0,54.0,26.0,26.0,38.0,54.0,55.0,52.86026389474202,0.07162477406309882,5,192
scale-free,200,46,197,83.0,54.0,26.0,26.0,154.0,54.0,55.0,52.86026389474202,0.07162477406309882,5,192
scale-free,200,46,198,83.0,54.0,26.0,26.0,38.0,54.0,55.0,52.86026389474202,0.07162477406309882,5,192
scale-free,200,46,199,83.0,54.0,26.0,26.0,38.0,54.0,55.0,52.86026389474202,0.07162477406309882,5,192
