scale-free,200,5,0,4.0,5.0,1.0,1.0,151.0,5.0,4.0,51.1065387947801,0.07588155030179455,5,187
scale-free,200,5,1,10.0,6.0,5.0,5.0,151.0,6.0,5.0,51.1065387947801,0.07588155030179455,5,187
scale-free,200,5,2,2.0,2.0,3.0,3.0,151.0,2.0,2.0,51.1065387947801,0.07588155030179455,5,187
scale-free,200,5,3,1.0,1.0,4.0,4.0,151.0,1.0,1.0,51.1065387947801,0.07588155030179455,5,187
scale-free,200,5,4,7.0,10.0,9.0,9.0,151.0,7.0,11.0,51.1065387947801,0.07588155030179455,5,187
scale-free,200,5,5,60.0,50.0,31.0,31.0,22.0,50.0,51.0,51.1065387947801,0.07588155030179455,5,187
scale-free,200,5,6,3.0,3.0,2.0,2.0,151.0,3.0,3.0,51.1065387947801,0.07588155030179455,5,187
scale-free,200,5,7,17.0,50.0,31.0,31.0,8.0,50.0,51.0,51.1065387947801,0.07588155030179455,5,187
scale-free,200,5,8,43.0,50.0,31.0,31.0,22.0,50.0,51.0,51.1065387947801,0.07588155030179455,5,187
scale-free,200,5,9,6.0,9.0,6.0,6.0,151.0,9.0,7.0,51.1065387947801,0.07588155030179455,5,187
scale-free,200,5,10,7.0,13.0,11.0,12.0,151.0,10.0,10.0,51.1065387947801,0.07588155030179455,5,187
scale-free,200,5,11,33.0,50.0,31.0,31.0,22.0,50.0,51.0,51.1065387947801,0.07588155030179455,5,187
scale-free,200,5,12,13.0,36.0,24.0,24.0,8.0,36.0,46.0,51.1065387947801,0.07588155030179455,5,187
scale-free,200,5,13,22.0,50.0,31.0,31.0,22.0,50.0,51.0,51.1065387947801,0.07588155030179455,5,187
scale-free,200,5,14,33.0,36.0,17.0,17.0,44.0,36.0,31.0,51.1065387947801,0.07588155030179455,5,187
scale-free,200,5,15,13.0,23.0,12.0,11.0,22.0,23.0,19.0,51.1065387947801,0.07588155030179455,5,187
scale-free,200,5,16,19.0,50.0,31.0,31.0,11.0,50.0,51.0,51.1065387947801,0.07588155030179455,5,187
scale-free,200,5,17,13.0,50.0,31.0,31.0,1.0,50.0,51.0,51.1065387947801,0.07588155030179455,5,187
scale-free,200,5,18,5.0,4.0,31.0,31.0,183.0,4.0,6.0,51.1065387947801,0.07588155030179455,5,187
scale-free,200,5,19,60.0,50.0,31.0,31.0,44.0,50.0,51.0,51.1065387947801,0.07588155030179455,5,187
scale-free,200,5,20,7.0,50.0,31.0,31.0,11.0,50.0,51.0,51.1065387947801,0.07588155030179455,5,187
scale-free,200,5,21,60.0,50.0,31.0,31.0,44.0,50.0,51.0,51.1065387947801,0.07588155030179455,5,187
scale-free,200,5,22,43.0,50.0,31.0,31.0,44.0,50.0,51.0,51.1065387947801,0.07588155030179455,5,187
scale-free,200,5,23,93.0,50.0,31.0,31.0,44.0,50.0,51.0,51.1065387947801,0.07588155030179455,5,187
scale-free,200,5,24,10.0,16.0,7.0,7.0,151.0,16.0,14.0,51.1065387947801,0.07588155030179455,5,187
scale-free,200,5,25,18.0,22.0,13.0,13.0,8.0,22.0,20.0,51.1065387947801,0.07588155030179455,5,187
scale-free,200,5,26,13.0,50.0,31.0,31.0,44.0,50.0,51.0,51.1065387947801,0.07588155030179455,5,187
scale-free,200,5,27,43.0,50.0,31.0,31.0,44.0,50.0,51.0,51.1065387947801,0.07588155030179455,5,187
scale-free,200,5,28,33.0,36.0,22.0,22.0,22.0,36.0,36.0,51.1065387947801,0.07588155030179455,5,187
scale-free,200,5,29,25.0,23.0,20.0,21.0,44.0,23.0,27.0,51.1065387947801,0.07588155030179455,5,187
scale-free,200,5,30,22.0,50.0,31.0,31.0,22.0,50.0,48.0,51.1065387947801,0.07588155030179455,5,187
scale-free,200,5,31,93.0,50.0,31.0,31.0,44.0,50.0,51.0,51.1065387947801,0.07588155030179455,5,187
scale-free,200,5,32,93.0,50.0,31.0,31.0,44.0,50.0,51.0,51.1065387947801,0.07588155030179455,5,187
scale-free,200,5,33,60.0,36.0,30.0,30.0,165.0,36.0,43.0,51.1065387947801,0.07588155030179455,5,187
scale-free,200,5,34,93.0,50.0,31.0,31.0,44.0,50.0,51.0,51.1065387947801,0.07588155030179455,5,187
scale-free,200,5,35,43.0,50.0,31.0,31.0,11.0,50.0,51.0,51.1065387947801,0.07588155030179455,5,187
scale-free,200,5,36,25.0,14.0,31.0,31.0,183.0,14.0,12.0,51.1065387947801,0.07588155030179455,5,187
scale-free,200,5,37,93.0,50.0,31.0,31.0,165.0,50.0,51.0,51.1065387947801,0.07588155030179455,5,187
scale-free,200,5,38,93.0,50.0,31.0,31.0,44.0,50.0,51.0,51.1065387947801,0.07588155030179455,5,187
scale-free,200,5,39,60.0,50.0,31.0,31.0,11.0,50.0,51.0,51.1065387947801,0.07588155030179455,5,187
scale-free,200,5,40,60.0,26.0,29.0,29.0,44.0,26.0,29.0,51.1065387947801,0.07588155030179455,5,187
scale-free,200,5,41,60.0,50.0,31.0,31.0,11.0,50.0,51.0,51.1065387947801,0.07588155030179455,5,187
scale-free,200,5,42,93.0,28.0,31.0,31.0,183.0,28.0,35.0,51.1065387947801,0.07588155030179455,5,187
scale-free,200,5,43,93.0,50.0,31.0,31.0,44.0,50.0,51.0,51.1065387947801,0.07588155030179455,5,187
scale-free,200,5,44,29.0,32.0,25.0,25.0,44.0,32.0,41.0,51.1065387947801,0.07588155030179455,5,187
scale-free,200,5,45,22.0,11.0,16.0,16.0,151.0,12.0,13.0,51.1065387947801,0.07588155030179455,5,187
scale-free,200,5,46,60.0,50.0,31.0,31.0,22.0,50.0,51.0,51.1065387947801,0.07588155030179455,5,187
scale-free,200,5,47,43.0,50.0,31.0,31.0,22.0,50.0,51.0,51.1065387947801,0.07588155030179455,5,187
scale-free,200,5,48,43.0,20.0,15.0,15.0,151.0,20.0,21.0,51.1065387947801,0.07588155030179455,5,187
scale-free,200,5,49,33.0,50.0,31.0,31.0,4.0,50.0,51.0,51.1065387947801,0.07588155030179455,5,187
scale-free,200,5,50,33.0,31.0,28.0,28.0,165.0,31.0,34.0,51.1065387947801,0.07588155030179455,5,187
scale-free,200,5,51,43.0,29.0,31.0,31.0,183.0,28.0,25.0,51.1065387947801,0.07588155030179455,5,187
scale-free,200,5,52,93.0,50.0,31.0,31.0,44.0,50.0,51.0,51.1065387947801,0.07588155030179455,5,187
scale-free,200,5,53,25.0,50.0,31.0,31.0,44.0,50.0,51.0,51.1065387947801,0.07588155030179455,5,187
scale-free,200,5,54,33.0,26.0,21.0,20.0,22.0,26.0,29.0,51.1065387947801,0.07588155030179455,5,187
scale-free,200,5,55,93.0,50.0,31.0,31.0,44.0,50.0,51.0,51.1065387947801,0.07588155030179455,5,187
scale-free,200,5,56,25.0,50.0,31.0,31.0,1.0,50.0,51.0,51.1065387947801,0.07588155030179455,5,187
scale-free,200,5,57,33.0,50.0,31.0,31.0,44.0,50.0,51.0,51.1065387947801,0.07588155030179455,5,187
scale-free,200,5,58,29.0,7.0,31.0,31.0,183.0,8.0,8.0,51.1065387947801,0.07588155030179455,5,187
scale-free,200,5,59,93.0,50.0,31.0,31.0,44.0,50.0,51.0,51.1065387947801,0.07588155030179455,5,187
scale-free,200,5,60,93.0,50.0,31.0,31.0,44.0,50.0,51.0,51.1065387947801,0.07588155030179455,5,187
scale-free,200,5,61,19.0,15.0,31.0,31.0,183.0,13.0,16.0,51.1065387947801,0.07588155030179455,5,187
scale-free,200,5,62,93.0,50.0,31.0,31.0,44.0,50.0,51.0,51.1065387947801,0.07588155030179455,5,187
scale-free,200,5,63,29.0,50.0,31.0,31.0,44.0,50.0,51.0,51.1065387947801,0.07588155030179455,5,187
scale-free,200,5,64,12.0,21.0,10.0,10.0,44.0,21.0,17.0,51.1065387947801,0.07588155030179455,5,187
scale-free,200,5,65,60.0,50.0,31.0,31.0,44.0,50.0,51.0,51.1065387947801,0.07588155030179455,5,187
scale-free,200,5,66,93.0,50.0,31.0,31.0,44.0,50.0,51.0,51.1065387947801,0.07588155030179455,5,187
scale-free,200,5,67,60.0,50.0,31.0,31.0,44.0,50.0,51.0,51.1065387947801,0.07588155030179455,5,187
scale-free,200,5,68,43.0,50.0,31.0,31.0,3.0,50.0,51.0,51.1065387947801,0.07588155030179455,5,187
scale-free,200,5,69,60.0,50.0,31.0,31.0,11.0,50.0,51.0,51.1065387947801,0.07588155030179455,5,187
scale-free,200,5,70,93.0,50.0,31.0,31.0,44.0,50.0,51.0,51.1065387947801,0.07588155030179455,5,187
scale-free,200,5,71,60.0,33.0,31.0,31.0,183.0,33.0,28.0,51.1065387947801,0.07588155030179455,5,187
scale-free,200,5,72,19.0,19.0,14.0,14.0,151.0,19.0,18.0,51.1065387947801,0.07588155030179455,5,187
scale-free,200,5,73,43.0,18.0,8.0,8.0,151.0,18.0,23.0,51.1065387947801,0.07588155030179455,5,187
scale-free,200,5,74,93.0,50.0,31.0,31.0,165.0,50.0,51.0,51.1065387947801,0.07588155030179455,5,187
scale-free,200,5,75,43.0,50.0,31.0,31.0,44.0,50.0,51.0,51.1065387947801,0.07588155030179455,5,187
scale-free,200,5,76,93.0,50.0,31.0,31.0,44.0,50.0,51.0,51.1065387947801,0.07588155030179455,5,187
scale-free,200,5,77,33.0,25.0,31.0,31.0,183.0,25.0,24.0,51.1065387947801,0.07588155030179455,5,187
scale-free,200,5,78,29.0,50.0,31.0,31.0,22.0,50.0,51.0,51.1065387947801,0.07588155030179455,5,187
scale-free,200,5,79,33.0,36.0,17.0,17.0,44.0,36.0,31.0,51.1065387947801,0.07588155030179455,5,187
scale-free,200,5,80,60.0,35.0,27.0,27.0,44.0,35.0,40.0,51.1065387947801,0.07588155030179455,5,187
scale-free,200,5,81,93.0,50.0,31.0,31.0,165.0,50.0,51.0,51.1065387947801,0.07588155030179455,5,187
scale-free,200,5,82,93.0,50.0,31.0,31.0,44.0,50.0,51.0,51.1065387947801,0.07588155030179455,5,187
scale-free,200,5,83,93.0,50.0,31.0,31.0,44.0,50.0,51.0,51.1065387947801,0.07588155030179455,5,187
scale-free,200,5,84,43.0,50.0,31.0,31.0,44.0,50.0,51.0,51.1065387947801,0.07588155030179455,5,187
scale-free,200,5,85,60.0,36.0,26.0,26.0,4.0,36.0,43.0,51.1065387947801,0.07588155030179455,5,187
scale-free,200,5,86,60.0,50.0,31.0,31.0,44.0,50.0,51.0,51.1065387947801,0.07588155030179455,5,187
scale-free,200,5,87,93.0,50.0,31.0,31.0,44.0,50.0,51.0,51.1065387947801,0.07588155030179455,5,187
scale-free,200,5,88,93.0,50.0,31.0,31.0,44.0,50.0,51.0,51.1065387947801,0.07588155030179455,5,187
scale-free,200,5,89,60.0,50.0,31.0,31.0,22.0,50.0,51.0,51.1065387947801,0.07588155030179455,5,187
scale-free,200,5,90,93.0,50.0,31.0,31.0,44.0,50.0,51.0,51.1065387947801,0.07588155030179455,5,187
scale-free,200,5,91,93.0,50.0,31.0,31.0,44.0,50.0,51.0,51.1065387947801,0.07588155030179455,5,187
scale-free,200,5,92,43.0,29.0,31.0,31.0,183.0,28.0,42.0,51.1065387947801,0.07588155030179455,5,187
scale-free,200,5,93,60.0,50.0,31.0,31.0,44.0,50.0,51.0,51.1065387947801,0.07588155030179455,5,187
scale-free,200,5,94,60.0,17.0,31.0,31.0,151.0,17.0,22.0,51.1065387947801,0.07588155030179455,5,187
scale-free,200,5,95,93.0,50.0,31.0,31.0,44.0,50.0,51.0,51.1065387947801,0.07588155030179455,5,187
scale-free,200,5,96,60.0,50.0,31.0,31.0,44.0,50.0,51.0,51.1065387947801,0.07588155030179455,5,187
scale-free,200,5,97,93.0,50.0,31.0,31.0,44.0,50.0,51.0,51.1065387947801,0.07588155030179455,5,187
scale-free,200,5,98,60.0,8.0,31.0,31.0,183.0,11.0,9.0,51.1065387947801,0.07588155030179455,5,187
scale-free,200,5,99,93.0,50.0,31.0,31.0,44.0,50.0,51.0,51.1065387947801,0.07588155030179455,5,187
scale-free,200,5,100,93.0,50.0,31.0,31.0,44.0,50.0,51.0,51.1065387947801,0.07588155030179455,5,187
scale-free,200,5,101,93.0,50.0,31.0,31.0,22.0,50.0,51.0,51.1065387947801,0.07588155030179455,5,187
scale-free,200,5,102,93.0,50.0,31.0,31.0,44.0,50.0,51.0,51.1065387947801,0.07588155030179455,5,187
scale-free,200,5,103,43.0,50.0,31.0,31.0,11.0,50.0,51.0,51.1065387947801,0.07588155030179455,5,187
scale-free,200,5,104,93.0,50.0,31.0,31.0,44.0,50.0,51.0,51.1065387947801,0.07588155030179455,5,187
scale-free,200,5,105,33.0,50.0,31.0,31.0,22.0,50.0,51.0,51.1065387947801,0.07588155030179455,5,187
scale-free,200,5,106,93.0,50.0,31.0,31.0,4.0,50.0,51.0,51.1065387947801,0.07588155030179455,5,187
scale-free,200,5,107,60.0,36.0,22.0,23.0,44.0,36.0,36.0,51.1065387947801,0.07588155030179455,5,187
scale-free,200,5,108,93.0,50.0,31.0,31.0,44.0,50.0,51.0,51.1065387947801,0.07588155030179455,5,187
scale-free,200,5,109,93.0,50.0,31.0,31.0,165.0,50.0,51.0,51.1065387947801,0.07588155030179455,5,187
scale-free,200,5,110,93.0,50.0,31.0,31.0,165.0,50.0,51.0,51.1065387947801,0.07588155030179455,5,187
scale-free,200,5,111,93.0,50.0,31.0,31.0,44.0,50.0,51.0,51.1065387947801,0.07588155030179455,5,187
scale-free,200,5,112,93.0,50.0,31.0,31.0,165.0,50.0,51.0,51.1065387947801,0.07588155030179455,5,187
scale-free,200,5,113,93.0,50.0,31.0,31.0,22.0,50.0,51.0,51.1065387947801,0.07588155030179455,5,187
scale-free,200,5,114,93.0,36.0,31.0,31.0,183.0,36.0,49.0,51.1065387947801,0.07588155030179455,5,187
scale-free,200,5,115,43.0,50.0,31.0,31.0,44.0,50.0,51.0,51.1065387947801,0.07588155030179455,5,187
scale-free,200,5,116,93.0,50.0,31.0,31.0,44.0,50.0,51.0,51.1065387947801,0.07588155030179455,5,187
scale-free,200,5,117,93.0,50.0,31.0,31.0,44.0,50.0,51.0,51.1065387947801,0.07588155030179455,5,187
scale-free,200,5,118,93.0,50.0,31.0,31.0,165.0,50.0,51.0,51.1065387947801,0.07588155030179455,5,187
scale-free,200,5,119,60.0,50.0,31.0,31.0,22.0,50.0,51.0,51.1065387947801,0.07588155030179455,5,187
scale-free,200,5,120,93.0,12.0,31.0,31.0,183.0,15.0,15.0,51.1065387947801,0.07588155030179455,5,187
scale-free,200,5,121,93.0,50.0,31.0,31.0,165.0,50.0,51.0,51.1065387947801,0.07588155030179455,5,187
scale-free,200,5,122,93.0,50.0,31.0,31.0,11.0,50.0,51.0,51.1065387947801,0.07588155030179455,5,187
scale-free,200,5,123,93.0,36.0,31.0,31.0,183.0,36.0,50.0,51.1065387947801,0.07588155030179455,5,187
scale-free,200,5,124,60.0,50.0,31.0,31.0,44.0,50.0,51.0,51.1065387947801,0.07588155030179455,5,187
scale-free,200,5,125,93.0,50.0,31.0,31.0,44.0,50.0,51.0,51.1065387947801,0.07588155030179455,5,187
scale-free,200,5,126,60.0,50.0,31.0,31.0,44.0,50.0,51.0,51.1065387947801,0.07588155030179455,5,187
scale-free,200,5,127,93.0,36.0,31.0,31.0,183.0,36.0,43.0,51.1065387947801,0.07588155030179455,5,187
scale-free,200,5,128,93.0,50.0,31.0,31.0,44.0,50.0,51.0,51.1065387947801,0.07588155030179455,5,187
scale-free,200,5,129,60.0,50.0,31.0,31.0,44.0,50.0,51.0,51.1065387947801,0.07588155030179455,5,187
scale-free,200,5,130,60.0,50.0,31.0,31.0,44.0,50.0,51.0,51.1065387947801,0.07588155030179455,5,187
scale-free,200,5,131,93.0,50.0,31.0,31.0,44.0,50.0,51.0,51.1065387947801,0.07588155030179455,5,187
scale-free,200,5,132,93.0,50.0,31.0,31.0,44.0,50.0,51.0,51.1065387947801,0.07588155030179455,5,187
scale-free,200,5,133,93.0,50.0,31.0,31.0,44.0,50.0,51.0,51.1065387947801,0.07588155030179455,5,187
scale-free,200,5,134,43.0,50.0,31.0,31.0,44.0,50.0,51.0,51.1065387947801,0.07588155030179455,5,187
scale-free,200,5,135,60.0,33.0,31.0,31.0,183.0,33.0,26.0,51.1065387947801,0.07588155030179455,5,187
scale-free,200,5,136,93.0,50.0,31.0,31.0,44.0,50.0,51.0,51.1065387947801,0.07588155030179455,5,187
scale-free,200,5,137,93.0,50.0,31.0,31.0,44.0,50.0,51.0,51.1065387947801,0.07588155030179455,5,187
scale-free,200,5,138,93.0,50.0,31.0,31.0,44.0,50.0,51.0,51.1065387947801,0.07588155030179455,5,187
scale-free,200,5,139,93.0,50.0,31.0,31.0,165.0,50.0,51.0,51.1065387947801,0.07588155030179455,5,187
scale-free,200,5,140,60.0,50.0,31.0,31.0,44.0,50.0,51.0,51.1065387947801,0.07588155030179455,5,187
scale-free,200,5,141,60.0,36.0,17.0,17.0,44.0,36.0,31.0,51.1065387947801,0.07588155030179455,5,187
scale-free,200,5,142,93.0,50.0,31.0,31.0,44.0,50.0,51.0,51.1065387947801,0.07588155030179455,5,187
scale-free,200,5,143,93.0,36.0,31.0,31.0,183.0,36.0,47.0,51.1065387947801,0.07588155030179455,5,187
scale-free,200,5,144,93.0,50.0,31.0,31.0,165.0,50.0,51.0,51.1065387947801,0.07588155030179455,5,187
scale-free,200,5,145,93.0,50.0,31.0,31.0,44.0,50.0,51.0,51.1065387947801,0.07588155030179455,5,187
scale-free,200,5,146,93.0,50.0,31.0,31.0,44.0,50.0,51.0,51.1065387947801,0.07588155030179455,5,187
scale-free,200,5,147,60.0,50.0,31.0,31.0,44.0,50.0,51.0,51.1065387947801,0.07588155030179455,5,187
scale-free,200,5,148,93.0,50.0,31.0,31.0,44.0,50.0,51.0,51.1065387947801,0.07588155030179455,5,187
scale-free,200,5,149,93.0,50.0,31.0,31.0,44.0,50.0,51.0,51.1065387947801,0.07588155030179455,5,187
scale-free,200,5,150,93.0,50.0,31.0,31.0,44.0,50.0,51.0,51.1065387947801,0.07588155030179455,5,187
scale-free,200,5,151,93.0,50.0,31.0,31.0,44.0,50.0,51.0,51.1065387947801,0.07588155030179455,5,187
scale-free,200,5,152,93.0,50.0,31.0,31.0,44.0,50.0,51.0,51.1065387947801,0.07588155030179455,5,187
scale-free,200,5,153,93.0,50.0,31.0,31.0,11.0,50.0,51.0,51.1065387947801,0.07588155030179455,5,187
scale-free,200,5,154,93.0,50.0,31.0,31.0,11.0,50.0,51.0,51.1065387947801,0.07588155030179455,5,187
scale-free,200,5,155,43.0,50.0,31.0,31.0,44.0,50.0,51.0,51.1065387947801,0.07588155030179455,5,187
scale-free,200,5,156,93.0,50.0,31.0,31.0,44.0,50.0,51.0,51.1065387947801,0.07588155030179455,5,187
scale-free,200,5,157,93.0,50.0,31.0,31.0,165.0,50.0,51.0,51.1065387947801,0.07588155030179455,5,187
scale-free,200,5,158,93.0,50.0,31.0,31.0,44.0,50.0,51.0,51.1065387947801,0.07588155030179455,5,187
scale-free,200,5,159,93.0,50.0,31.0,31.0,44.0,50.0,51.0,51.1065387947801,0.07588155030179455,5,187
scale-free,200,5,160,43.0,50.0,31.0,31.0,44.0,50.0,51.0,51.1065387947801,0.07588155030179455,5,187
scale-free,200,5,161,93.0,50.0,31.0,31.0,165.0,50.0,51.0,51.1065387947801,0.07588155030179455,5,187
scale-free,200,5,162,93.0,50.0,31.0,31.0,44.0,50.0,51.0,51.1065387947801,0.07588155030179455,5,187
scale-free,200,5,163,93.0,50.0,31.0,31.0,22.0,50.0,51.0,51.1065387947801,0.07588155030179455,5,187
scale-free,200,5,164,93.0,50.0,31.0,31.0,22.0,50.0,51.0,51.1065387947801,0.07588155030179455,5,187
scale-free,200,5,165,93.0,50.0,31.0,31.0,44.0,50.0,51.0,51.1065387947801,0.07588155030179455,5,187
scale-free,200,5,166,60.0,50.0,31.0,31.0,22.0,50.0,51.0,51.1065387947801,0.07588155030179455,5,187
scale-free,200,5,167,60.0,50.0,31.0,31.0,22.0,50.0,51.0,51.1065387947801,0.07588155030179455,5,187
scale-free,200,5,168,93.0,50.0,31.0,31.0,44.0,50.0,51.0,51.1065387947801,0.07588155030179455,5,187
scale-free,200,5,169,93.0,50.0,31.0,31.0,22.0,50.0,51.0,51.1065387947801,0.07588155030179455,5,187
scale-free,200,5,170,93.0,50.0,31.0,31.0,44.0,50.0,51.0,51.1065387947801,0.07588155030179455,5,187
scale-free,200,5,171,93.0,50.0,31.0,31.0,165.0,50.0,51.0,51.1065387947801,0.07588155030179455,5,187
scale-free,200,5,172,93.0,50.0,31.0,31.0,44.0,50.0,51.0,51.1065387947801,0.07588155030179455,5,187
scale-free,200,5,173,93.0,50.0,31.0,31.0,11.0,50.0,51.0,51.1065387947801,0.07588155030179455,5,187
scale-free,200,5,174,93.0,50.0,31.0,31.0,165.0,50.0,51.0,51.1065387947801,0.07588155030179455,5,187
scale-free,200,5,175,93.0,50.0,31.0,31.0,44.0,50.0,51.0,51.1065387947801,0.07588155030179455,5,187
scale-free,200,5,176,93.0,50.0,31.0,31.0,44.0,50.0,51.0,51.1065387947801,0.07588155030179455,5,187
scale-free,200,5,177,93.0,50.0,31.0,31.0,44.0,50.0,51.0,51.1065387947801,0.07588155030179455,5,187
scale-free,200,5,178,93.0,50.0,31.0,31.0,44.0,50.0,51.0,51.1065387947801,0.07588155030179455,5,187
scale-free,200,5,179,93.0,50.0,31.0,31.0,44.0,50.0,51.0,51.1065387947801,0.07588155030179455,5,187
scale-free,200,5,180,93.0,50.0,31.0,31.0,44.0,50.0,51.0,51.1065387947801,0.07588155030179455,5,187
scale-free,200,5,181,60.0,50.0,31.0,31.0,44.0,50.0,51.0,51.1065387947801,0.07588155030179455,5,187
scale-free,200,5,182,93.0,36.0,31.0,31.0,183.0,36.0,36.0,51.1065387947801,0.07588155030179455,5,187
scale-free,200,5,183,93.0,50.0,31.0,31.0,165.0,50.0,51.0,51.1065387947801,0.07588155030179455,5,187
scale-free,200,5,184,93.0,50.0,31.0,31.0,44.0,50.0,51.0,51.1065387947801,0.07588155030179455,5,187
scale-free,200,5,185,93.0,50.0,31.0,31.0,44.0,50.0,51.0,51.1065387947801,0.07588155030179455,5,187
scale-free,200,5,186,93.0,50.0,31.0,31.0,44.0,50.0,51.0,51.1065387947801,0.07588155030179455,5,187
scale-free,200,5,187,93.0,50.0,31.0,31.0,44.0,50.0,51.0,51.1065387947801,0.07588155030179455,5,187
scale-free,200,5,188,93.0,50.0,31.0,31.0,44.0,50.0,51.0,51.1065387947801,0.07588155030179455,5,187
scale-free,200,5,189,93.0,50.0,31.0,31.0,44.0,50.0,51.0,51.1065387947801,0.07588155030179455,5,187
scale-free,200,5,190,93.0,50.0,31.0,31.0,44.0,50.0,51.0,51.1065387947801,0.07588155030179455,5,187
scale-free,200,5,191,93.0,36.0,31.0,31.0,183.0,36.0,36.0,51.1065387947801,0.07588155030179455,5,187
scale-free,200,5,192,93.0,50.0,31.0,31.0,4.0,50.0,51.0,51.1065387947801,0.07588155030179455,5,187
scale-free,200,5,193,93.0,50.0,31.0,31.0,44.0,50.0,51.0,51.1065387947801,0.07588155030179455,5,187
scale-free,200,5,194,93.0,50.0,31.0,31.0,165.0,50.0,51.0,51.1065387947801,0.07588155030179455,5,187
scale-free,200,5,195,93.0,50.0,31.0,31.0,44.0,50.0,51.0,51.1065387947801,0.07588155030179455,5,187
scale-free,200,5,196,93.0,50.0,31.0,31.0,44.0,50.0,51.0,51.1065387947801,0.07588155030179455,5,187
scale-free,200,5,197,93.0,50.0,31.0,31.0,22.0,50.0,51.0,51.1065387947801,0.07588155030179455,5,187
scale-free,200,5,198,93.0,50.0,31.0,31.0,44.0,50.0,51.0,51.1065387947801,0.07588155030179455,5,187
scale-free,200,5,199,93.0,50.0,31.0,31.0,44.0,50.0,51.0,51.1065387947801,0.07588155030179455,5,187
scale-free,200,6,0,2.0,3.0,2.0,2.0,134.0,3.0,1.0,52.26974980237154,0.09571328560540733,5,188
scale-free,200,6,1,1.0,2.0,1.0,1.0,134.0,1.0,2.0,52.26974980237154,0.09571328560540733,5,188
scale-free,200,6,2,3.0,1.0,3.0,3.0,134.0,2.0,3.0,52.26974980237154,0.09571328560540733,5,188
scale-free,200,6,3,6.0,7.0,5.0,5.0,134.0,8.0,8.0,52.26974980237154,0.09571328560540733,5,188
scale-free,200,6,4,4.0,4.0,27.0,27.0,182.0,4.0,4.0,52.26974980237154,0.09571328560540733,5,188
scale-free,200,6,5,10.0,9.0,9.0,9.0,134.0,9.0,9.0,52.26974980237154,0.09571328560540733,5,188
scale-free,200,6,6,57.0,50.0,27.0,27.0,28.0,50.0,50.0,52.26974980237154,0.09571328560540733,5,188
scale-free,200,6,7,96.0,50.0,27.0,27.0,151.0,50.0,50.0,52.26974980237154,0.09571328560540733,5,188
scale-free,200,6,8,9.0,50.0,27.0,27.0,28.0,50.0,50.0,52.26974980237154,0.09571328560540733,5,188
scale-free,200,6,9,34.0,26.0,14.0,14.0,28.0,26.0,30.0,52.26974980237154,0.09571328560540733,5,188
scale-free,200,6,10,16.0,14.0,10.0,10.0,134.0,18.0,12.0,52.26974980237154,0.09571328560540733,5,188
scale-free,200,6,11,34.0,50.0,27.0,27.0,28.0,50.0,50.0,52.26974980237154,0.09571328560540733,5,188
scale-free,200,6,12,16.0,23.0,13.0,13.0,28.0,23.0,24.0,52.26974980237154,0.09571328560540733,5,188
scale-free,200,6,13,7.0,6.0,27.0,27.0,182.0,6.0,5.0,52.26974980237154,0.09571328560540733,5,188
scale-free,200,6,14,8.0,5.0,27.0,27.0,182.0,5.0,7.0,52.26974980237154,0.09571328560540733,5,188
scale-free,200,6,15,5.0,8.0,27.0,27.0,182.0,7.0,6.0,52.26974980237154,0.09571328560540733,5,188
scale-free,200,6,16,28.0,50.0,27.0,27.0,3.0,50.0,50.0,52.26974980237154,0.09571328560540733,5,188
scale-free,200,6,17,57.0,26.0,27.0,27.0,28.0,26.0,43.0,52.26974980237154,0.09571328560540733,5,188
scale-free,200,6,18,16.0,10.0,12.0,12.0,134.0,11.0,16.0,52.26974980237154,0.09571328560540733,5,188
scale-free,200,6,19,96.0,50.0,27.0,27.0,151.0,50.0,50.0,52.26974980237154,0.09571328560540733,5,188
scale-free,200,6,20,28.0,18.0,27.0,27.0,134.0,16.0,20.0,52.26974980237154,0.09571328560540733,5,188
scale-free,200,6,21,16.0,50.0,27.0,27.0,3.0,50.0,50.0,52.26974980237154,0.09571328560540733,5,188
scale-free,200,6,22,16.0,50.0,27.0,27.0,3.0,50.0,50.0,52.26974980237154,0.09571328560540733,5,188
scale-free,200,6,23,57.0,50.0,27.0,27.0,28.0,50.0,50.0,52.26974980237154,0.09571328560540733,5,188
scale-free,200,6,24,57.0,50.0,27.0,27.0,1.0,50.0,50.0,52.26974980237154,0.09571328560540733,5,188
scale-free,200,6,25,25.0,21.0,8.0,8.0,134.0,22.0,17.0,52.26974980237154,0.09571328560540733,5,188
scale-free,200,6,26,96.0,15.0,27.0,27.0,182.0,13.0,20.0,52.26974980237154,0.09571328560540733,5,188
scale-free,200,6,27,57.0,50.0,27.0,27.0,28.0,50.0,50.0,52.26974980237154,0.09571328560540733,5,188
scale-free,200,6,28,13.0,26.0,14.0,14.0,28.0,26.0,25.0,52.26974980237154,0.09571328560540733,5,188
scale-free,200,6,29,11.0,22.0,7.0,7.0,134.0,21.0,15.0,52.26974980237154,0.09571328560540733,5,188
scale-free,200,6,30,16.0,50.0,27.0,27.0,28.0,50.0,50.0,52.26974980237154,0.09571328560540733,5,188
scale-free,200,6,31,96.0,50.0,27.0,27.0,28.0,50.0,50.0,52.26974980237154,0.09571328560540733,5,188
scale-free,200,6,32,96.0,50.0,27.0,27.0,28.0,50.0,50.0,52.26974980237154,0.09571328560540733,5,188
scale-free,200,6,33,34.0,17.0,6.0,6.0,134.0,15.0,20.0,52.26974980237154,0.09571328560540733,5,188
scale-free,200,6,34,11.0,11.0,4.0,4.0,134.0,10.0,10.0,52.26974980237154,0.09571328560540733,5,188
scale-free,200,6,35,96.0,50.0,27.0,27.0,151.0,50.0,50.0,52.26974980237154,0.09571328560540733,5,188
scale-free,200,6,36,34.0,50.0,27.0,27.0,28.0,50.0,50.0,52.26974980237154,0.09571328560540733,5,188
scale-free,200,6,37,14.0,50.0,27.0,27.0,1.0,50.0,50.0,52.26974980237154,0.09571328560540733,5,188
scale-free,200,6,38,28.0,26.0,20.0,20.0,28.0,26.0,42.0,52.26974980237154,0.09571328560540733,5,188
scale-free,200,6,39,96.0,50.0,27.0,27.0,151.0,50.0,50.0,52.26974980237154,0.09571328560540733,5,188
scale-free,200,6,40,57.0,50.0,27.0,27.0,28.0,50.0,50.0,52.26974980237154,0.09571328560540733,5,188
scale-free,200,6,41,96.0,50.0,27.0,27.0,28.0,50.0,50.0,52.26974980237154,0.09571328560540733,5,188
scale-free,200,6,42,28.0,50.0,27.0,27.0,3.0,50.0,50.0,52.26974980237154,0.09571328560540733,5,188
scale-free,200,6,43,57.0,50.0,27.0,27.0,28.0,50.0,50.0,52.26974980237154,0.09571328560540733,5,188
scale-free,200,6,44,28.0,50.0,27.0,27.0,28.0,50.0,50.0,52.26974980237154,0.09571328560540733,5,188
scale-free,200,6,45,16.0,12.0,10.0,10.0,134.0,12.0,14.0,52.26974980237154,0.09571328560540733,5,188
scale-free,200,6,46,57.0,26.0,23.0,23.0,28.0,26.0,43.0,52.26974980237154,0.09571328560540733,5,188
scale-free,200,6,47,14.0,50.0,27.0,27.0,3.0,50.0,50.0,52.26974980237154,0.09571328560540733,5,188
scale-free,200,6,48,96.0,50.0,27.0,27.0,151.0,50.0,50.0,52.26974980237154,0.09571328560540733,5,188
scale-free,200,6,49,57.0,25.0,27.0,27.0,182.0,25.0,29.0,52.26974980237154,0.09571328560540733,5,188
scale-free,200,6,50,57.0,26.0,23.0,23.0,151.0,26.0,30.0,52.26974980237154,0.09571328560540733,5,188
scale-free,200,6,51,96.0,50.0,27.0,27.0,28.0,50.0,50.0,52.26974980237154,0.09571328560540733,5,188
scale-free,200,6,52,96.0,50.0,27.0,27.0,28.0,50.0,50.0,52.26974980237154,0.09571328560540733,5,188
scale-free,200,6,53,96.0,50.0,27.0,27.0,28.0,50.0,50.0,52.26974980237154,0.09571328560540733,5,188
scale-free,200,6,54,16.0,50.0,27.0,27.0,3.0,50.0,50.0,52.26974980237154,0.09571328560540733,5,188
scale-free,200,6,55,57.0,50.0,27.0,27.0,28.0,50.0,50.0,52.26974980237154,0.09571328560540733,5,188
scale-free,200,6,56,57.0,50.0,27.0,27.0,28.0,50.0,50.0,52.26974980237154,0.09571328560540733,5,188
scale-free,200,6,57,34.0,50.0,27.0,27.0,3.0,50.0,50.0,52.26974980237154,0.09571328560540733,5,188
scale-free,200,6,58,57.0,50.0,27.0,27.0,147.0,50.0,50.0,52.26974980237154,0.09571328560540733,5,188
scale-free,200,6,59,57.0,50.0,27.0,27.0,28.0,50.0,50.0,52.26974980237154,0.09571328560540733,5,188
scale-free,200,6,60,96.0,50.0,27.0,27.0,28.0,50.0,50.0,52.26974980237154,0.09571328560540733,5,188
scale-free,200,6,61,96.0,50.0,27.0,27.0,151.0,50.0,50.0,52.26974980237154,0.09571328560540733,5,188
scale-free,200,6,62,57.0,26.0,23.0,23.0,28.0,26.0,36.0,52.26974980237154,0.09571328560540733,5,188
scale-free,200,6,63,57.0,26.0,14.0,14.0,28.0,26.0,25.0,52.26974980237154,0.09571328560540733,5,188
scale-free,200,6,64,96.0,50.0,27.0,27.0,28.0,50.0,50.0,52.26974980237154,0.09571328560540733,5,188
scale-free,200,6,65,34.0,23.0,27.0,27.0,182.0,23.0,19.0,52.26974980237154,0.09571328560540733,5,188
scale-free,200,6,66,34.0,50.0,27.0,27.0,28.0,50.0,50.0,52.26974980237154,0.09571328560540733,5,188
scale-free,200,6,67,96.0,50.0,27.0,27.0,28.0,50.0,50.0,52.26974980237154,0.09571328560540733,5,188
scale-free,200,6,68,57.0,50.0,27.0,27.0,28.0,50.0,50.0,52.26974980237154,0.09571328560540733,5,188
scale-free,200,6,69,34.0,26.0,14.0,14.0,28.0,26.0,25.0,52.26974980237154,0.09571328560540733,5,188
scale-free,200,6,70,96.0,50.0,27.0,27.0,28.0,50.0,50.0,52.26974980237154,0.09571328560540733,5,188
scale-free,200,6,71,96.0,50.0,27.0,27.0,151.0,50.0,50.0,52.26974980237154,0.09571328560540733,5,188
scale-free,200,6,72,96.0,50.0,27.0,27.0,151.0,50.0,50.0,52.26974980237154,0.09571328560540733,5,188
scale-free,200,6,73,96.0,50.0,27.0,27.0,28.0,50.0,50.0,52.26974980237154,0.09571328560540733,5,188
scale-free,200,6,74,25.0,50.0,27.0,27.0,3.0,50.0,50.0,52.26974980237154,0.09571328560540733,5,188
scale-free,200,6,75,96.0,50.0,27.0,27.0,151.0,50.0,50.0,52.26974980237154,0.09571328560540733,5,188
scale-free,200,6,76,57.0,26.0,27.0,27.0,28.0,26.0,45.0,52.26974980237154,0.09571328560540733,5,188
scale-free,200,6,77,96.0,15.0,27.0,27.0,182.0,13.0,20.0,52.26974980237154,0.09571328560540733,5,188
scale-free,200,6,78,57.0,50.0,27.0,27.0,28.0,50.0,50.0,52.26974980237154,0.09571328560540733,5,188
scale-free,200,6,79,34.0,50.0,27.0,27.0,3.0,50.0,50.0,52.26974980237154,0.09571328560540733,5,188
scale-free,200,6,80,57.0,50.0,27.0,27.0,3.0,50.0,50.0,52.26974980237154,0.09571328560540733,5,188
scale-free,200,6,81,57.0,50.0,27.0,27.0,28.0,50.0,50.0,52.26974980237154,0.09571328560540733,5,188
scale-free,200,6,82,34.0,50.0,27.0,27.0,3.0,50.0,50.0,52.26974980237154,0.09571328560540733,5,188
scale-free,200,6,83,96.0,50.0,27.0,27.0,28.0,50.0,50.0,52.26974980237154,0.09571328560540733,5,188
scale-free,200,6,84,57.0,50.0,27.0,27.0,28.0,50.0,50.0,52.26974980237154,0.09571328560540733,5,188
scale-free,200,6,85,96.0,50.0,27.0,27.0,28.0,50.0,50.0,52.26974980237154,0.09571328560540733,5,188
scale-free,200,6,86,57.0,26.0,23.0,23.0,28.0,26.0,45.0,52.26974980237154,0.09571328560540733,5,188
scale-free,200,6,87,34.0,50.0,27.0,27.0,28.0,50.0,50.0,52.26974980237154,0.09571328560540733,5,188
scale-free,200,6,88,34.0,26.0,27.0,27.0,28.0,26.0,48.0,52.26974980237154,0.09571328560540733,5,188
scale-free,200,6,89,96.0,50.0,27.0,27.0,28.0,50.0,50.0,52.26974980237154,0.09571328560540733,5,188
scale-free,200,6,90,96.0,50.0,27.0,27.0,28.0,50.0,50.0,52.26974980237154,0.09571328560540733,5,188
scale-free,200,6,91,57.0,50.0,27.0,27.0,3.0,50.0,50.0,52.26974980237154,0.09571328560540733,5,188
scale-free,200,6,92,34.0,50.0,27.0,27.0,28.0,50.0,50.0,52.26974980237154,0.09571328560540733,5,188
scale-free,200,6,93,96.0,50.0,27.0,27.0,28.0,50.0,50.0,52.26974980237154,0.09571328560540733,5,188
scale-free,200,6,94,96.0,50.0,27.0,27.0,151.0,50.0,50.0,52.26974980237154,0.09571328560540733,5,188
scale-free,200,6,95,96.0,50.0,27.0,27.0,151.0,50.0,50.0,52.26974980237154,0.09571328560540733,5,188
scale-free,200,6,96,57.0,26.0,21.0,21.0,151.0,26.0,30.0,52.26974980237154,0.09571328560540733,5,188
scale-free,200,6,97,57.0,26.0,21.0,21.0,151.0,26.0,25.0,52.26974980237154,0.09571328560540733,5,188
scale-free,200,6,98,96.0,50.0,27.0,27.0,28.0,50.0,50.0,52.26974980237154,0.09571328560540733,5,188
scale-free,200,6,99,34.0,50.0,27.0,27.0,3.0,50.0,50.0,52.26974980237154,0.09571328560540733,5,188
scale-free,200,6,100,96.0,50.0,27.0,27.0,28.0,50.0,50.0,52.26974980237154,0.09571328560540733,5,188
scale-free,200,6,101,96.0,50.0,27.0,27.0,151.0,50.0,50.0,52.26974980237154,0.09571328560540733,5,188
scale-free,200,6,102,57.0,50.0,27.0,27.0,28.0,50.0,50.0,52.26974980237154,0.09571328560540733,5,188
scale-free,200,6,103,57.0,50.0,27.0,27.0,147.0,50.0,50.0,52.26974980237154,0.09571328560540733,5,188
scale-free,200,6,104,96.0,50.0,27.0,27.0,28.0,50.0,50.0,52.26974980237154,0.09571328560540733,5,188
scale-free,200,6,105,96.0,50.0,27.0,27.0,151.0,50.0,50.0,52.26974980237154,0.09571328560540733,5,188
scale-free,200,6,106,96.0,50.0,27.0,27.0,28.0,50.0,50.0,52.26974980237154,0.09571328560540733,5,188
scale-free,200,6,107,34.0,26.0,19.0,19.0,28.0,26.0,30.0,52.26974980237154,0.09571328560540733,5,188
scale-free,200,6,108,57.0,50.0,27.0,27.0,28.0,50.0,50.0,52.26974980237154,0.09571328560540733,5,188
scale-free,200,6,109,96.0,50.0,27.0,27.0,151.0,50.0,50.0,52.26974980237154,0.09571328560540733,5,188
scale-free,200,6,110,96.0,50.0,27.0,27.0,28.0,50.0,50.0,52.26974980237154,0.09571328560540733,5,188
scale-free,200,6,111,57.0,50.0,27.0,27.0,3.0,50.0,50.0,52.26974980237154,0.09571328560540733,5,188
scale-free,200,6,112,96.0,50.0,27.0,27.0,28.0,50.0,50.0,52.26974980237154,0.09571328560540733,5,188
scale-free,200,6,113,96.0,50.0,27.0,27.0,28.0,50.0,50.0,52.26974980237154,0.09571328560540733,5,188
scale-free,200,6,114,96.0,50.0,27.0,27.0,147.0,50.0,50.0,52.26974980237154,0.09571328560540733,5,188
scale-free,200,6,115,96.0,50.0,27.0,27.0,151.0,50.0,50.0,52.26974980237154,0.09571328560540733,5,188
scale-free,200,6,116,57.0,50.0,27.0,27.0,28.0,50.0,50.0,52.26974980237154,0.09571328560540733,5,188
scale-free,200,6,117,96.0,50.0,27.0,27.0,28.0,50.0,50.0,52.26974980237154,0.09571328560540733,5,188
scale-free,200,6,118,34.0,50.0,27.0,27.0,3.0,50.0,50.0,52.26974980237154,0.09571328560540733,5,188
scale-free,200,6,119,96.0,50.0,27.0,27.0,28.0,50.0,50.0,52.26974980237154,0.09571328560540733,5,188
scale-free,200,6,120,25.0,50.0,27.0,27.0,3.0,50.0,50.0,52.26974980237154,0.09571328560540733,5,188
scale-free,200,6,121,96.0,50.0,27.0,27.0,28.0,50.0,50.0,52.26974980237154,0.09571328560540733,5,188
scale-free,200,6,122,34.0,50.0,27.0,27.0,3.0,50.0,50.0,52.26974980237154,0.09571328560540733,5,188
scale-free,200,6,123,16.0,50.0,27.0,27.0,28.0,50.0,50.0,52.26974980237154,0.09571328560540733,5,188
scale-free,200,6,124,96.0,50.0,27.0,27.0,28.0,50.0,50.0,52.26974980237154,0.09571328560540733,5,188
scale-free,200,6,125,28.0,50.0,27.0,27.0,28.0,50.0,50.0,52.26974980237154,0.09571328560540733,5,188
scale-free,200,6,126,96.0,50.0,27.0,27.0,28.0,50.0,50.0,52.26974980237154,0.09571328560540733,5,188
scale-free,200,6,127,34.0,50.0,27.0,27.0,3.0,50.0,50.0,52.26974980237154,0.09571328560540733,5,188
scale-free,200,6,128,96.0,50.0,27.0,27.0,28.0,50.0,50.0,52.26974980237154,0.09571328560540733,5,188
scale-free,200,6,129,96.0,50.0,27.0,27.0,151.0,50.0,50.0,52.26974980237154,0.09571328560540733,5,188
scale-free,200,6,130,96.0,50.0,27.0,27.0,28.0,50.0,50.0,52.26974980237154,0.09571328560540733,5,188
scale-free,200,6,131,96.0,50.0,27.0,27.0,28.0,50.0,50.0,52.26974980237154,0.09571328560540733,5,188
scale-free,200,6,132,96.0,50.0,27.0,27.0,28.0,50.0,50.0,52.26974980237154,0.09571328560540733,5,188
scale-free,200,6,133,96.0,50.0,27.0,27.0,28.0,50.0,50.0,52.26974980237154,0.09571328560540733,5,188
scale-free,200,6,134,57.0,50.0,27.0,27.0,3.0,50.0,50.0,52.26974980237154,0.09571328560540733,5,188
scale-free,200,6,135,57.0,50.0,27.0,27.0,28.0,50.0,50.0,52.26974980237154,0.09571328560540733,5,188
scale-free,200,6,136,96.0,50.0,27.0,27.0,28.0,50.0,50.0,52.26974980237154,0.09571328560540733,5,188
scale-free,200,6,137,34.0,50.0,27.0,27.0,3.0,50.0,50.0,52.26974980237154,0.09571328560540733,5,188
scale-free,200,6,138,34.0,50.0,27.0,27.0,28.0,50.0,50.0,52.26974980237154,0.09571328560540733,5,188
scale-free,200,6,139,57.0,50.0,27.0,27.0,28.0,50.0,50.0,52.26974980237154,0.09571328560540733,5,188
scale-free,200,6,140,96.0,50.0,27.0,27.0,28.0,50.0,50.0,52.26974980237154,0.09571328560540733,5,188
scale-free,200,6,141,34.0,26.0,18.0,18.0,28.0,26.0,30.0,52.26974980237154,0.09571328560540733,5,188
scale-free,200,6,142,96.0,50.0,27.0,27.0,151.0,50.0,50.0,52.26974980237154,0.09571328560540733,5,188
scale-free,200,6,143,96.0,50.0,27.0,27.0,151.0,50.0,50.0,52.26974980237154,0.09571328560540733,5,188
scale-free,200,6,144,96.0,50.0,27.0,27.0,28.0,50.0,50.0,52.26974980237154,0.09571328560540733,5,188
scale-free,200,6,145,96.0,50.0,27.0,27.0,28.0,50.0,50.0,52.26974980237154,0.09571328560540733,5,188
scale-free,200,6,146,96.0,26.0,27.0,27.0,182.0,26.0,48.0,52.26974980237154,0.09571328560540733,5,188
scale-free,200,6,147,57.0,19.0,27.0,27.0,182.0,19.0,18.0,52.26974980237154,0.09571328560540733,5,188
scale-free,200,6,148,96.0,50.0,27.0,27.0,28.0,50.0,50.0,52.26974980237154,0.09571328560540733,5,188
scale-free,200,6,149,57.0,50.0,27.0,27.0,147.0,50.0,50.0,52.26974980237154,0.09571328560540733,5,188
scale-free,200,6,150,96.0,50.0,27.0,27.0,151.0,50.0,50.0,52.26974980237154,0.09571328560540733,5,188
scale-free,200,6,151,96.0,50.0,27.0,27.0,28.0,50.0,50.0,52.26974980237154,0.09571328560540733,5,188
scale-free,200,6,152,57.0,50.0,27.0,27.0,28.0,50.0,50.0,52.26974980237154,0.09571328560540733,5,188
scale-free,200,6,153,96.0,26.0,27.0,27.0,182.0,26.0,45.0,52.26974980237154,0.09571328560540733,5,188
scale-free,200,6,154,96.0,50.0,27.0,27.0,28.0,50.0,50.0,52.26974980237154,0.09571328560540733,5,188
scale-free,200,6,155,96.0,50.0,27.0,27.0,28.0,50.0,50.0,52.26974980237154,0.09571328560540733,5,188
scale-free,200,6,156,96.0,26.0,27.0,27.0,182.0,26.0,36.0,52.26974980237154,0.09571328560540733,5,188
scale-free,200,6,157,57.0,50.0,27.0,27.0,3.0,50.0,50.0,52.26974980237154,0.09571328560540733,5,188
scale-free,200,6,158,96.0,50.0,27.0,27.0,28.0,50.0,50.0,52.26974980237154,0.09571328560540733,5,188
scale-free,200,6,159,96.0,50.0,27.0,27.0,28.0,50.0,50.0,52.26974980237154,0.09571328560540733,5,188
scale-free,200,6,160,96.0,50.0,27.0,27.0,28.0,50.0,50.0,52.26974980237154,0.09571328560540733,5,188
scale-free,200,6,161,96.0,50.0,27.0,27.0,151.0,50.0,50.0,52.26974980237154,0.09571328560540733,5,188
scale-free,200,6,162,96.0,50.0,27.0,27.0,28.0,50.0,50.0,52.26974980237154,0.09571328560540733,5,188
scale-free,200,6,163,96.0,50.0,27.0,27.0,151.0,50.0,50.0,52.26974980237154,0.09571328560540733,5,188
scale-free,200,6,164,96.0,50.0,27.0,27.0,28.0,50.0,50.0,52.26974980237154,0.09571328560540733,5,188
scale-free,200,6,165,96.0,50.0,27.0,27.0,28.0,50.0,50.0,52.26974980237154,0.09571328560540733,5,188
scale-free,200,6,166,96.0,50.0,27.0,27.0,28.0,50.0,50.0,52.26974980237154,0.09571328560540733,5,188
scale-free,200,6,167,34.0,20.0,27.0,27.0,182.0,20.0,11.0,52.26974980237154,0.09571328560540733,5,188
scale-free,200,6,168,96.0,26.0,27.0,27.0,182.0,26.0,30.0,52.26974980237154,0.09571328560540733,5,188
scale-free,200,6,169,34.0,13.0,27.0,27.0,182.0,17.0,13.0,52.26974980237154,0.09571328560540733,5,188
scale-free,200,6,170,96.0,50.0,27.0,27.0,28.0,50.0,50.0,52.26974980237154,0.09571328560540733,5,188
scale-free,200,6,171,96.0,50.0,27.0,27.0,28.0,50.0,50.0,52.26974980237154,0.09571328560540733,5,188
scale-free,200,6,172,96.0,26.0,27.0,27.0,182.0,26.0,36.0,52.26974980237154,0.09571328560540733,5,188
scale-free,200,6,173,96.0,50.0,27.0,27.0,3.0,50.0,50.0,52.26974980237154,0.09571328560540733,5,188
scale-free,200,6,174,96.0,50.0,27.0,27.0,28.0,50.0,50.0,52.26974980237154,0.09571328560540733,5,188
scale-free,200,6,175,96.0,50.0,27.0,27.0,28.0,50.0,50.0,52.26974980237154,0.09571328560540733,5,188
scale-free,200,6,176,96.0,50.0,27.0,27.0,3.0,50.0,50.0,52.26974980237154,0.09571328560540733,5,188
scale-free,200,6,177,96.0,26.0,27.0,27.0,182.0,26.0,36.0,52.26974980237154,0.09571328560540733,5,188
scale-free,200,6,178,96.0,50.0,27.0,27.0,28.0,50.0,50.0,52.26974980237154,0.09571328560540733,5,188
scale-free,200,6,179,96.0,50.0,27.0,27.0,151.0,50.0,50.0,52.26974980237154,0.09571328560540733,5,188
scale-free,200,6,180,96.0,50.0,27.0,27.0,151.0,50.0,50.0,52.26974980237154,0.09571328560540733,5,188
scale-free,200,6,181,57.0,50.0,27.0,27.0,28.0,50.0,50.0,52.26974980237154,0.09571328560540733,5,188
scale-free,200,6,182,96.0,50.0,27.0,27.0,28.0,50.0,50.0,52.26974980237154,0.09571328560540733,5,188
scale-free,200,6,183,96.0,50.0,27.0,27.0,28.0,50.0,50.0,52.26974980237154,0.09571328560540733,5,188
scale-free,200,6,184,96.0,50.0,27.0,27.0,151.0,50.0,50.0,52.26974980237154,0.09571328560540733,5,188
scale-free,200,6,185,96.0,50.0,27.0,27.0,28.0,50.0,50.0,52.26974980237154,0.09571328560540733,5,188
scale-free,200,6,186,96.0,50.0,27.0,27.0,3.0,50.0,50.0,52.26974980237154,0.09571328560540733,5,188
scale-free,200,6,187,96.0,26.0,27.0,27.0,182.0,26.0,36.0,52.26974980237154,0.09571328560540733,5,188
scale-free,200,6,188,96.0,50.0,27.0,27.0,28.0,50.0,50.0,52.26974980237154,0.09571328560540733,5,188
scale-free,200,6,189,96.0,50.0,27.0,27.0,151.0,50.0,50.0,52.26974980237154,0.09571328560540733,5,188
scale-free,200,6,190,96.0,50.0,27.0,27.0,28.0,50.0,50.0,52.26974980237154,0.09571328560540733,5,188
scale-free,200,6,191,96.0,50.0,27.0,27.0,151.0,50.0,50.0,52.26974980237154,0.09571328560540733,5,188
scale-free,200,6,192,96.0,50.0,27.0,27.0,28.0,50.0,50.0,52.26974980237154,0.09571328560540733,5,188
scale-free,200,6,193,96.0,50.0,27.0,27.0,3.0,50.0,50.0,52.26974980237154,0.09571328560540733,5,188
scale-free,200,6,194,96.0,50.0,27.0,27.0,28.0,50.0,50.0,52.26974980237154,0.09571328560540733,5,188
scale-free,200,6,195,96.0,26.0,27.0,27.0,182.0,26.0,36.0,52.26974980237154,0.09571328560540733,5,188
scale-free,200,6,196,96.0,50.0,27.0,27.0,28.0,50.0,50.0,52.26974980237154,0.09571328560540733,5,188
scale-free,200,6,197,96.0,50.0,27.0,27.0,151.0,50.0,50.0,52.26974980237154,0.09571328560540733,5,188
scale-free,200,6,198,96.0,50.0,27.0,27.0,151.0,50.0,50.0,52.26974980237154,0.09571328560540733,5,188
scale-free,200,6,199,96.0,50.0,27.0,27.0,28.0,50.0,50.0,52.26974980237154,0.09571328560540733,5,188
