scale-free,200,7,0,1.0,1.0,1.0,1.0,155.0,1.0,1.0,69.54850926829542,0.13186360583746784,5,194
scale-free,200,7,1,5.0,4.0,4.0,4.0,155.0,4.0,3.0,69.54850926829542,0.13186360583746784,5,194
scale-free,200,7,2,2.0,2.0,2.0,2.0,155.0,2.0,2.0,69.54850926829542,0.13186360583746784,5,194
scale-free,200,7,3,4.0,45.0,21.0,21.0,1.0,45.0,45.0,69.54850926829542,0.13186360583746784,5,194
scale-free,200,7,4,21.0,45.0,21.0,21.0,4.0,45.0,45.0,69.54850926829542,0.13186360583746784,5,194
scale-free,200,7,5,18.0,17.0,8.0,8.0,34.0,17.0,17.0,69.54850926829542,0.13186360583746784,5,194
scale-free,200,7,6,3.0,3.0,3.0,3.0,155.0,3.0,4.0,69.54850926829542,0.13186360583746784,5,194
scale-free,200,7,7,44.0,45.0,21.0,21.0,34.0,45.0,45.0,69.54850926829542,0.13186360583746784,5,194
scale-free,200,7,8,24.0,45.0,21.0,21.0,34.0,45.0,45.0,69.54850926829542,0.13186360583746784,5,194
scale-free,200,7,9,30.0,45.0,21.0,21.0,34.0,45.0,45.0,69.54850926829542,0.13186360583746784,5,194
scale-free,200,7,10,30.0,45.0,21.0,21.0,9.0,45.0,45.0,69.54850926829542,0.13186360583746784,5,194
scale-free,200,7,11,9.0,8.0,21.0,21.0,179.0,7.0,9.0,69.54850926829542,0.13186360583746784,5,194
scale-free,200,7,12,88.0,45.0,21.0,21.0,34.0,45.0,45.0,69.54850926829542,0.13186360583746784,5,194
scale-free,200,7,13,7.0,9.0,21.0,21.0,179.0,6.0,8.0,69.54850926829542,0.13186360583746784,5,194
scale-free,200,7,14,24.0,45.0,21.0,21.0,34.0,45.0,45.0,69.54850926829542,0.13186360583746784,5,194
scale-free,200,7,15,12.0,10.0,21.0,21.0,179.0,10.0,10.0,69.54850926829542,0.13186360583746784,5,194
scale-free,200,7,16,12.0,7.0,5.0,5.0,155.0,8.0,5.0,69.54850926829542,0.13186360583746784,5,194
scale-free,200,7,17,12.0,19.0,10.0,10.0,34.0,19.0,18.0,69.54850926829542,0.13186360583746784,5,194
scale-free,200,7,18,88.0,45.0,21.0,21.0,34.0,45.0,45.0,69.54850926829542,0.13186360583746784,5,194
scale-free,200,7,19,88.0,45.0,21.0,21.0,34.0,45.0,45.0,69.54850926829542,0.13186360583746784,5,194
scale-free,200,7,20,6.0,5.0,6.0,6.0,155.0,5.0,7.0,69.54850926829542,0.13186360583746784,5,194
scale-free,200,7,21,88.0,45.0,21.0,21.0,34.0,45.0,45.0,69.54850926829542,0.13186360583746784,5,194
scale-free,200,7,22,88.0,45.0,21.0,21.0,34.0,45.0,45.0,69.54850926829542,0.13186360583746784,5,194
scale-free,200,7,23,12.0,19.0,11.0,11.0,34.0,19.0,19.0,69.54850926829542,0.13186360583746784,5,194
scale-free,200,7,24,88.0,45.0,21.0,21.0,34.0,45.0,45.0,69.54850926829542,0.13186360583746784,5,194
scale-free,200,7,25,10.0,45.0,21.0,21.0,9.0,45.0,45.0,69.54850926829542,0.13186360583746784,5,194
scale-free,200,7,26,11.0,12.0,7.0,7.0,155.0,12.0,15.0,69.54850926829542,0.13186360583746784,5,194
scale-free,200,7,27,24.0,45.0,21.0,21.0,13.0,45.0,45.0,69.54850926829542,0.13186360583746784,5,194
scale-free,200,7,28,24.0,45.0,21.0,21.0,13.0,45.0,45.0,69.54850926829542,0.13186360583746784,5,194
scale-free,200,7,29,24.0,45.0,21.0,21.0,34.0,45.0,45.0,69.54850926829542,0.13186360583746784,5,194
scale-free,200,7,30,60.0,45.0,21.0,21.0,13.0,45.0,45.0,69.54850926829542,0.13186360583746784,5,194
scale-free,200,7,31,30.0,19.0,9.0,9.0,34.0,19.0,19.0,69.54850926829542,0.13186360583746784,5,194
scale-free,200,7,32,18.0,26.0,19.0,19.0,34.0,26.0,34.0,69.54850926829542,0.13186360583746784,5,194
scale-free,200,7,33,44.0,45.0,21.0,21.0,13.0,45.0,45.0,69.54850926829542,0.13186360583746784,5,194
scale-free,200,7,34,88.0,45.0,21.0,21.0,13.0,45.0,45.0,69.54850926829542,0.13186360583746784,5,194
scale-free,200,7,35,21.0,45.0,21.0,21.0,2.0,45.0,45.0,69.54850926829542,0.13186360583746784,5,194
scale-free,200,7,36,12.0,45.0,21.0,21.0,4.0,45.0,45.0,69.54850926829542,0.13186360583746784,5,194
scale-free,200,7,37,30.0,45.0,21.0,21.0,34.0,45.0,45.0,69.54850926829542,0.13186360583746784,5,194
scale-free,200,7,38,44.0,45.0,21.0,21.0,34.0,45.0,45.0,69.54850926829542,0.13186360583746784,5,194
scale-free,200,7,39,30.0,45.0,21.0,21.0,4.0,45.0,45.0,69.54850926829542,0.13186360583746784,5,194
scale-free,200,7,40,8.0,16.0,21.0,21.0,179.0,16.0,11.0,69.54850926829542,0.13186360583746784,5,194
scale-free,200,7,41,30.0,45.0,21.0,21.0,13.0,45.0,45.0,69.54850926829542,0.13186360583746784,5,194
scale-free,200,7,42,88.0,45.0,21.0,21.0,34.0,45.0,45.0,69.54850926829542,0.13186360583746784,5,194
scale-free,200,7,43,60.0,26.0,21.0,21.0,34.0,26.0,36.0,69.54850926829542,0.13186360583746784,5,194
scale-free,200,7,44,88.0,45.0,21.0,21.0,34.0,45.0,45.0,69.54850926829542,0.13186360583746784,5,194
scale-free,200,7,45,44.0,45.0,21.0,21.0,34.0,45.0,45.0,69.54850926829542,0.13186360583746784,5,194
scale-free,200,7,46,30.0,45.0,21.0,21.0,34.0,45.0,45.0,69.54850926829542,0.13186360583746784,5,194
scale-free,200,7,47,60.0,45.0,21.0,21.0,34.0,45.0,45.0,69.54850926829542,0.13186360583746784,5,194
scale-free,200,7,48,88.0,45.0,21.0,21.0,164.0,45.0,45.0,69.54850926829542,0.13186360583746784,5,194
scale-free,200,7,49,88.0,45.0,21.0,21.0,164.0,45.0,45.0,69.54850926829542,0.13186360583746784,5,194
scale-free,200,7,50,88.0,45.0,21.0,21.0,34.0,45.0,45.0,69.54850926829542,0.13186360583746784,5,194
scale-free,200,7,51,44.0,45.0,21.0,21.0,34.0,45.0,45.0,69.54850926829542,0.13186360583746784,5,194
scale-free,200,7,52,88.0,45.0,21.0,21.0,34.0,45.0,45.0,69.54850926829542,0.13186360583746784,5,194
scale-free,200,7,53,60.0,45.0,21.0,21.0,34.0,45.0,45.0,69.54850926829542,0.13186360583746784,5,194
scale-free,200,7,54,60.0,45.0,21.0,21.0,34.0,45.0,45.0,69.54850926829542,0.13186360583746784,5,194
scale-free,200,7,55,60.0,45.0,21.0,21.0,13.0,45.0,45.0,69.54850926829542,0.13186360583746784,5,194
scale-free,200,7,56,60.0,26.0,14.0,14.0,34.0,26.0,24.0,69.54850926829542,0.13186360583746784,5,194
scale-free,200,7,57,88.0,45.0,21.0,21.0,164.0,45.0,45.0,69.54850926829542,0.13186360583746784,5,194
scale-free,200,7,58,60.0,45.0,21.0,21.0,34.0,45.0,45.0,69.54850926829542,0.13186360583746784,5,194
scale-free,200,7,59,12.0,26.0,12.0,12.0,4.0,26.0,24.0,69.54850926829542,0.13186360583746784,5,194
scale-free,200,7,60,44.0,23.0,17.0,17.0,164.0,23.0,22.0,69.54850926829542,0.13186360583746784,5,194
scale-free,200,7,61,60.0,45.0,21.0,21.0,34.0,45.0,45.0,69.54850926829542,0.13186360583746784,5,194
scale-free,200,7,62,88.0,45.0,21.0,21.0,13.0,45.0,45.0,69.54850926829542,0.13186360583746784,5,194
scale-free,200,7,63,60.0,45.0,21.0,21.0,34.0,45.0,45.0,69.54850926829542,0.13186360583746784,5,194
scale-free,200,7,64,30.0,45.0,21.0,21.0,34.0,45.0,45.0,69.54850926829542,0.13186360583746784,5,194
scale-free,200,7,65,88.0,45.0,21.0,21.0,34.0,45.0,45.0,69.54850926829542,0.13186360583746784,5,194
scale-free,200,7,66,88.0,45.0,21.0,21.0,34.0,45.0,45.0,69.54850926829542,0.13186360583746784,5,194
scale-free,200,7,67,30.0,45.0,21.0,21.0,13.0,45.0,45.0,69.54850926829542,0.13186360583746784,5,194
scale-free,200,7,68,21.0,26.0,20.0,20.0,34.0,26.0,39.0,69.54850926829542,0.13186360583746784,5,194
scale-free,200,7,69,88.0,45.0,21.0,21.0,34.0,45.0,45.0,69.54850926829542,0.13186360583746784,5,194
scale-free,200,7,70,60.0,45.0,21.0,21.0,34.0,45.0,45.0,69.54850926829542,0.13186360583746784,5,194
scale-free,200,7,71,60.0,45.0,21.0,21.0,13.0,45.0,45.0,69.54850926829542,0.13186360583746784,5,194
scale-free,200,7,72,44.0,45.0,21.0,21.0,34.0,45.0,45.0,69.54850926829542,0.13186360583746784,5,194
scale-free,200,7,73,88.0,45.0,21.0,21.0,34.0,45.0,45.0,69.54850926829542,0.13186360583746784,5,194
scale-free,200,7,74,44.0,45.0,21.0,21.0,34.0,45.0,45.0,69.54850926829542,0.13186360583746784,5,194
scale-free,200,7,75,88.0,26.0,21.0,21.0,179.0,26.0,42.0,69.54850926829542,0.13186360583746784,5,194
scale-free,200,7,76,88.0,45.0,21.0,21.0,34.0,45.0,45.0,69.54850926829542,0.13186360583746784,5,194
scale-free,200,7,77,60.0,45.0,21.0,21.0,162.0,45.0,45.0,69.54850926829542,0.13186360583746784,5,194
scale-free,200,7,78,60.0,45.0,21.0,21.0,34.0,45.0,45.0,69.54850926829542,0.13186360583746784,5,194
scale-free,200,7,79,88.0,45.0,21.0,21.0,164.0,45.0,45.0,69.54850926829542,0.13186360583746784,5,194
scale-free,200,7,80,88.0,6.0,21.0,21.0,179.0,8.0,6.0,69.54850926829542,0.13186360583746784,5,194
scale-free,200,7,81,88.0,45.0,21.0,21.0,34.0,45.0,45.0,69.54850926829542,0.13186360583746784,5,194
scale-free,200,7,82,88.0,45.0,21.0,21.0,34.0,45.0,45.0,69.54850926829542,0.13186360583746784,5,194
scale-free,200,7,83,60.0,45.0,21.0,21.0,34.0,45.0,45.0,69.54850926829542,0.13186360583746784,5,194
scale-free,200,7,84,88.0,26.0,21.0,21.0,179.0,26.0,24.0,69.54850926829542,0.13186360583746784,5,194
scale-free,200,7,85,88.0,45.0,21.0,21.0,13.0,45.0,45.0,69.54850926829542,0.13186360583746784,5,194
scale-free,200,7,86,88.0,45.0,21.0,21.0,34.0,45.0,45.0,69.54850926829542,0.13186360583746784,5,194
scale-free,200,7,87,88.0,45.0,21.0,21.0,34.0,45.0,45.0,69.54850926829542,0.13186360583746784,5,194
scale-free,200,7,88,30.0,45.0,21.0,21.0,13.0,45.0,45.0,69.54850926829542,0.13186360583746784,5,194
scale-free,200,7,89,30.0,24.0,17.0,17.0,13.0,24.0,30.0,69.54850926829542,0.13186360583746784,5,194
scale-free,200,7,90,88.0,45.0,21.0,21.0,164.0,45.0,45.0,69.54850926829542,0.13186360583746784,5,194
scale-free,200,7,91,44.0,45.0,21.0,21.0,13.0,45.0,45.0,69.54850926829542,0.13186360583746784,5,194
scale-free,200,7,92,60.0,45.0,21.0,21.0,9.0,45.0,45.0,69.54850926829542,0.13186360583746784,5,194
scale-free,200,7,93,88.0,45.0,21.0,21.0,34.0,45.0,45.0,69.54850926829542,0.13186360583746784,5,194
scale-free,200,7,94,88.0,45.0,21.0,21.0,34.0,45.0,45.0,69.54850926829542,0.13186360583746784,5,194
scale-free,200,7,95,88.0,45.0,21.0,21.0,164.0,45.0,45.0,69.54850926829542,0.13186360583746784,5,194
scale-free,200,7,96,44.0,26.0,13.0,13.0,13.0,26.0,23.0,69.54850926829542,0.13186360583746784,5,194
scale-free,200,7,97,60.0,45.0,21.0,21.0,34.0,45.0,45.0,69.54850926829542,0.13186360583746784,5,194
scale-free,200,7,98,44.0,45.0,21.0,21.0,34.0,45.0,45.0,69.54850926829542,0.13186360583746784,5,194
scale-free,200,7,99,60.0,45.0,21.0,21.0,34.0,45.0,45.0,69.54850926829542,0.13186360583746784,5,194
scale-free,200,7,100,88.0,45.0,21.0,21.0,34.0,45.0,45.0,69.54850926829542,0.13186360583746784,5,194
scale-free,200,7,101,88.0,45.0,21.0,21.0,34.0,45.0,45.0,69.54850926829542,0.13186360583746784,5,194
scale-free,200,7,102,24.0,26.0,15.0,15.0,4.0,26.0,36.0,69.54850926829542,0.13186360583746784,5,194
scale-free,200,7,103,88.0,45.0,21.0,21.0,164.0,45.0,45.0,69.54850926829542,0.13186360583746784,5,194
scale-free,200,7,104,88.0,45.0,21.0,21.0,34.0,45.0,45.0,69.54850926829542,0.13186360583746784,5,194
scale-free,200,7,105,88.0,45.0,21.0,21.0,34.0,45.0,45.0,69.54850926829542,0.13186360583746784,5,194
scale-free,200,7,106,18.0,45.0,21.0,21.0,34.0,45.0,45.0,69.54850926829542,0.13186360583746784,5,194
scale-free,200,7,107,60.0,45.0,21.0,21.0,34.0,45.0,45.0,69.54850926829542,0.13186360583746784,5,194
scale-free,200,7,108,88.0,45.0,21.0,21.0,9.0,45.0,45.0,69.54850926829542,0.13186360583746784,5,194
scale-free,200,7,109,88.0,45.0,21.0,21.0,13.0,45.0,45.0,69.54850926829542,0.13186360583746784,5,194
scale-free,200,7,110,88.0,45.0,21.0,21.0,34.0,45.0,45.0,69.54850926829542,0.13186360583746784,5,194
scale-free,200,7,111,60.0,45.0,21.0,21.0,13.0,45.0,45.0,69.54850926829542,0.13186360583746784,5,194
scale-free,200,7,112,88.0,26.0,21.0,21.0,179.0,26.0,29.0,69.54850926829542,0.13186360583746784,5,194
scale-free,200,7,113,88.0,45.0,21.0,21.0,34.0,45.0,45.0,69.54850926829542,0.13186360583746784,5,194
scale-free,200,7,114,30.0,45.0,21.0,21.0,34.0,45.0,45.0,69.54850926829542,0.13186360583746784,5,194
scale-free,200,7,115,30.0,45.0,21.0,21.0,34.0,45.0,45.0,69.54850926829542,0.13186360583746784,5,194
scale-free,200,7,116,44.0,45.0,21.0,21.0,13.0,45.0,45.0,69.54850926829542,0.13186360583746784,5,194
scale-free,200,7,117,88.0,45.0,21.0,21.0,34.0,45.0,45.0,69.54850926829542,0.13186360583746784,5,194
scale-free,200,7,118,88.0,45.0,21.0,21.0,34.0,45.0,45.0,69.54850926829542,0.13186360583746784,5,194
scale-free,200,7,119,60.0,45.0,21.0,21.0,2.0,45.0,45.0,69.54850926829542,0.13186360583746784,5,194
scale-free,200,7,120,88.0,45.0,21.0,21.0,164.0,45.0,45.0,69.54850926829542,0.13186360583746784,5,194
scale-free,200,7,121,44.0,45.0,21.0,21.0,34.0,45.0,45.0,69.54850926829542,0.13186360583746784,5,194
scale-free,200,7,122,88.0,45.0,21.0,21.0,34.0,45.0,45.0,69.54850926829542,0.13186360583746784,5,194
scale-free,200,7,123,88.0,45.0,21.0,21.0,164.0,45.0,45.0,69.54850926829542,0.13186360583746784,5,194
scale-free,200,7,124,88.0,45.0,21.0,21.0,34.0,45.0,45.0,69.54850926829542,0.13186360583746784,5,194
scale-free,200,7,125,88.0,45.0,21.0,21.0,34.0,45.0,45.0,69.54850926829542,0.13186360583746784,5,194
scale-free,200,7,126,60.0,26.0,21.0,21.0,34.0,26.0,42.0,69.54850926829542,0.13186360583746784,5,194
scale-free,200,7,127,60.0,45.0,21.0,21.0,34.0,45.0,45.0,69.54850926829542,0.13186360583746784,5,194
scale-free,200,7,128,88.0,45.0,21.0,21.0,34.0,45.0,45.0,69.54850926829542,0.13186360583746784,5,194
scale-free,200,7,129,88.0,45.0,21.0,21.0,34.0,45.0,45.0,69.54850926829542,0.13186360583746784,5,194
scale-free,200,7,130,88.0,45.0,21.0,21.0,164.0,45.0,45.0,69.54850926829542,0.13186360583746784,5,194
scale-free,200,7,131,88.0,45.0,21.0,21.0,13.0,45.0,45.0,69.54850926829542,0.13186360583746784,5,194
scale-free,200,7,132,60.0,45.0,21.0,21.0,34.0,45.0,45.0,69.54850926829542,0.13186360583746784,5,194
scale-free,200,7,133,88.0,45.0,21.0,21.0,34.0,45.0,45.0,69.54850926829542,0.13186360583746784,5,194
scale-free,200,7,134,88.0,45.0,21.0,21.0,164.0,45.0,45.0,69.54850926829542,0.13186360583746784,5,194
scale-free,200,7,135,88.0,45.0,21.0,21.0,34.0,45.0,45.0,69.54850926829542,0.13186360583746784,5,194
scale-free,200,7,136,44.0,45.0,21.0,21.0,34.0,45.0,45.0,69.54850926829542,0.13186360583746784,5,194
scale-free,200,7,137,44.0,19.0,21.0,21.0,179.0,19.0,21.0,69.54850926829542,0.13186360583746784,5,194
scale-free,200,7,138,88.0,45.0,21.0,21.0,34.0,45.0,45.0,69.54850926829542,0.13186360583746784,5,194
scale-free,200,7,139,88.0,45.0,21.0,21.0,34.0,45.0,45.0,69.54850926829542,0.13186360583746784,5,194
scale-free,200,7,140,88.0,45.0,21.0,21.0,34.0,45.0,45.0,69.54850926829542,0.13186360583746784,5,194
scale-free,200,7,141,60.0,45.0,21.0,21.0,13.0,45.0,45.0,69.54850926829542,0.13186360583746784,5,194
scale-free,200,7,142,88.0,45.0,21.0,21.0,34.0,45.0,45.0,69.54850926829542,0.13186360583746784,5,194
scale-free,200,7,143,88.0,45.0,21.0,21.0,34.0,45.0,45.0,69.54850926829542,0.13186360583746784,5,194
scale-free,200,7,144,88.0,26.0,21.0,21.0,179.0,26.0,41.0,69.54850926829542,0.13186360583746784,5,194
scale-free,200,7,145,88.0,45.0,21.0,21.0,34.0,45.0,45.0,69.54850926829542,0.13186360583746784,5,194
scale-free,200,7,146,88.0,45.0,21.0,21.0,34.0,45.0,45.0,69.54850926829542,0.13186360583746784,5,194
scale-free,200,7,147,88.0,45.0,21.0,21.0,34.0,45.0,45.0,69.54850926829542,0.13186360583746784,5,194
scale-free,200,7,148,30.0,45.0,21.0,21.0,13.0,45.0,45.0,69.54850926829542,0.13186360583746784,5,194
scale-free,200,7,149,88.0,45.0,21.0,21.0,34.0,45.0,45.0,69.54850926829542,0.13186360583746784,5,194
scale-free,200,7,150,88.0,45.0,21.0,21.0,34.0,45.0,45.0,69.54850926829542,0.13186360583746784,5,194
scale-free,200,7,151,88.0,45.0,21.0,21.0,34.0,45.0,45.0,69.54850926829542,0.13186360583746784,5,194
scale-free,200,7,152,88.0,26.0,21.0,21.0,179.0,26.0,32.0,69.54850926829542,0.13186360583746784,5,194
scale-free,200,7,153,88.0,45.0,21.0,21.0,34.0,45.0,45.0,69.54850926829542,0.13186360583746784,5,194
scale-free,200,7,154,88.0,45.0,21.0,21.0,34.0,45.0,45.0,69.54850926829542,0.13186360583746784,5,194
scale-free,200,7,155,88.0,45.0,21.0,21.0,34.0,45.0,45.0,69.54850926829542,0.13186360583746784,5,194
scale-free,200,7,156,88.0,45.0,21.0,21.0,164.0,45.0,45.0,69.54850926829542,0.13186360583746784,5,194
scale-free,200,7,157,88.0,45.0,21.0,21.0,162.0,45.0,45.0,69.54850926829542,0.13186360583746784,5,194
scale-free,200,7,158,88.0,45.0,21.0,21.0,164.0,45.0,45.0,69.54850926829542,0.13186360583746784,5,194
scale-free,200,7,159,88.0,45.0,21.0,21.0,34.0,45.0,45.0,69.54850926829542,0.13186360583746784,5,194
scale-free,200,7,160,88.0,15.0,21.0,21.0,179.0,15.0,14.0,69.54850926829542,0.13186360583746784,5,194
scale-free,200,7,161,88.0,45.0,21.0,21.0,164.0,45.0,45.0,69.54850926829542,0.13186360583746784,5,194
scale-free,200,7,162,88.0,45.0,21.0,21.0,34.0,45.0,45.0,69.54850926829542,0.13186360583746784,5,194
scale-free,200,7,163,88.0,45.0,21.0,21.0,34.0,45.0,45.0,69.54850926829542,0.13186360583746784,5,194
scale-free,200,7,164,88.0,45.0,21.0,21.0,34.0,45.0,45.0,69.54850926829542,0.13186360583746784,5,194
scale-free,200,7,165,60.0,45.0,21.0,21.0,34.0,45.0,45.0,69.54850926829542,0.13186360583746784,5,194
scale-free,200,7,166,88.0,26.0,21.0,21.0,179.0,26.0,32.0,69.54850926829542,0.13186360583746784,5,194
scale-free,200,7,167,60.0,45.0,21.0,21.0,34.0,45.0,45.0,69.54850926829542,0.13186360583746784,5,194
scale-free,200,7,168,88.0,45.0,21.0,21.0,34.0,45.0,45.0,69.54850926829542,0.13186360583746784,5,194
scale-free,200,7,169,88.0,14.0,21.0,21.0,179.0,14.0,12.0,69.54850926829542,0.13186360583746784,5,194
scale-free,200,7,170,44.0,18.0,21.0,21.0,179.0,18.0,28.0,69.54850926829542,0.13186360583746784,5,194
scale-free,200,7,171,88.0,45.0,21.0,21.0,34.0,45.0,45.0,69.54850926829542,0.13186360583746784,5,194
scale-free,200,7,172,88.0,45.0,21.0,21.0,34.0,45.0,45.0,69.54850926829542,0.13186360583746784,5,194
scale-free,200,7,173,88.0,13.0,21.0,21.0,179.0,13.0,16.0,69.54850926829542,0.13186360583746784,5,194
scale-free,200,7,174,88.0,45.0,21.0,21.0,34.0,45.0,45.0,69.54850926829542,0.13186360583746784,5,194
scale-free,200,7,175,88.0,45.0,21.0,21.0,34.0,45.0,45.0,69.54850926829542,0.13186360583746784,5,194
scale-free,200,7,176,88.0,45.0,21.0,21.0,34.0,45.0,45.0,69.54850926829542,0.13186360583746784,5,194
scale-free,200,7,177,88.0,45.0,21.0,21.0,34.0,45.0,45.0,69.54850926829542,0.13186360583746784,5,194
scale-free,200,7,178,88.0,45.0,21.0,21.0,34.0,45.0,45.0,69.54850926829542,0.13186360583746784,5,194
scale-free,200,7,179,88.0,45.0,21.0,21.0,34.0,45.0,45.0,69.54850926829542,0.13186360583746784,5,194
scale-free,200,7,180,88.0,45.0,21.0,21.0,34.0,45.0,45.0,69.54850926829542,0.13186360583746784,5,194
scale-free,200,7,181,88.0,45.0,21.0,21.0,34.0,45.0,45.0,69.54850926829542,0.13186360583746784,5,194
scale-free,200,7,182,88.0,45.0,21.0,21.0,34.0,45.0,45.0,69.54850926829542,0.13186360583746784,5,194
scale-free,200,7,183,88.0,45.0,21.0,21.0,34.0,45.0,45.0,69.54850926829542,0.13186360583746784,5,194
scale-free,200,7,184,88.0,45.0,21.0,21.0,34.0,45.0,45.0,69.54850926829542,0.13186360583746784,5,194
scale-free,200,7,185,88.0,45.0,21.0,21.0,34.0,45.0,45.0,69.54850926829542,0.13186360583746784,5,194
scale-free,200,7,186,88.0,45.0,21.0,21.0,34.0,45.0,45.0,69.54850926829542,0.13186360583746784,5,194
scale-free,200,7,187,88.0,45.0,21.0,21.0,34.0,45.0,45.0,69.54850926829542,0.13186360583746784,5,194
scale-free,200,7,188,88.0,24.0,21.0,21.0,179.0,24.0,30.0,69.54850926829542,0.13186360583746784,5,194
scale-free,200,7,189,88.0,45.0,21.0,21.0,34.0,45.0,45.0,69.54850926829542,0.13186360583746784,5,194
scale-free,200,7,190,88.0,45.0,21.0,21.0,34.0,45.0,45.0,69.54850926829542,0.13186360583746784,5,194
scale-free,200,7,191,88.0,26.0,21.0,21.0,179.0,26.0,34.0,69.54850926829542,0.13186360583746784,5,194
scale-free,200,7,192,88.0,11.0,21.0,21.0,179.0,11.0,13.0,69.54850926829542,0.13186360583746784,5,194
scale-free,200,7,193,60.0,26.0,16.0,16.0,34.0,26.0,36.0,69.54850926829542,0.13186360583746784,5,194
scale-free,200,7,194,88.0,45.0,21.0,21.0,34.0,45.0,45.0,69.54850926829542,0.13186360583746784,5,194
scale-free,200,7,195,88.0,26.0,21.0,21.0,179.0,26.0,42.0,69.54850926829542,0.13186360583746784,5,194
scale-free,200,7,196,88.0,26.0,21.0,21.0,179.0,26.0,24.0,69.54850926829542,0.13186360583746784,5,194
scale-free,200,7,197,88.0,26.0,21.0,21.0,179.0,26.0,39.0,69.54850926829542,0.13186360583746784,5,194
scale-free,200,7,198,88.0,45.0,21.0,21.0,34.0,45.0,45.0,69.54850926829542,0.13186360583746784,5,194
scale-free,200,7,199,88.0,45.0,21.0,21.0,34.0,45.0,45.0,69.54850926829542,0.13186360583746784,5,194
scale-free,200,8,0,1.0,1.0,3.0,3.0,169.0,1.0,2.0,56.56306597068652,0.1064105570816179,4,193
scale-free,200,8,1,2.0,2.0,1.0,1.0,169.0,2.0,1.0,56.56306597068652,0.1064105570816179,4,193
scale-free,200,8,2,3.0,3.0,2.0,2.0,169.0,3.0,3.0,56.56306597068652,0.1064105570816179,4,193
scale-free,200,8,3,22.0,50.0,29.0,29.0,5.0,50.0,50.0,56.56306597068652,0.1064105570816179,4,193
scale-free,200,8,4,47.0,50.0,29.0,29.0,37.0,50.0,50.0,56.56306597068652,0.1064105570816179,4,193
scale-free,200,8,5,22.0,50.0,29.0,29.0,37.0,50.0,50.0,56.56306597068652,0.1064105570816179,4,193
scale-free,200,8,6,4.0,50.0,29.0,29.0,1.0,50.0,50.0,56.56306597068652,0.1064105570816179,4,193
scale-free,200,8,7,6.0,21.0,8.0,8.0,37.0,19.0,12.0,56.56306597068652,0.1064105570816179,4,193
scale-free,200,8,8,8.0,50.0,29.0,29.0,37.0,50.0,50.0,56.56306597068652,0.1064105570816179,4,193
scale-free,200,8,9,14.0,50.0,29.0,29.0,15.0,50.0,50.0,56.56306597068652,0.1064105570816179,4,193
scale-free,200,8,10,28.0,18.0,7.0,7.0,37.0,16.0,11.0,56.56306597068652,0.1064105570816179,4,193
scale-free,200,8,11,8.0,16.0,13.0,13.0,37.0,16.0,19.0,56.56306597068652,0.1064105570816179,4,193
scale-free,200,8,12,13.0,13.0,29.0,29.0,183.0,13.0,9.0,56.56306597068652,0.1064105570816179,4,193
scale-free,200,8,13,7.0,7.0,6.0,6.0,169.0,7.0,7.0,56.56306597068652,0.1064105570816179,4,193
scale-free,200,8,14,87.0,50.0,29.0,29.0,37.0,50.0,50.0,56.56306597068652,0.1064105570816179,4,193
scale-free,200,8,15,5.0,4.0,4.0,4.0,169.0,4.0,4.0,56.56306597068652,0.1064105570816179,4,193
scale-free,200,8,16,47.0,50.0,29.0,29.0,37.0,50.0,50.0,56.56306597068652,0.1064105570816179,4,193
scale-free,200,8,17,22.0,50.0,29.0,29.0,15.0,50.0,50.0,56.56306597068652,0.1064105570816179,4,193
scale-free,200,8,18,47.0,50.0,29.0,29.0,37.0,50.0,50.0,56.56306597068652,0.1064105570816179,4,193
scale-free,200,8,19,87.0,50.0,29.0,29.0,37.0,50.0,50.0,56.56306597068652,0.1064105570816179,4,193
scale-free,200,8,20,47.0,50.0,29.0,29.0,37.0,50.0,50.0,56.56306597068652,0.1064105570816179,4,193
scale-free,200,8,21,11.0,10.0,5.0,5.0,169.0,11.0,16.0,56.56306597068652,0.1064105570816179,4,193
scale-free,200,8,22,17.0,50.0,29.0,29.0,15.0,50.0,50.0,56.56306597068652,0.1064105570816179,4,193
scale-free,200,8,23,17.0,5.0,29.0,29.0,183.0,5.0,5.0,56.56306597068652,0.1064105570816179,4,193
scale-free,200,8,24,34.0,26.0,23.0,23.0,15.0,26.0,34.0,56.56306597068652,0.1064105570816179,4,193
scale-free,200,8,25,28.0,50.0,29.0,29.0,3.0,50.0,50.0,56.56306597068652,0.1064105570816179,4,193
scale-free,200,8,26,87.0,50.0,29.0,29.0,37.0,50.0,50.0,56.56306597068652,0.1064105570816179,4,193
scale-free,200,8,27,34.0,28.0,19.0,19.0,37.0,28.0,28.0,56.56306597068652,0.1064105570816179,4,193
scale-free,200,8,28,87.0,50.0,29.0,29.0,37.0,50.0,50.0,56.56306597068652,0.1064105570816179,4,193
scale-free,200,8,29,8.0,50.0,29.0,29.0,15.0,50.0,50.0,56.56306597068652,0.1064105570816179,4,193
scale-free,200,8,30,47.0,50.0,29.0,29.0,37.0,50.0,50.0,56.56306597068652,0.1064105570816179,4,193
scale-free,200,8,31,14.0,8.0,10.0,10.0,169.0,8.0,8.0,56.56306597068652,0.1064105570816179,4,193
scale-free,200,8,32,87.0,50.0,29.0,29.0,37.0,50.0,50.0,56.56306597068652,0.1064105570816179,4,193
scale-free,200,8,33,14.0,50.0,29.0,29.0,15.0,50.0,50.0,56.56306597068652,0.1064105570816179,4,193
scale-free,200,8,34,28.0,28.0,24.0,24.0,37.0,28.0,36.0,56.56306597068652,0.1064105570816179,4,193
scale-free,200,8,35,87.0,50.0,29.0,29.0,37.0,50.0,50.0,56.56306597068652,0.1064105570816179,4,193
scale-free,200,8,36,47.0,28.0,24.0,24.0,37.0,28.0,36.0,56.56306597068652,0.1064105570816179,4,193
scale-free,200,8,37,87.0,50.0,29.0,29.0,37.0,50.0,50.0,56.56306597068652,0.1064105570816179,4,193
scale-free,200,8,38,47.0,28.0,29.0,29.0,37.0,28.0,47.0,56.56306597068652,0.1064105570816179,4,193
scale-free,200,8,39,87.0,50.0,29.0,29.0,37.0,50.0,50.0,56.56306597068652,0.1064105570816179,4,193
scale-free,200,8,40,34.0,6.0,29.0,29.0,183.0,6.0,6.0,56.56306597068652,0.1064105570816179,4,193
scale-free,200,8,41,47.0,28.0,20.0,20.0,37.0,28.0,44.0,56.56306597068652,0.1064105570816179,4,193
scale-free,200,8,42,87.0,50.0,29.0,29.0,37.0,50.0,50.0,56.56306597068652,0.1064105570816179,4,193
scale-free,200,8,43,11.0,50.0,29.0,29.0,2.0,50.0,50.0,56.56306597068652,0.1064105570816179,4,193
scale-free,200,8,44,47.0,50.0,29.0,29.0,37.0,50.0,50.0,56.56306597068652,0.1064105570816179,4,193
scale-free,200,8,45,34.0,23.0,14.0,14.0,15.0,23.0,20.0,56.56306597068652,0.1064105570816179,4,193
scale-free,200,8,46,22.0,50.0,29.0,29.0,5.0,50.0,50.0,56.56306597068652,0.1064105570816179,4,193
scale-free,200,8,47,87.0,50.0,29.0,29.0,37.0,50.0,50.0,56.56306597068652,0.1064105570816179,4,193
scale-free,200,8,48,47.0,9.0,29.0,29.0,183.0,9.0,15.0,56.56306597068652,0.1064105570816179,4,193
scale-free,200,8,49,22.0,16.0,9.0,9.0,37.0,16.0,13.0,56.56306597068652,0.1064105570816179,4,193
scale-free,200,8,50,87.0,50.0,29.0,29.0,37.0,50.0,50.0,56.56306597068652,0.1064105570816179,4,193
scale-free,200,8,51,47.0,50.0,29.0,29.0,37.0,50.0,50.0,56.56306597068652,0.1064105570816179,4,193
scale-free,200,8,52,87.0,50.0,29.0,29.0,37.0,50.0,50.0,56.56306597068652,0.1064105570816179,4,193
scale-free,200,8,53,87.0,50.0,29.0,29.0,37.0,50.0,50.0,56.56306597068652,0.1064105570816179,4,193
scale-free,200,8,54,47.0,50.0,29.0,29.0,5.0,50.0,50.0,56.56306597068652,0.1064105570816179,4,193
scale-free,200,8,55,34.0,50.0,29.0,29.0,37.0,50.0,50.0,56.56306597068652,0.1064105570816179,4,193
scale-free,200,8,56,87.0,50.0,29.0,29.0,37.0,50.0,50.0,56.56306597068652,0.1064105570816179,4,193
scale-free,200,8,57,34.0,12.0,29.0,29.0,169.0,12.0,16.0,56.56306597068652,0.1064105570816179,4,193
scale-free,200,8,58,47.0,50.0,29.0,29.0,37.0,50.0,50.0,56.56306597068652,0.1064105570816179,4,193
scale-free,200,8,59,87.0,50.0,29.0,29.0,37.0,50.0,50.0,56.56306597068652,0.1064105570816179,4,193
scale-free,200,8,60,47.0,50.0,29.0,29.0,5.0,50.0,50.0,56.56306597068652,0.1064105570816179,4,193
scale-free,200,8,61,87.0,50.0,29.0,29.0,37.0,50.0,50.0,56.56306597068652,0.1064105570816179,4,193
scale-free,200,8,62,47.0,50.0,29.0,29.0,37.0,50.0,50.0,56.56306597068652,0.1064105570816179,4,193
scale-free,200,8,63,87.0,50.0,29.0,29.0,37.0,50.0,50.0,56.56306597068652,0.1064105570816179,4,193
scale-free,200,8,64,87.0,50.0,29.0,29.0,37.0,50.0,50.0,56.56306597068652,0.1064105570816179,4,193
scale-free,200,8,65,87.0,50.0,29.0,29.0,37.0,50.0,50.0,56.56306597068652,0.1064105570816179,4,193
scale-free,200,8,66,87.0,28.0,29.0,29.0,183.0,28.0,47.0,56.56306597068652,0.1064105570816179,4,193
scale-free,200,8,67,87.0,50.0,29.0,29.0,37.0,50.0,50.0,56.56306597068652,0.1064105570816179,4,193
scale-free,200,8,68,47.0,50.0,29.0,29.0,37.0,50.0,50.0,56.56306597068652,0.1064105570816179,4,193
scale-free,200,8,69,87.0,50.0,29.0,29.0,37.0,50.0,50.0,56.56306597068652,0.1064105570816179,4,193
scale-free,200,8,70,17.0,50.0,29.0,29.0,37.0,50.0,50.0,56.56306597068652,0.1064105570816179,4,193
scale-free,200,8,71,87.0,50.0,29.0,29.0,37.0,50.0,50.0,56.56306597068652,0.1064105570816179,4,193
scale-free,200,8,72,47.0,22.0,29.0,29.0,183.0,22.0,27.0,56.56306597068652,0.1064105570816179,4,193
scale-free,200,8,73,17.0,28.0,15.0,15.0,5.0,28.0,28.0,56.56306597068652,0.1064105570816179,4,193
scale-free,200,8,74,34.0,50.0,29.0,29.0,15.0,50.0,50.0,56.56306597068652,0.1064105570816179,4,193
scale-free,200,8,75,47.0,50.0,29.0,29.0,37.0,50.0,50.0,56.56306597068652,0.1064105570816179,4,193
scale-free,200,8,76,87.0,50.0,29.0,29.0,37.0,50.0,50.0,56.56306597068652,0.1064105570816179,4,193
scale-free,200,8,77,87.0,50.0,29.0,29.0,15.0,50.0,50.0,56.56306597068652,0.1064105570816179,4,193
scale-free,200,8,78,47.0,50.0,29.0,29.0,15.0,50.0,50.0,56.56306597068652,0.1064105570816179,4,193
scale-free,200,8,79,87.0,50.0,29.0,29.0,37.0,50.0,50.0,56.56306597068652,0.1064105570816179,4,193
scale-free,200,8,80,87.0,28.0,29.0,29.0,183.0,28.0,42.0,56.56306597068652,0.1064105570816179,4,193
scale-free,200,8,81,47.0,50.0,29.0,29.0,37.0,50.0,50.0,56.56306597068652,0.1064105570816179,4,193
scale-free,200,8,82,17.0,19.0,18.0,18.0,37.0,19.0,21.0,56.56306597068652,0.1064105570816179,4,193
scale-free,200,8,83,87.0,50.0,29.0,29.0,37.0,50.0,50.0,56.56306597068652,0.1064105570816179,4,193
scale-free,200,8,84,34.0,14.0,22.0,20.0,177.0,14.0,22.0,56.56306597068652,0.1064105570816179,4,193
scale-free,200,8,85,87.0,50.0,29.0,29.0,37.0,50.0,50.0,56.56306597068652,0.1064105570816179,4,193
scale-free,200,8,86,87.0,50.0,29.0,29.0,37.0,50.0,50.0,56.56306597068652,0.1064105570816179,4,193
scale-free,200,8,87,47.0,28.0,26.0,26.0,37.0,28.0,46.0,56.56306597068652,0.1064105570816179,4,193
scale-free,200,8,88,87.0,50.0,29.0,29.0,37.0,50.0,50.0,56.56306597068652,0.1064105570816179,4,193
scale-free,200,8,89,47.0,28.0,21.0,22.0,15.0,28.0,28.0,56.56306597068652,0.1064105570816179,4,193
scale-free,200,8,90,47.0,26.0,12.0,12.0,37.0,26.0,18.0,56.56306597068652,0.1064105570816179,4,193
scale-free,200,8,91,87.0,50.0,29.0,29.0,37.0,50.0,50.0,56.56306597068652,0.1064105570816179,4,193
scale-free,200,8,92,87.0,50.0,29.0,29.0,37.0,50.0,50.0,56.56306597068652,0.1064105570816179,4,193
scale-free,200,8,93,87.0,50.0,29.0,29.0,37.0,50.0,50.0,56.56306597068652,0.1064105570816179,4,193
scale-free,200,8,94,22.0,50.0,29.0,29.0,15.0,50.0,50.0,56.56306597068652,0.1064105570816179,4,193
scale-free,200,8,95,87.0,50.0,29.0,29.0,37.0,50.0,50.0,56.56306597068652,0.1064105570816179,4,193
scale-free,200,8,96,87.0,50.0,29.0,29.0,37.0,50.0,50.0,56.56306597068652,0.1064105570816179,4,193
scale-free,200,8,97,34.0,50.0,29.0,29.0,37.0,50.0,50.0,56.56306597068652,0.1064105570816179,4,193
scale-free,200,8,98,47.0,28.0,29.0,29.0,37.0,28.0,41.0,56.56306597068652,0.1064105570816179,4,193
scale-free,200,8,99,87.0,50.0,29.0,29.0,15.0,50.0,50.0,56.56306597068652,0.1064105570816179,4,193
scale-free,200,8,100,47.0,50.0,29.0,29.0,37.0,50.0,50.0,56.56306597068652,0.1064105570816179,4,193
scale-free,200,8,101,87.0,50.0,29.0,29.0,177.0,50.0,50.0,56.56306597068652,0.1064105570816179,4,193
scale-free,200,8,102,87.0,50.0,29.0,29.0,37.0,50.0,50.0,56.56306597068652,0.1064105570816179,4,193
scale-free,200,8,103,87.0,50.0,29.0,29.0,37.0,50.0,50.0,56.56306597068652,0.1064105570816179,4,193
scale-free,200,8,104,87.0,50.0,29.0,29.0,37.0,50.0,50.0,56.56306597068652,0.1064105570816179,4,193
scale-free,200,8,105,87.0,50.0,29.0,29.0,37.0,50.0,50.0,56.56306597068652,0.1064105570816179,4,193
scale-free,200,8,106,87.0,50.0,29.0,29.0,37.0,50.0,50.0,56.56306597068652,0.1064105570816179,4,193
scale-free,200,8,107,87.0,50.0,29.0,29.0,37.0,50.0,50.0,56.56306597068652,0.1064105570816179,4,193
scale-free,200,8,108,28.0,19.0,11.0,11.0,15.0,19.0,14.0,56.56306597068652,0.1064105570816179,4,193
scale-free,200,8,109,87.0,50.0,29.0,29.0,37.0,50.0,50.0,56.56306597068652,0.1064105570816179,4,193
scale-free,200,8,110,87.0,50.0,29.0,29.0,37.0,50.0,50.0,56.56306597068652,0.1064105570816179,4,193
scale-free,200,8,111,47.0,50.0,29.0,29.0,37.0,50.0,50.0,56.56306597068652,0.1064105570816179,4,193
scale-free,200,8,112,87.0,50.0,29.0,29.0,37.0,50.0,50.0,56.56306597068652,0.1064105570816179,4,193
scale-free,200,8,113,87.0,50.0,29.0,29.0,37.0,50.0,50.0,56.56306597068652,0.1064105570816179,4,193
scale-free,200,8,114,87.0,50.0,29.0,29.0,37.0,50.0,50.0,56.56306597068652,0.1064105570816179,4,193
scale-free,200,8,115,87.0,50.0,29.0,29.0,37.0,50.0,50.0,56.56306597068652,0.1064105570816179,4,193
scale-free,200,8,116,47.0,28.0,26.0,26.0,37.0,28.0,47.0,56.56306597068652,0.1064105570816179,4,193
scale-free,200,8,117,87.0,50.0,29.0,29.0,37.0,50.0,50.0,56.56306597068652,0.1064105570816179,4,193
scale-free,200,8,118,34.0,28.0,26.0,26.0,37.0,28.0,28.0,56.56306597068652,0.1064105570816179,4,193
scale-free,200,8,119,47.0,50.0,29.0,29.0,37.0,50.0,50.0,56.56306597068652,0.1064105570816179,4,193
scale-free,200,8,120,87.0,50.0,29.0,29.0,37.0,50.0,50.0,56.56306597068652,0.1064105570816179,4,193
scale-free,200,8,121,87.0,50.0,29.0,29.0,37.0,50.0,50.0,56.56306597068652,0.1064105570816179,4,193
scale-free,200,8,122,87.0,50.0,29.0,29.0,37.0,50.0,50.0,56.56306597068652,0.1064105570816179,4,193
scale-free,200,8,123,47.0,50.0,29.0,29.0,3.0,50.0,50.0,56.56306597068652,0.1064105570816179,4,193
scale-free,200,8,124,34.0,50.0,29.0,29.0,37.0,50.0,50.0,56.56306597068652,0.1064105570816179,4,193
scale-free,200,8,125,47.0,50.0,29.0,29.0,37.0,50.0,50.0,56.56306597068652,0.1064105570816179,4,193
scale-free,200,8,126,87.0,50.0,29.0,29.0,15.0,50.0,50.0,56.56306597068652,0.1064105570816179,4,193
scale-free,200,8,127,34.0,28.0,15.0,15.0,15.0,28.0,25.0,56.56306597068652,0.1064105570816179,4,193
scale-free,200,8,128,87.0,50.0,29.0,29.0,37.0,50.0,50.0,56.56306597068652,0.1064105570816179,4,193
scale-free,200,8,129,87.0,50.0,29.0,29.0,37.0,50.0,50.0,56.56306597068652,0.1064105570816179,4,193
scale-free,200,8,130,87.0,50.0,29.0,29.0,37.0,50.0,50.0,56.56306597068652,0.1064105570816179,4,193
scale-free,200,8,131,87.0,50.0,29.0,29.0,37.0,50.0,50.0,56.56306597068652,0.1064105570816179,4,193
scale-free,200,8,132,47.0,50.0,29.0,29.0,37.0,50.0,50.0,56.56306597068652,0.1064105570816179,4,193
scale-free,200,8,133,87.0,50.0,29.0,29.0,177.0,50.0,50.0,56.56306597068652,0.1064105570816179,4,193
scale-free,200,8,134,47.0,50.0,29.0,29.0,15.0,50.0,50.0,56.56306597068652,0.1064105570816179,4,193
scale-free,200,8,135,87.0,50.0,29.0,29.0,37.0,50.0,50.0,56.56306597068652,0.1064105570816179,4,193
scale-free,200,8,136,47.0,50.0,29.0,29.0,37.0,50.0,50.0,56.56306597068652,0.1064105570816179,4,193
scale-free,200,8,137,28.0,50.0,29.0,29.0,15.0,50.0,50.0,56.56306597068652,0.1064105570816179,4,193
scale-free,200,8,138,87.0,28.0,29.0,29.0,183.0,28.0,42.0,56.56306597068652,0.1064105570816179,4,193
scale-free,200,8,139,87.0,50.0,29.0,29.0,15.0,50.0,50.0,56.56306597068652,0.1064105570816179,4,193
scale-free,200,8,140,28.0,50.0,29.0,29.0,37.0,50.0,50.0,56.56306597068652,0.1064105570816179,4,193
scale-free,200,8,141,47.0,50.0,29.0,29.0,37.0,50.0,50.0,56.56306597068652,0.1064105570816179,4,193
scale-free,200,8,142,87.0,50.0,29.0,29.0,37.0,50.0,50.0,56.56306597068652,0.1064105570816179,4,193
scale-free,200,8,143,47.0,23.0,29.0,29.0,183.0,23.0,23.0,56.56306597068652,0.1064105570816179,4,193
scale-free,200,8,144,34.0,11.0,29.0,29.0,183.0,10.0,10.0,56.56306597068652,0.1064105570816179,4,193
scale-free,200,8,145,87.0,50.0,29.0,29.0,5.0,50.0,50.0,56.56306597068652,0.1064105570816179,4,193
scale-free,200,8,146,47.0,23.0,29.0,29.0,183.0,23.0,23.0,56.56306597068652,0.1064105570816179,4,193
scale-free,200,8,147,87.0,50.0,29.0,29.0,37.0,50.0,50.0,56.56306597068652,0.1064105570816179,4,193
scale-free,200,8,148,87.0,50.0,29.0,29.0,37.0,50.0,50.0,56.56306597068652,0.1064105570816179,4,193
scale-free,200,8,149,87.0,50.0,29.0,29.0,5.0,50.0,50.0,56.56306597068652,0.1064105570816179,4,193
scale-free,200,8,150,87.0,50.0,29.0,29.0,37.0,50.0,50.0,56.56306597068652,0.1064105570816179,4,193
scale-free,200,8,151,87.0,50.0,29.0,29.0,37.0,50.0,50.0,56.56306597068652,0.1064105570816179,4,193
scale-free,200,8,152,87.0,50.0,29.0,29.0,37.0,50.0,50.0,56.56306597068652,0.1064105570816179,4,193
scale-free,200,8,153,87.0,50.0,29.0,29.0,177.0,50.0,50.0,56.56306597068652,0.1064105570816179,4,193
scale-free,200,8,154,87.0,50.0,29.0,29.0,177.0,50.0,50.0,56.56306597068652,0.1064105570816179,4,193
scale-free,200,8,155,87.0,50.0,29.0,29.0,37.0,50.0,50.0,56.56306597068652,0.1064105570816179,4,193
scale-free,200,8,156,87.0,50.0,29.0,29.0,5.0,50.0,50.0,56.56306597068652,0.1064105570816179,4,193
scale-free,200,8,157,87.0,50.0,29.0,29.0,37.0,50.0,50.0,56.56306597068652,0.1064105570816179,4,193
scale-free,200,8,158,47.0,50.0,29.0,29.0,15.0,50.0,50.0,56.56306597068652,0.1064105570816179,4,193
scale-free,200,8,159,87.0,28.0,29.0,29.0,183.0,28.0,36.0,56.56306597068652,0.1064105570816179,4,193
scale-free,200,8,160,87.0,50.0,29.0,29.0,37.0,50.0,50.0,56.56306597068652,0.1064105570816179,4,193
scale-free,200,8,161,87.0,50.0,29.0,29.0,37.0,50.0,50.0,56.56306597068652,0.1064105570816179,4,193
scale-free,200,8,162,47.0,28.0,15.0,15.0,15.0,28.0,25.0,56.56306597068652,0.1064105570816179,4,193
scale-free,200,8,163,87.0,50.0,29.0,29.0,15.0,50.0,50.0,56.56306597068652,0.1064105570816179,4,193
scale-free,200,8,164,87.0,50.0,29.0,29.0,37.0,50.0,50.0,56.56306597068652,0.1064105570816179,4,193
scale-free,200,8,165,87.0,28.0,29.0,29.0,183.0,28.0,36.0,56.56306597068652,0.1064105570816179,4,193
scale-free,200,8,166,87.0,28.0,29.0,29.0,183.0,28.0,35.0,56.56306597068652,0.1064105570816179,4,193
scale-free,200,8,167,87.0,50.0,29.0,29.0,37.0,50.0,50.0,56.56306597068652,0.1064105570816179,4,193
scale-free,200,8,168,47.0,50.0,29.0,29.0,37.0,50.0,50.0,56.56306597068652,0.1064105570816179,4,193
scale-free,200,8,169,87.0,28.0,29.0,29.0,183.0,28.0,44.0,56.56306597068652,0.1064105570816179,4,193
scale-free,200,8,170,87.0,50.0,29.0,29.0,177.0,50.0,50.0,56.56306597068652,0.1064105570816179,4,193
scale-free,200,8,171,87.0,28.0,29.0,29.0,183.0,28.0,36.0,56.56306597068652,0.1064105570816179,4,193
scale-free,200,8,172,47.0,50.0,29.0,29.0,37.0,50.0,50.0,56.56306597068652,0.1064105570816179,4,193
scale-free,200,8,173,87.0,50.0,29.0,29.0,37.0,50.0,50.0,56.56306597068652,0.1064105570816179,4,193
scale-free,200,8,174,87.0,50.0,29.0,29.0,37.0,50.0,50.0,56.56306597068652,0.1064105570816179,4,193
scale-free,200,8,175,87.0,50.0,29.0,29.0,37.0,50.0,50.0,56.56306597068652,0.1064105570816179,4,193
scale-free,200,8,176,87.0,50.0,29.0,29.0,37.0,50.0,50.0,56.56306597068652,0.1064105570816179,4,193
scale-free,200,8,177,87.0,28.0,29.0,29.0,183.0,28.0,28.0,56.56306597068652,0.1064105570816179,4,193
scale-free,200,8,178,87.0,50.0,29.0,29.0,37.0,50.0,50.0,56.56306597068652,0.1064105570816179,4,193
scale-free,200,8,179,87.0,50.0,29.0,29.0,37.0,50.0,50.0,56.56306597068652,0.1064105570816179,4,193
scale-free,200,8,180,87.0,50.0,29.0,29.0,5.0,50.0,50.0,56.56306597068652,0.1064105570816179,4,193
scale-free,200,8,181,87.0,50.0,29.0,29.0,37.0,50.0,50.0,56.56306597068652,0.1064105570816179,4,193
scale-free,200,8,182,87.0,50.0,29.0,29.0,37.0,50.0,50.0,56.56306597068652,0.1064105570816179,4,193
scale-free,200,8,183,87.0,50.0,29.0,29.0,37.0,50.0,50.0,56.56306597068652,0.1064105570816179,4,193
scale-free,200,8,184,87.0,50.0,29.0,29.0,37.0,50.0,50.0,56.56306597068652,0.1064105570816179,4,193
scale-free,200,8,185,87.0,50.0,29.0,29.0,37.0,50.0,50.0,56.56306597068652,0.1064105570816179,4,193
scale-free,200,8,186,87.0,50.0,29.0,29.0,37.0,50.0,50.0,56.56306597068652,0.1064105570816179,4,193
scale-free,200,8,187,87.0,50.0,29.0,29.0,5.0,50.0,50.0,56.56306597068652,0.1064105570816179,4,193
scale-free,200,8,188,87.0,50.0,29.0,29.0,37.0,50.0,50.0,56.56306597068652,0.1064105570816179,4,193
scale-free,200,8,189,87.0,15.0,29.0,29.0,183.0,15.0,33.0,56.56306597068652,0.1064105570816179,4,193
scale-free,200,8,190,87.0,50.0,29.0,29.0,37.0,50.0,50.0,56.56306597068652,0.1064105570816179,4,193
scale-free,200,8,191,87.0,50.0,29.0,29.0,37.0,50.0,50.0,56.56306597068652,0.1064105570816179,4,193
scale-free,200,8,192,87.0,50.0,29.0,29.0,37.0,50.0,50.0,56.56306597068652,0.1064105570816179,4,193
scale-free,200,8,193,87.0,50.0,29.0,29.0,37.0,50.0,50.0,56.56306597068652,0.1064105570816179,4,193
scale-free,200,8,194,87.0,50.0,29.0,29.0,37.0,50.0,50.0,56.56306597068652,0.1064105570816179,4,193
scale-free,200,8,195,87.0,50.0,29.0,29.0,37.0,50.0,50.0,56.56306597068652,0.1064105570816179,4,193
scale-free,200,8,196,87.0,50.0,29.0,29.0,37.0,50.0,50.0,56.56306597068652,0.1064105570816179,4,193
scale-free,200,8,197,87.0,50.0,29.0,29.0,37.0,50.0,50.0,56.56306597068652,0.1064105570816179,4,193
scale-free,200,8,198,87.0,50.0,29.0,29.0,37.0,50.0,50.0,56.56306597068652,0.1064105570816179,4,193
scale-free,200,8,199,87.0,50.0,29.0,29.0,37.0,50.0,50.0,56.56306597068652,0.1064105570816179,4,193
