scale-free,200,9,0,2.0,2.0,5.0,5.0,127.0,2.0,2.0,65.62163894741107,0.052873622654389545,5,180
scale-free,200,9,1,1.0,1.0,2.0,2.0,127.0,1.0,1.0,65.62163894741107,0.052873622654389545,5,180
scale-free,200,9,2,3.0,3.0,1.0,1.0,127.0,3.0,3.0,65.62163894741107,0.052873622654389545,5,180
scale-free,200,9,3,5.0,8.0,14.0,12.0,127.0,9.0,6.0,65.62163894741107,0.052873622654389545,5,180
scale-free,200,9,4,10.0,68.0,41.0,41.0,28.0,68.0,68.0,65.62163894741107,0.052873622654389545,5,180
scale-free,200,9,5,14.0,7.0,41.0,41.0,175.0,7.0,7.0,65.62163894741107,0.052873622654389545,5,180
scale-free,200,9,6,7.0,4.0,6.0,7.0,127.0,4.0,4.0,65.62163894741107,0.052873622654389545,5,180
scale-free,200,9,7,4.0,6.0,8.0,8.0,127.0,6.0,9.0,65.62163894741107,0.052873622654389545,5,180
scale-free,200,9,8,6.0,10.0,10.0,10.0,127.0,10.0,10.0,65.62163894741107,0.052873622654389545,5,180
scale-free,200,9,9,31.0,68.0,41.0,41.0,28.0,68.0,68.0,65.62163894741107,0.052873622654389545,5,180
scale-free,200,9,10,15.0,68.0,41.0,41.0,1.0,68.0,68.0,65.62163894741107,0.052873622654389545,5,180
scale-free,200,9,11,31.0,68.0,41.0,41.0,28.0,68.0,68.0,65.62163894741107,0.052873622654389545,5,180
scale-free,200,9,12,10.0,11.0,29.0,29.0,152.0,11.0,12.0,65.62163894741107,0.052873622654389545,5,180
scale-free,200,9,13,100.0,68.0,41.0,41.0,28.0,68.0,68.0,65.62163894741107,0.052873622654389545,5,180
scale-free,200,9,14,41.0,18.0,41.0,41.0,175.0,19.0,14.0,65.62163894741107,0.052873622654389545,5,180
scale-free,200,9,15,12.0,9.0,41.0,41.0,175.0,8.0,11.0,65.62163894741107,0.052873622654389545,5,180
scale-free,200,9,16,8.0,33.0,9.0,9.0,127.0,29.0,17.0,65.62163894741107,0.052873622654389545,5,180
scale-free,200,9,17,28.0,25.0,15.0,15.0,127.0,26.0,29.0,65.62163894741107,0.052873622654389545,5,180
scale-free,200,9,18,65.0,68.0,41.0,41.0,28.0,68.0,68.0,65.62163894741107,0.052873622654389545,5,180
scale-free,200,9,19,23.0,68.0,41.0,41.0,1.0,68.0,68.0,65.62163894741107,0.052873622654389545,5,180
scale-free,200,9,20,23.0,42.0,31.0,32.0,7.0,42.0,47.0,65.62163894741107,0.052873622654389545,5,180
scale-free,200,9,21,100.0,68.0,41.0,41.0,28.0,68.0,68.0,65.62163894741107,0.052873622654389545,5,180
scale-free,200,9,22,18.0,68.0,41.0,41.0,28.0,68.0,68.0,65.62163894741107,0.052873622654389545,5,180
scale-free,200,9,23,21.0,42.0,21.0,21.0,28.0,42.0,36.0,65.62163894741107,0.052873622654389545,5,180
scale-free,200,9,24,41.0,68.0,41.0,41.0,7.0,68.0,68.0,65.62163894741107,0.052873622654389545,5,180
scale-free,200,9,25,8.0,5.0,12.0,14.0,127.0,5.0,5.0,65.62163894741107,0.052873622654389545,5,180
scale-free,200,9,26,100.0,68.0,41.0,41.0,152.0,68.0,68.0,65.62163894741107,0.052873622654389545,5,180
scale-free,200,9,27,31.0,68.0,41.0,41.0,4.0,68.0,68.0,65.62163894741107,0.052873622654389545,5,180
scale-free,200,9,28,65.0,37.0,36.0,36.0,127.0,39.0,58.0,65.62163894741107,0.052873622654389545,5,180
scale-free,200,9,29,100.0,68.0,41.0,41.0,28.0,68.0,68.0,65.62163894741107,0.052873622654389545,5,180
scale-free,200,9,30,26.0,26.0,4.0,4.0,127.0,27.0,40.0,65.62163894741107,0.052873622654389545,5,180
scale-free,200,9,31,65.0,68.0,41.0,41.0,28.0,68.0,68.0,65.62163894741107,0.052873622654389545,5,180
scale-free,200,9,32,26.0,19.0,41.0,41.0,175.0,18.0,20.0,65.62163894741107,0.052873622654389545,5,180
scale-free,200,9,33,65.0,68.0,41.0,41.0,28.0,68.0,68.0,65.62163894741107,0.052873622654389545,5,180
scale-free,200,9,34,65.0,48.0,37.0,37.0,148.0,48.0,48.0,65.62163894741107,0.052873622654389545,5,180
scale-free,200,9,35,15.0,32.0,7.0,6.0,127.0,33.0,35.0,65.62163894741107,0.052873622654389545,5,180
scale-free,200,9,36,41.0,48.0,37.0,37.0,28.0,48.0,48.0,65.62163894741107,0.052873622654389545,5,180
scale-free,200,9,37,65.0,48.0,40.0,40.0,28.0,48.0,64.0,65.62163894741107,0.052873622654389545,5,180
scale-free,200,9,38,31.0,48.0,30.0,30.0,28.0,48.0,48.0,65.62163894741107,0.052873622654389545,5,180
scale-free,200,9,39,65.0,68.0,41.0,41.0,28.0,68.0,68.0,65.62163894741107,0.052873622654389545,5,180
scale-free,200,9,40,100.0,68.0,41.0,41.0,28.0,68.0,68.0,65.62163894741107,0.052873622654389545,5,180
scale-free,200,9,41,100.0,68.0,41.0,41.0,148.0,68.0,68.0,65.62163894741107,0.052873622654389545,5,180
scale-free,200,9,42,23.0,68.0,41.0,41.0,4.0,68.0,68.0,65.62163894741107,0.052873622654389545,5,180
scale-free,200,9,43,100.0,36.0,41.0,41.0,175.0,38.0,58.0,65.62163894741107,0.052873622654389545,5,180
scale-free,200,9,44,100.0,68.0,41.0,41.0,28.0,68.0,68.0,65.62163894741107,0.052873622654389545,5,180
scale-free,200,9,45,65.0,14.0,41.0,41.0,175.0,14.0,24.0,65.62163894741107,0.052873622654389545,5,180
scale-free,200,9,46,18.0,68.0,41.0,41.0,7.0,68.0,68.0,65.62163894741107,0.052873622654389545,5,180
scale-free,200,9,47,100.0,68.0,41.0,41.0,148.0,68.0,68.0,65.62163894741107,0.052873622654389545,5,180
scale-free,200,9,48,65.0,68.0,41.0,41.0,28.0,68.0,68.0,65.62163894741107,0.052873622654389545,5,180
scale-free,200,9,49,18.0,24.0,16.0,16.0,127.0,22.0,13.0,65.62163894741107,0.052873622654389545,5,180
scale-free,200,9,50,65.0,68.0,41.0,41.0,28.0,68.0,68.0,65.62163894741107,0.052873622654389545,5,180
scale-free,200,9,51,31.0,68.0,41.0,41.0,7.0,68.0,68.0,65.62163894741107,0.052873622654389545,5,180
scale-free,200,9,52,41.0,68.0,41.0,41.0,7.0,68.0,68.0,65.62163894741107,0.052873622654389545,5,180
scale-free,200,9,53,17.0,27.0,41.0,41.0,175.0,25.0,18.0,65.62163894741107,0.052873622654389545,5,180
scale-free,200,9,54,31.0,48.0,27.0,27.0,28.0,48.0,48.0,65.62163894741107,0.052873622654389545,5,180
scale-free,200,9,55,100.0,68.0,41.0,41.0,28.0,68.0,68.0,65.62163894741107,0.052873622654389545,5,180
scale-free,200,9,56,100.0,68.0,41.0,41.0,28.0,68.0,68.0,65.62163894741107,0.052873622654389545,5,180
scale-free,200,9,57,100.0,68.0,41.0,41.0,28.0,68.0,68.0,65.62163894741107,0.052873622654389545,5,180
scale-free,200,9,58,31.0,68.0,41.0,41.0,28.0,68.0,68.0,65.62163894741107,0.052873622654389545,5,180
scale-free,200,9,59,100.0,68.0,41.0,41.0,28.0,68.0,68.0,65.62163894741107,0.052873622654389545,5,180
scale-free,200,9,60,41.0,48.0,34.0,35.0,28.0,48.0,54.0,65.62163894741107,0.052873622654389545,5,180
scale-free,200,9,61,65.0,20.0,41.0,41.0,175.0,20.0,15.0,65.62163894741107,0.052873622654389545,5,180
scale-free,200,9,62,21.0,68.0,41.0,41.0,1.0,68.0,68.0,65.62163894741107,0.052873622654389545,5,180
scale-free,200,9,63,41.0,42.0,20.0,20.0,28.0,42.0,30.0,65.62163894741107,0.052873622654389545,5,180
scale-free,200,9,64,41.0,48.0,41.0,41.0,28.0,48.0,60.0,65.62163894741107,0.052873622654389545,5,180
scale-free,200,9,65,65.0,68.0,41.0,41.0,7.0,68.0,68.0,65.62163894741107,0.052873622654389545,5,180
scale-free,200,9,66,28.0,22.0,41.0,41.0,175.0,21.0,19.0,65.62163894741107,0.052873622654389545,5,180
scale-free,200,9,67,100.0,68.0,41.0,41.0,28.0,68.0,68.0,65.62163894741107,0.052873622654389545,5,180
scale-free,200,9,68,31.0,16.0,11.0,11.0,127.0,16.0,25.0,65.62163894741107,0.052873622654389545,5,180
scale-free,200,9,69,31.0,28.0,19.0,19.0,127.0,28.0,21.0,65.62163894741107,0.052873622654389545,5,180
scale-free,200,9,70,65.0,48.0,33.0,33.0,28.0,48.0,54.0,65.62163894741107,0.052873622654389545,5,180
scale-free,200,9,71,13.0,13.0,13.0,13.0,127.0,12.0,8.0,65.62163894741107,0.052873622654389545,5,180
scale-free,200,9,72,41.0,34.0,41.0,41.0,175.0,34.0,22.0,65.62163894741107,0.052873622654389545,5,180
scale-free,200,9,73,65.0,30.0,41.0,41.0,175.0,31.0,38.0,65.62163894741107,0.052873622654389545,5,180
scale-free,200,9,74,65.0,42.0,41.0,41.0,175.0,42.0,37.0,65.62163894741107,0.052873622654389545,5,180
scale-free,200,9,75,100.0,68.0,41.0,41.0,28.0,68.0,68.0,65.62163894741107,0.052873622654389545,5,180
scale-free,200,9,76,100.0,68.0,41.0,41.0,152.0,68.0,68.0,65.62163894741107,0.052873622654389545,5,180
scale-free,200,9,77,41.0,41.0,41.0,41.0,175.0,41.0,28.0,65.62163894741107,0.052873622654389545,5,180
scale-free,200,9,78,100.0,68.0,41.0,41.0,28.0,68.0,68.0,65.62163894741107,0.052873622654389545,5,180
scale-free,200,9,79,31.0,15.0,3.0,3.0,127.0,15.0,25.0,65.62163894741107,0.052873622654389545,5,180
scale-free,200,9,80,65.0,68.0,41.0,41.0,28.0,68.0,68.0,65.62163894741107,0.052873622654389545,5,180
scale-free,200,9,81,100.0,48.0,41.0,41.0,175.0,48.0,60.0,65.62163894741107,0.052873622654389545,5,180
scale-free,200,9,82,100.0,68.0,41.0,41.0,152.0,68.0,68.0,65.62163894741107,0.052873622654389545,5,180
scale-free,200,9,83,41.0,48.0,35.0,34.0,28.0,48.0,60.0,65.62163894741107,0.052873622654389545,5,180
scale-free,200,9,84,41.0,68.0,41.0,41.0,28.0,68.0,68.0,65.62163894741107,0.052873622654389545,5,180
scale-free,200,9,85,100.0,68.0,41.0,41.0,28.0,68.0,68.0,65.62163894741107,0.052873622654389545,5,180
scale-free,200,9,86,65.0,68.0,41.0,41.0,7.0,68.0,68.0,65.62163894741107,0.052873622654389545,5,180
scale-free,200,9,87,100.0,68.0,41.0,41.0,28.0,68.0,68.0,65.62163894741107,0.052873622654389545,5,180
scale-free,200,9,88,100.0,68.0,41.0,41.0,28.0,68.0,68.0,65.62163894741107,0.052873622654389545,5,180
scale-free,200,9,89,41.0,68.0,41.0,41.0,7.0,68.0,68.0,65.62163894741107,0.052873622654389545,5,180
scale-free,200,9,90,65.0,68.0,41.0,41.0,28.0,68.0,68.0,65.62163894741107,0.052873622654389545,5,180
scale-free,200,9,91,100.0,68.0,41.0,41.0,28.0,68.0,68.0,65.62163894741107,0.052873622654389545,5,180
scale-free,200,9,92,41.0,48.0,22.0,22.0,28.0,48.0,41.0,65.62163894741107,0.052873622654389545,5,180
scale-free,200,9,93,41.0,31.0,17.0,17.0,152.0,32.0,46.0,65.62163894741107,0.052873622654389545,5,180
scale-free,200,9,94,100.0,68.0,41.0,41.0,28.0,68.0,68.0,65.62163894741107,0.052873622654389545,5,180
scale-free,200,9,95,100.0,68.0,41.0,41.0,28.0,68.0,68.0,65.62163894741107,0.052873622654389545,5,180
scale-free,200,9,96,65.0,48.0,22.0,22.0,28.0,48.0,41.0,65.62163894741107,0.052873622654389545,5,180
scale-free,200,9,97,100.0,68.0,41.0,41.0,28.0,68.0,68.0,65.62163894741107,0.052873622654389545,5,180
scale-free,200,9,98,100.0,68.0,41.0,41.0,28.0,68.0,68.0,65.62163894741107,0.052873622654389545,5,180
scale-free,200,9,99,28.0,40.0,41.0,41.0,175.0,40.0,23.0,65.62163894741107,0.052873622654389545,5,180
scale-free,200,9,100,41.0,68.0,41.0,41.0,4.0,68.0,68.0,65.62163894741107,0.052873622654389545,5,180
scale-free,200,9,101,100.0,68.0,41.0,41.0,28.0,68.0,68.0,65.62163894741107,0.052873622654389545,5,180
scale-free,200,9,102,100.0,68.0,41.0,41.0,28.0,68.0,68.0,65.62163894741107,0.052873622654389545,5,180
scale-free,200,9,103,100.0,68.0,41.0,41.0,152.0,68.0,68.0,65.62163894741107,0.052873622654389545,5,180
scale-free,200,9,104,100.0,68.0,41.0,41.0,28.0,68.0,68.0,65.62163894741107,0.052873622654389545,5,180
scale-free,200,9,105,100.0,38.0,41.0,41.0,175.0,36.0,33.0,65.62163894741107,0.052873622654389545,5,180
scale-free,200,9,106,41.0,68.0,41.0,41.0,7.0,68.0,68.0,65.62163894741107,0.052873622654389545,5,180
scale-free,200,9,107,65.0,48.0,22.0,22.0,28.0,48.0,41.0,65.62163894741107,0.052873622654389545,5,180
scale-free,200,9,108,100.0,68.0,41.0,41.0,28.0,68.0,68.0,65.62163894741107,0.052873622654389545,5,180
scale-free,200,9,109,65.0,42.0,41.0,41.0,175.0,42.0,53.0,65.62163894741107,0.052873622654389545,5,180
scale-free,200,9,110,100.0,68.0,41.0,41.0,28.0,68.0,68.0,65.62163894741107,0.052873622654389545,5,180
scale-free,200,9,111,100.0,68.0,41.0,41.0,28.0,68.0,68.0,65.62163894741107,0.052873622654389545,5,180
scale-free,200,9,112,100.0,68.0,41.0,41.0,152.0,68.0,68.0,65.62163894741107,0.052873622654389545,5,180
scale-free,200,9,113,100.0,68.0,41.0,41.0,28.0,68.0,68.0,65.62163894741107,0.052873622654389545,5,180
scale-free,200,9,114,100.0,68.0,41.0,41.0,28.0,68.0,68.0,65.62163894741107,0.052873622654389545,5,180
scale-free,200,9,115,100.0,68.0,41.0,41.0,28.0,68.0,68.0,65.62163894741107,0.052873622654389545,5,180
scale-free,200,9,116,41.0,68.0,41.0,41.0,7.0,68.0,68.0,65.62163894741107,0.052873622654389545,5,180
scale-free,200,9,117,100.0,68.0,41.0,41.0,28.0,68.0,68.0,65.62163894741107,0.052873622654389545,5,180
scale-free,200,9,118,65.0,12.0,41.0,41.0,175.0,13.0,16.0,65.62163894741107,0.052873622654389545,5,180
scale-free,200,9,119,100.0,68.0,41.0,41.0,28.0,68.0,68.0,65.62163894741107,0.052873622654389545,5,180
scale-free,200,9,120,100.0,68.0,41.0,41.0,152.0,68.0,68.0,65.62163894741107,0.052873622654389545,5,180
scale-free,200,9,121,100.0,68.0,41.0,41.0,152.0,68.0,68.0,65.62163894741107,0.052873622654389545,5,180
scale-free,200,9,122,100.0,68.0,41.0,41.0,28.0,68.0,68.0,65.62163894741107,0.052873622654389545,5,180
scale-free,200,9,123,100.0,68.0,41.0,41.0,152.0,68.0,68.0,65.62163894741107,0.052873622654389545,5,180
scale-free,200,9,124,65.0,68.0,41.0,41.0,148.0,68.0,68.0,65.62163894741107,0.052873622654389545,5,180
scale-free,200,9,125,100.0,68.0,41.0,41.0,28.0,68.0,68.0,65.62163894741107,0.052873622654389545,5,180
scale-free,200,9,126,65.0,68.0,41.0,41.0,28.0,68.0,68.0,65.62163894741107,0.052873622654389545,5,180
scale-free,200,9,127,65.0,48.0,39.0,39.0,152.0,48.0,48.0,65.62163894741107,0.052873622654389545,5,180
scale-free,200,9,128,41.0,68.0,41.0,41.0,28.0,68.0,68.0,65.62163894741107,0.052873622654389545,5,180
scale-free,200,9,129,100.0,68.0,41.0,41.0,7.0,68.0,68.0,65.62163894741107,0.052873622654389545,5,180
scale-free,200,9,130,100.0,68.0,41.0,41.0,28.0,68.0,68.0,65.62163894741107,0.052873622654389545,5,180
scale-free,200,9,131,100.0,68.0,41.0,41.0,28.0,68.0,68.0,65.62163894741107,0.052873622654389545,5,180
scale-free,200,9,132,65.0,68.0,41.0,41.0,28.0,68.0,68.0,65.62163894741107,0.052873622654389545,5,180
scale-free,200,9,133,41.0,16.0,18.0,18.0,127.0,16.0,25.0,65.62163894741107,0.052873622654389545,5,180
scale-free,200,9,134,100.0,68.0,41.0,41.0,152.0,68.0,68.0,65.62163894741107,0.052873622654389545,5,180
scale-free,200,9,135,65.0,39.0,28.0,28.0,127.0,37.0,33.0,65.62163894741107,0.052873622654389545,5,180
scale-free,200,9,136,41.0,68.0,41.0,41.0,28.0,68.0,68.0,65.62163894741107,0.052873622654389545,5,180
scale-free,200,9,137,65.0,68.0,41.0,41.0,7.0,68.0,68.0,65.62163894741107,0.052873622654389545,5,180
scale-free,200,9,138,100.0,68.0,41.0,41.0,152.0,68.0,68.0,65.62163894741107,0.052873622654389545,5,180
scale-free,200,9,139,100.0,68.0,41.0,41.0,28.0,68.0,68.0,65.62163894741107,0.052873622654389545,5,180
scale-free,200,9,140,41.0,68.0,41.0,41.0,28.0,68.0,68.0,65.62163894741107,0.052873622654389545,5,180
scale-free,200,9,141,100.0,48.0,41.0,41.0,175.0,48.0,64.0,65.62163894741107,0.052873622654389545,5,180
scale-free,200,9,142,100.0,68.0,41.0,41.0,28.0,68.0,68.0,65.62163894741107,0.052873622654389545,5,180
scale-free,200,9,143,100.0,68.0,41.0,41.0,7.0,68.0,68.0,65.62163894741107,0.052873622654389545,5,180
scale-free,200,9,144,65.0,68.0,41.0,41.0,7.0,68.0,68.0,65.62163894741107,0.052873622654389545,5,180
scale-free,200,9,145,65.0,21.0,32.0,31.0,127.0,23.0,31.0,65.62163894741107,0.052873622654389545,5,180
scale-free,200,9,146,100.0,68.0,41.0,41.0,28.0,68.0,68.0,65.62163894741107,0.052873622654389545,5,180
scale-free,200,9,147,65.0,35.0,41.0,41.0,175.0,35.0,56.0,65.62163894741107,0.052873622654389545,5,180
scale-free,200,9,148,100.0,68.0,41.0,41.0,152.0,68.0,68.0,65.62163894741107,0.052873622654389545,5,180
scale-free,200,9,149,100.0,48.0,41.0,41.0,175.0,48.0,60.0,65.62163894741107,0.052873622654389545,5,180
scale-free,200,9,150,100.0,68.0,41.0,41.0,28.0,68.0,68.0,65.62163894741107,0.052873622654389545,5,180
scale-free,200,9,151,65.0,48.0,22.0,22.0,28.0,48.0,41.0,65.62163894741107,0.052873622654389545,5,180
scale-free,200,9,152,65.0,68.0,41.0,41.0,7.0,68.0,68.0,65.62163894741107,0.052873622654389545,5,180
scale-free,200,9,153,100.0,68.0,41.0,41.0,28.0,68.0,68.0,65.62163894741107,0.052873622654389545,5,180
scale-free,200,9,154,100.0,68.0,41.0,41.0,28.0,68.0,68.0,65.62163894741107,0.052873622654389545,5,180
scale-free,200,9,155,100.0,68.0,41.0,41.0,28.0,68.0,68.0,65.62163894741107,0.052873622654389545,5,180
scale-free,200,9,156,65.0,68.0,41.0,41.0,28.0,68.0,68.0,65.62163894741107,0.052873622654389545,5,180
scale-free,200,9,157,100.0,68.0,41.0,41.0,152.0,68.0,68.0,65.62163894741107,0.052873622654389545,5,180
scale-free,200,9,158,100.0,68.0,41.0,41.0,28.0,68.0,68.0,65.62163894741107,0.052873622654389545,5,180
scale-free,200,9,159,100.0,68.0,41.0,41.0,28.0,68.0,68.0,65.62163894741107,0.052873622654389545,5,180
scale-free,200,9,160,100.0,68.0,41.0,41.0,28.0,68.0,68.0,65.62163894741107,0.052873622654389545,5,180
scale-free,200,9,161,100.0,68.0,41.0,41.0,28.0,68.0,68.0,65.62163894741107,0.052873622654389545,5,180
scale-free,200,9,162,100.0,68.0,41.0,41.0,28.0,68.0,68.0,65.62163894741107,0.052873622654389545,5,180
scale-free,200,9,163,41.0,29.0,41.0,41.0,175.0,30.0,39.0,65.62163894741107,0.052873622654389545,5,180
scale-free,200,9,164,100.0,68.0,41.0,41.0,152.0,68.0,68.0,65.62163894741107,0.052873622654389545,5,180
scale-free,200,9,165,100.0,68.0,41.0,41.0,152.0,68.0,68.0,65.62163894741107,0.052873622654389545,5,180
scale-free,200,9,166,41.0,23.0,41.0,41.0,175.0,24.0,32.0,65.62163894741107,0.052873622654389545,5,180
scale-free,200,9,167,100.0,68.0,41.0,41.0,28.0,68.0,68.0,65.62163894741107,0.052873622654389545,5,180
scale-free,200,9,168,41.0,68.0,41.0,41.0,28.0,68.0,68.0,65.62163894741107,0.052873622654389545,5,180
scale-free,200,9,169,100.0,68.0,41.0,41.0,28.0,68.0,68.0,65.62163894741107,0.052873622654389545,5,180
scale-free,200,9,170,100.0,68.0,41.0,41.0,28.0,68.0,68.0,65.62163894741107,0.052873622654389545,5,180
scale-free,200,9,171,100.0,68.0,41.0,41.0,7.0,68.0,68.0,65.62163894741107,0.052873622654389545,5,180
scale-free,200,9,172,100.0,47.0,41.0,41.0,175.0,42.0,57.0,65.62163894741107,0.052873622654389545,5,180
scale-free,200,9,173,100.0,68.0,41.0,41.0,28.0,68.0,68.0,65.62163894741107,0.052873622654389545,5,180
scale-free,200,9,174,100.0,68.0,41.0,41.0,28.0,68.0,68.0,65.62163894741107,0.052873622654389545,5,180
scale-free,200,9,175,100.0,68.0,41.0,41.0,152.0,68.0,68.0,65.62163894741107,0.052873622654389545,5,180
scale-free,200,9,176,65.0,48.0,22.0,22.0,28.0,48.0,41.0,65.62163894741107,0.052873622654389545,5,180
scale-free,200,9,177,100.0,68.0,41.0,41.0,28.0,68.0,68.0,65.62163894741107,0.052873622654389545,5,180
scale-free,200,9,178,100.0,68.0,41.0,41.0,28.0,68.0,68.0,65.62163894741107,0.052873622654389545,5,180
scale-free,200,9,179,100.0,68.0,41.0,41.0,28.0,68.0,68.0,65.62163894741107,0.052873622654389545,5,180
scale-free,200,9,180,100.0,48.0,41.0,41.0,175.0,48.0,67.0,65.62163894741107,0.052873622654389545,5,180
scale-free,200,9,181,100.0,68.0,41.0,41.0,28.0,68.0,68.0,65.62163894741107,0.052873622654389545,5,180
scale-free,200,9,182,100.0,68.0,41.0,41.0,152.0,68.0,68.0,65.62163894741107,0.052873622654389545,5,180
scale-free,200,9,183,100.0,68.0,41.0,41.0,7.0,68.0,68.0,65.62163894741107,0.052873622654389545,5,180
scale-free,200,9,184,100.0,68.0,41.0,41.0,7.0,68.0,68.0,65.62163894741107,0.052873622654389545,5,180
scale-free,200,9,185,100.0,68.0,41.0,41.0,7.0,68.0,68.0,65.62163894741107,0.052873622654389545,5,180
scale-free,200,9,186,100.0,68.0,41.0,41.0,28.0,68.0,68.0,65.62163894741107,0.052873622654389545,5,180
scale-free,200,9,187,100.0,68.0,41.0,41.0,28.0,68.0,68.0,65.62163894741107,0.052873622654389545,5,180
scale-free,200,9,188,100.0,48.0,41.0,41.0,175.0,48.0,64.0,65.62163894741107,0.052873622654389545,5,180
scale-free,200,9,189,100.0,68.0,41.0,41.0,7.0,68.0,68.0,65.62163894741107,0.052873622654389545,5,180
scale-free,200,9,190,100.0,68.0,41.0,41.0,28.0,68.0,68.0,65.62163894741107,0.052873622654389545,5,180
scale-free,200,9,191,100.0,68.0,41.0,41.0,152.0,68.0,68.0,65.62163894741107,0.052873622654389545,5,180
scale-free,200,9,192,100.0,68.0,41.0,41.0,152.0,68.0,68.0,65.62163894741107,0.052873622654389545,5,180
scale-free,200,9,193,100.0,68.0,41.0,41.0,28.0,68.0,68.0,65.62163894741107,0.052873622654389545,5,180
scale-free,200,9,194,100.0,68.0,41.0,41.0,152.0,68.0,68.0,65.62163894741107,0.052873622654389545,5,180
scale-free,200,9,195,100.0,68.0,41.0,41.0,152.0,68.0,68.0,65.62163894741107,0.052873622654389545,5,180
scale-free,200,9,196,100.0,68.0,41.0,41.0,28.0,68.0,68.0,65.62163894741107,0.052873622654389545,5,180
scale-free,200,9,197,100.0,68.0,41.0,41.0,7.0,68.0,68.0,65.62163894741107,0.052873622654389545,5,180
scale-free,200,9,198,100.0,68.0,41.0,41.0,28.0,68.0,68.0,65.62163894741107,0.052873622654389545,5,180
scale-free,200,9,199,100.0,68.0,41.0,41.0,28.0,68.0,68.0,65.62163894741107,0.052873622654389545,5,180
scale-free,200,10,0,1.0,1.0,1.0,1.0,159.0,1.0,1.0,61.898083869991375,0.13103412410781382,5,193
scale-free,200,10,1,2.0,2.0,2.0,2.0,159.0,2.0,2.0,61.898083869991375,0.13103412410781382,5,193
scale-free,200,10,2,3.0,3.0,3.0,3.0,159.0,3.0,3.0,61.898083869991375,0.13103412410781382,5,193
scale-free,200,10,3,4.0,5.0,5.0,5.0,159.0,5.0,5.0,61.898083869991375,0.13103412410781382,5,193
scale-free,200,10,4,14.0,31.0,20.0,20.0,6.0,31.0,51.0,61.898083869991375,0.13103412410781382,5,193
scale-free,200,10,5,22.0,7.0,4.0,4.0,159.0,8.0,9.0,61.898083869991375,0.13103412410781382,5,193
scale-free,200,10,6,6.0,4.0,28.0,28.0,180.0,4.0,4.0,61.898083869991375,0.13103412410781382,5,193
scale-free,200,10,7,12.0,53.0,28.0,28.0,45.0,53.0,53.0,61.898083869991375,0.13103412410781382,5,193
scale-free,200,10,8,8.0,9.0,9.0,9.0,159.0,9.0,10.0,61.898083869991375,0.13103412410781382,5,193
scale-free,200,10,9,9.0,53.0,28.0,28.0,1.0,53.0,53.0,61.898083869991375,0.13103412410781382,5,193
scale-free,200,10,10,38.0,53.0,28.0,28.0,13.0,53.0,53.0,61.898083869991375,0.13103412410781382,5,193
scale-free,200,10,11,7.0,53.0,28.0,28.0,45.0,53.0,53.0,61.898083869991375,0.13103412410781382,5,193
scale-free,200,10,12,19.0,53.0,28.0,28.0,13.0,53.0,53.0,61.898083869991375,0.13103412410781382,5,193
scale-free,200,10,13,5.0,53.0,28.0,28.0,4.0,53.0,53.0,61.898083869991375,0.13103412410781382,5,193
scale-free,200,10,14,38.0,25.0,21.0,21.0,45.0,25.0,42.0,61.898083869991375,0.13103412410781382,5,193
scale-free,200,10,15,25.0,53.0,28.0,28.0,13.0,53.0,53.0,61.898083869991375,0.13103412410781382,5,193
scale-free,200,10,16,92.0,31.0,28.0,28.0,180.0,31.0,46.0,61.898083869991375,0.13103412410781382,5,193
scale-free,200,10,17,92.0,53.0,28.0,28.0,45.0,53.0,53.0,61.898083869991375,0.13103412410781382,5,193
scale-free,200,10,18,54.0,53.0,28.0,28.0,45.0,53.0,53.0,61.898083869991375,0.13103412410781382,5,193
scale-free,200,10,19,19.0,31.0,10.0,10.0,4.0,31.0,23.0,61.898083869991375,0.13103412410781382,5,193
scale-free,200,10,20,12.0,6.0,18.0,18.0,159.0,6.0,8.0,61.898083869991375,0.13103412410781382,5,193
scale-free,200,10,21,38.0,53.0,28.0,28.0,45.0,53.0,53.0,61.898083869991375,0.13103412410781382,5,193
scale-free,200,10,22,9.0,31.0,11.0,11.0,13.0,31.0,23.0,61.898083869991375,0.13103412410781382,5,193
scale-free,200,10,23,38.0,31.0,17.0,17.0,45.0,31.0,33.0,61.898083869991375,0.13103412410781382,5,193
scale-free,200,10,24,16.0,53.0,28.0,28.0,13.0,53.0,53.0,61.898083869991375,0.13103412410781382,5,193
scale-free,200,10,25,16.0,8.0,15.0,15.0,171.0,7.0,6.0,61.898083869991375,0.13103412410781382,5,193
scale-free,200,10,26,29.0,53.0,28.0,28.0,13.0,53.0,53.0,61.898083869991375,0.13103412410781382,5,193
scale-free,200,10,27,92.0,53.0,28.0,28.0,45.0,53.0,53.0,61.898083869991375,0.13103412410781382,5,193
scale-free,200,10,28,92.0,53.0,28.0,28.0,45.0,53.0,53.0,61.898083869991375,0.13103412410781382,5,193
scale-free,200,10,29,14.0,53.0,28.0,28.0,2.0,53.0,53.0,61.898083869991375,0.13103412410781382,5,193
scale-free,200,10,30,54.0,53.0,28.0,28.0,45.0,53.0,53.0,61.898083869991375,0.13103412410781382,5,193
scale-free,200,10,31,25.0,14.0,21.0,21.0,171.0,15.0,16.0,61.898083869991375,0.13103412410781382,5,193
scale-free,200,10,32,92.0,53.0,28.0,28.0,45.0,53.0,53.0,61.898083869991375,0.13103412410781382,5,193
scale-free,200,10,33,92.0,53.0,28.0,28.0,45.0,53.0,53.0,61.898083869991375,0.13103412410781382,5,193
scale-free,200,10,34,29.0,53.0,28.0,28.0,45.0,53.0,53.0,61.898083869991375,0.13103412410781382,5,193
scale-free,200,10,35,54.0,53.0,28.0,28.0,13.0,53.0,53.0,61.898083869991375,0.13103412410781382,5,193
scale-free,200,10,36,54.0,53.0,28.0,28.0,13.0,53.0,53.0,61.898083869991375,0.13103412410781382,5,193
scale-free,200,10,37,29.0,31.0,16.0,16.0,45.0,31.0,33.0,61.898083869991375,0.13103412410781382,5,193
scale-free,200,10,38,54.0,53.0,28.0,28.0,45.0,53.0,53.0,61.898083869991375,0.13103412410781382,5,193
scale-free,200,10,39,11.0,18.0,7.0,7.0,13.0,18.0,17.0,61.898083869991375,0.13103412410781382,5,193
scale-free,200,10,40,54.0,53.0,28.0,28.0,45.0,53.0,53.0,61.898083869991375,0.13103412410781382,5,193
scale-free,200,10,41,29.0,21.0,21.0,21.0,45.0,21.0,29.0,61.898083869991375,0.13103412410781382,5,193
scale-free,200,10,42,92.0,53.0,28.0,28.0,45.0,53.0,53.0,61.898083869991375,0.13103412410781382,5,193
scale-free,200,10,43,38.0,53.0,28.0,28.0,45.0,53.0,53.0,61.898083869991375,0.13103412410781382,5,193
scale-free,200,10,44,29.0,53.0,28.0,28.0,45.0,53.0,53.0,61.898083869991375,0.13103412410781382,5,193
scale-free,200,10,45,38.0,21.0,28.0,28.0,180.0,21.0,32.0,61.898083869991375,0.13103412410781382,5,193
scale-free,200,10,46,54.0,31.0,28.0,28.0,45.0,31.0,39.0,61.898083869991375,0.13103412410781382,5,193
scale-free,200,10,47,29.0,53.0,28.0,28.0,13.0,53.0,53.0,61.898083869991375,0.13103412410781382,5,193
scale-free,200,10,48,38.0,13.0,28.0,28.0,159.0,13.0,7.0,61.898083869991375,0.13103412410781382,5,193
scale-free,200,10,49,29.0,24.0,19.0,19.0,45.0,24.0,31.0,61.898083869991375,0.13103412410781382,5,193
scale-free,200,10,50,54.0,31.0,12.0,12.0,45.0,31.0,23.0,61.898083869991375,0.13103412410781382,5,193
scale-free,200,10,51,38.0,53.0,28.0,28.0,13.0,53.0,53.0,61.898083869991375,0.13103412410781382,5,193
scale-free,200,10,52,54.0,31.0,12.0,12.0,45.0,31.0,23.0,61.898083869991375,0.13103412410781382,5,193
scale-free,200,10,53,92.0,31.0,28.0,28.0,180.0,31.0,43.0,61.898083869991375,0.13103412410781382,5,193
scale-free,200,10,54,92.0,53.0,28.0,28.0,45.0,53.0,53.0,61.898083869991375,0.13103412410781382,5,193
scale-free,200,10,55,38.0,53.0,28.0,28.0,45.0,53.0,53.0,61.898083869991375,0.13103412410781382,5,193
scale-free,200,10,56,92.0,53.0,28.0,28.0,45.0,53.0,53.0,61.898083869991375,0.13103412410781382,5,193
scale-free,200,10,57,16.0,53.0,28.0,28.0,13.0,53.0,53.0,61.898083869991375,0.13103412410781382,5,193
scale-free,200,10,58,19.0,31.0,24.0,24.0,13.0,31.0,50.0,61.898083869991375,0.13103412410781382,5,193
scale-free,200,10,59,92.0,53.0,28.0,28.0,45.0,53.0,53.0,61.898083869991375,0.13103412410781382,5,193
scale-free,200,10,60,38.0,53.0,28.0,28.0,45.0,53.0,53.0,61.898083869991375,0.13103412410781382,5,193
scale-free,200,10,61,54.0,53.0,28.0,28.0,45.0,53.0,53.0,61.898083869991375,0.13103412410781382,5,193
scale-free,200,10,62,92.0,31.0,28.0,28.0,180.0,31.0,39.0,61.898083869991375,0.13103412410781382,5,193
scale-free,200,10,63,38.0,25.0,8.0,8.0,45.0,25.0,20.0,61.898083869991375,0.13103412410781382,5,193
scale-free,200,10,64,54.0,28.0,28.0,28.0,45.0,28.0,48.0,61.898083869991375,0.13103412410781382,5,193
scale-free,200,10,65,92.0,10.0,28.0,28.0,180.0,10.0,11.0,61.898083869991375,0.13103412410781382,5,193
scale-free,200,10,66,54.0,53.0,28.0,28.0,45.0,53.0,53.0,61.898083869991375,0.13103412410781382,5,193
scale-free,200,10,67,54.0,53.0,28.0,28.0,13.0,53.0,53.0,61.898083869991375,0.13103412410781382,5,193
scale-free,200,10,68,54.0,31.0,12.0,12.0,45.0,31.0,23.0,61.898083869991375,0.13103412410781382,5,193
scale-free,200,10,69,92.0,53.0,28.0,28.0,45.0,53.0,53.0,61.898083869991375,0.13103412410781382,5,193
scale-free,200,10,70,92.0,53.0,28.0,28.0,171.0,53.0,53.0,61.898083869991375,0.13103412410781382,5,193
scale-free,200,10,71,92.0,53.0,28.0,28.0,45.0,53.0,53.0,61.898083869991375,0.13103412410781382,5,193
scale-free,200,10,72,54.0,53.0,28.0,28.0,45.0,53.0,53.0,61.898083869991375,0.13103412410781382,5,193
scale-free,200,10,73,92.0,53.0,28.0,28.0,45.0,53.0,53.0,61.898083869991375,0.13103412410781382,5,193
scale-free,200,10,74,38.0,53.0,28.0,28.0,13.0,53.0,53.0,61.898083869991375,0.13103412410781382,5,193
scale-free,200,10,75,54.0,53.0,28.0,28.0,13.0,53.0,53.0,61.898083869991375,0.13103412410781382,5,193
scale-free,200,10,76,38.0,53.0,28.0,28.0,45.0,53.0,53.0,61.898083869991375,0.13103412410781382,5,193
scale-free,200,10,77,29.0,53.0,28.0,28.0,6.0,53.0,53.0,61.898083869991375,0.13103412410781382,5,193
scale-free,200,10,78,54.0,53.0,28.0,28.0,13.0,53.0,53.0,61.898083869991375,0.13103412410781382,5,193
scale-free,200,10,79,54.0,53.0,28.0,28.0,45.0,53.0,53.0,61.898083869991375,0.13103412410781382,5,193
scale-free,200,10,80,92.0,53.0,28.0,28.0,45.0,53.0,53.0,61.898083869991375,0.13103412410781382,5,193
scale-free,200,10,81,54.0,53.0,28.0,28.0,45.0,53.0,53.0,61.898083869991375,0.13103412410781382,5,193
scale-free,200,10,82,92.0,53.0,28.0,28.0,45.0,53.0,53.0,61.898083869991375,0.13103412410781382,5,193
scale-free,200,10,83,92.0,53.0,28.0,28.0,45.0,53.0,53.0,61.898083869991375,0.13103412410781382,5,193
scale-free,200,10,84,92.0,28.0,28.0,28.0,180.0,28.0,47.0,61.898083869991375,0.13103412410781382,5,193
scale-free,200,10,85,54.0,53.0,28.0,28.0,45.0,53.0,53.0,61.898083869991375,0.13103412410781382,5,193
scale-free,200,10,86,92.0,53.0,28.0,28.0,2.0,53.0,53.0,61.898083869991375,0.13103412410781382,5,193
scale-free,200,10,87,92.0,53.0,28.0,28.0,45.0,53.0,53.0,61.898083869991375,0.13103412410781382,5,193
scale-free,200,10,88,29.0,31.0,25.0,25.0,13.0,31.0,43.0,61.898083869991375,0.13103412410781382,5,193
scale-free,200,10,89,92.0,53.0,28.0,28.0,13.0,53.0,53.0,61.898083869991375,0.13103412410781382,5,193
scale-free,200,10,90,25.0,53.0,28.0,28.0,6.0,53.0,53.0,61.898083869991375,0.13103412410781382,5,193
scale-free,200,10,91,22.0,15.0,28.0,28.0,180.0,14.0,14.0,61.898083869991375,0.13103412410781382,5,193
scale-free,200,10,92,92.0,53.0,28.0,28.0,45.0,53.0,53.0,61.898083869991375,0.13103412410781382,5,193
scale-free,200,10,93,92.0,53.0,28.0,28.0,13.0,53.0,53.0,61.898083869991375,0.13103412410781382,5,193
scale-free,200,10,94,92.0,53.0,28.0,28.0,45.0,53.0,53.0,61.898083869991375,0.13103412410781382,5,193
scale-free,200,10,95,54.0,53.0,28.0,28.0,45.0,53.0,53.0,61.898083869991375,0.13103412410781382,5,193
scale-free,200,10,96,92.0,53.0,28.0,28.0,45.0,53.0,53.0,61.898083869991375,0.13103412410781382,5,193
scale-free,200,10,97,92.0,53.0,28.0,28.0,45.0,53.0,53.0,61.898083869991375,0.13103412410781382,5,193
scale-free,200,10,98,92.0,53.0,28.0,28.0,45.0,53.0,53.0,61.898083869991375,0.13103412410781382,5,193
scale-free,200,10,99,92.0,53.0,28.0,28.0,45.0,53.0,53.0,61.898083869991375,0.13103412410781382,5,193
scale-free,200,10,100,92.0,53.0,28.0,28.0,45.0,53.0,53.0,61.898083869991375,0.13103412410781382,5,193
scale-free,200,10,101,92.0,53.0,28.0,28.0,45.0,53.0,53.0,61.898083869991375,0.13103412410781382,5,193
scale-free,200,10,102,38.0,21.0,28.0,28.0,180.0,21.0,21.0,61.898083869991375,0.13103412410781382,5,193
scale-free,200,10,103,54.0,53.0,28.0,28.0,45.0,53.0,53.0,61.898083869991375,0.13103412410781382,5,193
scale-free,200,10,104,92.0,53.0,28.0,28.0,45.0,53.0,53.0,61.898083869991375,0.13103412410781382,5,193
scale-free,200,10,105,54.0,16.0,28.0,28.0,171.0,16.0,19.0,61.898083869991375,0.13103412410781382,5,193
scale-free,200,10,106,92.0,53.0,28.0,28.0,45.0,53.0,53.0,61.898083869991375,0.13103412410781382,5,193
scale-free,200,10,107,92.0,31.0,28.0,28.0,180.0,31.0,33.0,61.898083869991375,0.13103412410781382,5,193
scale-free,200,10,108,92.0,53.0,28.0,28.0,45.0,53.0,53.0,61.898083869991375,0.13103412410781382,5,193
scale-free,200,10,109,25.0,53.0,28.0,28.0,45.0,53.0,53.0,61.898083869991375,0.13103412410781382,5,193
scale-free,200,10,110,92.0,53.0,28.0,28.0,45.0,53.0,53.0,61.898083869991375,0.13103412410781382,5,193
scale-free,200,10,111,92.0,53.0,28.0,28.0,45.0,53.0,53.0,61.898083869991375,0.13103412410781382,5,193
scale-free,200,10,112,54.0,17.0,28.0,28.0,180.0,17.0,18.0,61.898083869991375,0.13103412410781382,5,193
scale-free,200,10,113,54.0,53.0,28.0,28.0,45.0,53.0,53.0,61.898083869991375,0.13103412410781382,5,193
scale-free,200,10,114,92.0,53.0,28.0,28.0,6.0,53.0,53.0,61.898083869991375,0.13103412410781382,5,193
scale-free,200,10,115,92.0,31.0,28.0,28.0,180.0,31.0,39.0,61.898083869991375,0.13103412410781382,5,193
scale-free,200,10,116,92.0,53.0,28.0,28.0,45.0,53.0,53.0,61.898083869991375,0.13103412410781382,5,193
scale-free,200,10,117,54.0,53.0,28.0,28.0,45.0,53.0,53.0,61.898083869991375,0.13103412410781382,5,193
scale-free,200,10,118,92.0,53.0,28.0,28.0,45.0,53.0,53.0,61.898083869991375,0.13103412410781382,5,193
scale-free,200,10,119,38.0,53.0,28.0,28.0,13.0,53.0,53.0,61.898083869991375,0.13103412410781382,5,193
scale-free,200,10,120,54.0,53.0,28.0,28.0,45.0,53.0,53.0,61.898083869991375,0.13103412410781382,5,193
scale-free,200,10,121,92.0,53.0,28.0,28.0,45.0,53.0,53.0,61.898083869991375,0.13103412410781382,5,193
scale-free,200,10,122,92.0,53.0,28.0,28.0,45.0,53.0,53.0,61.898083869991375,0.13103412410781382,5,193
scale-free,200,10,123,92.0,53.0,28.0,28.0,6.0,53.0,53.0,61.898083869991375,0.13103412410781382,5,193
scale-free,200,10,124,54.0,53.0,28.0,28.0,45.0,53.0,53.0,61.898083869991375,0.13103412410781382,5,193
scale-free,200,10,125,22.0,19.0,6.0,6.0,45.0,19.0,15.0,61.898083869991375,0.13103412410781382,5,193
scale-free,200,10,126,92.0,53.0,28.0,28.0,13.0,53.0,53.0,61.898083869991375,0.13103412410781382,5,193
scale-free,200,10,127,54.0,53.0,28.0,28.0,45.0,53.0,53.0,61.898083869991375,0.13103412410781382,5,193
scale-free,200,10,128,92.0,53.0,28.0,28.0,45.0,53.0,53.0,61.898083869991375,0.13103412410781382,5,193
scale-free,200,10,129,92.0,53.0,28.0,28.0,45.0,53.0,53.0,61.898083869991375,0.13103412410781382,5,193
scale-free,200,10,130,38.0,31.0,27.0,27.0,45.0,31.0,33.0,61.898083869991375,0.13103412410781382,5,193
scale-free,200,10,131,92.0,53.0,28.0,28.0,45.0,53.0,53.0,61.898083869991375,0.13103412410781382,5,193
scale-free,200,10,132,92.0,53.0,28.0,28.0,45.0,53.0,53.0,61.898083869991375,0.13103412410781382,5,193
scale-free,200,10,133,92.0,53.0,28.0,28.0,45.0,53.0,53.0,61.898083869991375,0.13103412410781382,5,193
scale-free,200,10,134,92.0,53.0,28.0,28.0,45.0,53.0,53.0,61.898083869991375,0.13103412410781382,5,193
scale-free,200,10,135,54.0,53.0,28.0,28.0,45.0,53.0,53.0,61.898083869991375,0.13103412410781382,5,193
scale-free,200,10,136,92.0,53.0,28.0,28.0,45.0,53.0,53.0,61.898083869991375,0.13103412410781382,5,193
scale-free,200,10,137,92.0,53.0,28.0,28.0,6.0,53.0,53.0,61.898083869991375,0.13103412410781382,5,193
scale-free,200,10,138,92.0,53.0,28.0,28.0,45.0,53.0,53.0,61.898083869991375,0.13103412410781382,5,193
scale-free,200,10,139,54.0,53.0,28.0,28.0,13.0,53.0,53.0,61.898083869991375,0.13103412410781382,5,193
scale-free,200,10,140,92.0,53.0,28.0,28.0,45.0,53.0,53.0,61.898083869991375,0.13103412410781382,5,193
scale-free,200,10,141,92.0,53.0,28.0,28.0,171.0,53.0,53.0,61.898083869991375,0.13103412410781382,5,193
scale-free,200,10,142,54.0,25.0,28.0,28.0,180.0,25.0,22.0,61.898083869991375,0.13103412410781382,5,193
scale-free,200,10,143,92.0,53.0,28.0,28.0,45.0,53.0,53.0,61.898083869991375,0.13103412410781382,5,193
scale-free,200,10,144,54.0,53.0,28.0,28.0,45.0,53.0,53.0,61.898083869991375,0.13103412410781382,5,193
scale-free,200,10,145,92.0,53.0,28.0,28.0,45.0,53.0,53.0,61.898083869991375,0.13103412410781382,5,193
scale-free,200,10,146,92.0,53.0,28.0,28.0,13.0,53.0,53.0,61.898083869991375,0.13103412410781382,5,193
scale-free,200,10,147,92.0,53.0,28.0,28.0,171.0,53.0,53.0,61.898083869991375,0.13103412410781382,5,193
scale-free,200,10,148,92.0,53.0,28.0,28.0,45.0,53.0,53.0,61.898083869991375,0.13103412410781382,5,193
scale-free,200,10,149,92.0,53.0,28.0,28.0,45.0,53.0,53.0,61.898083869991375,0.13103412410781382,5,193
scale-free,200,10,150,54.0,53.0,28.0,28.0,45.0,53.0,53.0,61.898083869991375,0.13103412410781382,5,193
scale-free,200,10,151,92.0,31.0,28.0,28.0,180.0,31.0,33.0,61.898083869991375,0.13103412410781382,5,193
scale-free,200,10,152,92.0,53.0,28.0,28.0,45.0,53.0,53.0,61.898083869991375,0.13103412410781382,5,193
scale-free,200,10,153,92.0,53.0,28.0,28.0,45.0,53.0,53.0,61.898083869991375,0.13103412410781382,5,193
scale-free,200,10,154,92.0,53.0,28.0,28.0,45.0,53.0,53.0,61.898083869991375,0.13103412410781382,5,193
scale-free,200,10,155,92.0,10.0,28.0,28.0,180.0,10.0,11.0,61.898083869991375,0.13103412410781382,5,193
scale-free,200,10,156,92.0,53.0,28.0,28.0,45.0,53.0,53.0,61.898083869991375,0.13103412410781382,5,193
scale-free,200,10,157,92.0,53.0,28.0,28.0,13.0,53.0,53.0,61.898083869991375,0.13103412410781382,5,193
scale-free,200,10,158,92.0,53.0,28.0,28.0,167.0,53.0,53.0,61.898083869991375,0.13103412410781382,5,193
scale-free,200,10,159,92.0,53.0,28.0,28.0,45.0,53.0,53.0,61.898083869991375,0.13103412410781382,5,193
scale-free,200,10,160,92.0,53.0,28.0,28.0,45.0,53.0,53.0,61.898083869991375,0.13103412410781382,5,193
scale-free,200,10,161,92.0,53.0,28.0,28.0,13.0,53.0,53.0,61.898083869991375,0.13103412410781382,5,193
scale-free,200,10,162,54.0,53.0,28.0,28.0,13.0,53.0,53.0,61.898083869991375,0.13103412410781382,5,193
scale-free,200,10,163,92.0,53.0,28.0,28.0,45.0,53.0,53.0,61.898083869991375,0.13103412410781382,5,193
scale-free,200,10,164,92.0,53.0,28.0,28.0,45.0,53.0,53.0,61.898083869991375,0.13103412410781382,5,193
scale-free,200,10,165,92.0,31.0,28.0,28.0,180.0,31.0,43.0,61.898083869991375,0.13103412410781382,5,193
scale-free,200,10,166,92.0,53.0,28.0,28.0,45.0,53.0,53.0,61.898083869991375,0.13103412410781382,5,193
scale-free,200,10,167,54.0,31.0,25.0,25.0,171.0,31.0,23.0,61.898083869991375,0.13103412410781382,5,193
scale-free,200,10,168,54.0,53.0,28.0,28.0,45.0,53.0,53.0,61.898083869991375,0.13103412410781382,5,193
scale-free,200,10,169,92.0,53.0,28.0,28.0,45.0,53.0,53.0,61.898083869991375,0.13103412410781382,5,193
scale-free,200,10,170,92.0,53.0,28.0,28.0,45.0,53.0,53.0,61.898083869991375,0.13103412410781382,5,193
scale-free,200,10,171,92.0,28.0,28.0,28.0,180.0,28.0,48.0,61.898083869991375,0.13103412410781382,5,193
scale-free,200,10,172,92.0,53.0,28.0,28.0,6.0,53.0,53.0,61.898083869991375,0.13103412410781382,5,193
scale-free,200,10,173,92.0,53.0,28.0,28.0,13.0,53.0,53.0,61.898083869991375,0.13103412410781382,5,193
scale-free,200,10,174,92.0,53.0,28.0,28.0,45.0,53.0,53.0,61.898083869991375,0.13103412410781382,5,193
scale-free,200,10,175,54.0,53.0,28.0,28.0,13.0,53.0,53.0,61.898083869991375,0.13103412410781382,5,193
scale-free,200,10,176,92.0,53.0,28.0,28.0,171.0,53.0,53.0,61.898083869991375,0.13103412410781382,5,193
scale-free,200,10,177,92.0,20.0,28.0,28.0,180.0,20.0,30.0,61.898083869991375,0.13103412410781382,5,193
scale-free,200,10,178,92.0,53.0,28.0,28.0,45.0,53.0,53.0,61.898083869991375,0.13103412410781382,5,193
scale-free,200,10,179,92.0,53.0,28.0,28.0,167.0,53.0,53.0,61.898083869991375,0.13103412410781382,5,193
scale-free,200,10,180,92.0,53.0,28.0,28.0,45.0,53.0,53.0,61.898083869991375,0.13103412410781382,5,193
scale-free,200,10,181,92.0,53.0,28.0,28.0,45.0,53.0,53.0,61.898083869991375,0.13103412410781382,5,193
scale-free,200,10,182,92.0,53.0,28.0,28.0,45.0,53.0,53.0,61.898083869991375,0.13103412410781382,5,193
scale-free,200,10,183,92.0,53.0,28.0,28.0,45.0,53.0,53.0,61.898083869991375,0.13103412410781382,5,193
scale-free,200,10,184,92.0,10.0,28.0,28.0,180.0,10.0,11.0,61.898083869991375,0.13103412410781382,5,193
scale-free,200,10,185,92.0,53.0,28.0,28.0,13.0,53.0,53.0,61.898083869991375,0.13103412410781382,5,193
scale-free,200,10,186,92.0,53.0,28.0,28.0,45.0,53.0,53.0,61.898083869991375,0.13103412410781382,5,193
scale-free,200,10,187,92.0,53.0,28.0,28.0,45.0,53.0,53.0,61.898083869991375,0.13103412410781382,5,193
scale-free,200,10,188,92.0,53.0,28.0,28.0,13.0,53.0,53.0,61.898083869991375,0.13103412410781382,5,193
scale-free,200,10,189,92.0,53.0,28.0,28.0,45.0,53.0,53.0,61.898083869991375,0.13103412410781382,5,193
scale-free,200,10,190,92.0,53.0,28.0,28.0,171.0,53.0,53.0,61.898083869991375,0.13103412410781382,5,193
scale-free,200,10,191,92.0,31.0,28.0,28.0,180.0,31.0,33.0,61.898083869991375,0.13103412410781382,5,193
scale-free,200,10,192,92.0,53.0,28.0,28.0,45.0,53.0,53.0,61.898083869991375,0.13103412410781382,5,193
scale-free,200,10,193,92.0,53.0,28.0,28.0,167.0,53.0,53.0,61.898083869991375,0.13103412410781382,5,193
scale-free,200,10,194,92.0,31.0,28.0,28.0,180.0,31.0,52.0,61.898083869991375,0.13103412410781382,5,193
scale-free,200,10,195,92.0,53.0,28.0,28.0,45.0,53.0,53.0,61.898083869991375,0.13103412410781382,5,193
scale-free,200,10,196,92.0,53.0,28.0,28.0,45.0,53.0,53.0,61.898083869991375,0.13103412410781382,5,193
scale-free,200,10,197,92.0,53.0,28.0,28.0,45.0,53.0,53.0,61.898083869991375,0.13103412410781382,5,193
scale-free,200,10,198,92.0,53.0,28.0,28.0,13.0,53.0,53.0,61.898083869991375,0.13103412410781382,5,193
scale-free,200,10,199,92.0,53.0,28.0,28.0,167.0,53.0,53.0,61.898083869991375,0.13103412410781382,5,193
