scale-free,200,13,0,1.0,1.0,1.0,1.0,157.0,1.0,1.0,44.785789951878186,0.10126991516616149,4,193
scale-free,200,13,1,4.0,4.0,3.0,3.0,157.0,4.0,4.0,44.785789951878186,0.10126991516616149,4,193
scale-free,200,13,2,2.0,2.0,2.0,2.0,157.0,2.0,2.0,44.785789951878186,0.10126991516616149,4,193
scale-free,200,13,3,39.0,49.0,23.0,23.0,18.0,49.0,49.0,44.785789951878186,0.10126991516616149,4,193
scale-free,200,13,4,8.0,49.0,23.0,23.0,1.0,49.0,49.0,44.785789951878186,0.10126991516616149,4,193
scale-free,200,13,5,5.0,7.0,5.0,5.0,157.0,7.0,9.0,44.785789951878186,0.10126991516616149,4,193
scale-free,200,13,6,5.0,9.0,4.0,4.0,157.0,8.0,6.0,44.785789951878186,0.10126991516616149,4,193
scale-free,200,13,7,12.0,49.0,23.0,23.0,47.0,49.0,49.0,44.785789951878186,0.10126991516616149,4,193
scale-free,200,13,8,3.0,6.0,8.0,8.0,157.0,6.0,7.0,44.785789951878186,0.10126991516616149,4,193
scale-free,200,13,9,9.0,14.0,7.0,7.0,8.0,14.0,13.0,44.785789951878186,0.10126991516616149,4,193
scale-free,200,13,10,9.0,5.0,23.0,23.0,177.0,5.0,5.0,44.785789951878186,0.10126991516616149,4,193
scale-free,200,13,11,17.0,49.0,23.0,23.0,18.0,49.0,49.0,44.785789951878186,0.10126991516616149,4,193
scale-free,200,13,12,91.0,49.0,23.0,23.0,47.0,49.0,49.0,44.785789951878186,0.10126991516616149,4,193
scale-free,200,13,13,24.0,49.0,23.0,23.0,18.0,49.0,49.0,44.785789951878186,0.10126991516616149,4,193
scale-free,200,13,14,12.0,26.0,11.0,11.0,18.0,26.0,23.0,44.785789951878186,0.10126991516616149,4,193
scale-free,200,13,15,58.0,49.0,23.0,23.0,47.0,49.0,49.0,44.785789951878186,0.10126991516616149,4,193
scale-free,200,13,16,39.0,26.0,18.0,18.0,47.0,26.0,27.0,44.785789951878186,0.10126991516616149,4,193
scale-free,200,13,17,58.0,49.0,23.0,23.0,18.0,49.0,49.0,44.785789951878186,0.10126991516616149,4,193
scale-free,200,13,18,28.0,49.0,23.0,23.0,18.0,49.0,49.0,44.785789951878186,0.10126991516616149,4,193
scale-free,200,13,19,39.0,49.0,23.0,23.0,47.0,49.0,49.0,44.785789951878186,0.10126991516616149,4,193
scale-free,200,13,20,58.0,49.0,23.0,23.0,18.0,49.0,49.0,44.785789951878186,0.10126991516616149,4,193
scale-free,200,13,21,17.0,18.0,13.0,13.0,47.0,18.0,17.0,44.785789951878186,0.10126991516616149,4,193
scale-free,200,13,22,91.0,49.0,23.0,23.0,47.0,49.0,49.0,44.785789951878186,0.10126991516616149,4,193
scale-free,200,13,23,24.0,49.0,23.0,23.0,18.0,49.0,49.0,44.785789951878186,0.10126991516616149,4,193
scale-free,200,13,24,39.0,49.0,23.0,23.0,47.0,49.0,49.0,44.785789951878186,0.10126991516616149,4,193
scale-free,200,13,25,58.0,49.0,23.0,23.0,47.0,49.0,49.0,44.785789951878186,0.10126991516616149,4,193
scale-free,200,13,26,11.0,49.0,23.0,23.0,8.0,49.0,49.0,44.785789951878186,0.10126991516616149,4,193
scale-free,200,13,27,91.0,49.0,23.0,23.0,47.0,49.0,49.0,44.785789951878186,0.10126991516616149,4,193
scale-free,200,13,28,24.0,49.0,23.0,23.0,18.0,49.0,49.0,44.785789951878186,0.10126991516616149,4,193
scale-free,200,13,29,7.0,11.0,6.0,6.0,157.0,10.0,8.0,44.785789951878186,0.10126991516616149,4,193
scale-free,200,13,30,58.0,49.0,23.0,23.0,165.0,49.0,49.0,44.785789951878186,0.10126991516616149,4,193
scale-free,200,13,31,28.0,26.0,18.0,19.0,47.0,26.0,27.0,44.785789951878186,0.10126991516616149,4,193
scale-free,200,13,32,58.0,49.0,23.0,23.0,47.0,49.0,49.0,44.785789951878186,0.10126991516616149,4,193
scale-free,200,13,33,28.0,49.0,23.0,23.0,47.0,49.0,49.0,44.785789951878186,0.10126991516616149,4,193
scale-free,200,13,34,17.0,49.0,23.0,23.0,18.0,49.0,49.0,44.785789951878186,0.10126991516616149,4,193
scale-free,200,13,35,91.0,26.0,23.0,23.0,177.0,26.0,48.0,44.785789951878186,0.10126991516616149,4,193
scale-free,200,13,36,58.0,49.0,23.0,23.0,2.0,49.0,49.0,44.785789951878186,0.10126991516616149,4,193
scale-free,200,13,37,28.0,26.0,11.0,11.0,18.0,26.0,23.0,44.785789951878186,0.10126991516616149,4,193
scale-free,200,13,38,58.0,49.0,23.0,23.0,47.0,49.0,49.0,44.785789951878186,0.10126991516616149,4,193
scale-free,200,13,39,14.0,3.0,23.0,23.0,177.0,3.0,3.0,44.785789951878186,0.10126991516616149,4,193
scale-free,200,13,40,28.0,49.0,23.0,23.0,18.0,49.0,49.0,44.785789951878186,0.10126991516616149,4,193
scale-free,200,13,41,39.0,26.0,13.0,13.0,47.0,26.0,23.0,44.785789951878186,0.10126991516616149,4,193
scale-free,200,13,42,58.0,12.0,23.0,23.0,177.0,12.0,15.0,44.785789951878186,0.10126991516616149,4,193
scale-free,200,13,43,39.0,26.0,22.0,22.0,47.0,26.0,27.0,44.785789951878186,0.10126991516616149,4,193
scale-free,200,13,44,91.0,49.0,23.0,23.0,47.0,49.0,49.0,44.785789951878186,0.10126991516616149,4,193
scale-free,200,13,45,28.0,49.0,23.0,23.0,18.0,49.0,49.0,44.785789951878186,0.10126991516616149,4,193
scale-free,200,13,46,91.0,49.0,23.0,23.0,47.0,49.0,49.0,44.785789951878186,0.10126991516616149,4,193
scale-free,200,13,47,17.0,49.0,23.0,23.0,8.0,49.0,49.0,44.785789951878186,0.10126991516616149,4,193
scale-free,200,13,48,91.0,49.0,23.0,23.0,4.0,49.0,49.0,44.785789951878186,0.10126991516616149,4,193
scale-free,200,13,49,14.0,22.0,10.0,10.0,18.0,22.0,19.0,44.785789951878186,0.10126991516616149,4,193
scale-free,200,13,50,91.0,49.0,23.0,23.0,47.0,49.0,49.0,44.785789951878186,0.10126991516616149,4,193
scale-free,200,13,51,24.0,14.0,23.0,23.0,177.0,14.0,12.0,44.785789951878186,0.10126991516616149,4,193
scale-free,200,13,52,17.0,13.0,23.0,23.0,177.0,13.0,14.0,44.785789951878186,0.10126991516616149,4,193
scale-free,200,13,53,91.0,49.0,23.0,23.0,47.0,49.0,49.0,44.785789951878186,0.10126991516616149,4,193
scale-free,200,13,54,39.0,16.0,23.0,23.0,177.0,16.0,22.0,44.785789951878186,0.10126991516616149,4,193
scale-free,200,13,55,39.0,49.0,23.0,23.0,18.0,49.0,49.0,44.785789951878186,0.10126991516616149,4,193
scale-free,200,13,56,39.0,22.0,13.0,13.0,47.0,22.0,20.0,44.785789951878186,0.10126991516616149,4,193
scale-free,200,13,57,28.0,20.0,13.0,13.0,47.0,20.0,21.0,44.785789951878186,0.10126991516616149,4,193
scale-free,200,13,58,39.0,49.0,23.0,23.0,18.0,49.0,49.0,44.785789951878186,0.10126991516616149,4,193
scale-free,200,13,59,28.0,49.0,23.0,23.0,47.0,49.0,49.0,44.785789951878186,0.10126991516616149,4,193
scale-free,200,13,60,91.0,49.0,23.0,23.0,47.0,49.0,49.0,44.785789951878186,0.10126991516616149,4,193
scale-free,200,13,61,39.0,49.0,23.0,23.0,18.0,49.0,49.0,44.785789951878186,0.10126991516616149,4,193
scale-free,200,13,62,58.0,49.0,23.0,23.0,47.0,49.0,49.0,44.785789951878186,0.10126991516616149,4,193
scale-free,200,13,63,58.0,49.0,23.0,23.0,47.0,49.0,49.0,44.785789951878186,0.10126991516616149,4,193
scale-free,200,13,64,91.0,49.0,23.0,23.0,47.0,49.0,49.0,44.785789951878186,0.10126991516616149,4,193
scale-free,200,13,65,91.0,26.0,23.0,23.0,177.0,26.0,43.0,44.785789951878186,0.10126991516616149,4,193
scale-free,200,13,66,39.0,49.0,23.0,23.0,18.0,49.0,49.0,44.785789951878186,0.10126991516616149,4,193
scale-free,200,13,67,39.0,10.0,23.0,23.0,157.0,11.0,11.0,44.785789951878186,0.10126991516616149,4,193
scale-free,200,13,68,91.0,49.0,23.0,23.0,18.0,49.0,49.0,44.785789951878186,0.10126991516616149,4,193
scale-free,200,13,69,91.0,49.0,23.0,23.0,47.0,49.0,49.0,44.785789951878186,0.10126991516616149,4,193
scale-free,200,13,70,17.0,17.0,9.0,9.0,47.0,17.0,16.0,44.785789951878186,0.10126991516616149,4,193
scale-free,200,13,71,14.0,49.0,23.0,23.0,2.0,49.0,49.0,44.785789951878186,0.10126991516616149,4,193
scale-free,200,13,72,58.0,49.0,23.0,23.0,47.0,49.0,49.0,44.785789951878186,0.10126991516616149,4,193
scale-free,200,13,73,91.0,49.0,23.0,23.0,47.0,49.0,49.0,44.785789951878186,0.10126991516616149,4,193
scale-free,200,13,74,91.0,49.0,23.0,23.0,47.0,49.0,49.0,44.785789951878186,0.10126991516616149,4,193
scale-free,200,13,75,58.0,49.0,23.0,23.0,18.0,49.0,49.0,44.785789951878186,0.10126991516616149,4,193
scale-free,200,13,76,39.0,49.0,23.0,23.0,8.0,49.0,49.0,44.785789951878186,0.10126991516616149,4,193
scale-free,200,13,77,91.0,49.0,23.0,23.0,47.0,49.0,49.0,44.785789951878186,0.10126991516616149,4,193
scale-free,200,13,78,58.0,49.0,23.0,23.0,47.0,49.0,49.0,44.785789951878186,0.10126991516616149,4,193
scale-free,200,13,79,39.0,49.0,23.0,23.0,47.0,49.0,49.0,44.785789951878186,0.10126991516616149,4,193
scale-free,200,13,80,91.0,49.0,23.0,23.0,166.0,49.0,49.0,44.785789951878186,0.10126991516616149,4,193
scale-free,200,13,81,91.0,26.0,23.0,23.0,177.0,26.0,37.0,44.785789951878186,0.10126991516616149,4,193
scale-free,200,13,82,58.0,49.0,23.0,23.0,18.0,49.0,49.0,44.785789951878186,0.10126991516616149,4,193
scale-free,200,13,83,58.0,49.0,23.0,23.0,18.0,49.0,49.0,44.785789951878186,0.10126991516616149,4,193
scale-free,200,13,84,28.0,49.0,23.0,23.0,18.0,49.0,49.0,44.785789951878186,0.10126991516616149,4,193
scale-free,200,13,85,91.0,26.0,23.0,23.0,177.0,26.0,42.0,44.785789951878186,0.10126991516616149,4,193
scale-free,200,13,86,58.0,49.0,23.0,23.0,47.0,49.0,49.0,44.785789951878186,0.10126991516616149,4,193
scale-free,200,13,87,58.0,49.0,23.0,23.0,47.0,49.0,49.0,44.785789951878186,0.10126991516616149,4,193
scale-free,200,13,88,58.0,26.0,23.0,23.0,47.0,26.0,47.0,44.785789951878186,0.10126991516616149,4,193
scale-free,200,13,89,39.0,8.0,23.0,23.0,177.0,9.0,10.0,44.785789951878186,0.10126991516616149,4,193
scale-free,200,13,90,91.0,49.0,23.0,23.0,47.0,49.0,49.0,44.785789951878186,0.10126991516616149,4,193
scale-free,200,13,91,58.0,49.0,23.0,23.0,47.0,49.0,49.0,44.785789951878186,0.10126991516616149,4,193
scale-free,200,13,92,91.0,49.0,23.0,23.0,47.0,49.0,49.0,44.785789951878186,0.10126991516616149,4,193
scale-free,200,13,93,39.0,22.0,20.0,20.0,47.0,22.0,26.0,44.785789951878186,0.10126991516616149,4,193
scale-free,200,13,94,91.0,49.0,23.0,23.0,47.0,49.0,49.0,44.785789951878186,0.10126991516616149,4,193
scale-free,200,13,95,58.0,49.0,23.0,23.0,47.0,49.0,49.0,44.785789951878186,0.10126991516616149,4,193
scale-free,200,13,96,17.0,26.0,17.0,17.0,4.0,26.0,27.0,44.785789951878186,0.10126991516616149,4,193
scale-free,200,13,97,91.0,49.0,23.0,23.0,47.0,49.0,49.0,44.785789951878186,0.10126991516616149,4,193
scale-free,200,13,98,91.0,49.0,23.0,23.0,47.0,49.0,49.0,44.785789951878186,0.10126991516616149,4,193
scale-free,200,13,99,91.0,49.0,23.0,23.0,47.0,49.0,49.0,44.785789951878186,0.10126991516616149,4,193
scale-free,200,13,100,91.0,49.0,23.0,23.0,47.0,49.0,49.0,44.785789951878186,0.10126991516616149,4,193
scale-free,200,13,101,28.0,49.0,23.0,23.0,18.0,49.0,49.0,44.785789951878186,0.10126991516616149,4,193
scale-free,200,13,102,91.0,26.0,23.0,23.0,177.0,26.0,37.0,44.785789951878186,0.10126991516616149,4,193
scale-free,200,13,103,91.0,49.0,23.0,23.0,47.0,49.0,49.0,44.785789951878186,0.10126991516616149,4,193
scale-free,200,13,104,91.0,49.0,23.0,23.0,47.0,49.0,49.0,44.785789951878186,0.10126991516616149,4,193
scale-free,200,13,105,58.0,49.0,23.0,23.0,47.0,49.0,49.0,44.785789951878186,0.10126991516616149,4,193
scale-free,200,13,106,91.0,49.0,23.0,23.0,47.0,49.0,49.0,44.785789951878186,0.10126991516616149,4,193
scale-free,200,13,107,58.0,49.0,23.0,23.0,47.0,49.0,49.0,44.785789951878186,0.10126991516616149,4,193
scale-free,200,13,108,91.0,26.0,23.0,23.0,177.0,26.0,27.0,44.785789951878186,0.10126991516616149,4,193
scale-free,200,13,109,91.0,26.0,23.0,23.0,177.0,26.0,45.0,44.785789951878186,0.10126991516616149,4,193
scale-free,200,13,110,58.0,49.0,23.0,23.0,47.0,49.0,49.0,44.785789951878186,0.10126991516616149,4,193
scale-free,200,13,111,91.0,49.0,23.0,23.0,18.0,49.0,49.0,44.785789951878186,0.10126991516616149,4,193
scale-free,200,13,112,58.0,49.0,23.0,23.0,47.0,49.0,49.0,44.785789951878186,0.10126991516616149,4,193
scale-free,200,13,113,58.0,49.0,23.0,23.0,18.0,49.0,49.0,44.785789951878186,0.10126991516616149,4,193
scale-free,200,13,114,91.0,49.0,23.0,23.0,47.0,49.0,49.0,44.785789951878186,0.10126991516616149,4,193
scale-free,200,13,115,28.0,26.0,21.0,21.0,47.0,26.0,27.0,44.785789951878186,0.10126991516616149,4,193
scale-free,200,13,116,58.0,49.0,23.0,23.0,8.0,49.0,49.0,44.785789951878186,0.10126991516616149,4,193
scale-free,200,13,117,91.0,49.0,23.0,23.0,47.0,49.0,49.0,44.785789951878186,0.10126991516616149,4,193
scale-free,200,13,118,91.0,49.0,23.0,23.0,47.0,49.0,49.0,44.785789951878186,0.10126991516616149,4,193
scale-free,200,13,119,91.0,49.0,23.0,23.0,47.0,49.0,49.0,44.785789951878186,0.10126991516616149,4,193
scale-free,200,13,120,91.0,49.0,23.0,23.0,47.0,49.0,49.0,44.785789951878186,0.10126991516616149,4,193
scale-free,200,13,121,91.0,26.0,23.0,23.0,177.0,26.0,27.0,44.785789951878186,0.10126991516616149,4,193
scale-free,200,13,122,91.0,49.0,23.0,23.0,47.0,49.0,49.0,44.785789951878186,0.10126991516616149,4,193
scale-free,200,13,123,91.0,49.0,23.0,23.0,47.0,49.0,49.0,44.785789951878186,0.10126991516616149,4,193
scale-free,200,13,124,91.0,49.0,23.0,23.0,47.0,49.0,49.0,44.785789951878186,0.10126991516616149,4,193
scale-free,200,13,125,91.0,49.0,23.0,23.0,47.0,49.0,49.0,44.785789951878186,0.10126991516616149,4,193
scale-free,200,13,126,91.0,49.0,23.0,23.0,47.0,49.0,49.0,44.785789951878186,0.10126991516616149,4,193
scale-free,200,13,127,91.0,49.0,23.0,23.0,47.0,49.0,49.0,44.785789951878186,0.10126991516616149,4,193
scale-free,200,13,128,91.0,49.0,23.0,23.0,166.0,49.0,49.0,44.785789951878186,0.10126991516616149,4,193
scale-free,200,13,129,91.0,19.0,23.0,23.0,177.0,19.0,36.0,44.785789951878186,0.10126991516616149,4,193
scale-free,200,13,130,58.0,49.0,23.0,23.0,47.0,49.0,49.0,44.785789951878186,0.10126991516616149,4,193
scale-free,200,13,131,91.0,49.0,23.0,23.0,47.0,49.0,49.0,44.785789951878186,0.10126991516616149,4,193
scale-free,200,13,132,39.0,49.0,23.0,23.0,8.0,49.0,49.0,44.785789951878186,0.10126991516616149,4,193
scale-free,200,13,133,91.0,49.0,23.0,23.0,166.0,49.0,49.0,44.785789951878186,0.10126991516616149,4,193
scale-free,200,13,134,58.0,49.0,23.0,23.0,47.0,49.0,49.0,44.785789951878186,0.10126991516616149,4,193
scale-free,200,13,135,91.0,49.0,23.0,23.0,8.0,49.0,49.0,44.785789951878186,0.10126991516616149,4,193
scale-free,200,13,136,91.0,49.0,23.0,23.0,47.0,49.0,49.0,44.785789951878186,0.10126991516616149,4,193
scale-free,200,13,137,91.0,49.0,23.0,23.0,18.0,49.0,49.0,44.785789951878186,0.10126991516616149,4,193
scale-free,200,13,138,58.0,49.0,23.0,23.0,4.0,49.0,49.0,44.785789951878186,0.10126991516616149,4,193
scale-free,200,13,139,58.0,49.0,23.0,23.0,47.0,49.0,49.0,44.785789951878186,0.10126991516616149,4,193
scale-free,200,13,140,91.0,49.0,23.0,23.0,47.0,49.0,49.0,44.785789951878186,0.10126991516616149,4,193
scale-free,200,13,141,91.0,49.0,23.0,23.0,166.0,49.0,49.0,44.785789951878186,0.10126991516616149,4,193
scale-free,200,13,142,91.0,49.0,23.0,23.0,18.0,49.0,49.0,44.785789951878186,0.10126991516616149,4,193
scale-free,200,13,143,91.0,49.0,23.0,23.0,47.0,49.0,49.0,44.785789951878186,0.10126991516616149,4,193
scale-free,200,13,144,91.0,49.0,23.0,23.0,8.0,49.0,49.0,44.785789951878186,0.10126991516616149,4,193
scale-free,200,13,145,58.0,49.0,23.0,23.0,47.0,49.0,49.0,44.785789951878186,0.10126991516616149,4,193
scale-free,200,13,146,91.0,49.0,23.0,23.0,47.0,49.0,49.0,44.785789951878186,0.10126991516616149,4,193
scale-free,200,13,147,91.0,49.0,23.0,23.0,47.0,49.0,49.0,44.785789951878186,0.10126991516616149,4,193
scale-free,200,13,148,91.0,49.0,23.0,23.0,47.0,49.0,49.0,44.785789951878186,0.10126991516616149,4,193
scale-free,200,13,149,91.0,26.0,23.0,23.0,177.0,26.0,27.0,44.785789951878186,0.10126991516616149,4,193
scale-free,200,13,150,91.0,49.0,23.0,23.0,47.0,49.0,49.0,44.785789951878186,0.10126991516616149,4,193
scale-free,200,13,151,91.0,49.0,23.0,23.0,18.0,49.0,49.0,44.785789951878186,0.10126991516616149,4,193
scale-free,200,13,152,58.0,49.0,23.0,23.0,8.0,49.0,49.0,44.785789951878186,0.10126991516616149,4,193
scale-free,200,13,153,91.0,49.0,23.0,23.0,47.0,49.0,49.0,44.785789951878186,0.10126991516616149,4,193
scale-free,200,13,154,91.0,49.0,23.0,23.0,47.0,49.0,49.0,44.785789951878186,0.10126991516616149,4,193
scale-free,200,13,155,91.0,49.0,23.0,23.0,47.0,49.0,49.0,44.785789951878186,0.10126991516616149,4,193
scale-free,200,13,156,91.0,25.0,23.0,23.0,177.0,22.0,35.0,44.785789951878186,0.10126991516616149,4,193
scale-free,200,13,157,91.0,49.0,23.0,23.0,47.0,49.0,49.0,44.785789951878186,0.10126991516616149,4,193
scale-free,200,13,158,91.0,49.0,23.0,23.0,47.0,49.0,49.0,44.785789951878186,0.10126991516616149,4,193
scale-free,200,13,159,39.0,20.0,23.0,23.0,177.0,20.0,18.0,44.785789951878186,0.10126991516616149,4,193
scale-free,200,13,160,91.0,49.0,23.0,23.0,47.0,49.0,49.0,44.785789951878186,0.10126991516616149,4,193
scale-free,200,13,161,91.0,49.0,23.0,23.0,47.0,49.0,49.0,44.785789951878186,0.10126991516616149,4,193
scale-free,200,13,162,91.0,49.0,23.0,23.0,47.0,49.0,49.0,44.785789951878186,0.10126991516616149,4,193
scale-free,200,13,163,91.0,26.0,23.0,23.0,177.0,26.0,37.0,44.785789951878186,0.10126991516616149,4,193
scale-free,200,13,164,91.0,49.0,23.0,23.0,47.0,49.0,49.0,44.785789951878186,0.10126991516616149,4,193
scale-free,200,13,165,91.0,49.0,23.0,23.0,47.0,49.0,49.0,44.785789951878186,0.10126991516616149,4,193
scale-free,200,13,166,91.0,49.0,23.0,23.0,166.0,49.0,49.0,44.785789951878186,0.10126991516616149,4,193
scale-free,200,13,167,91.0,49.0,23.0,23.0,166.0,49.0,49.0,44.785789951878186,0.10126991516616149,4,193
scale-free,200,13,168,91.0,49.0,23.0,23.0,47.0,49.0,49.0,44.785789951878186,0.10126991516616149,4,193
scale-free,200,13,169,91.0,49.0,23.0,23.0,47.0,49.0,49.0,44.785789951878186,0.10126991516616149,4,193
scale-free,200,13,170,91.0,49.0,23.0,23.0,47.0,49.0,49.0,44.785789951878186,0.10126991516616149,4,193
scale-free,200,13,171,91.0,49.0,23.0,23.0,47.0,49.0,49.0,44.785789951878186,0.10126991516616149,4,193
scale-free,200,13,172,91.0,49.0,23.0,23.0,47.0,49.0,49.0,44.785789951878186,0.10126991516616149,4,193
scale-free,200,13,173,91.0,49.0,23.0,23.0,47.0,49.0,49.0,44.785789951878186,0.10126991516616149,4,193
scale-free,200,13,174,91.0,49.0,23.0,23.0,4.0,49.0,49.0,44.785789951878186,0.10126991516616149,4,193
scale-free,200,13,175,91.0,49.0,23.0,23.0,47.0,49.0,49.0,44.785789951878186,0.10126991516616149,4,193
scale-free,200,13,176,91.0,49.0,23.0,23.0,8.0,49.0,49.0,44.785789951878186,0.10126991516616149,4,193
scale-free,200,13,177,91.0,49.0,23.0,23.0,166.0,49.0,49.0,44.785789951878186,0.10126991516616149,4,193
scale-free,200,13,178,91.0,49.0,23.0,23.0,47.0,49.0,49.0,44.785789951878186,0.10126991516616149,4,193
scale-free,200,13,179,91.0,26.0,23.0,23.0,177.0,26.0,37.0,44.785789951878186,0.10126991516616149,4,193
scale-free,200,13,180,91.0,49.0,23.0,23.0,47.0,49.0,49.0,44.785789951878186,0.10126991516616149,4,193
scale-free,200,13,181,91.0,49.0,23.0,23.0,47.0,49.0,49.0,44.785789951878186,0.10126991516616149,4,193
scale-free,200,13,182,91.0,26.0,23.0,23.0,177.0,26.0,45.0,44.785789951878186,0.10126991516616149,4,193
scale-free,200,13,183,91.0,49.0,23.0,23.0,166.0,49.0,49.0,44.785789951878186,0.10126991516616149,4,193
scale-free,200,13,184,91.0,49.0,23.0,23.0,47.0,49.0,49.0,44.785789951878186,0.10126991516616149,4,193
scale-free,200,13,185,91.0,26.0,23.0,23.0,177.0,26.0,37.0,44.785789951878186,0.10126991516616149,4,193
scale-free,200,13,186,91.0,49.0,23.0,23.0,47.0,49.0,49.0,44.785789951878186,0.10126991516616149,4,193
scale-free,200,13,187,91.0,49.0,23.0,23.0,47.0,49.0,49.0,44.785789951878186,0.10126991516616149,4,193
scale-free,200,13,188,91.0,49.0,23.0,23.0,47.0,49.0,49.0,44.785789951878186,0.10126991516616149,4,193
scale-free,200,13,189,91.0,49.0,23.0,23.0,47.0,49.0,49.0,44.785789951878186,0.10126991516616149,4,193
scale-free,200,13,190,91.0,49.0,23.0,23.0,47.0,49.0,49.0,44.785789951878186,0.10126991516616149,4,193
scale-free,200,13,191,91.0,26.0,23.0,23.0,177.0,26.0,43.0,44.785789951878186,0.10126991516616149,4,193
scale-free,200,13,192,91.0,49.0,23.0,23.0,47.0,49.0,49.0,44.785789951878186,0.10126991516616149,4,193
scale-free,200,13,193,91.0,49.0,23.0,23.0,47.0,49.0,49.0,44.785789951878186,0.10126991516616149,4,193
scale-free,200,13,194,91.0,49.0,23.0,23.0,47.0,49.0,49.0,44.785789951878186,0.10126991516616149,4,193
scale-free,200,13,195,91.0,49.0,23.0,23.0,47.0,49.0,49.0,44.785789951878186,0.10126991516616149,4,193
scale-free,200,13,196,91.0,49.0,23.0,23.0,47.0,49.0,49.0,44.785789951878186,0.10126991516616149,4,193
scale-free,200,13,197,91.0,49.0,23.0,23.0,166.0,49.0,49.0,44.785789951878186,0.10126991516616149,4,193
scale-free,200,13,198,91.0,49.0,23.0,23.0,166.0,49.0,49.0,44.785789951878186,0.10126991516616149,4,193
scale-free,200,13,199,91.0,49.0,23.0,23.0,166.0,49.0,49.0,44.785789951878186,0.10126991516616149,4,193
scale-free,200,14,0,4.0,5.0,2.0,2.0,137.0,5.0,3.0,62.93705591124233,0.10379315210538037,7,187
scale-free,200,14,1,1.0,1.0,3.0,3.0,137.0,1.0,1.0,62.93705591124233,0.10379315210538037,7,187
scale-free,200,14,2,2.0,3.0,1.0,1.0,137.0,2.0,2.0,62.93705591124233,0.10379315210538037,7,187
scale-free,200,14,3,5.0,8.0,5.0,5.0,137.0,7.0,7.0,62.93705591124233,0.10379315210538037,7,187
scale-free,200,14,4,12.0,55.0,27.0,27.0,2.0,55.0,55.0,62.93705591124233,0.10379315210538037,7,187
scale-free,200,14,5,6.0,2.0,27.0,27.0,178.0,3.0,4.0,62.93705591124233,0.10379315210538037,7,187
scale-free,200,14,6,12.0,55.0,27.0,27.0,11.0,55.0,55.0,62.93705591124233,0.10379315210538037,7,187
scale-free,200,14,7,7.0,6.0,8.0,8.0,137.0,6.0,6.0,62.93705591124233,0.10379315210538037,7,187
scale-free,200,14,8,8.0,55.0,27.0,27.0,1.0,55.0,55.0,62.93705591124233,0.10379315210538037,7,187
scale-free,200,14,9,3.0,4.0,4.0,4.0,137.0,4.0,5.0,62.93705591124233,0.10379315210538037,7,187
scale-free,200,14,10,19.0,55.0,27.0,27.0,5.0,55.0,55.0,62.93705591124233,0.10379315210538037,7,187
scale-free,200,14,11,19.0,55.0,27.0,27.0,11.0,55.0,55.0,62.93705591124233,0.10379315210538037,7,187
scale-free,200,14,12,33.0,22.0,14.0,14.0,137.0,22.0,27.0,62.93705591124233,0.10379315210538037,7,187
scale-free,200,14,13,44.0,55.0,27.0,27.0,33.0,55.0,55.0,62.93705591124233,0.10379315210538037,7,187
scale-free,200,14,14,11.0,12.0,6.0,6.0,137.0,11.0,13.0,62.93705591124233,0.10379315210538037,7,187
scale-free,200,14,15,9.0,55.0,27.0,27.0,33.0,55.0,55.0,62.93705591124233,0.10379315210538037,7,187
scale-free,200,14,16,14.0,10.0,27.0,27.0,178.0,9.0,12.0,62.93705591124233,0.10379315210538037,7,187
scale-free,200,14,17,19.0,55.0,27.0,27.0,11.0,55.0,55.0,62.93705591124233,0.10379315210538037,7,187
scale-free,200,14,18,14.0,55.0,27.0,27.0,5.0,55.0,55.0,62.93705591124233,0.10379315210538037,7,187
scale-free,200,14,19,44.0,35.0,27.0,27.0,33.0,35.0,45.0,62.93705591124233,0.10379315210538037,7,187
scale-free,200,14,20,95.0,55.0,27.0,27.0,33.0,55.0,55.0,62.93705591124233,0.10379315210538037,7,187
scale-free,200,14,21,60.0,35.0,25.0,25.0,153.0,35.0,35.0,62.93705591124233,0.10379315210538037,7,187
scale-free,200,14,22,17.0,27.0,27.0,27.0,178.0,27.0,18.0,62.93705591124233,0.10379315210538037,7,187
scale-free,200,14,23,60.0,55.0,27.0,27.0,11.0,55.0,55.0,62.93705591124233,0.10379315210538037,7,187
scale-free,200,14,24,28.0,25.0,9.0,9.0,137.0,25.0,19.0,62.93705591124233,0.10379315210538037,7,187
scale-free,200,14,25,95.0,55.0,27.0,27.0,153.0,55.0,55.0,62.93705591124233,0.10379315210538037,7,187
scale-free,200,14,26,19.0,35.0,19.0,19.0,11.0,35.0,38.0,62.93705591124233,0.10379315210538037,7,187
scale-free,200,14,27,44.0,31.0,27.0,27.0,178.0,31.0,33.0,62.93705591124233,0.10379315210538037,7,187
scale-free,200,14,28,33.0,55.0,27.0,27.0,11.0,55.0,55.0,62.93705591124233,0.10379315210538037,7,187
scale-free,200,14,29,19.0,55.0,27.0,27.0,11.0,55.0,55.0,62.93705591124233,0.10379315210538037,7,187
scale-free,200,14,30,28.0,7.0,17.0,17.0,137.0,8.0,8.0,62.93705591124233,0.10379315210538037,7,187
scale-free,200,14,31,14.0,55.0,27.0,27.0,2.0,55.0,55.0,62.93705591124233,0.10379315210538037,7,187
scale-free,200,14,32,60.0,35.0,21.0,21.0,33.0,35.0,42.0,62.93705591124233,0.10379315210538037,7,187
scale-free,200,14,33,33.0,55.0,27.0,27.0,5.0,55.0,55.0,62.93705591124233,0.10379315210538037,7,187
scale-free,200,14,34,60.0,55.0,27.0,27.0,33.0,55.0,55.0,62.93705591124233,0.10379315210538037,7,187
scale-free,200,14,35,60.0,55.0,27.0,27.0,33.0,55.0,55.0,62.93705591124233,0.10379315210538037,7,187
scale-free,200,14,36,28.0,55.0,27.0,27.0,33.0,55.0,55.0,62.93705591124233,0.10379315210538037,7,187
scale-free,200,14,37,10.0,29.0,10.0,10.0,33.0,29.0,22.0,62.93705591124233,0.10379315210538037,7,187
scale-free,200,14,38,33.0,55.0,27.0,27.0,33.0,55.0,55.0,62.93705591124233,0.10379315210538037,7,187
scale-free,200,14,39,95.0,55.0,27.0,27.0,33.0,55.0,55.0,62.93705591124233,0.10379315210538037,7,187
scale-free,200,14,40,44.0,9.0,27.0,27.0,137.0,12.0,9.0,62.93705591124233,0.10379315210538037,7,187
scale-free,200,14,41,95.0,55.0,27.0,27.0,33.0,55.0,55.0,62.93705591124233,0.10379315210538037,7,187
scale-free,200,14,42,44.0,55.0,27.0,27.0,11.0,55.0,55.0,62.93705591124233,0.10379315210538037,7,187
scale-free,200,14,43,95.0,55.0,27.0,27.0,153.0,55.0,55.0,62.93705591124233,0.10379315210538037,7,187
scale-free,200,14,44,44.0,21.0,27.0,27.0,178.0,21.0,20.0,62.93705591124233,0.10379315210538037,7,187
scale-free,200,14,45,95.0,55.0,27.0,27.0,33.0,55.0,55.0,62.93705591124233,0.10379315210538037,7,187
scale-free,200,14,46,33.0,35.0,16.0,16.0,33.0,35.0,35.0,62.93705591124233,0.10379315210538037,7,187
scale-free,200,14,47,33.0,55.0,27.0,27.0,33.0,55.0,55.0,62.93705591124233,0.10379315210538037,7,187
scale-free,200,14,48,95.0,18.0,27.0,27.0,178.0,18.0,21.0,62.93705591124233,0.10379315210538037,7,187
scale-free,200,14,49,95.0,55.0,27.0,27.0,33.0,55.0,55.0,62.93705591124233,0.10379315210538037,7,187
scale-free,200,14,50,95.0,55.0,27.0,27.0,153.0,55.0,55.0,62.93705591124233,0.10379315210538037,7,187
scale-free,200,14,51,95.0,55.0,27.0,27.0,33.0,55.0,55.0,62.93705591124233,0.10379315210538037,7,187
scale-free,200,14,52,95.0,55.0,27.0,27.0,33.0,55.0,55.0,62.93705591124233,0.10379315210538037,7,187
scale-free,200,14,53,95.0,55.0,27.0,27.0,33.0,55.0,55.0,62.93705591124233,0.10379315210538037,7,187
scale-free,200,14,54,60.0,55.0,27.0,27.0,33.0,55.0,55.0,62.93705591124233,0.10379315210538037,7,187
scale-free,200,14,55,95.0,55.0,27.0,27.0,33.0,55.0,55.0,62.93705591124233,0.10379315210538037,7,187
scale-free,200,14,56,95.0,55.0,27.0,27.0,33.0,55.0,55.0,62.93705591124233,0.10379315210538037,7,187
scale-free,200,14,57,19.0,55.0,27.0,27.0,33.0,55.0,55.0,62.93705591124233,0.10379315210538037,7,187
scale-free,200,14,58,95.0,55.0,27.0,27.0,33.0,55.0,55.0,62.93705591124233,0.10379315210538037,7,187
scale-free,200,14,59,33.0,55.0,27.0,27.0,5.0,55.0,55.0,62.93705591124233,0.10379315210538037,7,187
scale-free,200,14,60,95.0,35.0,27.0,27.0,178.0,35.0,42.0,62.93705591124233,0.10379315210538037,7,187
scale-free,200,14,61,17.0,17.0,27.0,27.0,178.0,17.0,11.0,62.93705591124233,0.10379315210538037,7,187
scale-free,200,14,62,95.0,55.0,27.0,27.0,33.0,55.0,55.0,62.93705591124233,0.10379315210538037,7,187
scale-free,200,14,63,60.0,55.0,27.0,27.0,33.0,55.0,55.0,62.93705591124233,0.10379315210538037,7,187
scale-free,200,14,64,44.0,55.0,27.0,27.0,33.0,55.0,55.0,62.93705591124233,0.10379315210538037,7,187
scale-free,200,14,65,44.0,55.0,27.0,27.0,33.0,55.0,55.0,62.93705591124233,0.10379315210538037,7,187
scale-free,200,14,66,95.0,55.0,27.0,27.0,33.0,55.0,55.0,62.93705591124233,0.10379315210538037,7,187
scale-free,200,14,67,60.0,24.0,20.0,20.0,137.0,24.0,31.0,62.93705591124233,0.10379315210538037,7,187
scale-free,200,14,68,33.0,33.0,12.0,12.0,33.0,33.0,28.0,62.93705591124233,0.10379315210538037,7,187
scale-free,200,14,69,60.0,55.0,27.0,27.0,33.0,55.0,55.0,62.93705591124233,0.10379315210538037,7,187
scale-free,200,14,70,44.0,30.0,27.0,27.0,178.0,30.0,30.0,62.93705591124233,0.10379315210538037,7,187
scale-free,200,14,71,95.0,55.0,27.0,27.0,33.0,55.0,55.0,62.93705591124233,0.10379315210538037,7,187
scale-free,200,14,72,60.0,55.0,27.0,27.0,11.0,55.0,55.0,62.93705591124233,0.10379315210538037,7,187
scale-free,200,14,73,60.0,55.0,27.0,27.0,2.0,55.0,55.0,62.93705591124233,0.10379315210538037,7,187
scale-free,200,14,74,95.0,55.0,27.0,27.0,33.0,55.0,55.0,62.93705591124233,0.10379315210538037,7,187
scale-free,200,14,75,95.0,35.0,27.0,27.0,178.0,35.0,54.0,62.93705591124233,0.10379315210538037,7,187
scale-free,200,14,76,95.0,55.0,27.0,27.0,33.0,55.0,55.0,62.93705591124233,0.10379315210538037,7,187
scale-free,200,14,77,60.0,55.0,27.0,27.0,11.0,55.0,55.0,62.93705591124233,0.10379315210538037,7,187
scale-free,200,14,78,60.0,14.0,27.0,27.0,178.0,14.0,15.0,62.93705591124233,0.10379315210538037,7,187
scale-free,200,14,79,95.0,23.0,27.0,27.0,178.0,23.0,31.0,62.93705591124233,0.10379315210538037,7,187
scale-free,200,14,80,95.0,55.0,27.0,27.0,33.0,55.0,55.0,62.93705591124233,0.10379315210538037,7,187
scale-free,200,14,81,95.0,35.0,27.0,27.0,178.0,35.0,48.0,62.93705591124233,0.10379315210538037,7,187
scale-free,200,14,82,95.0,55.0,27.0,27.0,33.0,55.0,55.0,62.93705591124233,0.10379315210538037,7,187
scale-free,200,14,83,28.0,31.0,11.0,11.0,33.0,31.0,28.0,62.93705591124233,0.10379315210538037,7,187
scale-free,200,14,84,95.0,55.0,27.0,27.0,33.0,55.0,55.0,62.93705591124233,0.10379315210538037,7,187
scale-free,200,14,85,60.0,55.0,27.0,27.0,33.0,55.0,55.0,62.93705591124233,0.10379315210538037,7,187
scale-free,200,14,86,95.0,55.0,27.0,27.0,11.0,55.0,55.0,62.93705591124233,0.10379315210538037,7,187
scale-free,200,14,87,19.0,28.0,27.0,27.0,178.0,28.0,24.0,62.93705591124233,0.10379315210538037,7,187
scale-free,200,14,88,95.0,55.0,27.0,27.0,33.0,55.0,55.0,62.93705591124233,0.10379315210538037,7,187
scale-free,200,14,89,60.0,55.0,27.0,27.0,11.0,55.0,55.0,62.93705591124233,0.10379315210538037,7,187
scale-free,200,14,90,60.0,55.0,27.0,27.0,33.0,55.0,55.0,62.93705591124233,0.10379315210538037,7,187
scale-free,200,14,91,28.0,55.0,27.0,27.0,33.0,55.0,55.0,62.93705591124233,0.10379315210538037,7,187
scale-free,200,14,92,60.0,35.0,27.0,27.0,33.0,35.0,48.0,62.93705591124233,0.10379315210538037,7,187
scale-free,200,14,93,19.0,11.0,27.0,27.0,178.0,10.0,10.0,62.93705591124233,0.10379315210538037,7,187
scale-free,200,14,94,60.0,55.0,27.0,27.0,33.0,55.0,55.0,62.93705591124233,0.10379315210538037,7,187
scale-free,200,14,95,33.0,55.0,27.0,27.0,33.0,55.0,55.0,62.93705591124233,0.10379315210538037,7,187
scale-free,200,14,96,60.0,15.0,13.0,13.0,153.0,15.0,16.0,62.93705591124233,0.10379315210538037,7,187
scale-free,200,14,97,44.0,35.0,22.0,22.0,11.0,35.0,42.0,62.93705591124233,0.10379315210538037,7,187
scale-free,200,14,98,44.0,35.0,25.0,25.0,153.0,35.0,52.0,62.93705591124233,0.10379315210538037,7,187
scale-free,200,14,99,60.0,35.0,24.0,24.0,33.0,35.0,38.0,62.93705591124233,0.10379315210538037,7,187
scale-free,200,14,100,95.0,55.0,27.0,27.0,33.0,55.0,55.0,62.93705591124233,0.10379315210538037,7,187
scale-free,200,14,101,95.0,55.0,27.0,27.0,153.0,55.0,55.0,62.93705591124233,0.10379315210538037,7,187
scale-free,200,14,102,95.0,55.0,27.0,27.0,33.0,55.0,55.0,62.93705591124233,0.10379315210538037,7,187
scale-free,200,14,103,60.0,55.0,27.0,27.0,153.0,55.0,55.0,62.93705591124233,0.10379315210538037,7,187
scale-free,200,14,104,60.0,55.0,27.0,27.0,33.0,55.0,55.0,62.93705591124233,0.10379315210538037,7,187
scale-free,200,14,105,33.0,35.0,22.0,22.0,151.0,35.0,53.0,62.93705591124233,0.10379315210538037,7,187
scale-free,200,14,106,60.0,33.0,27.0,27.0,178.0,33.0,34.0,62.93705591124233,0.10379315210538037,7,187
scale-free,200,14,107,19.0,55.0,27.0,27.0,11.0,55.0,55.0,62.93705591124233,0.10379315210538037,7,187
scale-free,200,14,108,60.0,35.0,27.0,27.0,153.0,35.0,45.0,62.93705591124233,0.10379315210538037,7,187
scale-free,200,14,109,95.0,35.0,27.0,27.0,178.0,35.0,45.0,62.93705591124233,0.10379315210538037,7,187
scale-free,200,14,110,33.0,55.0,27.0,27.0,11.0,55.0,55.0,62.93705591124233,0.10379315210538037,7,187
scale-free,200,14,111,60.0,55.0,27.0,27.0,33.0,55.0,55.0,62.93705591124233,0.10379315210538037,7,187
scale-free,200,14,112,95.0,55.0,27.0,27.0,153.0,55.0,55.0,62.93705591124233,0.10379315210538037,7,187
scale-free,200,14,113,44.0,16.0,27.0,27.0,137.0,16.0,16.0,62.93705591124233,0.10379315210538037,7,187
scale-free,200,14,114,60.0,55.0,27.0,27.0,11.0,55.0,55.0,62.93705591124233,0.10379315210538037,7,187
scale-free,200,14,115,95.0,55.0,27.0,27.0,33.0,55.0,55.0,62.93705591124233,0.10379315210538037,7,187
scale-free,200,14,116,44.0,26.0,27.0,27.0,178.0,26.0,23.0,62.93705591124233,0.10379315210538037,7,187
scale-free,200,14,117,95.0,55.0,27.0,27.0,33.0,55.0,55.0,62.93705591124233,0.10379315210538037,7,187
scale-free,200,14,118,95.0,55.0,27.0,27.0,33.0,55.0,55.0,62.93705591124233,0.10379315210538037,7,187
scale-free,200,14,119,95.0,55.0,27.0,27.0,33.0,55.0,55.0,62.93705591124233,0.10379315210538037,7,187
scale-free,200,14,120,95.0,55.0,27.0,27.0,33.0,55.0,55.0,62.93705591124233,0.10379315210538037,7,187
scale-free,200,14,121,95.0,35.0,27.0,27.0,178.0,35.0,48.0,62.93705591124233,0.10379315210538037,7,187
scale-free,200,14,122,95.0,55.0,27.0,27.0,33.0,55.0,55.0,62.93705591124233,0.10379315210538037,7,187
scale-free,200,14,123,95.0,55.0,27.0,27.0,11.0,55.0,55.0,62.93705591124233,0.10379315210538037,7,187
scale-free,200,14,124,95.0,55.0,27.0,27.0,153.0,55.0,55.0,62.93705591124233,0.10379315210538037,7,187
scale-free,200,14,125,44.0,55.0,27.0,27.0,33.0,55.0,55.0,62.93705591124233,0.10379315210538037,7,187
scale-free,200,14,126,60.0,55.0,27.0,27.0,11.0,55.0,55.0,62.93705591124233,0.10379315210538037,7,187
scale-free,200,14,127,60.0,55.0,27.0,27.0,33.0,55.0,55.0,62.93705591124233,0.10379315210538037,7,187
scale-free,200,14,128,95.0,55.0,27.0,27.0,33.0,55.0,55.0,62.93705591124233,0.10379315210538037,7,187
scale-free,200,14,129,95.0,55.0,27.0,27.0,33.0,55.0,55.0,62.93705591124233,0.10379315210538037,7,187
scale-free,200,14,130,95.0,55.0,27.0,27.0,153.0,55.0,55.0,62.93705591124233,0.10379315210538037,7,187
scale-free,200,14,131,60.0,55.0,27.0,27.0,5.0,55.0,55.0,62.93705591124233,0.10379315210538037,7,187
scale-free,200,14,132,95.0,55.0,27.0,27.0,33.0,55.0,55.0,62.93705591124233,0.10379315210538037,7,187
scale-free,200,14,133,95.0,55.0,27.0,27.0,33.0,55.0,55.0,62.93705591124233,0.10379315210538037,7,187
scale-free,200,14,134,60.0,55.0,27.0,27.0,33.0,55.0,55.0,62.93705591124233,0.10379315210538037,7,187
scale-free,200,14,135,95.0,55.0,27.0,27.0,33.0,55.0,55.0,62.93705591124233,0.10379315210538037,7,187
scale-free,200,14,136,95.0,55.0,27.0,27.0,33.0,55.0,55.0,62.93705591124233,0.10379315210538037,7,187
scale-free,200,14,137,95.0,55.0,27.0,27.0,33.0,55.0,55.0,62.93705591124233,0.10379315210538037,7,187
scale-free,200,14,138,95.0,55.0,27.0,27.0,11.0,55.0,55.0,62.93705591124233,0.10379315210538037,7,187
scale-free,200,14,139,95.0,55.0,27.0,27.0,153.0,55.0,55.0,62.93705591124233,0.10379315210538037,7,187
scale-free,200,14,140,95.0,55.0,27.0,27.0,33.0,55.0,55.0,62.93705591124233,0.10379315210538037,7,187
scale-free,200,14,141,60.0,13.0,27.0,27.0,178.0,13.0,14.0,62.93705591124233,0.10379315210538037,7,187
scale-free,200,14,142,95.0,55.0,27.0,27.0,33.0,55.0,55.0,62.93705591124233,0.10379315210538037,7,187
scale-free,200,14,143,95.0,55.0,27.0,27.0,33.0,55.0,55.0,62.93705591124233,0.10379315210538037,7,187
scale-free,200,14,144,95.0,55.0,27.0,27.0,33.0,55.0,55.0,62.93705591124233,0.10379315210538037,7,187
scale-free,200,14,145,95.0,55.0,27.0,27.0,153.0,55.0,55.0,62.93705591124233,0.10379315210538037,7,187
scale-free,200,14,146,95.0,35.0,27.0,27.0,178.0,35.0,38.0,62.93705591124233,0.10379315210538037,7,187
scale-free,200,14,147,95.0,55.0,27.0,27.0,33.0,55.0,55.0,62.93705591124233,0.10379315210538037,7,187
scale-free,200,14,148,95.0,55.0,27.0,27.0,33.0,55.0,55.0,62.93705591124233,0.10379315210538037,7,187
scale-free,200,14,149,60.0,55.0,27.0,27.0,33.0,55.0,55.0,62.93705591124233,0.10379315210538037,7,187
scale-free,200,14,150,95.0,55.0,27.0,27.0,33.0,55.0,55.0,62.93705591124233,0.10379315210538037,7,187
scale-free,200,14,151,95.0,55.0,27.0,27.0,11.0,55.0,55.0,62.93705591124233,0.10379315210538037,7,187
scale-free,200,14,152,95.0,55.0,27.0,27.0,33.0,55.0,55.0,62.93705591124233,0.10379315210538037,7,187
scale-free,200,14,153,60.0,20.0,7.0,7.0,137.0,20.0,25.0,62.93705591124233,0.10379315210538037,7,187
scale-free,200,14,154,95.0,55.0,27.0,27.0,152.0,55.0,55.0,62.93705591124233,0.10379315210538037,7,187
scale-free,200,14,155,95.0,55.0,27.0,27.0,33.0,55.0,55.0,62.93705591124233,0.10379315210538037,7,187
scale-free,200,14,156,95.0,55.0,27.0,27.0,33.0,55.0,55.0,62.93705591124233,0.10379315210538037,7,187
scale-free,200,14,157,60.0,35.0,17.0,17.0,33.0,35.0,38.0,62.93705591124233,0.10379315210538037,7,187
scale-free,200,14,158,95.0,55.0,27.0,27.0,33.0,55.0,55.0,62.93705591124233,0.10379315210538037,7,187
scale-free,200,14,159,95.0,55.0,27.0,27.0,33.0,55.0,55.0,62.93705591124233,0.10379315210538037,7,187
scale-free,200,14,160,44.0,35.0,15.0,15.0,11.0,35.0,35.0,62.93705591124233,0.10379315210538037,7,187
scale-free,200,14,161,95.0,55.0,27.0,27.0,5.0,55.0,55.0,62.93705591124233,0.10379315210538037,7,187
scale-free,200,14,162,95.0,55.0,27.0,27.0,33.0,55.0,55.0,62.93705591124233,0.10379315210538037,7,187
scale-free,200,14,163,60.0,55.0,27.0,27.0,33.0,55.0,55.0,62.93705591124233,0.10379315210538037,7,187
scale-free,200,14,164,44.0,55.0,27.0,27.0,33.0,55.0,55.0,62.93705591124233,0.10379315210538037,7,187
scale-free,200,14,165,95.0,55.0,27.0,27.0,33.0,55.0,55.0,62.93705591124233,0.10379315210538037,7,187
scale-free,200,14,166,95.0,55.0,27.0,27.0,11.0,55.0,55.0,62.93705591124233,0.10379315210538037,7,187
scale-free,200,14,167,95.0,55.0,27.0,27.0,33.0,55.0,55.0,62.93705591124233,0.10379315210538037,7,187
scale-free,200,14,168,95.0,55.0,27.0,27.0,33.0,55.0,55.0,62.93705591124233,0.10379315210538037,7,187
scale-free,200,14,169,95.0,55.0,27.0,27.0,33.0,55.0,55.0,62.93705591124233,0.10379315210538037,7,187
scale-free,200,14,170,95.0,55.0,27.0,27.0,153.0,55.0,55.0,62.93705591124233,0.10379315210538037,7,187
scale-free,200,14,171,95.0,19.0,27.0,27.0,178.0,19.0,25.0,62.93705591124233,0.10379315210538037,7,187
scale-free,200,14,172,95.0,55.0,27.0,27.0,33.0,55.0,55.0,62.93705591124233,0.10379315210538037,7,187
scale-free,200,14,173,95.0,55.0,27.0,27.0,33.0,55.0,55.0,62.93705591124233,0.10379315210538037,7,187
scale-free,200,14,174,95.0,55.0,27.0,27.0,33.0,55.0,55.0,62.93705591124233,0.10379315210538037,7,187
scale-free,200,14,175,95.0,55.0,27.0,27.0,33.0,55.0,55.0,62.93705591124233,0.10379315210538037,7,187
scale-free,200,14,176,95.0,55.0,27.0,27.0,33.0,55.0,55.0,62.93705591124233,0.10379315210538037,7,187
scale-free,200,14,177,95.0,55.0,27.0,27.0,153.0,55.0,55.0,62.93705591124233,0.10379315210538037,7,187
scale-free,200,14,178,95.0,55.0,27.0,27.0,33.0,55.0,55.0,62.93705591124233,0.10379315210538037,7,187
scale-free,200,14,179,95.0,55.0,27.0,27.0,33.0,55.0,55.0,62.93705591124233,0.10379315210538037,7,187
scale-free,200,14,180,95.0,55.0,27.0,27.0,153.0,55.0,55.0,62.93705591124233,0.10379315210538037,7,187
scale-free,200,14,181,95.0,55.0,27.0,27.0,33.0,55.0,55.0,62.93705591124233,0.10379315210538037,7,187
scale-free,200,14,182,95.0,55.0,27.0,27.0,153.0,55.0,55.0,62.93705591124233,0.10379315210538037,7,187
scale-free,200,14,183,95.0,55.0,27.0,27.0,153.0,55.0,55.0,62.93705591124233,0.10379315210538037,7,187
scale-free,200,14,184,95.0,55.0,27.0,27.0,33.0,55.0,55.0,62.93705591124233,0.10379315210538037,7,187
scale-free,200,14,185,95.0,55.0,27.0,27.0,33.0,55.0,55.0,62.93705591124233,0.10379315210538037,7,187
scale-free,200,14,186,95.0,35.0,27.0,27.0,178.0,35.0,48.0,62.93705591124233,0.10379315210538037,7,187
scale-free,200,14,187,95.0,55.0,27.0,27.0,153.0,55.0,55.0,62.93705591124233,0.10379315210538037,7,187
scale-free,200,14,188,95.0,55.0,27.0,27.0,33.0,55.0,55.0,62.93705591124233,0.10379315210538037,7,187
scale-free,200,14,189,95.0,55.0,27.0,27.0,153.0,55.0,55.0,62.93705591124233,0.10379315210538037,7,187
scale-free,200,14,190,95.0,55.0,27.0,27.0,33.0,55.0,55.0,62.93705591124233,0.10379315210538037,7,187
scale-free,200,14,191,95.0,55.0,27.0,27.0,33.0,55.0,55.0,62.93705591124233,0.10379315210538037,7,187
scale-free,200,14,192,95.0,55.0,27.0,27.0,153.0,55.0,55.0,62.93705591124233,0.10379315210538037,7,187
scale-free,200,14,193,95.0,55.0,27.0,27.0,153.0,55.0,55.0,62.93705591124233,0.10379315210538037,7,187
scale-free,200,14,194,95.0,55.0,27.0,27.0,33.0,55.0,55.0,62.93705591124233,0.10379315210538037,7,187
scale-free,200,14,195,95.0,55.0,27.0,27.0,33.0,55.0,55.0,62.93705591124233,0.10379315210538037,7,187
scale-free,200,14,196,95.0,55.0,27.0,27.0,153.0,55.0,55.0,62.93705591124233,0.10379315210538037,7,187
scale-free,200,14,197,95.0,55.0,27.0,27.0,33.0,55.0,55.0,62.93705591124233,0.10379315210538037,7,187
scale-free,200,14,198,95.0,55.0,27.0,27.0,153.0,55.0,55.0,62.93705591124233,0.10379315210538037,7,187
scale-free,200,14,199,95.0,55.0,27.0,27.0,33.0,55.0,55.0,62.93705591124233,0.10379315210538037,7,187
