random,400,1,0,76.0,88.0,86.0,84.0,95.0,95.0,84.0,199.5,0.020579757252551355,3,2
random,400,1,1,119.0,210.0,168.0,170.0,199.0,199.0,142.0,199.5,0.020579757252551355,3,2
random,400,1,2,76.0,93.0,116.0,119.0,89.0,89.0,114.0,199.5,0.020579757252551355,3,2
random,400,1,3,49.0,44.0,76.0,76.0,46.0,46.0,70.0,199.5,0.020579757252551355,3,2
random,400,1,4,322.0,275.0,331.0,334.0,284.0,284.0,353.0,199.5,0.020579757252551355,3,2
random,400,1,5,262.0,302.0,255.0,252.0,300.0,300.0,268.0,199.5,0.020579757252551355,3,2
random,400,1,6,10.0,13.0,10.0,11.0,12.0,12.0,15.0,199.5,0.020579757252551355,3,2
random,400,1,7,361.0,360.0,369.0,369.0,362.0,362.0,378.0,199.5,0.020579757252551355,3,2
random,400,1,8,262.0,305.0,293.0,290.0,303.0,303.0,287.0,199.5,0.020579757252551355,3,2
random,400,1,9,262.0,249.0,326.0,328.0,256.0,256.0,318.0,199.5,0.020579757252551355,3,2
random,400,1,10,322.0,375.0,323.0,320.0,372.0,372.0,322.0,199.5,0.020579757252551355,3,2
random,400,1,11,262.0,249.0,299.0,303.0,258.0,258.0,307.0,199.5,0.020579757252551355,3,2
random,400,1,12,209.0,212.0,245.0,255.0,217.0,217.0,254.0,199.5,0.020579757252551355,3,2
random,400,1,13,391.0,393.0,394.0,393.0,393.0,393.0,392.0,199.5,0.020579757252551355,3,2
random,400,1,14,209.0,205.0,242.0,242.0,214.0,214.0,253.0,199.5,0.020579757252551355,3,2
random,400,1,15,76.0,132.0,94.0,96.0,128.0,128.0,81.0,199.5,0.020579757252551355,3,2
random,400,1,16,168.0,243.0,189.0,189.0,240.0,240.0,174.0,199.5,0.020579757252551355,3,2
random,400,1,17,168.0,235.0,164.0,162.0,226.0,226.0,177.0,199.5,0.020579757252551355,3,2
random,400,1,18,262.0,178.0,319.0,322.0,196.0,196.0,321.0,199.5,0.020579757252551355,3,2
random,400,1,19,262.0,256.0,311.0,312.0,253.0,253.0,317.0,199.5,0.020579757252551355,3,2
random,400,1,20,209.0,247.0,233.0,230.0,245.0,245.0,229.0,199.5,0.020579757252551355,3,2
random,400,1,21,119.0,162.0,110.0,102.0,155.0,155.0,131.0,199.5,0.020579757252551355,3,2
random,400,1,22,322.0,380.0,342.0,341.0,375.0,375.0,331.0,199.5,0.020579757252551355,3,2
random,400,1,23,119.0,132.0,106.0,103.0,136.0,136.0,132.0,199.5,0.020579757252551355,3,2
random,400,1,24,361.0,373.0,374.0,373.0,376.0,376.0,374.0,199.5,0.020579757252551355,3,2
random,400,1,25,76.0,132.0,137.0,143.0,131.0,131.0,108.0,199.5,0.020579757252551355,3,2
random,400,1,26,168.0,195.0,200.0,200.0,203.0,203.0,193.0,199.5,0.020579757252551355,3,2
random,400,1,27,3.0,1.0,4.0,3.0,1.0,1.0,5.0,199.5,0.020579757252551355,3,2
random,400,1,28,119.0,185.0,134.0,129.0,179.0,179.0,127.0,199.5,0.020579757252551355,3,2
random,400,1,29,119.0,216.0,120.0,118.0,200.0,200.0,125.0,199.5,0.020579757252551355,3,2
random,400,1,30,28.0,27.0,29.0,30.0,28.0,28.0,43.0,199.5,0.020579757252551355,3,2
random,400,1,31,322.0,386.0,340.0,340.0,383.0,383.0,325.0,199.5,0.020579757252551355,3,2
random,400,1,32,168.0,243.0,182.0,184.0,235.0,235.0,185.0,199.5,0.020579757252551355,3,2
random,400,1,33,119.0,109.0,127.0,127.0,119.0,119.0,153.0,199.5,0.020579757252551355,3,2
random,400,1,34,361.0,346.0,389.0,389.0,348.0,349.0,389.0,199.5,0.020579757252551355,3,2
random,400,1,35,391.0,394.0,393.0,394.0,394.0,394.0,393.0,199.5,0.020579757252551355,3,2
random,400,1,36,28.0,46.0,49.0,49.0,45.0,45.0,38.0,199.5,0.020579757252551355,3,2
random,400,1,37,396.0,396.0,397.0,397.0,396.0,396.0,398.0,199.5,0.020579757252551355,3,2
random,400,1,38,10.0,26.0,8.0,8.0,24.0,24.0,10.0,199.5,0.020579757252551355,3,2
random,400,1,39,168.0,172.0,170.0,167.0,171.0,171.0,183.0,199.5,0.020579757252551355,3,2
random,400,1,40,119.0,227.0,160.0,159.0,212.0,212.0,124.0,199.5,0.020579757252551355,3,2
random,400,1,41,209.0,305.0,232.0,234.0,299.0,299.0,212.0,199.5,0.020579757252551355,3,2
random,400,1,42,49.0,59.0,40.0,39.0,61.0,61.0,61.0,199.5,0.020579757252551355,3,2
random,400,1,43,209.0,262.0,237.0,238.0,262.0,262.0,230.0,199.5,0.020579757252551355,3,2
random,400,1,44,209.0,285.0,219.0,213.0,281.0,281.0,213.0,199.5,0.020579757252551355,3,2
random,400,1,45,361.0,357.0,386.0,387.0,360.0,360.0,383.0,199.5,0.020579757252551355,3,2
random,400,1,46,76.0,40.0,100.0,107.0,42.0,42.0,120.0,199.5,0.020579757252551355,3,2
random,400,1,47,76.0,32.0,98.0,100.0,37.0,37.0,117.0,199.5,0.020579757252551355,3,2
random,400,1,48,262.0,326.0,289.0,287.0,323.0,323.0,275.0,199.5,0.020579757252551355,3,2
random,400,1,49,49.0,48.0,77.0,77.0,49.0,49.0,72.0,199.5,0.020579757252551355,3,2
random,400,1,50,119.0,138.0,101.0,98.0,140.0,140.0,137.0,199.5,0.020579757252551355,3,2
random,400,1,51,28.0,73.0,35.0,36.0,58.0,58.0,32.0,199.5,0.020579757252551355,3,2
random,400,1,52,391.0,387.0,391.0,391.0,390.0,390.0,391.0,199.5,0.020579757252551355,3,2
random,400,1,53,168.0,97.0,181.0,188.0,116.0,116.0,203.0,199.5,0.020579757252551355,3,2
random,400,1,54,168.0,65.0,202.0,203.0,82.0,82.0,209.0,199.5,0.020579757252551355,3,2
random,400,1,55,209.0,148.0,216.0,215.0,162.0,162.0,256.0,199.5,0.020579757252551355,3,2
random,400,1,56,49.0,85.0,53.0,51.0,82.0,82.0,56.0,199.5,0.020579757252551355,3,2
random,400,1,57,28.0,54.0,36.0,37.0,51.0,51.0,35.0,199.5,0.020579757252551355,3,2
random,400,1,58,119.0,160.0,148.0,148.0,158.0,158.0,143.0,199.5,0.020579757252551355,3,2
random,400,1,59,119.0,178.0,176.0,179.0,169.0,169.0,139.0,199.5,0.020579757252551355,3,2
random,400,1,60,209.0,190.0,235.0,235.0,204.0,204.0,242.0,199.5,0.020579757252551355,3,2
random,400,1,61,49.0,168.0,84.0,82.0,149.0,149.0,50.0,199.5,0.020579757252551355,3,2
random,400,1,62,6.0,27.0,11.0,10.0,21.0,21.0,6.0,199.5,0.020579757252551355,3,2
random,400,1,63,391.0,383.0,395.0,395.0,386.0,386.0,395.0,199.5,0.020579757252551355,3,2
random,400,1,64,119.0,78.0,111.0,115.0,87.0,87.0,154.0,199.5,0.020579757252551355,3,2
random,400,1,65,119.0,130.0,169.0,168.0,133.0,133.0,150.0,199.5,0.020579757252551355,3,2
random,400,1,66,18.0,9.0,24.0,26.0,11.0,11.0,27.0,199.5,0.020579757252551355,3,2
random,400,1,67,322.0,349.0,353.0,349.0,346.0,346.0,343.0,199.5,0.020579757252551355,3,2
random,400,1,68,262.0,142.0,296.0,301.0,159.0,159.0,320.0,199.5,0.020579757252551355,3,2
random,400,1,69,49.0,122.0,54.0,55.0,106.0,106.0,51.0,199.5,0.020579757252551355,3,2
random,400,1,70,322.0,296.0,349.0,351.0,298.0,298.0,358.0,199.5,0.020579757252551355,3,2
random,400,1,71,361.0,387.0,390.0,390.0,388.0,388.0,372.0,199.5,0.020579757252551355,3,2
random,400,1,72,262.0,238.0,306.0,308.0,247.0,247.0,312.0,199.5,0.020579757252551355,3,2
random,400,1,73,209.0,212.0,225.0,225.0,222.0,222.0,232.0,199.5,0.020579757252551355,3,2
random,400,1,74,119.0,148.0,152.0,152.0,146.0,146.0,147.0,199.5,0.020579757252551355,3,2
random,400,1,75,400.0,400.0,399.0,399.0,400.0,400.0,400.0,199.5,0.020579757252551355,3,2
random,400,1,76,168.0,160.0,162.0,164.0,166.0,166.0,181.0,199.5,0.020579757252551355,3,2
random,400,1,77,322.0,313.0,285.0,284.0,320.0,320.0,327.0,199.5,0.020579757252551355,3,2
random,400,1,78,262.0,260.0,279.0,280.0,261.0,261.0,301.0,199.5,0.020579757252551355,3,2
random,400,1,79,361.0,395.0,383.0,383.0,395.0,395.0,361.0,199.5,0.020579757252551355,3,2
random,400,1,80,76.0,88.0,96.0,91.0,95.0,95.0,86.0,199.5,0.020579757252551355,3,2
random,400,1,81,28.0,38.0,59.0,61.0,35.0,35.0,47.0,199.5,0.020579757252551355,3,2
random,400,1,82,209.0,267.0,231.0,232.0,269.0,269.0,219.0,199.5,0.020579757252551355,3,2
random,400,1,83,361.0,364.0,346.0,346.0,370.0,370.0,369.0,199.5,0.020579757252551355,3,2
random,400,1,84,49.0,81.0,50.0,45.0,73.0,73.0,55.0,199.5,0.020579757252551355,3,2
random,400,1,85,168.0,200.0,185.0,178.0,201.0,201.0,184.0,199.5,0.020579757252551355,3,2
random,400,1,86,49.0,124.0,65.0,63.0,105.0,105.0,54.0,199.5,0.020579757252551355,3,2
random,400,1,87,322.0,377.0,365.0,367.0,377.0,377.0,334.0,199.5,0.020579757252551355,3,2
random,400,1,88,168.0,210.0,178.0,177.0,201.0,201.0,186.0,199.5,0.020579757252551355,3,2
random,400,1,89,262.0,223.0,297.0,296.0,232.0,232.0,313.0,199.5,0.020579757252551355,3,2
random,400,1,90,209.0,158.0,262.0,261.0,172.0,172.0,259.0,199.5,0.020579757252551355,3,2
random,400,1,91,262.0,280.0,300.0,300.0,284.0,284.0,284.0,199.5,0.020579757252551355,3,2
random,400,1,92,168.0,216.0,172.0,172.0,211.0,211.0,182.0,199.5,0.020579757252551355,3,2
random,400,1,93,28.0,88.0,57.0,58.0,70.0,70.0,30.0,199.5,0.020579757252551355,3,2
random,400,1,94,262.0,320.0,270.0,265.0,318.0,318.0,266.0,199.5,0.020579757252551355,3,2
random,400,1,95,76.0,63.0,73.0,69.0,68.0,68.0,97.0,199.5,0.020579757252551355,3,2
random,400,1,96,49.0,59.0,52.0,53.0,57.0,57.0,66.0,199.5,0.020579757252551355,3,2
random,400,1,97,262.0,329.0,267.0,262.0,328.0,328.0,263.0,199.5,0.020579757252551355,3,2
random,400,1,98,49.0,73.0,72.0,73.0,74.0,74.0,64.0,199.5,0.020579757252551355,3,2
random,400,1,99,322.0,370.0,317.0,319.0,371.0,371.0,323.0,199.5,0.020579757252551355,3,2
random,400,1,100,28.0,29.0,28.0,27.0,30.0,30.0,42.0,199.5,0.020579757252551355,3,2
random,400,1,101,209.0,265.0,271.0,275.0,265.0,265.0,236.0,199.5,0.020579757252551355,3,2
random,400,1,102,209.0,287.0,209.0,204.0,283.0,283.0,214.0,199.5,0.020579757252551355,3,2
random,400,1,103,322.0,338.0,341.0,342.0,340.0,340.0,345.0,199.5,0.020579757252551355,3,2
random,400,1,104,322.0,343.0,352.0,353.0,345.0,345.0,341.0,199.5,0.020579757252551355,3,2
random,400,1,105,262.0,302.0,290.0,298.0,301.0,301.0,289.0,199.5,0.020579757252551355,3,2
random,400,1,106,322.0,363.0,345.0,348.0,361.0,361.0,332.0,199.5,0.020579757252551355,3,2
random,400,1,107,10.0,18.0,16.0,15.0,16.0,16.0,13.0,199.5,0.020579757252551355,3,2
random,400,1,108,76.0,124.0,91.0,90.0,122.0,122.0,88.0,199.5,0.020579757252551355,3,2
random,400,1,109,28.0,30.0,31.0,31.0,32.0,32.0,40.0,199.5,0.020579757252551355,3,2
random,400,1,110,49.0,61.0,43.0,40.0,55.0,55.0,62.0,199.5,0.020579757252551355,3,2
random,400,1,111,49.0,52.0,102.0,104.0,54.0,54.0,74.0,199.5,0.020579757252551355,3,2
random,400,1,112,322.0,317.0,335.0,339.0,319.0,319.0,354.0,199.5,0.020579757252551355,3,2
random,400,1,113,262.0,292.0,281.0,277.0,295.0,295.0,285.0,199.5,0.020579757252551355,3,2
random,400,1,114,119.0,178.0,144.0,136.0,178.0,178.0,128.0,199.5,0.020579757252551355,3,2
random,400,1,115,209.0,129.0,210.0,211.0,143.0,143.0,258.0,199.5,0.020579757252551355,3,2
random,400,1,116,119.0,198.0,141.0,140.0,192.0,192.0,123.0,199.5,0.020579757252551355,3,2
random,400,1,117,18.0,36.0,15.0,13.0,31.0,31.0,19.0,199.5,0.020579757252551355,3,2
random,400,1,118,262.0,289.0,287.0,285.0,290.0,290.0,280.0,199.5,0.020579757252551355,3,2
random,400,1,119,322.0,364.0,351.0,352.0,358.0,358.0,335.0,199.5,0.020579757252551355,3,2
random,400,1,120,119.0,176.0,146.0,146.0,165.0,165.0,140.0,199.5,0.020579757252551355,3,2
random,400,1,121,322.0,308.0,350.0,350.0,312.0,312.0,355.0,199.5,0.020579757252551355,3,2
random,400,1,122,76.0,69.0,132.0,126.0,75.0,75.0,113.0,199.5,0.020579757252551355,3,2
random,400,1,123,119.0,120.0,186.0,191.0,125.0,125.0,164.0,199.5,0.020579757252551355,3,2
random,400,1,124,209.0,212.0,220.0,219.0,216.0,216.0,237.0,199.5,0.020579757252551355,3,2
random,400,1,125,209.0,266.0,236.0,237.0,267.0,267.0,221.0,199.5,0.020579757252551355,3,2
random,400,1,126,6.0,6.0,6.0,6.0,6.0,6.0,7.0,199.5,0.020579757252551355,3,2
random,400,1,127,262.0,329.0,309.0,309.0,331.0,331.0,269.0,199.5,0.020579757252551355,3,2
random,400,1,128,76.0,109.0,118.0,112.0,111.0,111.0,93.0,199.5,0.020579757252551355,3,2
random,400,1,129,262.0,289.0,338.0,337.0,292.0,292.0,306.0,199.5,0.020579757252551355,3,2
random,400,1,130,119.0,182.0,38.0,34.0,177.0,177.0,79.0,199.5,0.020579757252551355,3,2
random,400,1,131,322.0,352.0,371.0,371.0,351.0,351.0,351.0,199.5,0.020579757252551355,3,2
random,400,1,132,76.0,118.0,71.0,66.0,111.0,111.0,82.0,199.5,0.020579757252551355,3,2
random,400,1,133,209.0,230.0,227.0,228.0,229.0,229.0,240.0,199.5,0.020579757252551355,3,2
random,400,1,134,209.0,187.0,234.0,241.0,197.0,197.0,243.0,199.5,0.020579757252551355,3,2
random,400,1,135,262.0,294.0,239.0,239.0,293.0,293.0,267.0,199.5,0.020579757252551355,3,2
random,400,1,136,168.0,156.0,174.0,173.0,160.0,160.0,194.0,199.5,0.020579757252551355,3,2
random,400,1,137,76.0,128.0,113.0,109.0,129.0,129.0,99.0,199.5,0.020579757252551355,3,2
random,400,1,138,168.0,190.0,155.0,155.0,191.0,191.0,180.0,199.5,0.020579757252551355,3,2
random,400,1,139,209.0,138.0,278.0,281.0,152.0,152.0,261.0,199.5,0.020579757252551355,3,2
random,400,1,140,262.0,317.0,315.0,318.0,314.0,314.0,298.0,199.5,0.020579757252551355,3,2
random,400,1,141,322.0,331.0,337.0,335.0,338.0,338.0,336.0,199.5,0.020579757252551355,3,2
random,400,1,142,322.0,370.0,358.0,360.0,369.0,369.0,339.0,199.5,0.020579757252551355,3,2
random,400,1,143,119.0,148.0,149.0,145.0,146.0,146.0,151.0,199.5,0.020579757252551355,3,2
random,400,1,144,209.0,232.0,244.0,249.0,242.0,242.0,228.0,199.5,0.020579757252551355,3,2
random,400,1,145,322.0,353.0,327.0,326.0,353.0,353.0,328.0,199.5,0.020579757252551355,3,2
random,400,1,146,262.0,331.0,286.0,283.0,334.0,334.0,264.0,199.5,0.020579757252551355,3,2
random,400,1,147,209.0,216.0,256.0,257.0,223.0,223.0,249.0,199.5,0.020579757252551355,3,2
random,400,1,148,76.0,114.0,95.0,93.0,119.0,119.0,87.0,199.5,0.020579757252551355,3,2
random,400,1,149,119.0,227.0,87.0,85.0,213.0,213.0,116.0,199.5,0.020579757252551355,3,2
random,400,1,150,168.0,196.0,208.0,206.0,193.0,193.0,197.0,199.5,0.020579757252551355,3,2
random,400,1,151,322.0,336.0,322.0,317.0,339.0,339.0,329.0,199.5,0.020579757252551355,3,2
random,400,1,152,262.0,280.0,301.0,297.0,279.0,279.0,300.0,199.5,0.020579757252551355,3,2
random,400,1,153,262.0,293.0,302.0,302.0,293.0,293.0,293.0,199.5,0.020579757252551355,3,2
random,400,1,154,6.0,7.0,14.0,16.0,7.0,7.0,9.0,199.5,0.020579757252551355,3,2
random,400,1,155,76.0,55.0,99.0,99.0,69.0,69.0,103.0,199.5,0.020579757252551355,3,2
random,400,1,156,209.0,238.0,252.0,250.0,238.0,238.0,248.0,199.5,0.020579757252551355,3,2
random,400,1,157,361.0,364.0,356.0,358.0,366.0,366.0,373.0,199.5,0.020579757252551355,3,2
random,400,1,158,168.0,194.0,171.0,171.0,194.0,194.0,178.0,199.5,0.020579757252551355,3,2
random,400,1,159,119.0,132.0,136.0,135.0,137.0,137.0,145.0,199.5,0.020579757252551355,3,2
random,400,1,160,10.0,13.0,19.0,19.0,14.0,14.0,17.0,199.5,0.020579757252551355,3,2
random,400,1,161,119.0,190.0,195.0,195.0,181.0,181.0,144.0,199.5,0.020579757252551355,3,2
random,400,1,162,262.0,284.0,275.0,273.0,284.0,284.0,294.0,199.5,0.020579757252551355,3,2
random,400,1,163,322.0,313.0,328.0,329.0,316.0,316.0,349.0,199.5,0.020579757252551355,3,2
random,400,1,164,119.0,196.0,166.0,165.0,185.0,185.0,133.0,199.5,0.020579757252551355,3,2
random,400,1,165,361.0,389.0,362.0,361.0,387.0,387.0,364.0,199.5,0.020579757252551355,3,2
random,400,1,166,28.0,52.0,32.0,32.0,53.0,53.0,31.0,199.5,0.020579757252551355,3,2
random,400,1,167,322.0,378.0,344.0,343.0,378.0,378.0,326.0,199.5,0.020579757252551355,3,2
random,400,1,168,1.0,3.0,2.0,4.0,3.0,3.0,2.0,199.5,0.020579757252551355,3,2
random,400,1,169,49.0,16.0,68.0,74.0,18.0,18.0,78.0,199.5,0.020579757252551355,3,2
random,400,1,170,168.0,267.0,196.0,192.0,254.0,254.0,173.0,199.5,0.020579757252551355,3,2
random,400,1,171,76.0,132.0,75.0,67.0,131.0,131.0,75.0,199.5,0.020579757252551355,3,2
random,400,1,172,49.0,143.0,64.0,64.0,130.0,130.0,52.0,199.5,0.020579757252551355,3,2
random,400,1,173,76.0,205.0,93.0,94.0,182.0,182.0,76.0,199.5,0.020579757252551355,3,2
random,400,1,174,168.0,127.0,243.0,253.0,134.0,134.0,206.0,199.5,0.020579757252551355,3,2
random,400,1,175,262.0,309.0,205.0,205.0,304.0,304.0,262.0,199.5,0.020579757252551355,3,2
random,400,1,176,76.0,65.0,89.0,89.0,77.0,77.0,100.0,199.5,0.020579757252551355,3,2
random,400,1,177,119.0,94.0,131.0,139.0,107.0,107.0,141.0,199.5,0.020579757252551355,3,2
random,400,1,178,262.0,272.0,318.0,323.0,273.0,273.0,316.0,199.5,0.020579757252551355,3,2
random,400,1,179,361.0,361.0,378.0,377.0,364.0,364.0,380.0,199.5,0.020579757252551355,3,2
random,400,1,180,119.0,97.0,190.0,202.0,98.0,98.0,167.0,199.5,0.020579757252551355,3,2
random,400,1,181,119.0,158.0,117.0,113.0,156.0,156.0,129.0,199.5,0.020579757252551355,3,2
random,400,1,182,28.0,70.0,34.0,38.0,62.0,62.0,28.0,199.5,0.020579757252551355,3,2
random,400,1,183,168.0,164.0,179.0,181.0,166.0,166.0,198.0,199.5,0.020579757252551355,3,2
random,400,1,184,262.0,212.0,229.0,227.0,230.0,230.0,279.0,199.5,0.020579757252551355,3,2
random,400,1,185,119.0,140.0,153.0,156.0,137.0,137.0,158.0,199.5,0.020579757252551355,3,2
random,400,1,186,28.0,106.0,62.0,65.0,80.0,80.0,41.0,199.5,0.020579757252551355,3,2
random,400,1,187,209.0,145.0,238.0,245.0,156.0,156.0,260.0,199.5,0.020579757252551355,3,2
random,400,1,188,76.0,164.0,138.0,137.0,154.0,154.0,102.0,199.5,0.020579757252551355,3,2
random,400,1,189,262.0,170.0,283.0,286.0,187.0,187.0,319.0,199.5,0.020579757252551355,3,2
random,400,1,190,168.0,220.0,192.0,194.0,218.0,218.0,190.0,199.5,0.020579757252551355,3,2
random,400,1,191,361.0,378.0,385.0,382.0,380.0,380.0,368.0,199.5,0.020579757252551355,3,2
random,400,1,192,76.0,216.0,97.0,97.0,190.0,190.0,77.0,199.5,0.020579757252551355,3,2
random,400,1,193,119.0,164.0,139.0,133.0,168.0,168.0,126.0,199.5,0.020579757252551355,3,2
random,400,1,194,28.0,23.0,22.0,20.0,27.0,27.0,29.0,199.5,0.020579757252551355,3,2
random,400,1,195,262.0,313.0,312.0,307.0,315.0,315.0,271.0,199.5,0.020579757252551355,3,2
random,400,1,196,209.0,252.0,288.0,289.0,250.0,250.0,252.0,199.5,0.020579757252551355,3,2
random,400,1,197,209.0,267.0,274.0,272.0,267.0,267.0,231.0,199.5,0.020579757252551355,3,2
random,400,1,198,322.0,320.0,354.0,354.0,324.0,324.0,359.0,199.5,0.020579757252551355,3,2
random,400,1,199,119.0,220.0,156.0,154.0,206.0,206.0,130.0,199.5,0.020579757252551355,3,2
random,400,1,200,3.0,2.0,3.0,2.0,2.0,2.0,4.0,199.5,0.020579757252551355,3,2
random,400,1,201,119.0,182.0,142.0,141.0,175.0,175.0,138.0,199.5,0.020579757252551355,3,2
random,400,1,202,361.0,381.0,363.0,363.0,381.0,381.0,370.0,199.5,0.020579757252551355,3,2
random,400,1,203,361.0,355.0,373.0,374.0,357.0,357.0,379.0,199.5,0.020579757252551355,3,2
random,400,1,204,262.0,256.0,292.0,294.0,263.0,263.0,311.0,199.5,0.020579757252551355,3,2
random,400,1,205,322.0,280.0,339.0,338.0,287.0,287.0,356.0,199.5,0.020579757252551355,3,2
random,400,1,206,168.0,259.0,193.0,185.0,246.0,246.0,176.0,199.5,0.020579757252551355,3,2
random,400,1,207,49.0,35.0,46.0,46.0,34.0,34.0,71.0,199.5,0.020579757252551355,3,2
random,400,1,208,119.0,97.0,147.0,147.0,100.0,100.0,162.0,199.5,0.020579757252551355,3,2
random,400,1,209,399.0,399.0,399.0,399.0,399.0,399.0,399.0,199.5,0.020579757252551355,3,2
random,400,1,210,322.0,342.0,343.0,344.0,342.0,342.0,340.0,199.5,0.020579757252551355,3,2
random,400,1,211,209.0,233.0,264.0,269.0,236.0,236.0,247.0,199.5,0.020579757252551355,3,2
random,400,1,212,168.0,253.0,199.0,196.0,247.0,247.0,170.0,199.5,0.020579757252551355,3,2
random,400,1,213,262.0,241.0,295.0,292.0,251.0,251.0,304.0,199.5,0.020579757252551355,3,2
random,400,1,214,209.0,253.0,269.0,267.0,252.0,252.0,235.0,199.5,0.020579757252551355,3,2
random,400,1,215,209.0,225.0,217.0,216.0,227.0,227.0,234.0,199.5,0.020579757252551355,3,2
random,400,1,216,28.0,19.0,48.0,54.0,20.0,20.0,48.0,199.5,0.020579757252551355,3,2
random,400,1,217,396.0,397.0,398.0,398.0,397.0,397.0,397.0,199.5,0.020579757252551355,3,2
random,400,1,218,209.0,264.0,226.0,222.0,257.0,257.0,223.0,199.5,0.020579757252551355,3,2
random,400,1,219,209.0,235.0,257.0,258.0,236.0,236.0,241.0,199.5,0.020579757252551355,3,2
random,400,1,220,76.0,109.0,124.0,132.0,108.0,108.0,110.0,199.5,0.020579757252551355,3,2
random,400,1,221,262.0,289.0,308.0,311.0,291.0,291.0,291.0,199.5,0.020579757252551355,3,2
random,400,1,222,18.0,24.0,27.0,28.0,26.0,26.0,22.0,199.5,0.020579757252551355,3,2
random,400,1,223,262.0,309.0,336.0,336.0,308.0,308.0,303.0,199.5,0.020579757252551355,3,2
random,400,1,224,119.0,229.0,165.0,166.0,215.0,215.0,135.0,199.5,0.020579757252551355,3,2
random,400,1,225,119.0,81.0,125.0,130.0,81.0,81.0,160.0,199.5,0.020579757252551355,3,2
random,400,1,226,119.0,36.0,104.0,108.0,47.0,47.0,163.0,199.5,0.020579757252551355,3,2
random,400,1,227,76.0,114.0,115.0,116.0,113.0,113.0,106.0,199.5,0.020579757252551355,3,2
random,400,1,228,76.0,154.0,107.0,114.0,141.0,141.0,96.0,199.5,0.020579757252551355,3,2
random,400,1,229,322.0,357.0,334.0,333.0,356.0,356.0,337.0,199.5,0.020579757252551355,3,2
random,400,1,230,119.0,120.0,129.0,128.0,127.0,127.0,146.0,199.5,0.020579757252551355,3,2
random,400,1,231,262.0,225.0,313.0,310.0,241.0,241.0,314.0,199.5,0.020579757252551355,3,2
random,400,1,232,322.0,368.0,348.0,347.0,365.0,365.0,333.0,199.5,0.020579757252551355,3,2
random,400,1,233,262.0,323.0,304.0,299.0,322.0,322.0,283.0,199.5,0.020579757252551355,3,2
random,400,1,234,262.0,272.0,265.0,260.0,274.0,274.0,295.0,199.5,0.020579757252551355,3,2
random,400,1,235,322.0,298.0,330.0,330.0,302.0,302.0,347.0,199.5,0.020579757252551355,3,2
random,400,1,236,361.0,323.0,364.0,365.0,336.0,336.0,387.0,199.5,0.020579757252551355,3,2
random,400,1,237,168.0,294.0,188.0,183.0,282.0,282.0,168.0,199.5,0.020579757252551355,3,2
random,400,1,238,119.0,105.0,145.0,151.0,114.0,114.0,156.0,199.5,0.020579757252551355,3,2
random,400,1,239,322.0,299.0,325.0,325.0,305.0,305.0,350.0,199.5,0.020579757252551355,3,2
random,400,1,240,168.0,238.0,194.0,193.0,234.0,234.0,175.0,199.5,0.020579757252551355,3,2
random,400,1,241,361.0,372.0,381.0,380.0,373.0,373.0,381.0,199.5,0.020579757252551355,3,2
random,400,1,242,49.0,65.0,63.0,62.0,63.0,63.0,63.0,199.5,0.020579757252551355,3,2
random,400,1,243,3.0,11.0,5.0,5.0,8.0,8.0,3.0,199.5,0.020579757252551355,3,2
random,400,1,244,361.0,373.0,379.0,379.0,374.0,374.0,376.0,199.5,0.020579757252551355,3,2
random,400,1,245,119.0,168.0,130.0,120.0,163.0,163.0,136.0,199.5,0.020579757252551355,3,2
random,400,1,246,361.0,364.0,388.0,388.0,368.0,368.0,384.0,199.5,0.020579757252551355,3,2
random,400,1,247,322.0,302.0,329.0,327.0,309.0,309.0,357.0,199.5,0.020579757252551355,3,2
random,400,1,248,49.0,103.0,67.0,71.0,93.0,93.0,53.0,199.5,0.020579757252551355,3,2
random,400,1,249,209.0,301.0,253.0,251.0,297.0,297.0,218.0,199.5,0.020579757252551355,3,2
random,400,1,250,322.0,343.0,359.0,359.0,343.0,343.0,348.0,199.5,0.020579757252551355,3,2
random,400,1,251,76.0,164.0,123.0,124.0,150.0,150.0,91.0,199.5,0.020579757252551355,3,2
random,400,1,252,262.0,331.0,324.0,321.0,330.0,330.0,290.0,199.5,0.020579757252551355,3,2
random,400,1,253,322.0,368.0,320.0,316.0,363.0,363.0,324.0,199.5,0.020579757252551355,3,2
random,400,1,254,209.0,338.0,240.0,236.0,332.0,332.0,210.0,199.5,0.020579757252551355,3,2
random,400,1,255,168.0,200.0,163.0,160.0,207.0,207.0,169.0,199.5,0.020579757252551355,3,2
random,400,1,256,262.0,278.0,251.0,244.0,277.0,277.0,277.0,199.5,0.020579757252551355,3,2
random,400,1,257,28.0,20.0,20.0,21.0,23.0,23.0,36.0,199.5,0.020579757252551355,3,2
random,400,1,258,361.0,392.0,372.0,368.0,392.0,392.0,362.0,199.5,0.020579757252551355,3,2
random,400,1,259,18.0,61.0,37.0,35.0,51.0,51.0,21.0,199.5,0.020579757252551355,3,2
random,400,1,260,209.0,270.0,249.0,243.0,272.0,272.0,220.0,199.5,0.020579757252551355,3,2
random,400,1,261,361.0,355.0,376.0,376.0,359.0,359.0,382.0,199.5,0.020579757252551355,3,2
random,400,1,262,322.0,338.0,355.0,357.0,337.0,337.0,352.0,199.5,0.020579757252551355,3,2
random,400,1,263,209.0,172.0,261.0,268.0,183.0,183.0,255.0,199.5,0.020579757252551355,3,2
random,400,1,264,209.0,146.0,260.0,266.0,161.0,161.0,257.0,199.5,0.020579757252551355,3,2
random,400,1,265,76.0,40.0,105.0,106.0,48.0,48.0,119.0,199.5,0.020579757252551355,3,2
random,400,1,266,361.0,346.0,384.0,386.0,350.0,350.0,386.0,199.5,0.020579757252551355,3,2
random,400,1,267,28.0,50.0,41.0,48.0,43.0,43.0,44.0,199.5,0.020579757252551355,3,2
random,400,1,268,209.0,187.0,222.0,224.0,197.0,197.0,239.0,199.5,0.020579757252551355,3,2
random,400,1,269,322.0,345.0,347.0,345.0,344.0,344.0,338.0,199.5,0.020579757252551355,3,2
random,400,1,270,322.0,313.0,361.0,362.0,321.0,321.0,360.0,199.5,0.020579757252551355,3,2
random,400,1,271,262.0,320.0,298.0,295.0,317.0,317.0,281.0,199.5,0.020579757252551355,3,2
random,400,1,272,262.0,248.0,263.0,264.0,249.0,249.0,299.0,199.5,0.020579757252551355,3,2
random,400,1,273,361.0,362.0,387.0,385.0,367.0,367.0,385.0,199.5,0.020579757252551355,3,2
random,400,1,274,119.0,86.0,121.0,123.0,97.0,97.0,157.0,199.5,0.020579757252551355,3,2
random,400,1,275,209.0,278.0,241.0,233.0,278.0,278.0,215.0,199.5,0.020579757252551355,3,2
random,400,1,276,76.0,148.0,133.0,131.0,142.0,142.0,98.0,199.5,0.020579757252551355,3,2
random,400,1,277,209.0,262.0,246.0,247.0,263.0,263.0,222.0,199.5,0.020579757252551355,3,2
random,400,1,278,119.0,243.0,150.0,149.0,231.0,231.0,121.0,199.5,0.020579757252551355,3,2
random,400,1,279,168.0,106.0,187.0,190.0,117.0,117.0,204.0,199.5,0.020579757252551355,3,2
random,400,1,280,10.0,21.0,17.0,18.0,19.0,19.0,14.0,199.5,0.020579757252551355,3,2
random,400,1,281,168.0,187.0,223.0,229.0,189.0,189.0,200.0,199.5,0.020579757252551355,3,2
random,400,1,282,119.0,81.0,158.0,158.0,92.0,92.0,165.0,199.5,0.020579757252551355,3,2
random,400,1,283,262.0,326.0,310.0,313.0,325.0,325.0,278.0,199.5,0.020579757252551355,3,2
random,400,1,284,18.0,24.0,33.0,33.0,25.0,25.0,23.0,199.5,0.020579757252551355,3,2
random,400,1,285,76.0,70.0,85.0,88.0,72.0,72.0,107.0,199.5,0.020579757252551355,3,2
random,400,1,286,168.0,200.0,191.0,187.0,205.0,205.0,189.0,199.5,0.020579757252551355,3,2
random,400,1,287,76.0,86.0,78.0,70.0,90.0,90.0,90.0,199.5,0.020579757252551355,3,2
random,400,1,288,18.0,97.0,25.0,25.0,76.0,76.0,18.0,199.5,0.020579757252551355,3,2
random,400,1,289,10.0,16.0,12.0,12.0,17.0,17.0,12.0,199.5,0.020579757252551355,3,2
random,400,1,290,76.0,103.0,114.0,117.0,101.0,101.0,101.0,199.5,0.020579757252551355,3,2
random,400,1,291,10.0,15.0,9.0,9.0,15.0,15.0,11.0,199.5,0.020579757252551355,3,2
random,400,1,292,49.0,109.0,61.0,57.0,94.0,94.0,58.0,199.5,0.020579757252551355,3,2
random,400,1,293,209.0,317.0,214.0,210.0,306.0,306.0,211.0,199.5,0.020579757252551355,3,2
random,400,1,294,49.0,63.0,79.0,75.0,59.0,59.0,69.0,199.5,0.020579757252551355,3,2
random,400,1,295,168.0,178.0,207.0,208.0,180.0,180.0,202.0,199.5,0.020579757252551355,3,2
random,400,1,296,76.0,124.0,80.0,80.0,119.0,119.0,80.0,199.5,0.020579757252551355,3,2
random,400,1,297,28.0,65.0,55.0,56.0,64.0,64.0,33.0,199.5,0.020579757252551355,3,2
random,400,1,298,361.0,375.0,366.0,364.0,379.0,379.0,371.0,199.5,0.020579757252551355,3,2
random,400,1,299,168.0,172.0,154.0,150.0,169.0,169.0,179.0,199.5,0.020579757252551355,3,2
random,400,1,300,28.0,38.0,51.0,52.0,36.0,36.0,45.0,199.5,0.020579757252551355,3,2
random,400,1,301,76.0,118.0,82.0,83.0,104.0,104.0,83.0,199.5,0.020579757252551355,3,2
random,400,1,302,119.0,140.0,167.0,169.0,139.0,139.0,152.0,199.5,0.020579757252551355,3,2
random,400,1,303,168.0,162.0,198.0,198.0,172.0,172.0,199.0,199.5,0.020579757252551355,3,2
random,400,1,304,119.0,78.0,157.0,161.0,86.0,86.0,166.0,199.5,0.020579757252551355,3,2
random,400,1,305,209.0,170.0,211.0,214.0,174.0,174.0,251.0,199.5,0.020579757252551355,3,2
random,400,1,306,49.0,114.0,47.0,41.0,102.0,102.0,49.0,199.5,0.020579757252551355,3,2
random,400,1,307,76.0,132.0,122.0,122.0,126.0,126.0,105.0,199.5,0.020579757252551355,3,2
random,400,1,308,209.0,270.0,268.0,270.0,271.0,271.0,225.0,199.5,0.020579757252551355,3,2
random,400,1,309,361.0,390.0,382.0,381.0,389.0,389.0,365.0,199.5,0.020579757252551355,3,2
random,400,1,310,209.0,209.0,218.0,221.0,209.0,209.0,233.0,199.5,0.020579757252551355,3,2
random,400,1,311,49.0,81.0,45.0,42.0,71.0,71.0,59.0,199.5,0.020579757252551355,3,2
random,400,1,312,76.0,153.0,112.0,110.0,145.0,145.0,89.0,199.5,0.020579757252551355,3,2
random,400,1,313,396.0,398.0,396.0,396.0,398.0,398.0,396.0,199.5,0.020579757252551355,3,2
random,400,1,314,322.0,353.0,368.0,372.0,354.0,354.0,344.0,199.5,0.020579757252551355,3,2
random,400,1,315,168.0,184.0,183.0,186.0,183.0,183.0,187.0,199.5,0.020579757252551355,3,2
random,400,1,316,49.0,97.0,60.0,60.0,87.0,87.0,60.0,199.5,0.020579757252551355,3,2
random,400,1,317,119.0,88.0,126.0,125.0,98.0,98.0,148.0,199.5,0.020579757252551355,3,2
random,400,1,318,1.0,5.0,1.0,1.0,5.0,5.0,1.0,199.5,0.020579757252551355,3,2
random,400,1,319,262.0,326.0,316.0,315.0,329.0,329.0,286.0,199.5,0.020579757252551355,3,2
random,400,1,320,262.0,286.0,250.0,240.0,289.0,289.0,276.0,199.5,0.020579757252551355,3,2
random,400,1,321,361.0,385.0,367.0,366.0,384.0,384.0,366.0,199.5,0.020579757252551355,3,2
random,400,1,322,209.0,185.0,197.0,197.0,194.0,194.0,224.0,199.5,0.020579757252551355,3,2
random,400,1,323,28.0,34.0,26.0,23.0,33.0,33.0,34.0,199.5,0.020579757252551355,3,2
random,400,1,324,6.0,3.0,7.0,7.0,4.0,4.0,8.0,199.5,0.020579757252551355,3,2
random,400,1,325,28.0,73.0,58.0,59.0,66.0,66.0,37.0,199.5,0.020579757252551355,3,2
random,400,1,326,262.0,305.0,307.0,306.0,310.0,310.0,288.0,199.5,0.020579757252551355,3,2
random,400,1,327,209.0,220.0,204.0,201.0,220.0,220.0,227.0,199.5,0.020579757252551355,3,2
random,400,1,328,262.0,297.0,280.0,279.0,296.0,296.0,292.0,199.5,0.020579757252551355,3,2
random,400,1,329,119.0,94.0,143.0,144.0,102.0,102.0,155.0,199.5,0.020579757252551355,3,2
random,400,1,330,76.0,88.0,83.0,87.0,91.0,91.0,92.0,199.5,0.020579757252551355,3,2
random,400,1,331,361.0,351.0,370.0,370.0,355.0,355.0,375.0,199.5,0.020579757252551355,3,2
random,400,1,332,18.0,22.0,30.0,29.0,22.0,22.0,24.0,199.5,0.020579757252551355,3,2
random,400,1,333,209.0,176.0,230.0,231.0,186.0,186.0,250.0,199.5,0.020579757252551355,3,2
random,400,1,334,361.0,350.0,380.0,384.0,348.0,348.0,388.0,199.5,0.020579757252551355,3,2
random,400,1,335,76.0,73.0,90.0,86.0,82.0,82.0,94.0,199.5,0.020579757252551355,3,2
random,400,1,336,10.0,12.0,13.0,14.0,9.0,9.0,16.0,199.5,0.020579757252551355,3,2
random,400,1,337,49.0,73.0,56.0,50.0,78.0,78.0,57.0,199.5,0.020579757252551355,3,2
random,400,1,338,361.0,382.0,375.0,375.0,382.0,382.0,367.0,199.5,0.020579757252551355,3,2
random,400,1,339,49.0,46.0,70.0,81.0,44.0,44.0,73.0,199.5,0.020579757252551355,3,2
random,400,1,340,119.0,148.0,81.0,78.0,144.0,144.0,122.0,199.5,0.020579757252551355,3,2
random,400,1,341,28.0,40.0,42.0,47.0,40.0,40.0,39.0,199.5,0.020579757252551355,3,2
random,400,1,342,76.0,122.0,151.0,153.0,123.0,123.0,115.0,199.5,0.020579757252551355,3,2
random,400,1,343,209.0,205.0,215.0,212.0,208.0,208.0,244.0,199.5,0.020579757252551355,3,2
random,400,1,344,119.0,146.0,173.0,174.0,146.0,146.0,159.0,199.5,0.020579757252551355,3,2
random,400,1,345,168.0,272.0,206.0,207.0,269.0,269.0,172.0,199.5,0.020579757252551355,3,2
random,400,1,346,262.0,323.0,294.0,293.0,326.0,326.0,273.0,199.5,0.020579757252551355,3,2
random,400,1,347,262.0,253.0,291.0,291.0,260.0,260.0,305.0,199.5,0.020579757252551355,3,2
random,400,1,348,361.0,299.0,377.0,378.0,313.0,313.0,390.0,199.5,0.020579757252551355,3,2
random,400,1,349,28.0,43.0,39.0,44.0,39.0,39.0,46.0,199.5,0.020579757252551355,3,2
random,400,1,350,168.0,55.0,212.0,218.0,79.0,79.0,207.0,199.5,0.020579757252551355,3,2
random,400,1,351,49.0,55.0,69.0,79.0,60.0,60.0,65.0,199.5,0.020579757252551355,3,2
random,400,1,352,209.0,287.0,247.0,246.0,288.0,288.0,216.0,199.5,0.020579757252551355,3,2
random,400,1,353,322.0,337.0,332.0,332.0,341.0,341.0,342.0,199.5,0.020579757252551355,3,2
random,400,1,354,262.0,312.0,266.0,263.0,306.0,306.0,270.0,199.5,0.020579757252551355,3,2
random,400,1,355,209.0,243.0,184.0,182.0,243.0,243.0,217.0,199.5,0.020579757252551355,3,2
random,400,1,356,262.0,256.0,321.0,324.0,266.0,266.0,315.0,199.5,0.020579757252551355,3,2
random,400,1,357,262.0,280.0,284.0,288.0,280.0,280.0,296.0,199.5,0.020579757252551355,3,2
random,400,1,358,119.0,156.0,128.0,121.0,153.0,153.0,134.0,199.5,0.020579757252551355,3,2
random,400,1,359,262.0,200.0,282.0,282.0,225.0,225.0,310.0,199.5,0.020579757252551355,3,2
random,400,1,360,76.0,106.0,108.0,105.0,109.0,109.0,95.0,199.5,0.020579757252551355,3,2
random,400,1,361,209.0,200.0,258.0,256.0,209.0,209.0,245.0,199.5,0.020579757252551355,3,2
random,400,1,362,262.0,205.0,272.0,276.0,224.0,224.0,309.0,199.5,0.020579757252551355,3,2
random,400,1,363,119.0,130.0,175.0,176.0,135.0,135.0,161.0,199.5,0.020579757252551355,3,2
random,400,1,364,168.0,109.0,213.0,217.0,124.0,124.0,205.0,199.5,0.020579757252551355,3,2
random,400,1,365,168.0,237.0,203.0,209.0,228.0,228.0,192.0,199.5,0.020579757252551355,3,2
random,400,1,366,209.0,334.0,228.0,220.0,327.0,327.0,208.0,199.5,0.020579757252551355,3,2
random,400,1,367,76.0,51.0,119.0,138.0,56.0,56.0,118.0,199.5,0.020579757252551355,3,2
random,400,1,368,49.0,48.0,66.0,68.0,49.0,49.0,67.0,199.5,0.020579757252551355,3,2
random,400,1,369,262.0,277.0,254.0,254.0,275.0,275.0,282.0,199.5,0.020579757252551355,3,2
random,400,1,370,49.0,44.0,92.0,95.0,41.0,41.0,68.0,199.5,0.020579757252551355,3,2
random,400,1,371,168.0,97.0,159.0,163.0,115.0,115.0,201.0,199.5,0.020579757252551355,3,2
random,400,1,372,76.0,70.0,88.0,92.0,67.0,67.0,111.0,199.5,0.020579757252551355,3,2
random,400,1,373,168.0,154.0,180.0,180.0,164.0,164.0,196.0,199.5,0.020579757252551355,3,2
random,400,1,374,76.0,32.0,74.0,72.0,37.0,37.0,112.0,199.5,0.020579757252551355,3,2
random,400,1,375,361.0,391.0,360.0,356.0,391.0,391.0,363.0,199.5,0.020579757252551355,3,2
random,400,1,376,262.0,198.0,276.0,274.0,219.0,219.0,308.0,199.5,0.020579757252551355,3,2
random,400,1,377,76.0,114.0,135.0,134.0,118.0,118.0,104.0,199.5,0.020579757252551355,3,2
random,400,1,378,168.0,223.0,221.0,223.0,221.0,221.0,195.0,199.5,0.020579757252551355,3,2
random,400,1,379,262.0,233.0,273.0,271.0,244.0,244.0,297.0,199.5,0.020579757252551355,3,2
random,400,1,380,119.0,96.0,109.0,111.0,109.0,109.0,149.0,199.5,0.020579757252551355,3,2
random,400,1,381,168.0,143.0,161.0,157.0,151.0,151.0,188.0,199.5,0.020579757252551355,3,2
random,400,1,382,76.0,78.0,103.0,101.0,82.0,82.0,109.0,199.5,0.020579757252551355,3,2
random,400,1,383,209.0,260.0,259.0,259.0,255.0,255.0,238.0,199.5,0.020579757252551355,3,2
random,400,1,384,168.0,175.0,177.0,175.0,176.0,176.0,191.0,199.5,0.020579757252551355,3,2
random,400,1,385,262.0,275.0,224.0,226.0,276.0,276.0,265.0,199.5,0.020579757252551355,3,2
random,400,1,386,322.0,309.0,314.0,314.0,311.0,311.0,346.0,199.5,0.020579757252551355,3,2
random,400,1,387,322.0,357.0,333.0,331.0,352.0,352.0,330.0,199.5,0.020579757252551355,3,2
random,400,1,388,18.0,9.0,21.0,22.0,13.0,13.0,26.0,199.5,0.020579757252551355,3,2
random,400,1,389,262.0,335.0,305.0,305.0,333.0,333.0,272.0,199.5,0.020579757252551355,3,2
random,400,1,390,262.0,249.0,277.0,278.0,258.0,258.0,302.0,199.5,0.020579757252551355,3,2
random,400,1,391,76.0,55.0,44.0,43.0,65.0,65.0,85.0,199.5,0.020579757252551355,3,2
random,400,1,392,168.0,190.0,140.0,142.0,188.0,188.0,171.0,199.5,0.020579757252551355,3,2
random,400,1,393,391.0,383.0,392.0,392.0,385.0,385.0,394.0,199.5,0.020579757252551355,3,2
random,400,1,394,18.0,7.0,18.0,17.0,10.0,10.0,25.0,199.5,0.020579757252551355,3,2
random,400,1,395,209.0,241.0,248.0,248.0,238.0,238.0,246.0,199.5,0.020579757252551355,3,2
random,400,1,396,361.0,348.0,357.0,355.0,347.0,347.0,377.0,199.5,0.020579757252551355,3,2
random,400,1,397,209.0,231.0,201.0,199.0,233.0,233.0,226.0,199.5,0.020579757252551355,3,2
random,400,1,398,262.0,338.0,303.0,304.0,335.0,335.0,274.0,199.5,0.020579757252551355,3,2
random,400,1,399,18.0,30.0,23.0,24.0,29.0,29.0,20.0,199.5,0.020579757252551355,3,2
random,400,2,0,216.0,348.0,194.0,189.0,339.0,339.0,202.0,199.5,0.016891887953807444,3,1
random,400,2,1,329.0,333.0,343.0,347.0,331.0,331.0,353.0,199.5,0.016891887953807444,3,1
random,400,2,2,329.0,245.0,330.0,329.0,263.0,263.0,360.0,199.5,0.016891887953807444,3,1
random,400,2,3,106.0,108.0,127.0,123.0,121.0,121.0,122.0,199.5,0.016891887953807444,3,1
random,400,2,4,155.0,210.0,239.0,234.0,212.0,212.0,196.0,199.5,0.016891887953807444,3,1
random,400,2,5,155.0,214.0,192.0,192.0,208.0,208.0,184.0,199.5,0.016891887953807444,3,1
random,400,2,6,365.0,386.0,373.0,375.0,384.0,384.0,369.0,199.5,0.016891887953807444,3,1
random,400,2,7,216.0,284.0,300.0,303.0,282.0,282.0,264.0,199.5,0.016891887953807444,3,1
random,400,2,8,155.0,270.0,203.0,200.0,260.0,260.0,177.0,199.5,0.016891887953807444,3,1
random,400,2,9,41.0,76.0,46.0,41.0,75.0,75.0,54.0,199.5,0.016891887953807444,3,1
random,400,2,10,106.0,172.0,181.0,183.0,166.0,166.0,134.0,199.5,0.016891887953807444,3,1
random,400,2,11,365.0,372.0,377.0,377.0,375.0,375.0,376.0,199.5,0.016891887953807444,3,1
random,400,2,12,41.0,96.0,51.0,47.0,89.0,89.0,45.0,199.5,0.016891887953807444,3,1
random,400,2,13,155.0,284.0,207.0,206.0,277.0,277.0,161.0,199.5,0.016891887953807444,3,1
random,400,2,14,41.0,45.0,74.0,75.0,48.0,48.0,69.0,199.5,0.016891887953807444,3,1
random,400,2,15,41.0,133.0,110.0,112.0,123.0,123.0,51.0,199.5,0.016891887953807444,3,1
random,400,2,16,15.0,20.0,18.0,19.0,19.0,19.0,22.0,199.5,0.016891887953807444,3,1
random,400,2,17,281.0,226.0,302.0,308.0,232.0,232.0,327.0,199.5,0.016891887953807444,3,1
random,400,2,18,106.0,76.0,146.0,153.0,83.0,83.0,148.0,199.5,0.016891887953807444,3,1
random,400,2,19,384.0,356.0,387.0,388.0,361.0,361.0,395.0,199.5,0.016891887953807444,3,1
random,400,2,20,41.0,29.0,41.0,44.0,37.0,37.0,65.0,199.5,0.016891887953807444,3,1
random,400,2,21,15.0,16.0,13.0,12.0,16.0,16.0,18.0,199.5,0.016891887953807444,3,1
random,400,2,22,281.0,247.0,318.0,321.0,258.0,258.0,324.0,199.5,0.016891887953807444,3,1
random,400,2,23,15.0,41.0,35.0,34.0,33.0,33.0,20.0,199.5,0.016891887953807444,3,1
random,400,2,24,106.0,158.0,174.0,175.0,151.0,151.0,144.0,199.5,0.016891887953807444,3,1
random,400,2,25,155.0,264.0,204.0,205.0,261.0,261.0,163.0,199.5,0.016891887953807444,3,1
random,400,2,26,75.0,66.0,104.0,105.0,67.0,67.0,92.0,199.5,0.016891887953807444,3,1
random,400,2,27,15.0,49.0,24.0,24.0,38.0,38.0,19.0,199.5,0.016891887953807444,3,1
random,400,2,28,281.0,325.0,277.0,276.0,323.0,323.0,288.0,199.5,0.016891887953807444,3,1
random,400,2,29,155.0,96.0,231.0,238.0,115.0,115.0,218.0,199.5,0.016891887953807444,3,1
random,400,2,30,329.0,377.0,335.0,335.0,376.0,376.0,333.0,199.5,0.016891887953807444,3,1
random,400,2,31,365.0,377.0,375.0,374.0,377.0,377.0,370.0,199.5,0.016891887953807444,3,1
random,400,2,32,329.0,350.0,311.0,304.0,352.0,352.0,329.0,199.5,0.016891887953807444,3,1
random,400,2,33,216.0,273.0,266.0,263.0,272.0,272.0,238.0,199.5,0.016891887953807444,3,1
random,400,2,34,329.0,312.0,350.0,351.0,316.0,316.0,358.0,199.5,0.016891887953807444,3,1
random,400,2,35,4.0,9.0,4.0,4.0,7.0,7.0,4.0,199.5,0.016891887953807444,3,1
random,400,2,36,216.0,237.0,273.0,272.0,236.0,236.0,271.0,199.5,0.016891887953807444,3,1
random,400,2,37,75.0,59.0,103.0,110.0,59.0,59.0,103.0,199.5,0.016891887953807444,3,1
random,400,2,38,106.0,112.0,126.0,129.0,125.0,125.0,129.0,199.5,0.016891887953807444,3,1
random,400,2,39,106.0,114.0,161.0,167.0,119.0,119.0,146.0,199.5,0.016891887953807444,3,1
random,400,2,40,106.0,122.0,145.0,146.0,127.0,127.0,139.0,199.5,0.016891887953807444,3,1
random,400,2,41,216.0,318.0,247.0,250.0,313.0,313.0,230.0,199.5,0.016891887953807444,3,1
random,400,2,42,27.0,35.0,36.0,36.0,36.0,36.0,36.0,199.5,0.016891887953807444,3,1
random,400,2,43,27.0,130.0,39.0,39.0,103.0,103.0,28.0,199.5,0.016891887953807444,3,1
random,400,2,44,216.0,291.0,288.0,294.0,288.0,288.0,253.0,199.5,0.016891887953807444,3,1
random,400,2,45,155.0,187.0,223.0,225.0,183.0,183.0,201.0,199.5,0.016891887953807444,3,1
random,400,2,46,155.0,214.0,213.0,220.0,207.0,207.0,197.0,199.5,0.016891887953807444,3,1
random,400,2,47,27.0,41.0,28.0,28.0,41.0,41.0,31.0,199.5,0.016891887953807444,3,1
random,400,2,48,216.0,332.0,281.0,284.0,324.0,324.0,226.0,199.5,0.016891887953807444,3,1
random,400,2,49,41.0,69.0,66.0,72.0,67.0,67.0,64.0,199.5,0.016891887953807444,3,1
random,400,2,50,75.0,128.0,94.0,92.0,120.0,120.0,87.0,199.5,0.016891887953807444,3,1
random,400,2,51,216.0,265.0,245.0,247.0,267.0,267.0,231.0,199.5,0.016891887953807444,3,1
random,400,2,52,4.0,6.0,6.0,6.0,5.0,5.0,5.0,199.5,0.016891887953807444,3,1
random,400,2,53,41.0,126.0,81.0,81.0,103.0,103.0,58.0,199.5,0.016891887953807444,3,1
random,400,2,54,41.0,30.0,90.0,90.0,34.0,34.0,75.0,199.5,0.016891887953807444,3,1
random,400,2,55,41.0,63.0,47.0,42.0,60.0,60.0,59.0,199.5,0.016891887953807444,3,1
random,400,2,56,281.0,286.0,333.0,334.0,292.0,292.0,310.0,199.5,0.016891887953807444,3,1
random,400,2,57,155.0,222.0,225.0,230.0,215.0,215.0,191.0,199.5,0.016891887953807444,3,1
random,400,2,58,281.0,296.0,367.0,369.0,299.0,299.0,328.0,199.5,0.016891887953807444,3,1
random,400,2,59,281.0,183.0,307.0,309.0,202.0,202.0,326.0,199.5,0.016891887953807444,3,1
random,400,2,60,281.0,273.0,305.0,307.0,281.0,281.0,313.0,199.5,0.016891887953807444,3,1
random,400,2,61,216.0,240.0,227.0,227.0,246.0,246.0,245.0,199.5,0.016891887953807444,3,1
random,400,2,62,281.0,350.0,317.0,315.0,350.0,350.0,292.0,199.5,0.016891887953807444,3,1
random,400,2,63,10.0,19.0,10.0,10.0,18.0,18.0,11.0,199.5,0.016891887953807444,3,1
random,400,2,64,384.0,395.0,389.0,392.0,395.0,395.0,386.0,199.5,0.016891887953807444,3,1
random,400,2,65,281.0,278.0,325.0,322.0,285.0,285.0,312.0,199.5,0.016891887953807444,3,1
random,400,2,66,216.0,256.0,259.0,264.0,253.0,253.0,257.0,199.5,0.016891887953807444,3,1
random,400,2,67,329.0,318.0,356.0,354.0,326.0,326.0,354.0,199.5,0.016891887953807444,3,1
random,400,2,68,216.0,208.0,228.0,228.0,216.0,216.0,263.0,199.5,0.016891887953807444,3,1
random,400,2,69,106.0,144.0,121.0,124.0,146.0,146.0,117.0,199.5,0.016891887953807444,3,1
random,400,2,70,2.0,1.0,1.0,1.0,1.0,1.0,3.0,199.5,0.016891887953807444,3,1
random,400,2,71,155.0,206.0,173.0,170.0,199.0,199.0,171.0,199.5,0.016891887953807444,3,1
random,400,2,72,15.0,83.0,19.0,18.0,69.0,69.0,12.0,199.5,0.016891887953807444,3,1
random,400,2,73,216.0,240.0,222.0,213.0,249.0,249.0,227.0,199.5,0.016891887953807444,3,1
random,400,2,74,41.0,32.0,69.0,66.0,39.0,39.0,68.0,199.5,0.016891887953807444,3,1
random,400,2,75,329.0,324.0,342.0,341.0,327.0,327.0,348.0,199.5,0.016891887953807444,3,1
random,400,2,76,155.0,194.0,163.0,162.0,191.0,191.0,178.0,199.5,0.016891887953807444,3,1
random,400,2,77,281.0,357.0,291.0,282.0,353.0,353.0,287.0,199.5,0.016891887953807444,3,1
random,400,2,78,281.0,342.0,296.0,292.0,340.0,340.0,286.0,199.5,0.016891887953807444,3,1
random,400,2,79,329.0,322.0,359.0,359.0,319.0,319.0,359.0,199.5,0.016891887953807444,3,1
random,400,2,80,329.0,325.0,352.0,350.0,332.0,332.0,341.0,199.5,0.016891887953807444,3,1
random,400,2,81,155.0,229.0,178.0,179.0,220.0,220.0,170.0,199.5,0.016891887953807444,3,1
random,400,2,82,329.0,312.0,351.0,355.0,318.0,318.0,357.0,199.5,0.016891887953807444,3,1
random,400,2,83,216.0,273.0,196.0,185.0,275.0,275.0,223.0,199.5,0.016891887953807444,3,1
random,400,2,84,155.0,188.0,166.0,164.0,188.0,188.0,166.0,199.5,0.016891887953807444,3,1
random,400,2,85,1.0,2.0,2.0,2.0,2.0,2.0,1.0,199.5,0.016891887953807444,3,1
random,400,2,86,396.0,399.0,397.0,397.0,399.0,399.0,396.0,199.5,0.016891887953807444,3,1
random,400,2,87,400.0,400.0,400.0,400.0,400.0,400.0,400.0,199.5,0.016891887953807444,3,1
random,400,2,88,329.0,334.0,346.0,346.0,337.0,337.0,345.0,199.5,0.016891887953807444,3,1
random,400,2,89,384.0,380.0,394.0,394.0,380.0,380.0,394.0,199.5,0.016891887953807444,3,1
random,400,2,90,281.0,265.0,290.0,286.0,272.0,272.0,296.0,199.5,0.016891887953807444,3,1
random,400,2,91,396.0,392.0,398.0,398.0,394.0,394.0,398.0,199.5,0.016891887953807444,3,1
random,400,2,92,216.0,308.0,243.0,233.0,296.0,296.0,233.0,199.5,0.016891887953807444,3,1
random,400,2,93,216.0,283.0,263.0,260.0,286.0,286.0,225.0,199.5,0.016891887953807444,3,1
random,400,2,94,281.0,279.0,297.0,293.0,284.0,284.0,307.0,199.5,0.016891887953807444,3,1
random,400,2,95,27.0,93.0,30.0,29.0,79.0,79.0,27.0,199.5,0.016891887953807444,3,1
random,400,2,96,216.0,205.0,216.0,212.0,206.0,206.0,251.0,199.5,0.016891887953807444,3,1
random,400,2,97,41.0,69.0,40.0,45.0,65.0,65.0,53.0,199.5,0.016891887953807444,3,1
random,400,2,98,41.0,114.0,38.0,37.0,100.0,100.0,41.0,199.5,0.016891887953807444,3,1
random,400,2,99,106.0,150.0,140.0,148.0,149.0,149.0,131.0,199.5,0.016891887953807444,3,1
random,400,2,100,281.0,265.0,331.0,331.0,280.0,280.0,314.0,199.5,0.016891887953807444,3,1
random,400,2,101,106.0,148.0,122.0,119.0,145.0,145.0,130.0,199.5,0.016891887953807444,3,1
random,400,2,102,27.0,24.0,25.0,23.0,26.0,26.0,33.0,199.5,0.016891887953807444,3,1
random,400,2,103,384.0,396.0,393.0,391.0,396.0,396.0,385.0,199.5,0.016891887953807444,3,1
random,400,2,104,15.0,22.0,23.0,25.0,20.0,20.0,21.0,199.5,0.016891887953807444,3,1
random,400,2,105,41.0,73.0,96.0,96.0,70.0,70.0,66.0,199.5,0.016891887953807444,3,1
random,400,2,106,106.0,176.0,107.0,104.0,167.0,167.0,111.0,199.5,0.016891887953807444,3,1
random,400,2,107,106.0,189.0,129.0,121.0,179.0,179.0,115.0,199.5,0.016891887953807444,3,1
random,400,2,108,41.0,100.0,56.0,57.0,101.0,101.0,42.0,199.5,0.016891887953807444,3,1
random,400,2,109,396.0,398.0,399.0,399.0,398.0,398.0,397.0,199.5,0.016891887953807444,3,1
random,400,2,110,2.0,4.0,3.0,3.0,4.0,4.0,2.0,199.5,0.016891887953807444,3,1
random,400,2,111,384.0,384.0,388.0,387.0,388.0,388.0,391.0,199.5,0.016891887953807444,3,1
random,400,2,112,281.0,306.0,279.0,279.0,303.0,303.0,294.0,199.5,0.016891887953807444,3,1
random,400,2,113,27.0,41.0,45.0,48.0,35.0,35.0,38.0,199.5,0.016891887953807444,3,1
random,400,2,114,329.0,374.0,354.0,356.0,371.0,371.0,334.0,199.5,0.016891887953807444,3,1
random,400,2,115,75.0,73.0,99.0,100.0,78.0,78.0,96.0,199.5,0.016891887953807444,3,1
random,400,2,116,6.0,11.0,9.0,9.0,10.0,10.0,9.0,199.5,0.016891887953807444,3,1
random,400,2,117,106.0,45.0,143.0,158.0,53.0,53.0,152.0,199.5,0.016891887953807444,3,1
random,400,2,118,365.0,379.0,369.0,367.0,379.0,379.0,373.0,199.5,0.016891887953807444,3,1
random,400,2,119,216.0,256.0,229.0,223.0,257.0,257.0,236.0,199.5,0.016891887953807444,3,1
random,400,2,120,216.0,308.0,261.0,258.0,308.0,308.0,219.0,199.5,0.016891887953807444,3,1
random,400,2,121,216.0,251.0,198.0,195.0,255.0,255.0,222.0,199.5,0.016891887953807444,3,1
random,400,2,122,27.0,112.0,32.0,33.0,95.0,95.0,30.0,199.5,0.016891887953807444,3,1
random,400,2,123,155.0,183.0,244.0,249.0,175.0,175.0,216.0,199.5,0.016891887953807444,3,1
random,400,2,124,155.0,189.0,208.0,207.0,191.0,191.0,192.0,199.5,0.016891887953807444,3,1
random,400,2,125,106.0,101.0,91.0,84.0,110.0,110.0,123.0,199.5,0.016891887953807444,3,1
random,400,2,126,106.0,132.0,152.0,151.0,131.0,131.0,138.0,199.5,0.016891887953807444,3,1
random,400,2,127,216.0,258.0,271.0,274.0,259.0,259.0,259.0,199.5,0.016891887953807444,3,1
random,400,2,128,384.0,383.0,386.0,385.0,385.0,385.0,390.0,199.5,0.016891887953807444,3,1
random,400,2,129,75.0,76.0,100.0,101.0,80.0,80.0,93.0,199.5,0.016891887953807444,3,1
random,400,2,130,216.0,273.0,248.0,248.0,269.0,269.0,246.0,199.5,0.016891887953807444,3,1
random,400,2,131,106.0,114.0,131.0,126.0,114.0,114.0,136.0,199.5,0.016891887953807444,3,1
random,400,2,132,281.0,343.0,322.0,325.0,342.0,342.0,297.0,199.5,0.016891887953807444,3,1
random,400,2,133,216.0,235.0,209.0,210.0,234.0,234.0,235.0,199.5,0.016891887953807444,3,1
random,400,2,134,281.0,214.0,284.0,291.0,231.0,231.0,316.0,199.5,0.016891887953807444,3,1
random,400,2,135,216.0,198.0,258.0,255.0,195.0,195.0,274.0,199.5,0.016891887953807444,3,1
random,400,2,136,216.0,114.0,253.0,253.0,136.0,136.0,280.0,199.5,0.016891887953807444,3,1
random,400,2,137,155.0,169.0,201.0,198.0,171.0,171.0,199.0,199.5,0.016891887953807444,3,1
random,400,2,138,365.0,352.0,372.0,372.0,357.0,357.0,379.0,199.5,0.016891887953807444,3,1
random,400,2,139,106.0,85.0,177.0,178.0,86.0,86.0,153.0,199.5,0.016891887953807444,3,1
random,400,2,140,216.0,214.0,257.0,252.0,224.0,224.0,258.0,199.5,0.016891887953807444,3,1
random,400,2,141,329.0,325.0,363.0,362.0,329.0,329.0,356.0,199.5,0.016891887953807444,3,1
random,400,2,142,281.0,339.0,274.0,271.0,334.0,334.0,284.0,199.5,0.016891887953807444,3,1
random,400,2,143,75.0,120.0,113.0,111.0,118.0,118.0,85.0,199.5,0.016891887953807444,3,1
random,400,2,144,75.0,35.0,105.0,109.0,44.0,44.0,107.0,199.5,0.016891887953807444,3,1
random,400,2,145,106.0,80.0,84.0,85.0,84.0,84.0,127.0,199.5,0.016891887953807444,3,1
random,400,2,146,329.0,336.0,338.0,336.0,338.0,338.0,344.0,199.5,0.016891887953807444,3,1
random,400,2,147,75.0,39.0,68.0,69.0,46.0,46.0,100.0,199.5,0.016891887953807444,3,1
random,400,2,148,365.0,381.0,376.0,376.0,381.0,381.0,375.0,199.5,0.016891887953807444,3,1
random,400,2,149,106.0,51.0,123.0,133.0,58.0,58.0,150.0,199.5,0.016891887953807444,3,1
random,400,2,150,106.0,73.0,109.0,108.0,80.0,80.0,137.0,199.5,0.016891887953807444,3,1
random,400,2,151,384.0,382.0,395.0,395.0,383.0,383.0,393.0,199.5,0.016891887953807444,3,1
random,400,2,152,106.0,176.0,159.0,154.0,170.0,170.0,125.0,199.5,0.016891887953807444,3,1
random,400,2,153,41.0,18.0,42.0,43.0,21.0,21.0,73.0,199.5,0.016891887953807444,3,1
random,400,2,154,281.0,339.0,298.0,297.0,332.0,332.0,293.0,199.5,0.016891887953807444,3,1
random,400,2,155,155.0,202.0,191.0,191.0,201.0,201.0,180.0,199.5,0.016891887953807444,3,1
random,400,2,156,27.0,69.0,22.0,20.0,64.0,64.0,29.0,199.5,0.016891887953807444,3,1
random,400,2,157,329.0,375.0,347.0,348.0,374.0,374.0,335.0,199.5,0.016891887953807444,3,1
random,400,2,158,365.0,370.0,379.0,379.0,370.0,370.0,377.0,199.5,0.016891887953807444,3,1
random,400,2,159,155.0,206.0,186.0,182.0,204.0,204.0,181.0,199.5,0.016891887953807444,3,1
random,400,2,160,75.0,26.0,88.0,95.0,31.0,31.0,98.0,199.5,0.016891887953807444,3,1
random,400,2,161,6.0,3.0,5.0,5.0,3.0,3.0,8.0,199.5,0.016891887953807444,3,1
random,400,2,162,329.0,367.0,365.0,365.0,368.0,368.0,346.0,199.5,0.016891887953807444,3,1
random,400,2,163,106.0,51.0,139.0,143.0,56.0,56.0,154.0,199.5,0.016891887953807444,3,1
random,400,2,164,216.0,253.0,238.0,240.0,254.0,254.0,232.0,199.5,0.016891887953807444,3,1
random,400,2,165,281.0,311.0,313.0,311.0,312.0,312.0,300.0,199.5,0.016891887953807444,3,1
random,400,2,166,365.0,389.0,380.0,381.0,389.0,389.0,371.0,199.5,0.016891887953807444,3,1
random,400,2,167,155.0,101.0,130.0,134.0,122.0,122.0,167.0,199.5,0.016891887953807444,3,1
random,400,2,168,155.0,144.0,195.0,197.0,150.0,150.0,205.0,199.5,0.016891887953807444,3,1
random,400,2,169,15.0,49.0,17.0,16.0,45.0,45.0,16.0,199.5,0.016891887953807444,3,1
random,400,2,170,106.0,122.0,125.0,128.0,127.0,127.0,124.0,199.5,0.016891887953807444,3,1
random,400,2,171,27.0,61.0,50.0,55.0,50.0,50.0,34.0,199.5,0.016891887953807444,3,1
random,400,2,172,155.0,202.0,151.0,138.0,197.0,197.0,164.0,199.5,0.016891887953807444,3,1
random,400,2,173,41.0,22.0,33.0,32.0,23.0,23.0,60.0,199.5,0.016891887953807444,3,1
random,400,2,174,329.0,322.0,366.0,366.0,325.0,325.0,361.0,199.5,0.016891887953807444,3,1
random,400,2,175,106.0,140.0,111.0,107.0,135.0,135.0,126.0,199.5,0.016891887953807444,3,1
random,400,2,176,281.0,306.0,304.0,300.0,309.0,309.0,295.0,199.5,0.016891887953807444,3,1
random,400,2,177,216.0,164.0,251.0,251.0,178.0,178.0,276.0,199.5,0.016891887953807444,3,1
random,400,2,178,329.0,365.0,344.0,343.0,364.0,364.0,336.0,199.5,0.016891887953807444,3,1
random,400,2,179,75.0,108.0,83.0,83.0,116.0,116.0,82.0,199.5,0.016891887953807444,3,1
random,400,2,180,155.0,245.0,167.0,163.0,236.0,236.0,162.0,199.5,0.016891887953807444,3,1
random,400,2,181,365.0,359.0,381.0,380.0,365.0,365.0,380.0,199.5,0.016891887953807444,3,1
random,400,2,182,106.0,101.0,135.0,130.0,112.0,112.0,132.0,199.5,0.016891887953807444,3,1
random,400,2,183,281.0,347.0,328.0,330.0,345.0,345.0,299.0,199.5,0.016891887953807444,3,1
random,400,2,184,75.0,126.0,72.0,70.0,124.0,124.0,79.0,199.5,0.016891887953807444,3,1
random,400,2,185,216.0,189.0,249.0,245.0,202.0,202.0,252.0,199.5,0.016891887953807444,3,1
random,400,2,186,329.0,316.0,345.0,344.0,321.0,321.0,351.0,199.5,0.016891887953807444,3,1
random,400,2,187,106.0,193.0,133.0,132.0,185.0,185.0,112.0,199.5,0.016891887953807444,3,1
random,400,2,188,365.0,388.0,371.0,371.0,386.0,386.0,368.0,199.5,0.016891887953807444,3,1
random,400,2,189,281.0,265.0,303.0,302.0,276.0,276.0,308.0,199.5,0.016891887953807444,3,1
random,400,2,190,216.0,258.0,241.0,239.0,256.0,256.0,250.0,199.5,0.016891887953807444,3,1
random,400,2,191,106.0,172.0,137.0,136.0,161.0,161.0,116.0,199.5,0.016891887953807444,3,1
random,400,2,192,155.0,270.0,171.0,165.0,264.0,264.0,159.0,199.5,0.016891887953807444,3,1
random,400,2,193,155.0,263.0,172.0,171.0,252.0,252.0,168.0,199.5,0.016891887953807444,3,1
random,400,2,194,365.0,384.0,349.0,345.0,382.0,382.0,365.0,199.5,0.016891887953807444,3,1
random,400,2,195,106.0,194.0,134.0,125.0,187.0,187.0,113.0,199.5,0.016891887953807444,3,1
random,400,2,196,216.0,295.0,250.0,244.0,291.0,291.0,237.0,199.5,0.016891887953807444,3,1
random,400,2,197,281.0,354.0,312.0,313.0,351.0,351.0,289.0,199.5,0.016891887953807444,3,1
random,400,2,198,281.0,299.0,301.0,299.0,298.0,298.0,303.0,199.5,0.016891887953807444,3,1
random,400,2,199,216.0,235.0,270.0,267.0,241.0,241.0,256.0,199.5,0.016891887953807444,3,1
random,400,2,200,216.0,247.0,272.0,277.0,244.0,244.0,261.0,199.5,0.016891887953807444,3,1
random,400,2,201,41.0,31.0,60.0,60.0,32.0,32.0,72.0,199.5,0.016891887953807444,3,1
random,400,2,202,216.0,220.0,256.0,256.0,218.0,218.0,265.0,199.5,0.016891887953807444,3,1
random,400,2,203,281.0,260.0,287.0,290.0,262.0,262.0,315.0,199.5,0.016891887953807444,3,1
random,400,2,204,41.0,40.0,27.0,27.0,40.0,40.0,50.0,199.5,0.016891887953807444,3,1
random,400,2,205,41.0,69.0,63.0,61.0,74.0,74.0,52.0,199.5,0.016891887953807444,3,1
random,400,2,206,27.0,83.0,65.0,64.0,72.0,72.0,32.0,199.5,0.016891887953807444,3,1
random,400,2,207,106.0,159.0,150.0,144.0,161.0,161.0,114.0,199.5,0.016891887953807444,3,1
random,400,2,208,75.0,176.0,89.0,82.0,160.0,160.0,78.0,199.5,0.016891887953807444,3,1
random,400,2,209,216.0,210.0,283.0,285.0,227.0,227.0,270.0,199.5,0.016891887953807444,3,1
random,400,2,210,155.0,133.0,164.0,169.0,141.0,141.0,190.0,199.5,0.016891887953807444,3,1
random,400,2,211,216.0,312.0,102.0,99.0,310.0,310.0,160.0,199.5,0.016891887953807444,3,1
random,400,2,212,329.0,294.0,362.0,361.0,297.0,297.0,363.0,199.5,0.016891887953807444,3,1
random,400,2,213,281.0,297.0,306.0,305.0,304.0,304.0,306.0,199.5,0.016891887953807444,3,1
random,400,2,214,396.0,393.0,396.0,396.0,392.0,392.0,399.0,199.5,0.016891887953807444,3,1
random,400,2,215,216.0,318.0,267.0,262.0,315.0,315.0,224.0,199.5,0.016891887953807444,3,1
random,400,2,216,384.0,390.0,383.0,383.0,390.0,390.0,389.0,199.5,0.016891887953807444,3,1
random,400,2,217,41.0,90.0,82.0,80.0,85.0,85.0,61.0,199.5,0.016891887953807444,3,1
random,400,2,218,155.0,176.0,180.0,188.0,182.0,182.0,194.0,199.5,0.016891887953807444,3,1
random,400,2,219,75.0,114.0,97.0,88.0,109.0,109.0,81.0,199.5,0.016891887953807444,3,1
random,400,2,220,281.0,366.0,326.0,326.0,366.0,366.0,283.0,199.5,0.016891887953807444,3,1
random,400,2,221,216.0,229.0,230.0,231.0,228.0,228.0,247.0,199.5,0.016891887953807444,3,1
random,400,2,222,365.0,370.0,370.0,370.0,373.0,373.0,374.0,199.5,0.016891887953807444,3,1
random,400,2,223,365.0,386.0,374.0,373.0,387.0,387.0,367.0,199.5,0.016891887953807444,3,1
random,400,2,224,155.0,240.0,197.0,196.0,240.0,240.0,173.0,199.5,0.016891887953807444,3,1
random,400,2,225,41.0,56.0,44.0,53.0,52.0,52.0,57.0,199.5,0.016891887953807444,3,1
random,400,2,226,75.0,148.0,57.0,51.0,137.0,137.0,71.0,199.5,0.016891887953807444,3,1
random,400,2,227,75.0,51.0,77.0,77.0,49.0,49.0,104.0,199.5,0.016891887953807444,3,1
random,400,2,228,41.0,80.0,95.0,97.0,77.0,77.0,63.0,199.5,0.016891887953807444,3,1
random,400,2,229,365.0,334.0,285.0,288.0,344.0,344.0,366.0,199.5,0.016891887953807444,3,1
random,400,2,230,329.0,304.0,357.0,358.0,314.0,314.0,362.0,199.5,0.016891887953807444,3,1
random,400,2,231,75.0,82.0,116.0,122.0,87.0,87.0,97.0,199.5,0.016891887953807444,3,1
random,400,2,232,329.0,360.0,353.0,352.0,359.0,359.0,350.0,199.5,0.016891887953807444,3,1
random,400,2,233,329.0,288.0,321.0,323.0,293.0,293.0,355.0,199.5,0.016891887953807444,3,1
random,400,2,234,75.0,150.0,92.0,86.0,144.0,144.0,77.0,199.5,0.016891887953807444,3,1
random,400,2,235,329.0,369.0,341.0,340.0,369.0,369.0,330.0,199.5,0.016891887953807444,3,1
random,400,2,236,216.0,172.0,255.0,254.0,189.0,189.0,262.0,199.5,0.016891887953807444,3,1
random,400,2,237,155.0,164.0,199.0,204.0,163.0,163.0,203.0,199.5,0.016891887953807444,3,1
random,400,2,238,106.0,56.0,136.0,141.0,73.0,73.0,145.0,199.5,0.016891887953807444,3,1
random,400,2,239,281.0,269.0,310.0,310.0,279.0,279.0,309.0,199.5,0.016891887953807444,3,1
random,400,2,240,281.0,330.0,337.0,339.0,322.0,322.0,302.0,199.5,0.016891887953807444,3,1
random,400,2,241,15.0,13.0,15.0,17.0,14.0,14.0,25.0,199.5,0.016891887953807444,3,1
random,400,2,242,329.0,367.0,358.0,357.0,367.0,367.0,343.0,199.5,0.016891887953807444,3,1
random,400,2,243,216.0,280.0,233.0,224.0,283.0,283.0,228.0,199.5,0.016891887953807444,3,1
random,400,2,244,281.0,297.0,275.0,275.0,300.0,300.0,290.0,199.5,0.016891887953807444,3,1
random,400,2,245,329.0,362.0,355.0,353.0,362.0,362.0,342.0,199.5,0.016891887953807444,3,1
random,400,2,246,75.0,222.0,79.0,76.0,193.0,193.0,76.0,199.5,0.016891887953807444,3,1
random,400,2,247,384.0,397.0,390.0,389.0,397.0,397.0,384.0,199.5,0.016891887953807444,3,1
random,400,2,248,41.0,108.0,71.0,73.0,98.0,98.0,47.0,199.5,0.016891887953807444,3,1
random,400,2,249,10.0,14.0,21.0,22.0,13.0,13.0,14.0,199.5,0.016891887953807444,3,1
random,400,2,250,281.0,194.0,282.0,280.0,210.0,210.0,325.0,199.5,0.016891887953807444,3,1
random,400,2,251,365.0,341.0,364.0,363.0,348.0,348.0,381.0,199.5,0.016891887953807444,3,1
random,400,2,252,281.0,262.0,308.0,306.0,270.0,270.0,311.0,199.5,0.016891887953807444,3,1
random,400,2,253,216.0,270.0,226.0,226.0,274.0,274.0,229.0,199.5,0.016891887953807444,3,1
random,400,2,254,15.0,8.0,14.0,14.0,11.0,11.0,24.0,199.5,0.016891887953807444,3,1
random,400,2,255,329.0,353.0,334.0,333.0,355.0,355.0,338.0,199.5,0.016891887953807444,3,1
random,400,2,256,155.0,176.0,206.0,209.0,180.0,180.0,195.0,199.5,0.016891887953807444,3,1
random,400,2,257,216.0,138.0,218.0,216.0,152.0,152.0,266.0,199.5,0.016891887953807444,3,1
random,400,2,258,155.0,95.0,162.0,159.0,106.0,106.0,213.0,199.5,0.016891887953807444,3,1
random,400,2,259,106.0,161.0,55.0,54.0,158.0,158.0,102.0,199.5,0.016891887953807444,3,1
random,400,2,260,216.0,176.0,220.0,229.0,190.0,190.0,260.0,199.5,0.016891887953807444,3,1
random,400,2,261,155.0,138.0,232.0,236.0,141.0,141.0,217.0,199.5,0.016891887953807444,3,1
random,400,2,262,106.0,133.0,138.0,145.0,134.0,134.0,128.0,199.5,0.016891887953807444,3,1
random,400,2,263,27.0,24.0,29.0,31.0,22.0,22.0,35.0,199.5,0.016891887953807444,3,1
random,400,2,264,155.0,232.0,205.0,203.0,222.0,222.0,185.0,199.5,0.016891887953807444,3,1
random,400,2,265,216.0,288.0,234.0,232.0,287.0,287.0,234.0,199.5,0.016891887953807444,3,1
random,400,2,266,15.0,27.0,16.0,15.0,25.0,25.0,17.0,199.5,0.016891887953807444,3,1
random,400,2,267,41.0,86.0,49.0,49.0,82.0,82.0,49.0,199.5,0.016891887953807444,3,1
random,400,2,268,155.0,202.0,176.0,173.0,197.0,197.0,179.0,199.5,0.016891887953807444,3,1
random,400,2,269,281.0,361.0,315.0,316.0,356.0,356.0,285.0,199.5,0.016891887953807444,3,1
random,400,2,270,41.0,156.0,48.0,46.0,138.0,138.0,43.0,199.5,0.016891887953807444,3,1
random,400,2,271,281.0,226.0,316.0,317.0,248.0,248.0,320.0,199.5,0.016891887953807444,3,1
random,400,2,272,75.0,98.0,73.0,71.0,98.0,98.0,89.0,199.5,0.016891887953807444,3,1
random,400,2,273,216.0,299.0,294.0,298.0,294.0,294.0,254.0,199.5,0.016891887953807444,3,1
random,400,2,274,281.0,210.0,295.0,296.0,230.0,230.0,323.0,199.5,0.016891887953807444,3,1
random,400,2,275,75.0,88.0,70.0,65.0,91.0,91.0,86.0,199.5,0.016891887953807444,3,1
random,400,2,276,155.0,101.0,157.0,168.0,113.0,113.0,209.0,199.5,0.016891887953807444,3,1
random,400,2,277,75.0,47.0,86.0,94.0,47.0,47.0,101.0,199.5,0.016891887953807444,3,1
random,400,2,278,281.0,336.0,276.0,270.0,335.0,335.0,282.0,199.5,0.016891887953807444,3,1
random,400,2,279,216.0,253.0,237.0,235.0,251.0,251.0,243.0,199.5,0.016891887953807444,3,1
random,400,2,280,106.0,79.0,154.0,155.0,87.0,87.0,149.0,199.5,0.016891887953807444,3,1
random,400,2,281,155.0,280.0,153.0,137.0,271.0,271.0,151.0,199.5,0.016891887953807444,3,1
random,400,2,282,155.0,234.0,221.0,218.0,229.0,229.0,188.0,199.5,0.016891887953807444,3,1
random,400,2,283,155.0,280.0,182.0,181.0,268.0,268.0,165.0,199.5,0.016891887953807444,3,1
random,400,2,284,106.0,153.0,132.0,127.0,147.0,147.0,119.0,199.5,0.016891887953807444,3,1
random,400,2,285,106.0,172.0,108.0,106.0,164.0,164.0,110.0,199.5,0.016891887953807444,3,1
random,400,2,286,329.0,336.0,323.0,320.0,343.0,343.0,337.0,199.5,0.016891887953807444,3,1
random,400,2,287,155.0,229.0,188.0,199.0,219.0,219.0,187.0,199.5,0.016891887953807444,3,1
random,400,2,288,155.0,232.0,210.0,208.0,225.0,225.0,186.0,199.5,0.016891887953807444,3,1
random,400,2,289,41.0,44.0,54.0,52.0,42.0,42.0,62.0,199.5,0.016891887953807444,3,1
random,400,2,290,281.0,325.0,329.0,328.0,319.0,319.0,301.0,199.5,0.016891887953807444,3,1
random,400,2,291,75.0,56.0,80.0,79.0,51.0,51.0,99.0,199.5,0.016891887953807444,3,1
random,400,2,292,15.0,35.0,34.0,35.0,28.0,28.0,26.0,199.5,0.016891887953807444,3,1
random,400,2,293,281.0,237.0,299.0,301.0,250.0,250.0,319.0,199.5,0.016891887953807444,3,1
random,400,2,294,155.0,153.0,144.0,140.0,156.0,156.0,183.0,199.5,0.016891887953807444,3,1
random,400,2,295,41.0,28.0,78.0,87.0,29.0,29.0,74.0,199.5,0.016891887953807444,3,1
random,400,2,296,216.0,157.0,265.0,266.0,173.0,173.0,272.0,199.5,0.016891887953807444,3,1
random,400,2,297,155.0,88.0,170.0,172.0,105.0,105.0,214.0,199.5,0.016891887953807444,3,1
random,400,2,298,75.0,122.0,115.0,114.0,111.0,111.0,94.0,199.5,0.016891887953807444,3,1
random,400,2,299,41.0,66.0,87.0,91.0,66.0,66.0,70.0,199.5,0.016891887953807444,3,1
random,400,2,300,106.0,47.0,149.0,149.0,54.0,54.0,155.0,199.5,0.016891887953807444,3,1
random,400,2,301,106.0,64.0,118.0,120.0,76.0,76.0,147.0,199.5,0.016891887953807444,3,1
random,400,2,302,41.0,122.0,64.0,67.0,107.0,107.0,46.0,199.5,0.016891887953807444,3,1
random,400,2,303,155.0,150.0,193.0,194.0,154.0,154.0,200.0,199.5,0.016891887953807444,3,1
random,400,2,304,329.0,198.0,360.0,364.0,221.0,221.0,364.0,199.5,0.016891887953807444,3,1
random,400,2,305,10.0,38.0,11.0,11.0,27.0,27.0,10.0,199.5,0.016891887953807444,3,1
random,400,2,306,106.0,141.0,158.0,161.0,140.0,140.0,142.0,199.5,0.016891887953807444,3,1
random,400,2,307,75.0,93.0,128.0,135.0,90.0,90.0,95.0,199.5,0.016891887953807444,3,1
random,400,2,308,106.0,55.0,67.0,68.0,63.0,63.0,120.0,199.5,0.016891887953807444,3,1
random,400,2,309,75.0,121.0,98.0,98.0,117.0,117.0,80.0,199.5,0.016891887953807444,3,1
random,400,2,310,216.0,147.0,236.0,237.0,157.0,157.0,275.0,199.5,0.016891887953807444,3,1
random,400,2,311,365.0,325.0,384.0,386.0,336.0,336.0,382.0,199.5,0.016891887953807444,3,1
random,400,2,312,281.0,261.0,314.0,314.0,265.0,265.0,318.0,199.5,0.016891887953807444,3,1
random,400,2,313,216.0,237.0,217.0,219.0,233.0,233.0,242.0,199.5,0.016891887953807444,3,1
random,400,2,314,216.0,141.0,252.0,257.0,153.0,153.0,273.0,199.5,0.016891887953807444,3,1
random,400,2,315,41.0,61.0,101.0,102.0,57.0,57.0,67.0,199.5,0.016891887953807444,3,1
random,400,2,316,216.0,315.0,219.0,221.0,305.0,305.0,220.0,199.5,0.016891887953807444,3,1
random,400,2,317,281.0,301.0,340.0,342.0,301.0,301.0,322.0,199.5,0.016891887953807444,3,1
random,400,2,318,155.0,114.0,211.0,215.0,129.0,129.0,215.0,199.5,0.016891887953807444,3,1
random,400,2,319,75.0,130.0,85.0,89.0,130.0,130.0,83.0,199.5,0.016891887953807444,3,1
random,400,2,320,281.0,225.0,280.0,283.0,239.0,239.0,321.0,199.5,0.016891887953807444,3,1
random,400,2,321,281.0,304.0,339.0,338.0,302.0,302.0,317.0,199.5,0.016891887953807444,3,1
random,400,2,322,155.0,144.0,168.0,166.0,148.0,148.0,206.0,199.5,0.016891887953807444,3,1
random,400,2,323,155.0,167.0,215.0,214.0,168.0,168.0,211.0,199.5,0.016891887953807444,3,1
random,400,2,324,329.0,357.0,348.0,349.0,354.0,354.0,340.0,199.5,0.016891887953807444,3,1
random,400,2,325,216.0,273.0,260.0,268.0,266.0,266.0,244.0,199.5,0.016891887953807444,3,1
random,400,2,326,155.0,133.0,190.0,193.0,143.0,143.0,207.0,199.5,0.016891887953807444,3,1
random,400,2,327,41.0,32.0,52.0,50.0,43.0,43.0,56.0,199.5,0.016891887953807444,3,1
random,400,2,328,216.0,169.0,235.0,243.0,174.0,174.0,279.0,199.5,0.016891887953807444,3,1
random,400,2,329,155.0,224.0,175.0,176.0,214.0,214.0,174.0,199.5,0.016891887953807444,3,1
random,400,2,330,216.0,291.0,262.0,259.0,290.0,290.0,240.0,199.5,0.016891887953807444,3,1
random,400,2,331,106.0,183.0,75.0,74.0,172.0,172.0,106.0,199.5,0.016891887953807444,3,1
random,400,2,332,27.0,21.0,53.0,56.0,24.0,24.0,39.0,199.5,0.016891887953807444,3,1
random,400,2,333,155.0,189.0,189.0,187.0,183.0,183.0,182.0,199.5,0.016891887953807444,3,1
random,400,2,334,75.0,66.0,61.0,63.0,71.0,71.0,88.0,199.5,0.016891887953807444,3,1
random,400,2,335,281.0,316.0,327.0,327.0,317.0,317.0,304.0,199.5,0.016891887953807444,3,1
random,400,2,336,281.0,362.0,293.0,287.0,358.0,358.0,281.0,199.5,0.016891887953807444,3,1
random,400,2,337,155.0,247.0,124.0,117.0,242.0,242.0,156.0,199.5,0.016891887953807444,3,1
random,400,2,338,41.0,64.0,62.0,62.0,61.0,61.0,55.0,199.5,0.016891887953807444,3,1
random,400,2,339,155.0,168.0,242.0,246.0,177.0,177.0,212.0,199.5,0.016891887953807444,3,1
random,400,2,340,155.0,153.0,214.0,217.0,159.0,159.0,204.0,199.5,0.016891887953807444,3,1
random,400,2,341,384.0,394.0,392.0,393.0,393.0,393.0,388.0,199.5,0.016891887953807444,3,1
random,400,2,342,155.0,255.0,184.0,184.0,235.0,235.0,169.0,199.5,0.016891887953807444,3,1
random,400,2,343,329.0,301.0,320.0,324.0,311.0,311.0,349.0,199.5,0.016891887953807444,3,1
random,400,2,344,216.0,349.0,286.0,281.0,341.0,341.0,221.0,199.5,0.016891887953807444,3,1
random,400,2,345,10.0,5.0,12.0,13.0,6.0,6.0,15.0,199.5,0.016891887953807444,3,1
random,400,2,346,15.0,17.0,26.0,26.0,17.0,17.0,23.0,199.5,0.016891887953807444,3,1
random,400,2,347,216.0,308.0,155.0,152.0,306.0,306.0,208.0,199.5,0.016891887953807444,3,1
random,400,2,348,106.0,141.0,147.0,147.0,139.0,139.0,135.0,199.5,0.016891887953807444,3,1
random,400,2,349,75.0,90.0,93.0,93.0,93.0,93.0,84.0,199.5,0.016891887953807444,3,1
random,400,2,350,216.0,183.0,240.0,241.0,194.0,194.0,267.0,199.5,0.016891887953807444,3,1
random,400,2,351,75.0,51.0,114.0,115.0,55.0,55.0,105.0,199.5,0.016891887953807444,3,1
random,400,2,352,27.0,12.0,31.0,30.0,15.0,15.0,40.0,199.5,0.016891887953807444,3,1
random,400,2,353,155.0,226.0,183.0,180.0,223.0,223.0,172.0,199.5,0.016891887953807444,3,1
random,400,2,354,281.0,286.0,319.0,318.0,289.0,289.0,305.0,199.5,0.016891887953807444,3,1
random,400,2,355,106.0,169.0,106.0,103.0,176.0,176.0,109.0,199.5,0.016891887953807444,3,1
random,400,2,356,329.0,346.0,336.0,337.0,347.0,347.0,339.0,199.5,0.016891887953807444,3,1
random,400,2,357,384.0,391.0,391.0,390.0,391.0,391.0,387.0,199.5,0.016891887953807444,3,1
random,400,2,358,216.0,210.0,200.0,202.0,216.0,216.0,239.0,199.5,0.016891887953807444,3,1
random,400,2,359,365.0,372.0,368.0,368.0,372.0,372.0,372.0,199.5,0.016891887953807444,3,1
random,400,2,360,27.0,32.0,37.0,38.0,30.0,30.0,37.0,199.5,0.016891887953807444,3,1
random,400,2,361,216.0,200.0,289.0,295.0,209.0,209.0,277.0,199.5,0.016891887953807444,3,1
random,400,2,362,216.0,200.0,185.0,190.0,205.0,205.0,241.0,199.5,0.016891887953807444,3,1
random,400,2,363,155.0,161.0,169.0,174.0,165.0,165.0,193.0,199.5,0.016891887953807444,3,1
random,400,2,364,365.0,318.0,382.0,382.0,330.0,330.0,383.0,199.5,0.016891887953807444,3,1
random,400,2,365,216.0,220.0,224.0,222.0,226.0,226.0,248.0,199.5,0.016891887953807444,3,1
random,400,2,366,106.0,99.0,112.0,113.0,102.0,102.0,140.0,199.5,0.016891887953807444,3,1
random,400,2,367,329.0,344.0,309.0,312.0,346.0,346.0,332.0,199.5,0.016891887953807444,3,1
random,400,2,368,281.0,288.0,292.0,289.0,295.0,295.0,298.0,199.5,0.016891887953807444,3,1
random,400,2,369,216.0,247.0,246.0,242.0,244.0,244.0,255.0,199.5,0.016891887953807444,3,1
random,400,2,370,75.0,59.0,59.0,59.0,62.0,62.0,90.0,199.5,0.016891887953807444,3,1
random,400,2,371,329.0,330.0,332.0,332.0,328.0,328.0,352.0,199.5,0.016891887953807444,3,1
random,400,2,372,41.0,107.0,43.0,40.0,97.0,97.0,44.0,199.5,0.016891887953807444,3,1
random,400,2,373,365.0,355.0,378.0,378.0,360.0,360.0,378.0,199.5,0.016891887953807444,3,1
random,400,2,374,329.0,364.0,324.0,319.0,363.0,363.0,331.0,199.5,0.016891887953807444,3,1
random,400,2,375,155.0,161.0,187.0,186.0,168.0,168.0,189.0,199.5,0.016891887953807444,3,1
random,400,2,376,281.0,301.0,278.0,278.0,306.0,306.0,291.0,199.5,0.016891887953807444,3,1
random,400,2,377,106.0,159.0,142.0,142.0,155.0,155.0,118.0,199.5,0.016891887953807444,3,1
random,400,2,378,106.0,90.0,148.0,150.0,96.0,96.0,141.0,199.5,0.016891887953807444,3,1
random,400,2,379,216.0,240.0,212.0,211.0,242.0,242.0,249.0,199.5,0.016891887953807444,3,1
random,400,2,380,6.0,10.0,7.0,7.0,9.0,9.0,7.0,199.5,0.016891887953807444,3,1
random,400,2,381,216.0,240.0,268.0,269.0,246.0,246.0,268.0,199.5,0.016891887953807444,3,1
random,400,2,382,155.0,214.0,165.0,157.0,213.0,213.0,176.0,199.5,0.016891887953807444,3,1
random,400,2,383,10.0,7.0,20.0,21.0,8.0,8.0,13.0,199.5,0.016891887953807444,3,1
random,400,2,384,106.0,101.0,120.0,131.0,107.0,107.0,133.0,199.5,0.016891887953807444,3,1
random,400,2,385,216.0,164.0,269.0,273.0,181.0,181.0,278.0,199.5,0.016891887953807444,3,1
random,400,2,386,75.0,86.0,76.0,78.0,92.0,92.0,91.0,199.5,0.016891887953807444,3,1
random,400,2,387,329.0,345.0,361.0,360.0,349.0,349.0,347.0,199.5,0.016891887953807444,3,1
random,400,2,388,155.0,176.0,179.0,177.0,186.0,186.0,175.0,199.5,0.016891887953807444,3,1
random,400,2,389,106.0,128.0,156.0,156.0,132.0,132.0,143.0,199.5,0.016891887953807444,3,1
random,400,2,390,155.0,251.0,141.0,139.0,238.0,238.0,157.0,199.5,0.016891887953807444,3,1
random,400,2,391,155.0,108.0,160.0,160.0,125.0,125.0,198.0,199.5,0.016891887953807444,3,1
random,400,2,392,216.0,194.0,254.0,261.0,196.0,196.0,269.0,199.5,0.016891887953807444,3,1
random,400,2,393,41.0,101.0,58.0,58.0,94.0,94.0,48.0,199.5,0.016891887953807444,3,1
random,400,2,394,106.0,214.0,117.0,116.0,200.0,200.0,108.0,199.5,0.016891887953807444,3,1
random,400,2,395,106.0,137.0,119.0,118.0,133.0,133.0,121.0,199.5,0.016891887953807444,3,1
random,400,2,396,155.0,208.0,264.0,265.0,211.0,211.0,210.0,199.5,0.016891887953807444,3,1
random,400,2,397,6.0,15.0,8.0,8.0,12.0,12.0,6.0,199.5,0.016891887953807444,3,1
random,400,2,398,155.0,291.0,202.0,201.0,278.0,278.0,158.0,199.5,0.016891887953807444,3,1
random,400,2,399,384.0,376.0,385.0,384.0,378.0,378.0,392.0,199.5,0.016891887953807444,3,1
