random,400,19,0,165.0,189.0,193.0,187.0,197.0,197.0,186.0,199.5,0.02024074302460524,3,1
random,400,19,1,6.0,11.0,6.0,6.0,11.0,11.0,7.0,199.5,0.02024074302460524,3,1
random,400,19,2,72.0,104.0,105.0,105.0,97.0,97.0,107.0,199.5,0.02024074302460524,3,1
random,400,19,3,225.0,243.0,277.0,284.0,248.0,248.0,264.0,199.5,0.02024074302460524,3,1
random,400,19,4,165.0,150.0,187.0,189.0,156.0,156.0,212.0,199.5,0.02024074302460524,3,1
random,400,19,5,315.0,344.0,322.0,321.0,344.0,344.0,325.0,199.5,0.02024074302460524,3,1
random,400,19,6,28.0,40.0,61.0,63.0,40.0,40.0,43.0,199.5,0.02024074302460524,3,1
random,400,19,7,165.0,247.0,125.0,132.0,241.0,241.0,167.0,199.5,0.02024074302460524,3,1
random,400,19,8,165.0,98.0,223.0,223.0,110.0,110.0,224.0,199.5,0.02024074302460524,3,1
random,400,19,9,275.0,333.0,293.0,288.0,329.0,329.0,277.0,199.5,0.02024074302460524,3,1
random,400,19,10,354.0,372.0,374.0,374.0,373.0,373.0,365.0,199.5,0.02024074302460524,3,1
random,400,19,11,45.0,74.0,47.0,45.0,68.0,68.0,53.0,199.5,0.02024074302460524,3,1
random,400,19,12,225.0,251.0,251.0,246.0,252.0,252.0,249.0,199.5,0.02024074302460524,3,1
random,400,19,13,225.0,300.0,252.0,245.0,294.0,294.0,241.0,199.5,0.02024074302460524,3,1
random,400,19,14,354.0,366.0,355.0,354.0,369.0,369.0,362.0,199.5,0.02024074302460524,3,1
random,400,19,15,225.0,233.0,212.0,211.0,237.0,237.0,234.0,199.5,0.02024074302460524,3,1
random,400,19,16,6.0,6.0,12.0,13.0,7.0,7.0,10.0,199.5,0.02024074302460524,3,1
random,400,19,17,225.0,318.0,242.0,237.0,313.0,313.0,227.0,199.5,0.02024074302460524,3,1
random,400,19,18,113.0,140.0,174.0,179.0,139.0,139.0,154.0,199.5,0.02024074302460524,3,1
random,400,19,19,383.0,353.0,381.0,377.0,363.0,363.0,394.0,199.5,0.02024074302460524,3,1
random,400,19,20,275.0,272.0,331.0,336.0,271.0,271.0,314.0,199.5,0.02024074302460524,3,1
random,400,19,21,113.0,112.0,104.0,103.0,112.0,112.0,140.0,199.5,0.02024074302460524,3,1
random,400,19,22,225.0,228.0,230.0,229.0,243.0,243.0,232.0,199.5,0.02024074302460524,3,1
random,400,19,23,275.0,347.0,272.0,264.0,342.0,342.0,275.0,199.5,0.02024074302460524,3,1
random,400,19,24,72.0,166.0,90.0,89.0,161.0,161.0,74.0,199.5,0.02024074302460524,3,1
random,400,19,25,275.0,300.0,300.0,303.0,301.0,301.0,294.0,199.5,0.02024074302460524,3,1
random,400,19,26,275.0,329.0,284.0,280.0,323.0,323.0,280.0,199.5,0.02024074302460524,3,1
random,400,19,27,165.0,81.0,182.0,188.0,96.0,96.0,215.0,199.5,0.02024074302460524,3,1
random,400,19,28,315.0,340.0,350.0,353.0,337.0,337.0,336.0,199.5,0.02024074302460524,3,1
random,400,19,29,354.0,350.0,323.0,325.0,354.0,354.0,358.0,199.5,0.02024074302460524,3,1
random,400,19,30,165.0,182.0,227.0,221.0,187.0,187.0,203.0,199.5,0.02024074302460524,3,1
random,400,19,31,113.0,200.0,164.0,165.0,190.0,190.0,131.0,199.5,0.02024074302460524,3,1
random,400,19,32,383.0,387.0,388.0,386.0,388.0,388.0,390.0,199.5,0.02024074302460524,3,1
random,400,19,33,225.0,198.0,266.0,261.0,207.0,207.0,270.0,199.5,0.02024074302460524,3,1
random,400,19,34,113.0,65.0,128.0,134.0,72.0,72.0,141.0,199.5,0.02024074302460524,3,1
random,400,19,35,225.0,289.0,241.0,242.0,280.0,280.0,233.0,199.5,0.02024074302460524,3,1
random,400,19,36,354.0,342.0,377.0,380.0,347.0,347.0,377.0,199.5,0.02024074302460524,3,1
random,400,19,37,275.0,289.0,285.0,289.0,291.0,291.0,300.0,199.5,0.02024074302460524,3,1
random,400,19,38,165.0,175.0,198.0,197.0,182.0,182.0,183.0,199.5,0.02024074302460524,3,1
random,400,19,39,28.0,42.0,40.0,40.0,40.0,40.0,37.0,199.5,0.02024074302460524,3,1
random,400,19,40,165.0,200.0,201.0,203.0,199.0,199.0,191.0,199.5,0.02024074302460524,3,1
random,400,19,41,315.0,298.0,328.0,328.0,304.0,304.0,346.0,199.5,0.02024074302460524,3,1
random,400,19,42,225.0,243.0,262.0,267.0,248.0,248.0,258.0,199.5,0.02024074302460524,3,1
random,400,19,43,275.0,217.0,314.0,315.0,228.0,228.0,313.0,199.5,0.02024074302460524,3,1
random,400,19,44,354.0,381.0,352.0,349.0,383.0,383.0,354.0,199.5,0.02024074302460524,3,1
random,400,19,45,275.0,287.0,287.0,287.0,289.0,289.0,298.0,199.5,0.02024074302460524,3,1
random,400,19,46,315.0,162.0,332.0,337.0,196.0,196.0,353.0,199.5,0.02024074302460524,3,1
random,400,19,47,383.0,379.0,379.0,381.0,385.0,385.0,388.0,199.5,0.02024074302460524,3,1
random,400,19,48,275.0,268.0,286.0,290.0,277.0,277.0,302.0,199.5,0.02024074302460524,3,1
random,400,19,49,28.0,32.0,26.0,26.0,31.0,31.0,34.0,199.5,0.02024074302460524,3,1
random,400,19,50,225.0,261.0,275.0,277.0,260.0,260.0,256.0,199.5,0.02024074302460524,3,1
random,400,19,51,20.0,21.0,37.0,38.0,23.0,23.0,25.0,199.5,0.02024074302460524,3,1
random,400,19,52,354.0,371.0,368.0,368.0,372.0,372.0,363.0,199.5,0.02024074302460524,3,1
random,400,19,53,113.0,139.0,132.0,136.0,133.0,133.0,146.0,199.5,0.02024074302460524,3,1
random,400,19,54,275.0,319.0,309.0,309.0,317.0,317.0,281.0,199.5,0.02024074302460524,3,1
random,400,19,55,315.0,358.0,335.0,334.0,353.0,353.0,327.0,199.5,0.02024074302460524,3,1
random,400,19,56,225.0,157.0,234.0,238.0,167.0,167.0,272.0,199.5,0.02024074302460524,3,1
random,400,19,57,165.0,238.0,226.0,225.0,237.0,237.0,185.0,199.5,0.02024074302460524,3,1
random,400,19,58,383.0,395.0,384.0,384.0,395.0,395.0,386.0,199.5,0.02024074302460524,3,1
random,400,19,59,113.0,135.0,126.0,124.0,135.0,135.0,137.0,199.5,0.02024074302460524,3,1
random,400,19,60,45.0,49.0,73.0,67.0,46.0,46.0,69.0,199.5,0.02024074302460524,3,1
random,400,19,61,72.0,63.0,149.0,153.0,63.0,63.0,114.0,199.5,0.02024074302460524,3,1
random,400,19,62,225.0,231.0,260.0,257.0,239.0,239.0,251.0,199.5,0.02024074302460524,3,1
random,400,19,63,275.0,275.0,265.0,265.0,283.0,283.0,292.0,199.5,0.02024074302460524,3,1
random,400,19,64,113.0,143.0,135.0,135.0,140.0,140.0,142.0,199.5,0.02024074302460524,3,1
random,400,19,65,165.0,241.0,184.0,183.0,244.0,244.0,173.0,199.5,0.02024074302460524,3,1
random,400,19,66,315.0,342.0,359.0,360.0,339.0,339.0,344.0,199.5,0.02024074302460524,3,1
random,400,19,67,275.0,331.0,302.0,298.0,325.0,325.0,283.0,199.5,0.02024074302460524,3,1
random,400,19,68,225.0,295.0,210.0,207.0,293.0,293.0,228.0,199.5,0.02024074302460524,3,1
random,400,19,69,315.0,324.0,351.0,352.0,328.0,328.0,343.0,199.5,0.02024074302460524,3,1
random,400,19,70,28.0,61.0,39.0,37.0,52.0,52.0,33.0,199.5,0.02024074302460524,3,1
random,400,19,71,20.0,18.0,19.0,17.0,18.0,18.0,24.0,199.5,0.02024074302460524,3,1
random,400,19,72,165.0,235.0,172.0,171.0,224.0,224.0,178.0,199.5,0.02024074302460524,3,1
random,400,19,73,275.0,302.0,321.0,322.0,303.0,303.0,301.0,199.5,0.02024074302460524,3,1
random,400,19,74,72.0,189.0,92.0,95.0,180.0,180.0,75.0,199.5,0.02024074302460524,3,1
random,400,19,75,113.0,91.0,112.0,110.0,103.0,103.0,152.0,199.5,0.02024074302460524,3,1
random,400,19,76,113.0,148.0,137.0,138.0,150.0,150.0,128.0,199.5,0.02024074302460524,3,1
random,400,19,77,72.0,104.0,64.0,61.0,108.0,108.0,78.0,199.5,0.02024074302460524,3,1
random,400,19,78,315.0,358.0,316.0,317.0,355.0,355.0,322.0,199.5,0.02024074302460524,3,1
random,400,19,79,20.0,42.0,24.0,24.0,36.0,36.0,23.0,199.5,0.02024074302460524,3,1
random,400,19,80,45.0,72.0,65.0,65.0,71.0,71.0,51.0,199.5,0.02024074302460524,3,1
random,400,19,81,72.0,159.0,102.0,101.0,148.0,148.0,79.0,199.5,0.02024074302460524,3,1
random,400,19,82,225.0,222.0,209.0,206.0,229.0,229.0,236.0,199.5,0.02024074302460524,3,1
random,400,19,83,225.0,243.0,247.0,244.0,250.0,250.0,247.0,199.5,0.02024074302460524,3,1
random,400,19,84,113.0,225.0,81.0,76.0,217.0,217.0,113.0,199.5,0.02024074302460524,3,1
random,400,19,85,45.0,30.0,45.0,44.0,33.0,33.0,59.0,199.5,0.02024074302460524,3,1
random,400,19,86,165.0,265.0,205.0,200.0,256.0,256.0,171.0,199.5,0.02024074302460524,3,1
random,400,19,87,165.0,166.0,185.0,182.0,165.0,165.0,197.0,199.5,0.02024074302460524,3,1
random,400,19,88,165.0,220.0,229.0,231.0,221.0,221.0,190.0,199.5,0.02024074302460524,3,1
random,400,19,89,225.0,197.0,296.0,302.0,206.0,206.0,274.0,199.5,0.02024074302460524,3,1
random,400,19,90,315.0,352.0,297.0,294.0,352.0,352.0,316.0,199.5,0.02024074302460524,3,1
random,400,19,91,113.0,223.0,199.0,202.0,215.0,215.0,130.0,199.5,0.02024074302460524,3,1
random,400,19,92,225.0,249.0,255.0,250.0,252.0,252.0,239.0,199.5,0.02024074302460524,3,1
random,400,19,93,354.0,376.0,367.0,365.0,377.0,377.0,361.0,199.5,0.02024074302460524,3,1
random,400,19,94,275.0,256.0,310.0,312.0,264.0,264.0,311.0,199.5,0.02024074302460524,3,1
random,400,19,95,275.0,323.0,306.0,305.0,319.0,319.0,287.0,199.5,0.02024074302460524,3,1
random,400,19,96,113.0,214.0,169.0,164.0,198.0,198.0,125.0,199.5,0.02024074302460524,3,1
random,400,19,97,113.0,45.0,133.0,133.0,51.0,51.0,165.0,199.5,0.02024074302460524,3,1
random,400,19,98,275.0,327.0,298.0,296.0,326.0,326.0,282.0,199.5,0.02024074302460524,3,1
random,400,19,99,315.0,389.0,343.0,340.0,380.0,380.0,317.0,199.5,0.02024074302460524,3,1
random,400,19,100,113.0,183.0,122.0,119.0,173.0,173.0,117.0,199.5,0.02024074302460524,3,1
random,400,19,101,28.0,25.0,33.0,33.0,29.0,29.0,35.0,199.5,0.02024074302460524,3,1
random,400,19,102,11.0,34.0,18.0,18.0,27.0,27.0,13.0,199.5,0.02024074302460524,3,1
random,400,19,103,45.0,50.0,71.0,72.0,50.0,50.0,64.0,199.5,0.02024074302460524,3,1
random,400,19,104,315.0,372.0,341.0,341.0,370.0,370.0,323.0,199.5,0.02024074302460524,3,1
random,400,19,105,275.0,299.0,281.0,281.0,297.0,297.0,286.0,199.5,0.02024074302460524,3,1
random,400,19,106,113.0,149.0,142.0,139.0,150.0,150.0,127.0,199.5,0.02024074302460524,3,1
random,400,19,107,72.0,192.0,91.0,94.0,177.0,177.0,73.0,199.5,0.02024074302460524,3,1
random,400,19,108,165.0,179.0,203.0,205.0,182.0,182.0,209.0,199.5,0.02024074302460524,3,1
random,400,19,109,354.0,356.0,366.0,366.0,362.0,362.0,373.0,199.5,0.02024074302460524,3,1
random,400,19,110,113.0,192.0,134.0,127.0,184.0,184.0,123.0,199.5,0.02024074302460524,3,1
random,400,19,111,165.0,88.0,202.0,213.0,107.0,107.0,220.0,199.5,0.02024074302460524,3,1
random,400,19,112,383.0,398.0,395.0,393.0,398.0,398.0,385.0,199.5,0.02024074302460524,3,1
random,400,19,113,225.0,253.0,292.0,293.0,258.0,258.0,268.0,199.5,0.02024074302460524,3,1
random,400,19,114,165.0,218.0,236.0,233.0,220.0,220.0,193.0,199.5,0.02024074302460524,3,1
random,400,19,115,113.0,183.0,93.0,90.0,170.0,170.0,115.0,199.5,0.02024074302460524,3,1
random,400,19,116,113.0,159.0,147.0,147.0,154.0,154.0,148.0,199.5,0.02024074302460524,3,1
random,400,19,117,113.0,183.0,171.0,162.0,176.0,176.0,132.0,199.5,0.02024074302460524,3,1
random,400,19,118,165.0,125.0,170.0,173.0,133.0,133.0,200.0,199.5,0.02024074302460524,3,1
random,400,19,119,165.0,203.0,239.0,239.0,201.0,201.0,205.0,199.5,0.02024074302460524,3,1
random,400,19,120,225.0,207.0,245.0,240.0,218.0,218.0,245.0,199.5,0.02024074302460524,3,1
random,400,19,121,225.0,198.0,243.0,241.0,212.0,212.0,253.0,199.5,0.02024074302460524,3,1
random,400,19,122,45.0,31.0,69.0,70.0,34.0,34.0,71.0,199.5,0.02024074302460524,3,1
random,400,19,123,315.0,267.0,329.0,331.0,281.0,281.0,347.0,199.5,0.02024074302460524,3,1
random,400,19,124,165.0,188.0,218.0,217.0,195.0,195.0,208.0,199.5,0.02024074302460524,3,1
random,400,19,125,72.0,47.0,74.0,75.0,54.0,54.0,101.0,199.5,0.02024074302460524,3,1
random,400,19,126,113.0,98.0,148.0,148.0,99.0,99.0,160.0,199.5,0.02024074302460524,3,1
random,400,19,127,165.0,112.0,183.0,192.0,124.0,124.0,214.0,199.5,0.02024074302460524,3,1
random,400,19,128,354.0,339.0,369.0,369.0,343.0,343.0,376.0,199.5,0.02024074302460524,3,1
random,400,19,129,72.0,125.0,83.0,81.0,114.0,114.0,91.0,199.5,0.02024074302460524,3,1
random,400,19,130,45.0,47.0,46.0,47.0,49.0,49.0,55.0,199.5,0.02024074302460524,3,1
random,400,19,131,225.0,305.0,259.0,253.0,302.0,302.0,226.0,199.5,0.02024074302460524,3,1
random,400,19,132,113.0,152.0,155.0,149.0,157.0,157.0,136.0,199.5,0.02024074302460524,3,1
random,400,19,133,225.0,303.0,206.0,204.0,299.0,299.0,229.0,199.5,0.02024074302460524,3,1
random,400,19,134,275.0,256.0,307.0,306.0,264.0,264.0,312.0,199.5,0.02024074302460524,3,1
random,400,19,135,354.0,346.0,356.0,356.0,348.0,348.0,371.0,199.5,0.02024074302460524,3,1
random,400,19,136,275.0,306.0,294.0,295.0,307.0,307.0,291.0,199.5,0.02024074302460524,3,1
random,400,19,137,225.0,236.0,220.0,216.0,245.0,245.0,246.0,199.5,0.02024074302460524,3,1
random,400,19,138,45.0,38.0,55.0,54.0,42.0,42.0,68.0,199.5,0.02024074302460524,3,1
random,400,19,139,72.0,72.0,70.0,73.0,75.0,75.0,93.0,199.5,0.02024074302460524,3,1
random,400,19,140,275.0,312.0,269.0,262.0,311.0,311.0,279.0,199.5,0.02024074302460524,3,1
random,400,19,141,113.0,118.0,129.0,126.0,121.0,121.0,144.0,199.5,0.02024074302460524,3,1
random,400,19,142,11.0,24.0,15.0,14.0,22.0,22.0,12.0,199.5,0.02024074302460524,3,1
random,400,19,143,113.0,152.0,158.0,160.0,153.0,153.0,153.0,199.5,0.02024074302460524,3,1
random,400,19,144,165.0,175.0,180.0,175.0,180.0,180.0,180.0,199.5,0.02024074302460524,3,1
random,400,19,145,315.0,277.0,334.0,335.0,290.0,290.0,349.0,199.5,0.02024074302460524,3,1
random,400,19,146,225.0,243.0,246.0,248.0,251.0,251.0,248.0,199.5,0.02024074302460524,3,1
random,400,19,147,165.0,120.0,167.0,163.0,130.0,130.0,207.0,199.5,0.02024074302460524,3,1
random,400,19,148,45.0,85.0,75.0,78.0,73.0,73.0,65.0,199.5,0.02024074302460524,3,1
random,400,19,149,113.0,175.0,118.0,116.0,171.0,171.0,119.0,199.5,0.02024074302460524,3,1
random,400,19,150,72.0,76.0,58.0,56.0,74.0,74.0,95.0,199.5,0.02024074302460524,3,1
random,400,19,151,72.0,109.0,101.0,104.0,102.0,102.0,102.0,199.5,0.02024074302460524,3,1
random,400,19,152,113.0,205.0,130.0,125.0,190.0,190.0,122.0,199.5,0.02024074302460524,3,1
random,400,19,153,45.0,68.0,88.0,92.0,67.0,67.0,63.0,199.5,0.02024074302460524,3,1
random,400,19,154,315.0,365.0,333.0,327.0,365.0,365.0,320.0,199.5,0.02024074302460524,3,1
random,400,19,155,72.0,76.0,72.0,71.0,82.0,82.0,80.0,199.5,0.02024074302460524,3,1
random,400,19,156,72.0,76.0,62.0,62.0,84.0,84.0,84.0,199.5,0.02024074302460524,3,1
random,400,19,157,354.0,363.0,372.0,371.0,364.0,364.0,367.0,199.5,0.02024074302460524,3,1
random,400,19,158,72.0,53.0,67.0,68.0,57.0,57.0,94.0,199.5,0.02024074302460524,3,1
random,400,19,159,225.0,256.0,295.0,297.0,257.0,257.0,267.0,199.5,0.02024074302460524,3,1
random,400,19,160,113.0,143.0,163.0,169.0,140.0,140.0,155.0,199.5,0.02024074302460524,3,1
random,400,19,161,113.0,100.0,139.0,128.0,113.0,113.0,145.0,199.5,0.02024074302460524,3,1
random,400,19,162,72.0,63.0,96.0,99.0,63.0,63.0,109.0,199.5,0.02024074302460524,3,1
random,400,19,163,165.0,175.0,189.0,196.0,174.0,174.0,204.0,199.5,0.02024074302460524,3,1
random,400,19,164,225.0,228.0,253.0,256.0,234.0,234.0,260.0,199.5,0.02024074302460524,3,1
random,400,19,165,225.0,277.0,276.0,274.0,278.0,278.0,242.0,199.5,0.02024074302460524,3,1
random,400,19,166,72.0,187.0,115.0,107.0,172.0,172.0,76.0,199.5,0.02024074302460524,3,1
random,400,19,167,383.0,399.0,392.0,391.0,399.0,399.0,383.0,199.5,0.02024074302460524,3,1
random,400,19,168,383.0,396.0,389.0,387.0,396.0,396.0,387.0,199.5,0.02024074302460524,3,1
random,400,19,169,397.0,397.0,397.0,398.0,397.0,397.0,398.0,199.5,0.02024074302460524,3,1
random,400,19,170,45.0,94.0,84.0,82.0,92.0,92.0,50.0,199.5,0.02024074302460524,3,1
random,400,19,171,165.0,233.0,186.0,185.0,225.0,225.0,176.0,199.5,0.02024074302460524,3,1
random,400,19,172,20.0,27.0,23.0,22.0,28.0,28.0,22.0,199.5,0.02024074302460524,3,1
random,400,19,173,165.0,192.0,197.0,195.0,194.0,194.0,201.0,199.5,0.02024074302460524,3,1
random,400,19,174,275.0,306.0,280.0,278.0,305.0,305.0,290.0,199.5,0.02024074302460524,3,1
random,400,19,175,275.0,274.0,274.0,275.0,272.0,272.0,306.0,199.5,0.02024074302460524,3,1
random,400,19,176,165.0,289.0,120.0,112.0,275.0,275.0,143.0,199.5,0.02024074302460524,3,1
random,400,19,177,315.0,311.0,308.0,308.0,312.0,312.0,333.0,199.5,0.02024074302460524,3,1
random,400,19,178,354.0,382.0,353.0,351.0,381.0,381.0,359.0,199.5,0.02024074302460524,3,1
random,400,19,179,225.0,200.0,271.0,271.0,209.0,209.0,271.0,199.5,0.02024074302460524,3,1
random,400,19,180,275.0,272.0,278.0,276.0,273.0,273.0,297.0,199.5,0.02024074302460524,3,1
random,400,19,181,354.0,374.0,347.0,345.0,374.0,374.0,356.0,199.5,0.02024074302460524,3,1
random,400,19,182,165.0,227.0,190.0,194.0,222.0,222.0,182.0,199.5,0.02024074302460524,3,1
random,400,19,183,1.0,1.0,1.0,1.0,1.0,1.0,1.0,199.5,0.02024074302460524,3,1
random,400,19,184,275.0,262.0,301.0,299.0,266.0,266.0,310.0,199.5,0.02024074302460524,3,1
random,400,19,185,72.0,125.0,87.0,88.0,119.0,119.0,86.0,199.5,0.02024074302460524,3,1
random,400,19,186,225.0,283.0,235.0,235.0,270.0,270.0,238.0,199.5,0.02024074302460524,3,1
random,400,19,187,354.0,325.0,385.0,389.0,332.0,332.0,379.0,199.5,0.02024074302460524,3,1
random,400,19,188,275.0,281.0,279.0,286.0,284.0,284.0,304.0,199.5,0.02024074302460524,3,1
random,400,19,189,165.0,241.0,181.0,178.0,240.0,240.0,172.0,199.5,0.02024074302460524,3,1
random,400,19,190,315.0,361.0,336.0,333.0,358.0,358.0,324.0,199.5,0.02024074302460524,3,1
random,400,19,191,315.0,329.0,319.0,318.0,329.0,329.0,337.0,199.5,0.02024074302460524,3,1
random,400,19,192,354.0,391.0,375.0,375.0,391.0,391.0,357.0,199.5,0.02024074302460524,3,1
random,400,19,193,354.0,335.0,349.0,348.0,336.0,336.0,368.0,199.5,0.02024074302460524,3,1
random,400,19,194,45.0,45.0,27.0,27.0,45.0,45.0,47.0,199.5,0.02024074302460524,3,1
random,400,19,195,315.0,368.0,363.0,363.0,367.0,367.0,331.0,199.5,0.02024074302460524,3,1
random,400,19,196,225.0,262.0,263.0,263.0,262.0,262.0,255.0,199.5,0.02024074302460524,3,1
random,400,19,197,165.0,173.0,213.0,214.0,175.0,175.0,211.0,199.5,0.02024074302460524,3,1
random,400,19,198,165.0,91.0,217.0,224.0,110.0,110.0,219.0,199.5,0.02024074302460524,3,1
random,400,19,199,72.0,100.0,117.0,122.0,104.0,104.0,99.0,199.5,0.02024074302460524,3,1
random,400,19,200,113.0,109.0,100.0,97.0,106.0,106.0,147.0,199.5,0.02024074302460524,3,1
random,400,19,201,165.0,192.0,176.0,180.0,192.0,192.0,184.0,199.5,0.02024074302460524,3,1
random,400,19,202,165.0,179.0,208.0,212.0,178.0,178.0,210.0,199.5,0.02024074302460524,3,1
random,400,19,203,72.0,94.0,79.0,86.0,89.0,89.0,88.0,199.5,0.02024074302460524,3,1
random,400,19,204,113.0,162.0,136.0,137.0,160.0,160.0,126.0,199.5,0.02024074302460524,3,1
random,400,19,205,11.0,25.0,14.0,15.0,21.0,21.0,14.0,199.5,0.02024074302460524,3,1
random,400,19,206,354.0,353.0,362.0,362.0,359.0,359.0,372.0,199.5,0.02024074302460524,3,1
random,400,19,207,72.0,129.0,98.0,96.0,127.0,127.0,90.0,199.5,0.02024074302460524,3,1
random,400,19,208,28.0,16.0,34.0,36.0,17.0,17.0,44.0,199.5,0.02024074302460524,3,1
random,400,19,209,165.0,143.0,175.0,177.0,159.0,159.0,202.0,199.5,0.02024074302460524,3,1
random,400,19,210,113.0,57.0,161.0,170.0,62.0,62.0,164.0,199.5,0.02024074302460524,3,1
random,400,19,211,28.0,33.0,36.0,35.0,32.0,32.0,38.0,199.5,0.02024074302460524,3,1
random,400,19,212,354.0,385.0,370.0,370.0,384.0,384.0,360.0,199.5,0.02024074302460524,3,1
random,400,19,213,383.0,384.0,390.0,390.0,387.0,387.0,389.0,199.5,0.02024074302460524,3,1
random,400,19,214,72.0,112.0,107.0,111.0,109.0,109.0,100.0,199.5,0.02024074302460524,3,1
random,400,19,215,28.0,29.0,32.0,32.0,30.0,30.0,36.0,199.5,0.02024074302460524,3,1
random,400,19,216,45.0,42.0,56.0,59.0,43.0,43.0,67.0,199.5,0.02024074302460524,3,1
random,400,19,217,354.0,338.0,394.0,395.0,340.0,340.0,380.0,199.5,0.02024074302460524,3,1
random,400,19,218,113.0,164.0,152.0,154.0,161.0,161.0,150.0,199.5,0.02024074302460524,3,1
random,400,19,219,225.0,203.0,270.0,272.0,213.0,213.0,266.0,199.5,0.02024074302460524,3,1
random,400,19,220,315.0,319.0,357.0,361.0,320.0,320.0,350.0,199.5,0.02024074302460524,3,1
random,400,19,221,113.0,247.0,153.0,145.0,231.0,231.0,116.0,199.5,0.02024074302460524,3,1
random,400,19,222,72.0,76.0,94.0,93.0,76.0,76.0,92.0,199.5,0.02024074302460524,3,1
random,400,19,223,397.0,392.0,400.0,400.0,392.0,392.0,400.0,199.5,0.02024074302460524,3,1
random,400,19,224,275.0,265.0,214.0,208.0,268.0,268.0,278.0,199.5,0.02024074302460524,3,1
random,400,19,225,11.0,9.0,21.0,21.0,12.0,12.0,17.0,199.5,0.02024074302460524,3,1
random,400,19,226,72.0,50.0,89.0,87.0,55.0,55.0,111.0,199.5,0.02024074302460524,3,1
random,400,19,227,315.0,321.0,327.0,326.0,322.0,322.0,339.0,199.5,0.02024074302460524,3,1
random,400,19,228,225.0,228.0,254.0,259.0,235.0,235.0,262.0,199.5,0.02024074302460524,3,1
random,400,19,229,28.0,36.0,50.0,51.0,35.0,35.0,42.0,199.5,0.02024074302460524,3,1
random,400,19,230,113.0,205.0,150.0,157.0,193.0,193.0,124.0,199.5,0.02024074302460524,3,1
random,400,19,231,113.0,94.0,144.0,146.0,101.0,101.0,158.0,199.5,0.02024074302460524,3,1
random,400,19,232,113.0,122.0,127.0,129.0,123.0,123.0,157.0,199.5,0.02024074302460524,3,1
random,400,19,233,315.0,268.0,324.0,329.0,279.0,279.0,352.0,199.5,0.02024074302460524,3,1
random,400,19,234,315.0,314.0,354.0,355.0,314.0,314.0,348.0,199.5,0.02024074302460524,3,1
random,400,19,235,315.0,309.0,326.0,323.0,309.0,309.0,330.0,199.5,0.02024074302460524,3,1
random,400,19,236,225.0,321.0,204.0,201.0,315.0,315.0,223.0,199.5,0.02024074302460524,3,1
random,400,19,237,354.0,351.0,358.0,358.0,356.0,356.0,369.0,199.5,0.02024074302460524,3,1
random,400,19,238,225.0,264.0,264.0,268.0,259.0,259.0,259.0,199.5,0.02024074302460524,3,1
random,400,19,239,72.0,132.0,82.0,84.0,132.0,132.0,81.0,199.5,0.02024074302460524,3,1
random,400,19,240,354.0,332.0,382.0,382.0,335.0,335.0,381.0,199.5,0.02024074302460524,3,1
random,400,19,241,165.0,207.0,196.0,186.0,208.0,208.0,179.0,199.5,0.02024074302460524,3,1
random,400,19,242,165.0,118.0,244.0,252.0,124.0,124.0,225.0,199.5,0.02024074302460524,3,1
random,400,19,243,113.0,135.0,141.0,141.0,137.0,137.0,149.0,199.5,0.02024074302460524,3,1
random,400,19,244,45.0,53.0,42.0,42.0,53.0,53.0,57.0,199.5,0.02024074302460524,3,1
random,400,19,245,113.0,211.0,121.0,120.0,200.0,200.0,118.0,199.5,0.02024074302460524,3,1
random,400,19,246,165.0,81.0,162.0,174.0,95.0,95.0,213.0,199.5,0.02024074302460524,3,1
random,400,19,247,28.0,23.0,30.0,29.0,25.0,25.0,40.0,199.5,0.02024074302460524,3,1
random,400,19,248,165.0,152.0,159.0,155.0,158.0,158.0,198.0,199.5,0.02024074302460524,3,1
random,400,19,249,383.0,393.0,361.0,357.0,393.0,393.0,384.0,199.5,0.02024074302460524,3,1
random,400,19,250,225.0,189.0,248.0,249.0,202.0,202.0,257.0,199.5,0.02024074302460524,3,1
random,400,19,251,275.0,283.0,325.0,324.0,288.0,288.0,307.0,199.5,0.02024074302460524,3,1
random,400,19,252,225.0,164.0,250.0,254.0,188.0,188.0,261.0,199.5,0.02024074302460524,3,1
random,400,19,253,315.0,297.0,344.0,346.0,300.0,300.0,351.0,199.5,0.02024074302460524,3,1
random,400,19,254,397.0,394.0,399.0,399.0,394.0,394.0,399.0,199.5,0.02024074302460524,3,1
random,400,19,255,113.0,218.0,156.0,161.0,203.0,203.0,121.0,199.5,0.02024074302460524,3,1
random,400,19,256,354.0,348.0,364.0,364.0,357.0,357.0,366.0,199.5,0.02024074302460524,3,1
random,400,19,257,225.0,238.0,249.0,243.0,246.0,246.0,243.0,199.5,0.02024074302460524,3,1
random,400,19,258,113.0,112.0,108.0,108.0,118.0,118.0,133.0,199.5,0.02024074302460524,3,1
random,400,19,259,72.0,123.0,114.0,117.0,117.0,117.0,97.0,199.5,0.02024074302460524,3,1
random,400,19,260,113.0,76.0,145.0,140.0,88.0,88.0,159.0,199.5,0.02024074302460524,3,1
random,400,19,261,113.0,171.0,123.0,121.0,163.0,163.0,129.0,199.5,0.02024074302460524,3,1
random,400,19,262,72.0,85.0,116.0,118.0,83.0,83.0,106.0,199.5,0.02024074302460524,3,1
random,400,19,263,113.0,74.0,119.0,123.0,85.0,85.0,151.0,199.5,0.02024074302460524,3,1
random,400,19,264,45.0,36.0,59.0,60.0,37.0,37.0,70.0,199.5,0.02024074302460524,3,1
random,400,19,265,275.0,288.0,304.0,304.0,292.0,292.0,303.0,199.5,0.02024074302460524,3,1
random,400,19,266,113.0,71.0,140.0,143.0,78.0,78.0,163.0,199.5,0.02024074302460524,3,1
random,400,19,267,45.0,57.0,53.0,52.0,59.0,59.0,56.0,199.5,0.02024074302460524,3,1
random,400,19,268,315.0,303.0,320.0,319.0,308.0,308.0,342.0,199.5,0.02024074302460524,3,1
random,400,19,269,315.0,344.0,312.0,311.0,346.0,346.0,321.0,199.5,0.02024074302460524,3,1
random,400,19,270,72.0,100.0,78.0,77.0,104.0,104.0,83.0,199.5,0.02024074302460524,3,1
random,400,19,271,354.0,316.0,371.0,372.0,324.0,324.0,378.0,199.5,0.02024074302460524,3,1
random,400,19,272,315.0,325.0,340.0,342.0,327.0,327.0,341.0,199.5,0.02024074302460524,3,1
random,400,19,273,383.0,374.0,387.0,388.0,376.0,376.0,395.0,199.5,0.02024074302460524,3,1
random,400,19,274,354.0,378.0,365.0,367.0,378.0,378.0,355.0,199.5,0.02024074302460524,3,1
random,400,19,275,113.0,56.0,124.0,130.0,66.0,66.0,156.0,199.5,0.02024074302460524,3,1
random,400,19,276,275.0,277.0,303.0,300.0,285.0,285.0,308.0,199.5,0.02024074302460524,3,1
random,400,19,277,354.0,366.0,378.0,379.0,366.0,366.0,374.0,199.5,0.02024074302460524,3,1
random,400,19,278,113.0,143.0,146.0,144.0,145.0,145.0,134.0,199.5,0.02024074302460524,3,1
random,400,19,279,165.0,225.0,165.0,158.0,222.0,222.0,169.0,199.5,0.02024074302460524,3,1
random,400,19,280,397.0,400.0,398.0,397.0,400.0,400.0,397.0,199.5,0.02024074302460524,3,1
random,400,19,281,6.0,17.0,10.0,9.0,16.0,16.0,6.0,199.5,0.02024074302460524,3,1
random,400,19,282,225.0,207.0,238.0,236.0,218.0,218.0,254.0,199.5,0.02024074302460524,3,1
random,400,19,283,72.0,135.0,131.0,131.0,131.0,131.0,103.0,199.5,0.02024074302460524,3,1
random,400,19,284,72.0,123.0,86.0,85.0,119.0,119.0,85.0,199.5,0.02024074302460524,3,1
random,400,19,285,20.0,53.0,20.0,19.0,47.0,47.0,20.0,199.5,0.02024074302460524,3,1
random,400,19,286,11.0,3.0,9.0,8.0,3.0,3.0,18.0,199.5,0.02024074302460524,3,1
random,400,19,287,225.0,253.0,261.0,258.0,261.0,261.0,244.0,199.5,0.02024074302460524,3,1
random,400,19,288,165.0,159.0,237.0,251.0,169.0,169.0,218.0,199.5,0.02024074302460524,3,1
random,400,19,289,354.0,385.0,373.0,373.0,382.0,382.0,364.0,199.5,0.02024074302460524,3,1
random,400,19,290,225.0,169.0,267.0,269.0,189.0,189.0,265.0,199.5,0.02024074302460524,3,1
random,400,19,291,225.0,285.0,257.0,255.0,276.0,276.0,237.0,199.5,0.02024074302460524,3,1
random,400,19,292,165.0,238.0,207.0,209.0,233.0,233.0,195.0,199.5,0.02024074302460524,3,1
random,400,19,293,165.0,214.0,188.0,184.0,209.0,209.0,177.0,199.5,0.02024074302460524,3,1
random,400,19,294,45.0,35.0,44.0,46.0,39.0,39.0,58.0,199.5,0.02024074302460524,3,1
random,400,19,295,6.0,5.0,8.0,10.0,5.0,5.0,9.0,199.5,0.02024074302460524,3,1
random,400,19,296,6.0,4.0,5.0,5.0,4.0,4.0,8.0,199.5,0.02024074302460524,3,1
random,400,19,297,165.0,179.0,179.0,176.0,185.0,185.0,174.0,199.5,0.02024074302460524,3,1
random,400,19,298,315.0,310.0,273.0,273.0,310.0,310.0,319.0,199.5,0.02024074302460524,3,1
random,400,19,299,28.0,21.0,29.0,30.0,24.0,24.0,41.0,199.5,0.02024074302460524,3,1
random,400,19,300,113.0,81.0,113.0,114.0,91.0,91.0,138.0,199.5,0.02024074302460524,3,1
random,400,19,301,354.0,358.0,376.0,376.0,361.0,361.0,375.0,199.5,0.02024074302460524,3,1
random,400,19,302,45.0,68.0,76.0,79.0,65.0,65.0,62.0,199.5,0.02024074302460524,3,1
random,400,19,303,11.0,18.0,13.0,11.0,19.0,19.0,11.0,199.5,0.02024074302460524,3,1
random,400,19,304,28.0,112.0,28.0,28.0,86.0,86.0,29.0,199.5,0.02024074302460524,3,1
random,400,19,305,165.0,142.0,166.0,167.0,150.0,150.0,192.0,199.5,0.02024074302460524,3,1
random,400,19,306,72.0,57.0,110.0,115.0,61.0,61.0,110.0,199.5,0.02024074302460524,3,1
random,400,19,307,72.0,249.0,111.0,109.0,232.0,232.0,72.0,199.5,0.02024074302460524,3,1
random,400,19,308,315.0,316.0,360.0,359.0,321.0,321.0,345.0,199.5,0.02024074302460524,3,1
random,400,19,309,165.0,166.0,191.0,191.0,166.0,166.0,199.0,199.5,0.02024074302460524,3,1
random,400,19,310,165.0,292.0,177.0,172.0,282.0,282.0,166.0,199.5,0.02024074302460524,3,1
random,400,19,311,165.0,129.0,221.0,220.0,142.0,142.0,217.0,199.5,0.02024074302460524,3,1
random,400,19,312,275.0,285.0,282.0,279.0,286.0,286.0,299.0,199.5,0.02024074302460524,3,1
random,400,19,313,72.0,140.0,106.0,106.0,129.0,129.0,96.0,199.5,0.02024074302460524,3,1
random,400,19,314,165.0,156.0,256.0,266.0,164.0,164.0,221.0,199.5,0.02024074302460524,3,1
random,400,19,315,113.0,143.0,154.0,151.0,143.0,143.0,135.0,199.5,0.02024074302460524,3,1
random,400,19,316,28.0,40.0,41.0,43.0,38.0,38.0,39.0,199.5,0.02024074302460524,3,1
random,400,19,317,225.0,223.0,222.0,219.0,229.0,229.0,240.0,199.5,0.02024074302460524,3,1
random,400,19,318,72.0,65.0,103.0,102.0,70.0,70.0,108.0,199.5,0.02024074302460524,3,1
random,400,19,319,383.0,388.0,393.0,394.0,389.0,389.0,392.0,199.5,0.02024074302460524,3,1
random,400,19,320,315.0,363.0,305.0,307.0,360.0,360.0,318.0,199.5,0.02024074302460524,3,1
random,400,19,321,165.0,211.0,157.0,156.0,211.0,211.0,170.0,199.5,0.02024074302460524,3,1
random,400,19,322,165.0,183.0,192.0,198.0,186.0,186.0,206.0,199.5,0.02024074302460524,3,1
random,400,19,323,275.0,335.0,315.0,314.0,331.0,331.0,285.0,199.5,0.02024074302460524,3,1
random,400,19,324,113.0,236.0,168.0,166.0,227.0,227.0,120.0,199.5,0.02024074302460524,3,1
random,400,19,325,28.0,132.0,43.0,41.0,115.0,115.0,28.0,199.5,0.02024074302460524,3,1
random,400,19,326,165.0,268.0,231.0,227.0,263.0,263.0,168.0,199.5,0.02024074302460524,3,1
random,400,19,327,275.0,306.0,299.0,301.0,306.0,306.0,289.0,199.5,0.02024074302460524,3,1
random,400,19,328,3.0,13.0,4.0,4.0,13.0,13.0,3.0,199.5,0.02024074302460524,3,1
random,400,19,329,11.0,8.0,11.0,12.0,8.0,8.0,16.0,199.5,0.02024074302460524,3,1
random,400,19,330,275.0,294.0,330.0,330.0,298.0,298.0,309.0,199.5,0.02024074302460524,3,1
random,400,19,331,275.0,362.0,290.0,282.0,350.0,350.0,276.0,199.5,0.02024074302460524,3,1
random,400,19,332,28.0,121.0,35.0,34.0,93.0,93.0,30.0,199.5,0.02024074302460524,3,1
random,400,19,333,72.0,104.0,99.0,98.0,97.0,97.0,98.0,199.5,0.02024074302460524,3,1
random,400,19,334,383.0,390.0,396.0,396.0,390.0,390.0,396.0,199.5,0.02024074302460524,3,1
random,400,19,335,165.0,214.0,200.0,199.0,205.0,205.0,181.0,199.5,0.02024074302460524,3,1
random,400,19,336,113.0,135.0,215.0,226.0,146.0,146.0,161.0,199.5,0.02024074302460524,3,1
random,400,19,337,275.0,207.0,258.0,260.0,226.0,226.0,295.0,199.5,0.02024074302460524,3,1
random,400,19,338,383.0,369.0,380.0,378.0,371.0,371.0,391.0,199.5,0.02024074302460524,3,1
random,400,19,339,354.0,335.0,391.0,392.0,338.0,338.0,382.0,199.5,0.02024074302460524,3,1
random,400,19,340,28.0,111.0,49.0,49.0,90.0,90.0,32.0,199.5,0.02024074302460524,3,1
random,400,19,341,20.0,14.0,25.0,25.0,15.0,15.0,26.0,199.5,0.02024074302460524,3,1
random,400,19,342,315.0,369.0,348.0,350.0,368.0,368.0,326.0,199.5,0.02024074302460524,3,1
random,400,19,343,72.0,100.0,109.0,113.0,94.0,94.0,105.0,199.5,0.02024074302460524,3,1
random,400,19,344,113.0,251.0,77.0,74.0,242.0,242.0,87.0,199.5,0.02024074302460524,3,1
random,400,19,345,225.0,281.0,232.0,228.0,273.0,273.0,230.0,199.5,0.02024074302460524,3,1
random,400,19,346,2.0,2.0,2.0,2.0,2.0,2.0,2.0,199.5,0.02024074302460524,3,1
random,400,19,347,45.0,61.0,57.0,58.0,56.0,56.0,60.0,199.5,0.02024074302460524,3,1
random,400,19,348,28.0,65.0,31.0,31.0,58.0,58.0,31.0,199.5,0.02024074302460524,3,1
random,400,19,349,225.0,231.0,233.0,234.0,235.0,235.0,252.0,199.5,0.02024074302460524,3,1
random,400,19,350,315.0,341.0,346.0,347.0,341.0,341.0,335.0,199.5,0.02024074302460524,3,1
random,400,19,351,275.0,295.0,291.0,292.0,295.0,295.0,288.0,199.5,0.02024074302460524,3,1
random,400,19,352,315.0,313.0,339.0,339.0,316.0,316.0,340.0,199.5,0.02024074302460524,3,1
random,400,19,353,20.0,20.0,38.0,39.0,20.0,20.0,27.0,199.5,0.02024074302460524,3,1
random,400,19,354,72.0,88.0,143.0,150.0,87.0,87.0,112.0,199.5,0.02024074302460524,3,1
random,400,19,355,275.0,353.0,318.0,320.0,349.0,349.0,284.0,199.5,0.02024074302460524,3,1
random,400,19,356,315.0,334.0,338.0,338.0,334.0,334.0,334.0,199.5,0.02024074302460524,3,1
random,400,19,357,225.0,192.0,216.0,210.0,204.0,204.0,235.0,199.5,0.02024074302460524,3,1
random,400,19,358,315.0,382.0,337.0,332.0,379.0,379.0,315.0,199.5,0.02024074302460524,3,1
random,400,19,359,45.0,85.0,51.0,50.0,79.0,79.0,45.0,199.5,0.02024074302460524,3,1
random,400,19,360,165.0,129.0,151.0,152.0,136.0,136.0,196.0,199.5,0.02024074302460524,3,1
random,400,19,361,354.0,377.0,383.0,383.0,375.0,375.0,370.0,199.5,0.02024074302460524,3,1
random,400,19,362,45.0,88.0,63.0,66.0,76.0,76.0,52.0,199.5,0.02024074302460524,3,1
random,400,19,363,45.0,50.0,54.0,53.0,48.0,48.0,61.0,199.5,0.02024074302460524,3,1
random,400,19,364,72.0,81.0,60.0,57.0,81.0,81.0,82.0,199.5,0.02024074302460524,3,1
random,400,19,365,45.0,169.0,68.0,69.0,149.0,149.0,46.0,199.5,0.02024074302460524,3,1
random,400,19,366,113.0,150.0,138.0,142.0,146.0,146.0,139.0,199.5,0.02024074302460524,3,1
random,400,19,367,45.0,57.0,52.0,55.0,60.0,60.0,49.0,199.5,0.02024074302460524,3,1
random,400,19,368,275.0,268.0,288.0,285.0,267.0,267.0,305.0,199.5,0.02024074302460524,3,1
random,400,19,369,72.0,104.0,85.0,83.0,100.0,100.0,89.0,199.5,0.02024074302460524,3,1
random,400,19,370,3.0,7.0,3.0,3.0,6.0,6.0,4.0,199.5,0.02024074302460524,3,1
random,400,19,371,383.0,380.0,386.0,385.0,386.0,386.0,393.0,199.5,0.02024074302460524,3,1
random,400,19,372,45.0,91.0,66.0,64.0,80.0,80.0,66.0,199.5,0.02024074302460524,3,1
random,400,19,373,225.0,275.0,225.0,222.0,269.0,269.0,231.0,199.5,0.02024074302460524,3,1
random,400,19,374,11.0,10.0,22.0,23.0,9.0,9.0,19.0,199.5,0.02024074302460524,3,1
random,400,19,375,225.0,253.0,268.0,270.0,255.0,255.0,250.0,199.5,0.02024074302460524,3,1
random,400,19,376,275.0,293.0,311.0,310.0,296.0,296.0,296.0,199.5,0.02024074302460524,3,1
random,400,19,377,3.0,12.0,7.0,7.0,10.0,10.0,5.0,199.5,0.02024074302460524,3,1
random,400,19,378,225.0,132.0,228.0,230.0,155.0,155.0,269.0,199.5,0.02024074302460524,3,1
random,400,19,379,45.0,39.0,48.0,48.0,44.0,44.0,54.0,199.5,0.02024074302460524,3,1
random,400,19,380,165.0,171.0,160.0,159.0,168.0,168.0,189.0,199.5,0.02024074302460524,3,1
random,400,19,381,72.0,70.0,97.0,100.0,69.0,69.0,104.0,199.5,0.02024074302460524,3,1
random,400,19,382,275.0,277.0,289.0,291.0,286.0,286.0,293.0,199.5,0.02024074302460524,3,1
random,400,19,383,315.0,315.0,313.0,313.0,318.0,318.0,332.0,199.5,0.02024074302460524,3,1
random,400,19,384,20.0,27.0,16.0,16.0,25.0,25.0,21.0,199.5,0.02024074302460524,3,1
random,400,19,385,315.0,356.0,345.0,344.0,350.0,351.0,329.0,199.5,0.02024074302460524,3,1
random,400,19,386,165.0,104.0,173.0,168.0,116.0,116.0,216.0,199.5,0.02024074302460524,3,1
random,400,19,387,165.0,173.0,195.0,190.0,179.0,179.0,187.0,199.5,0.02024074302460524,3,1
random,400,19,388,315.0,348.0,317.0,316.0,345.0,345.0,328.0,199.5,0.02024074302460524,3,1
random,400,19,389,225.0,94.0,224.0,232.0,122.0,122.0,273.0,199.5,0.02024074302460524,3,1
random,400,19,390,225.0,256.0,283.0,283.0,254.0,254.0,263.0,199.5,0.02024074302460524,3,1
random,400,19,391,165.0,220.0,219.0,218.0,216.0,216.0,194.0,199.5,0.02024074302460524,3,1
random,400,19,392,113.0,125.0,178.0,181.0,128.0,128.0,162.0,199.5,0.02024074302460524,3,1
random,400,19,393,315.0,327.0,342.0,343.0,333.0,333.0,338.0,199.5,0.02024074302460524,3,1
random,400,19,394,165.0,211.0,211.0,215.0,214.0,214.0,188.0,199.5,0.02024074302460524,3,1
random,400,19,395,165.0,256.0,194.0,193.0,247.0,247.0,175.0,199.5,0.02024074302460524,3,1
random,400,19,396,45.0,152.0,95.0,91.0,138.0,138.0,48.0,199.5,0.02024074302460524,3,1
random,400,19,397,11.0,15.0,17.0,20.0,14.0,14.0,15.0,199.5,0.02024074302460524,3,1
random,400,19,398,165.0,112.0,240.0,247.0,126.0,126.0,222.0,199.5,0.02024074302460524,3,1
random,400,19,399,72.0,157.0,80.0,80.0,144.0,144.0,77.0,199.5,0.02024074302460524,3,1
random,400,20,0,48.0,73.0,46.0,44.0,76.0,76.0,47.0,199.5,0.01991107462798636,3,1
random,400,20,1,26.0,29.0,33.0,34.0,25.0,25.0,41.0,199.5,0.01991107462798636,3,1
random,400,20,2,217.0,218.0,249.0,246.0,224.0,224.0,250.0,199.5,0.01991107462798636,3,1
random,400,20,3,48.0,57.0,51.0,51.0,53.0,53.0,62.0,199.5,0.01991107462798636,3,1
random,400,20,4,48.0,80.0,60.0,55.0,85.0,85.0,51.0,199.5,0.01991107462798636,3,1
random,400,20,5,48.0,33.0,35.0,33.0,42.0,42.0,58.0,199.5,0.01991107462798636,3,1
random,400,20,6,4.0,4.0,4.0,4.0,5.0,5.0,5.0,199.5,0.01991107462798636,3,1
random,400,20,7,217.0,305.0,277.0,280.0,299.0,299.0,240.0,199.5,0.01991107462798636,3,1
random,400,20,8,48.0,23.0,61.0,63.0,30.0,30.0,75.0,199.5,0.01991107462798636,3,1
random,400,20,9,328.0,326.0,351.0,347.0,331.0,331.0,348.0,199.5,0.01991107462798636,3,1
random,400,20,10,364.0,380.0,373.0,372.0,380.0,380.0,374.0,199.5,0.01991107462798636,3,1
random,400,20,11,161.0,235.0,253.0,247.0,230.0,230.0,189.0,199.5,0.01991107462798636,3,1
random,400,20,12,26.0,7.0,34.0,36.0,10.0,10.0,46.0,199.5,0.01991107462798636,3,1
random,400,20,13,273.0,314.0,338.0,341.0,314.0,314.0,308.0,199.5,0.01991107462798636,3,1
random,400,20,14,161.0,137.0,217.0,212.0,147.0,147.0,210.0,199.5,0.01991107462798636,3,1
random,400,20,15,161.0,190.0,210.0,207.0,189.0,189.0,181.0,199.5,0.01991107462798636,3,1
random,400,20,16,385.0,370.0,387.0,387.0,375.0,375.0,390.0,199.5,0.01991107462798636,3,1
random,400,20,17,217.0,312.0,237.0,232.0,305.0,305.0,221.0,199.5,0.01991107462798636,3,1
random,400,20,18,26.0,37.0,39.0,38.0,37.0,37.0,42.0,199.5,0.01991107462798636,3,1
random,400,20,19,161.0,159.0,201.0,202.0,158.0,158.0,204.0,199.5,0.01991107462798636,3,1
random,400,20,20,10.0,32.0,20.0,22.0,27.0,27.0,16.0,199.5,0.01991107462798636,3,1
random,400,20,21,217.0,283.0,212.0,206.0,282.0,282.0,224.0,199.5,0.01991107462798636,3,1
random,400,20,22,115.0,122.0,149.0,157.0,129.0,129.0,144.0,199.5,0.01991107462798636,3,1
random,400,20,23,10.0,23.0,23.0,26.0,18.0,18.0,21.0,199.5,0.01991107462798636,3,1
random,400,20,24,328.0,322.0,356.0,358.0,326.0,326.0,357.0,199.5,0.01991107462798636,3,1
random,400,20,25,217.0,226.0,182.0,173.0,227.0,227.0,227.0,199.5,0.01991107462798636,3,1
random,400,20,26,328.0,320.0,350.0,348.0,325.0,325.0,355.0,199.5,0.01991107462798636,3,1
random,400,20,27,273.0,286.0,345.0,354.0,296.0,296.0,312.0,199.5,0.01991107462798636,3,1
random,400,20,28,217.0,286.0,226.0,223.0,284.0,284.0,226.0,199.5,0.01991107462798636,3,1
random,400,20,29,385.0,377.0,393.0,393.0,377.0,377.0,392.0,199.5,0.01991107462798636,3,1
random,400,20,30,81.0,86.0,87.0,87.0,84.0,84.0,108.0,199.5,0.01991107462798636,3,1
random,400,20,31,328.0,309.0,340.0,342.0,311.0,311.0,354.0,199.5,0.01991107462798636,3,1
random,400,20,32,26.0,26.0,37.0,37.0,26.0,26.0,40.0,199.5,0.01991107462798636,3,1
random,400,20,33,81.0,48.0,92.0,88.0,62.0,62.0,98.0,199.5,0.01991107462798636,3,1
random,400,20,34,161.0,169.0,148.0,156.0,168.0,168.0,182.0,199.5,0.01991107462798636,3,1
random,400,20,35,328.0,373.0,347.0,345.0,367.0,367.0,337.0,199.5,0.01991107462798636,3,1
random,400,20,36,217.0,265.0,188.0,191.0,265.0,265.0,222.0,199.5,0.01991107462798636,3,1
random,400,20,37,364.0,358.0,372.0,373.0,362.0,362.0,377.0,199.5,0.01991107462798636,3,1
random,400,20,38,273.0,335.0,282.0,278.0,333.0,333.0,278.0,199.5,0.01991107462798636,3,1
random,400,20,39,273.0,223.0,296.0,296.0,234.0,234.0,322.0,199.5,0.01991107462798636,3,1
random,400,20,40,115.0,102.0,115.0,117.0,109.0,109.0,134.0,199.5,0.01991107462798636,3,1
random,400,20,41,217.0,256.0,310.0,312.0,251.0,251.0,267.0,199.5,0.01991107462798636,3,1
random,400,20,42,364.0,382.0,375.0,374.0,384.0,384.0,372.0,199.5,0.01991107462798636,3,1
random,400,20,43,115.0,195.0,96.0,92.0,181.0,181.0,117.0,199.5,0.01991107462798636,3,1
random,400,20,44,328.0,306.0,368.0,370.0,315.0,315.0,362.0,199.5,0.01991107462798636,3,1
random,400,20,45,217.0,242.0,245.0,250.0,242.0,242.0,247.0,199.5,0.01991107462798636,3,1
random,400,20,46,328.0,320.0,336.0,338.0,321.0,321.0,352.0,199.5,0.01991107462798636,3,1
random,400,20,47,81.0,100.0,64.0,65.0,103.0,103.0,91.0,199.5,0.01991107462798636,3,1
random,400,20,48,364.0,363.0,370.0,369.0,365.0,365.0,378.0,199.5,0.01991107462798636,3,1
random,400,20,49,161.0,164.0,180.0,179.0,170.0,170.0,199.0,199.5,0.01991107462798636,3,1
random,400,20,50,4.0,2.0,6.0,6.0,3.0,3.0,8.0,199.5,0.01991107462798636,3,1
random,400,20,51,81.0,200.0,91.0,86.0,183.0,183.0,82.0,199.5,0.01991107462798636,3,1
random,400,20,52,48.0,26.0,25.0,23.0,33.0,33.0,55.0,199.5,0.01991107462798636,3,1
random,400,20,53,364.0,373.0,312.0,307.0,376.0,376.0,364.0,199.5,0.01991107462798636,3,1
random,400,20,54,115.0,169.0,136.0,131.0,159.0,159.0,135.0,199.5,0.01991107462798636,3,1
random,400,20,55,161.0,283.0,222.0,221.0,272.0,272.0,166.0,199.5,0.01991107462798636,3,1
random,400,20,56,161.0,153.0,178.0,175.0,163.0,163.0,193.0,199.5,0.01991107462798636,3,1
random,400,20,57,328.0,338.0,343.0,339.0,341.0,341.0,346.0,199.5,0.01991107462798636,3,1
random,400,20,58,273.0,301.0,243.0,244.0,303.0,303.0,279.0,199.5,0.01991107462798636,3,1
random,400,20,59,273.0,365.0,292.0,292.0,361.0,361.0,274.0,199.5,0.01991107462798636,3,1
random,400,20,60,81.0,73.0,75.0,72.0,78.0,78.0,95.0,199.5,0.01991107462798636,3,1
random,400,20,61,161.0,200.0,168.0,162.0,206.0,206.0,172.0,199.5,0.01991107462798636,3,1
random,400,20,62,26.0,20.0,41.0,42.0,24.0,24.0,37.0,199.5,0.01991107462798636,3,1
random,400,20,63,217.0,178.0,232.0,230.0,192.0,192.0,252.0,199.5,0.01991107462798636,3,1
random,400,20,64,26.0,38.0,49.0,48.0,39.0,39.0,39.0,199.5,0.01991107462798636,3,1
random,400,20,65,48.0,55.0,102.0,107.0,51.0,51.0,80.0,199.5,0.01991107462798636,3,1
random,400,20,66,161.0,193.0,197.0,195.0,186.0,186.0,191.0,199.5,0.01991107462798636,3,1
random,400,20,67,81.0,64.0,100.0,98.0,67.0,67.0,107.0,199.5,0.01991107462798636,3,1
random,400,20,68,217.0,223.0,259.0,259.0,228.0,228.0,255.0,199.5,0.01991107462798636,3,1
random,400,20,69,161.0,171.0,155.0,154.0,171.0,171.0,196.0,199.5,0.01991107462798636,3,1
random,400,20,70,328.0,293.0,362.0,362.0,298.0,298.0,361.0,199.5,0.01991107462798636,3,1
random,400,20,71,81.0,80.0,106.0,110.0,88.0,88.0,110.0,199.5,0.01991107462798636,3,1
random,400,20,72,81.0,148.0,84.0,81.0,141.0,141.0,84.0,199.5,0.01991107462798636,3,1
random,400,20,73,385.0,389.0,386.0,386.0,389.0,389.0,389.0,199.5,0.01991107462798636,3,1
random,400,20,74,217.0,226.0,252.0,249.0,235.0,235.0,251.0,199.5,0.01991107462798636,3,1
random,400,20,75,273.0,323.0,290.0,290.0,319.0,319.0,290.0,199.5,0.01991107462798636,3,1
random,400,20,76,364.0,369.0,381.0,381.0,372.0,372.0,376.0,199.5,0.01991107462798636,3,1
random,400,20,77,26.0,47.0,44.0,50.0,45.0,45.0,43.0,199.5,0.01991107462798636,3,1
random,400,20,78,273.0,325.0,304.0,302.0,320.0,320.0,291.0,199.5,0.01991107462798636,3,1
random,400,20,79,48.0,106.0,85.0,85.0,100.0,100.0,53.0,199.5,0.01991107462798636,3,1
random,400,20,80,115.0,117.0,211.0,210.0,121.0,121.0,158.0,199.5,0.01991107462798636,3,1
random,400,20,81,48.0,73.0,95.0,100.0,69.0,69.0,72.0,199.5,0.01991107462798636,3,1
random,400,20,82,273.0,271.0,287.0,287.0,276.0,276.0,311.0,199.5,0.01991107462798636,3,1
random,400,20,83,385.0,394.0,391.0,391.0,394.0,394.0,388.0,199.5,0.01991107462798636,3,1
random,400,20,84,273.0,264.0,306.0,308.0,266.0,266.0,317.0,199.5,0.01991107462798636,3,1
random,400,20,85,10.0,39.0,24.0,20.0,34.0,34.0,14.0,199.5,0.01991107462798636,3,1
random,400,20,86,217.0,315.0,260.0,264.0,309.0,309.0,229.0,199.5,0.01991107462798636,3,1
random,400,20,87,48.0,96.0,63.0,62.0,91.0,91.0,54.0,199.5,0.01991107462798636,3,1
random,400,20,88,161.0,164.0,176.0,178.0,167.0,167.0,190.0,199.5,0.01991107462798636,3,1
random,400,20,89,328.0,342.0,366.0,365.0,342.0,342.0,358.0,199.5,0.01991107462798636,3,1
random,400,20,90,115.0,116.0,151.0,153.0,117.0,117.0,147.0,199.5,0.01991107462798636,3,1
random,400,20,91,48.0,44.0,68.0,75.0,48.0,48.0,77.0,199.5,0.01991107462798636,3,1
random,400,20,92,273.0,309.0,288.0,285.0,312.0,312.0,283.0,199.5,0.01991107462798636,3,1
random,400,20,93,217.0,267.0,196.0,187.0,267.0,267.0,219.0,199.5,0.01991107462798636,3,1
random,400,20,94,115.0,114.0,116.0,115.0,113.0,113.0,137.0,199.5,0.01991107462798636,3,1
random,400,20,95,81.0,88.0,69.0,67.0,79.0,79.0,94.0,199.5,0.01991107462798636,3,1
random,400,20,96,161.0,182.0,216.0,215.0,187.0,187.0,188.0,199.5,0.01991107462798636,3,1
random,400,20,97,115.0,79.0,129.0,127.0,89.0,89.0,154.0,199.5,0.01991107462798636,3,1
random,400,20,98,26.0,69.0,43.0,39.0,63.0,63.0,32.0,199.5,0.01991107462798636,3,1
random,400,20,99,364.0,364.0,382.0,382.0,364.0,364.0,383.0,199.5,0.01991107462798636,3,1
random,400,20,100,115.0,122.0,134.0,136.0,124.0,124.0,140.0,199.5,0.01991107462798636,3,1
random,400,20,101,217.0,256.0,228.0,224.0,255.0,255.0,238.0,199.5,0.01991107462798636,3,1
random,400,20,102,328.0,309.0,344.0,343.0,318.0,318.0,359.0,199.5,0.01991107462798636,3,1
random,400,20,103,115.0,100.0,144.0,143.0,107.0,107.0,152.0,199.5,0.01991107462798636,3,1
random,400,20,104,161.0,292.0,192.0,193.0,277.0,277.0,173.0,199.5,0.01991107462798636,3,1
random,400,20,105,48.0,62.0,57.0,54.0,61.0,61.0,66.0,199.5,0.01991107462798636,3,1
random,400,20,106,328.0,353.0,360.0,359.0,354.0,354.0,343.0,199.5,0.01991107462798636,3,1
random,400,20,107,395.0,397.0,400.0,400.0,397.0,397.0,398.0,199.5,0.01991107462798636,3,1
random,400,20,108,10.0,13.0,22.0,24.0,14.0,14.0,25.0,199.5,0.01991107462798636,3,1
random,400,20,109,26.0,42.0,47.0,53.0,40.0,40.0,38.0,199.5,0.01991107462798636,3,1
random,400,20,110,364.0,383.0,371.0,371.0,385.0,385.0,371.0,199.5,0.01991107462798636,3,1
random,400,20,111,161.0,117.0,219.0,225.0,133.0,133.0,215.0,199.5,0.01991107462798636,3,1
random,400,20,112,26.0,20.0,14.0,14.0,22.0,22.0,29.0,199.5,0.01991107462798636,3,1
random,400,20,113,217.0,247.0,231.0,229.0,256.0,256.0,242.0,199.5,0.01991107462798636,3,1
random,400,20,114,161.0,207.0,177.0,166.0,209.0,209.0,170.0,199.5,0.01991107462798636,3,1
random,400,20,115,161.0,247.0,207.0,203.0,229.0,229.0,176.0,199.5,0.01991107462798636,3,1
random,400,20,116,161.0,218.0,198.0,199.0,217.0,217.0,186.0,199.5,0.01991107462798636,3,1
random,400,20,117,81.0,97.0,79.0,79.0,97.0,97.0,106.0,199.5,0.01991107462798636,3,1
random,400,20,118,48.0,31.0,71.0,69.0,36.0,36.0,79.0,199.5,0.01991107462798636,3,1
random,400,20,119,328.0,360.0,329.0,326.0,358.0,358.0,332.0,199.5,0.01991107462798636,3,1
random,400,20,120,115.0,138.0,203.0,217.0,137.0,137.0,156.0,199.5,0.01991107462798636,3,1
random,400,20,121,217.0,239.0,167.0,172.0,231.0,231.0,225.0,199.5,0.01991107462798636,3,1
random,400,20,122,10.0,4.0,12.0,13.0,7.0,7.0,19.0,199.5,0.01991107462798636,3,1
random,400,20,123,161.0,195.0,159.0,155.0,193.0,193.0,174.0,199.5,0.01991107462798636,3,1
random,400,20,124,328.0,300.0,283.0,282.0,310.0,310.0,338.0,199.5,0.01991107462798636,3,1
random,400,20,125,115.0,89.0,152.0,158.0,98.0,98.0,157.0,199.5,0.01991107462798636,3,1
random,400,20,126,115.0,205.0,128.0,125.0,201.0,201.0,119.0,199.5,0.01991107462798636,3,1
random,400,20,127,48.0,175.0,53.0,49.0,155.0,155.0,50.0,199.5,0.01991107462798636,3,1
random,400,20,128,328.0,372.0,353.0,352.0,371.0,371.0,333.0,199.5,0.01991107462798636,3,1
random,400,20,129,217.0,239.0,258.0,256.0,238.0,238.0,246.0,199.5,0.01991107462798636,3,1
random,400,20,130,217.0,273.0,214.0,205.0,270.0,270.0,223.0,199.5,0.01991107462798636,3,1
random,400,20,131,81.0,131.0,90.0,90.0,128.0,128.0,92.0,199.5,0.01991107462798636,3,1
random,400,20,132,115.0,64.0,101.0,99.0,77.0,77.0,136.0,199.5,0.01991107462798636,3,1
random,400,20,133,217.0,267.0,273.0,276.0,269.0,269.0,253.0,199.5,0.01991107462798636,3,1
random,400,20,134,161.0,131.0,154.0,145.0,144.0,144.0,197.0,199.5,0.01991107462798636,3,1
random,400,20,135,26.0,89.0,21.0,21.0,73.0,73.0,26.0,199.5,0.01991107462798636,3,1
random,400,20,136,328.0,348.0,333.0,331.0,350.0,350.0,340.0,199.5,0.01991107462798636,3,1
random,400,20,137,10.0,48.0,18.0,16.0,41.0,41.0,10.0,199.5,0.01991107462798636,3,1
random,400,20,138,81.0,115.0,97.0,95.0,110.0,110.0,104.0,199.5,0.01991107462798636,3,1
random,400,20,139,273.0,358.0,302.0,298.0,351.0,351.0,277.0,199.5,0.01991107462798636,3,1
random,400,20,140,115.0,70.0,103.0,103.0,81.0,81.0,145.0,199.5,0.01991107462798636,3,1
random,400,20,141,81.0,80.0,113.0,114.0,86.0,86.0,109.0,199.5,0.01991107462798636,3,1
random,400,20,142,217.0,207.0,271.0,270.0,219.0,219.0,261.0,199.5,0.01991107462798636,3,1
random,400,20,143,115.0,182.0,141.0,135.0,177.0,177.0,129.0,199.5,0.01991107462798636,3,1
random,400,20,144,328.0,354.0,313.0,311.0,353.0,353.0,330.0,199.5,0.01991107462798636,3,1
random,400,20,145,161.0,110.0,153.0,147.0,117.0,117.0,206.0,199.5,0.01991107462798636,3,1
random,400,20,146,115.0,153.0,146.0,149.0,151.0,151.0,139.0,199.5,0.01991107462798636,3,1
random,400,20,147,10.0,20.0,13.0,12.0,20.0,20.0,11.0,199.5,0.01991107462798636,3,1
random,400,20,148,364.0,365.0,384.0,384.0,369.0,369.0,382.0,199.5,0.01991107462798636,3,1
random,400,20,149,273.0,242.0,291.0,293.0,259.0,259.0,310.0,199.5,0.01991107462798636,3,1
random,400,20,150,217.0,182.0,278.0,279.0,199.0,199.0,266.0,199.5,0.01991107462798636,3,1
random,400,20,151,273.0,235.0,266.0,268.0,245.0,245.0,302.0,199.5,0.01991107462798636,3,1
random,400,20,152,161.0,275.0,189.0,181.0,268.0,268.0,162.0,199.5,0.01991107462798636,3,1
random,400,20,153,217.0,256.0,234.0,228.0,253.0,253.0,241.0,199.5,0.01991107462798636,3,1
random,400,20,154,217.0,223.0,242.0,243.0,226.0,226.0,248.0,199.5,0.01991107462798636,3,1
random,400,20,155,10.0,25.0,28.0,28.0,23.0,23.0,22.0,199.5,0.01991107462798636,3,1
random,400,20,156,115.0,89.0,130.0,134.0,93.0,93.0,150.0,199.5,0.01991107462798636,3,1
random,400,20,157,395.0,400.0,399.0,398.0,400.0,400.0,395.0,199.5,0.01991107462798636,3,1
random,400,20,158,217.0,288.0,251.0,245.0,288.0,288.0,232.0,199.5,0.01991107462798636,3,1
random,400,20,159,273.0,218.0,295.0,295.0,233.0,233.0,318.0,199.5,0.01991107462798636,3,1
random,400,20,160,364.0,348.0,369.0,368.0,355.0,355.0,380.0,199.5,0.01991107462798636,3,1
random,400,20,161,161.0,216.0,202.0,200.0,216.0,216.0,180.0,199.5,0.01991107462798636,3,1
random,400,20,162,273.0,226.0,311.0,309.0,239.0,239.0,316.0,199.5,0.01991107462798636,3,1
random,400,20,163,26.0,55.0,66.0,70.0,52.0,52.0,44.0,199.5,0.01991107462798636,3,1
random,400,20,164,115.0,144.0,195.0,201.0,143.0,143.0,151.0,199.5,0.01991107462798636,3,1
random,400,20,165,4.0,17.0,10.0,10.0,15.0,15.0,7.0,199.5,0.01991107462798636,3,1
random,400,20,166,328.0,370.0,335.0,334.0,366.0,366.0,334.0,199.5,0.01991107462798636,3,1
random,400,20,167,217.0,272.0,236.0,238.0,271.0,271.0,230.0,199.5,0.01991107462798636,3,1
random,400,20,168,364.0,375.0,374.0,375.0,374.0,374.0,373.0,199.5,0.01991107462798636,3,1
random,400,20,169,115.0,64.0,117.0,119.0,68.0,68.0,155.0,199.5,0.01991107462798636,3,1
random,400,20,170,81.0,106.0,70.0,64.0,102.0,102.0,88.0,199.5,0.01991107462798636,3,1
random,400,20,171,115.0,157.0,140.0,138.0,151.0,151.0,131.0,199.5,0.01991107462798636,3,1
random,400,20,172,273.0,323.0,299.0,297.0,322.0,322.0,286.0,199.5,0.01991107462798636,3,1
random,400,20,173,48.0,40.0,59.0,57.0,46.0,46.0,65.0,199.5,0.01991107462798636,3,1
random,400,20,174,217.0,150.0,218.0,218.0,159.0,159.0,263.0,199.5,0.01991107462798636,3,1
random,400,20,175,81.0,135.0,121.0,126.0,126.0,126.0,105.0,199.5,0.01991107462798636,3,1
random,400,20,176,161.0,207.0,200.0,196.0,205.0,205.0,169.0,199.5,0.01991107462798636,3,1
random,400,20,177,48.0,80.0,56.0,59.0,74.0,74.0,56.0,199.5,0.01991107462798636,3,1
random,400,20,178,161.0,218.0,184.0,182.0,215.0,215.0,168.0,199.5,0.01991107462798636,3,1
random,400,20,179,364.0,368.0,383.0,383.0,373.0,373.0,379.0,199.5,0.01991107462798636,3,1
random,400,20,180,161.0,80.0,183.0,192.0,99.0,99.0,218.0,199.5,0.01991107462798636,3,1
random,400,20,181,48.0,129.0,58.0,56.0,112.0,112.0,48.0,199.5,0.01991107462798636,3,1
random,400,20,182,273.0,279.0,284.0,283.0,286.0,286.0,307.0,199.5,0.01991107462798636,3,1
random,400,20,183,1.0,2.0,3.0,3.0,2.0,2.0,3.0,199.5,0.01991107462798636,3,1
random,400,20,184,273.0,328.0,324.0,319.0,328.0,328.0,294.0,199.5,0.01991107462798636,3,1
random,400,20,185,273.0,251.0,264.0,260.0,260.0,260.0,313.0,199.5,0.01991107462798636,3,1
random,400,20,186,273.0,298.0,289.0,286.0,300.0,300.0,281.0,199.5,0.01991107462798636,3,1
random,400,20,187,161.0,199.0,169.0,164.0,200.0,200.0,171.0,199.5,0.01991107462798636,3,1
random,400,20,188,161.0,251.0,156.0,151.0,243.0,243.0,163.0,199.5,0.01991107462798636,3,1
random,400,20,189,161.0,216.0,173.0,174.0,212.0,212.0,165.0,199.5,0.01991107462798636,3,1
random,400,20,190,10.0,11.0,11.0,11.0,11.0,11.0,17.0,199.5,0.01991107462798636,3,1
random,400,20,191,115.0,129.0,127.0,124.0,131.0,131.0,142.0,199.5,0.01991107462798636,3,1
random,400,20,192,26.0,48.0,38.0,40.0,47.0,47.0,36.0,199.5,0.01991107462798636,3,1
random,400,20,193,217.0,256.0,286.0,288.0,254.0,254.0,249.0,199.5,0.01991107462798636,3,1
random,400,20,194,4.0,10.0,19.0,19.0,8.0,8.0,9.0,199.5,0.01991107462798636,3,1
random,400,20,195,385.0,392.0,385.0,385.0,392.0,392.0,387.0,199.5,0.01991107462798636,3,1
random,400,20,196,4.0,15.0,5.0,5.0,16.0,16.0,4.0,199.5,0.01991107462798636,3,1
random,400,20,197,385.0,386.0,390.0,390.0,386.0,386.0,394.0,199.5,0.01991107462798636,3,1
random,400,20,198,10.0,9.0,9.0,9.0,9.0,9.0,15.0,199.5,0.01991107462798636,3,1
random,400,20,199,48.0,72.0,65.0,68.0,64.0,64.0,69.0,199.5,0.01991107462798636,3,1
random,400,20,200,161.0,159.0,223.0,220.0,168.0,168.0,207.0,199.5,0.01991107462798636,3,1
random,400,20,201,328.0,336.0,323.0,320.0,340.0,340.0,342.0,199.5,0.01991107462798636,3,1
random,400,20,202,217.0,275.0,255.0,255.0,279.0,279.0,236.0,199.5,0.01991107462798636,3,1
random,400,20,203,10.0,33.0,15.0,15.0,28.0,28.0,13.0,199.5,0.01991107462798636,3,1
random,400,20,204,364.0,362.0,361.0,361.0,363.0,363.0,369.0,199.5,0.01991107462798636,3,1
random,400,20,205,273.0,303.0,301.0,300.0,301.0,301.0,303.0,199.5,0.01991107462798636,3,1
random,400,20,206,217.0,251.0,262.0,266.0,249.0,249.0,260.0,199.5,0.01991107462798636,3,1
random,400,20,207,161.0,189.0,224.0,226.0,184.0,184.0,195.0,199.5,0.01991107462798636,3,1
random,400,20,208,273.0,261.0,328.0,333.0,263.0,263.0,321.0,199.5,0.01991107462798636,3,1
random,400,20,209,273.0,328.0,276.0,274.0,327.0,327.0,276.0,199.5,0.01991107462798636,3,1
random,400,20,210,385.0,388.0,389.0,389.0,388.0,388.0,391.0,199.5,0.01991107462798636,3,1
random,400,20,211,217.0,273.0,241.0,240.0,273.0,273.0,234.0,199.5,0.01991107462798636,3,1
random,400,20,212,217.0,138.0,227.0,234.0,156.0,156.0,264.0,199.5,0.01991107462798636,3,1
random,400,20,213,217.0,293.0,150.0,152.0,289.0,289.0,214.0,199.5,0.01991107462798636,3,1
random,400,20,214,115.0,200.0,147.0,144.0,197.0,197.0,122.0,199.5,0.01991107462798636,3,1
random,400,20,215,81.0,125.0,118.0,116.0,115.0,115.0,99.0,199.5,0.01991107462798636,3,1
random,400,20,216,273.0,293.0,307.0,313.0,294.0,294.0,309.0,199.5,0.01991107462798636,3,1
random,400,20,217,273.0,296.0,256.0,253.0,292.0,292.0,296.0,199.5,0.01991107462798636,3,1
random,400,20,218,26.0,26.0,89.0,97.0,30.0,30.0,49.0,199.5,0.01991107462798636,3,1
random,400,20,219,48.0,52.0,76.0,77.0,60.0,60.0,76.0,199.5,0.01991107462798636,3,1
random,400,20,220,81.0,95.0,126.0,130.0,90.0,90.0,114.0,199.5,0.01991107462798636,3,1
random,400,20,221,273.0,285.0,308.0,306.0,291.0,291.0,287.0,199.5,0.01991107462798636,3,1
random,400,20,222,217.0,159.0,274.0,281.0,174.0,174.0,272.0,199.5,0.01991107462798636,3,1
random,400,20,223,161.0,190.0,179.0,185.0,191.0,191.0,194.0,199.5,0.01991107462798636,3,1
random,400,20,224,161.0,231.0,172.0,165.0,218.0,218.0,178.0,199.5,0.01991107462798636,3,1
random,400,20,225,161.0,158.0,213.0,209.0,165.0,165.0,200.0,199.5,0.01991107462798636,3,1
random,400,20,226,273.0,327.0,309.0,305.0,324.0,324.0,292.0,199.5,0.01991107462798636,3,1
random,400,20,227,273.0,312.0,314.0,315.0,307.0,307.0,299.0,199.5,0.01991107462798636,3,1
random,400,20,228,385.0,396.0,392.0,392.0,396.0,396.0,385.0,199.5,0.01991107462798636,3,1
random,400,20,229,26.0,29.0,29.0,27.0,28.0,28.0,34.0,199.5,0.01991107462798636,3,1
random,400,20,230,161.0,211.0,165.0,171.0,211.0,211.0,177.0,199.5,0.01991107462798636,3,1
random,400,20,231,273.0,261.0,319.0,322.0,262.0,262.0,319.0,199.5,0.01991107462798636,3,1
random,400,20,232,217.0,218.0,240.0,241.0,223.0,223.0,233.0,199.5,0.01991107462798636,3,1
random,400,20,233,273.0,299.0,320.0,321.0,297.0,297.0,304.0,199.5,0.01991107462798636,3,1
random,400,20,234,161.0,288.0,187.0,188.0,281.0,281.0,164.0,199.5,0.01991107462798636,3,1
random,400,20,235,81.0,144.0,94.0,94.0,137.0,137.0,87.0,199.5,0.01991107462798636,3,1
random,400,20,236,385.0,398.0,394.0,394.0,398.0,398.0,386.0,199.5,0.01991107462798636,3,1
random,400,20,237,115.0,239.0,98.0,93.0,213.0,213.0,112.0,199.5,0.01991107462798636,3,1
random,400,20,238,161.0,131.0,221.0,222.0,135.0,135.0,216.0,199.5,0.01991107462798636,3,1
random,400,20,239,81.0,175.0,120.0,118.0,157.0,157.0,86.0,199.5,0.01991107462798636,3,1
random,400,20,240,273.0,235.0,317.0,325.0,247.0,247.0,315.0,199.5,0.01991107462798636,3,1
random,400,20,241,273.0,282.0,261.0,267.0,290.0,290.0,293.0,199.5,0.01991107462798636,3,1
random,400,20,242,161.0,207.0,199.0,194.0,206.0,206.0,185.0,199.5,0.01991107462798636,3,1
random,400,20,243,115.0,197.0,142.0,141.0,182.0,182.0,121.0,199.5,0.01991107462798636,3,1
random,400,20,244,273.0,275.0,268.0,269.0,278.0,278.0,305.0,199.5,0.01991107462798636,3,1
random,400,20,245,161.0,200.0,170.0,168.0,203.0,203.0,183.0,199.5,0.01991107462798636,3,1
random,400,20,246,395.0,399.0,395.0,395.0,399.0,399.0,396.0,199.5,0.01991107462798636,3,1
random,400,20,247,217.0,339.0,220.0,219.0,335.0,335.0,217.0,199.5,0.01991107462798636,3,1
random,400,20,248,161.0,164.0,190.0,190.0,171.0,171.0,201.0,199.5,0.01991107462798636,3,1
random,400,20,249,81.0,94.0,122.0,122.0,95.0,95.0,113.0,199.5,0.01991107462798636,3,1
random,400,20,250,161.0,110.0,161.0,160.0,116.0,116.0,213.0,199.5,0.01991107462798636,3,1
random,400,20,251,217.0,182.0,250.0,257.0,195.0,195.0,262.0,199.5,0.01991107462798636,3,1
random,400,20,252,395.0,393.0,398.0,399.0,393.0,393.0,399.0,199.5,0.01991107462798636,3,1
random,400,20,253,161.0,140.0,160.0,161.0,146.0,146.0,205.0,199.5,0.01991107462798636,3,1
random,400,20,254,273.0,193.0,325.0,329.0,210.0,210.0,327.0,199.5,0.01991107462798636,3,1
random,400,20,255,48.0,76.0,74.0,78.0,69.0,69.0,71.0,199.5,0.01991107462798636,3,1
random,400,20,256,115.0,164.0,119.0,120.0,159.0,159.0,126.0,199.5,0.01991107462798636,3,1
random,400,20,257,328.0,375.0,354.0,355.0,370.0,370.0,336.0,199.5,0.01991107462798636,3,1
random,400,20,258,273.0,250.0,332.0,332.0,258.0,258.0,326.0,199.5,0.01991107462798636,3,1
random,400,20,259,217.0,238.0,254.0,254.0,236.0,236.0,244.0,199.5,0.01991107462798636,3,1
random,400,20,260,364.0,391.0,378.0,377.0,390.0,390.0,365.0,199.5,0.01991107462798636,3,1
random,400,20,261,48.0,127.0,80.0,80.0,111.0,111.0,57.0,199.5,0.01991107462798636,3,1
random,400,20,262,115.0,68.0,164.0,176.0,80.0,80.0,160.0,199.5,0.01991107462798636,3,1
random,400,20,263,81.0,125.0,78.0,74.0,121.0,121.0,83.0,199.5,0.01991107462798636,3,1
random,400,20,264,26.0,33.0,26.0,29.0,32.0,32.0,35.0,199.5,0.01991107462798636,3,1
random,400,20,265,48.0,97.0,72.0,73.0,91.0,91.0,59.0,199.5,0.01991107462798636,3,1
random,400,20,266,115.0,121.0,132.0,132.0,121.0,121.0,146.0,199.5,0.01991107462798636,3,1
random,400,20,267,1.0,8.0,2.0,2.0,4.0,4.0,1.0,199.5,0.01991107462798636,3,1
random,400,20,268,217.0,211.0,305.0,310.0,225.0,225.0,271.0,199.5,0.01991107462798636,3,1
random,400,20,269,273.0,247.0,298.0,303.0,261.0,261.0,314.0,199.5,0.01991107462798636,3,1
random,400,20,270,395.0,395.0,396.0,396.0,395.0,395.0,397.0,199.5,0.01991107462798636,3,1
random,400,20,271,328.0,331.0,339.0,340.0,334.0,334.0,351.0,199.5,0.01991107462798636,3,1
random,400,20,272,4.0,4.0,7.0,7.0,6.0,6.0,6.0,199.5,0.01991107462798636,3,1
random,400,20,273,273.0,279.0,265.0,265.0,287.0,287.0,288.0,199.5,0.01991107462798636,3,1
random,400,20,274,161.0,113.0,186.0,180.0,125.0,125.0,211.0,199.5,0.01991107462798636,3,1
random,400,20,275,328.0,269.0,352.0,349.0,280.0,280.0,363.0,199.5,0.01991107462798636,3,1
random,400,20,276,161.0,177.0,209.0,211.0,178.0,178.0,203.0,199.5,0.01991107462798636,3,1
random,400,20,277,115.0,150.0,166.0,170.0,139.0,139.0,149.0,199.5,0.01991107462798636,3,1
random,400,20,278,115.0,110.0,143.0,148.0,114.0,114.0,143.0,199.5,0.01991107462798636,3,1
random,400,20,279,161.0,186.0,204.0,204.0,187.0,187.0,187.0,199.5,0.01991107462798636,3,1
random,400,20,280,48.0,76.0,99.0,105.0,71.0,71.0,74.0,199.5,0.01991107462798636,3,1
random,400,20,281,115.0,155.0,133.0,129.0,148.0,148.0,130.0,199.5,0.01991107462798636,3,1
random,400,20,282,217.0,288.0,272.0,272.0,285.0,285.0,245.0,199.5,0.01991107462798636,3,1
random,400,20,283,328.0,341.0,364.0,364.0,343.0,343.0,356.0,199.5,0.01991107462798636,3,1
random,400,20,284,217.0,178.0,281.0,289.0,195.0,195.0,269.0,199.5,0.01991107462798636,3,1
random,400,20,285,1.0,1.0,1.0,1.0,1.0,1.0,2.0,199.5,0.01991107462798636,3,1
random,400,20,286,81.0,135.0,88.0,91.0,127.0,127.0,85.0,199.5,0.01991107462798636,3,1
random,400,20,287,26.0,52.0,55.0,61.0,55.0,55.0,33.0,199.5,0.01991107462798636,3,1
random,400,20,288,328.0,361.0,359.0,360.0,359.0,359.0,344.0,199.5,0.01991107462798636,3,1
random,400,20,289,273.0,301.0,303.0,299.0,302.0,302.0,298.0,199.5,0.01991107462798636,3,1
random,400,20,290,217.0,251.0,230.0,235.0,251.0,251.0,239.0,199.5,0.01991107462798636,3,1
random,400,20,291,328.0,350.0,322.0,324.0,348.0,348.0,335.0,199.5,0.01991107462798636,3,1
random,400,20,292,115.0,122.0,45.0,41.0,129.0,129.0,116.0,199.5,0.01991107462798636,3,1
random,400,20,293,48.0,44.0,73.0,71.0,54.0,54.0,64.0,199.5,0.01991107462798636,3,1
random,400,20,294,273.0,291.0,293.0,294.0,293.0,293.0,297.0,199.5,0.01991107462798636,3,1
random,400,20,295,81.0,102.0,109.0,109.0,104.0,104.0,100.0,199.5,0.01991107462798636,3,1
random,400,20,296,217.0,186.0,280.0,284.0,190.0,190.0,268.0,199.5,0.01991107462798636,3,1
random,400,20,297,115.0,93.0,135.0,139.0,94.0,94.0,153.0,199.5,0.01991107462798636,3,1
random,400,20,298,48.0,42.0,42.0,43.0,43.0,43.0,61.0,199.5,0.01991107462798636,3,1
random,400,20,299,81.0,144.0,108.0,106.0,134.0,134.0,96.0,199.5,0.01991107462798636,3,1
random,400,20,300,81.0,109.0,81.0,84.0,105.0,105.0,90.0,199.5,0.01991107462798636,3,1
random,400,20,301,328.0,385.0,337.0,336.0,383.0,383.0,328.0,199.5,0.01991107462798636,3,1
random,400,20,302,48.0,58.0,67.0,66.0,57.0,57.0,68.0,199.5,0.01991107462798636,3,1
random,400,20,303,217.0,178.0,257.0,258.0,180.0,180.0,270.0,199.5,0.01991107462798636,3,1
random,400,20,304,217.0,231.0,244.0,242.0,237.0,237.0,243.0,199.5,0.01991107462798636,3,1
random,400,20,305,10.0,12.0,17.0,18.0,13.0,13.0,20.0,199.5,0.01991107462798636,3,1
random,400,20,306,217.0,200.0,263.0,271.0,214.0,214.0,265.0,199.5,0.01991107462798636,3,1
random,400,20,307,273.0,334.0,348.0,351.0,332.0,332.0,301.0,199.5,0.01991107462798636,3,1
random,400,20,308,81.0,140.0,111.0,104.0,136.0,136.0,89.0,199.5,0.01991107462798636,3,1
random,400,20,309,217.0,171.0,239.0,239.0,179.0,179.0,256.0,199.5,0.01991107462798636,3,1
random,400,20,310,161.0,231.0,246.0,252.0,222.0,222.0,192.0,199.5,0.01991107462798636,3,1
random,400,20,311,273.0,307.0,326.0,318.0,308.0,308.0,300.0,199.5,0.01991107462798636,3,1
random,400,20,312,10.0,19.0,30.0,35.0,19.0,19.0,23.0,199.5,0.01991107462798636,3,1
random,400,20,313,273.0,317.0,294.0,291.0,317.0,317.0,284.0,199.5,0.01991107462798636,3,1
random,400,20,314,81.0,80.0,83.0,82.0,86.0,86.0,102.0,199.5,0.01991107462798636,3,1
random,400,20,315,328.0,317.0,346.0,350.0,323.0,323.0,350.0,199.5,0.01991107462798636,3,1
random,400,20,316,217.0,198.0,233.0,236.0,204.0,204.0,254.0,199.5,0.01991107462798636,3,1
random,400,20,317,115.0,117.0,104.0,101.0,117.0,117.0,128.0,199.5,0.01991107462798636,3,1
random,400,20,318,273.0,296.0,275.0,273.0,295.0,295.0,295.0,199.5,0.01991107462798636,3,1
random,400,20,319,115.0,213.0,158.0,159.0,202.0,202.0,127.0,199.5,0.01991107462798636,3,1
random,400,20,320,48.0,44.0,62.0,60.0,50.0,50.0,67.0,199.5,0.01991107462798636,3,1
random,400,20,321,161.0,242.0,171.0,167.0,232.0,232.0,167.0,199.5,0.01991107462798636,3,1
random,400,20,322,26.0,60.0,32.0,31.0,56.0,56.0,27.0,199.5,0.01991107462798636,3,1
random,400,20,323,48.0,15.0,52.0,52.0,21.0,21.0,78.0,199.5,0.01991107462798636,3,1
random,400,20,324,115.0,117.0,139.0,146.0,117.0,117.0,148.0,199.5,0.01991107462798636,3,1
random,400,20,325,273.0,336.0,229.0,227.0,336.0,336.0,273.0,199.5,0.01991107462798636,3,1
random,400,20,326,10.0,13.0,8.0,8.0,12.0,12.0,12.0,199.5,0.01991107462798636,3,1
random,400,20,327,48.0,89.0,93.0,96.0,82.0,82.0,70.0,199.5,0.01991107462798636,3,1
random,400,20,328,115.0,229.0,112.0,111.0,206.0,206.0,120.0,199.5,0.01991107462798636,3,1
random,400,20,329,115.0,144.0,123.0,123.0,144.0,144.0,124.0,199.5,0.01991107462798636,3,1
random,400,20,330,26.0,70.0,48.0,47.0,65.0,65.0,28.0,199.5,0.01991107462798636,3,1
random,400,20,331,81.0,63.0,110.0,112.0,66.0,66.0,103.0,199.5,0.01991107462798636,3,1
random,400,20,332,328.0,345.0,349.0,346.0,347.0,347.0,339.0,199.5,0.01991107462798636,3,1
random,400,20,333,10.0,17.0,16.0,17.0,17.0,17.0,18.0,199.5,0.01991107462798636,3,1
random,400,20,334,81.0,102.0,107.0,108.0,106.0,106.0,97.0,199.5,0.01991107462798636,3,1
random,400,20,335,385.0,378.0,388.0,388.0,378.0,378.0,393.0,199.5,0.01991107462798636,3,1
random,400,20,336,161.0,256.0,181.0,186.0,244.0,244.0,175.0,199.5,0.01991107462798636,3,1
random,400,20,337,115.0,150.0,86.0,89.0,150.0,150.0,118.0,199.5,0.01991107462798636,3,1
random,400,20,338,115.0,178.0,145.0,142.0,173.0,173.0,125.0,199.5,0.01991107462798636,3,1
random,400,20,339,115.0,159.0,162.0,163.0,162.0,162.0,141.0,199.5,0.01991107462798636,3,1
random,400,20,340,395.0,390.0,397.0,397.0,391.0,391.0,400.0,199.5,0.01991107462798636,3,1
random,400,20,341,217.0,186.0,247.0,251.0,194.0,194.0,259.0,199.5,0.01991107462798636,3,1
random,400,20,342,328.0,355.0,334.0,335.0,352.0,352.0,341.0,199.5,0.01991107462798636,3,1
random,400,20,343,273.0,339.0,330.0,330.0,339.0,339.0,289.0,199.5,0.01991107462798636,3,1
random,400,20,344,48.0,76.0,82.0,83.0,75.0,75.0,63.0,199.5,0.01991107462798636,3,1
random,400,20,345,273.0,242.0,321.0,323.0,250.0,250.0,323.0,199.5,0.01991107462798636,3,1
random,400,20,346,115.0,127.0,138.0,137.0,131.0,131.0,132.0,199.5,0.01991107462798636,3,1
random,400,20,347,115.0,140.0,125.0,121.0,149.0,149.0,123.0,199.5,0.01991107462798636,3,1
random,400,20,348,81.0,102.0,131.0,140.0,101.0,101.0,115.0,199.5,0.01991107462798636,3,1
random,400,20,349,273.0,229.0,297.0,304.0,241.0,241.0,320.0,199.5,0.01991107462798636,3,1
random,400,20,350,364.0,350.0,355.0,353.0,357.0,357.0,370.0,199.5,0.01991107462798636,3,1
random,400,20,351,217.0,315.0,267.0,263.0,304.0,304.0,235.0,199.5,0.01991107462798636,3,1
random,400,20,352,217.0,279.0,235.0,233.0,275.0,275.0,237.0,199.5,0.01991107462798636,3,1
random,400,20,353,364.0,367.0,357.0,357.0,368.0,368.0,368.0,199.5,0.01991107462798636,3,1
random,400,20,354,328.0,328.0,365.0,366.0,330.0,330.0,360.0,199.5,0.01991107462798636,3,1
random,400,20,355,273.0,269.0,327.0,328.0,274.0,274.0,325.0,199.5,0.01991107462798636,3,1
random,400,20,356,328.0,384.0,331.0,327.0,381.0,381.0,329.0,199.5,0.01991107462798636,3,1
random,400,20,357,273.0,350.0,316.0,316.0,345.0,345.0,280.0,199.5,0.01991107462798636,3,1
random,400,20,358,273.0,278.0,300.0,301.0,283.0,283.0,306.0,199.5,0.01991107462798636,3,1
random,400,20,359,161.0,171.0,175.0,183.0,174.0,174.0,184.0,199.5,0.01991107462798636,3,1
random,400,20,360,273.0,317.0,269.0,261.0,316.0,316.0,282.0,199.5,0.01991107462798636,3,1
random,400,20,361,26.0,36.0,54.0,58.0,35.0,35.0,45.0,199.5,0.01991107462798636,3,1
random,400,20,362,161.0,140.0,208.0,213.0,153.0,153.0,212.0,199.5,0.01991107462798636,3,1
random,400,20,363,10.0,52.0,40.0,45.0,38.0,38.0,24.0,199.5,0.01991107462798636,3,1
random,400,20,364,81.0,213.0,114.0,113.0,198.0,198.0,81.0,199.5,0.01991107462798636,3,1
random,400,20,365,81.0,106.0,105.0,102.0,108.0,108.0,93.0,199.5,0.01991107462798636,3,1
random,400,20,366,217.0,251.0,194.0,189.0,257.0,257.0,220.0,199.5,0.01991107462798636,3,1
random,400,20,367,115.0,171.0,174.0,177.0,166.0,166.0,138.0,199.5,0.01991107462798636,3,1
random,400,20,368,115.0,64.0,185.0,197.0,72.0,72.0,161.0,199.5,0.01991107462798636,3,1
random,400,20,369,161.0,163.0,191.0,198.0,164.0,164.0,209.0,199.5,0.01991107462798636,3,1
random,400,20,370,115.0,148.0,163.0,169.0,153.0,153.0,133.0,199.5,0.01991107462798636,3,1
random,400,20,371,161.0,164.0,205.0,216.0,174.0,174.0,208.0,199.5,0.01991107462798636,3,1
random,400,20,372,48.0,58.0,31.0,30.0,57.0,57.0,52.0,199.5,0.01991107462798636,3,1
random,400,20,373,26.0,60.0,36.0,32.0,59.0,59.0,31.0,199.5,0.01991107462798636,3,1
random,400,20,374,328.0,344.0,341.0,344.0,346.0,346.0,345.0,199.5,0.01991107462798636,3,1
random,400,20,375,328.0,332.0,358.0,356.0,337.0,337.0,347.0,199.5,0.01991107462798636,3,1
random,400,20,376,217.0,205.0,270.0,262.0,220.0,220.0,258.0,199.5,0.01991107462798636,3,1
random,400,20,377,81.0,86.0,137.0,133.0,83.0,83.0,111.0,199.5,0.01991107462798636,3,1
random,400,20,378,364.0,387.0,376.0,376.0,387.0,387.0,366.0,199.5,0.01991107462798636,3,1
random,400,20,379,364.0,379.0,380.0,380.0,379.0,379.0,375.0,199.5,0.01991107462798636,3,1
random,400,20,380,26.0,40.0,27.0,25.0,44.0,44.0,30.0,199.5,0.01991107462798636,3,1
random,400,20,381,217.0,213.0,248.0,248.0,221.0,221.0,257.0,199.5,0.01991107462798636,3,1
random,400,20,382,364.0,355.0,379.0,379.0,360.0,360.0,381.0,199.5,0.01991107462798636,3,1
random,400,20,383,364.0,347.0,377.0,378.0,349.0,349.0,384.0,199.5,0.01991107462798636,3,1
random,400,20,384,217.0,265.0,215.0,208.0,264.0,264.0,228.0,199.5,0.01991107462798636,3,1
random,400,20,385,161.0,261.0,206.0,214.0,246.0,246.0,179.0,199.5,0.01991107462798636,3,1
random,400,20,386,217.0,242.0,238.0,237.0,240.0,240.0,231.0,199.5,0.01991107462798636,3,1
random,400,20,387,273.0,307.0,279.0,275.0,306.0,306.0,285.0,199.5,0.01991107462798636,3,1
random,400,20,388,48.0,97.0,77.0,76.0,95.0,95.0,60.0,199.5,0.01991107462798636,3,1
random,400,20,389,328.0,357.0,318.0,317.0,356.0,356.0,331.0,199.5,0.01991107462798636,3,1
random,400,20,390,328.0,303.0,342.0,337.0,312.0,312.0,353.0,199.5,0.01991107462798636,3,1
random,400,20,391,81.0,155.0,124.0,128.0,140.0,140.0,101.0,199.5,0.01991107462798636,3,1
random,400,20,392,273.0,345.0,285.0,277.0,344.0,344.0,275.0,199.5,0.01991107462798636,3,1
random,400,20,393,161.0,343.0,193.0,184.0,329.0,329.0,159.0,199.5,0.01991107462798636,3,1
random,400,20,394,161.0,190.0,225.0,231.0,184.0,184.0,202.0,199.5,0.01991107462798636,3,1
random,400,20,395,161.0,131.0,157.0,150.0,142.0,142.0,198.0,199.5,0.01991107462798636,3,1
random,400,20,396,364.0,381.0,367.0,367.0,382.0,382.0,367.0,199.5,0.01991107462798636,3,1
random,400,20,397,328.0,332.0,363.0,363.0,338.0,338.0,349.0,199.5,0.01991107462798636,3,1
random,400,20,398,48.0,48.0,50.0,46.0,49.0,49.0,73.0,199.5,0.01991107462798636,3,1
random,400,20,399,273.0,231.0,315.0,314.0,248.0,248.0,324.0,199.5,0.01991107462798636,3,1
