random,400,29,0,1.0,5.0,2.0,3.0,4.0,4.0,2.0,199.5,0.01919935619935617,3,1
random,400,29,1,323.0,346.0,351.0,351.0,346.0,346.0,339.0,199.5,0.01919935619935617,3,1
random,400,29,2,114.0,197.0,152.0,149.0,185.0,185.0,124.0,199.5,0.01919935619935617,3,1
random,400,29,3,114.0,99.0,132.0,139.0,97.0,97.0,150.0,199.5,0.01919935619935617,3,1
random,400,29,4,213.0,217.0,270.0,278.0,223.0,223.0,256.0,199.5,0.01919935619935617,3,1
random,400,29,5,272.0,310.0,300.0,299.0,311.0,311.0,284.0,199.5,0.01919935619935617,3,1
random,400,29,6,84.0,145.0,119.0,116.0,140.0,140.0,91.0,199.5,0.01919935619935617,3,1
random,400,29,7,47.0,77.0,61.0,58.0,74.0,74.0,54.0,199.5,0.01919935619935617,3,1
random,400,29,8,152.0,265.0,164.0,158.0,249.0,249.0,156.0,199.5,0.01919935619935617,3,1
random,400,29,9,323.0,365.0,333.0,331.0,364.0,364.0,333.0,199.5,0.01919935619935617,3,1
random,400,29,10,27.0,35.0,44.0,45.0,36.0,36.0,42.0,199.5,0.01919935619935617,3,1
random,400,29,11,213.0,184.0,218.0,217.0,196.0,196.0,252.0,199.5,0.01919935619935617,3,1
random,400,29,12,47.0,125.0,109.0,109.0,110.0,110.0,69.0,199.5,0.01919935619935617,3,1
random,400,29,13,152.0,176.0,162.0,162.0,173.0,173.0,182.0,199.5,0.01919935619935617,3,1
random,400,29,14,114.0,211.0,161.0,157.0,198.0,198.0,123.0,199.5,0.01919935619935617,3,1
random,400,29,15,47.0,65.0,65.0,69.0,63.0,63.0,74.0,199.5,0.01919935619935617,3,1
random,400,29,16,84.0,73.0,110.0,115.0,75.0,75.0,106.0,199.5,0.01919935619935617,3,1
random,400,29,17,152.0,169.0,223.0,233.0,174.0,174.0,199.0,199.5,0.01919935619935617,3,1
random,400,29,18,84.0,75.0,78.0,71.0,78.0,78.0,95.0,199.5,0.01919935619935617,3,1
random,400,29,19,16.0,31.0,25.0,25.0,26.0,26.0,21.0,199.5,0.01919935619935617,3,1
random,400,29,20,27.0,28.0,35.0,34.0,30.0,30.0,39.0,199.5,0.01919935619935617,3,1
random,400,29,21,323.0,353.0,319.0,317.0,353.0,353.0,325.0,199.5,0.01919935619935617,3,1
random,400,29,22,213.0,332.0,226.0,222.0,324.0,324.0,215.0,199.5,0.01919935619935617,3,1
random,400,29,23,114.0,176.0,151.0,154.0,165.0,165.0,137.0,199.5,0.01919935619935617,3,1
random,400,29,24,213.0,269.0,256.0,255.0,266.0,266.0,246.0,199.5,0.01919935619935617,3,1
random,400,29,25,272.0,297.0,320.0,324.0,299.0,299.0,295.0,199.5,0.01919935619935617,3,1
random,400,29,26,366.0,384.0,323.0,319.0,387.0,387.0,367.0,199.5,0.01919935619935617,3,1
random,400,29,27,84.0,68.0,123.0,128.0,71.0,71.0,113.0,199.5,0.01919935619935617,3,1
random,400,29,28,152.0,232.0,201.0,204.0,231.0,231.0,163.0,199.5,0.01919935619935617,3,1
random,400,29,29,389.0,393.0,390.0,390.0,393.0,393.0,392.0,199.5,0.01919935619935617,3,1
random,400,29,30,323.0,315.0,352.0,352.0,321.0,321.0,355.0,199.5,0.01919935619935617,3,1
random,400,29,31,27.0,52.0,42.0,41.0,46.0,46.0,35.0,199.5,0.01919935619935617,3,1
random,400,29,32,323.0,265.0,311.0,310.0,277.0,277.0,357.0,199.5,0.01919935619935617,3,1
random,400,29,33,213.0,215.0,246.0,251.0,216.0,216.0,260.0,199.5,0.01919935619935617,3,1
random,400,29,34,152.0,154.0,253.0,258.0,159.0,159.0,212.0,199.5,0.01919935619935617,3,1
random,400,29,35,272.0,280.0,297.0,293.0,288.0,288.0,294.0,199.5,0.01919935619935617,3,1
random,400,29,36,1.0,16.0,7.0,7.0,11.0,11.0,1.0,199.5,0.01919935619935617,3,1
random,400,29,37,323.0,322.0,368.0,372.0,334.0,334.0,359.0,199.5,0.01919935619935617,3,1
random,400,29,38,114.0,133.0,147.0,144.0,132.0,132.0,139.0,199.5,0.01919935619935617,3,1
random,400,29,39,152.0,229.0,153.0,152.0,222.0,222.0,161.0,199.5,0.01919935619935617,3,1
random,400,29,40,272.0,330.0,279.0,276.0,325.0,325.0,278.0,199.5,0.01919935619935617,3,1
random,400,29,41,47.0,104.0,71.0,72.0,92.0,92.0,59.0,199.5,0.01919935619935617,3,1
random,400,29,42,323.0,315.0,343.0,341.0,312.0,312.0,352.0,199.5,0.01919935619935617,3,1
random,400,29,43,213.0,225.0,215.0,214.0,225.0,225.0,245.0,199.5,0.01919935619935617,3,1
random,400,29,44,213.0,204.0,231.0,235.0,211.0,211.0,254.0,199.5,0.01919935619935617,3,1
random,400,29,45,114.0,102.0,121.0,122.0,101.0,101.0,144.0,199.5,0.01919935619935617,3,1
random,400,29,46,114.0,149.0,158.0,163.0,150.0,150.0,138.0,199.5,0.01919935619935617,3,1
random,400,29,47,114.0,162.0,114.0,114.0,158.0,158.0,121.0,199.5,0.01919935619935617,3,1
random,400,29,48,323.0,297.0,332.0,332.0,306.0,306.0,345.0,199.5,0.01919935619935617,3,1
random,400,29,49,152.0,204.0,136.0,134.0,203.0,203.0,159.0,199.5,0.01919935619935617,3,1
random,400,29,50,152.0,94.0,221.0,226.0,109.0,109.0,211.0,199.5,0.01919935619935617,3,1
random,400,29,51,16.0,17.0,22.0,22.0,17.0,17.0,25.0,199.5,0.01919935619935617,3,1
random,400,29,52,152.0,142.0,213.0,212.0,147.0,147.0,210.0,199.5,0.01919935619935617,3,1
random,400,29,53,27.0,60.0,31.0,33.0,54.0,54.0,32.0,199.5,0.01919935619935617,3,1
random,400,29,54,47.0,35.0,41.0,42.0,37.0,37.0,60.0,199.5,0.01919935619935617,3,1
random,400,29,55,47.0,137.0,89.0,84.0,120.0,120.0,52.0,199.5,0.01919935619935617,3,1
random,400,29,56,366.0,308.0,377.0,381.0,315.0,315.0,388.0,199.5,0.01919935619935617,3,1
random,400,29,57,152.0,138.0,227.0,229.0,146.0,146.0,207.0,199.5,0.01919935619935617,3,1
random,400,29,58,323.0,324.0,340.0,340.0,329.0,329.0,351.0,199.5,0.01919935619935617,3,1
random,400,29,59,272.0,263.0,296.0,298.0,263.0,263.0,311.0,199.5,0.01919935619935617,3,1
random,400,29,60,84.0,76.0,137.0,141.0,79.0,79.0,110.0,199.5,0.01919935619935617,3,1
random,400,29,61,272.0,357.0,338.0,344.0,352.0,352.0,288.0,199.5,0.01919935619935617,3,1
random,400,29,62,272.0,232.0,284.0,290.0,250.0,250.0,308.0,199.5,0.01919935619935617,3,1
random,400,29,63,114.0,219.0,134.0,129.0,209.0,209.0,115.0,199.5,0.01919935619935617,3,1
random,400,29,64,16.0,39.0,15.0,16.0,31.0,31.0,18.0,199.5,0.01919935619935617,3,1
random,400,29,65,16.0,28.0,21.0,19.0,23.0,23.0,20.0,199.5,0.01919935619935617,3,1
random,400,29,66,114.0,94.0,142.0,145.0,103.0,103.0,146.0,199.5,0.01919935619935617,3,1
random,400,29,67,152.0,265.0,197.0,191.0,255.0,255.0,157.0,199.5,0.01919935619935617,3,1
random,400,29,68,114.0,169.0,150.0,153.0,161.0,161.0,136.0,199.5,0.01919935619935617,3,1
random,400,29,69,152.0,232.0,239.0,240.0,227.0,227.0,178.0,199.5,0.01919935619935617,3,1
random,400,29,70,152.0,308.0,122.0,113.0,293.0,293.0,148.0,199.5,0.01919935619935617,3,1
random,400,29,71,1.0,3.0,5.0,5.0,3.0,3.0,4.0,199.5,0.01919935619935617,3,1
random,400,29,72,27.0,102.0,43.0,38.0,82.0,82.0,27.0,199.5,0.01919935619935617,3,1
random,400,29,73,27.0,48.0,48.0,50.0,45.0,45.0,41.0,199.5,0.01919935619935617,3,1
random,400,29,74,152.0,207.0,214.0,216.0,199.0,199.0,194.0,199.5,0.01919935619935617,3,1
random,400,29,75,84.0,62.0,70.0,68.0,65.0,65.0,99.0,199.5,0.01919935619935617,3,1
random,400,29,76,366.0,386.0,381.0,380.0,385.0,385.0,373.0,199.5,0.01919935619935617,3,1
random,400,29,77,47.0,149.0,69.0,63.0,142.0,142.0,47.0,199.5,0.01919935619935617,3,1
random,400,29,78,323.0,352.0,318.0,318.0,354.0,354.0,327.0,199.5,0.01919935619935617,3,1
random,400,29,79,272.0,319.0,303.0,302.0,314.0,314.0,285.0,199.5,0.01919935619935617,3,1
random,400,29,80,16.0,12.0,17.0,17.0,12.0,12.0,24.0,199.5,0.01919935619935617,3,1
random,400,29,81,323.0,343.0,359.0,360.0,345.0,345.0,337.0,199.5,0.01919935619935617,3,1
random,400,29,82,84.0,128.0,125.0,125.0,117.0,117.0,107.0,199.5,0.01919935619935617,3,1
random,400,29,83,6.0,11.0,4.0,4.0,9.0,9.0,7.0,199.5,0.01919935619935617,3,1
random,400,29,84,272.0,246.0,307.0,309.0,253.0,253.0,312.0,199.5,0.01919935619935617,3,1
random,400,29,85,272.0,275.0,254.0,247.0,278.0,278.0,289.0,199.5,0.01919935619935617,3,1
random,400,29,86,323.0,381.0,361.0,357.0,380.0,380.0,324.0,199.5,0.01919935619935617,3,1
random,400,29,87,323.0,377.0,357.0,354.0,377.0,377.0,326.0,199.5,0.01919935619935617,3,1
random,400,29,88,272.0,322.0,341.0,342.0,323.0,323.0,302.0,199.5,0.01919935619935617,3,1
random,400,29,89,213.0,219.0,206.0,198.0,220.0,220.0,231.0,199.5,0.01919935619935617,3,1
random,400,29,90,213.0,179.0,291.0,297.0,189.0,189.0,269.0,199.5,0.01919935619935617,3,1
random,400,29,91,152.0,133.0,168.0,167.0,143.0,143.0,184.0,199.5,0.01919935619935617,3,1
random,400,29,92,272.0,280.0,287.0,292.0,284.0,284.0,301.0,199.5,0.01919935619935617,3,1
random,400,29,93,213.0,239.0,266.0,262.0,246.0,246.0,233.0,199.5,0.01919935619935617,3,1
random,400,29,94,47.0,56.0,55.0,56.0,52.0,52.0,71.0,199.5,0.01919935619935617,3,1
random,400,29,95,272.0,268.0,268.0,270.0,274.0,274.0,300.0,199.5,0.01919935619935617,3,1
random,400,29,96,152.0,213.0,154.0,150.0,214.0,214.0,160.0,199.5,0.01919935619935617,3,1
random,400,29,97,9.0,7.0,11.0,11.0,6.0,6.0,13.0,199.5,0.01919935619935617,3,1
random,400,29,98,213.0,288.0,233.0,230.0,279.0,279.0,230.0,199.5,0.01919935619935617,3,1
random,400,29,99,272.0,341.0,301.0,300.0,341.0,341.0,283.0,199.5,0.01919935619935617,3,1
random,400,29,100,114.0,116.0,182.0,180.0,119.0,119.0,151.0,199.5,0.01919935619935617,3,1
random,400,29,101,323.0,315.0,329.0,327.0,316.0,316.0,353.0,199.5,0.01919935619935617,3,1
random,400,29,102,84.0,87.0,120.0,121.0,92.0,92.0,109.0,199.5,0.01919935619935617,3,1
random,400,29,103,114.0,125.0,139.0,137.0,128.0,128.0,142.0,199.5,0.01919935619935617,3,1
random,400,29,104,114.0,106.0,143.0,143.0,112.0,112.0,147.0,199.5,0.01919935619935617,3,1
random,400,29,105,272.0,269.0,302.0,303.0,274.0,274.0,316.0,199.5,0.01919935619935617,3,1
random,400,29,106,27.0,52.0,47.0,46.0,48.0,48.0,36.0,199.5,0.01919935619935617,3,1
random,400,29,107,152.0,246.0,189.0,186.0,239.0,239.0,165.0,199.5,0.01919935619935617,3,1
random,400,29,108,366.0,375.0,380.0,376.0,375.0,375.0,377.0,199.5,0.01919935619935617,3,1
random,400,29,109,47.0,70.0,58.0,59.0,67.0,67.0,63.0,199.5,0.01919935619935617,3,1
random,400,29,110,213.0,261.0,281.0,282.0,261.0,261.0,239.0,199.5,0.01919935619935617,3,1
random,400,29,111,323.0,312.0,315.0,316.0,317.0,317.0,340.0,199.5,0.01919935619935617,3,1
random,400,29,112,272.0,334.0,321.0,320.0,331.0,331.0,298.0,199.5,0.01919935619935617,3,1
random,400,29,113,47.0,56.0,53.0,49.0,56.0,56.0,62.0,199.5,0.01919935619935617,3,1
random,400,29,114,47.0,43.0,67.0,70.0,49.0,49.0,73.0,199.5,0.01919935619935617,3,1
random,400,29,115,152.0,191.0,188.0,192.0,191.0,191.0,176.0,199.5,0.01919935619935617,3,1
random,400,29,116,213.0,175.0,229.0,225.0,178.0,178.0,263.0,199.5,0.01919935619935617,3,1
random,400,29,117,6.0,13.0,3.0,2.0,13.0,13.0,6.0,199.5,0.01919935619935617,3,1
random,400,29,118,389.0,383.0,387.0,384.0,383.0,383.0,394.0,199.5,0.01919935619935617,3,1
random,400,29,119,27.0,62.0,38.0,35.0,58.0,58.0,31.0,199.5,0.01919935619935617,3,1
random,400,29,120,114.0,85.0,127.0,124.0,95.0,95.0,141.0,199.5,0.01919935619935617,3,1
random,400,29,121,366.0,360.0,382.0,382.0,366.0,366.0,381.0,199.5,0.01919935619935617,3,1
random,400,29,122,213.0,236.0,275.0,274.0,237.0,237.0,258.0,199.5,0.01919935619935617,3,1
random,400,29,123,47.0,110.0,60.0,57.0,100.0,100.0,50.0,199.5,0.01919935619935617,3,1
random,400,29,124,152.0,272.0,219.0,218.0,264.0,264.0,162.0,199.5,0.01919935619935617,3,1
random,400,29,125,84.0,154.0,126.0,126.0,148.0,148.0,96.0,199.5,0.01919935619935617,3,1
random,400,29,126,400.0,400.0,400.0,400.0,400.0,400.0,400.0,199.5,0.01919935619935617,3,1
random,400,29,127,213.0,236.0,250.0,252.0,242.0,242.0,247.0,199.5,0.01919935619935617,3,1
random,400,29,128,323.0,356.0,346.0,338.0,355.0,355.0,335.0,199.5,0.01919935619935617,3,1
random,400,29,129,272.0,169.0,322.0,322.0,187.0,187.0,322.0,199.5,0.01919935619935617,3,1
random,400,29,130,84.0,197.0,81.0,78.0,177.0,177.0,82.0,199.5,0.01919935619935617,3,1
random,400,29,131,47.0,20.0,66.0,67.0,29.0,29.0,81.0,199.5,0.01919935619935617,3,1
random,400,29,132,84.0,55.0,85.0,87.0,61.0,61.0,104.0,199.5,0.01919935619935617,3,1
random,400,29,133,47.0,21.0,59.0,61.0,32.0,32.0,80.0,199.5,0.01919935619935617,3,1
random,400,29,134,114.0,128.0,146.0,146.0,135.0,135.0,134.0,199.5,0.01919935619935617,3,1
random,400,29,135,152.0,87.0,190.0,200.0,104.0,104.0,203.0,199.5,0.01919935619935617,3,1
random,400,29,136,323.0,371.0,366.0,368.0,369.0,369.0,338.0,199.5,0.01919935619935617,3,1
random,400,29,137,272.0,293.0,310.0,311.0,297.0,297.0,303.0,199.5,0.01919935619935617,3,1
random,400,29,138,152.0,148.0,156.0,159.0,156.0,156.0,177.0,199.5,0.01919935619935617,3,1
random,400,29,139,323.0,355.0,336.0,333.0,356.0,356.0,330.0,199.5,0.01919935619935617,3,1
random,400,29,140,323.0,357.0,324.0,325.0,358.0,358.0,329.0,199.5,0.01919935619935617,3,1
random,400,29,141,272.0,340.0,118.0,117.0,342.0,342.0,217.0,199.5,0.01919935619935617,3,1
random,400,29,142,397.0,398.0,397.0,397.0,398.0,398.0,398.0,199.5,0.01919935619935617,3,1
random,400,29,143,114.0,187.0,124.0,123.0,179.0,179.0,116.0,199.5,0.01919935619935617,3,1
random,400,29,144,366.0,371.0,335.0,335.0,372.0,372.0,370.0,199.5,0.01919935619935617,3,1
random,400,29,145,213.0,256.0,131.0,135.0,256.0,256.0,213.0,199.5,0.01919935619935617,3,1
random,400,29,146,272.0,312.0,264.0,263.0,308.0,308.0,286.0,199.5,0.01919935619935617,3,1
random,400,29,147,323.0,306.0,364.0,363.0,309.0,309.0,358.0,199.5,0.01919935619935617,3,1
random,400,29,148,152.0,160.0,203.0,210.0,171.0,171.0,181.0,199.5,0.01919935619935617,3,1
random,400,29,149,16.0,40.0,16.0,13.0,35.0,35.0,16.0,199.5,0.01919935619935617,3,1
random,400,29,150,272.0,339.0,276.0,268.0,337.0,337.0,277.0,199.5,0.01919935619935617,3,1
random,400,29,151,323.0,381.0,334.0,334.0,379.0,379.0,323.0,199.5,0.01919935619935617,3,1
random,400,29,152,213.0,187.0,224.0,231.0,196.0,196.0,259.0,199.5,0.01919935619935617,3,1
random,400,29,153,323.0,289.0,316.0,314.0,304.0,304.0,343.0,199.5,0.01919935619935617,3,1
random,400,29,154,213.0,197.0,236.0,236.0,205.0,205.0,255.0,199.5,0.01919935619935617,3,1
random,400,29,155,323.0,369.0,356.0,359.0,368.0,368.0,341.0,199.5,0.01919935619935617,3,1
random,400,29,156,152.0,160.0,170.0,170.0,166.0,166.0,191.0,199.5,0.01919935619935617,3,1
random,400,29,157,272.0,289.0,286.0,284.0,292.0,292.0,292.0,199.5,0.01919935619935617,3,1
random,400,29,158,213.0,181.0,244.0,244.0,195.0,195.0,261.0,199.5,0.01919935619935617,3,1
random,400,29,159,84.0,128.0,101.0,98.0,116.0,116.0,90.0,199.5,0.01919935619935617,3,1
random,400,29,160,152.0,202.0,204.0,202.0,201.0,201.0,185.0,199.5,0.01919935619935617,3,1
random,400,29,161,272.0,204.0,298.0,295.0,212.0,212.0,321.0,199.5,0.01919935619935617,3,1
random,400,29,162,47.0,104.0,46.0,40.0,89.0,89.0,51.0,199.5,0.01919935619935617,3,1
random,400,29,163,366.0,389.0,295.0,285.0,388.0,388.0,348.0,199.5,0.01919935619935617,3,1
random,400,29,164,1.0,2.0,1.0,1.0,2.0,2.0,3.0,199.5,0.01919935619935617,3,1
random,400,29,165,272.0,304.0,304.0,304.0,305.0,305.0,291.0,199.5,0.01919935619935617,3,1
random,400,29,166,272.0,207.0,262.0,260.0,219.0,219.0,306.0,199.5,0.01919935619935617,3,1
random,400,29,167,213.0,207.0,241.0,243.0,206.0,206.0,262.0,199.5,0.01919935619935617,3,1
random,400,29,168,6.0,4.0,8.0,8.0,5.0,5.0,8.0,199.5,0.01919935619935617,3,1
random,400,29,169,272.0,344.0,339.0,336.0,343.0,343.0,297.0,199.5,0.01919935619935617,3,1
random,400,29,170,213.0,271.0,263.0,266.0,270.0,270.0,235.0,199.5,0.01919935619935617,3,1
random,400,29,171,272.0,256.0,331.0,337.0,267.0,267.0,319.0,199.5,0.01919935619935617,3,1
random,400,29,172,47.0,144.0,88.0,93.0,125.0,125.0,53.0,199.5,0.01919935619935617,3,1
random,400,29,173,397.0,399.0,398.0,398.0,399.0,399.0,397.0,199.5,0.01919935619935617,3,1
random,400,29,174,152.0,242.0,166.0,165.0,233.0,233.0,153.0,199.5,0.01919935619935617,3,1
random,400,29,175,323.0,350.0,330.0,330.0,349.0,349.0,334.0,199.5,0.01919935619935617,3,1
random,400,29,176,213.0,250.0,217.0,211.0,252.0,252.0,227.0,199.5,0.01919935619935617,3,1
random,400,29,177,47.0,52.0,72.0,79.0,50.0,50.0,78.0,199.5,0.01919935619935617,3,1
random,400,29,178,152.0,184.0,160.0,161.0,188.0,188.0,167.0,199.5,0.01919935619935617,3,1
random,400,29,179,213.0,229.0,234.0,237.0,229.0,229.0,241.0,199.5,0.01919935619935617,3,1
random,400,29,180,152.0,242.0,207.0,208.0,229.0,229.0,174.0,199.5,0.01919935619935617,3,1
random,400,29,181,323.0,327.0,344.0,343.0,333.0,333.0,344.0,199.5,0.01919935619935617,3,1
random,400,29,182,272.0,321.0,265.0,264.0,317.0,317.0,276.0,199.5,0.01919935619935617,3,1
random,400,29,183,114.0,124.0,80.0,73.0,129.0,129.0,117.0,199.5,0.01919935619935617,3,1
random,400,29,184,213.0,256.0,186.0,176.0,257.0,257.0,219.0,199.5,0.01919935619935617,3,1
random,400,29,185,152.0,115.0,178.0,184.0,124.0,124.0,202.0,199.5,0.01919935619935617,3,1
random,400,29,186,272.0,236.0,306.0,306.0,259.0,259.0,304.0,199.5,0.01919935619935617,3,1
random,400,29,187,152.0,157.0,211.0,213.0,162.0,162.0,197.0,199.5,0.01919935619935617,3,1
random,400,29,188,9.0,25.0,14.0,15.0,22.0,22.0,9.0,199.5,0.01919935619935617,3,1
random,400,29,189,366.0,367.0,383.0,383.0,370.0,370.0,383.0,199.5,0.01919935619935617,3,1
random,400,29,190,152.0,157.0,202.0,203.0,166.0,166.0,195.0,199.5,0.01919935619935617,3,1
random,400,29,191,152.0,167.0,165.0,160.0,168.0,168.0,180.0,199.5,0.01919935619935617,3,1
random,400,29,192,27.0,43.0,40.0,39.0,44.0,44.0,34.0,199.5,0.01919935619935617,3,1
random,400,29,193,152.0,246.0,209.0,201.0,234.0,234.0,166.0,199.5,0.01919935619935617,3,1
random,400,29,194,323.0,325.0,363.0,364.0,332.0,332.0,356.0,199.5,0.01919935619935617,3,1
random,400,29,195,27.0,17.0,29.0,30.0,18.0,18.0,44.0,199.5,0.01919935619935617,3,1
random,400,29,196,272.0,368.0,280.0,271.0,362.0,362.0,274.0,199.5,0.01919935619935617,3,1
random,400,29,197,323.0,293.0,354.0,361.0,295.0,295.0,366.0,199.5,0.01919935619935617,3,1
random,400,29,198,213.0,289.0,220.0,220.0,283.0,283.0,224.0,199.5,0.01919935619935617,3,1
random,400,29,199,213.0,337.0,288.0,283.0,328.0,328.0,226.0,199.5,0.01919935619935617,3,1
random,400,29,200,152.0,219.0,195.0,199.0,213.0,213.0,183.0,199.5,0.01919935619935617,3,1
random,400,29,201,84.0,79.0,94.0,94.0,91.0,91.0,94.0,199.5,0.01919935619935617,3,1
random,400,29,202,84.0,112.0,112.0,112.0,113.0,113.0,101.0,199.5,0.01919935619935617,3,1
random,400,29,203,389.0,396.0,396.0,396.0,396.0,396.0,393.0,199.5,0.01919935619935617,3,1
random,400,29,204,114.0,202.0,145.0,142.0,193.0,193.0,118.0,199.5,0.01919935619935617,3,1
random,400,29,205,152.0,227.0,183.0,185.0,221.0,221.0,171.0,199.5,0.01919935619935617,3,1
random,400,29,206,114.0,94.0,82.0,83.0,107.0,107.0,119.0,199.5,0.01919935619935617,3,1
random,400,29,207,47.0,80.0,64.0,64.0,76.0,76.0,61.0,199.5,0.01919935619935617,3,1
random,400,29,208,272.0,255.0,317.0,321.0,258.0,258.0,318.0,199.5,0.01919935619935617,3,1
random,400,29,209,84.0,85.0,87.0,88.0,90.0,90.0,93.0,199.5,0.01919935619935617,3,1
random,400,29,210,47.0,73.0,68.0,66.0,72.0,72.0,66.0,199.5,0.01919935619935617,3,1
random,400,29,211,84.0,81.0,103.0,103.0,86.0,86.0,100.0,199.5,0.01919935619935617,3,1
random,400,29,212,323.0,350.0,327.0,323.0,351.0,351.0,332.0,199.5,0.01919935619935617,3,1
random,400,29,213,366.0,374.0,371.0,370.0,373.0,373.0,375.0,199.5,0.01919935619935617,3,1
random,400,29,214,213.0,181.0,293.0,296.0,190.0,190.0,271.0,199.5,0.01919935619935617,3,1
random,400,29,215,114.0,125.0,141.0,140.0,135.0,135.0,140.0,199.5,0.01919935619935617,3,1
random,400,29,216,389.0,388.0,393.0,392.0,389.0,389.0,395.0,199.5,0.01919935619935617,3,1
random,400,29,217,27.0,25.0,32.0,31.0,27.0,27.0,40.0,199.5,0.01919935619935617,3,1
random,400,29,218,152.0,193.0,179.0,178.0,191.0,191.0,179.0,199.5,0.01919935619935617,3,1
random,400,29,219,152.0,191.0,184.0,183.0,185.0,185.0,188.0,199.5,0.01919935619935617,3,1
random,400,29,220,152.0,142.0,194.0,193.0,153.0,153.0,196.0,199.5,0.01919935619935617,3,1
random,400,29,221,272.0,303.0,225.0,221.0,296.0,296.0,279.0,199.5,0.01919935619935617,3,1
random,400,29,222,272.0,260.0,313.0,313.0,261.0,261.0,315.0,199.5,0.01919935619935617,3,1
random,400,29,223,27.0,37.0,30.0,29.0,40.0,40.0,33.0,199.5,0.01919935619935617,3,1
random,400,29,224,84.0,109.0,83.0,81.0,106.0,106.0,87.0,199.5,0.01919935619935617,3,1
random,400,29,225,213.0,162.0,252.0,253.0,175.0,175.0,267.0,199.5,0.01919935619935617,3,1
random,400,29,226,213.0,305.0,285.0,280.0,300.0,300.0,228.0,199.5,0.01919935619935617,3,1
random,400,29,227,213.0,263.0,271.0,269.0,268.0,268.0,238.0,199.5,0.01919935619935617,3,1
random,400,29,228,152.0,114.0,180.0,179.0,121.0,121.0,200.0,199.5,0.01919935619935617,3,1
random,400,29,229,213.0,154.0,238.0,242.0,164.0,164.0,272.0,199.5,0.01919935619935617,3,1
random,400,29,230,152.0,246.0,243.0,245.0,232.0,232.0,192.0,199.5,0.01919935619935617,3,1
random,400,29,231,213.0,223.0,248.0,246.0,224.0,224.0,250.0,199.5,0.01919935619935617,3,1
random,400,29,232,114.0,92.0,100.0,95.0,98.0,98.0,132.0,199.5,0.01919935619935617,3,1
random,400,29,233,47.0,25.0,52.0,53.0,34.0,34.0,75.0,199.5,0.01919935619935617,3,1
random,400,29,234,323.0,300.0,355.0,356.0,307.0,307.0,364.0,199.5,0.01919935619935617,3,1
random,400,29,235,152.0,116.0,191.0,195.0,134.0,134.0,205.0,199.5,0.01919935619935617,3,1
random,400,29,236,27.0,43.0,27.0,28.0,42.0,42.0,37.0,199.5,0.01919935619935617,3,1
random,400,29,237,366.0,353.0,376.0,378.0,357.0,357.0,382.0,199.5,0.01919935619935617,3,1
random,400,29,238,272.0,318.0,328.0,326.0,313.0,313.0,296.0,199.5,0.01919935619935617,3,1
random,400,29,239,152.0,181.0,177.0,181.0,184.0,184.0,175.0,199.5,0.01919935619935617,3,1
random,400,29,240,9.0,8.0,10.0,10.0,7.0,7.0,14.0,199.5,0.01919935619935617,3,1
random,400,29,241,84.0,128.0,99.0,100.0,115.0,115.0,89.0,199.5,0.01919935619935617,3,1
random,400,29,242,47.0,70.0,51.0,52.0,68.0,68.0,57.0,199.5,0.01919935619935617,3,1
random,400,29,243,114.0,106.0,149.0,156.0,111.0,111.0,149.0,199.5,0.01919935619935617,3,1
random,400,29,244,323.0,357.0,350.0,349.0,359.0,359.0,336.0,199.5,0.01919935619935617,3,1
random,400,29,245,213.0,289.0,272.0,273.0,285.0,285.0,242.0,199.5,0.01919935619935617,3,1
random,400,29,246,27.0,21.0,34.0,37.0,25.0,25.0,45.0,199.5,0.01919935619935617,3,1
random,400,29,247,213.0,336.0,290.0,289.0,326.0,326.0,223.0,199.5,0.01919935619935617,3,1
random,400,29,248,84.0,77.0,97.0,99.0,81.0,81.0,98.0,199.5,0.01919935619935617,3,1
random,400,29,249,213.0,193.0,199.0,205.0,203.0,203.0,234.0,199.5,0.01919935619935617,3,1
random,400,29,250,152.0,112.0,247.0,250.0,127.0,127.0,208.0,199.5,0.01919935619935617,3,1
random,400,29,251,27.0,42.0,49.0,51.0,42.0,42.0,43.0,199.5,0.01919935619935617,3,1
random,400,29,252,272.0,275.0,292.0,288.0,282.0,282.0,290.0,199.5,0.01919935619935617,3,1
random,400,29,253,323.0,341.0,337.0,339.0,344.0,344.0,342.0,199.5,0.01919935619935617,3,1
random,400,29,254,27.0,28.0,28.0,26.0,24.0,24.0,38.0,199.5,0.01919935619935617,3,1
random,400,29,255,213.0,278.0,235.0,228.0,271.0,271.0,237.0,199.5,0.01919935619935617,3,1
random,400,29,256,389.0,392.0,369.0,366.0,392.0,392.0,389.0,199.5,0.01919935619935617,3,1
random,400,29,257,114.0,162.0,117.0,118.0,160.0,160.0,126.0,199.5,0.01919935619935617,3,1
random,400,29,258,323.0,325.0,365.0,365.0,336.0,336.0,354.0,199.5,0.01919935619935617,3,1
random,400,29,259,272.0,300.0,283.0,287.0,294.0,294.0,293.0,199.5,0.01919935619935617,3,1
random,400,29,260,47.0,56.0,62.0,65.0,57.0,57.0,70.0,199.5,0.01919935619935617,3,1
random,400,29,261,366.0,385.0,373.0,371.0,384.0,384.0,371.0,199.5,0.01919935619935617,3,1
random,400,29,262,323.0,347.0,347.0,347.0,347.0,347.0,347.0,199.5,0.01919935619935617,3,1
random,400,29,263,47.0,121.0,86.0,85.0,108.0,108.0,55.0,199.5,0.01919935619935617,3,1
random,400,29,264,27.0,90.0,37.0,43.0,80.0,80.0,29.0,199.5,0.01919935619935617,3,1
random,400,29,265,213.0,193.0,273.0,275.0,202.0,202.0,265.0,199.5,0.01919935619935617,3,1
random,400,29,266,47.0,94.0,90.0,89.0,88.0,88.0,65.0,199.5,0.01919935619935617,3,1
random,400,29,267,389.0,394.0,395.0,395.0,394.0,394.0,391.0,199.5,0.01919935619935617,3,1
random,400,29,268,152.0,169.0,208.0,209.0,168.0,168.0,193.0,199.5,0.01919935619935617,3,1
random,400,29,269,16.0,41.0,24.0,24.0,41.0,41.0,17.0,199.5,0.01919935619935617,3,1
random,400,29,270,152.0,173.0,129.0,127.0,172.0,172.0,164.0,199.5,0.01919935619935617,3,1
random,400,29,271,47.0,56.0,54.0,55.0,55.0,55.0,64.0,199.5,0.01919935619935617,3,1
random,400,29,272,47.0,72.0,76.0,77.0,69.0,69.0,68.0,199.5,0.01919935619935617,3,1
random,400,29,273,213.0,210.0,259.0,267.0,208.0,208.0,264.0,199.5,0.01919935619935617,3,1
random,400,29,274,272.0,348.0,174.0,175.0,348.0,348.0,268.0,199.5,0.01919935619935617,3,1
random,400,29,275,213.0,283.0,258.0,261.0,273.0,273.0,248.0,199.5,0.01919935619935617,3,1
random,400,29,276,114.0,184.0,185.0,182.0,182.0,182.0,133.0,199.5,0.01919935619935617,3,1
random,400,29,277,47.0,99.0,77.0,74.0,94.0,94.0,58.0,199.5,0.01919935619935617,3,1
random,400,29,278,152.0,213.0,157.0,148.0,210.0,210.0,168.0,199.5,0.01919935619935617,3,1
random,400,29,279,366.0,369.0,386.0,386.0,371.0,371.0,378.0,199.5,0.01919935619935617,3,1
random,400,29,280,152.0,116.0,205.0,206.0,131.0,131.0,206.0,199.5,0.01919935619935617,3,1
random,400,29,281,213.0,225.0,163.0,166.0,235.0,235.0,218.0,199.5,0.01919935619935617,3,1
random,400,29,282,323.0,312.0,362.0,362.0,322.0,322.0,360.0,199.5,0.01919935619935617,3,1
random,400,29,283,1.0,1.0,6.0,6.0,1.0,1.0,5.0,199.5,0.01919935619935617,3,1
random,400,29,284,213.0,250.0,267.0,265.0,254.0,254.0,249.0,199.5,0.01919935619935617,3,1
random,400,29,285,47.0,31.0,56.0,60.0,33.0,33.0,79.0,199.5,0.01919935619935617,3,1
random,400,29,286,152.0,180.0,173.0,169.0,183.0,183.0,173.0,199.5,0.01919935619935617,3,1
random,400,29,287,213.0,252.0,261.0,254.0,248.0,248.0,251.0,199.5,0.01919935619935617,3,1
random,400,29,288,366.0,363.0,372.0,373.0,363.0,363.0,380.0,199.5,0.01919935619935617,3,1
random,400,29,289,213.0,242.0,269.0,279.0,238.0,238.0,266.0,199.5,0.01919935619935617,3,1
random,400,29,290,152.0,200.0,167.0,171.0,199.0,199.0,172.0,199.5,0.01919935619935617,3,1
random,400,29,291,114.0,116.0,116.0,119.0,123.0,123.0,127.0,199.5,0.01919935619935617,3,1
random,400,29,292,366.0,387.0,389.0,389.0,386.0,386.0,374.0,199.5,0.01919935619935617,3,1
random,400,29,293,16.0,6.0,12.0,14.0,8.0,8.0,23.0,199.5,0.01919935619935617,3,1
random,400,29,294,272.0,285.0,326.0,328.0,291.0,291.0,314.0,199.5,0.01919935619935617,3,1
random,400,29,295,272.0,306.0,278.0,272.0,303.0,303.0,299.0,199.5,0.01919935619935617,3,1
random,400,29,296,114.0,149.0,92.0,90.0,149.0,149.0,120.0,199.5,0.01919935619935617,3,1
random,400,29,297,114.0,133.0,130.0,133.0,137.0,137.0,135.0,199.5,0.01919935619935617,3,1
random,400,29,298,272.0,261.0,228.0,223.0,265.0,265.0,282.0,199.5,0.01919935619935617,3,1
random,400,29,299,213.0,242.0,240.0,238.0,243.0,243.0,236.0,199.5,0.01919935619935617,3,1
random,400,29,300,323.0,338.0,308.0,308.0,340.0,340.0,328.0,199.5,0.01919935619935617,3,1
random,400,29,301,389.0,373.0,391.0,391.0,378.0,378.0,396.0,199.5,0.01919935619935617,3,1
random,400,29,302,213.0,297.0,222.0,215.0,289.0,289.0,220.0,199.5,0.01919935619935617,3,1
random,400,29,303,114.0,132.0,138.0,132.0,138.0,138.0,129.0,199.5,0.01919935619935617,3,1
random,400,29,304,47.0,48.0,63.0,62.0,51.0,51.0,67.0,199.5,0.01919935619935617,3,1
random,400,29,305,272.0,193.0,299.0,301.0,215.0,215.0,320.0,199.5,0.01919935619935617,3,1
random,400,29,306,84.0,101.0,115.0,120.0,96.0,96.0,102.0,199.5,0.01919935619935617,3,1
random,400,29,307,366.0,380.0,374.0,374.0,382.0,382.0,372.0,199.5,0.01919935619935617,3,1
random,400,29,308,84.0,146.0,128.0,130.0,141.0,141.0,92.0,199.5,0.01919935619935617,3,1
random,400,29,309,114.0,138.0,113.0,110.0,132.0,132.0,130.0,199.5,0.01919935619935617,3,1
random,400,29,310,9.0,37.0,23.0,23.0,28.0,28.0,12.0,199.5,0.01919935619935617,3,1
random,400,29,311,323.0,320.0,367.0,367.0,327.0,327.0,362.0,199.5,0.01919935619935617,3,1
random,400,29,312,272.0,232.0,305.0,305.0,251.0,251.0,313.0,199.5,0.01919935619935617,3,1
random,400,29,313,47.0,61.0,75.0,80.0,62.0,62.0,76.0,199.5,0.01919935619935617,3,1
random,400,29,314,84.0,90.0,111.0,111.0,85.0,85.0,105.0,199.5,0.01919935619935617,3,1
random,400,29,315,366.0,379.0,385.0,385.0,381.0,381.0,376.0,199.5,0.01919935619935617,3,1
random,400,29,316,152.0,200.0,200.0,207.0,194.0,194.0,186.0,199.5,0.01919935619935617,3,1
random,400,29,317,47.0,68.0,36.0,32.0,73.0,73.0,49.0,199.5,0.01919935619935617,3,1
random,400,29,318,366.0,376.0,379.0,377.0,374.0,374.0,379.0,199.5,0.01919935619935617,3,1
random,400,29,319,152.0,252.0,193.0,187.0,246.0,246.0,158.0,199.5,0.01919935619935617,3,1
random,400,29,320,272.0,228.0,277.0,277.0,236.0,236.0,317.0,199.5,0.01919935619935617,3,1
random,400,29,321,27.0,106.0,33.0,36.0,87.0,87.0,28.0,199.5,0.01919935619935617,3,1
random,400,29,322,366.0,360.0,392.0,393.0,365.0,365.0,385.0,199.5,0.01919935619935617,3,1
random,400,29,323,213.0,256.0,251.0,249.0,260.0,260.0,243.0,199.5,0.01919935619935617,3,1
random,400,29,324,213.0,330.0,212.0,194.0,319.0,319.0,216.0,199.5,0.01919935619935617,3,1
random,400,29,325,152.0,173.0,175.0,174.0,168.0,168.0,187.0,199.5,0.01919935619935617,3,1
random,400,29,326,213.0,239.0,198.0,196.0,241.0,241.0,225.0,199.5,0.01919935619935617,3,1
random,400,29,327,272.0,280.0,314.0,315.0,286.0,286.0,309.0,199.5,0.01919935619935617,3,1
random,400,29,328,16.0,21.0,20.0,20.0,21.0,21.0,22.0,199.5,0.01919935619935617,3,1
random,400,29,329,323.0,348.0,358.0,358.0,349.0,350.0,350.0,199.5,0.01919935619935617,3,1
random,400,29,330,152.0,81.0,172.0,172.0,102.0,102.0,204.0,199.5,0.01919935619935617,3,1
random,400,29,331,84.0,64.0,106.0,104.0,70.0,70.0,103.0,199.5,0.01919935619935617,3,1
random,400,29,332,389.0,395.0,394.0,394.0,395.0,395.0,390.0,199.5,0.01919935619935617,3,1
random,400,29,333,16.0,19.0,13.0,12.0,18.0,18.0,19.0,199.5,0.01919935619935617,3,1
random,400,29,334,84.0,81.0,104.0,102.0,83.0,83.0,97.0,199.5,0.01919935619935617,3,1
random,400,29,335,366.0,391.0,360.0,355.0,391.0,391.0,368.0,199.5,0.01919935619935617,3,1
random,400,29,336,27.0,9.0,39.0,47.0,14.0,14.0,46.0,199.5,0.01919935619935617,3,1
random,400,29,337,272.0,223.0,294.0,294.0,240.0,240.0,305.0,199.5,0.01919935619935617,3,1
random,400,29,338,114.0,116.0,159.0,164.0,118.0,118.0,145.0,199.5,0.01919935619935617,3,1
random,400,29,339,152.0,121.0,171.0,173.0,129.0,129.0,201.0,199.5,0.01919935619935617,3,1
random,400,29,340,272.0,378.0,312.0,307.0,376.0,376.0,275.0,199.5,0.01919935619935617,3,1
random,400,29,341,323.0,272.0,349.0,350.0,290.0,290.0,365.0,199.5,0.01919935619935617,3,1
random,400,29,342,213.0,133.0,257.0,257.0,151.0,151.0,270.0,199.5,0.01919935619935617,3,1
random,400,29,343,152.0,187.0,135.0,131.0,181.0,181.0,154.0,199.5,0.01919935619935617,3,1
random,400,29,344,213.0,272.0,255.0,259.0,269.0,269.0,244.0,199.5,0.01919935619935617,3,1
random,400,29,345,323.0,285.0,348.0,348.0,297.0,297.0,363.0,199.5,0.01919935619935617,3,1
random,400,29,346,213.0,279.0,237.0,227.0,274.0,274.0,222.0,199.5,0.01919935619935617,3,1
random,400,29,347,366.0,364.0,384.0,387.0,367.0,367.0,384.0,199.5,0.01919935619935617,3,1
random,400,29,348,152.0,157.0,176.0,177.0,154.0,154.0,189.0,199.5,0.01919935619935617,3,1
random,400,29,349,323.0,333.0,353.0,353.0,335.0,335.0,349.0,199.5,0.01919935619935617,3,1
random,400,29,350,114.0,217.0,91.0,91.0,207.0,207.0,114.0,199.5,0.01919935619935617,3,1
random,400,29,351,152.0,110.0,210.0,219.0,121.0,121.0,209.0,199.5,0.01919935619935617,3,1
random,400,29,352,213.0,222.0,249.0,248.0,226.0,226.0,240.0,199.5,0.01919935619935617,3,1
random,400,29,353,213.0,252.0,216.0,224.0,243.0,243.0,229.0,199.5,0.01919935619935617,3,1
random,400,29,354,16.0,10.0,26.0,27.0,10.0,10.0,26.0,199.5,0.01919935619935617,3,1
random,400,29,355,213.0,293.0,230.0,234.0,287.0,287.0,221.0,199.5,0.01919935619935617,3,1
random,400,29,356,272.0,334.0,309.0,312.0,330.0,330.0,287.0,199.5,0.01919935619935617,3,1
random,400,29,357,213.0,293.0,232.0,232.0,280.0,280.0,232.0,199.5,0.01919935619935617,3,1
random,400,29,358,114.0,162.0,144.0,155.0,163.0,163.0,128.0,199.5,0.01919935619935617,3,1
random,400,29,359,84.0,141.0,57.0,54.0,126.0,126.0,86.0,199.5,0.01919935619935617,3,1
random,400,29,360,213.0,327.0,196.0,190.0,310.0,310.0,214.0,199.5,0.01919935619935617,3,1
random,400,29,361,366.0,360.0,388.0,388.0,360.0,360.0,387.0,199.5,0.01919935619935617,3,1
random,400,29,362,213.0,212.0,260.0,256.0,218.0,218.0,253.0,199.5,0.01919935619935617,3,1
random,400,29,363,47.0,67.0,79.0,82.0,66.0,66.0,72.0,199.5,0.01919935619935617,3,1
random,400,29,364,84.0,48.0,105.0,107.0,59.0,59.0,108.0,199.5,0.01919935619935617,3,1
random,400,29,365,47.0,34.0,93.0,97.0,38.0,38.0,83.0,199.5,0.01919935619935617,3,1
random,400,29,366,272.0,302.0,345.0,345.0,301.0,301.0,310.0,199.5,0.01919935619935617,3,1
random,400,29,367,47.0,92.0,50.0,48.0,84.0,84.0,48.0,199.5,0.01919935619935617,3,1
random,400,29,368,9.0,14.0,19.0,21.0,15.0,15.0,15.0,199.5,0.01919935619935617,3,1
random,400,29,369,47.0,121.0,74.0,75.0,105.0,105.0,56.0,199.5,0.01919935619935617,3,1
random,400,29,370,152.0,149.0,169.0,168.0,154.0,154.0,190.0,199.5,0.01919935619935617,3,1
random,400,29,371,272.0,275.0,242.0,239.0,281.0,281.0,280.0,199.5,0.01919935619935617,3,1
random,400,29,372,114.0,187.0,155.0,151.0,176.0,176.0,131.0,199.5,0.01919935619935617,3,1
random,400,29,373,366.0,390.0,378.0,375.0,390.0,390.0,369.0,199.5,0.01919935619935617,3,1
random,400,29,374,152.0,239.0,181.0,188.0,228.0,228.0,169.0,199.5,0.01919935619935617,3,1
random,400,29,375,27.0,81.0,45.0,44.0,77.0,77.0,30.0,199.5,0.01919935619935617,3,1
random,400,29,376,397.0,397.0,399.0,399.0,397.0,397.0,399.0,199.5,0.01919935619935617,3,1
random,400,29,377,152.0,176.0,148.0,147.0,180.0,180.0,170.0,199.5,0.01919935619935617,3,1
random,400,29,378,114.0,87.0,133.0,136.0,99.0,99.0,143.0,199.5,0.01919935619935617,3,1
random,400,29,379,213.0,94.0,282.0,291.0,114.0,114.0,273.0,199.5,0.01919935619935617,3,1
random,400,29,380,9.0,21.0,9.0,9.0,20.0,20.0,10.0,199.5,0.01919935619935617,3,1
random,400,29,381,47.0,48.0,98.0,106.0,47.0,47.0,84.0,199.5,0.01919935619935617,3,1
random,400,29,382,114.0,47.0,140.0,138.0,59.0,59.0,152.0,199.5,0.01919935619935617,3,1
random,400,29,383,84.0,43.0,95.0,101.0,53.0,53.0,112.0,199.5,0.01919935619935617,3,1
random,400,29,384,84.0,31.0,73.0,76.0,38.0,38.0,111.0,199.5,0.01919935619935617,3,1
random,400,29,385,323.0,310.0,370.0,369.0,320.0,320.0,361.0,199.5,0.01919935619935617,3,1
random,400,29,386,213.0,215.0,245.0,241.0,217.0,217.0,257.0,199.5,0.01919935619935617,3,1
random,400,29,387,323.0,285.0,325.0,329.0,302.0,302.0,346.0,199.5,0.01919935619935617,3,1
random,400,29,388,47.0,65.0,84.0,86.0,64.0,64.0,77.0,199.5,0.01919935619935617,3,1
random,400,29,389,323.0,365.0,342.0,346.0,361.0,361.0,331.0,199.5,0.01919935619935617,3,1
random,400,29,390,114.0,162.0,107.0,105.0,157.0,157.0,122.0,199.5,0.01919935619935617,3,1
random,400,29,391,272.0,344.0,289.0,286.0,338.0,338.0,281.0,199.5,0.01919935619935617,3,1
random,400,29,392,9.0,14.0,18.0,18.0,16.0,16.0,11.0,199.5,0.01919935619935617,3,1
random,400,29,393,272.0,229.0,274.0,281.0,245.0,245.0,307.0,199.5,0.01919935619935617,3,1
random,400,29,394,84.0,146.0,102.0,96.0,139.0,139.0,88.0,199.5,0.01919935619935617,3,1
random,400,29,395,84.0,149.0,96.0,92.0,145.0,145.0,85.0,199.5,0.01919935619935617,3,1
random,400,29,396,366.0,327.0,375.0,379.0,339.0,339.0,386.0,199.5,0.01919935619935617,3,1
random,400,29,397,114.0,167.0,108.0,108.0,152.0,152.0,125.0,199.5,0.01919935619935617,3,1
random,400,29,398,152.0,138.0,187.0,189.0,144.0,144.0,198.0,199.5,0.01919935619935617,3,1
random,400,29,399,152.0,284.0,192.0,197.0,271.0,271.0,155.0,199.5,0.01919935619935617,3,1
random,400,30,0,331.0,337.0,356.0,359.0,341.0,341.0,361.0,199.5,0.019079116961469883,3,1
random,400,30,1,391.0,393.0,397.0,397.0,396.0,396.0,392.0,199.5,0.019079116961469883,3,1
random,400,30,2,373.0,384.0,389.0,389.0,386.0,386.0,383.0,199.5,0.019079116961469883,3,1
random,400,30,3,222.0,211.0,229.0,230.0,221.0,221.0,250.0,199.5,0.019079116961469883,3,1
random,400,30,4,40.0,141.0,84.0,84.0,131.0,131.0,41.0,199.5,0.019079116961469883,3,1
random,400,30,5,222.0,296.0,235.0,234.0,291.0,291.0,227.0,199.5,0.019079116961469883,3,1
random,400,30,6,40.0,52.0,43.0,47.0,50.0,50.0,55.0,199.5,0.019079116961469883,3,1
random,400,30,7,22.0,33.0,41.0,39.0,33.0,33.0,32.0,199.5,0.019079116961469883,3,1
random,400,30,8,222.0,272.0,304.0,308.0,272.0,272.0,252.0,199.5,0.019079116961469883,3,1
random,400,30,9,272.0,257.0,326.0,327.0,266.0,266.0,329.0,199.5,0.019079116961469883,3,1
random,400,30,10,40.0,78.0,34.0,32.0,71.0,71.0,42.0,199.5,0.019079116961469883,3,1
random,400,30,11,113.0,119.0,131.0,133.0,124.0,124.0,141.0,199.5,0.019079116961469883,3,1
random,400,30,12,113.0,167.0,146.0,141.0,162.0,162.0,131.0,199.5,0.019079116961469883,3,1
random,400,30,13,158.0,220.0,193.0,186.0,207.0,207.0,175.0,199.5,0.019079116961469883,3,1
random,400,30,14,65.0,29.0,89.0,93.0,35.0,35.0,111.0,199.5,0.019079116961469883,3,1
random,400,30,15,158.0,172.0,164.0,162.0,175.0,175.0,177.0,199.5,0.019079116961469883,3,1
random,400,30,16,65.0,83.0,88.0,89.0,80.0,80.0,95.0,199.5,0.019079116961469883,3,1
random,400,30,17,14.0,7.0,13.0,13.0,9.0,9.0,20.0,199.5,0.019079116961469883,3,1
random,400,30,18,272.0,329.0,297.0,298.0,328.0,328.0,279.0,199.5,0.019079116961469883,3,1
random,400,30,19,272.0,370.0,256.0,256.0,369.0,369.0,268.0,199.5,0.019079116961469883,3,1
random,400,30,20,40.0,30.0,42.0,43.0,30.0,30.0,60.0,199.5,0.019079116961469883,3,1
random,400,30,21,113.0,135.0,148.0,155.0,134.0,134.0,142.0,199.5,0.019079116961469883,3,1
random,400,30,22,391.0,397.0,396.0,395.0,397.0,397.0,393.0,199.5,0.019079116961469883,3,1
random,400,30,23,158.0,159.0,212.0,211.0,166.0,166.0,214.0,199.5,0.019079116961469883,3,1
random,400,30,24,158.0,183.0,228.0,227.0,189.0,189.0,210.0,199.5,0.019079116961469883,3,1
random,400,30,25,331.0,321.0,345.0,344.0,327.0,327.0,356.0,199.5,0.019079116961469883,3,1
random,400,30,26,222.0,282.0,260.0,259.0,279.0,279.0,230.0,199.5,0.019079116961469883,3,1
random,400,30,27,8.0,14.0,11.0,11.0,13.0,13.0,10.0,199.5,0.019079116961469883,3,1
random,400,30,28,373.0,394.0,386.0,386.0,393.0,393.0,377.0,199.5,0.019079116961469883,3,1
random,400,30,29,272.0,374.0,327.0,325.0,372.0,372.0,274.0,199.5,0.019079116961469883,3,1
random,400,30,30,331.0,363.0,365.0,364.0,363.0,363.0,353.0,199.5,0.019079116961469883,3,1
random,400,30,31,158.0,189.0,140.0,134.0,194.0,194.0,169.0,199.5,0.019079116961469883,3,1
random,400,30,32,272.0,303.0,285.0,282.0,304.0,304.0,283.0,199.5,0.019079116961469883,3,1
random,400,30,33,158.0,202.0,227.0,224.0,206.0,206.0,190.0,199.5,0.019079116961469883,3,1
random,400,30,34,113.0,162.0,109.0,101.0,159.0,159.0,115.0,199.5,0.019079116961469883,3,1
random,400,30,35,331.0,368.0,347.0,345.0,368.0,368.0,343.0,199.5,0.019079116961469883,3,1
random,400,30,36,158.0,240.0,226.0,223.0,235.0,235.0,182.0,199.5,0.019079116961469883,3,1
random,400,30,37,65.0,155.0,81.0,81.0,144.0,144.0,67.0,199.5,0.019079116961469883,3,1
random,400,30,38,272.0,282.0,337.0,339.0,285.0,285.0,327.0,199.5,0.019079116961469883,3,1
random,400,30,39,331.0,332.0,373.0,373.0,336.0,336.0,368.0,199.5,0.019079116961469883,3,1
random,400,30,40,272.0,335.0,296.0,294.0,331.0,331.0,281.0,199.5,0.019079116961469883,3,1
random,400,30,41,40.0,23.0,39.0,37.0,27.0,27.0,54.0,199.5,0.019079116961469883,3,1
random,400,30,42,22.0,66.0,28.0,28.0,56.0,56.0,24.0,199.5,0.019079116961469883,3,1
random,400,30,43,65.0,83.0,91.0,90.0,88.0,88.0,92.0,199.5,0.019079116961469883,3,1
random,400,30,44,272.0,309.0,306.0,306.0,303.0,303.0,312.0,199.5,0.019079116961469883,3,1
random,400,30,45,3.0,4.0,3.0,3.0,3.0,3.0,4.0,199.5,0.019079116961469883,3,1
random,400,30,46,65.0,71.0,46.0,45.0,73.0,73.0,71.0,199.5,0.019079116961469883,3,1
random,400,30,47,158.0,225.0,192.0,188.0,220.0,220.0,180.0,199.5,0.019079116961469883,3,1
random,400,30,48,158.0,223.0,156.0,139.0,225.0,225.0,160.0,199.5,0.019079116961469883,3,1
random,400,30,49,113.0,146.0,163.0,166.0,146.0,146.0,127.0,199.5,0.019079116961469883,3,1
random,400,30,50,113.0,94.0,133.0,136.0,101.0,101.0,148.0,199.5,0.019079116961469883,3,1
random,400,30,51,158.0,115.0,190.0,197.0,130.0,130.0,208.0,199.5,0.019079116961469883,3,1
random,400,30,52,272.0,332.0,290.0,287.0,330.0,330.0,278.0,199.5,0.019079116961469883,3,1
random,400,30,53,65.0,58.0,87.0,86.0,62.0,62.0,100.0,199.5,0.019079116961469883,3,1
random,400,30,54,158.0,183.0,153.0,149.0,182.0,182.0,171.0,199.5,0.019079116961469883,3,1
random,400,30,55,331.0,342.0,349.0,352.0,347.0,347.0,357.0,199.5,0.019079116961469883,3,1
random,400,30,56,3.0,5.0,4.0,4.0,4.0,4.0,3.0,199.5,0.019079116961469883,3,1
random,400,30,57,158.0,176.0,191.0,192.0,181.0,181.0,192.0,199.5,0.019079116961469883,3,1
random,400,30,58,222.0,127.0,237.0,247.0,145.0,145.0,270.0,199.5,0.019079116961469883,3,1
random,400,30,59,272.0,265.0,292.0,297.0,273.0,273.0,309.0,199.5,0.019079116961469883,3,1
random,400,30,60,272.0,274.0,325.0,323.0,278.0,278.0,328.0,199.5,0.019079116961469883,3,1
random,400,30,61,158.0,110.0,205.0,210.0,122.0,122.0,218.0,199.5,0.019079116961469883,3,1
random,400,30,62,222.0,269.0,239.0,232.0,261.0,261.0,232.0,199.5,0.019079116961469883,3,1
random,400,30,63,40.0,48.0,47.0,44.0,47.0,47.0,49.0,199.5,0.019079116961469883,3,1
random,400,30,64,331.0,299.0,334.0,334.0,305.0,305.0,358.0,199.5,0.019079116961469883,3,1
random,400,30,65,8.0,12.0,9.0,9.0,11.0,11.0,11.0,199.5,0.019079116961469883,3,1
random,400,30,66,14.0,14.0,21.0,19.0,15.0,15.0,18.0,199.5,0.019079116961469883,3,1
random,400,30,67,65.0,54.0,86.0,87.0,58.0,58.0,106.0,199.5,0.019079116961469883,3,1
random,400,30,68,22.0,76.0,44.0,48.0,60.0,60.0,27.0,199.5,0.019079116961469883,3,1
random,400,30,69,391.0,385.0,398.0,398.0,387.0,387.0,399.0,199.5,0.019079116961469883,3,1
random,400,30,70,272.0,233.0,308.0,309.0,247.0,247.0,325.0,199.5,0.019079116961469883,3,1
random,400,30,71,158.0,179.0,143.0,137.0,186.0,186.0,163.0,199.5,0.019079116961469883,3,1
random,400,30,72,113.0,94.0,160.0,161.0,101.0,101.0,152.0,199.5,0.019079116961469883,3,1
random,400,30,73,158.0,222.0,194.0,195.0,217.0,217.0,179.0,199.5,0.019079116961469883,3,1
random,400,30,74,272.0,306.0,303.0,292.0,306.0,306.0,289.0,199.5,0.019079116961469883,3,1
random,400,30,75,65.0,132.0,108.0,107.0,128.0,128.0,78.0,199.5,0.019079116961469883,3,1
random,400,30,76,65.0,112.0,110.0,109.0,109.0,109.0,98.0,199.5,0.019079116961469883,3,1
random,400,30,77,158.0,162.0,158.0,154.0,169.0,169.0,189.0,199.5,0.019079116961469883,3,1
random,400,30,78,222.0,235.0,259.0,262.0,238.0,238.0,261.0,199.5,0.019079116961469883,3,1
random,400,30,79,331.0,317.0,368.0,370.0,320.0,320.0,370.0,199.5,0.019079116961469883,3,1
random,400,30,80,158.0,167.0,150.0,146.0,177.0,177.0,173.0,199.5,0.019079116961469883,3,1
random,400,30,81,373.0,389.0,381.0,380.0,388.0,388.0,376.0,199.5,0.019079116961469883,3,1
random,400,30,82,65.0,105.0,78.0,77.0,99.0,99.0,82.0,199.5,0.019079116961469883,3,1
random,400,30,83,158.0,250.0,245.0,244.0,242.0,242.0,195.0,199.5,0.019079116961469883,3,1
random,400,30,84,158.0,189.0,182.0,180.0,189.0,189.0,184.0,199.5,0.019079116961469883,3,1
random,400,30,85,65.0,48.0,66.0,73.0,51.0,51.0,107.0,199.5,0.019079116961469883,3,1
random,400,30,86,272.0,259.0,321.0,321.0,274.0,274.0,319.0,199.5,0.019079116961469883,3,1
random,400,30,87,113.0,215.0,173.0,177.0,198.0,198.0,132.0,199.5,0.019079116961469883,3,1
random,400,30,88,222.0,272.0,208.0,207.0,267.0,267.0,223.0,199.5,0.019079116961469883,3,1
random,400,30,89,158.0,280.0,218.0,216.0,267.0,267.0,172.0,199.5,0.019079116961469883,3,1
random,400,30,90,113.0,78.0,134.0,145.0,82.0,82.0,156.0,199.5,0.019079116961469883,3,1
random,400,30,91,113.0,179.0,117.0,115.0,173.0,173.0,118.0,199.5,0.019079116961469883,3,1
random,400,30,92,331.0,357.0,352.0,349.0,360.0,360.0,345.0,199.5,0.019079116961469883,3,1
random,400,30,93,222.0,202.0,216.0,217.0,214.0,214.0,246.0,199.5,0.019079116961469883,3,1
random,400,30,94,222.0,307.0,246.0,240.0,299.0,299.0,229.0,199.5,0.019079116961469883,3,1
random,400,30,95,331.0,348.0,339.0,336.0,349.0,349.0,344.0,199.5,0.019079116961469883,3,1
random,400,30,96,222.0,242.0,199.0,198.0,244.0,244.0,231.0,199.5,0.019079116961469883,3,1
random,400,30,97,1.0,1.0,1.0,1.0,1.0,1.0,2.0,199.5,0.019079116961469883,3,1
random,400,30,98,65.0,72.0,77.0,75.0,74.0,74.0,90.0,199.5,0.019079116961469883,3,1
random,400,30,99,272.0,344.0,291.0,290.0,343.0,343.0,276.0,199.5,0.019079116961469883,3,1
random,400,30,100,65.0,45.0,75.0,78.0,52.0,52.0,96.0,199.5,0.019079116961469883,3,1
random,400,30,101,22.0,48.0,33.0,35.0,44.0,44.0,29.0,199.5,0.019079116961469883,3,1
random,400,30,102,158.0,60.0,204.0,205.0,76.0,76.0,221.0,199.5,0.019079116961469883,3,1
random,400,30,103,158.0,132.0,184.0,187.0,149.0,149.0,201.0,199.5,0.019079116961469883,3,1
random,400,30,104,22.0,21.0,32.0,33.0,22.0,22.0,37.0,199.5,0.019079116961469883,3,1
random,400,30,105,331.0,367.0,358.0,360.0,367.0,367.0,346.0,199.5,0.019079116961469883,3,1
random,400,30,106,272.0,259.0,275.0,275.0,265.0,265.0,315.0,199.5,0.019079116961469883,3,1
random,400,30,107,14.0,37.0,15.0,16.0,34.0,34.0,16.0,199.5,0.019079116961469883,3,1
random,400,30,108,272.0,277.0,281.0,279.0,284.0,284.0,306.0,199.5,0.019079116961469883,3,1
random,400,30,109,65.0,124.0,61.0,56.0,115.0,115.0,75.0,199.5,0.019079116961469883,3,1
random,400,30,110,8.0,11.0,8.0,8.0,10.0,10.0,12.0,199.5,0.019079116961469883,3,1
random,400,30,111,222.0,209.0,207.0,209.0,216.0,216.0,245.0,199.5,0.019079116961469883,3,1
random,400,30,112,222.0,189.0,232.0,238.0,201.0,201.0,256.0,199.5,0.019079116961469883,3,1
random,400,30,113,158.0,235.0,198.0,194.0,231.0,231.0,167.0,199.5,0.019079116961469883,3,1
random,400,30,114,331.0,370.0,353.0,353.0,370.0,370.0,341.0,199.5,0.019079116961469883,3,1
random,400,30,115,158.0,187.0,189.0,190.0,182.0,182.0,193.0,199.5,0.019079116961469883,3,1
random,400,30,116,113.0,103.0,138.0,150.0,108.0,108.0,150.0,199.5,0.019079116961469883,3,1
random,400,30,117,158.0,238.0,159.0,159.0,233.0,233.0,162.0,199.5,0.019079116961469883,3,1
random,400,30,118,65.0,94.0,93.0,97.0,89.0,89.0,99.0,199.5,0.019079116961469883,3,1
random,400,30,119,272.0,282.0,316.0,315.0,290.0,290.0,314.0,199.5,0.019079116961469883,3,1
random,400,30,120,331.0,337.0,333.0,332.0,340.0,340.0,337.0,199.5,0.019079116961469883,3,1
random,400,30,121,22.0,35.0,24.0,22.0,36.0,36.0,30.0,199.5,0.019079116961469883,3,1
random,400,30,122,40.0,137.0,113.0,114.0,119.0,119.0,51.0,199.5,0.019079116961469883,3,1
random,400,30,123,158.0,80.0,128.0,125.0,93.0,93.0,211.0,199.5,0.019079116961469883,3,1
random,400,30,124,158.0,122.0,166.0,167.0,127.0,127.0,212.0,199.5,0.019079116961469883,3,1
random,400,30,125,113.0,183.0,169.0,170.0,174.0,174.0,138.0,199.5,0.019079116961469883,3,1
random,400,30,126,65.0,102.0,112.0,118.0,98.0,98.0,102.0,199.5,0.019079116961469883,3,1
random,400,30,127,222.0,165.0,271.0,271.0,176.0,176.0,269.0,199.5,0.019079116961469883,3,1
random,400,30,128,65.0,115.0,69.0,69.0,112.0,112.0,79.0,199.5,0.019079116961469883,3,1
random,400,30,129,331.0,298.0,342.0,343.0,302.0,302.0,369.0,199.5,0.019079116961469883,3,1
random,400,30,130,22.0,39.0,23.0,24.0,38.0,38.0,23.0,199.5,0.019079116961469883,3,1
random,400,30,131,3.0,8.0,6.0,6.0,8.0,8.0,6.0,199.5,0.019079116961469883,3,1
random,400,30,132,272.0,336.0,289.0,289.0,333.0,333.0,280.0,199.5,0.019079116961469883,3,1
random,400,30,133,40.0,25.0,56.0,63.0,28.0,28.0,62.0,199.5,0.019079116961469883,3,1
random,400,30,134,65.0,64.0,92.0,96.0,63.0,63.0,109.0,199.5,0.019079116961469883,3,1
random,400,30,135,65.0,105.0,60.0,58.0,113.0,113.0,65.0,199.5,0.019079116961469883,3,1
random,400,30,136,158.0,265.0,188.0,185.0,254.0,254.0,164.0,199.5,0.019079116961469883,3,1
random,400,30,137,113.0,244.0,171.0,168.0,232.0,232.0,117.0,199.5,0.019079116961469883,3,1
random,400,30,138,222.0,148.0,221.0,220.0,159.0,159.0,265.0,199.5,0.019079116961469883,3,1
random,400,30,139,40.0,72.0,58.0,65.0,64.0,64.0,57.0,199.5,0.019079116961469883,3,1
random,400,30,140,158.0,215.0,241.0,239.0,213.0,213.0,200.0,199.5,0.019079116961469883,3,1
random,400,30,141,40.0,53.0,51.0,50.0,48.0,48.0,50.0,199.5,0.019079116961469883,3,1
random,400,30,142,373.0,380.0,383.0,383.0,382.0,382.0,382.0,199.5,0.019079116961469883,3,1
random,400,30,143,331.0,342.0,348.0,350.0,346.0,346.0,355.0,199.5,0.019079116961469883,3,1
random,400,30,144,113.0,167.0,144.0,148.0,165.0,165.0,126.0,199.5,0.019079116961469883,3,1
random,400,30,145,65.0,83.0,53.0,51.0,84.0,84.0,77.0,199.5,0.019079116961469883,3,1
random,400,30,146,222.0,206.0,234.0,231.0,219.0,219.0,249.0,199.5,0.019079116961469883,3,1
random,400,30,147,331.0,324.0,354.0,356.0,326.0,326.0,360.0,199.5,0.019079116961469883,3,1
random,400,30,148,222.0,211.0,244.0,245.0,223.0,223.0,254.0,199.5,0.019079116961469883,3,1
random,400,30,149,158.0,263.0,233.0,237.0,253.0,253.0,174.0,199.5,0.019079116961469883,3,1
random,400,30,150,373.0,395.0,375.0,375.0,394.0,394.0,373.0,199.5,0.019079116961469883,3,1
random,400,30,151,272.0,325.0,276.0,280.0,316.0,316.0,287.0,199.5,0.019079116961469883,3,1
random,400,30,152,65.0,141.0,90.0,88.0,132.0,132.0,74.0,199.5,0.019079116961469883,3,1
random,400,30,153,272.0,226.0,278.0,278.0,234.0,234.0,317.0,199.5,0.019079116961469883,3,1
random,400,30,154,222.0,344.0,247.0,236.0,339.0,339.0,222.0,199.5,0.019079116961469883,3,1
random,400,30,155,373.0,378.0,377.0,377.0,379.0,379.0,380.0,199.5,0.019079116961469883,3,1
random,400,30,156,14.0,10.0,16.0,17.0,12.0,12.0,21.0,199.5,0.019079116961469883,3,1
random,400,30,157,22.0,17.0,37.0,40.0,17.0,17.0,39.0,199.5,0.019079116961469883,3,1
random,400,30,158,22.0,37.0,26.0,26.0,32.0,32.0,25.0,199.5,0.019079116961469883,3,1
random,400,30,159,222.0,265.0,255.0,258.0,260.0,260.0,242.0,199.5,0.019079116961469883,3,1
random,400,30,160,272.0,270.0,305.0,302.0,275.0,275.0,321.0,199.5,0.019079116961469883,3,1
random,400,30,161,40.0,42.0,48.0,46.0,45.0,45.0,48.0,199.5,0.019079116961469883,3,1
random,400,30,162,373.0,390.0,388.0,387.0,389.0,389.0,378.0,199.5,0.019079116961469883,3,1
random,400,30,163,272.0,321.0,307.0,304.0,323.0,323.0,291.0,199.5,0.019079116961469883,3,1
random,400,30,164,391.0,382.0,392.0,393.0,383.0,383.0,398.0,199.5,0.019079116961469883,3,1
random,400,30,165,272.0,314.0,324.0,324.0,315.0,315.0,301.0,199.5,0.019079116961469883,3,1
random,400,30,166,22.0,39.0,40.0,41.0,38.0,38.0,35.0,199.5,0.019079116961469883,3,1
random,400,30,167,222.0,244.0,223.0,226.0,245.0,245.0,244.0,199.5,0.019079116961469883,3,1
random,400,30,168,272.0,356.0,312.0,314.0,344.0,344.0,285.0,199.5,0.019079116961469883,3,1
random,400,30,169,331.0,383.0,351.0,348.0,381.0,381.0,331.0,199.5,0.019079116961469883,3,1
random,400,30,170,65.0,122.0,72.0,67.0,116.0,116.0,70.0,199.5,0.019079116961469883,3,1
random,400,30,171,113.0,172.0,119.0,117.0,168.0,168.0,121.0,199.5,0.019079116961469883,3,1
random,400,30,172,272.0,285.0,310.0,311.0,294.0,294.0,302.0,199.5,0.019079116961469883,3,1
random,400,30,173,272.0,296.0,302.0,301.0,297.0,297.0,304.0,199.5,0.019079116961469883,3,1
random,400,30,174,158.0,279.0,202.0,202.0,263.0,263.0,168.0,199.5,0.019079116961469883,3,1
random,400,30,175,222.0,130.0,254.0,254.0,143.0,143.0,267.0,199.5,0.019079116961469883,3,1
random,400,30,176,3.0,9.0,5.0,5.0,7.0,7.0,5.0,199.5,0.019079116961469883,3,1
random,400,30,177,272.0,311.0,293.0,295.0,311.0,311.0,303.0,199.5,0.019079116961469883,3,1
random,400,30,178,22.0,18.0,20.0,15.0,19.0,19.0,26.0,199.5,0.019079116961469883,3,1
random,400,30,179,158.0,183.0,161.0,160.0,182.0,182.0,183.0,199.5,0.019079116961469883,3,1
random,400,30,180,40.0,39.0,68.0,66.0,41.0,41.0,64.0,199.5,0.019079116961469883,3,1
random,400,30,181,113.0,66.0,116.0,113.0,81.0,81.0,143.0,199.5,0.019079116961469883,3,1
random,400,30,182,331.0,359.0,346.0,347.0,359.0,359.0,352.0,199.5,0.019079116961469883,3,1
random,400,30,183,65.0,105.0,135.0,138.0,106.0,106.0,103.0,199.5,0.019079116961469883,3,1
random,400,30,184,272.0,341.0,280.0,270.0,335.0,335.0,277.0,199.5,0.019079116961469883,3,1
random,400,30,185,158.0,150.0,170.0,172.0,154.0,154.0,181.0,199.5,0.019079116961469883,3,1
random,400,30,186,272.0,292.0,319.0,320.0,291.0,291.0,316.0,199.5,0.019079116961469883,3,1
random,400,30,187,113.0,160.0,176.0,176.0,163.0,163.0,133.0,199.5,0.019079116961469883,3,1
random,400,30,188,222.0,137.0,214.0,219.0,151.0,151.0,262.0,199.5,0.019079116961469883,3,1
random,400,30,189,373.0,396.0,376.0,376.0,395.0,395.0,374.0,199.5,0.019079116961469883,3,1
random,400,30,190,373.0,348.0,379.0,381.0,354.0,354.0,387.0,199.5,0.019079116961469883,3,1
random,400,30,191,158.0,218.0,165.0,164.0,211.0,211.0,170.0,199.5,0.019079116961469883,3,1
random,400,30,192,272.0,314.0,283.0,284.0,312.0,312.0,290.0,199.5,0.019079116961469883,3,1
random,400,30,193,40.0,43.0,52.0,53.0,49.0,49.0,56.0,199.5,0.019079116961469883,3,1
random,400,30,194,40.0,135.0,45.0,42.0,120.0,120.0,40.0,199.5,0.019079116961469883,3,1
random,400,30,195,331.0,257.0,344.0,346.0,276.0,276.0,371.0,199.5,0.019079116961469883,3,1
random,400,30,196,272.0,299.0,286.0,293.0,298.0,298.0,311.0,199.5,0.019079116961469883,3,1
random,400,30,197,1.0,2.0,2.0,2.0,2.0,2.0,1.0,199.5,0.019079116961469883,3,1
random,400,30,198,158.0,177.0,174.0,173.0,178.0,178.0,194.0,199.5,0.019079116961469883,3,1
random,400,30,199,222.0,247.0,230.0,225.0,252.0,252.0,235.0,199.5,0.019079116961469883,3,1
random,400,30,200,113.0,209.0,137.0,132.0,199.0,199.0,116.0,199.5,0.019079116961469883,3,1
random,400,30,201,373.0,376.0,380.0,378.0,378.0,378.0,379.0,199.5,0.019079116961469883,3,1
random,400,30,202,65.0,45.0,82.0,80.0,54.0,54.0,101.0,199.5,0.019079116961469883,3,1
random,400,30,203,222.0,288.0,265.0,268.0,280.0,280.0,243.0,199.5,0.019079116961469883,3,1
random,400,30,204,391.0,391.0,395.0,396.0,391.0,391.0,396.0,199.5,0.019079116961469883,3,1
random,400,30,205,65.0,56.0,59.0,59.0,61.0,61.0,80.0,199.5,0.019079116961469883,3,1
random,400,30,206,222.0,292.0,266.0,260.0,286.0,286.0,241.0,199.5,0.019079116961469883,3,1
random,400,30,207,65.0,105.0,76.0,76.0,97.0,97.0,89.0,199.5,0.019079116961469883,3,1
random,400,30,208,331.0,372.0,372.0,372.0,374.0,374.0,338.0,199.5,0.019079116961469883,3,1
random,400,30,209,222.0,121.0,261.0,261.0,139.0,139.0,272.0,199.5,0.019079116961469883,3,1
random,400,30,210,331.0,314.0,336.0,337.0,322.0,322.0,364.0,199.5,0.019079116961469883,3,1
random,400,30,211,272.0,274.0,330.0,333.0,283.0,283.0,320.0,199.5,0.019079116961469883,3,1
random,400,30,212,272.0,253.0,299.0,291.0,256.0,256.0,326.0,199.5,0.019079116961469883,3,1
random,400,30,213,272.0,332.0,323.0,319.0,332.0,332.0,293.0,199.5,0.019079116961469883,3,1
random,400,30,214,222.0,179.0,251.0,251.0,196.0,196.0,263.0,199.5,0.019079116961469883,3,1
random,400,30,215,40.0,83.0,71.0,70.0,78.0,78.0,52.0,199.5,0.019079116961469883,3,1
random,400,30,216,373.0,340.0,387.0,388.0,347.0,347.0,389.0,199.5,0.019079116961469883,3,1
random,400,30,217,113.0,61.0,111.0,112.0,79.0,79.0,145.0,199.5,0.019079116961469883,3,1
random,400,30,218,331.0,363.0,355.0,351.0,365.0,365.0,336.0,199.5,0.019079116961469883,3,1
random,400,30,219,158.0,157.0,162.0,163.0,159.0,159.0,187.0,199.5,0.019079116961469883,3,1
random,400,30,220,331.0,344.0,361.0,362.0,345.0,345.0,366.0,199.5,0.019079116961469883,3,1
random,400,30,221,158.0,202.0,220.0,218.0,203.0,203.0,196.0,199.5,0.019079116961469883,3,1
random,400,30,222,113.0,150.0,152.0,152.0,140.0,140.0,137.0,199.5,0.019079116961469883,3,1
random,400,30,223,40.0,94.0,54.0,49.0,86.0,86.0,43.0,199.5,0.019079116961469883,3,1
random,400,30,224,65.0,145.0,85.0,85.0,137.0,137.0,76.0,199.5,0.019079116961469883,3,1
random,400,30,225,113.0,100.0,157.0,157.0,99.0,99.0,157.0,199.5,0.019079116961469883,3,1
random,400,30,226,400.0,400.0,400.0,400.0,400.0,400.0,400.0,199.5,0.019079116961469883,3,1
random,400,30,227,158.0,242.0,224.0,222.0,236.0,236.0,176.0,199.5,0.019079116961469883,3,1
random,400,30,228,272.0,307.0,300.0,296.0,308.0,308.0,292.0,199.5,0.019079116961469883,3,1
random,400,30,229,272.0,337.0,340.0,340.0,329.0,329.0,308.0,199.5,0.019079116961469883,3,1
random,400,30,230,272.0,240.0,314.0,313.0,248.0,248.0,324.0,199.5,0.019079116961469883,3,1
random,400,30,231,65.0,88.0,80.0,79.0,83.0,83.0,93.0,199.5,0.019079116961469883,3,1
random,400,30,232,222.0,202.0,272.0,277.0,209.0,209.0,264.0,199.5,0.019079116961469883,3,1
random,400,30,233,331.0,329.0,360.0,357.0,336.0,336.0,365.0,199.5,0.019079116961469883,3,1
random,400,30,234,331.0,348.0,311.0,307.0,349.0,349.0,333.0,199.5,0.019079116961469883,3,1
random,400,30,235,113.0,90.0,149.0,153.0,95.0,95.0,151.0,199.5,0.019079116961469883,3,1
random,400,30,236,65.0,115.0,120.0,123.0,114.0,114.0,94.0,199.5,0.019079116961469883,3,1
random,400,30,237,331.0,372.0,343.0,341.0,373.0,373.0,334.0,199.5,0.019079116961469883,3,1
random,400,30,238,65.0,125.0,103.0,110.0,123.0,123.0,81.0,199.5,0.019079116961469883,3,1
random,400,30,239,272.0,311.0,320.0,318.0,312.0,312.0,299.0,199.5,0.019079116961469883,3,1
random,400,30,240,222.0,238.0,263.0,265.0,240.0,240.0,253.0,199.5,0.019079116961469883,3,1
random,400,30,241,158.0,200.0,213.0,204.0,200.0,200.0,197.0,199.5,0.019079116961469883,3,1
random,400,30,242,158.0,171.0,178.0,178.0,172.0,172.0,199.0,199.5,0.019079116961469883,3,1
random,400,30,243,8.0,19.0,10.0,10.0,16.0,16.0,8.0,199.5,0.019079116961469883,3,1
random,400,30,244,331.0,327.0,338.0,338.0,334.0,334.0,350.0,199.5,0.019079116961469883,3,1
random,400,30,245,331.0,354.0,362.0,365.0,355.0,355.0,347.0,199.5,0.019079116961469883,3,1
random,400,30,246,331.0,351.0,369.0,368.0,351.0,351.0,362.0,199.5,0.019079116961469883,3,1
random,400,30,247,272.0,232.0,288.0,303.0,243.0,243.0,322.0,199.5,0.019079116961469883,3,1
random,400,30,248,113.0,196.0,154.0,156.0,186.0,186.0,120.0,199.5,0.019079116961469883,3,1
random,400,30,249,22.0,23.0,38.0,38.0,23.0,23.0,36.0,199.5,0.019079116961469883,3,1
random,400,30,250,373.0,386.0,367.0,366.0,384.0,384.0,375.0,199.5,0.019079116961469883,3,1
random,400,30,251,331.0,317.0,366.0,369.0,317.0,317.0,372.0,199.5,0.019079116961469883,3,1
random,400,30,252,65.0,31.0,101.0,105.0,37.0,37.0,112.0,199.5,0.019079116961469883,3,1
random,400,30,253,331.0,329.0,335.0,335.0,336.0,336.0,354.0,199.5,0.019079116961469883,3,1
random,400,30,254,272.0,292.0,274.0,273.0,295.0,295.0,294.0,199.5,0.019079116961469883,3,1
random,400,30,255,373.0,354.0,378.0,379.0,358.0,358.0,388.0,199.5,0.019079116961469883,3,1
random,400,30,256,331.0,366.0,364.0,363.0,364.0,364.0,349.0,199.5,0.019079116961469883,3,1
random,400,30,257,222.0,291.0,269.0,267.0,289.0,289.0,236.0,199.5,0.019079116961469883,3,1
random,400,30,258,222.0,199.0,200.0,200.0,212.0,212.0,234.0,199.5,0.019079116961469883,3,1
random,400,30,259,14.0,36.0,18.0,20.0,29.0,29.0,15.0,199.5,0.019079116961469883,3,1
random,400,30,260,65.0,150.0,115.0,116.0,138.0,138.0,85.0,199.5,0.019079116961469883,3,1
random,400,30,261,222.0,274.0,215.0,212.0,267.0,267.0,228.0,199.5,0.019079116961469883,3,1
random,400,30,262,272.0,265.0,350.0,355.0,276.0,276.0,330.0,199.5,0.019079116961469883,3,1
random,400,30,263,65.0,172.0,105.0,103.0,156.0,156.0,69.0,199.5,0.019079116961469883,3,1
random,400,30,264,158.0,226.0,219.0,221.0,227.0,227.0,191.0,199.5,0.019079116961469883,3,1
random,400,30,265,65.0,140.0,100.0,99.0,133.0,133.0,72.0,199.5,0.019079116961469883,3,1
random,400,30,266,113.0,229.0,179.0,182.0,217.0,217.0,122.0,199.5,0.019079116961469883,3,1
random,400,30,267,158.0,206.0,196.0,191.0,205.0,205.0,188.0,199.5,0.019079116961469883,3,1
random,400,30,268,65.0,80.0,73.0,72.0,77.0,77.0,91.0,199.5,0.019079116961469883,3,1
random,400,30,269,113.0,119.0,130.0,130.0,117.0,117.0,144.0,199.5,0.019079116961469883,3,1
random,400,30,270,373.0,378.0,374.0,374.0,377.0,377.0,381.0,199.5,0.019079116961469883,3,1
random,400,30,271,272.0,344.0,267.0,264.0,342.0,342.0,273.0,199.5,0.019079116961469883,3,1
random,400,30,272,331.0,374.0,371.0,371.0,376.0,376.0,339.0,199.5,0.019079116961469883,3,1
random,400,30,273,272.0,326.0,313.0,316.0,318.0,318.0,307.0,199.5,0.019079116961469883,3,1
random,400,30,274,222.0,215.0,210.0,213.0,224.0,224.0,237.0,199.5,0.019079116961469883,3,1
random,400,30,275,158.0,177.0,185.0,183.0,180.0,180.0,198.0,199.5,0.019079116961469883,3,1
random,400,30,276,158.0,146.0,238.0,246.0,150.0,150.0,219.0,199.5,0.019079116961469883,3,1
random,400,30,277,158.0,253.0,217.0,215.0,245.0,245.0,186.0,199.5,0.019079116961469883,3,1
random,400,30,278,222.0,200.0,282.0,283.0,208.0,208.0,266.0,199.5,0.019079116961469883,3,1
random,400,30,279,391.0,398.0,399.0,399.0,398.0,398.0,395.0,199.5,0.019079116961469883,3,1
random,400,30,280,158.0,229.0,114.0,111.0,229.0,229.0,147.0,199.5,0.019079116961469883,3,1
random,400,30,281,158.0,160.0,225.0,235.0,169.0,169.0,215.0,199.5,0.019079116961469883,3,1
random,400,30,282,158.0,157.0,195.0,196.0,157.0,157.0,209.0,199.5,0.019079116961469883,3,1
random,400,30,283,331.0,309.0,331.0,329.0,321.0,321.0,359.0,199.5,0.019079116961469883,3,1
random,400,30,284,222.0,233.0,236.0,229.0,241.0,241.0,238.0,199.5,0.019079116961469883,3,1
random,400,30,285,113.0,154.0,123.0,119.0,153.0,153.0,123.0,199.5,0.019079116961469883,3,1
random,400,30,286,222.0,270.0,252.0,250.0,271.0,271.0,248.0,199.5,0.019079116961469883,3,1
random,400,30,287,158.0,196.0,231.0,233.0,196.0,196.0,207.0,199.5,0.019079116961469883,3,1
random,400,30,288,158.0,72.0,168.0,169.0,90.0,90.0,217.0,199.5,0.019079116961469883,3,1
random,400,30,289,158.0,162.0,175.0,179.0,163.0,163.0,202.0,199.5,0.019079116961469883,3,1
random,400,30,290,158.0,167.0,181.0,181.0,167.0,167.0,206.0,199.5,0.019079116961469883,3,1
random,400,30,291,65.0,112.0,62.0,55.0,111.0,111.0,73.0,199.5,0.019079116961469883,3,1
random,400,30,292,272.0,321.0,301.0,300.0,319.0,319.0,286.0,199.5,0.019079116961469883,3,1
random,400,30,293,65.0,129.0,96.0,100.0,120.0,120.0,86.0,199.5,0.019079116961469883,3,1
random,400,30,294,40.0,61.0,27.0,27.0,57.0,57.0,44.0,199.5,0.019079116961469883,3,1
random,400,30,295,158.0,127.0,201.0,201.0,134.0,134.0,216.0,199.5,0.019079116961469883,3,1
random,400,30,296,222.0,263.0,248.0,248.0,258.0,258.0,240.0,199.5,0.019079116961469883,3,1
random,400,30,297,222.0,226.0,262.0,263.0,228.0,228.0,260.0,199.5,0.019079116961469883,3,1
random,400,30,298,222.0,211.0,253.0,255.0,225.0,225.0,255.0,199.5,0.019079116961469883,3,1
random,400,30,299,222.0,179.0,197.0,199.0,195.0,195.0,233.0,199.5,0.019079116961469883,3,1
random,400,30,300,222.0,255.0,242.0,241.0,255.0,255.0,239.0,199.5,0.019079116961469883,3,1
random,400,30,301,222.0,288.0,177.0,174.0,281.0,281.0,225.0,199.5,0.019079116961469883,3,1
random,400,30,302,272.0,277.0,318.0,322.0,282.0,282.0,318.0,199.5,0.019079116961469883,3,1
random,400,30,303,40.0,103.0,65.0,64.0,94.0,94.0,45.0,199.5,0.019079116961469883,3,1
random,400,30,304,373.0,365.0,382.0,382.0,366.0,366.0,385.0,199.5,0.019079116961469883,3,1
random,400,30,305,22.0,82.0,30.0,29.0,68.0,68.0,22.0,199.5,0.019079116961469883,3,1
random,400,30,306,65.0,111.0,99.0,92.0,110.0,110.0,83.0,199.5,0.019079116961469883,3,1
random,400,30,307,272.0,319.0,322.0,326.0,314.0,314.0,313.0,199.5,0.019079116961469883,3,1
random,400,30,308,113.0,76.0,124.0,124.0,85.0,85.0,149.0,199.5,0.019079116961469883,3,1
random,400,30,309,158.0,281.0,151.0,142.0,262.0,262.0,161.0,199.5,0.019079116961469883,3,1
random,400,30,310,113.0,94.0,155.0,158.0,101.0,101.0,154.0,199.5,0.019079116961469883,3,1
random,400,30,311,331.0,361.0,357.0,354.0,362.0,362.0,351.0,199.5,0.019079116961469883,3,1
random,400,30,312,222.0,194.0,249.0,249.0,203.0,203.0,257.0,199.5,0.019079116961469883,3,1
random,400,30,313,331.0,360.0,317.0,312.0,361.0,361.0,335.0,199.5,0.019079116961469883,3,1
random,400,30,314,373.0,369.0,390.0,390.0,371.0,371.0,386.0,199.5,0.019079116961469883,3,1
random,400,30,315,113.0,141.0,127.0,127.0,141.0,141.0,136.0,199.5,0.019079116961469883,3,1
random,400,30,316,158.0,220.0,141.0,135.0,210.0,210.0,165.0,199.5,0.019079116961469883,3,1
random,400,30,317,272.0,285.0,268.0,269.0,288.0,288.0,298.0,199.5,0.019079116961469883,3,1
random,400,30,318,22.0,33.0,25.0,23.0,30.0,30.0,28.0,199.5,0.019079116961469883,3,1
random,400,30,319,391.0,392.0,393.0,392.0,392.0,392.0,394.0,199.5,0.019079116961469883,3,1
random,400,30,320,65.0,64.0,94.0,98.0,67.0,67.0,97.0,199.5,0.019079116961469883,3,1
random,400,30,321,40.0,20.0,50.0,52.0,24.0,24.0,63.0,199.5,0.019079116961469883,3,1
random,400,30,322,272.0,288.0,295.0,299.0,293.0,293.0,300.0,199.5,0.019079116961469883,3,1
random,400,30,323,40.0,56.0,57.0,60.0,55.0,55.0,53.0,199.5,0.019079116961469883,3,1
random,400,30,324,272.0,251.0,257.0,253.0,270.0,270.0,288.0,199.5,0.019079116961469883,3,1
random,400,30,325,331.0,376.0,363.0,361.0,375.0,375.0,342.0,199.5,0.019079116961469883,3,1
random,400,30,326,158.0,189.0,243.0,243.0,193.0,193.0,205.0,199.5,0.019079116961469883,3,1
random,400,30,327,272.0,302.0,287.0,286.0,301.0,301.0,282.0,199.5,0.019079116961469883,3,1
random,400,30,328,40.0,54.0,36.0,36.0,53.0,53.0,46.0,199.5,0.019079116961469883,3,1
random,400,30,329,272.0,231.0,279.0,281.0,239.0,239.0,323.0,199.5,0.019079116961469883,3,1
random,400,30,330,373.0,352.0,385.0,385.0,357.0,357.0,390.0,199.5,0.019079116961469883,3,1
random,400,30,331,222.0,247.0,264.0,266.0,250.0,250.0,259.0,199.5,0.019079116961469883,3,1
random,400,30,332,158.0,235.0,211.0,208.0,230.0,230.0,185.0,199.5,0.019079116961469883,3,1
random,400,30,333,272.0,295.0,315.0,317.0,296.0,296.0,310.0,199.5,0.019079116961469883,3,1
random,400,30,334,14.0,58.0,19.0,21.0,46.0,46.0,14.0,199.5,0.019079116961469883,3,1
random,400,30,335,40.0,83.0,64.0,62.0,75.0,75.0,47.0,199.5,0.019079116961469883,3,1
random,400,30,336,113.0,165.0,125.0,120.0,158.0,158.0,125.0,199.5,0.019079116961469883,3,1
random,400,30,337,65.0,93.0,106.0,108.0,91.0,91.0,88.0,199.5,0.019079116961469883,3,1
random,400,30,338,272.0,251.0,258.0,257.0,264.0,264.0,295.0,199.5,0.019079116961469883,3,1
random,400,30,339,272.0,299.0,309.0,310.0,300.0,300.0,296.0,199.5,0.019079116961469883,3,1
random,400,30,340,40.0,14.0,55.0,61.0,21.0,21.0,59.0,199.5,0.019079116961469883,3,1
random,400,30,341,65.0,132.0,70.0,71.0,126.0,126.0,68.0,199.5,0.019079116961469883,3,1
random,400,30,342,113.0,125.0,142.0,144.0,134.0,134.0,129.0,199.5,0.019079116961469883,3,1
random,400,30,343,65.0,72.0,79.0,82.0,72.0,72.0,104.0,199.5,0.019079116961469883,3,1
random,400,30,344,222.0,259.0,183.0,184.0,258.0,258.0,224.0,199.5,0.019079116961469883,3,1
random,400,30,345,65.0,32.0,67.0,68.0,40.0,40.0,105.0,199.5,0.019079116961469883,3,1
random,400,30,346,158.0,255.0,180.0,175.0,251.0,251.0,159.0,199.5,0.019079116961469883,3,1
random,400,30,347,22.0,27.0,35.0,34.0,26.0,26.0,34.0,199.5,0.019079116961469883,3,1
random,400,30,348,40.0,63.0,63.0,57.0,59.0,59.0,58.0,199.5,0.019079116961469883,3,1
random,400,30,349,65.0,69.0,104.0,102.0,69.0,69.0,108.0,199.5,0.019079116961469883,3,1
random,400,30,350,222.0,172.0,270.0,276.0,182.0,182.0,271.0,199.5,0.019079116961469883,3,1
random,400,30,351,113.0,115.0,203.0,214.0,124.0,124.0,158.0,199.5,0.019079116961469883,3,1
random,400,30,352,391.0,387.0,391.0,391.0,390.0,390.0,397.0,199.5,0.019079116961469883,3,1
random,400,30,353,113.0,131.0,139.0,143.0,128.0,128.0,140.0,199.5,0.019079116961469883,3,1
random,400,30,354,8.0,25.0,12.0,12.0,18.0,18.0,9.0,199.5,0.019079116961469883,3,1
random,400,30,355,222.0,211.0,222.0,228.0,221.0,221.0,247.0,199.5,0.019079116961469883,3,1
random,400,30,356,272.0,327.0,277.0,274.0,325.0,325.0,284.0,199.5,0.019079116961469883,3,1
random,400,30,357,22.0,48.0,31.0,31.0,43.0,43.0,31.0,199.5,0.019079116961469883,3,1
random,400,30,358,65.0,69.0,121.0,129.0,70.0,70.0,110.0,199.5,0.019079116961469883,3,1
random,400,30,359,22.0,44.0,49.0,54.0,41.0,41.0,38.0,199.5,0.019079116961469883,3,1
random,400,30,360,65.0,91.0,74.0,74.0,86.0,86.0,84.0,199.5,0.019079116961469883,3,1
random,400,30,361,222.0,259.0,273.0,272.0,257.0,257.0,251.0,199.5,0.019079116961469883,3,1
random,400,30,362,331.0,352.0,329.0,331.0,353.0,353.0,348.0,199.5,0.019079116961469883,3,1
random,400,30,363,113.0,141.0,147.0,147.0,141.0,141.0,134.0,199.5,0.019079116961469883,3,1
random,400,30,364,113.0,112.0,126.0,128.0,118.0,118.0,135.0,199.5,0.019079116961469883,3,1
random,400,30,365,113.0,155.0,132.0,131.0,152.0,152.0,128.0,199.5,0.019079116961469883,3,1
random,400,30,366,222.0,247.0,284.0,285.0,249.0,249.0,258.0,199.5,0.019079116961469883,3,1
random,400,30,367,113.0,101.0,136.0,140.0,105.0,105.0,146.0,199.5,0.019079116961469883,3,1
random,400,30,368,272.0,357.0,294.0,288.0,352.0,352.0,275.0,199.5,0.019079116961469883,3,1
random,400,30,369,158.0,137.0,206.0,206.0,146.0,146.0,213.0,199.5,0.019079116961469883,3,1
random,400,30,370,113.0,196.0,129.0,126.0,188.0,188.0,119.0,199.5,0.019079116961469883,3,1
random,400,30,371,113.0,206.0,167.0,165.0,192.0,192.0,130.0,199.5,0.019079116961469883,3,1
random,400,30,372,158.0,244.0,250.0,252.0,236.0,236.0,203.0,199.5,0.019079116961469883,3,1
random,400,30,373,222.0,311.0,240.0,242.0,307.0,307.0,226.0,199.5,0.019079116961469883,3,1
random,400,30,374,331.0,387.0,370.0,367.0,385.0,385.0,332.0,199.5,0.019079116961469883,3,1
random,400,30,375,113.0,223.0,97.0,91.0,202.0,202.0,113.0,199.5,0.019079116961469883,3,1
random,400,30,376,113.0,148.0,95.0,94.0,148.0,148.0,114.0,199.5,0.019079116961469883,3,1
random,400,30,377,3.0,6.0,7.0,7.0,6.0,6.0,7.0,199.5,0.019079116961469883,3,1
random,400,30,378,22.0,27.0,29.0,30.0,25.0,25.0,33.0,199.5,0.019079116961469883,3,1
random,400,30,379,40.0,66.0,107.0,106.0,66.0,66.0,61.0,199.5,0.019079116961469883,3,1
random,400,30,380,65.0,189.0,83.0,83.0,171.0,171.0,66.0,199.5,0.019079116961469883,3,1
random,400,30,381,65.0,105.0,98.0,95.0,101.0,101.0,87.0,199.5,0.019079116961469883,3,1
random,400,30,382,373.0,380.0,384.0,384.0,380.0,380.0,384.0,199.5,0.019079116961469883,3,1
random,400,30,383,331.0,304.0,328.0,328.0,310.0,310.0,340.0,199.5,0.019079116961469883,3,1
random,400,30,384,113.0,194.0,172.0,171.0,179.0,179.0,139.0,199.5,0.019079116961469883,3,1
random,400,30,385,158.0,218.0,209.0,203.0,214.0,214.0,178.0,199.5,0.019079116961469883,3,1
random,400,30,386,113.0,89.0,118.0,121.0,91.0,91.0,153.0,199.5,0.019079116961469883,3,1
random,400,30,387,331.0,304.0,332.0,330.0,309.0,309.0,363.0,199.5,0.019079116961469883,3,1
random,400,30,388,113.0,94.0,122.0,122.0,107.0,107.0,155.0,199.5,0.019079116961469883,3,1
random,400,30,389,158.0,187.0,145.0,151.0,189.0,189.0,166.0,199.5,0.019079116961469883,3,1
random,400,30,390,158.0,45.0,186.0,193.0,65.0,65.0,220.0,199.5,0.019079116961469883,3,1
random,400,30,391,113.0,91.0,102.0,104.0,95.0,95.0,124.0,199.5,0.019079116961469883,3,1
random,400,30,392,14.0,13.0,22.0,25.0,14.0,14.0,19.0,199.5,0.019079116961469883,3,1
random,400,30,393,14.0,21.0,17.0,18.0,20.0,20.0,17.0,199.5,0.019079116961469883,3,1
random,400,30,394,391.0,399.0,394.0,394.0,399.0,399.0,391.0,199.5,0.019079116961469883,3,1
random,400,30,395,8.0,3.0,14.0,14.0,4.0,4.0,13.0,199.5,0.019079116961469883,3,1
random,400,30,396,272.0,361.0,341.0,342.0,356.0,356.0,297.0,199.5,0.019079116961469883,3,1
random,400,30,397,331.0,319.0,359.0,358.0,324.0,324.0,367.0,199.5,0.019079116961469883,3,1
random,400,30,398,272.0,285.0,298.0,305.0,287.0,287.0,305.0,199.5,0.019079116961469883,3,1
random,400,30,399,158.0,150.0,187.0,189.0,155.0,155.0,204.0,199.5,0.019079116961469883,3,1
