random,400,33,0,76.0,86.0,70.0,69.0,96.0,96.0,81.0,199.5,0.020076266569687598,3,1
random,400,33,1,3.0,7.0,4.0,4.0,5.0,5.0,3.0,199.5,0.020076266569687598,3,1
random,400,33,2,161.0,156.0,209.0,209.0,165.0,165.0,208.0,199.5,0.020076266569687598,3,1
random,400,33,3,222.0,232.0,245.0,244.0,231.0,231.0,254.0,199.5,0.020076266569687598,3,1
random,400,33,4,111.0,138.0,144.0,141.0,140.0,140.0,140.0,199.5,0.020076266569687598,3,1
random,400,33,5,355.0,393.0,298.0,301.0,392.0,392.0,353.0,199.5,0.020076266569687598,3,1
random,400,33,6,328.0,341.0,352.0,353.0,342.0,342.0,342.0,199.5,0.020076266569687598,3,1
random,400,33,7,379.0,379.0,386.0,386.0,379.0,379.0,390.0,199.5,0.020076266569687598,3,1
random,400,33,8,13.0,8.0,8.0,7.0,11.0,11.0,19.0,199.5,0.020076266569687598,3,1
random,400,33,9,277.0,330.0,330.0,330.0,331.0,331.0,299.0,199.5,0.020076266569687598,3,1
random,400,33,10,355.0,381.0,360.0,360.0,380.0,380.0,360.0,199.5,0.020076266569687598,3,1
random,400,33,11,328.0,361.0,347.0,346.0,360.0,360.0,330.0,199.5,0.020076266569687598,3,1
random,400,33,12,355.0,359.0,377.0,377.0,361.0,361.0,372.0,199.5,0.020076266569687598,3,1
random,400,33,13,13.0,15.0,29.0,29.0,15.0,15.0,30.0,199.5,0.020076266569687598,3,1
random,400,33,14,161.0,138.0,171.0,169.0,146.0,146.0,196.0,199.5,0.020076266569687598,3,1
random,400,33,15,222.0,265.0,208.0,208.0,264.0,264.0,228.0,199.5,0.020076266569687598,3,1
random,400,33,16,379.0,392.0,391.0,391.0,393.0,393.0,381.0,199.5,0.020076266569687598,3,1
random,400,33,17,277.0,308.0,322.0,324.0,305.0,305.0,300.0,199.5,0.020076266569687598,3,1
random,400,33,18,328.0,324.0,331.0,332.0,328.0,328.0,339.0,199.5,0.020076266569687598,3,1
random,400,33,19,161.0,160.0,231.0,236.0,161.0,161.0,211.0,199.5,0.020076266569687598,3,1
random,400,33,20,277.0,247.0,275.0,275.0,250.0,250.0,310.0,199.5,0.020076266569687598,3,1
random,400,33,21,161.0,137.0,203.0,205.0,143.0,143.0,216.0,199.5,0.020076266569687598,3,1
random,400,33,22,161.0,242.0,157.0,164.0,233.0,233.0,169.0,199.5,0.020076266569687598,3,1
random,400,33,23,328.0,322.0,358.0,358.0,327.0,327.0,352.0,199.5,0.020076266569687598,3,1
random,400,33,24,13.0,19.0,32.0,33.0,20.0,20.0,28.0,199.5,0.020076266569687598,3,1
random,400,33,25,161.0,290.0,195.0,191.0,285.0,285.0,163.0,199.5,0.020076266569687598,3,1
random,400,33,26,161.0,147.0,173.0,165.0,158.0,158.0,195.0,199.5,0.020076266569687598,3,1
random,400,33,27,379.0,396.0,385.0,383.0,396.0,396.0,379.0,199.5,0.020076266569687598,3,1
random,400,33,28,161.0,214.0,161.0,158.0,205.0,205.0,168.0,199.5,0.020076266569687598,3,1
random,400,33,29,222.0,276.0,235.0,229.0,278.0,278.0,229.0,199.5,0.020076266569687598,3,1
random,400,33,30,76.0,89.0,123.0,137.0,85.0,85.0,110.0,199.5,0.020076266569687598,3,1
random,400,33,31,111.0,86.0,141.0,143.0,95.0,95.0,154.0,199.5,0.020076266569687598,3,1
random,400,33,32,161.0,178.0,147.0,148.0,180.0,180.0,170.0,199.5,0.020076266569687598,3,1
random,400,33,33,8.0,11.0,11.0,12.0,10.0,10.0,12.0,199.5,0.020076266569687598,3,1
random,400,33,34,51.0,44.0,94.0,96.0,47.0,47.0,74.0,199.5,0.020076266569687598,3,1
random,400,33,35,111.0,118.0,89.0,86.0,123.0,123.0,125.0,199.5,0.020076266569687598,3,1
random,400,33,36,328.0,285.0,348.0,349.0,294.0,294.0,351.0,199.5,0.020076266569687598,3,1
random,400,33,37,13.0,66.0,19.0,20.0,61.0,61.0,15.0,199.5,0.020076266569687598,3,1
random,400,33,38,328.0,251.0,320.0,320.0,270.0,270.0,349.0,199.5,0.020076266569687598,3,1
random,400,33,39,399.0,398.0,399.0,399.0,398.0,398.0,400.0,199.5,0.020076266569687598,3,1
random,400,33,40,277.0,292.0,274.0,269.0,299.0,299.0,284.0,199.5,0.020076266569687598,3,1
random,400,33,41,51.0,95.0,61.0,57.0,84.0,84.0,54.0,199.5,0.020076266569687598,3,1
random,400,33,42,161.0,262.0,227.0,226.0,257.0,257.0,167.0,199.5,0.020076266569687598,3,1
random,400,33,43,161.0,178.0,188.0,189.0,186.0,186.0,172.0,199.5,0.020076266569687598,3,1
random,400,33,44,32.0,52.0,43.0,44.0,48.0,48.0,39.0,199.5,0.020076266569687598,3,1
random,400,33,45,379.0,386.0,393.0,393.0,385.0,385.0,386.0,199.5,0.020076266569687598,3,1
random,400,33,46,111.0,183.0,121.0,118.0,175.0,175.0,117.0,199.5,0.020076266569687598,3,1
random,400,33,47,161.0,209.0,213.0,210.0,211.0,211.0,180.0,199.5,0.020076266569687598,3,1
random,400,33,48,328.0,335.0,335.0,335.0,339.0,339.0,336.0,199.5,0.020076266569687598,3,1
random,400,33,49,277.0,338.0,283.0,285.0,337.0,337.0,282.0,199.5,0.020076266569687598,3,1
random,400,33,50,13.0,30.0,33.0,32.0,28.0,28.0,20.0,199.5,0.020076266569687598,3,1
random,400,33,51,396.0,400.0,398.0,398.0,400.0,400.0,396.0,199.5,0.020076266569687598,3,1
random,400,33,52,161.0,225.0,230.0,233.0,218.0,218.0,201.0,199.5,0.020076266569687598,3,1
random,400,33,53,111.0,190.0,119.0,119.0,176.0,176.0,123.0,199.5,0.020076266569687598,3,1
random,400,33,54,277.0,312.0,299.0,299.0,314.0,314.0,294.0,199.5,0.020076266569687598,3,1
random,400,33,55,222.0,308.0,257.0,258.0,302.0,302.0,232.0,199.5,0.020076266569687598,3,1
random,400,33,56,355.0,357.0,369.0,367.0,358.0,358.0,366.0,199.5,0.020076266569687598,3,1
random,400,33,57,355.0,383.0,254.0,251.0,381.0,381.0,355.0,199.5,0.020076266569687598,3,1
random,400,33,58,222.0,207.0,276.0,277.0,216.0,216.0,267.0,199.5,0.020076266569687598,3,1
random,400,33,59,355.0,365.0,357.0,355.0,369.0,369.0,361.0,199.5,0.020076266569687598,3,1
random,400,33,60,277.0,239.0,317.0,318.0,253.0,253.0,317.0,199.5,0.020076266569687598,3,1
random,400,33,61,76.0,130.0,109.0,104.0,122.0,122.0,88.0,199.5,0.020076266569687598,3,1
random,400,33,62,76.0,93.0,90.0,88.0,91.0,91.0,97.0,199.5,0.020076266569687598,3,1
random,400,33,63,111.0,80.0,175.0,187.0,83.0,83.0,158.0,199.5,0.020076266569687598,3,1
random,400,33,64,111.0,95.0,77.0,75.0,103.0,103.0,131.0,199.5,0.020076266569687598,3,1
random,400,33,65,111.0,185.0,148.0,147.0,179.0,179.0,126.0,199.5,0.020076266569687598,3,1
random,400,33,66,222.0,168.0,261.0,268.0,178.0,178.0,268.0,199.5,0.020076266569687598,3,1
random,400,33,67,32.0,39.0,51.0,51.0,45.0,45.0,36.0,199.5,0.020076266569687598,3,1
random,400,33,68,277.0,217.0,307.0,309.0,235.0,235.0,324.0,199.5,0.020076266569687598,3,1
random,400,33,69,32.0,49.0,41.0,42.0,39.0,39.0,44.0,199.5,0.020076266569687598,3,1
random,400,33,70,76.0,74.0,107.0,106.0,76.0,76.0,104.0,199.5,0.020076266569687598,3,1
random,400,33,71,277.0,282.0,336.0,336.0,292.0,292.0,321.0,199.5,0.020076266569687598,3,1
random,400,33,72,161.0,285.0,239.0,238.0,274.0,274.0,175.0,199.5,0.020076266569687598,3,1
random,400,33,73,3.0,3.0,13.0,13.0,3.0,3.0,7.0,199.5,0.020076266569687598,3,1
random,400,33,74,379.0,378.0,382.0,382.0,378.0,378.0,389.0,199.5,0.020076266569687598,3,1
random,400,33,75,111.0,245.0,156.0,149.0,229.0,229.0,116.0,199.5,0.020076266569687598,3,1
random,400,33,76,111.0,118.0,118.0,117.0,125.0,125.0,136.0,199.5,0.020076266569687598,3,1
random,400,33,77,51.0,72.0,95.0,97.0,71.0,71.0,71.0,199.5,0.020076266569687598,3,1
random,400,33,78,222.0,190.0,229.0,228.0,188.0,188.0,272.0,199.5,0.020076266569687598,3,1
random,400,33,79,32.0,58.0,34.0,34.0,53.0,53.0,35.0,199.5,0.020076266569687598,3,1
random,400,33,80,161.0,125.0,159.0,159.0,144.0,144.0,198.0,199.5,0.020076266569687598,3,1
random,400,33,81,161.0,250.0,222.0,224.0,243.0,243.0,190.0,199.5,0.020076266569687598,3,1
random,400,33,82,277.0,200.0,315.0,316.0,220.0,220.0,325.0,199.5,0.020076266569687598,3,1
random,400,33,83,161.0,95.0,191.0,193.0,109.0,109.0,218.0,199.5,0.020076266569687598,3,1
random,400,33,84,277.0,303.0,278.0,278.0,304.0,304.0,292.0,199.5,0.020076266569687598,3,1
random,400,33,85,13.0,16.0,24.0,24.0,18.0,18.0,29.0,199.5,0.020076266569687598,3,1
random,400,33,86,8.0,16.0,12.0,11.0,16.0,16.0,9.0,199.5,0.020076266569687598,3,1
random,400,33,87,379.0,388.0,380.0,379.0,388.0,388.0,383.0,199.5,0.020076266569687598,3,1
random,400,33,88,161.0,214.0,187.0,186.0,214.0,214.0,173.0,199.5,0.020076266569687598,3,1
random,400,33,89,51.0,74.0,66.0,67.0,69.0,69.0,62.0,199.5,0.020076266569687598,3,1
random,400,33,90,76.0,125.0,82.0,80.0,120.0,120.0,86.0,199.5,0.020076266569687598,3,1
random,400,33,91,222.0,279.0,262.0,261.0,277.0,277.0,237.0,199.5,0.020076266569687598,3,1
random,400,33,92,222.0,217.0,258.0,255.0,225.0,225.0,263.0,199.5,0.020076266569687598,3,1
random,400,33,93,76.0,95.0,76.0,79.0,90.0,90.0,99.0,199.5,0.020076266569687598,3,1
random,400,33,94,111.0,125.0,158.0,167.0,128.0,128.0,150.0,199.5,0.020076266569687598,3,1
random,400,33,95,51.0,31.0,36.0,36.0,38.0,38.0,57.0,199.5,0.020076266569687598,3,1
random,400,33,96,277.0,306.0,314.0,314.0,307.0,307.0,301.0,199.5,0.020076266569687598,3,1
random,400,33,97,222.0,207.0,204.0,204.0,203.0,203.0,247.0,199.5,0.020076266569687598,3,1
random,400,33,98,161.0,197.0,220.0,219.0,188.0,188.0,207.0,199.5,0.020076266569687598,3,1
random,400,33,99,222.0,242.0,291.0,296.0,247.0,247.0,265.0,199.5,0.020076266569687598,3,1
random,400,33,100,277.0,310.0,285.0,288.0,313.0,313.0,286.0,199.5,0.020076266569687598,3,1
random,400,33,101,277.0,346.0,306.0,307.0,341.0,341.0,285.0,199.5,0.020076266569687598,3,1
random,400,33,102,8.0,11.0,6.0,5.0,12.0,12.0,8.0,199.5,0.020076266569687598,3,1
random,400,33,103,76.0,65.0,72.0,73.0,70.0,70.0,89.0,199.5,0.020076266569687598,3,1
random,400,33,104,13.0,63.0,21.0,19.0,51.0,51.0,14.0,199.5,0.020076266569687598,3,1
random,400,33,105,379.0,373.0,383.0,385.0,373.0,373.0,385.0,199.5,0.020076266569687598,3,1
random,400,33,106,51.0,109.0,84.0,89.0,99.0,99.0,68.0,199.5,0.020076266569687598,3,1
random,400,33,107,76.0,77.0,126.0,126.0,79.0,79.0,105.0,199.5,0.020076266569687598,3,1
random,400,33,108,328.0,303.0,338.0,337.0,310.0,310.0,345.0,199.5,0.020076266569687598,3,1
random,400,33,109,111.0,138.0,146.0,151.0,133.0,133.0,149.0,199.5,0.020076266569687598,3,1
random,400,33,110,222.0,292.0,270.0,273.0,291.0,291.0,238.0,199.5,0.020076266569687598,3,1
random,400,33,111,355.0,374.0,376.0,376.0,371.0,371.0,367.0,199.5,0.020076266569687598,3,1
random,400,33,112,161.0,200.0,189.0,190.0,195.0,195.0,191.0,199.5,0.020076266569687598,3,1
random,400,33,113,355.0,350.0,370.0,370.0,349.0,349.0,374.0,199.5,0.020076266569687598,3,1
random,400,33,114,111.0,78.0,168.0,180.0,81.0,81.0,161.0,199.5,0.020076266569687598,3,1
random,400,33,115,161.0,168.0,224.0,227.0,168.0,168.0,200.0,199.5,0.020076266569687598,3,1
random,400,33,116,328.0,364.0,334.0,329.0,362.0,362.0,332.0,199.5,0.020076266569687598,3,1
random,400,33,117,161.0,237.0,201.0,200.0,227.0,227.0,181.0,199.5,0.020076266569687598,3,1
random,400,33,118,76.0,74.0,100.0,99.0,78.0,78.0,100.0,199.5,0.020076266569687598,3,1
random,400,33,119,277.0,268.0,318.0,321.0,281.0,281.0,319.0,199.5,0.020076266569687598,3,1
random,400,33,120,222.0,151.0,180.0,175.0,166.0,166.0,244.0,199.5,0.020076266569687598,3,1
random,400,33,121,222.0,176.0,279.0,279.0,193.0,193.0,276.0,199.5,0.020076266569687598,3,1
random,400,33,122,328.0,285.0,327.0,328.0,296.0,296.0,343.0,199.5,0.020076266569687598,3,1
random,400,33,123,161.0,105.0,194.0,201.0,118.0,118.0,217.0,199.5,0.020076266569687598,3,1
random,400,33,124,76.0,122.0,86.0,84.0,110.0,110.0,96.0,199.5,0.020076266569687598,3,1
random,400,33,125,222.0,235.0,246.0,250.0,236.0,236.0,256.0,199.5,0.020076266569687598,3,1
random,400,33,126,111.0,195.0,129.0,127.0,182.0,182.0,119.0,199.5,0.020076266569687598,3,1
random,400,33,127,355.0,375.0,375.0,375.0,374.0,374.0,369.0,199.5,0.020076266569687598,3,1
random,400,33,128,379.0,371.0,387.0,387.0,372.0,372.0,393.0,199.5,0.020076266569687598,3,1
random,400,33,129,222.0,272.0,259.0,257.0,272.0,272.0,242.0,199.5,0.020076266569687598,3,1
random,400,33,130,8.0,14.0,5.0,6.0,13.0,13.0,11.0,199.5,0.020076266569687598,3,1
random,400,33,131,111.0,130.0,122.0,124.0,131.0,131.0,128.0,199.5,0.020076266569687598,3,1
random,400,33,132,111.0,103.0,176.0,174.0,101.0,101.0,160.0,199.5,0.020076266569687598,3,1
random,400,33,133,111.0,109.0,193.0,194.0,107.0,107.0,159.0,199.5,0.020076266569687598,3,1
random,400,33,134,111.0,262.0,140.0,133.0,245.0,245.0,115.0,199.5,0.020076266569687598,3,1
random,400,33,135,328.0,319.0,363.0,368.0,326.0,326.0,354.0,199.5,0.020076266569687598,3,1
random,400,33,136,111.0,117.0,101.0,100.0,114.0,114.0,132.0,199.5,0.020076266569687598,3,1
random,400,33,137,161.0,225.0,198.0,195.0,212.0,212.0,182.0,199.5,0.020076266569687598,3,1
random,400,33,138,222.0,280.0,256.0,259.0,271.0,271.0,245.0,199.5,0.020076266569687598,3,1
random,400,33,139,379.0,381.0,390.0,390.0,384.0,384.0,388.0,199.5,0.020076266569687598,3,1
random,400,33,140,277.0,306.0,308.0,303.0,306.0,306.0,295.0,199.5,0.020076266569687598,3,1
random,400,33,141,51.0,26.0,69.0,70.0,30.0,30.0,75.0,199.5,0.020076266569687598,3,1
random,400,33,142,222.0,315.0,226.0,220.0,308.0,308.0,224.0,199.5,0.020076266569687598,3,1
random,400,33,143,277.0,229.0,293.0,293.0,241.0,241.0,316.0,199.5,0.020076266569687598,3,1
random,400,33,144,111.0,136.0,170.0,173.0,134.0,134.0,148.0,199.5,0.020076266569687598,3,1
random,400,33,145,76.0,89.0,115.0,114.0,97.0,97.0,95.0,199.5,0.020076266569687598,3,1
random,400,33,146,222.0,317.0,288.0,294.0,309.0,309.0,248.0,199.5,0.020076266569687598,3,1
random,400,33,147,111.0,157.0,154.0,155.0,155.0,155.0,133.0,199.5,0.020076266569687598,3,1
random,400,33,148,328.0,352.0,345.0,338.0,354.0,354.0,333.0,199.5,0.020076266569687598,3,1
random,400,33,149,277.0,348.0,280.0,276.0,346.0,346.0,279.0,199.5,0.020076266569687598,3,1
random,400,33,150,111.0,193.0,153.0,160.0,177.0,177.0,130.0,199.5,0.020076266569687598,3,1
random,400,33,151,161.0,122.0,197.0,197.0,138.0,138.0,214.0,199.5,0.020076266569687598,3,1
random,400,33,152,111.0,82.0,125.0,132.0,92.0,92.0,157.0,199.5,0.020076266569687598,3,1
random,400,33,153,277.0,292.0,300.0,305.0,290.0,290.0,309.0,199.5,0.020076266569687598,3,1
random,400,33,154,51.0,122.0,80.0,82.0,108.0,108.0,58.0,199.5,0.020076266569687598,3,1
random,400,33,155,379.0,380.0,381.0,381.0,382.0,382.0,384.0,199.5,0.020076266569687598,3,1
random,400,33,156,328.0,336.0,337.0,339.0,338.0,338.0,338.0,199.5,0.020076266569687598,3,1
random,400,33,157,111.0,251.0,145.0,142.0,242.0,242.0,113.0,199.5,0.020076266569687598,3,1
random,400,33,158,111.0,173.0,112.0,109.0,173.0,173.0,118.0,199.5,0.020076266569687598,3,1
random,400,33,159,32.0,26.0,39.0,39.0,29.0,29.0,43.0,199.5,0.020076266569687598,3,1
random,400,33,160,13.0,5.0,22.0,22.0,7.0,7.0,31.0,199.5,0.020076266569687598,3,1
random,400,33,161,277.0,298.0,297.0,298.0,303.0,303.0,290.0,199.5,0.020076266569687598,3,1
random,400,33,162,328.0,302.0,333.0,334.0,315.0,315.0,340.0,199.5,0.020076266569687598,3,1
random,400,33,163,161.0,227.0,163.0,162.0,207.0,207.0,186.0,199.5,0.020076266569687598,3,1
random,400,33,164,76.0,68.0,103.0,105.0,74.0,74.0,103.0,199.5,0.020076266569687598,3,1
random,400,33,165,13.0,23.0,18.0,18.0,23.0,23.0,23.0,199.5,0.020076266569687598,3,1
random,400,33,166,277.0,183.0,324.0,327.0,199.0,199.0,327.0,199.5,0.020076266569687598,3,1
random,400,33,167,355.0,369.0,366.0,363.0,370.0,370.0,364.0,199.5,0.020076266569687598,3,1
random,400,33,168,3.0,9.0,3.0,3.0,6.0,6.0,5.0,199.5,0.020076266569687598,3,1
random,400,33,169,222.0,268.0,255.0,254.0,265.0,265.0,241.0,199.5,0.020076266569687598,3,1
random,400,33,170,111.0,197.0,55.0,52.0,185.0,185.0,79.0,199.5,0.020076266569687598,3,1
random,400,33,171,51.0,36.0,64.0,64.0,41.0,41.0,69.0,199.5,0.020076266569687598,3,1
random,400,33,172,76.0,125.0,97.0,93.0,128.0,128.0,83.0,199.5,0.020076266569687598,3,1
random,400,33,173,222.0,227.0,243.0,243.0,230.0,230.0,251.0,199.5,0.020076266569687598,3,1
random,400,33,174,161.0,170.0,178.0,166.0,171.0,171.0,203.0,199.5,0.020076266569687598,3,1
random,400,33,175,111.0,166.0,199.0,196.0,160.0,160.0,144.0,199.5,0.020076266569687598,3,1
random,400,33,176,32.0,46.0,30.0,31.0,42.0,42.0,38.0,199.5,0.020076266569687598,3,1
random,400,33,177,277.0,297.0,326.0,326.0,300.0,300.0,304.0,199.5,0.020076266569687598,3,1
random,400,33,178,222.0,244.0,310.0,313.0,248.0,248.0,275.0,199.5,0.020076266569687598,3,1
random,400,33,179,277.0,272.0,294.0,292.0,275.0,275.0,308.0,199.5,0.020076266569687598,3,1
random,400,33,180,161.0,58.0,116.0,116.0,73.0,73.0,215.0,199.5,0.020076266569687598,3,1
random,400,33,181,76.0,176.0,114.0,112.0,170.0,170.0,76.0,199.5,0.020076266569687598,3,1
random,400,33,182,76.0,95.0,96.0,110.0,88.0,88.0,109.0,199.5,0.020076266569687598,3,1
random,400,33,183,222.0,254.0,248.0,246.0,258.0,258.0,249.0,199.5,0.020076266569687598,3,1
random,400,33,184,51.0,79.0,58.0,61.0,75.0,75.0,55.0,199.5,0.020076266569687598,3,1
random,400,33,185,76.0,94.0,113.0,115.0,100.0,100.0,94.0,199.5,0.020076266569687598,3,1
random,400,33,186,111.0,130.0,131.0,136.0,130.0,130.0,137.0,199.5,0.020076266569687598,3,1
random,400,33,187,222.0,322.0,260.0,256.0,318.0,318.0,226.0,199.5,0.020076266569687598,3,1
random,400,33,188,222.0,290.0,236.0,237.0,287.0,287.0,234.0,199.5,0.020076266569687598,3,1
random,400,33,189,51.0,49.0,37.0,35.0,57.0,57.0,52.0,199.5,0.020076266569687598,3,1
random,400,33,190,161.0,130.0,166.0,172.0,147.0,147.0,204.0,199.5,0.020076266569687598,3,1
random,400,33,191,277.0,258.0,313.0,310.0,263.0,263.0,314.0,199.5,0.020076266569687598,3,1
random,400,33,192,111.0,151.0,106.0,95.0,156.0,156.0,121.0,199.5,0.020076266569687598,3,1
random,400,33,193,222.0,247.0,249.0,247.0,249.0,249.0,253.0,199.5,0.020076266569687598,3,1
random,400,33,194,111.0,195.0,151.0,145.0,181.0,181.0,122.0,199.5,0.020076266569687598,3,1
random,400,33,195,277.0,310.0,287.0,282.0,316.0,316.0,288.0,199.5,0.020076266569687598,3,1
random,400,33,196,161.0,245.0,212.0,213.0,238.0,238.0,185.0,199.5,0.020076266569687598,3,1
random,400,33,197,161.0,125.0,206.0,207.0,135.0,135.0,220.0,199.5,0.020076266569687598,3,1
random,400,33,198,277.0,211.0,290.0,291.0,228.0,228.0,318.0,199.5,0.020076266569687598,3,1
random,400,33,199,355.0,344.0,359.0,359.0,347.0,347.0,373.0,199.5,0.020076266569687598,3,1
random,400,33,200,277.0,295.0,309.0,306.0,295.0,295.0,312.0,199.5,0.020076266569687598,3,1
random,400,33,201,32.0,37.0,50.0,48.0,35.0,35.0,46.0,199.5,0.020076266569687598,3,1
random,400,33,202,76.0,185.0,78.0,77.0,169.0,169.0,77.0,199.5,0.020076266569687598,3,1
random,400,33,203,355.0,384.0,362.0,362.0,383.0,383.0,359.0,199.5,0.020076266569687598,3,1
random,400,33,204,222.0,170.0,265.0,267.0,183.0,183.0,273.0,199.5,0.020076266569687598,3,1
random,400,33,205,277.0,280.0,302.0,302.0,289.0,289.0,305.0,199.5,0.020076266569687598,3,1
random,400,33,206,328.0,341.0,351.0,352.0,345.0,345.0,341.0,199.5,0.020076266569687598,3,1
random,400,33,207,111.0,118.0,132.0,131.0,115.0,115.0,145.0,199.5,0.020076266569687598,3,1
random,400,33,208,32.0,44.0,35.0,37.0,42.0,42.0,34.0,199.5,0.020076266569687598,3,1
random,400,33,209,277.0,356.0,292.0,286.0,352.0,352.0,278.0,199.5,0.020076266569687598,3,1
random,400,33,210,277.0,276.0,289.0,290.0,283.0,283.0,298.0,199.5,0.020076266569687598,3,1
random,400,33,211,328.0,340.0,340.0,342.0,343.0,343.0,335.0,199.5,0.020076266569687598,3,1
random,400,33,212,277.0,336.0,329.0,331.0,333.0,333.0,303.0,199.5,0.020076266569687598,3,1
random,400,33,213,51.0,39.0,47.0,45.0,40.0,40.0,63.0,199.5,0.020076266569687598,3,1
random,400,33,214,51.0,146.0,81.0,81.0,124.0,124.0,53.0,199.5,0.020076266569687598,3,1
random,400,33,215,277.0,254.0,301.0,308.0,266.0,266.0,313.0,199.5,0.020076266569687598,3,1
random,400,33,216,161.0,142.0,253.0,260.0,154.0,154.0,221.0,199.5,0.020076266569687598,3,1
random,400,33,217,51.0,54.0,74.0,74.0,59.0,59.0,72.0,199.5,0.020076266569687598,3,1
random,400,33,218,379.0,394.0,384.0,384.0,394.0,394.0,382.0,199.5,0.020076266569687598,3,1
random,400,33,219,277.0,326.0,295.0,287.0,325.0,325.0,287.0,199.5,0.020076266569687598,3,1
random,400,33,220,76.0,157.0,85.0,85.0,141.0,141.0,85.0,199.5,0.020076266569687598,3,1
random,400,33,221,161.0,204.0,205.0,203.0,202.0,202.0,177.0,199.5,0.020076266569687598,3,1
random,400,33,222,161.0,151.0,207.0,206.0,157.0,157.0,219.0,199.5,0.020076266569687598,3,1
random,400,33,223,3.0,4.0,9.0,9.0,4.0,4.0,6.0,199.5,0.020076266569687598,3,1
random,400,33,224,111.0,282.0,128.0,123.0,260.0,260.0,112.0,199.5,0.020076266569687598,3,1
random,400,33,225,51.0,54.0,67.0,68.0,56.0,56.0,66.0,199.5,0.020076266569687598,3,1
random,400,33,226,277.0,314.0,304.0,297.0,311.0,311.0,302.0,199.5,0.020076266569687598,3,1
random,400,33,227,379.0,370.0,395.0,396.0,375.0,375.0,395.0,199.5,0.020076266569687598,3,1
random,400,33,228,51.0,70.0,62.0,60.0,68.0,68.0,56.0,199.5,0.020076266569687598,3,1
random,400,33,229,379.0,384.0,389.0,389.0,386.0,386.0,387.0,199.5,0.020076266569687598,3,1
random,400,33,230,222.0,185.0,238.0,241.0,192.0,192.0,271.0,199.5,0.020076266569687598,3,1
random,400,33,231,222.0,319.0,268.0,270.0,312.0,312.0,236.0,199.5,0.020076266569687598,3,1
random,400,33,232,222.0,272.0,225.0,222.0,269.0,269.0,233.0,199.5,0.020076266569687598,3,1
random,400,33,233,13.0,19.0,20.0,21.0,17.0,17.0,24.0,199.5,0.020076266569687598,3,1
random,400,33,234,1.0,2.0,1.0,1.0,2.0,2.0,1.0,199.5,0.020076266569687598,3,1
random,400,33,235,13.0,29.0,26.0,26.0,26.0,26.0,25.0,199.5,0.020076266569687598,3,1
random,400,33,236,51.0,107.0,99.0,98.0,102.0,102.0,59.0,199.5,0.020076266569687598,3,1
random,400,33,237,111.0,82.0,117.0,120.0,98.0,98.0,138.0,199.5,0.020076266569687598,3,1
random,400,33,238,32.0,21.0,38.0,38.0,22.0,22.0,41.0,199.5,0.020076266569687598,3,1
random,400,33,239,111.0,160.0,124.0,121.0,163.0,163.0,120.0,199.5,0.020076266569687598,3,1
random,400,33,240,396.0,397.0,396.0,395.0,397.0,397.0,397.0,199.5,0.020076266569687598,3,1
random,400,33,241,76.0,163.0,120.0,122.0,149.0,149.0,82.0,199.5,0.020076266569687598,3,1
random,400,33,242,277.0,341.0,346.0,347.0,340.0,340.0,311.0,199.5,0.020076266569687598,3,1
random,400,33,243,328.0,315.0,344.0,344.0,321.0,321.0,347.0,199.5,0.020076266569687598,3,1
random,400,33,244,51.0,63.0,65.0,65.0,63.0,63.0,65.0,199.5,0.020076266569687598,3,1
random,400,33,245,328.0,332.0,349.0,348.0,334.0,334.0,346.0,199.5,0.020076266569687598,3,1
random,400,33,246,32.0,21.0,49.0,49.0,24.0,24.0,49.0,199.5,0.020076266569687598,3,1
random,400,33,247,277.0,185.0,296.0,300.0,206.0,206.0,323.0,199.5,0.020076266569687598,3,1
random,400,33,248,222.0,231.0,200.0,199.0,234.0,234.0,239.0,199.5,0.020076266569687598,3,1
random,400,33,249,161.0,217.0,149.0,154.0,216.0,216.0,174.0,199.5,0.020076266569687598,3,1
random,400,33,250,13.0,13.0,15.0,16.0,14.0,14.0,26.0,199.5,0.020076266569687598,3,1
random,400,33,251,277.0,258.0,339.0,341.0,276.0,276.0,322.0,199.5,0.020076266569687598,3,1
random,400,33,252,277.0,300.0,316.0,315.0,301.0,301.0,307.0,199.5,0.020076266569687598,3,1
random,400,33,253,222.0,200.0,242.0,242.0,204.0,204.0,270.0,199.5,0.020076266569687598,3,1
random,400,33,254,355.0,351.0,378.0,378.0,351.0,351.0,377.0,199.5,0.020076266569687598,3,1
random,400,33,255,32.0,28.0,57.0,54.0,31.0,31.0,47.0,199.5,0.020076266569687598,3,1
random,400,33,256,277.0,328.0,286.0,283.0,323.0,323.0,289.0,199.5,0.020076266569687598,3,1
random,400,33,257,76.0,54.0,102.0,101.0,64.0,64.0,107.0,199.5,0.020076266569687598,3,1
random,400,33,258,111.0,130.0,137.0,138.0,127.0,127.0,135.0,199.5,0.020076266569687598,3,1
random,400,33,259,379.0,361.0,388.0,388.0,366.0,366.0,394.0,199.5,0.020076266569687598,3,1
random,400,33,260,76.0,107.0,71.0,71.0,105.0,105.0,84.0,199.5,0.020076266569687598,3,1
random,400,33,261,76.0,142.0,136.0,134.0,138.0,138.0,92.0,199.5,0.020076266569687598,3,1
random,400,33,262,277.0,265.0,305.0,304.0,273.0,273.0,306.0,199.5,0.020076266569687598,3,1
random,400,33,263,111.0,112.0,134.0,130.0,113.0,113.0,141.0,199.5,0.020076266569687598,3,1
random,400,33,264,13.0,61.0,31.0,27.0,52.0,52.0,16.0,199.5,0.020076266569687598,3,1
random,400,33,265,51.0,42.0,63.0,63.0,44.0,44.0,67.0,199.5,0.020076266569687598,3,1
random,400,33,266,355.0,344.0,373.0,374.0,344.0,344.0,378.0,199.5,0.020076266569687598,3,1
random,400,33,267,76.0,86.0,87.0,92.0,87.0,87.0,98.0,199.5,0.020076266569687598,3,1
random,400,33,268,111.0,138.0,177.0,183.0,136.0,136.0,151.0,199.5,0.020076266569687598,3,1
random,400,33,269,277.0,321.0,321.0,319.0,320.0,320.0,297.0,199.5,0.020076266569687598,3,1
random,400,33,270,379.0,387.0,397.0,397.0,387.0,387.0,391.0,199.5,0.020076266569687598,3,1
random,400,33,271,111.0,151.0,183.0,185.0,150.0,150.0,139.0,199.5,0.020076266569687598,3,1
random,400,33,272,76.0,46.0,108.0,113.0,60.0,60.0,111.0,199.5,0.020076266569687598,3,1
random,400,33,273,222.0,300.0,264.0,263.0,293.0,293.0,243.0,199.5,0.020076266569687598,3,1
random,400,33,274,111.0,114.0,169.0,171.0,120.0,120.0,152.0,199.5,0.020076266569687598,3,1
random,400,33,275,161.0,211.0,228.0,230.0,209.0,209.0,209.0,199.5,0.020076266569687598,3,1
random,400,33,276,396.0,395.0,394.0,394.0,395.0,395.0,398.0,199.5,0.020076266569687598,3,1
random,400,33,277,277.0,333.0,240.0,234.0,332.0,332.0,277.0,199.5,0.020076266569687598,3,1
random,400,33,278,222.0,174.0,241.0,240.0,194.0,194.0,255.0,199.5,0.020076266569687598,3,1
random,400,33,279,277.0,276.0,281.0,281.0,286.0,286.0,296.0,199.5,0.020076266569687598,3,1
random,400,33,280,328.0,353.0,342.0,343.0,350.0,350.0,337.0,199.5,0.020076266569687598,3,1
random,400,33,281,51.0,46.0,59.0,58.0,48.0,48.0,70.0,199.5,0.020076266569687598,3,1
random,400,33,282,222.0,268.0,219.0,217.0,267.0,267.0,227.0,199.5,0.020076266569687598,3,1
random,400,33,283,111.0,130.0,143.0,146.0,119.0,119.0,155.0,199.5,0.020076266569687598,3,1
random,400,33,284,51.0,58.0,42.0,41.0,55.0,55.0,61.0,199.5,0.020076266569687598,3,1
random,400,33,285,111.0,112.0,133.0,135.0,116.0,116.0,146.0,199.5,0.020076266569687598,3,1
random,400,33,286,13.0,70.0,16.0,15.0,62.0,62.0,13.0,199.5,0.020076266569687598,3,1
random,400,33,287,328.0,368.0,328.0,325.0,364.0,364.0,328.0,199.5,0.020076266569687598,3,1
random,400,33,288,76.0,91.0,104.0,103.0,94.0,94.0,87.0,199.5,0.020076266569687598,3,1
random,400,33,289,355.0,349.0,356.0,354.0,353.0,353.0,368.0,199.5,0.020076266569687598,3,1
random,400,33,290,328.0,372.0,325.0,322.0,367.0,367.0,331.0,199.5,0.020076266569687598,3,1
random,400,33,291,111.0,150.0,130.0,129.0,148.0,148.0,134.0,199.5,0.020076266569687598,3,1
random,400,33,292,32.0,73.0,48.0,50.0,66.0,66.0,37.0,199.5,0.020076266569687598,3,1
random,400,33,293,76.0,106.0,88.0,87.0,104.0,104.0,90.0,199.5,0.020076266569687598,3,1
random,400,33,294,161.0,247.0,174.0,176.0,245.0,245.0,165.0,199.5,0.020076266569687598,3,1
random,400,33,295,161.0,237.0,251.0,252.0,239.0,239.0,199.0,199.5,0.020076266569687598,3,1
random,400,33,296,76.0,80.0,105.0,102.0,80.0,80.0,101.0,199.5,0.020076266569687598,3,1
random,400,33,297,51.0,66.0,54.0,55.0,67.0,67.0,60.0,199.5,0.020076266569687598,3,1
random,400,33,298,32.0,38.0,53.0,53.0,37.0,37.0,45.0,199.5,0.020076266569687598,3,1
random,400,33,299,161.0,157.0,165.0,161.0,163.0,163.0,193.0,199.5,0.020076266569687598,3,1
random,400,33,300,355.0,389.0,361.0,361.0,389.0,389.0,358.0,199.5,0.020076266569687598,3,1
random,400,33,301,222.0,217.0,269.0,271.0,222.0,222.0,266.0,199.5,0.020076266569687598,3,1
random,400,33,302,161.0,142.0,142.0,140.0,152.0,152.0,184.0,199.5,0.020076266569687598,3,1
random,400,33,303,161.0,265.0,214.0,216.0,256.0,256.0,187.0,199.5,0.020076266569687598,3,1
random,400,33,304,76.0,95.0,93.0,90.0,93.0,93.0,93.0,199.5,0.020076266569687598,3,1
random,400,33,305,111.0,142.0,139.0,139.0,142.0,142.0,142.0,199.5,0.020076266569687598,3,1
random,400,33,306,76.0,91.0,68.0,66.0,88.0,88.0,80.0,199.5,0.020076266569687598,3,1
random,400,33,307,13.0,5.0,28.0,30.0,7.0,7.0,32.0,199.5,0.020076266569687598,3,1
random,400,33,308,161.0,295.0,190.0,181.0,280.0,280.0,164.0,199.5,0.020076266569687598,3,1
random,400,33,309,161.0,204.0,196.0,202.0,200.0,200.0,188.0,199.5,0.020076266569687598,3,1
random,400,33,310,32.0,147.0,56.0,59.0,117.0,117.0,33.0,199.5,0.020076266569687598,3,1
random,400,33,311,161.0,163.0,217.0,223.0,166.0,166.0,212.0,199.5,0.020076266569687598,3,1
random,400,33,312,32.0,24.0,46.0,47.0,25.0,25.0,48.0,199.5,0.020076266569687598,3,1
random,400,33,313,222.0,178.0,181.0,178.0,186.0,186.0,240.0,199.5,0.020076266569687598,3,1
random,400,33,314,222.0,200.0,263.0,262.0,210.0,210.0,258.0,199.5,0.020076266569687598,3,1
random,400,33,315,355.0,354.0,367.0,366.0,355.0,355.0,370.0,199.5,0.020076266569687598,3,1
random,400,33,316,222.0,217.0,250.0,249.0,223.0,223.0,269.0,199.5,0.020076266569687598,3,1
random,400,33,317,76.0,61.0,98.0,108.0,65.0,65.0,102.0,199.5,0.020076266569687598,3,1
random,400,33,318,222.0,289.0,247.0,248.0,284.0,284.0,246.0,199.5,0.020076266569687598,3,1
random,400,33,319,13.0,39.0,27.0,28.0,36.0,36.0,18.0,199.5,0.020076266569687598,3,1
random,400,33,320,379.0,391.0,392.0,392.0,391.0,391.0,380.0,199.5,0.020076266569687598,3,1
random,400,33,321,161.0,160.0,152.0,152.0,161.0,161.0,192.0,199.5,0.020076266569687598,3,1
random,400,33,322,222.0,217.0,160.0,157.0,219.0,219.0,230.0,199.5,0.020076266569687598,3,1
random,400,33,323,277.0,312.0,303.0,295.0,317.0,317.0,291.0,199.5,0.020076266569687598,3,1
random,400,33,324,222.0,282.0,277.0,280.0,282.0,282.0,250.0,199.5,0.020076266569687598,3,1
random,400,33,325,161.0,185.0,135.0,128.0,198.0,198.0,162.0,199.5,0.020076266569687598,3,1
random,400,33,326,222.0,178.0,244.0,245.0,195.0,195.0,274.0,199.5,0.020076266569687598,3,1
random,400,33,327,161.0,251.0,215.0,215.0,251.0,251.0,178.0,199.5,0.020076266569687598,3,1
random,400,33,328,222.0,239.0,252.0,253.0,244.0,244.0,252.0,199.5,0.020076266569687598,3,1
random,400,33,329,355.0,355.0,374.0,373.0,356.0,356.0,376.0,199.5,0.020076266569687598,3,1
random,400,33,330,355.0,363.0,368.0,369.0,363.0,363.0,365.0,199.5,0.020076266569687598,3,1
random,400,33,331,3.0,24.0,10.0,10.0,19.0,19.0,4.0,199.5,0.020076266569687598,3,1
random,400,33,332,355.0,347.0,372.0,372.0,348.0,348.0,375.0,199.5,0.020076266569687598,3,1
random,400,33,333,32.0,82.0,14.0,14.0,77.0,77.0,27.0,199.5,0.020076266569687598,3,1
random,400,33,334,8.0,9.0,7.0,8.0,9.0,9.0,10.0,199.5,0.020076266569687598,3,1
random,400,33,335,328.0,333.0,354.0,356.0,335.0,335.0,350.0,199.5,0.020076266569687598,3,1
random,400,33,336,277.0,329.0,273.0,266.0,328.0,328.0,281.0,199.5,0.020076266569687598,3,1
random,400,33,337,32.0,18.0,52.0,56.0,21.0,21.0,50.0,199.5,0.020076266569687598,3,1
random,400,33,338,328.0,317.0,343.0,345.0,321.0,321.0,344.0,199.5,0.020076266569687598,3,1
random,400,33,339,13.0,33.0,25.0,25.0,32.0,32.0,22.0,199.5,0.020076266569687598,3,1
random,400,33,340,161.0,95.0,184.0,188.0,111.0,111.0,213.0,199.5,0.020076266569687598,3,1
random,400,33,341,111.0,268.0,162.0,150.0,255.0,255.0,114.0,199.5,0.020076266569687598,3,1
random,400,33,342,222.0,217.0,75.0,76.0,226.0,226.0,176.0,199.5,0.020076266569687598,3,1
random,400,33,343,111.0,104.0,110.0,107.0,106.0,106.0,129.0,199.5,0.020076266569687598,3,1
random,400,33,344,222.0,272.0,232.0,231.0,262.0,262.0,235.0,199.5,0.020076266569687598,3,1
random,400,33,345,161.0,204.0,202.0,198.0,201.0,201.0,189.0,199.5,0.020076266569687598,3,1
random,400,33,346,399.0,399.0,399.0,399.0,399.0,399.0,399.0,199.5,0.020076266569687598,3,1
random,400,33,347,161.0,193.0,155.0,156.0,197.0,197.0,166.0,199.5,0.020076266569687598,3,1
random,400,33,348,111.0,163.0,172.0,170.0,159.0,159.0,147.0,199.5,0.020076266569687598,3,1
random,400,33,349,277.0,241.0,312.0,311.0,252.0,252.0,315.0,199.5,0.020076266569687598,3,1
random,400,33,350,111.0,178.0,138.0,144.0,172.0,172.0,127.0,199.5,0.020076266569687598,3,1
random,400,33,351,161.0,121.0,185.0,184.0,137.0,137.0,205.0,199.5,0.020076266569687598,3,1
random,400,33,352,161.0,298.0,127.0,125.0,288.0,288.0,153.0,199.5,0.020076266569687598,3,1
random,400,33,353,222.0,234.0,272.0,272.0,240.0,240.0,262.0,199.5,0.020076266569687598,3,1
random,400,33,354,277.0,339.0,282.0,284.0,336.0,336.0,283.0,199.5,0.020076266569687598,3,1
random,400,33,355,51.0,95.0,40.0,40.0,86.0,86.0,51.0,199.5,0.020076266569687598,3,1
random,400,33,356,161.0,174.0,192.0,192.0,174.0,174.0,202.0,199.5,0.020076266569687598,3,1
random,400,33,357,111.0,155.0,150.0,153.0,153.0,153.0,143.0,199.5,0.020076266569687598,3,1
random,400,33,358,222.0,258.0,284.0,289.0,259.0,259.0,260.0,199.5,0.020076266569687598,3,1
random,400,33,359,277.0,330.0,266.0,265.0,330.0,330.0,280.0,199.5,0.020076266569687598,3,1
random,400,33,360,161.0,115.0,182.0,177.0,131.0,131.0,210.0,199.5,0.020076266569687598,3,1
random,400,33,361,111.0,109.0,83.0,83.0,111.0,111.0,124.0,199.5,0.020076266569687598,3,1
random,400,33,362,161.0,199.0,223.0,225.0,188.0,188.0,206.0,199.5,0.020076266569687598,3,1
random,400,33,363,328.0,261.0,355.0,357.0,278.0,278.0,356.0,199.5,0.020076266569687598,3,1
random,400,33,364,13.0,35.0,23.0,23.0,33.0,33.0,17.0,199.5,0.020076266569687598,3,1
random,400,33,365,222.0,214.0,216.0,221.0,213.0,213.0,259.0,199.5,0.020076266569687598,3,1
random,400,33,366,161.0,209.0,211.0,212.0,207.0,207.0,194.0,199.5,0.020076266569687598,3,1
random,400,33,367,355.0,390.0,350.0,350.0,390.0,390.0,357.0,199.5,0.020076266569687598,3,1
random,400,33,368,161.0,115.0,210.0,214.0,126.0,126.0,222.0,199.5,0.020076266569687598,3,1
random,400,33,369,222.0,170.0,234.0,235.0,183.0,183.0,264.0,199.5,0.020076266569687598,3,1
random,400,33,370,76.0,166.0,79.0,78.0,151.0,151.0,78.0,199.5,0.020076266569687598,3,1
random,400,33,371,76.0,49.0,92.0,91.0,58.0,58.0,106.0,199.5,0.020076266569687598,3,1
random,400,33,372,328.0,359.0,341.0,340.0,357.0,357.0,334.0,199.5,0.020076266569687598,3,1
random,400,33,373,222.0,262.0,218.0,211.0,261.0,261.0,231.0,199.5,0.020076266569687598,3,1
random,400,33,374,161.0,213.0,237.0,239.0,215.0,215.0,197.0,199.5,0.020076266569687598,3,1
random,400,33,375,2.0,1.0,2.0,2.0,1.0,1.0,2.0,199.5,0.020076266569687598,3,1
random,400,33,376,328.0,285.0,332.0,333.0,298.0,298.0,348.0,199.5,0.020076266569687598,3,1
random,400,33,377,161.0,235.0,221.0,218.0,232.0,232.0,183.0,199.5,0.020076266569687598,3,1
random,400,33,378,277.0,324.0,319.0,317.0,324.0,324.0,293.0,199.5,0.020076266569687598,3,1
random,400,33,379,111.0,147.0,179.0,179.0,145.0,145.0,156.0,199.5,0.020076266569687598,3,1
random,400,33,380,222.0,217.0,233.0,232.0,224.0,224.0,257.0,199.5,0.020076266569687598,3,1
random,400,33,381,51.0,54.0,91.0,94.0,54.0,54.0,73.0,199.5,0.020076266569687598,3,1
random,400,33,382,379.0,377.0,379.0,380.0,377.0,377.0,392.0,199.5,0.020076266569687598,3,1
random,400,33,383,277.0,254.0,311.0,312.0,268.0,268.0,320.0,199.5,0.020076266569687598,3,1
random,400,33,384,32.0,42.0,44.0,43.0,45.0,45.0,40.0,199.5,0.020076266569687598,3,1
random,400,33,385,161.0,190.0,164.0,168.0,188.0,188.0,171.0,199.5,0.020076266569687598,3,1
random,400,33,386,76.0,85.0,73.0,72.0,82.0,82.0,91.0,199.5,0.020076266569687598,3,1
random,400,33,387,355.0,365.0,364.0,364.0,368.0,368.0,362.0,199.5,0.020076266569687598,3,1
random,400,33,388,328.0,376.0,353.0,351.0,376.0,376.0,329.0,199.5,0.020076266569687598,3,1
random,400,33,389,32.0,52.0,60.0,62.0,50.0,50.0,42.0,199.5,0.020076266569687598,3,1
random,400,33,390,13.0,31.0,17.0,17.0,27.0,27.0,21.0,199.5,0.020076266569687598,3,1
random,400,33,391,355.0,365.0,365.0,365.0,365.0,365.0,363.0,199.5,0.020076266569687598,3,1
random,400,33,392,222.0,326.0,267.0,264.0,319.0,319.0,225.0,199.5,0.020076266569687598,3,1
random,400,33,393,222.0,254.0,271.0,274.0,254.0,254.0,261.0,199.5,0.020076266569687598,3,1
random,400,33,394,222.0,303.0,167.0,163.0,297.0,297.0,223.0,199.5,0.020076266569687598,3,1
random,400,33,395,76.0,68.0,111.0,111.0,71.0,71.0,108.0,199.5,0.020076266569687598,3,1
random,400,33,396,355.0,358.0,371.0,371.0,359.0,359.0,371.0,199.5,0.020076266569687598,3,1
random,400,33,397,51.0,34.0,45.0,46.0,34.0,34.0,64.0,199.5,0.020076266569687598,3,1
random,400,33,398,277.0,229.0,323.0,323.0,237.0,237.0,326.0,199.5,0.020076266569687598,3,1
random,400,33,399,161.0,232.0,186.0,182.0,221.0,221.0,179.0,199.5,0.020076266569687598,3,1
random,400,34,0,271.0,301.0,315.0,318.0,304.0,304.0,298.0,199.5,0.015299474218591857,3,1
random,400,34,1,366.0,381.0,375.0,375.0,380.0,380.0,374.0,199.5,0.015299474218591857,3,1
random,400,34,2,47.0,50.0,48.0,42.0,51.0,51.0,54.0,199.5,0.015299474218591857,3,1
random,400,34,3,47.0,29.0,46.0,52.0,32.0,32.0,71.0,199.5,0.015299474218591857,3,1
random,400,34,4,320.0,313.0,363.0,362.0,315.0,315.0,360.0,199.5,0.015299474218591857,3,1
random,400,34,5,78.0,97.0,104.0,99.0,96.0,96.0,96.0,199.5,0.015299474218591857,3,1
random,400,34,6,168.0,239.0,175.0,172.0,232.0,232.0,172.0,199.5,0.015299474218591857,3,1
random,400,34,7,168.0,169.0,222.0,220.0,174.0,174.0,211.0,199.5,0.015299474218591857,3,1
random,400,34,8,26.0,64.0,34.0,34.0,60.0,60.0,30.0,199.5,0.015299474218591857,3,1
random,400,34,9,221.0,211.0,233.0,227.0,225.0,225.0,243.0,199.5,0.015299474218591857,3,1
random,400,34,10,14.0,7.0,22.0,21.0,9.0,9.0,23.0,199.5,0.015299474218591857,3,1
random,400,34,11,78.0,88.0,72.0,69.0,94.0,94.0,91.0,199.5,0.015299474218591857,3,1
random,400,34,12,2.0,2.0,5.0,5.0,2.0,2.0,6.0,199.5,0.015299474218591857,3,1
random,400,34,13,320.0,322.0,333.0,334.0,329.0,329.0,344.0,199.5,0.015299474218591857,3,1
random,400,34,14,112.0,139.0,158.0,158.0,137.0,137.0,143.0,199.5,0.015299474218591857,3,1
random,400,34,15,221.0,253.0,211.0,214.0,254.0,254.0,230.0,199.5,0.015299474218591857,3,1
random,400,34,16,271.0,225.0,316.0,317.0,246.0,246.0,311.0,199.5,0.015299474218591857,3,1
random,400,34,17,112.0,107.0,135.0,138.0,110.0,110.0,135.0,199.5,0.015299474218591857,3,1
random,400,34,18,168.0,221.0,213.0,211.0,212.0,212.0,197.0,199.5,0.015299474218591857,3,1
random,400,34,19,47.0,147.0,76.0,74.0,133.0,133.0,48.0,199.5,0.015299474218591857,3,1
random,400,34,20,112.0,101.0,124.0,124.0,104.0,104.0,140.0,199.5,0.015299474218591857,3,1
random,400,34,21,112.0,151.0,117.0,119.0,149.0,149.0,129.0,199.5,0.015299474218591857,3,1
random,400,34,22,366.0,361.0,368.0,370.0,363.0,363.0,372.0,199.5,0.015299474218591857,3,1
random,400,34,23,221.0,331.0,238.0,238.0,324.0,324.0,226.0,199.5,0.015299474218591857,3,1
random,400,34,24,47.0,64.0,78.0,75.0,63.0,63.0,68.0,199.5,0.015299474218591857,3,1
random,400,34,25,221.0,206.0,251.0,259.0,220.0,220.0,257.0,199.5,0.015299474218591857,3,1
random,400,34,26,112.0,169.0,121.0,123.0,166.0,166.0,126.0,199.5,0.015299474218591857,3,1
random,400,34,27,47.0,88.0,30.0,28.0,90.0,90.0,46.0,199.5,0.015299474218591857,3,1
random,400,34,28,112.0,147.0,140.0,136.0,148.0,148.0,131.0,199.5,0.015299474218591857,3,1
random,400,34,29,112.0,188.0,202.0,205.0,186.0,186.0,146.0,199.5,0.015299474218591857,3,1
random,400,34,30,320.0,277.0,323.0,325.0,284.0,284.0,359.0,199.5,0.015299474218591857,3,1
random,400,34,31,221.0,211.0,285.0,283.0,230.0,230.0,261.0,199.5,0.015299474218591857,3,1
random,400,34,32,78.0,125.0,108.0,108.0,122.0,122.0,100.0,199.5,0.015299474218591857,3,1
random,400,34,33,221.0,267.0,255.0,253.0,262.0,262.0,247.0,199.5,0.015299474218591857,3,1
random,400,34,34,366.0,335.0,373.0,372.0,342.0,342.0,379.0,199.5,0.015299474218591857,3,1
random,400,34,35,26.0,91.0,26.0,26.0,78.0,78.0,27.0,199.5,0.015299474218591857,3,1
random,400,34,36,320.0,365.0,335.0,335.0,364.0,364.0,324.0,199.5,0.015299474218591857,3,1
random,400,34,37,112.0,175.0,105.0,98.0,178.0,178.0,114.0,199.5,0.015299474218591857,3,1
random,400,34,38,168.0,127.0,184.0,178.0,141.0,141.0,200.0,199.5,0.015299474218591857,3,1
random,400,34,39,385.0,389.0,387.0,387.0,389.0,389.0,390.0,199.5,0.015299474218591857,3,1
random,400,34,40,366.0,387.0,371.0,371.0,387.0,387.0,369.0,199.5,0.015299474218591857,3,1
random,400,34,41,320.0,367.0,344.0,340.0,366.0,366.0,335.0,199.5,0.015299474218591857,3,1
random,400,34,42,112.0,38.0,132.0,134.0,59.0,59.0,162.0,199.5,0.015299474218591857,3,1
random,400,34,43,271.0,341.0,277.0,273.0,341.0,341.0,271.0,199.5,0.015299474218591857,3,1
random,400,34,44,78.0,181.0,91.0,86.0,169.0,169.0,79.0,199.5,0.015299474218591857,3,1
random,400,34,45,168.0,102.0,199.0,207.0,114.0,114.0,219.0,199.5,0.015299474218591857,3,1
random,400,34,46,78.0,79.0,103.0,111.0,83.0,83.0,109.0,199.5,0.015299474218591857,3,1
random,400,34,47,271.0,310.0,248.0,244.0,310.0,310.0,275.0,199.5,0.015299474218591857,3,1
random,400,34,48,320.0,322.0,331.0,329.0,326.0,326.0,347.0,199.5,0.015299474218591857,3,1
random,400,34,49,112.0,185.0,151.0,155.0,176.0,176.0,139.0,199.5,0.015299474218591857,3,1
random,400,34,50,320.0,321.0,310.0,307.0,327.0,327.0,343.0,199.5,0.015299474218591857,3,1
random,400,34,51,221.0,246.0,207.0,204.0,248.0,248.0,231.0,199.5,0.015299474218591857,3,1
random,400,34,52,8.0,17.0,7.0,8.0,16.0,16.0,9.0,199.5,0.015299474218591857,3,1
random,400,34,53,320.0,341.0,360.0,360.0,344.0,344.0,346.0,199.5,0.015299474218591857,3,1
random,400,34,54,112.0,165.0,188.0,191.0,161.0,161.0,147.0,199.5,0.015299474218591857,3,1
random,400,34,55,168.0,197.0,235.0,235.0,200.0,200.0,212.0,199.5,0.015299474218591857,3,1
random,400,34,56,271.0,304.0,256.0,251.0,300.0,300.0,282.0,199.5,0.015299474218591857,3,1
random,400,34,57,47.0,84.0,67.0,66.0,74.0,74.0,63.0,199.5,0.015299474218591857,3,1
random,400,34,58,271.0,294.0,306.0,305.0,301.0,301.0,292.0,199.5,0.015299474218591857,3,1
random,400,34,59,8.0,5.0,16.0,17.0,7.0,7.0,12.0,199.5,0.015299474218591857,3,1
random,400,34,60,385.0,376.0,393.0,393.0,379.0,379.0,394.0,199.5,0.015299474218591857,3,1
random,400,34,61,320.0,337.0,312.0,308.0,340.0,340.0,342.0,199.5,0.015299474218591857,3,1
random,400,34,62,320.0,328.0,349.0,349.0,331.0,331.0,351.0,199.5,0.015299474218591857,3,1
random,400,34,63,168.0,144.0,174.0,169.0,151.0,151.0,195.0,199.5,0.015299474218591857,3,1
random,400,34,64,221.0,206.0,97.0,97.0,223.0,223.0,186.0,199.5,0.015299474218591857,3,1
random,400,34,65,112.0,120.0,134.0,133.0,125.0,125.0,150.0,199.5,0.015299474218591857,3,1
random,400,34,66,221.0,231.0,264.0,261.0,239.0,239.0,252.0,199.5,0.015299474218591857,3,1
random,400,34,67,47.0,38.0,64.0,67.0,43.0,43.0,76.0,199.5,0.015299474218591857,3,1
random,400,34,68,168.0,267.0,200.0,195.0,257.0,257.0,178.0,199.5,0.015299474218591857,3,1
random,400,34,69,168.0,118.0,192.0,192.0,124.0,124.0,218.0,199.5,0.015299474218591857,3,1
random,400,34,70,320.0,370.0,319.0,316.0,368.0,368.0,323.0,199.5,0.015299474218591857,3,1
random,400,34,71,320.0,315.0,355.0,354.0,321.0,321.0,353.0,199.5,0.015299474218591857,3,1
random,400,34,72,221.0,275.0,259.0,254.0,272.0,272.0,244.0,199.5,0.015299474218591857,3,1
random,400,34,73,112.0,146.0,111.0,109.0,144.0,144.0,122.0,199.5,0.015299474218591857,3,1
random,400,34,74,168.0,197.0,182.0,181.0,195.0,195.0,189.0,199.5,0.015299474218591857,3,1
random,400,34,75,168.0,154.0,160.0,154.0,158.0,158.0,198.0,199.5,0.015299474218591857,3,1
random,400,34,76,221.0,251.0,234.0,234.0,251.0,251.0,240.0,199.5,0.015299474218591857,3,1
random,400,34,77,26.0,47.0,62.0,63.0,40.0,40.0,44.0,199.5,0.015299474218591857,3,1
random,400,34,78,366.0,390.0,380.0,379.0,390.0,390.0,366.0,199.5,0.015299474218591857,3,1
random,400,34,79,168.0,215.0,217.0,210.0,208.0,208.0,192.0,199.5,0.015299474218591857,3,1
random,400,34,80,320.0,369.0,358.0,359.0,369.0,369.0,328.0,199.5,0.015299474218591857,3,1
random,400,34,81,271.0,297.0,291.0,288.0,299.0,299.0,288.0,199.5,0.015299474218591857,3,1
random,400,34,82,320.0,348.0,345.0,342.0,348.0,348.0,340.0,199.5,0.015299474218591857,3,1
random,400,34,83,366.0,378.0,370.0,369.0,377.0,377.0,368.0,199.5,0.015299474218591857,3,1
random,400,34,84,221.0,274.0,244.0,240.0,269.0,269.0,239.0,199.5,0.015299474218591857,3,1
random,400,34,85,78.0,61.0,66.0,64.0,67.0,67.0,89.0,199.5,0.015299474218591857,3,1
random,400,34,86,221.0,225.0,250.0,263.0,234.0,234.0,258.0,199.5,0.015299474218591857,3,1
random,400,34,87,47.0,117.0,87.0,85.0,109.0,109.0,52.0,199.5,0.015299474218591857,3,1
random,400,34,88,221.0,178.0,237.0,245.0,191.0,191.0,242.0,199.5,0.015299474218591857,3,1
random,400,34,89,14.0,32.0,27.0,27.0,29.0,29.0,17.0,199.5,0.015299474218591857,3,1
random,400,34,90,47.0,127.0,98.0,101.0,113.0,113.0,67.0,199.5,0.015299474218591857,3,1
random,400,34,91,221.0,313.0,229.0,224.0,307.0,307.0,227.0,199.5,0.015299474218591857,3,1
random,400,34,92,271.0,294.0,299.0,296.0,293.0,293.0,287.0,199.5,0.015299474218591857,3,1
random,400,34,93,320.0,358.0,318.0,314.0,357.0,357.0,327.0,199.5,0.015299474218591857,3,1
random,400,34,94,14.0,11.0,10.0,9.0,11.0,11.0,18.0,199.5,0.015299474218591857,3,1
random,400,34,95,320.0,320.0,314.0,313.0,320.0,320.0,348.0,199.5,0.015299474218591857,3,1
random,400,34,96,271.0,270.0,280.0,285.0,273.0,273.0,291.0,199.5,0.015299474218591857,3,1
random,400,34,97,271.0,346.0,272.0,270.0,337.0,337.0,272.0,199.5,0.015299474218591857,3,1
random,400,34,98,385.0,385.0,391.0,390.0,386.0,386.0,392.0,199.5,0.015299474218591857,3,1
random,400,34,99,168.0,279.0,167.0,167.0,271.0,271.0,169.0,199.5,0.015299474218591857,3,1
random,400,34,100,112.0,112.0,165.0,165.0,120.0,120.0,153.0,199.5,0.015299474218591857,3,1
random,400,34,101,320.0,291.0,350.0,352.0,303.0,303.0,358.0,199.5,0.015299474218591857,3,1
random,400,34,102,168.0,183.0,230.0,231.0,187.0,187.0,199.0,199.5,0.015299474218591857,3,1
random,400,34,103,271.0,289.0,284.0,282.0,289.0,289.0,283.0,199.5,0.015299474218591857,3,1
random,400,34,104,26.0,96.0,38.0,39.0,88.0,88.0,32.0,199.5,0.015299474218591857,3,1
random,400,34,105,271.0,334.0,322.0,321.0,332.0,332.0,285.0,199.5,0.015299474218591857,3,1
random,400,34,106,168.0,254.0,216.0,212.0,247.0,247.0,188.0,199.5,0.015299474218591857,3,1
random,400,34,107,271.0,261.0,253.0,255.0,267.0,267.0,286.0,199.5,0.015299474218591857,3,1
random,400,34,108,271.0,337.0,282.0,281.0,333.0,333.0,273.0,199.5,0.015299474218591857,3,1
random,400,34,109,320.0,310.0,336.0,337.0,317.0,317.0,354.0,199.5,0.015299474218591857,3,1
random,400,34,110,26.0,47.0,18.0,18.0,40.0,40.0,29.0,199.5,0.015299474218591857,3,1
random,400,34,111,112.0,156.0,137.0,143.0,149.0,149.0,134.0,199.5,0.015299474218591857,3,1
random,400,34,112,168.0,236.0,209.0,209.0,224.0,224.0,187.0,199.5,0.015299474218591857,3,1
random,400,34,113,112.0,38.0,118.0,118.0,53.0,53.0,167.0,199.5,0.015299474218591857,3,1
random,400,34,114,112.0,71.0,170.0,177.0,84.0,84.0,168.0,199.5,0.015299474218591857,3,1
random,400,34,115,47.0,36.0,73.0,83.0,42.0,42.0,74.0,199.5,0.015299474218591857,3,1
random,400,34,116,168.0,239.0,206.0,206.0,236.0,236.0,185.0,199.5,0.015299474218591857,3,1
random,400,34,117,168.0,195.0,157.0,152.0,195.0,195.0,179.0,199.5,0.015299474218591857,3,1
random,400,34,118,112.0,203.0,214.0,218.0,198.0,198.0,145.0,199.5,0.015299474218591857,3,1
random,400,34,119,8.0,24.0,12.0,13.0,19.0,19.0,11.0,199.5,0.015299474218591857,3,1
random,400,34,120,112.0,144.0,173.0,175.0,139.0,139.0,151.0,199.5,0.015299474218591857,3,1
random,400,34,121,221.0,151.0,242.0,242.0,170.0,170.0,266.0,199.5,0.015299474218591857,3,1
random,400,34,122,320.0,307.0,353.0,355.0,312.0,312.0,355.0,199.5,0.015299474218591857,3,1
random,400,34,123,112.0,246.0,161.0,168.0,222.0,222.0,120.0,199.5,0.015299474218591857,3,1
random,400,34,124,396.0,398.0,397.0,397.0,398.0,398.0,397.0,199.5,0.015299474218591857,3,1
random,400,34,125,168.0,218.0,172.0,171.0,207.0,207.0,175.0,199.5,0.015299474218591857,3,1
random,400,34,126,366.0,351.0,382.0,384.0,359.0,359.0,380.0,199.5,0.015299474218591857,3,1
random,400,34,127,78.0,116.0,145.0,147.0,115.0,115.0,103.0,199.5,0.015299474218591857,3,1
random,400,34,128,221.0,206.0,243.0,243.0,219.0,219.0,248.0,199.5,0.015299474218591857,3,1
random,400,34,129,221.0,197.0,269.0,271.0,211.0,211.0,265.0,199.5,0.015299474218591857,3,1
random,400,34,130,221.0,203.0,257.0,256.0,218.0,218.0,250.0,199.5,0.015299474218591857,3,1
random,400,34,131,168.0,183.0,219.0,222.0,185.0,185.0,206.0,199.5,0.015299474218591857,3,1
random,400,34,132,112.0,231.0,141.0,137.0,206.0,206.0,117.0,199.5,0.015299474218591857,3,1
random,400,34,133,47.0,19.0,68.0,73.0,27.0,27.0,81.0,199.5,0.015299474218591857,3,1
random,400,34,134,168.0,169.0,194.0,201.0,167.0,167.0,209.0,199.5,0.015299474218591857,3,1
random,400,34,135,366.0,380.0,378.0,378.0,381.0,381.0,376.0,199.5,0.015299474218591857,3,1
random,400,34,136,221.0,187.0,283.0,293.0,194.0,194.0,268.0,199.5,0.015299474218591857,3,1
random,400,34,137,47.0,52.0,74.0,80.0,49.0,49.0,73.0,199.5,0.015299474218591857,3,1
random,400,34,138,112.0,169.0,116.0,116.0,160.0,160.0,124.0,199.5,0.015299474218591857,3,1
random,400,34,139,112.0,70.0,106.0,104.0,85.0,85.0,137.0,199.5,0.015299474218591857,3,1
random,400,34,140,26.0,17.0,47.0,49.0,23.0,23.0,40.0,199.5,0.015299474218591857,3,1
random,400,34,141,168.0,197.0,169.0,160.0,203.0,203.0,173.0,199.5,0.015299474218591857,3,1
random,400,34,142,271.0,301.0,311.0,320.0,302.0,302.0,299.0,199.5,0.015299474218591857,3,1
random,400,34,143,320.0,315.0,364.0,364.0,318.0,318.0,361.0,199.5,0.015299474218591857,3,1
random,400,34,144,271.0,279.0,313.0,315.0,282.0,282.0,303.0,199.5,0.015299474218591857,3,1
random,400,34,145,221.0,141.0,196.0,198.0,151.0,151.0,260.0,199.5,0.015299474218591857,3,1
random,400,34,146,366.0,371.0,377.0,376.0,373.0,373.0,375.0,199.5,0.015299474218591857,3,1
random,400,34,147,271.0,261.0,330.0,333.0,266.0,266.0,319.0,199.5,0.015299474218591857,3,1
random,400,34,148,221.0,150.0,297.0,303.0,168.0,168.0,270.0,199.5,0.015299474218591857,3,1
random,400,34,149,168.0,102.0,136.0,145.0,117.0,117.0,196.0,199.5,0.015299474218591857,3,1
random,400,34,150,14.0,28.0,13.0,11.0,25.0,25.0,16.0,199.5,0.015299474218591857,3,1
random,400,34,151,396.0,399.0,398.0,398.0,399.0,399.0,396.0,199.5,0.015299474218591857,3,1
random,400,34,152,112.0,158.0,149.0,144.0,159.0,159.0,121.0,199.5,0.015299474218591857,3,1
random,400,34,153,366.0,374.0,366.0,366.0,376.0,376.0,370.0,199.5,0.015299474218591857,3,1
random,400,34,154,320.0,270.0,356.0,358.0,280.0,280.0,363.0,199.5,0.015299474218591857,3,1
random,400,34,155,221.0,265.0,215.0,213.0,255.0,255.0,234.0,199.5,0.015299474218591857,3,1
random,400,34,156,78.0,118.0,112.0,112.0,111.0,111.0,99.0,199.5,0.015299474218591857,3,1
random,400,34,157,271.0,229.0,288.0,286.0,238.0,238.0,317.0,199.5,0.015299474218591857,3,1
random,400,34,158,366.0,331.0,374.0,374.0,339.0,339.0,383.0,199.5,0.015299474218591857,3,1
random,400,34,159,320.0,308.0,361.0,361.0,311.0,311.0,357.0,199.5,0.015299474218591857,3,1
random,400,34,160,271.0,225.0,275.0,278.0,243.0,243.0,312.0,199.5,0.015299474218591857,3,1
random,400,34,161,221.0,239.0,304.0,304.0,244.0,244.0,269.0,199.5,0.015299474218591857,3,1
random,400,34,162,366.0,379.0,383.0,382.0,378.0,378.0,377.0,199.5,0.015299474218591857,3,1
random,400,34,163,26.0,13.0,29.0,30.0,20.0,20.0,39.0,199.5,0.015299474218591857,3,1
random,400,34,164,366.0,365.0,381.0,381.0,370.0,370.0,378.0,199.5,0.015299474218591857,3,1
random,400,34,165,112.0,252.0,127.0,128.0,235.0,235.0,115.0,199.5,0.015299474218591857,3,1
random,400,34,166,112.0,141.0,123.0,122.0,135.0,135.0,130.0,199.5,0.015299474218591857,3,1
random,400,34,167,168.0,122.0,185.0,184.0,132.0,132.0,214.0,199.5,0.015299474218591857,3,1
random,400,34,168,221.0,175.0,249.0,252.0,188.0,188.0,264.0,199.5,0.015299474218591857,3,1
random,400,34,169,47.0,58.0,71.0,70.0,58.0,58.0,64.0,199.5,0.015299474218591857,3,1
random,400,34,170,221.0,257.0,246.0,248.0,260.0,260.0,241.0,199.5,0.015299474218591857,3,1
random,400,34,171,26.0,55.0,39.0,37.0,55.0,55.0,31.0,199.5,0.015299474218591857,3,1
random,400,34,172,2.0,13.0,9.0,10.0,10.0,10.0,5.0,199.5,0.015299474218591857,3,1
random,400,34,173,271.0,284.0,296.0,298.0,286.0,286.0,305.0,199.5,0.015299474218591857,3,1
random,400,34,174,112.0,102.0,155.0,157.0,105.0,105.0,164.0,199.5,0.015299474218591857,3,1
random,400,34,175,26.0,10.0,28.0,29.0,13.0,13.0,37.0,199.5,0.015299474218591857,3,1
random,400,34,176,320.0,341.0,365.0,365.0,346.0,346.0,350.0,199.5,0.015299474218591857,3,1
random,400,34,177,168.0,181.0,148.0,140.0,177.0,177.0,181.0,199.5,0.015299474218591857,3,1
random,400,34,178,78.0,134.0,65.0,62.0,126.0,126.0,84.0,199.5,0.015299474218591857,3,1
random,400,34,179,221.0,261.0,225.0,228.0,261.0,261.0,236.0,199.5,0.015299474218591857,3,1
random,400,34,180,221.0,224.0,240.0,239.0,231.0,231.0,251.0,199.5,0.015299474218591857,3,1
random,400,34,181,271.0,330.0,281.0,279.0,330.0,330.0,278.0,199.5,0.015299474218591857,3,1
random,400,34,182,168.0,135.0,190.0,194.0,140.0,140.0,215.0,199.5,0.015299474218591857,3,1
random,400,34,183,221.0,203.0,270.0,269.0,217.0,217.0,256.0,199.5,0.015299474218591857,3,1
random,400,34,184,168.0,120.0,181.0,183.0,131.0,131.0,210.0,199.5,0.015299474218591857,3,1
random,400,34,185,47.0,81.0,57.0,58.0,82.0,82.0,56.0,199.5,0.015299474218591857,3,1
random,400,34,186,78.0,131.0,146.0,139.0,127.0,127.0,94.0,199.5,0.015299474218591857,3,1
random,400,34,187,320.0,356.0,334.0,331.0,356.0,356.0,329.0,199.5,0.015299474218591857,3,1
random,400,34,188,78.0,98.0,101.0,100.0,99.0,99.0,102.0,199.5,0.015299474218591857,3,1
random,400,34,189,26.0,29.0,51.0,48.0,31.0,31.0,42.0,199.5,0.015299474218591857,3,1
random,400,34,190,2.0,7.0,2.0,3.0,5.0,5.0,3.0,199.5,0.015299474218591857,3,1
random,400,34,191,320.0,362.0,342.0,346.0,361.0,361.0,334.0,199.5,0.015299474218591857,3,1
random,400,34,192,14.0,112.0,31.0,31.0,95.0,95.0,14.0,199.5,0.015299474218591857,3,1
random,400,34,193,320.0,340.0,332.0,326.0,343.0,343.0,336.0,199.5,0.015299474218591857,3,1
random,400,34,194,168.0,197.0,232.0,232.0,204.0,204.0,207.0,199.5,0.015299474218591857,3,1
random,400,34,195,168.0,75.0,210.0,217.0,93.0,93.0,222.0,199.5,0.015299474218591857,3,1
random,400,34,196,320.0,335.0,341.0,343.0,338.0,338.0,349.0,199.5,0.015299474218591857,3,1
random,400,34,197,112.0,88.0,133.0,135.0,97.0,97.0,157.0,199.5,0.015299474218591857,3,1
random,400,34,198,320.0,351.0,325.0,328.0,350.0,350.0,339.0,199.5,0.015299474218591857,3,1
random,400,34,199,320.0,358.0,340.0,338.0,358.0,358.0,333.0,199.5,0.015299474218591857,3,1
random,400,34,200,14.0,75.0,43.0,43.0,61.0,61.0,20.0,199.5,0.015299474218591857,3,1
random,400,34,201,78.0,211.0,115.0,115.0,190.0,190.0,85.0,199.5,0.015299474218591857,3,1
random,400,34,202,112.0,81.0,110.0,107.0,88.0,88.0,142.0,199.5,0.015299474218591857,3,1
random,400,34,203,47.0,62.0,44.0,46.0,66.0,66.0,58.0,199.5,0.015299474218591857,3,1
random,400,34,204,112.0,86.0,153.0,156.0,92.0,92.0,161.0,199.5,0.015299474218591857,3,1
random,400,34,205,271.0,197.0,293.0,299.0,225.0,225.0,310.0,199.5,0.015299474218591857,3,1
random,400,34,206,168.0,178.0,180.0,180.0,184.0,184.0,191.0,199.5,0.015299474218591857,3,1
random,400,34,207,221.0,325.0,205.0,190.0,316.0,316.0,224.0,199.5,0.015299474218591857,3,1
random,400,34,208,320.0,267.0,362.0,363.0,278.0,278.0,365.0,199.5,0.015299474218591857,3,1
random,400,34,209,112.0,84.0,129.0,130.0,91.0,91.0,159.0,199.5,0.015299474218591857,3,1
random,400,34,210,271.0,304.0,260.0,257.0,305.0,305.0,277.0,199.5,0.015299474218591857,3,1
random,400,34,211,112.0,165.0,139.0,131.0,161.0,161.0,127.0,199.5,0.015299474218591857,3,1
random,400,34,212,78.0,206.0,83.0,76.0,193.0,193.0,75.0,199.5,0.015299474218591857,3,1
random,400,34,213,112.0,229.0,96.0,95.0,210.0,210.0,112.0,199.5,0.015299474218591857,3,1
random,400,34,214,320.0,337.0,343.0,345.0,336.0,336.0,352.0,199.5,0.015299474218591857,3,1
random,400,34,215,47.0,68.0,53.0,53.0,69.0,69.0,49.0,199.5,0.015299474218591857,3,1
random,400,34,216,47.0,52.0,61.0,59.0,45.0,45.0,66.0,199.5,0.015299474218591857,3,1
random,400,34,217,26.0,19.0,35.0,35.0,24.0,24.0,43.0,199.5,0.015299474218591857,3,1
random,400,34,218,221.0,270.0,252.0,250.0,264.0,264.0,255.0,199.5,0.015299474218591857,3,1
random,400,34,219,78.0,64.0,99.0,106.0,68.0,68.0,106.0,199.5,0.015299474218591857,3,1
random,400,34,220,271.0,318.0,309.0,311.0,313.0,313.0,289.0,199.5,0.015299474218591857,3,1
random,400,34,221,366.0,383.0,385.0,385.0,383.0,383.0,373.0,199.5,0.015299474218591857,3,1
random,400,34,222,78.0,160.0,120.0,121.0,145.0,145.0,95.0,199.5,0.015299474218591857,3,1
random,400,34,223,78.0,102.0,113.0,113.0,105.0,105.0,93.0,199.5,0.015299474218591857,3,1
random,400,34,224,26.0,55.0,55.0,55.0,52.0,52.0,38.0,199.5,0.015299474218591857,3,1
random,400,34,225,168.0,151.0,212.0,221.0,157.0,157.0,217.0,199.5,0.015299474218591857,3,1
random,400,34,226,112.0,98.0,142.0,146.0,98.0,98.0,158.0,199.5,0.015299474218591857,3,1
random,400,34,227,271.0,325.0,279.0,277.0,322.0,322.0,279.0,199.5,0.015299474218591857,3,1
random,400,34,228,385.0,392.0,389.0,389.0,391.0,391.0,388.0,199.5,0.015299474218591857,3,1
random,400,34,229,366.0,373.0,369.0,367.0,375.0,375.0,371.0,199.5,0.015299474218591857,3,1
random,400,34,230,78.0,165.0,84.0,82.0,153.0,153.0,80.0,199.5,0.015299474218591857,3,1
random,400,34,231,271.0,344.0,289.0,290.0,335.0,335.0,276.0,199.5,0.015299474218591857,3,1
random,400,34,232,168.0,135.0,183.0,186.0,134.0,134.0,216.0,199.5,0.015299474218591857,3,1
random,400,34,233,320.0,364.0,346.0,350.0,362.0,362.0,330.0,199.5,0.015299474218591857,3,1
random,400,34,234,320.0,362.0,327.0,324.0,360.0,360.0,326.0,199.5,0.015299474218591857,3,1
random,400,34,235,385.0,360.0,388.0,388.0,365.0,365.0,395.0,199.5,0.015299474218591857,3,1
random,400,34,236,168.0,259.0,126.0,120.0,252.0,252.0,165.0,199.5,0.015299474218591857,3,1
random,400,34,237,271.0,188.0,286.0,291.0,209.0,209.0,313.0,199.5,0.015299474218591857,3,1
random,400,34,238,47.0,62.0,45.0,44.0,62.0,62.0,50.0,199.5,0.015299474218591857,3,1
random,400,34,239,26.0,38.0,82.0,87.0,37.0,37.0,45.0,199.5,0.015299474218591857,3,1
random,400,34,240,271.0,249.0,298.0,294.0,256.0,256.0,307.0,199.5,0.015299474218591857,3,1
random,400,34,241,168.0,215.0,177.0,173.0,215.0,215.0,177.0,199.5,0.015299474218591857,3,1
random,400,34,242,168.0,275.0,130.0,129.0,270.0,270.0,166.0,199.5,0.015299474218591857,3,1
random,400,34,243,271.0,291.0,290.0,287.0,291.0,291.0,296.0,199.5,0.015299474218591857,3,1
random,400,34,244,221.0,286.0,247.0,246.0,283.0,283.0,233.0,199.5,0.015299474218591857,3,1
random,400,34,245,168.0,195.0,218.0,216.0,197.0,197.0,204.0,199.5,0.015299474218591857,3,1
random,400,34,246,47.0,43.0,59.0,61.0,39.0,39.0,69.0,199.5,0.015299474218591857,3,1
random,400,34,247,112.0,139.0,171.0,174.0,137.0,137.0,152.0,199.5,0.015299474218591857,3,1
random,400,34,248,14.0,19.0,37.0,45.0,21.0,21.0,25.0,199.5,0.015299474218591857,3,1
random,400,34,249,366.0,384.0,359.0,357.0,384.0,384.0,367.0,199.5,0.015299474218591857,3,1
random,400,34,250,47.0,33.0,50.0,47.0,34.0,34.0,65.0,199.5,0.015299474218591857,3,1
random,400,34,251,221.0,278.0,273.0,276.0,275.0,275.0,254.0,199.5,0.015299474218591857,3,1
random,400,34,252,2.0,16.0,6.0,6.0,12.0,12.0,4.0,199.5,0.015299474218591857,3,1
random,400,34,253,112.0,122.0,131.0,132.0,119.0,119.0,149.0,199.5,0.015299474218591857,3,1
random,400,34,254,78.0,58.0,40.0,38.0,64.0,64.0,87.0,199.5,0.015299474218591857,3,1
random,400,34,255,2.0,24.0,3.0,2.0,15.0,15.0,2.0,199.5,0.015299474218591857,3,1
random,400,34,256,112.0,160.0,168.0,170.0,154.0,154.0,136.0,199.5,0.015299474218591857,3,1
random,400,34,257,271.0,291.0,294.0,292.0,291.0,291.0,293.0,199.5,0.015299474218591857,3,1
random,400,34,258,26.0,22.0,54.0,57.0,22.0,22.0,47.0,199.5,0.015299474218591857,3,1
random,400,34,259,320.0,322.0,329.0,327.0,323.0,323.0,356.0,199.5,0.015299474218591857,3,1
random,400,34,260,112.0,206.0,166.0,166.0,199.0,199.0,123.0,199.5,0.015299474218591857,3,1
random,400,34,261,168.0,135.0,164.0,164.0,146.0,146.0,193.0,199.5,0.015299474218591857,3,1
random,400,34,262,47.0,110.0,79.0,79.0,101.0,101.0,59.0,199.5,0.015299474218591857,3,1
random,400,34,263,168.0,127.0,223.0,233.0,128.0,128.0,223.0,199.5,0.015299474218591857,3,1
random,400,34,264,320.0,344.0,348.0,347.0,345.0,345.0,338.0,199.5,0.015299474218591857,3,1
random,400,34,265,221.0,283.0,266.0,268.0,281.0,281.0,235.0,199.5,0.015299474218591857,3,1
random,400,34,266,112.0,110.0,143.0,148.0,112.0,112.0,154.0,199.5,0.015299474218591857,3,1
random,400,34,267,271.0,290.0,326.0,330.0,290.0,290.0,304.0,199.5,0.015299474218591857,3,1
random,400,34,268,2.0,4.0,8.0,7.0,3.0,3.0,7.0,199.5,0.015299474218591857,3,1
random,400,34,269,78.0,71.0,119.0,117.0,77.0,77.0,110.0,199.5,0.015299474218591857,3,1
random,400,34,270,78.0,86.0,80.0,78.0,87.0,87.0,97.0,199.5,0.015299474218591857,3,1
random,400,34,271,47.0,50.0,56.0,51.0,53.0,53.0,55.0,199.5,0.015299474218591857,3,1
random,400,34,272,8.0,3.0,11.0,14.0,4.0,4.0,13.0,199.5,0.015299474218591857,3,1
random,400,34,273,14.0,12.0,17.0,16.0,14.0,14.0,22.0,199.5,0.015299474218591857,3,1
random,400,34,274,271.0,244.0,261.0,262.0,253.0,253.0,300.0,199.5,0.015299474218591857,3,1
random,400,34,275,112.0,131.0,178.0,179.0,130.0,130.0,155.0,199.5,0.015299474218591857,3,1
random,400,34,276,14.0,24.0,21.0,19.0,26.0,26.0,19.0,199.5,0.015299474218591857,3,1
random,400,34,277,78.0,71.0,93.0,93.0,79.0,79.0,104.0,199.5,0.015299474218591857,3,1
random,400,34,278,221.0,301.0,254.0,249.0,293.0,293.0,229.0,199.5,0.015299474218591857,3,1
random,400,34,279,168.0,135.0,193.0,200.0,146.0,146.0,202.0,199.5,0.015299474218591857,3,1
random,400,34,280,112.0,64.0,179.0,182.0,70.0,70.0,170.0,199.5,0.015299474218591857,3,1
random,400,34,281,385.0,394.0,394.0,394.0,394.0,394.0,387.0,199.5,0.015299474218591857,3,1
random,400,34,282,168.0,221.0,138.0,141.0,216.0,216.0,174.0,199.5,0.015299474218591857,3,1
random,400,34,283,78.0,75.0,95.0,96.0,80.0,80.0,101.0,199.5,0.015299474218591857,3,1
random,400,34,284,47.0,81.0,41.0,40.0,71.0,71.0,51.0,199.5,0.015299474218591857,3,1
random,400,34,285,168.0,154.0,201.0,199.0,164.0,164.0,205.0,199.5,0.015299474218591857,3,1
random,400,34,286,78.0,112.0,75.0,72.0,108.0,108.0,90.0,199.5,0.015299474218591857,3,1
random,400,34,287,271.0,299.0,337.0,348.0,298.0,298.0,314.0,199.5,0.015299474218591857,3,1
random,400,34,288,168.0,164.0,100.0,105.0,171.0,171.0,171.0,199.5,0.015299474218591857,3,1
random,400,34,289,271.0,294.0,265.0,264.0,297.0,297.0,280.0,199.5,0.015299474218591857,3,1
random,400,34,290,112.0,185.0,144.0,149.0,179.0,179.0,125.0,199.5,0.015299474218591857,3,1
random,400,34,291,320.0,347.0,352.0,351.0,349.0,349.0,345.0,199.5,0.015299474218591857,3,1
random,400,34,292,385.0,382.0,384.0,383.0,382.0,382.0,393.0,199.5,0.015299474218591857,3,1
random,400,34,293,26.0,45.0,36.0,36.0,44.0,44.0,35.0,199.5,0.015299474218591857,3,1
random,400,34,294,271.0,308.0,347.0,341.0,309.0,309.0,301.0,199.5,0.015299474218591857,3,1
random,400,34,295,47.0,54.0,77.0,81.0,50.0,50.0,70.0,199.5,0.015299474218591857,3,1
random,400,34,296,320.0,367.0,351.0,344.0,367.0,367.0,331.0,199.5,0.015299474218591857,3,1
random,400,34,297,112.0,218.0,204.0,203.0,202.0,202.0,138.0,199.5,0.015299474218591857,3,1
random,400,34,298,385.0,393.0,386.0,386.0,392.0,392.0,389.0,199.5,0.015299474218591857,3,1
random,400,34,299,78.0,125.0,154.0,151.0,123.0,123.0,107.0,199.5,0.015299474218591857,3,1
random,400,34,300,271.0,254.0,271.0,272.0,268.0,268.0,284.0,199.5,0.015299474218591857,3,1
random,400,34,301,112.0,108.0,125.0,125.0,115.0,115.0,133.0,199.5,0.015299474218591857,3,1
random,400,34,302,78.0,108.0,114.0,114.0,107.0,107.0,92.0,199.5,0.015299474218591857,3,1
random,400,34,303,168.0,147.0,245.0,247.0,156.0,156.0,220.0,199.5,0.015299474218591857,3,1
random,400,34,304,47.0,43.0,89.0,92.0,46.0,46.0,77.0,199.5,0.015299474218591857,3,1
random,400,34,305,320.0,297.0,367.0,368.0,306.0,306.0,364.0,199.5,0.015299474218591857,3,1
random,400,34,306,26.0,45.0,32.0,32.0,38.0,38.0,33.0,199.5,0.015299474218591857,3,1
random,400,34,307,112.0,100.0,152.0,153.0,102.0,102.0,156.0,199.5,0.015299474218591857,3,1
random,400,34,308,47.0,68.0,70.0,71.0,65.0,65.0,72.0,199.5,0.015299474218591857,3,1
random,400,34,309,221.0,259.0,227.0,226.0,258.0,258.0,232.0,199.5,0.015299474218591857,3,1
random,400,34,310,112.0,141.0,102.0,103.0,143.0,143.0,118.0,199.5,0.015299474218591857,3,1
random,400,34,311,47.0,58.0,69.0,68.0,57.0,57.0,61.0,199.5,0.015299474218591857,3,1
random,400,34,312,221.0,282.0,236.0,237.0,277.0,277.0,237.0,199.5,0.015299474218591857,3,1
random,400,34,313,320.0,355.0,338.0,339.0,355.0,355.0,332.0,199.5,0.015299474218591857,3,1
random,400,34,314,221.0,234.0,226.0,229.0,233.0,233.0,245.0,199.5,0.015299474218591857,3,1
random,400,34,315,112.0,106.0,163.0,163.0,103.0,103.0,163.0,199.5,0.015299474218591857,3,1
random,400,34,316,26.0,31.0,42.0,41.0,30.0,30.0,41.0,199.5,0.015299474218591857,3,1
random,400,34,317,320.0,349.0,308.0,306.0,353.0,353.0,325.0,199.5,0.015299474218591857,3,1
random,400,34,318,221.0,165.0,268.0,265.0,183.0,183.0,267.0,199.5,0.015299474218591857,3,1
random,400,34,319,78.0,38.0,107.0,110.0,56.0,56.0,111.0,199.5,0.015299474218591857,3,1
random,400,34,320,26.0,27.0,23.0,22.0,28.0,28.0,36.0,199.5,0.015299474218591857,3,1
random,400,34,321,14.0,37.0,20.0,20.0,33.0,33.0,15.0,199.5,0.015299474218591857,3,1
random,400,34,322,168.0,284.0,241.0,241.0,276.0,276.0,183.0,199.5,0.015299474218591857,3,1
random,400,34,323,221.0,239.0,228.0,230.0,237.0,237.0,246.0,199.5,0.015299474218591857,3,1
random,400,34,324,385.0,395.0,396.0,396.0,395.0,395.0,386.0,199.5,0.015299474218591857,3,1
random,400,34,325,271.0,299.0,305.0,310.0,295.0,295.0,308.0,199.5,0.015299474218591857,3,1
random,400,34,326,221.0,211.0,262.0,258.0,225.0,225.0,249.0,199.5,0.015299474218591857,3,1
random,400,34,327,221.0,218.0,274.0,274.0,221.0,221.0,263.0,199.5,0.015299474218591857,3,1
random,400,34,328,47.0,79.0,63.0,65.0,72.0,72.0,53.0,199.5,0.015299474218591857,3,1
random,400,34,329,221.0,261.0,258.0,260.0,263.0,263.0,238.0,199.5,0.015299474218591857,3,1
random,400,34,330,320.0,265.0,320.0,319.0,278.0,278.0,362.0,199.5,0.015299474218591857,3,1
random,400,34,331,221.0,231.0,267.0,267.0,245.0,245.0,259.0,199.5,0.015299474218591857,3,1
random,400,34,332,271.0,288.0,307.0,309.0,288.0,288.0,297.0,199.5,0.015299474218591857,3,1
random,400,34,333,78.0,178.0,86.0,89.0,173.0,173.0,78.0,199.5,0.015299474218591857,3,1
random,400,34,334,366.0,354.0,372.0,373.0,354.0,354.0,381.0,199.5,0.015299474218591857,3,1
random,400,34,335,320.0,375.0,339.0,336.0,374.0,374.0,321.0,199.5,0.015299474218591857,3,1
random,400,34,336,320.0,351.0,317.0,312.0,351.0,351.0,337.0,199.5,0.015299474218591857,3,1
random,400,34,337,112.0,169.0,176.0,176.0,161.0,161.0,148.0,199.5,0.015299474218591857,3,1
random,400,34,338,112.0,131.0,147.0,142.0,136.0,136.0,132.0,199.5,0.015299474218591857,3,1
random,400,34,339,47.0,35.0,33.0,33.0,35.0,35.0,60.0,199.5,0.015299474218591857,3,1
random,400,34,340,320.0,386.0,357.0,356.0,385.0,385.0,320.0,199.5,0.015299474218591857,3,1
random,400,34,341,8.0,22.0,15.0,15.0,18.0,18.0,10.0,199.5,0.015299474218591857,3,1
random,400,34,342,221.0,236.0,263.0,266.0,240.0,240.0,253.0,199.5,0.015299474218591857,3,1
random,400,34,343,221.0,304.0,221.0,219.0,296.0,296.0,225.0,199.5,0.015299474218591857,3,1
random,400,34,344,320.0,329.0,321.0,322.0,334.0,334.0,341.0,199.5,0.015299474218591857,3,1
random,400,34,345,1.0,1.0,1.0,1.0,1.0,1.0,1.0,199.5,0.015299474218591857,3,1
random,400,34,346,396.0,391.0,399.0,399.0,393.0,393.0,399.0,199.5,0.015299474218591857,3,1
random,400,34,347,168.0,188.0,162.0,162.0,188.0,188.0,176.0,199.5,0.015299474218591857,3,1
random,400,34,348,112.0,162.0,128.0,126.0,154.0,154.0,128.0,199.5,0.015299474218591857,3,1
random,400,34,349,320.0,371.0,354.0,353.0,372.0,372.0,322.0,199.5,0.015299474218591857,3,1
random,400,34,350,78.0,191.0,109.0,102.0,181.0,181.0,83.0,199.5,0.015299474218591857,3,1
random,400,34,351,168.0,175.0,189.0,185.0,182.0,182.0,190.0,199.5,0.015299474218591857,3,1
random,400,34,352,221.0,327.0,195.0,189.0,319.0,319.0,221.0,199.5,0.015299474218591857,3,1
random,400,34,353,78.0,74.0,92.0,94.0,72.0,72.0,108.0,199.5,0.015299474218591857,3,1
random,400,34,354,112.0,234.0,159.0,161.0,212.0,212.0,119.0,199.5,0.015299474218591857,3,1
random,400,34,355,168.0,236.0,197.0,196.0,229.0,229.0,182.0,199.5,0.015299474218591857,3,1
random,400,34,356,8.0,6.0,4.0,4.0,6.0,6.0,8.0,199.5,0.015299474218591857,3,1
random,400,34,357,271.0,270.0,276.0,280.0,274.0,274.0,295.0,199.5,0.015299474218591857,3,1
random,400,34,358,396.0,397.0,395.0,395.0,397.0,397.0,398.0,199.5,0.015299474218591857,3,1
random,400,34,359,78.0,75.0,94.0,88.0,74.0,74.0,105.0,199.5,0.015299474218591857,3,1
random,400,34,360,271.0,356.0,300.0,300.0,347.0,347.0,274.0,199.5,0.015299474218591857,3,1
random,400,34,361,14.0,15.0,14.0,12.0,17.0,17.0,21.0,199.5,0.015299474218591857,3,1
random,400,34,362,271.0,257.0,328.0,332.0,258.0,258.0,318.0,199.5,0.015299474218591857,3,1
random,400,34,363,221.0,377.0,231.0,223.0,371.0,371.0,194.0,199.5,0.015299474218591857,3,1
random,400,34,364,112.0,225.0,85.0,77.0,212.0,212.0,98.0,199.5,0.015299474218591857,3,1
random,400,34,365,271.0,254.0,301.0,301.0,265.0,265.0,315.0,199.5,0.015299474218591857,3,1
random,400,34,366,271.0,279.0,303.0,302.0,285.0,285.0,302.0,199.5,0.015299474218591857,3,1
random,400,34,367,112.0,221.0,156.0,159.0,201.0,201.0,116.0,199.5,0.015299474218591857,3,1
random,400,34,368,26.0,91.0,25.0,23.0,81.0,81.0,28.0,199.5,0.015299474218591857,3,1
random,400,34,369,78.0,158.0,88.0,90.0,142.0,142.0,86.0,199.5,0.015299474218591857,3,1
random,400,34,370,271.0,310.0,302.0,297.0,308.0,308.0,290.0,199.5,0.015299474218591857,3,1
random,400,34,371,221.0,287.0,239.0,236.0,287.0,287.0,228.0,199.5,0.015299474218591857,3,1
random,400,34,372,168.0,174.0,220.0,215.0,180.0,180.0,213.0,199.5,0.015299474218591857,3,1
random,400,34,373,78.0,33.0,90.0,91.0,36.0,36.0,113.0,199.5,0.015299474218591857,3,1
random,400,34,374,271.0,194.0,278.0,275.0,225.0,225.0,309.0,199.5,0.015299474218591857,3,1
random,400,34,375,168.0,215.0,187.0,188.0,205.0,205.0,201.0,199.5,0.015299474218591857,3,1
random,400,34,376,168.0,246.0,224.0,225.0,241.0,241.0,184.0,199.5,0.015299474218591857,3,1
random,400,34,377,271.0,319.0,295.0,289.0,314.0,314.0,281.0,199.5,0.015299474218591857,3,1
random,400,34,378,78.0,191.0,60.0,56.0,175.0,175.0,82.0,199.5,0.015299474218591857,3,1
random,400,34,379,112.0,112.0,186.0,187.0,121.0,121.0,160.0,199.5,0.015299474218591857,3,1
random,400,34,380,168.0,162.0,191.0,193.0,172.0,172.0,203.0,199.5,0.015299474218591857,3,1
random,400,34,381,400.0,400.0,400.0,400.0,400.0,400.0,400.0,199.5,0.015299474218591857,3,1
random,400,34,382,168.0,156.0,198.0,197.0,164.0,164.0,208.0,199.5,0.015299474218591857,3,1
random,400,34,383,14.0,9.0,19.0,24.0,8.0,8.0,24.0,199.5,0.015299474218591857,3,1
random,400,34,384,47.0,47.0,52.0,54.0,48.0,48.0,62.0,199.5,0.015299474218591857,3,1
random,400,34,385,78.0,124.0,81.0,84.0,118.0,118.0,88.0,199.5,0.015299474218591857,3,1
random,400,34,386,26.0,55.0,49.0,50.0,47.0,47.0,34.0,199.5,0.015299474218591857,3,1
random,400,34,387,271.0,243.0,287.0,284.0,249.0,249.0,306.0,199.5,0.015299474218591857,3,1
random,400,34,388,366.0,317.0,379.0,380.0,325.0,325.0,384.0,199.5,0.015299474218591857,3,1
random,400,34,389,112.0,95.0,122.0,127.0,100.0,100.0,141.0,199.5,0.015299474218591857,3,1
random,400,34,390,168.0,249.0,203.0,202.0,241.0,241.0,180.0,199.5,0.015299474218591857,3,1
random,400,34,391,221.0,191.0,208.0,208.0,192.0,192.0,262.0,199.5,0.015299474218591857,3,1
random,400,34,392,47.0,91.0,58.0,60.0,86.0,86.0,57.0,199.5,0.015299474218591857,3,1
random,400,34,393,271.0,244.0,292.0,295.0,250.0,250.0,316.0,199.5,0.015299474218591857,3,1
random,400,34,394,385.0,396.0,392.0,392.0,396.0,396.0,385.0,199.5,0.015299474218591857,3,1
random,400,34,395,366.0,349.0,376.0,377.0,352.0,352.0,382.0,199.5,0.015299474218591857,3,1
random,400,34,396,112.0,130.0,150.0,150.0,129.0,129.0,144.0,199.5,0.015299474218591857,3,1
random,400,34,397,385.0,388.0,390.0,391.0,388.0,388.0,391.0,199.5,0.015299474218591857,3,1
random,400,34,398,26.0,91.0,24.0,25.0,76.0,76.0,26.0,199.5,0.015299474218591857,3,1
random,400,34,399,271.0,331.0,324.0,323.0,328.0,328.0,294.0,199.5,0.015299474218591857,3,1
