random,400,39,0,356.0,383.0,372.0,369.0,382.0,382.0,360.0,199.5,0.019755626318126305,4,2
random,400,39,1,213.0,210.0,235.0,234.0,218.0,218.0,250.0,199.5,0.019755626318126305,4,2
random,400,39,2,213.0,238.0,268.0,267.0,240.0,240.0,259.0,199.5,0.019755626318126305,4,2
random,400,39,3,2.0,3.0,1.0,1.0,3.0,3.0,2.0,199.5,0.019755626318126305,4,2
random,400,39,4,18.0,21.0,28.0,30.0,20.0,20.0,24.0,199.5,0.019755626318126305,4,2
random,400,39,5,213.0,268.0,195.0,192.0,267.0,267.0,221.0,199.5,0.019755626318126305,4,2
random,400,39,6,280.0,156.0,303.0,305.0,180.0,180.0,329.0,199.5,0.019755626318126305,4,2
random,400,39,7,151.0,144.0,180.0,176.0,143.0,143.0,198.0,199.5,0.019755626318126305,4,2
random,400,39,8,280.0,254.0,338.0,345.0,260.0,260.0,330.0,199.5,0.019755626318126305,4,2
random,400,39,9,280.0,340.0,285.0,276.0,339.0,339.0,285.0,199.5,0.019755626318126305,4,2
random,400,39,10,151.0,210.0,158.0,166.0,196.0,196.0,176.0,199.5,0.019755626318126305,4,2
random,400,39,11,81.0,116.0,59.0,56.0,119.0,119.0,84.0,199.5,0.019755626318126305,4,2
random,400,39,12,151.0,149.0,184.0,188.0,151.0,151.0,205.0,199.5,0.019755626318126305,4,2
random,400,39,13,151.0,192.0,170.0,170.0,199.0,199.0,170.0,199.5,0.019755626318126305,4,2
random,400,39,14,213.0,319.0,264.0,259.0,312.0,312.0,218.0,199.5,0.019755626318126305,4,2
random,400,39,15,115.0,76.0,117.0,123.0,86.0,86.0,146.0,199.5,0.019755626318126305,4,2
random,400,39,16,356.0,374.0,376.0,377.0,372.0,372.0,366.0,199.5,0.019755626318126305,4,2
random,400,39,17,331.0,311.0,353.0,351.0,320.0,320.0,352.0,199.5,0.019755626318126305,4,2
random,400,39,18,18.0,25.0,31.0,33.0,25.0,25.0,22.0,199.5,0.019755626318126305,4,2
random,400,39,19,50.0,122.0,86.0,84.0,110.0,110.0,66.0,199.5,0.019755626318126305,4,2
random,400,39,20,50.0,108.0,55.0,51.0,101.0,101.0,52.0,199.5,0.019755626318126305,4,2
random,400,39,21,280.0,209.0,292.0,295.0,226.0,226.0,309.0,199.5,0.019755626318126305,4,2
random,400,39,22,280.0,302.0,309.0,306.0,305.0,305.0,314.0,199.5,0.019755626318126305,4,2
random,400,39,23,280.0,232.0,269.0,273.0,239.0,239.0,304.0,199.5,0.019755626318126305,4,2
random,400,39,24,26.0,19.0,72.0,78.0,23.0,23.0,51.0,199.5,0.019755626318126305,4,2
random,400,39,25,50.0,67.0,35.0,35.0,67.0,67.0,54.0,199.5,0.019755626318126305,4,2
random,400,39,26,81.0,76.0,108.0,112.0,75.0,75.0,111.0,199.5,0.019755626318126305,4,2
random,400,39,27,381.0,393.0,373.0,365.0,393.0,393.0,382.0,199.5,0.019755626318126305,4,2
random,400,39,28,115.0,57.0,120.0,126.0,64.0,64.0,151.0,199.5,0.019755626318126305,4,2
random,400,39,29,151.0,152.0,194.0,194.0,155.0,155.0,207.0,199.5,0.019755626318126305,4,2
random,400,39,30,81.0,117.0,151.0,156.0,114.0,114.0,106.0,199.5,0.019755626318126305,4,2
random,400,39,31,280.0,302.0,290.0,290.0,303.0,303.0,298.0,199.5,0.019755626318126305,4,2
random,400,39,32,213.0,248.0,251.0,244.0,250.0,250.0,241.0,199.5,0.019755626318126305,4,2
random,400,39,33,213.0,228.0,200.0,193.0,235.0,235.0,227.0,199.5,0.019755626318126305,4,2
random,400,39,34,356.0,349.0,378.0,380.0,353.0,353.0,375.0,199.5,0.019755626318126305,4,2
random,400,39,35,81.0,41.0,82.0,83.0,44.0,44.0,107.0,199.5,0.019755626318126305,4,2
random,400,39,36,115.0,109.0,176.0,175.0,114.0,114.0,148.0,199.5,0.019755626318126305,4,2
random,400,39,37,115.0,84.0,149.0,153.0,93.0,93.0,150.0,199.5,0.019755626318126305,4,2
random,400,39,38,115.0,141.0,124.0,121.0,136.0,136.0,132.0,199.5,0.019755626318126305,4,2
random,400,39,39,213.0,248.0,272.0,270.0,255.0,255.0,249.0,199.5,0.019755626318126305,4,2
random,400,39,40,280.0,297.0,282.0,277.0,298.0,298.0,287.0,199.5,0.019755626318126305,4,2
random,400,39,41,26.0,46.0,33.0,32.0,40.0,40.0,29.0,199.5,0.019755626318126305,4,2
random,400,39,42,213.0,292.0,289.0,287.0,285.0,285.0,267.0,199.5,0.019755626318126305,4,2
random,400,39,43,213.0,175.0,253.0,264.0,182.0,182.0,272.0,199.5,0.019755626318126305,4,2
random,400,39,44,81.0,53.0,128.0,130.0,58.0,58.0,112.0,199.5,0.019755626318126305,4,2
random,400,39,45,331.0,361.0,339.0,336.0,361.0,361.0,336.0,199.5,0.019755626318126305,4,2
random,400,39,46,50.0,92.0,61.0,60.0,83.0,83.0,67.0,199.5,0.019755626318126305,4,2
random,400,39,47,356.0,367.0,379.0,378.0,369.0,369.0,370.0,199.5,0.019755626318126305,4,2
random,400,39,48,81.0,107.0,76.0,72.0,111.0,111.0,82.0,199.5,0.019755626318126305,4,2
random,400,39,49,280.0,283.0,313.0,313.0,293.0,293.0,317.0,199.5,0.019755626318126305,4,2
random,400,39,50,50.0,101.0,65.0,68.0,98.0,98.0,58.0,199.5,0.019755626318126305,4,2
random,400,39,51,7.0,5.0,11.0,11.0,6.0,6.0,12.0,199.5,0.019755626318126305,4,2
random,400,39,52,151.0,133.0,140.0,142.0,139.0,139.0,174.0,199.5,0.019755626318126305,4,2
random,400,39,53,331.0,367.0,335.0,332.0,364.0,364.0,334.0,199.5,0.019755626318126305,4,2
random,400,39,54,331.0,357.0,342.0,342.0,356.0,356.0,335.0,199.5,0.019755626318126305,4,2
random,400,39,55,26.0,36.0,45.0,46.0,35.0,35.0,42.0,199.5,0.019755626318126305,4,2
random,400,39,56,151.0,170.0,199.0,199.0,176.0,176.0,181.0,199.5,0.019755626318126305,4,2
random,400,39,57,213.0,181.0,271.0,271.0,202.0,202.0,274.0,199.5,0.019755626318126305,4,2
random,400,39,58,213.0,248.0,244.0,247.0,247.0,247.0,238.0,199.5,0.019755626318126305,4,2
random,400,39,59,81.0,69.0,85.0,85.0,77.0,77.0,92.0,199.5,0.019755626318126305,4,2
random,400,39,60,81.0,175.0,114.0,111.0,164.0,164.0,86.0,199.5,0.019755626318126305,4,2
random,400,39,61,115.0,189.0,96.0,92.0,175.0,175.0,118.0,199.5,0.019755626318126305,4,2
random,400,39,62,391.0,397.0,396.0,396.0,397.0,397.0,394.0,199.5,0.019755626318126305,4,2
random,400,39,63,115.0,73.0,139.0,134.0,88.0,88.0,149.0,199.5,0.019755626318126305,4,2
random,400,39,64,151.0,159.0,179.0,179.0,159.0,159.0,194.0,199.5,0.019755626318126305,4,2
random,400,39,65,213.0,258.0,245.0,243.0,257.0,257.0,240.0,199.5,0.019755626318126305,4,2
random,400,39,66,18.0,28.0,24.0,24.0,26.0,26.0,20.0,199.5,0.019755626318126305,4,2
random,400,39,67,13.0,8.0,17.0,19.0,8.0,8.0,17.0,199.5,0.019755626318126305,4,2
random,400,39,68,331.0,323.0,321.0,320.0,325.0,325.0,344.0,199.5,0.019755626318126305,4,2
random,400,39,69,151.0,272.0,223.0,223.0,263.0,263.0,171.0,199.5,0.019755626318126305,4,2
random,400,39,70,213.0,219.0,230.0,233.0,223.0,223.0,253.0,199.5,0.019755626318126305,4,2
random,400,39,71,356.0,369.0,359.0,358.0,368.0,368.0,362.0,199.5,0.019755626318126305,4,2
random,400,39,72,151.0,208.0,156.0,154.0,207.0,207.0,163.0,199.5,0.019755626318126305,4,2
random,400,39,73,151.0,244.0,206.0,203.0,230.0,230.0,179.0,199.5,0.019755626318126305,4,2
random,400,39,74,50.0,120.0,70.0,71.0,114.0,114.0,55.0,199.5,0.019755626318126305,4,2
random,400,39,75,213.0,288.0,216.0,215.0,288.0,288.0,219.0,199.5,0.019755626318126305,4,2
random,400,39,76,50.0,20.0,40.0,41.0,29.0,29.0,64.0,199.5,0.019755626318126305,4,2
random,400,39,77,18.0,63.0,23.0,18.0,54.0,54.0,18.0,199.5,0.019755626318126305,4,2
random,400,39,78,81.0,49.0,113.0,117.0,57.0,57.0,113.0,199.5,0.019755626318126305,4,2
random,400,39,79,331.0,346.0,352.0,353.0,342.0,342.0,349.0,199.5,0.019755626318126305,4,2
random,400,39,80,280.0,283.0,299.0,299.0,290.0,290.0,308.0,199.5,0.019755626318126305,4,2
random,400,39,81,213.0,134.0,259.0,262.0,145.0,145.0,278.0,199.5,0.019755626318126305,4,2
random,400,39,82,151.0,170.0,165.0,162.0,169.0,169.0,173.0,199.5,0.019755626318126305,4,2
random,400,39,83,151.0,298.0,136.0,133.0,294.0,294.0,143.0,199.5,0.019755626318126305,4,2
random,400,39,84,115.0,236.0,177.0,181.0,225.0,225.0,122.0,199.5,0.019755626318126305,4,2
random,400,39,85,381.0,359.0,375.0,371.0,365.0,365.0,385.0,199.5,0.019755626318126305,4,2
random,400,39,86,331.0,351.0,346.0,346.0,350.0,350.0,340.0,199.5,0.019755626318126305,4,2
random,400,39,87,280.0,228.0,320.0,319.0,244.0,244.0,324.0,199.5,0.019755626318126305,4,2
random,400,39,88,213.0,201.0,291.0,294.0,204.0,204.0,276.0,199.5,0.019755626318126305,4,2
random,400,39,89,280.0,298.0,306.0,309.0,296.0,296.0,311.0,199.5,0.019755626318126305,4,2
random,400,39,90,50.0,92.0,95.0,99.0,82.0,82.0,77.0,199.5,0.019755626318126305,4,2
random,400,39,91,381.0,382.0,383.0,383.0,381.0,381.0,386.0,199.5,0.019755626318126305,4,2
random,400,39,92,381.0,371.0,388.0,389.0,374.0,374.0,388.0,199.5,0.019755626318126305,4,2
random,400,39,93,115.0,225.0,171.0,172.0,214.0,214.0,125.0,199.5,0.019755626318126305,4,2
random,400,39,94,50.0,41.0,52.0,48.0,47.0,47.0,65.0,199.5,0.019755626318126305,4,2
random,400,39,95,399.0,398.0,399.0,399.0,398.0,398.0,399.0,199.5,0.019755626318126305,4,2
random,400,39,96,50.0,73.0,77.0,76.0,72.0,72.0,72.0,199.5,0.019755626318126305,4,2
random,400,39,97,115.0,206.0,182.0,190.0,186.0,186.0,133.0,199.5,0.019755626318126305,4,2
random,400,39,98,213.0,170.0,226.0,231.0,189.0,189.0,251.0,199.5,0.019755626318126305,4,2
random,400,39,99,115.0,98.0,142.0,140.0,104.0,104.0,141.0,199.5,0.019755626318126305,4,2
random,400,39,100,151.0,294.0,122.0,115.0,291.0,291.0,128.0,199.5,0.019755626318126305,4,2
random,400,39,101,4.0,4.0,6.0,6.0,4.0,4.0,5.0,199.5,0.019755626318126305,4,2
random,400,39,102,213.0,254.0,250.0,253.0,252.0,252.0,262.0,199.5,0.019755626318126305,4,2
random,400,39,103,26.0,99.0,44.0,43.0,94.0,94.0,26.0,199.5,0.019755626318126305,4,2
random,400,39,104,356.0,331.0,380.0,381.0,334.0,334.0,380.0,199.5,0.019755626318126305,4,2
random,400,39,105,356.0,386.0,369.0,368.0,386.0,386.0,358.0,199.5,0.019755626318126305,4,2
random,400,39,106,213.0,265.0,270.0,265.0,264.0,264.0,233.0,199.5,0.019755626318126305,4,2
random,400,39,107,280.0,363.0,297.0,292.0,360.0,360.0,282.0,199.5,0.019755626318126305,4,2
random,400,39,108,213.0,244.0,265.0,261.0,248.0,248.0,239.0,199.5,0.019755626318126305,4,2
random,400,39,109,213.0,265.0,225.0,230.0,268.0,268.0,223.0,199.5,0.019755626318126305,4,2
random,400,39,110,213.0,268.0,276.0,280.0,270.0,270.0,258.0,199.5,0.019755626318126305,4,2
random,400,39,111,381.0,346.0,386.0,388.0,351.0,351.0,390.0,199.5,0.019755626318126305,4,2
random,400,39,112,81.0,76.0,123.0,122.0,79.0,79.0,108.0,199.5,0.019755626318126305,4,2
random,400,39,113,356.0,339.0,368.0,370.0,344.0,344.0,377.0,199.5,0.019755626318126305,4,2
random,400,39,114,151.0,192.0,173.0,173.0,188.0,188.0,178.0,199.5,0.019755626318126305,4,2
random,400,39,115,356.0,381.0,356.0,357.0,379.0,379.0,359.0,199.5,0.019755626318126305,4,2
random,400,39,116,115.0,219.0,118.0,116.0,212.0,212.0,119.0,199.5,0.019755626318126305,4,2
random,400,39,117,115.0,150.0,129.0,129.0,147.0,147.0,130.0,199.5,0.019755626318126305,4,2
random,400,39,118,151.0,189.0,239.0,242.0,190.0,190.0,202.0,199.5,0.019755626318126305,4,2
random,400,39,119,213.0,204.0,161.0,155.0,205.0,205.0,222.0,199.5,0.019755626318126305,4,2
random,400,39,120,381.0,379.0,390.0,390.0,380.0,380.0,389.0,199.5,0.019755626318126305,4,2
random,400,39,121,381.0,380.0,391.0,391.0,383.0,383.0,384.0,199.5,0.019755626318126305,4,2
random,400,39,122,151.0,272.0,162.0,152.0,261.0,261.0,153.0,199.5,0.019755626318126305,4,2
random,400,39,123,213.0,331.0,220.0,213.0,330.0,330.0,213.0,199.5,0.019755626318126305,4,2
random,400,39,124,115.0,65.0,99.0,101.0,77.0,77.0,127.0,199.5,0.019755626318126305,4,2
random,400,39,125,391.0,394.0,397.0,398.0,394.0,394.0,395.0,199.5,0.019755626318126305,4,2
random,400,39,126,213.0,276.0,278.0,272.0,275.0,275.0,256.0,199.5,0.019755626318126305,4,2
random,400,39,127,4.0,22.0,5.0,5.0,17.0,17.0,4.0,199.5,0.019755626318126305,4,2
random,400,39,128,213.0,251.0,257.0,252.0,250.0,250.0,228.0,199.5,0.019755626318126305,4,2
random,400,39,129,26.0,51.0,68.0,64.0,49.0,49.0,40.0,199.5,0.019755626318126305,4,2
random,400,39,130,115.0,128.0,101.0,102.0,130.0,130.0,120.0,199.5,0.019755626318126305,4,2
random,400,39,131,151.0,206.0,181.0,180.0,193.0,193.0,184.0,199.5,0.019755626318126305,4,2
random,400,39,132,213.0,302.0,211.0,206.0,302.0,302.0,214.0,199.5,0.019755626318126305,4,2
random,400,39,133,151.0,216.0,159.0,160.0,215.0,215.0,161.0,199.5,0.019755626318126305,4,2
random,400,39,134,151.0,109.0,174.0,177.0,124.0,124.0,201.0,199.5,0.019755626318126305,4,2
random,400,39,135,213.0,175.0,219.0,216.0,200.0,200.0,255.0,199.5,0.019755626318126305,4,2
random,400,39,136,213.0,288.0,254.0,250.0,279.0,279.0,236.0,199.5,0.019755626318126305,4,2
random,400,39,137,280.0,272.0,298.0,298.0,284.0,284.0,312.0,199.5,0.019755626318126305,4,2
random,400,39,138,81.0,88.0,88.0,91.0,97.0,97.0,93.0,199.5,0.019755626318126305,4,2
random,400,39,139,26.0,54.0,42.0,44.0,46.0,46.0,32.0,199.5,0.019755626318126305,4,2
random,400,39,140,213.0,134.0,193.0,197.0,150.0,150.0,260.0,199.5,0.019755626318126305,4,2
random,400,39,141,81.0,126.0,116.0,119.0,121.0,121.0,99.0,199.5,0.019755626318126305,4,2
random,400,39,142,50.0,120.0,79.0,79.0,109.0,109.0,60.0,199.5,0.019755626318126305,4,2
random,400,39,143,213.0,156.0,237.0,239.0,171.0,171.0,265.0,199.5,0.019755626318126305,4,2
random,400,39,144,213.0,204.0,277.0,279.0,211.0,211.0,277.0,199.5,0.019755626318126305,4,2
random,400,39,145,213.0,128.0,238.0,240.0,141.0,141.0,279.0,199.5,0.019755626318126305,4,2
random,400,39,146,7.0,24.0,8.0,9.0,19.0,19.0,8.0,199.5,0.019755626318126305,4,2
random,400,39,147,18.0,10.0,27.0,28.0,12.0,12.0,25.0,199.5,0.019755626318126305,4,2
random,400,39,148,213.0,262.0,243.0,237.0,261.0,261.0,234.0,199.5,0.019755626318126305,4,2
random,400,39,149,356.0,344.0,370.0,374.0,348.0,348.0,373.0,199.5,0.019755626318126305,4,2
random,400,39,150,81.0,137.0,147.0,149.0,134.0,134.0,101.0,199.5,0.019755626318126305,4,2
random,400,39,151,151.0,155.0,197.0,207.0,157.0,157.0,200.0,199.5,0.019755626318126305,4,2
random,400,39,152,356.0,356.0,374.0,372.0,359.0,359.0,371.0,199.5,0.019755626318126305,4,2
random,400,39,153,331.0,334.0,329.0,329.0,333.0,333.0,341.0,199.5,0.019755626318126305,4,2
random,400,39,154,81.0,54.0,106.0,107.0,62.0,62.0,109.0,199.5,0.019755626318126305,4,2
random,400,39,155,331.0,336.0,334.0,331.0,336.0,336.0,345.0,199.5,0.019755626318126305,4,2
random,400,39,156,331.0,337.0,336.0,338.0,335.0,335.0,337.0,199.5,0.019755626318126305,4,2
random,400,39,157,280.0,264.0,236.0,235.0,271.0,271.0,297.0,199.5,0.019755626318126305,4,2
random,400,39,158,213.0,276.0,232.0,232.0,283.0,283.0,224.0,199.5,0.019755626318126305,4,2
random,400,39,159,151.0,192.0,188.0,186.0,183.0,183.0,183.0,199.5,0.019755626318126305,4,2
random,400,39,160,356.0,366.0,363.0,364.0,366.0,366.0,372.0,199.5,0.019755626318126305,4,2
random,400,39,161,280.0,326.0,304.0,300.0,324.0,324.0,290.0,199.5,0.019755626318126305,4,2
random,400,39,162,331.0,364.0,341.0,335.0,363.0,363.0,332.0,199.5,0.019755626318126305,4,2
random,400,39,163,400.0,400.0,399.0,399.0,400.0,400.0,400.0,199.5,0.019755626318126305,4,2
random,400,39,164,115.0,137.0,134.0,137.0,133.0,133.0,137.0,199.5,0.019755626318126305,4,2
random,400,39,165,81.0,96.0,89.0,93.0,92.0,92.0,94.0,199.5,0.019755626318126305,4,2
random,400,39,166,280.0,312.0,322.0,323.0,314.0,314.0,302.0,199.5,0.019755626318126305,4,2
random,400,39,167,115.0,101.0,135.0,135.0,105.0,105.0,144.0,199.5,0.019755626318126305,4,2
random,400,39,168,151.0,141.0,205.0,221.0,145.0,145.0,209.0,199.5,0.019755626318126305,4,2
random,400,39,169,280.0,300.0,316.0,315.0,300.0,300.0,318.0,199.5,0.019755626318126305,4,2
random,400,39,170,280.0,214.0,302.0,304.0,227.0,227.0,325.0,199.5,0.019755626318126305,4,2
random,400,39,171,213.0,175.0,212.0,222.0,194.0,194.0,244.0,199.5,0.019755626318126305,4,2
random,400,39,172,213.0,283.0,234.0,236.0,280.0,280.0,226.0,199.5,0.019755626318126305,4,2
random,400,39,173,213.0,280.0,246.0,245.0,273.0,273.0,246.0,199.5,0.019755626318126305,4,2
random,400,39,174,280.0,305.0,311.0,307.0,305.0,305.0,300.0,199.5,0.019755626318126305,4,2
random,400,39,175,151.0,150.0,169.0,169.0,154.0,154.0,182.0,199.5,0.019755626318126305,4,2
random,400,39,176,26.0,36.0,43.0,42.0,41.0,41.0,36.0,199.5,0.019755626318126305,4,2
random,400,39,177,280.0,308.0,267.0,266.0,304.0,304.0,291.0,199.5,0.019755626318126305,4,2
random,400,39,178,151.0,175.0,214.0,212.0,172.0,172.0,193.0,199.5,0.019755626318126305,4,2
random,400,39,179,280.0,359.0,324.0,321.0,357.0,357.0,284.0,199.5,0.019755626318126305,4,2
random,400,39,180,81.0,109.0,103.0,105.0,108.0,108.0,91.0,199.5,0.019755626318126305,4,2
random,400,39,181,151.0,192.0,166.0,163.0,183.0,183.0,175.0,199.5,0.019755626318126305,4,2
random,400,39,182,115.0,46.0,132.0,132.0,61.0,61.0,145.0,199.5,0.019755626318126305,4,2
random,400,39,183,213.0,254.0,248.0,249.0,256.0,256.0,229.0,199.5,0.019755626318126305,4,2
random,400,39,184,280.0,307.0,312.0,314.0,310.0,310.0,307.0,199.5,0.019755626318126305,4,2
random,400,39,185,50.0,34.0,80.0,87.0,38.0,38.0,79.0,199.5,0.019755626318126305,4,2
random,400,39,186,356.0,373.0,365.0,373.0,372.0,373.0,365.0,199.5,0.019755626318126305,4,2
random,400,39,187,356.0,376.0,377.0,376.0,376.0,376.0,363.0,199.5,0.019755626318126305,4,2
random,400,39,188,50.0,57.0,49.0,53.0,55.0,55.0,74.0,199.5,0.019755626318126305,4,2
random,400,39,189,356.0,348.0,362.0,362.0,346.0,346.0,376.0,199.5,0.019755626318126305,4,2
random,400,39,190,331.0,335.0,328.0,328.0,338.0,338.0,339.0,199.5,0.019755626318126305,4,2
random,400,39,191,81.0,141.0,119.0,118.0,129.0,129.0,103.0,199.5,0.019755626318126305,4,2
random,400,39,192,151.0,153.0,157.0,159.0,149.0,149.0,191.0,199.5,0.019755626318126305,4,2
random,400,39,193,280.0,314.0,284.0,284.0,313.0,313.0,294.0,199.5,0.019755626318126305,4,2
random,400,39,194,81.0,86.0,93.0,94.0,96.0,96.0,95.0,199.5,0.019755626318126305,4,2
random,400,39,195,81.0,80.0,87.0,86.0,80.0,80.0,100.0,199.5,0.019755626318126305,4,2
random,400,39,196,81.0,104.0,83.0,81.0,102.0,102.0,97.0,199.5,0.019755626318126305,4,2
random,400,39,197,115.0,196.0,127.0,125.0,179.0,179.0,121.0,199.5,0.019755626318126305,4,2
random,400,39,198,115.0,238.0,94.0,90.0,223.0,223.0,114.0,199.5,0.019755626318126305,4,2
random,400,39,199,213.0,276.0,266.0,260.0,281.0,281.0,231.0,199.5,0.019755626318126305,4,2
random,400,39,200,213.0,265.0,280.0,286.0,266.0,266.0,264.0,199.5,0.019755626318126305,4,2
random,400,39,201,151.0,166.0,262.0,268.0,167.0,167.0,211.0,199.5,0.019755626318126305,4,2
random,400,39,202,81.0,109.0,73.0,75.0,114.0,114.0,85.0,199.5,0.019755626318126305,4,2
random,400,39,203,151.0,261.0,168.0,167.0,242.0,242.0,157.0,199.5,0.019755626318126305,4,2
random,400,39,204,151.0,223.0,160.0,157.0,220.0,220.0,162.0,199.5,0.019755626318126305,4,2
random,400,39,205,115.0,210.0,148.0,150.0,203.0,203.0,123.0,199.5,0.019755626318126305,4,2
random,400,39,206,151.0,175.0,201.0,202.0,181.0,181.0,187.0,199.5,0.019755626318126305,4,2
random,400,39,207,213.0,317.0,222.0,214.0,307.0,307.0,215.0,199.5,0.019755626318126305,4,2
random,400,39,208,280.0,314.0,307.0,301.0,316.0,316.0,301.0,199.5,0.019755626318126305,4,2
random,400,39,209,356.0,385.0,358.0,356.0,385.0,385.0,357.0,199.5,0.019755626318126305,4,2
random,400,39,210,280.0,329.0,317.0,318.0,327.0,327.0,296.0,199.5,0.019755626318126305,4,2
random,400,39,211,50.0,67.0,71.0,70.0,69.0,69.0,59.0,199.5,0.019755626318126305,4,2
random,400,39,212,356.0,364.0,364.0,363.0,367.0,367.0,369.0,199.5,0.019755626318126305,4,2
random,400,39,213,50.0,69.0,112.0,110.0,73.0,73.0,75.0,199.5,0.019755626318126305,4,2
random,400,39,214,115.0,182.0,102.0,103.0,178.0,178.0,115.0,199.5,0.019755626318126305,4,2
random,400,39,215,280.0,328.0,325.0,325.0,328.0,328.0,293.0,199.5,0.019755626318126305,4,2
random,400,39,216,26.0,33.0,30.0,29.0,32.0,32.0,38.0,199.5,0.019755626318126305,4,2
random,400,39,217,381.0,375.0,387.0,386.0,377.0,377.0,387.0,199.5,0.019755626318126305,4,2
random,400,39,218,356.0,376.0,366.0,367.0,375.0,375.0,364.0,199.5,0.019755626318126305,4,2
random,400,39,219,115.0,144.0,143.0,144.0,140.0,140.0,131.0,199.5,0.019755626318126305,4,2
random,400,39,220,50.0,69.0,38.0,38.0,63.0,63.0,63.0,199.5,0.019755626318126305,4,2
random,400,39,221,213.0,234.0,249.0,257.0,232.0,232.0,243.0,199.5,0.019755626318126305,4,2
random,400,39,222,151.0,228.0,209.0,201.0,229.0,229.0,172.0,199.5,0.019755626318126305,4,2
random,400,39,223,151.0,216.0,153.0,145.0,213.0,213.0,166.0,199.5,0.019755626318126305,4,2
random,400,39,224,213.0,236.0,281.0,282.0,238.0,238.0,263.0,199.5,0.019755626318126305,4,2
random,400,39,225,26.0,51.0,50.0,52.0,45.0,45.0,43.0,199.5,0.019755626318126305,4,2
random,400,39,226,115.0,131.0,125.0,120.0,130.0,130.0,134.0,199.5,0.019755626318126305,4,2
random,400,39,227,151.0,117.0,185.0,182.0,127.0,127.0,210.0,199.5,0.019755626318126305,4,2
random,400,39,228,280.0,312.0,207.0,209.0,315.0,315.0,283.0,199.5,0.019755626318126305,4,2
random,400,39,229,81.0,84.0,121.0,124.0,90.0,90.0,110.0,199.5,0.019755626318126305,4,2
random,400,39,230,213.0,251.0,247.0,255.0,245.0,245.0,254.0,199.5,0.019755626318126305,4,2
random,400,39,231,151.0,156.0,202.0,205.0,153.0,153.0,206.0,199.5,0.019755626318126305,4,2
random,400,39,232,213.0,128.0,187.0,187.0,138.0,138.0,266.0,199.5,0.019755626318126305,4,2
random,400,39,233,356.0,378.0,361.0,361.0,378.0,378.0,361.0,199.5,0.019755626318126305,4,2
random,400,39,234,18.0,22.0,21.0,21.0,22.0,22.0,21.0,199.5,0.019755626318126305,4,2
random,400,39,235,13.0,34.0,14.0,14.0,30.0,30.0,13.0,199.5,0.019755626318126305,4,2
random,400,39,236,391.0,387.0,398.0,397.0,388.0,388.0,398.0,199.5,0.019755626318126305,4,2
random,400,39,237,115.0,124.0,126.0,128.0,128.0,128.0,138.0,199.5,0.019755626318126305,4,2
random,400,39,238,81.0,62.0,74.0,74.0,70.0,70.0,90.0,199.5,0.019755626318126305,4,2
random,400,39,239,280.0,238.0,330.0,330.0,254.0,254.0,327.0,199.5,0.019755626318126305,4,2
random,400,39,240,213.0,319.0,241.0,241.0,317.0,317.0,217.0,199.5,0.019755626318126305,4,2
random,400,39,241,280.0,331.0,314.0,310.0,331.0,331.0,288.0,199.5,0.019755626318126305,4,2
random,400,39,242,391.0,396.0,395.0,395.0,396.0,396.0,393.0,199.5,0.019755626318126305,4,2
random,400,39,243,331.0,323.0,357.0,359.0,323.0,323.0,355.0,199.5,0.019755626318126305,4,2
random,400,39,244,26.0,144.0,46.0,47.0,125.0,125.0,27.0,199.5,0.019755626318126305,4,2
random,400,39,245,18.0,60.0,26.0,25.0,52.0,52.0,19.0,199.5,0.019755626318126305,4,2
random,400,39,246,115.0,109.0,107.0,106.0,113.0,113.0,124.0,199.5,0.019755626318126305,4,2
random,400,39,247,151.0,196.0,115.0,114.0,187.0,187.0,154.0,199.5,0.019755626318126305,4,2
random,400,39,248,356.0,358.0,318.0,312.0,362.0,362.0,356.0,199.5,0.019755626318126305,4,2
random,400,39,249,81.0,49.0,81.0,80.0,56.0,56.0,104.0,199.5,0.019755626318126305,4,2
random,400,39,250,280.0,287.0,301.0,303.0,287.0,287.0,316.0,199.5,0.019755626318126305,4,2
random,400,39,251,26.0,36.0,67.0,69.0,35.0,35.0,47.0,199.5,0.019755626318126305,4,2
random,400,39,252,331.0,355.0,354.0,355.0,354.0,354.0,343.0,199.5,0.019755626318126305,4,2
random,400,39,253,151.0,259.0,263.0,269.0,246.0,246.0,196.0,199.5,0.019755626318126305,4,2
random,400,39,254,213.0,319.0,221.0,218.0,318.0,318.0,216.0,199.5,0.019755626318126305,4,2
random,400,39,255,81.0,88.0,98.0,96.0,89.0,89.0,102.0,199.5,0.019755626318126305,4,2
random,400,39,256,356.0,317.0,371.0,375.0,326.0,326.0,379.0,199.5,0.019755626318126305,4,2
random,400,39,257,50.0,29.0,56.0,61.0,33.0,33.0,78.0,199.5,0.019755626318126305,4,2
random,400,39,258,26.0,73.0,48.0,45.0,65.0,65.0,31.0,199.5,0.019755626318126305,4,2
random,400,39,259,151.0,134.0,150.0,148.0,142.0,142.0,186.0,199.5,0.019755626318126305,4,2
random,400,39,260,151.0,223.0,192.0,196.0,221.0,221.0,159.0,199.5,0.019755626318126305,4,2
random,400,39,261,50.0,92.0,110.0,113.0,81.0,81.0,80.0,199.5,0.019755626318126305,4,2
random,400,39,262,26.0,30.0,36.0,36.0,28.0,28.0,41.0,199.5,0.019755626318126305,4,2
random,400,39,263,391.0,395.0,389.0,387.0,395.0,395.0,392.0,199.5,0.019755626318126305,4,2
random,400,39,264,213.0,182.0,258.0,254.0,197.0,197.0,270.0,199.5,0.019755626318126305,4,2
random,400,39,265,7.0,7.0,10.0,8.0,7.0,7.0,10.0,199.5,0.019755626318126305,4,2
random,400,39,266,213.0,268.0,255.0,256.0,274.0,274.0,235.0,199.5,0.019755626318126305,4,2
random,400,39,267,115.0,104.0,137.0,143.0,106.0,106.0,147.0,199.5,0.019755626318126305,4,2
random,400,39,268,280.0,226.0,310.0,317.0,236.0,236.0,321.0,199.5,0.019755626318126305,4,2
random,400,39,269,213.0,283.0,275.0,275.0,286.0,286.0,232.0,199.5,0.019755626318126305,4,2
random,400,39,270,331.0,308.0,340.0,340.0,319.0,319.0,353.0,199.5,0.019755626318126305,4,2
random,400,39,271,50.0,126.0,69.0,66.0,120.0,120.0,56.0,199.5,0.019755626318126305,4,2
random,400,39,272,81.0,63.0,90.0,89.0,71.0,71.0,89.0,199.5,0.019755626318126305,4,2
random,400,39,273,81.0,109.0,84.0,82.0,112.0,112.0,88.0,199.5,0.019755626318126305,4,2
random,400,39,274,280.0,280.0,133.0,131.0,289.0,289.0,280.0,199.5,0.019755626318126305,4,2
random,400,39,275,81.0,92.0,104.0,104.0,95.0,95.0,96.0,199.5,0.019755626318126305,4,2
random,400,39,276,213.0,196.0,256.0,263.0,206.0,206.0,273.0,199.5,0.019755626318126305,4,2
random,400,39,277,4.0,2.0,4.0,4.0,2.0,2.0,6.0,199.5,0.019755626318126305,4,2
random,400,39,278,213.0,234.0,228.0,225.0,234.0,234.0,237.0,199.5,0.019755626318126305,4,2
random,400,39,279,280.0,305.0,287.0,288.0,309.0,309.0,295.0,199.5,0.019755626318126305,4,2
random,400,39,280,331.0,343.0,345.0,341.0,345.0,345.0,338.0,199.5,0.019755626318126305,4,2
random,400,39,281,280.0,228.0,296.0,297.0,240.0,240.0,323.0,199.5,0.019755626318126305,4,2
random,400,39,282,115.0,182.0,105.0,100.0,174.0,174.0,117.0,199.5,0.019755626318126305,4,2
random,400,39,283,151.0,137.0,204.0,200.0,148.0,148.0,204.0,199.5,0.019755626318126305,4,2
random,400,39,284,50.0,131.0,29.0,27.0,122.0,122.0,45.0,199.5,0.019755626318126305,4,2
random,400,39,285,213.0,276.0,198.0,198.0,276.0,276.0,220.0,199.5,0.019755626318126305,4,2
random,400,39,286,151.0,174.0,208.0,204.0,166.0,166.0,190.0,199.5,0.019755626318126305,4,2
random,400,39,287,391.0,388.0,393.0,394.0,390.0,390.0,396.0,199.5,0.019755626318126305,4,2
random,400,39,288,7.0,16.0,9.0,10.0,11.0,11.0,9.0,199.5,0.019755626318126305,4,2
random,400,39,289,26.0,48.0,51.0,50.0,42.0,42.0,46.0,199.5,0.019755626318126305,4,2
random,400,39,290,381.0,391.0,382.0,382.0,389.0,389.0,383.0,199.5,0.019755626318126305,4,2
random,400,39,291,151.0,226.0,217.0,211.0,228.0,228.0,168.0,199.5,0.019755626318126305,4,2
random,400,39,292,151.0,201.0,141.0,138.0,192.0,192.0,165.0,199.5,0.019755626318126305,4,2
random,400,39,293,2.0,6.0,3.0,3.0,5.0,5.0,3.0,199.5,0.019755626318126305,4,2
random,400,39,294,115.0,144.0,145.0,146.0,137.0,137.0,136.0,199.5,0.019755626318126305,4,2
random,400,39,295,50.0,88.0,54.0,54.0,87.0,87.0,57.0,199.5,0.019755626318126305,4,2
random,400,39,296,331.0,362.0,360.0,360.0,358.0,358.0,346.0,199.5,0.019755626318126305,4,2
random,400,39,297,213.0,182.0,288.0,291.0,200.0,200.0,275.0,199.5,0.019755626318126305,4,2
random,400,39,298,81.0,36.0,97.0,95.0,50.0,50.0,105.0,199.5,0.019755626318126305,4,2
random,400,39,299,213.0,196.0,240.0,248.0,209.0,209.0,248.0,199.5,0.019755626318126305,4,2
random,400,39,300,356.0,370.0,367.0,366.0,370.0,370.0,368.0,199.5,0.019755626318126305,4,2
random,400,39,301,81.0,137.0,100.0,97.0,135.0,135.0,83.0,199.5,0.019755626318126305,4,2
random,400,39,302,280.0,268.0,319.0,316.0,281.0,281.0,313.0,199.5,0.019755626318126305,4,2
random,400,39,303,381.0,392.0,350.0,347.0,392.0,392.0,381.0,199.5,0.019755626318126305,4,2
random,400,39,304,151.0,159.0,213.0,217.0,161.0,161.0,199.0,199.5,0.019755626318126305,4,2
random,400,39,305,26.0,76.0,58.0,62.0,65.0,65.0,37.0,199.5,0.019755626318126305,4,2
random,400,39,306,151.0,165.0,178.0,178.0,165.0,165.0,177.0,199.5,0.019755626318126305,4,2
random,400,39,307,151.0,288.0,233.0,229.0,278.0,278.0,156.0,199.5,0.019755626318126305,4,2
random,400,39,308,213.0,275.0,242.0,238.0,277.0,277.0,225.0,199.5,0.019755626318126305,4,2
random,400,39,309,280.0,244.0,286.0,285.0,258.0,258.0,306.0,199.5,0.019755626318126305,4,2
random,400,39,310,115.0,117.0,138.0,141.0,123.0,123.0,139.0,199.5,0.019755626318126305,4,2
random,400,39,311,115.0,148.0,172.0,174.0,143.0,143.0,140.0,199.5,0.019755626318126305,4,2
random,400,39,312,151.0,280.0,190.0,185.0,259.0,259.0,164.0,199.5,0.019755626318126305,4,2
random,400,39,313,280.0,293.0,294.0,289.0,295.0,295.0,303.0,199.5,0.019755626318126305,4,2
random,400,39,314,151.0,168.0,218.0,220.0,172.0,172.0,195.0,199.5,0.019755626318126305,4,2
random,400,39,315,50.0,81.0,78.0,77.0,74.0,74.0,70.0,199.5,0.019755626318126305,4,2
random,400,39,316,13.0,11.0,13.0,13.0,14.0,14.0,16.0,199.5,0.019755626318126305,4,2
random,400,39,317,356.0,352.0,381.0,379.0,355.0,355.0,374.0,199.5,0.019755626318126305,4,2
random,400,39,318,26.0,17.0,34.0,34.0,18.0,18.0,48.0,199.5,0.019755626318126305,4,2
random,400,39,319,50.0,86.0,60.0,58.0,76.0,76.0,62.0,199.5,0.019755626318126305,4,2
random,400,39,320,26.0,36.0,22.0,26.0,35.0,35.0,30.0,199.5,0.019755626318126305,4,2
random,400,39,321,151.0,159.0,196.0,195.0,161.0,161.0,203.0,199.5,0.019755626318126305,4,2
random,400,39,322,151.0,167.0,203.0,210.0,170.0,170.0,180.0,199.5,0.019755626318126305,4,2
random,400,39,323,331.0,353.0,323.0,324.0,349.0,349.0,333.0,199.5,0.019755626318126305,4,2
random,400,39,324,151.0,159.0,131.0,136.0,156.0,156.0,167.0,199.5,0.019755626318126305,4,2
random,400,39,325,331.0,344.0,343.0,343.0,343.0,343.0,347.0,199.5,0.019755626318126305,4,2
random,400,39,326,115.0,109.0,152.0,158.0,118.0,118.0,142.0,199.5,0.019755626318126305,4,2
random,400,39,327,151.0,124.0,229.0,226.0,132.0,132.0,212.0,199.5,0.019755626318126305,4,2
random,400,39,328,280.0,330.0,331.0,333.0,332.0,332.0,292.0,199.5,0.019755626318126305,4,2
random,400,39,329,280.0,259.0,305.0,308.0,272.0,272.0,322.0,199.5,0.019755626318126305,4,2
random,400,39,330,81.0,100.0,109.0,108.0,102.0,102.0,98.0,199.5,0.019755626318126305,4,2
random,400,39,331,50.0,41.0,75.0,73.0,39.0,39.0,81.0,199.5,0.019755626318126305,4,2
random,400,39,332,26.0,9.0,32.0,31.0,15.0,15.0,49.0,199.5,0.019755626318126305,4,2
random,400,39,333,7.0,11.0,15.0,16.0,9.0,9.0,11.0,199.5,0.019755626318126305,4,2
random,400,39,334,213.0,182.0,273.0,274.0,195.0,195.0,271.0,199.5,0.019755626318126305,4,2
random,400,39,335,213.0,242.0,231.0,227.0,243.0,243.0,230.0,199.5,0.019755626318126305,4,2
random,400,39,336,26.0,54.0,37.0,39.0,51.0,51.0,34.0,199.5,0.019755626318126305,4,2
random,400,39,337,50.0,101.0,91.0,88.0,100.0,100.0,68.0,199.5,0.019755626318126305,4,2
random,400,39,338,280.0,323.0,293.0,296.0,322.0,322.0,286.0,199.5,0.019755626318126305,4,2
random,400,39,339,50.0,66.0,63.0,57.0,68.0,68.0,71.0,199.5,0.019755626318126305,4,2
random,400,39,340,151.0,214.0,163.0,161.0,210.0,210.0,169.0,199.5,0.019755626318126305,4,2
random,400,39,341,115.0,196.0,164.0,164.0,183.0,183.0,126.0,199.5,0.019755626318126305,4,2
random,400,39,342,26.0,69.0,39.0,40.0,59.0,59.0,33.0,199.5,0.019755626318126305,4,2
random,400,39,343,391.0,399.0,394.0,392.0,399.0,399.0,391.0,199.5,0.019755626318126305,4,2
random,400,39,344,213.0,222.0,274.0,278.0,222.0,222.0,269.0,199.5,0.019755626318126305,4,2
random,400,39,345,151.0,153.0,186.0,184.0,158.0,158.0,189.0,199.5,0.019755626318126305,4,2
random,400,39,346,280.0,254.0,333.0,334.0,269.0,269.0,328.0,199.5,0.019755626318126305,4,2
random,400,39,347,151.0,164.0,183.0,183.0,163.0,163.0,197.0,199.5,0.019755626318126305,4,2
random,400,39,348,213.0,201.0,279.0,281.0,208.0,208.0,268.0,199.5,0.019755626318126305,4,2
random,400,39,349,391.0,390.0,392.0,393.0,391.0,391.0,397.0,199.5,0.019755626318126305,4,2
random,400,39,350,331.0,294.0,344.0,344.0,301.0,301.0,354.0,199.5,0.019755626318126305,4,2
random,400,39,351,280.0,296.0,337.0,339.0,297.0,297.0,320.0,199.5,0.019755626318126305,4,2
random,400,39,352,331.0,349.0,347.0,348.0,347.0,347.0,342.0,199.5,0.019755626318126305,4,2
random,400,39,353,151.0,219.0,154.0,151.0,217.0,217.0,160.0,199.5,0.019755626318126305,4,2
random,400,39,354,151.0,242.0,144.0,139.0,231.0,231.0,155.0,199.5,0.019755626318126305,4,2
random,400,39,355,115.0,81.0,155.0,165.0,91.0,91.0,152.0,199.5,0.019755626318126305,4,2
random,400,39,356,280.0,327.0,227.0,224.0,329.0,329.0,281.0,199.5,0.019755626318126305,4,2
random,400,39,357,213.0,182.0,210.0,208.0,197.0,197.0,261.0,199.5,0.019755626318126305,4,2
random,400,39,358,331.0,389.0,351.0,349.0,387.0,387.0,331.0,199.5,0.019755626318126305,4,2
random,400,39,359,50.0,41.0,64.0,65.0,43.0,43.0,73.0,199.5,0.019755626318126305,4,2
random,400,39,360,151.0,97.0,167.0,168.0,107.0,107.0,208.0,199.5,0.019755626318126305,4,2
random,400,39,361,81.0,30.0,92.0,98.0,34.0,34.0,116.0,199.5,0.019755626318126305,4,2
random,400,39,362,213.0,253.0,260.0,246.0,252.0,252.0,247.0,199.5,0.019755626318126305,4,2
random,400,39,363,331.0,354.0,355.0,354.0,352.0,352.0,348.0,199.5,0.019755626318126305,4,2
random,400,39,364,115.0,123.0,111.0,109.0,126.0,126.0,129.0,199.5,0.019755626318126305,4,2
random,400,39,365,331.0,341.0,349.0,352.0,340.0,340.0,351.0,199.5,0.019755626318126305,4,2
random,400,39,366,115.0,159.0,146.0,147.0,152.0,152.0,135.0,199.5,0.019755626318126305,4,2
random,400,39,367,331.0,341.0,348.0,350.0,341.0,341.0,350.0,199.5,0.019755626318126305,4,2
random,400,39,368,280.0,314.0,308.0,311.0,311.0,311.0,310.0,199.5,0.019755626318126305,4,2
random,400,39,369,26.0,18.0,16.0,15.0,21.0,21.0,35.0,199.5,0.019755626318126305,4,2
random,400,39,370,81.0,182.0,130.0,127.0,160.0,160.0,87.0,199.5,0.019755626318126305,4,2
random,400,39,371,26.0,30.0,57.0,63.0,31.0,31.0,44.0,199.5,0.019755626318126305,4,2
random,400,39,372,280.0,301.0,315.0,322.0,299.0,299.0,315.0,199.5,0.019755626318126305,4,2
random,400,39,373,356.0,371.0,385.0,385.0,371.0,371.0,378.0,199.5,0.019755626318126305,4,2
random,400,39,374,50.0,60.0,66.0,67.0,60.0,60.0,69.0,199.5,0.019755626318126305,4,2
random,400,39,375,151.0,244.0,175.0,171.0,233.0,233.0,158.0,199.5,0.019755626318126305,4,2
random,400,39,376,280.0,319.0,295.0,293.0,321.0,321.0,299.0,199.5,0.019755626318126305,4,2
random,400,39,377,280.0,241.0,300.0,302.0,248.0,248.0,319.0,199.5,0.019755626318126305,4,2
random,400,39,378,151.0,168.0,215.0,219.0,177.0,177.0,188.0,199.5,0.019755626318126305,4,2
random,400,39,379,13.0,11.0,12.0,12.0,13.0,13.0,15.0,199.5,0.019755626318126305,4,2
random,400,39,380,151.0,189.0,191.0,191.0,190.0,190.0,185.0,199.5,0.019755626318126305,4,2
random,400,39,381,1.0,1.0,2.0,2.0,1.0,1.0,1.0,199.5,0.019755626318126305,4,2
random,400,39,382,151.0,170.0,189.0,189.0,167.0,167.0,192.0,199.5,0.019755626318126305,4,2
random,400,39,383,280.0,308.0,326.0,326.0,308.0,308.0,305.0,199.5,0.019755626318126305,4,2
random,400,39,384,356.0,384.0,384.0,384.0,384.0,384.0,367.0,199.5,0.019755626318126305,4,2
random,400,39,385,280.0,338.0,327.0,327.0,337.0,337.0,289.0,199.5,0.019755626318126305,4,2
random,400,39,386,13.0,26.0,19.0,20.0,24.0,24.0,14.0,199.5,0.019755626318126305,4,2
random,400,39,387,7.0,14.0,7.0,7.0,10.0,10.0,7.0,199.5,0.019755626318126305,4,2
random,400,39,388,280.0,291.0,332.0,337.0,292.0,292.0,326.0,199.5,0.019755626318126305,4,2
random,400,39,389,26.0,27.0,53.0,55.0,27.0,27.0,50.0,199.5,0.019755626318126305,4,2
random,400,39,390,213.0,262.0,283.0,283.0,265.0,265.0,245.0,199.5,0.019755626318126305,4,2
random,400,39,391,81.0,81.0,25.0,23.0,84.0,84.0,76.0,199.5,0.019755626318126305,4,2
random,400,39,392,50.0,45.0,41.0,37.0,48.0,48.0,61.0,199.5,0.019755626318126305,4,2
random,400,39,393,213.0,213.0,261.0,258.0,219.0,219.0,257.0,199.5,0.019755626318126305,4,2
random,400,39,394,18.0,15.0,20.0,22.0,16.0,16.0,23.0,199.5,0.019755626318126305,4,2
random,400,39,395,213.0,216.0,224.0,228.0,216.0,216.0,252.0,199.5,0.019755626318126305,4,2
random,400,39,396,26.0,59.0,47.0,49.0,53.0,53.0,39.0,199.5,0.019755626318126305,4,2
random,400,39,397,50.0,104.0,62.0,59.0,99.0,99.0,53.0,199.5,0.019755626318126305,4,2
random,400,39,398,50.0,88.0,18.0,17.0,85.0,85.0,28.0,199.5,0.019755626318126305,4,2
random,400,39,399,213.0,232.0,252.0,251.0,237.0,237.0,242.0,199.5,0.019755626318126305,4,2
random,400,40,0,25.0,34.0,26.0,25.0,29.0,29.0,27.0,199.5,0.02238769563769563,3,2
random,400,40,1,1.0,3.0,1.0,1.0,2.0,2.0,1.0,199.5,0.02238769563769563,3,2
random,400,40,2,268.0,262.0,291.0,291.0,269.0,269.0,295.0,199.5,0.02238769563769563,3,2
random,400,40,3,75.0,86.0,134.0,133.0,84.0,84.0,112.0,199.5,0.02238769563769563,3,2
random,400,40,4,268.0,239.0,310.0,313.0,246.0,246.0,304.0,199.5,0.02238769563769563,3,2
random,400,40,5,75.0,65.0,70.0,69.0,71.0,71.0,102.0,199.5,0.02238769563769563,3,2
random,400,40,6,314.0,340.0,358.0,357.0,341.0,341.0,344.0,199.5,0.02238769563769563,3,2
random,400,40,7,116.0,52.0,107.0,115.0,61.0,61.0,150.0,199.5,0.02238769563769563,3,2
random,400,40,8,75.0,63.0,116.0,118.0,73.0,73.0,108.0,199.5,0.02238769563769563,3,2
random,400,40,9,314.0,344.0,298.0,295.0,344.0,344.0,328.0,199.5,0.02238769563769563,3,2
random,400,40,10,75.0,87.0,127.0,127.0,89.0,89.0,111.0,199.5,0.02238769563769563,3,2
random,400,40,11,157.0,200.0,236.0,238.0,205.0,205.0,198.0,199.5,0.02238769563769563,3,2
random,400,40,12,357.0,305.0,365.0,367.0,316.0,316.0,379.0,199.5,0.02238769563769563,3,2
random,400,40,13,116.0,93.0,115.0,110.0,100.0,100.0,141.0,199.5,0.02238769563769563,3,2
random,400,40,14,215.0,175.0,270.0,274.0,176.0,176.0,267.0,199.5,0.02238769563769563,3,2
random,400,40,15,381.0,385.0,377.0,377.0,385.0,385.0,381.0,199.5,0.02238769563769563,3,2
random,400,40,16,357.0,354.0,381.0,381.0,356.0,356.0,378.0,199.5,0.02238769563769563,3,2
random,400,40,17,157.0,157.0,205.0,205.0,161.0,161.0,206.0,199.5,0.02238769563769563,3,2
random,400,40,18,314.0,324.0,339.0,337.0,327.0,327.0,342.0,199.5,0.02238769563769563,3,2
random,400,40,19,75.0,187.0,162.0,159.0,178.0,178.0,83.0,199.5,0.02238769563769563,3,2
random,400,40,20,157.0,276.0,213.0,221.0,264.0,264.0,177.0,199.5,0.02238769563769563,3,2
random,400,40,21,157.0,138.0,216.0,220.0,144.0,144.0,207.0,199.5,0.02238769563769563,3,2
random,400,40,22,52.0,43.0,69.0,73.0,45.0,45.0,71.0,199.5,0.02238769563769563,3,2
random,400,40,23,75.0,109.0,87.0,86.0,109.0,109.0,87.0,199.5,0.02238769563769563,3,2
random,400,40,24,52.0,99.0,56.0,55.0,91.0,91.0,55.0,199.5,0.02238769563769563,3,2
random,400,40,25,157.0,208.0,217.0,224.0,202.0,202.0,185.0,199.5,0.02238769563769563,3,2
random,400,40,26,314.0,329.0,354.0,354.0,328.0,328.0,345.0,199.5,0.02238769563769563,3,2
random,400,40,27,268.0,300.0,278.0,276.0,300.0,300.0,280.0,199.5,0.02238769563769563,3,2
random,400,40,28,215.0,285.0,280.0,286.0,279.0,279.0,250.0,199.5,0.02238769563769563,3,2
random,400,40,29,357.0,365.0,346.0,346.0,367.0,367.0,362.0,199.5,0.02238769563769563,3,2
random,400,40,30,268.0,316.0,276.0,277.0,314.0,314.0,278.0,199.5,0.02238769563769563,3,2
random,400,40,31,215.0,227.0,242.0,242.0,227.0,227.0,249.0,199.5,0.02238769563769563,3,2
random,400,40,32,3.0,5.0,7.0,7.0,5.0,5.0,4.0,199.5,0.02238769563769563,3,2
random,400,40,33,75.0,139.0,72.0,72.0,131.0,131.0,78.0,199.5,0.02238769563769563,3,2
random,400,40,34,268.0,301.0,324.0,325.0,301.0,301.0,297.0,199.5,0.02238769563769563,3,2
random,400,40,35,116.0,65.0,126.0,126.0,78.0,78.0,151.0,199.5,0.02238769563769563,3,2
random,400,40,36,268.0,214.0,293.0,294.0,220.0,220.0,312.0,199.5,0.02238769563769563,3,2
random,400,40,37,25.0,9.0,30.0,31.0,12.0,12.0,30.0,199.5,0.02238769563769563,3,2
random,400,40,38,157.0,120.0,222.0,223.0,134.0,134.0,213.0,199.5,0.02238769563769563,3,2
random,400,40,39,268.0,269.0,289.0,290.0,273.0,273.0,291.0,199.5,0.02238769563769563,3,2
random,400,40,40,314.0,316.0,345.0,343.0,321.0,321.0,343.0,199.5,0.02238769563769563,3,2
random,400,40,41,75.0,108.0,86.0,82.0,106.0,106.0,93.0,199.5,0.02238769563769563,3,2
random,400,40,42,268.0,336.0,287.0,284.0,326.0,326.0,282.0,199.5,0.02238769563769563,3,2
random,400,40,43,215.0,269.0,257.0,255.0,267.0,267.0,240.0,199.5,0.02238769563769563,3,2
random,400,40,44,116.0,144.0,144.0,142.0,142.0,142.0,135.0,199.5,0.02238769563769563,3,2
random,400,40,45,314.0,313.0,323.0,322.0,319.0,319.0,323.0,199.5,0.02238769563769563,3,2
random,400,40,46,116.0,183.0,118.0,121.0,180.0,180.0,116.0,199.5,0.02238769563769563,3,2
random,400,40,47,314.0,326.0,341.0,342.0,324.0,324.0,350.0,199.5,0.02238769563769563,3,2
random,400,40,48,157.0,190.0,117.0,120.0,188.0,188.0,163.0,199.5,0.02238769563769563,3,2
random,400,40,49,75.0,120.0,90.0,89.0,115.0,115.0,99.0,199.5,0.02238769563769563,3,2
random,400,40,50,157.0,183.0,168.0,171.0,179.0,179.0,188.0,199.5,0.02238769563769563,3,2
random,400,40,51,14.0,13.0,23.0,22.0,15.0,15.0,20.0,199.5,0.02238769563769563,3,2
random,400,40,52,399.0,398.0,399.0,399.0,398.0,398.0,399.0,199.5,0.02238769563769563,3,2
random,400,40,53,357.0,326.0,370.0,371.0,333.0,333.0,375.0,199.5,0.02238769563769563,3,2
random,400,40,54,116.0,143.0,123.0,129.0,140.0,140.0,124.0,199.5,0.02238769563769563,3,2
random,400,40,55,268.0,249.0,294.0,296.0,256.0,256.0,300.0,199.5,0.02238769563769563,3,2
random,400,40,56,75.0,94.0,91.0,93.0,100.0,100.0,90.0,199.5,0.02238769563769563,3,2
random,400,40,57,215.0,265.0,243.0,248.0,253.0,253.0,241.0,199.5,0.02238769563769563,3,2
random,400,40,58,116.0,133.0,157.0,161.0,128.0,128.0,152.0,199.5,0.02238769563769563,3,2
random,400,40,59,157.0,236.0,170.0,168.0,232.0,232.0,169.0,199.5,0.02238769563769563,3,2
random,400,40,60,116.0,60.0,142.0,141.0,70.0,70.0,156.0,199.5,0.02238769563769563,3,2
random,400,40,61,116.0,204.0,174.0,173.0,195.0,195.0,125.0,199.5,0.02238769563769563,3,2
random,400,40,62,268.0,362.0,164.0,164.0,357.0,357.0,235.0,199.5,0.02238769563769563,3,2
random,400,40,63,32.0,32.0,34.0,32.0,37.0,37.0,41.0,199.5,0.02238769563769563,3,2
random,400,40,64,215.0,320.0,190.0,184.0,310.0,310.0,217.0,199.5,0.02238769563769563,3,2
random,400,40,65,215.0,276.0,259.0,262.0,274.0,274.0,238.0,199.5,0.02238769563769563,3,2
random,400,40,66,157.0,130.0,180.0,179.0,138.0,138.0,209.0,199.5,0.02238769563769563,3,2
random,400,40,67,268.0,267.0,300.0,302.0,277.0,277.0,293.0,199.5,0.02238769563769563,3,2
random,400,40,68,32.0,26.0,38.0,39.0,30.0,30.0,46.0,199.5,0.02238769563769563,3,2
random,400,40,69,5.0,2.0,5.0,5.0,3.0,3.0,8.0,199.5,0.02238769563769563,3,2
random,400,40,70,32.0,65.0,35.0,36.0,60.0,60.0,34.0,199.5,0.02238769563769563,3,2
random,400,40,71,5.0,11.0,6.0,6.0,9.0,9.0,6.0,199.5,0.02238769563769563,3,2
random,400,40,72,381.0,348.0,389.0,389.0,355.0,355.0,394.0,199.5,0.02238769563769563,3,2
random,400,40,73,116.0,144.0,153.0,153.0,143.0,143.0,133.0,199.5,0.02238769563769563,3,2
random,400,40,74,157.0,150.0,108.0,111.0,154.0,154.0,175.0,199.5,0.02238769563769563,3,2
random,400,40,75,314.0,331.0,342.0,339.0,335.0,335.0,336.0,199.5,0.02238769563769563,3,2
random,400,40,76,215.0,181.0,215.0,212.0,193.0,193.0,228.0,199.5,0.02238769563769563,3,2
random,400,40,77,157.0,195.0,105.0,104.0,200.0,200.0,159.0,199.5,0.02238769563769563,3,2
random,400,40,78,215.0,323.0,223.0,214.0,308.0,308.0,218.0,199.5,0.02238769563769563,3,2
random,400,40,79,381.0,365.0,376.0,376.0,368.0,368.0,390.0,199.5,0.02238769563769563,3,2
random,400,40,80,75.0,101.0,111.0,108.0,103.0,103.0,104.0,199.5,0.02238769563769563,3,2
random,400,40,81,314.0,372.0,303.0,292.0,372.0,372.0,315.0,199.5,0.02238769563769563,3,2
random,400,40,82,215.0,280.0,264.0,261.0,282.0,282.0,227.0,199.5,0.02238769563769563,3,2
random,400,40,83,14.0,29.0,12.0,11.0,26.0,26.0,16.0,199.5,0.02238769563769563,3,2
random,400,40,84,268.0,249.0,318.0,315.0,261.0,261.0,308.0,199.5,0.02238769563769563,3,2
random,400,40,85,215.0,204.0,207.0,210.0,218.0,218.0,233.0,199.5,0.02238769563769563,3,2
random,400,40,86,314.0,304.0,335.0,334.0,315.0,315.0,330.0,199.5,0.02238769563769563,3,2
random,400,40,87,157.0,208.0,209.0,215.0,206.0,206.0,195.0,199.5,0.02238769563769563,3,2
random,400,40,88,268.0,258.0,281.0,281.0,266.0,266.0,294.0,199.5,0.02238769563769563,3,2
random,400,40,89,314.0,225.0,336.0,336.0,249.0,249.0,358.0,199.5,0.02238769563769563,3,2
random,400,40,90,75.0,126.0,89.0,91.0,118.0,118.0,96.0,199.5,0.02238769563769563,3,2
random,400,40,91,52.0,25.0,57.0,57.0,33.0,33.0,74.0,199.5,0.02238769563769563,3,2
random,400,40,92,75.0,90.0,84.0,87.0,90.0,90.0,82.0,199.5,0.02238769563769563,3,2
random,400,40,93,116.0,95.0,104.0,103.0,112.0,112.0,131.0,199.5,0.02238769563769563,3,2
random,400,40,94,52.0,87.0,83.0,83.0,81.0,81.0,69.0,199.5,0.02238769563769563,3,2
random,400,40,95,314.0,290.0,343.0,340.0,294.0,294.0,355.0,199.5,0.02238769563769563,3,2
random,400,40,96,157.0,190.0,192.0,194.0,192.0,192.0,189.0,199.5,0.02238769563769563,3,2
random,400,40,97,75.0,80.0,61.0,60.0,82.0,82.0,84.0,199.5,0.02238769563769563,3,2
random,400,40,98,75.0,84.0,93.0,90.0,88.0,88.0,98.0,199.5,0.02238769563769563,3,2
random,400,40,99,116.0,155.0,146.0,143.0,150.0,150.0,139.0,199.5,0.02238769563769563,3,2
random,400,40,100,268.0,334.0,269.0,268.0,334.0,334.0,275.0,199.5,0.02238769563769563,3,2
random,400,40,101,268.0,368.0,285.0,282.0,363.0,363.0,269.0,199.5,0.02238769563769563,3,2
random,400,40,102,75.0,139.0,113.0,114.0,136.0,136.0,89.0,199.5,0.02238769563769563,3,2
random,400,40,103,400.0,400.0,399.0,399.0,400.0,400.0,400.0,199.5,0.02238769563769563,3,2
random,400,40,104,215.0,162.0,244.0,241.0,173.0,173.0,262.0,199.5,0.02238769563769563,3,2
random,400,40,105,116.0,115.0,156.0,156.0,117.0,117.0,146.0,199.5,0.02238769563769563,3,2
random,400,40,106,215.0,291.0,260.0,259.0,286.0,286.0,237.0,199.5,0.02238769563769563,3,2
random,400,40,107,116.0,99.0,122.0,119.0,111.0,111.0,138.0,199.5,0.02238769563769563,3,2
random,400,40,108,157.0,208.0,237.0,234.0,213.0,213.0,192.0,199.5,0.02238769563769563,3,2
random,400,40,109,381.0,374.0,386.0,387.0,376.0,376.0,391.0,199.5,0.02238769563769563,3,2
random,400,40,110,215.0,173.0,241.0,243.0,184.0,184.0,257.0,199.5,0.02238769563769563,3,2
random,400,40,111,381.0,396.0,395.0,395.0,396.0,396.0,384.0,199.5,0.02238769563769563,3,2
random,400,40,112,268.0,213.0,302.0,307.0,220.0,220.0,313.0,199.5,0.02238769563769563,3,2
random,400,40,113,52.0,90.0,65.0,71.0,87.0,87.0,61.0,199.5,0.02238769563769563,3,2
random,400,40,114,215.0,244.0,225.0,213.0,243.0,243.0,225.0,199.5,0.02238769563769563,3,2
random,400,40,115,75.0,214.0,47.0,46.0,194.0,194.0,58.0,199.5,0.02238769563769563,3,2
random,400,40,116,10.0,26.0,9.0,10.0,24.0,24.0,10.0,199.5,0.02238769563769563,3,2
random,400,40,117,357.0,376.0,351.0,348.0,375.0,375.0,359.0,199.5,0.02238769563769563,3,2
random,400,40,118,157.0,236.0,201.0,202.0,236.0,236.0,168.0,199.5,0.02238769563769563,3,2
random,400,40,119,157.0,214.0,249.0,250.0,209.0,209.0,200.0,199.5,0.02238769563769563,3,2
random,400,40,120,75.0,170.0,120.0,116.0,164.0,164.0,81.0,199.5,0.02238769563769563,3,2
random,400,40,121,157.0,155.0,185.0,183.0,158.0,158.0,203.0,199.5,0.02238769563769563,3,2
random,400,40,122,381.0,391.0,392.0,390.0,391.0,391.0,387.0,199.5,0.02238769563769563,3,2
random,400,40,123,157.0,160.0,252.0,258.0,168.0,168.0,214.0,199.5,0.02238769563769563,3,2
random,400,40,124,32.0,26.0,75.0,79.0,30.0,30.0,51.0,199.5,0.02238769563769563,3,2
random,400,40,125,157.0,163.0,184.0,180.0,165.0,165.0,193.0,199.5,0.02238769563769563,3,2
random,400,40,126,314.0,331.0,319.0,320.0,337.0,337.0,318.0,199.5,0.02238769563769563,3,2
random,400,40,127,314.0,334.0,344.0,349.0,338.0,338.0,341.0,199.5,0.02238769563769563,3,2
random,400,40,128,314.0,326.0,356.0,353.0,331.0,331.0,326.0,199.5,0.02238769563769563,3,2
random,400,40,129,75.0,95.0,94.0,98.0,97.0,97.0,106.0,199.5,0.02238769563769563,3,2
random,400,40,130,215.0,214.0,231.0,230.0,224.0,224.0,239.0,199.5,0.02238769563769563,3,2
random,400,40,131,32.0,40.0,43.0,47.0,38.0,38.0,47.0,199.5,0.02238769563769563,3,2
random,400,40,132,157.0,255.0,227.0,228.0,247.0,247.0,172.0,199.5,0.02238769563769563,3,2
random,400,40,133,268.0,294.0,317.0,316.0,292.0,292.0,307.0,199.5,0.02238769563769563,3,2
random,400,40,134,10.0,34.0,21.0,20.0,28.0,28.0,11.0,199.5,0.02238769563769563,3,2
random,400,40,135,157.0,232.0,175.0,178.0,226.0,226.0,176.0,199.5,0.02238769563769563,3,2
random,400,40,136,75.0,47.0,143.0,144.0,54.0,54.0,115.0,199.5,0.02238769563769563,3,2
random,400,40,137,75.0,126.0,98.0,94.0,116.0,116.0,94.0,199.5,0.02238769563769563,3,2
random,400,40,138,215.0,200.0,239.0,235.0,207.0,207.0,252.0,199.5,0.02238769563769563,3,2
random,400,40,139,215.0,249.0,226.0,227.0,240.0,240.0,236.0,199.5,0.02238769563769563,3,2
random,400,40,140,52.0,47.0,52.0,50.0,48.0,48.0,64.0,199.5,0.02238769563769563,3,2
random,400,40,141,215.0,297.0,169.0,172.0,295.0,295.0,211.0,199.5,0.02238769563769563,3,2
random,400,40,142,268.0,338.0,271.0,267.0,329.0,329.0,272.0,199.5,0.02238769563769563,3,2
random,400,40,143,215.0,272.0,240.0,233.0,270.0,270.0,223.0,199.5,0.02238769563769563,3,2
random,400,40,144,10.0,8.0,14.0,14.0,8.0,8.0,14.0,199.5,0.02238769563769563,3,2
random,400,40,145,75.0,157.0,58.0,53.0,139.0,139.0,77.0,199.5,0.02238769563769563,3,2
random,400,40,146,314.0,272.0,349.0,356.0,280.0,280.0,351.0,199.5,0.02238769563769563,3,2
random,400,40,147,215.0,225.0,253.0,253.0,230.0,230.0,248.0,199.5,0.02238769563769563,3,2
random,400,40,148,14.0,61.0,31.0,30.0,47.0,47.0,19.0,199.5,0.02238769563769563,3,2
random,400,40,149,157.0,234.0,189.0,189.0,233.0,233.0,173.0,199.5,0.02238769563769563,3,2
random,400,40,150,116.0,131.0,132.0,134.0,132.0,132.0,143.0,199.5,0.02238769563769563,3,2
random,400,40,151,14.0,6.0,18.0,21.0,7.0,7.0,24.0,199.5,0.02238769563769563,3,2
random,400,40,152,116.0,170.0,110.0,113.0,162.0,162.0,121.0,199.5,0.02238769563769563,3,2
random,400,40,153,215.0,119.0,220.0,207.0,129.0,129.0,268.0,199.5,0.02238769563769563,3,2
random,400,40,154,215.0,221.0,247.0,246.0,229.0,229.0,242.0,199.5,0.02238769563769563,3,2
random,400,40,155,157.0,135.0,154.0,157.0,145.0,145.0,197.0,199.5,0.02238769563769563,3,2
random,400,40,156,52.0,54.0,51.0,52.0,52.0,52.0,67.0,199.5,0.02238769563769563,3,2
random,400,40,157,14.0,29.0,16.0,17.0,26.0,26.0,17.0,199.5,0.02238769563769563,3,2
random,400,40,158,314.0,245.0,292.0,293.0,263.0,263.0,352.0,199.5,0.02238769563769563,3,2
random,400,40,159,268.0,279.0,245.0,245.0,281.0,281.0,285.0,199.5,0.02238769563769563,3,2
random,400,40,160,268.0,287.0,283.0,283.0,288.0,288.0,290.0,199.5,0.02238769563769563,3,2
random,400,40,161,52.0,113.0,67.0,70.0,104.0,104.0,57.0,199.5,0.02238769563769563,3,2
random,400,40,162,116.0,76.0,194.0,198.0,85.0,85.0,157.0,199.5,0.02238769563769563,3,2
random,400,40,163,215.0,149.0,232.0,229.0,167.0,167.0,259.0,199.5,0.02238769563769563,3,2
random,400,40,164,52.0,50.0,64.0,64.0,51.0,51.0,70.0,199.5,0.02238769563769563,3,2
random,400,40,165,314.0,305.0,353.0,355.0,312.0,312.0,347.0,199.5,0.02238769563769563,3,2
random,400,40,166,116.0,113.0,140.0,140.0,120.0,120.0,130.0,199.5,0.02238769563769563,3,2
random,400,40,167,116.0,139.0,182.0,186.0,141.0,141.0,145.0,199.5,0.02238769563769563,3,2
random,400,40,168,157.0,144.0,76.0,74.0,151.0,151.0,136.0,199.5,0.02238769563769563,3,2
random,400,40,169,268.0,316.0,304.0,303.0,318.0,318.0,283.0,199.5,0.02238769563769563,3,2
random,400,40,170,32.0,47.0,36.0,34.0,44.0,44.0,38.0,199.5,0.02238769563769563,3,2
random,400,40,171,395.0,395.0,396.0,397.0,395.0,395.0,397.0,199.5,0.02238769563769563,3,2
random,400,40,172,14.0,9.0,11.0,9.0,10.0,10.0,21.0,199.5,0.02238769563769563,3,2
random,400,40,173,215.0,224.0,235.0,237.0,222.0,222.0,247.0,199.5,0.02238769563769563,3,2
random,400,40,174,314.0,340.0,331.0,331.0,339.0,339.0,332.0,199.5,0.02238769563769563,3,2
random,400,40,175,268.0,310.0,288.0,288.0,307.0,307.0,288.0,199.5,0.02238769563769563,3,2
random,400,40,176,75.0,50.0,95.0,100.0,55.0,55.0,113.0,199.5,0.02238769563769563,3,2
random,400,40,177,381.0,378.0,393.0,393.0,382.0,382.0,393.0,199.5,0.02238769563769563,3,2
random,400,40,178,157.0,272.0,148.0,148.0,257.0,257.0,160.0,199.5,0.02238769563769563,3,2
random,400,40,179,157.0,160.0,195.0,195.0,166.0,166.0,205.0,199.5,0.02238769563769563,3,2
random,400,40,180,215.0,254.0,210.0,208.0,240.0,240.0,231.0,199.5,0.02238769563769563,3,2
random,400,40,181,52.0,41.0,44.0,42.0,43.0,43.0,66.0,199.5,0.02238769563769563,3,2
random,400,40,182,215.0,299.0,265.0,264.0,293.0,293.0,226.0,199.5,0.02238769563769563,3,2
random,400,40,183,157.0,280.0,159.0,154.0,278.0,278.0,158.0,199.5,0.02238769563769563,3,2
random,400,40,184,357.0,359.0,366.0,365.0,364.0,364.0,371.0,199.5,0.02238769563769563,3,2
random,400,40,185,14.0,54.0,19.0,15.0,42.0,42.0,15.0,199.5,0.02238769563769563,3,2
random,400,40,186,314.0,301.0,305.0,310.0,304.0,304.0,335.0,199.5,0.02238769563769563,3,2
random,400,40,187,75.0,54.0,138.0,139.0,64.0,64.0,114.0,199.5,0.02238769563769563,3,2
random,400,40,188,116.0,115.0,178.0,188.0,124.0,124.0,153.0,199.5,0.02238769563769563,3,2
random,400,40,189,157.0,269.0,208.0,211.0,258.0,258.0,162.0,199.5,0.02238769563769563,3,2
random,400,40,190,52.0,46.0,60.0,63.0,46.0,46.0,73.0,199.5,0.02238769563769563,3,2
random,400,40,191,116.0,202.0,124.0,124.0,190.0,190.0,119.0,199.5,0.02238769563769563,3,2
random,400,40,192,52.0,61.0,55.0,58.0,62.0,62.0,62.0,199.5,0.02238769563769563,3,2
random,400,40,193,75.0,90.0,66.0,65.0,93.0,93.0,79.0,199.5,0.02238769563769563,3,2
random,400,40,194,215.0,177.0,218.0,219.0,176.0,176.0,261.0,199.5,0.02238769563769563,3,2
random,400,40,195,32.0,79.0,59.0,62.0,68.0,68.0,37.0,199.5,0.02238769563769563,3,2
random,400,40,196,157.0,82.0,191.0,192.0,96.0,96.0,215.0,199.5,0.02238769563769563,3,2
random,400,40,197,116.0,101.0,128.0,128.0,109.0,109.0,142.0,199.5,0.02238769563769563,3,2
random,400,40,198,25.0,16.0,39.0,40.0,19.0,19.0,31.0,199.5,0.02238769563769563,3,2
random,400,40,199,215.0,245.0,256.0,252.0,242.0,242.0,256.0,199.5,0.02238769563769563,3,2
random,400,40,200,268.0,260.0,277.0,280.0,271.0,271.0,289.0,199.5,0.02238769563769563,3,2
random,400,40,201,157.0,188.0,203.0,203.0,191.0,191.0,190.0,199.5,0.02238769563769563,3,2
random,400,40,202,215.0,198.0,251.0,251.0,202.0,202.0,258.0,199.5,0.02238769563769563,3,2
random,400,40,203,157.0,195.0,199.0,201.0,196.0,196.0,191.0,199.5,0.02238769563769563,3,2
random,400,40,204,357.0,356.0,378.0,378.0,358.0,358.0,376.0,199.5,0.02238769563769563,3,2
random,400,40,205,215.0,170.0,258.0,270.0,175.0,175.0,266.0,199.5,0.02238769563769563,3,2
random,400,40,206,25.0,15.0,22.0,23.0,17.0,17.0,26.0,199.5,0.02238769563769563,3,2
random,400,40,207,357.0,358.0,374.0,373.0,362.0,362.0,372.0,199.5,0.02238769563769563,3,2
random,400,40,208,314.0,294.0,350.0,351.0,302.0,302.0,349.0,199.5,0.02238769563769563,3,2
random,400,40,209,75.0,208.0,131.0,130.0,187.0,187.0,80.0,199.5,0.02238769563769563,3,2
random,400,40,210,157.0,239.0,248.0,249.0,225.0,225.0,208.0,199.5,0.02238769563769563,3,2
random,400,40,211,314.0,342.0,340.0,345.0,343.0,343.0,331.0,199.5,0.02238769563769563,3,2
random,400,40,212,14.0,37.0,13.0,13.0,36.0,36.0,13.0,199.5,0.02238769563769563,3,2
random,400,40,213,157.0,164.0,188.0,177.0,172.0,172.0,194.0,199.5,0.02238769563769563,3,2
random,400,40,214,215.0,239.0,266.0,271.0,243.0,243.0,245.0,199.5,0.02238769563769563,3,2
random,400,40,215,381.0,371.0,391.0,392.0,371.0,371.0,392.0,199.5,0.02238769563769563,3,2
random,400,40,216,215.0,179.0,228.0,231.0,181.0,181.0,263.0,199.5,0.02238769563769563,3,2
random,400,40,217,268.0,190.0,262.0,269.0,213.0,213.0,299.0,199.5,0.02238769563769563,3,2
random,400,40,218,116.0,68.0,141.0,147.0,75.0,75.0,155.0,199.5,0.02238769563769563,3,2
random,400,40,219,32.0,76.0,40.0,38.0,69.0,69.0,33.0,199.5,0.02238769563769563,3,2
random,400,40,220,215.0,263.0,202.0,200.0,262.0,262.0,221.0,199.5,0.02238769563769563,3,2
random,400,40,221,75.0,101.0,81.0,81.0,99.0,99.0,86.0,199.5,0.02238769563769563,3,2
random,400,40,222,268.0,351.0,308.0,306.0,346.0,346.0,281.0,199.5,0.02238769563769563,3,2
random,400,40,223,314.0,347.0,329.0,328.0,348.0,348.0,324.0,199.5,0.02238769563769563,3,2
random,400,40,224,314.0,333.0,361.0,361.0,336.0,336.0,346.0,199.5,0.02238769563769563,3,2
random,400,40,225,52.0,115.0,80.0,76.0,108.0,108.0,56.0,199.5,0.02238769563769563,3,2
random,400,40,226,381.0,394.0,390.0,391.0,394.0,394.0,385.0,199.5,0.02238769563769563,3,2
random,400,40,227,157.0,232.0,187.0,193.0,233.0,233.0,179.0,199.5,0.02238769563769563,3,2
random,400,40,228,32.0,14.0,24.0,24.0,21.0,21.0,36.0,199.5,0.02238769563769563,3,2
random,400,40,229,157.0,87.0,211.0,222.0,95.0,95.0,216.0,199.5,0.02238769563769563,3,2
random,400,40,230,75.0,95.0,77.0,75.0,97.0,97.0,91.0,199.5,0.02238769563769563,3,2
random,400,40,231,268.0,355.0,282.0,278.0,351.0,351.0,273.0,199.5,0.02238769563769563,3,2
random,400,40,232,157.0,214.0,163.0,162.0,209.0,209.0,164.0,199.5,0.02238769563769563,3,2
random,400,40,233,268.0,204.0,326.0,327.0,228.0,228.0,311.0,199.5,0.02238769563769563,3,2
random,400,40,234,268.0,338.0,290.0,289.0,332.0,332.0,279.0,199.5,0.02238769563769563,3,2
random,400,40,235,75.0,80.0,74.0,77.0,80.0,80.0,85.0,199.5,0.02238769563769563,3,2
random,400,40,236,215.0,258.0,250.0,247.0,250.0,250.0,244.0,199.5,0.02238769563769563,3,2
random,400,40,237,75.0,73.0,100.0,102.0,74.0,74.0,109.0,199.5,0.02238769563769563,3,2
random,400,40,238,215.0,291.0,212.0,206.0,291.0,291.0,220.0,199.5,0.02238769563769563,3,2
random,400,40,239,157.0,178.0,183.0,187.0,174.0,174.0,186.0,199.5,0.02238769563769563,3,2
random,400,40,240,314.0,305.0,359.0,362.0,313.0,313.0,339.0,199.5,0.02238769563769563,3,2
random,400,40,241,268.0,351.0,263.0,260.0,345.0,345.0,270.0,199.5,0.02238769563769563,3,2
random,400,40,242,357.0,370.0,375.0,375.0,370.0,370.0,368.0,199.5,0.02238769563769563,3,2
random,400,40,243,314.0,284.0,299.0,299.0,290.0,290.0,334.0,199.5,0.02238769563769563,3,2
random,400,40,244,5.0,4.0,3.0,3.0,4.0,4.0,7.0,199.5,0.02238769563769563,3,2
random,400,40,245,268.0,272.0,320.0,321.0,275.0,275.0,309.0,199.5,0.02238769563769563,3,2
random,400,40,246,75.0,44.0,85.0,84.0,53.0,53.0,103.0,199.5,0.02238769563769563,3,2
random,400,40,247,75.0,57.0,102.0,101.0,63.0,63.0,107.0,199.5,0.02238769563769563,3,2
random,400,40,248,32.0,42.0,41.0,41.0,41.0,41.0,42.0,199.5,0.02238769563769563,3,2
random,400,40,249,157.0,214.0,186.0,185.0,215.0,215.0,184.0,199.5,0.02238769563769563,3,2
random,400,40,250,157.0,208.0,200.0,199.0,212.0,212.0,180.0,199.5,0.02238769563769563,3,2
random,400,40,251,357.0,362.0,369.0,372.0,360.0,360.0,377.0,199.5,0.02238769563769563,3,2
random,400,40,252,215.0,131.0,196.0,190.0,149.0,149.0,251.0,199.5,0.02238769563769563,3,2
random,400,40,253,5.0,17.0,8.0,8.0,14.0,14.0,5.0,199.5,0.02238769563769563,3,2
random,400,40,254,314.0,349.0,357.0,358.0,352.0,352.0,340.0,199.5,0.02238769563769563,3,2
random,400,40,255,157.0,175.0,151.0,152.0,171.0,171.0,181.0,199.5,0.02238769563769563,3,2
random,400,40,256,215.0,255.0,171.0,170.0,251.0,251.0,219.0,199.5,0.02238769563769563,3,2
random,400,40,257,381.0,383.0,387.0,386.0,383.0,383.0,389.0,199.5,0.02238769563769563,3,2
random,400,40,258,268.0,343.0,315.0,314.0,340.0,340.0,276.0,199.5,0.02238769563769563,3,2
random,400,40,259,268.0,285.0,297.0,298.0,284.0,284.0,301.0,199.5,0.02238769563769563,3,2
random,400,40,260,116.0,120.0,149.0,149.0,126.0,126.0,144.0,199.5,0.02238769563769563,3,2
random,400,40,261,215.0,181.0,219.0,225.0,185.0,185.0,254.0,199.5,0.02238769563769563,3,2
random,400,40,262,157.0,148.0,233.0,239.0,151.0,151.0,201.0,199.5,0.02238769563769563,3,2
random,400,40,263,116.0,195.0,165.0,163.0,183.0,183.0,129.0,199.5,0.02238769563769563,3,2
random,400,40,264,32.0,75.0,46.0,45.0,67.0,67.0,32.0,199.5,0.02238769563769563,3,2
random,400,40,265,157.0,120.0,204.0,216.0,130.0,130.0,212.0,199.5,0.02238769563769563,3,2
random,400,40,266,215.0,185.0,246.0,244.0,199.0,199.0,255.0,199.5,0.02238769563769563,3,2
random,400,40,267,32.0,38.0,50.0,56.0,39.0,39.0,48.0,199.5,0.02238769563769563,3,2
random,400,40,268,314.0,320.0,321.0,318.0,322.0,322.0,321.0,199.5,0.02238769563769563,3,2
random,400,40,269,52.0,133.0,53.0,51.0,119.0,119.0,52.0,199.5,0.02238769563769563,3,2
random,400,40,270,314.0,357.0,360.0,360.0,354.0,354.0,327.0,199.5,0.02238769563769563,3,2
random,400,40,271,357.0,350.0,333.0,332.0,353.0,353.0,367.0,199.5,0.02238769563769563,3,2
random,400,40,272,357.0,319.0,373.0,374.0,325.0,325.0,380.0,199.5,0.02238769563769563,3,2
random,400,40,273,157.0,202.0,166.0,169.0,197.0,197.0,182.0,199.5,0.02238769563769563,3,2
random,400,40,274,215.0,188.0,273.0,275.0,204.0,204.0,265.0,199.5,0.02238769563769563,3,2
random,400,40,275,75.0,167.0,96.0,95.0,159.0,159.0,76.0,199.5,0.02238769563769563,3,2
random,400,40,276,25.0,24.0,17.0,19.0,25.0,25.0,25.0,199.5,0.02238769563769563,3,2
random,400,40,277,215.0,288.0,275.0,273.0,285.0,285.0,234.0,199.5,0.02238769563769563,3,2
random,400,40,278,75.0,52.0,106.0,107.0,59.0,59.0,110.0,199.5,0.02238769563769563,3,2
random,400,40,279,357.0,384.0,368.0,366.0,384.0,384.0,360.0,199.5,0.02238769563769563,3,2
random,400,40,280,116.0,167.0,161.0,158.0,169.0,169.0,132.0,199.5,0.02238769563769563,3,2
random,400,40,281,268.0,260.0,295.0,301.0,268.0,268.0,306.0,199.5,0.02238769563769563,3,2
random,400,40,282,157.0,193.0,221.0,218.0,200.0,200.0,187.0,199.5,0.02238769563769563,3,2
random,400,40,283,116.0,167.0,150.0,155.0,159.0,159.0,140.0,199.5,0.02238769563769563,3,2
random,400,40,284,314.0,346.0,325.0,324.0,349.0,349.0,320.0,199.5,0.02238769563769563,3,2
random,400,40,285,1.0,22.0,4.0,4.0,11.0,11.0,2.0,199.5,0.02238769563769563,3,2
random,400,40,286,381.0,386.0,382.0,382.0,387.0,387.0,382.0,199.5,0.02238769563769563,3,2
random,400,40,287,381.0,393.0,388.0,388.0,393.0,393.0,386.0,199.5,0.02238769563769563,3,2
random,400,40,288,357.0,359.0,364.0,364.0,361.0,361.0,373.0,199.5,0.02238769563769563,3,2
random,400,40,289,25.0,23.0,29.0,28.0,23.0,23.0,28.0,199.5,0.02238769563769563,3,2
random,400,40,290,268.0,280.0,322.0,323.0,287.0,287.0,298.0,199.5,0.02238769563769563,3,2
random,400,40,291,75.0,101.0,97.0,96.0,102.0,102.0,92.0,199.5,0.02238769563769563,3,2
random,400,40,292,157.0,278.0,229.0,232.0,272.0,272.0,167.0,199.5,0.02238769563769563,3,2
random,400,40,293,381.0,387.0,384.0,384.0,388.0,388.0,388.0,199.5,0.02238769563769563,3,2
random,400,40,294,75.0,44.0,68.0,67.0,49.0,49.0,105.0,199.5,0.02238769563769563,3,2
random,400,40,295,314.0,308.0,301.0,304.0,309.0,309.0,337.0,199.5,0.02238769563769563,3,2
random,400,40,296,32.0,84.0,88.0,92.0,72.0,72.0,45.0,199.5,0.02238769563769563,3,2
random,400,40,297,14.0,36.0,20.0,18.0,32.0,32.0,18.0,199.5,0.02238769563769563,3,2
random,400,40,298,314.0,353.0,332.0,333.0,350.0,350.0,338.0,199.5,0.02238769563769563,3,2
random,400,40,299,215.0,227.0,274.0,272.0,235.0,235.0,260.0,199.5,0.02238769563769563,3,2
random,400,40,300,116.0,139.0,155.0,167.0,135.0,135.0,149.0,199.5,0.02238769563769563,3,2
random,400,40,301,52.0,109.0,49.0,49.0,94.0,94.0,54.0,199.5,0.02238769563769563,3,2
random,400,40,302,157.0,198.0,119.0,117.0,197.0,197.0,166.0,199.5,0.02238769563769563,3,2
random,400,40,303,314.0,345.0,313.0,308.0,347.0,347.0,317.0,199.5,0.02238769563769563,3,2
random,400,40,304,215.0,312.0,255.0,254.0,303.0,303.0,222.0,199.5,0.02238769563769563,3,2
random,400,40,305,215.0,204.0,193.0,191.0,216.0,216.0,230.0,199.5,0.02238769563769563,3,2
random,400,40,306,314.0,329.0,355.0,352.0,330.0,330.0,333.0,199.5,0.02238769563769563,3,2
random,400,40,307,314.0,289.0,314.0,311.0,296.0,296.0,348.0,199.5,0.02238769563769563,3,2
random,400,40,308,357.0,382.0,367.0,368.0,381.0,381.0,364.0,199.5,0.02238769563769563,3,2
random,400,40,309,32.0,57.0,54.0,54.0,50.0,50.0,44.0,199.5,0.02238769563769563,3,2
random,400,40,310,116.0,235.0,160.0,160.0,219.0,219.0,122.0,199.5,0.02238769563769563,3,2
random,400,40,311,157.0,193.0,133.0,136.0,188.0,188.0,165.0,199.5,0.02238769563769563,3,2
random,400,40,312,314.0,301.0,337.0,341.0,299.0,299.0,353.0,199.5,0.02238769563769563,3,2
random,400,40,313,215.0,291.0,267.0,265.0,289.0,289.0,224.0,199.5,0.02238769563769563,3,2
random,400,40,314,14.0,19.0,25.0,26.0,18.0,18.0,22.0,199.5,0.02238769563769563,3,2
random,400,40,315,32.0,70.0,42.0,43.0,57.0,57.0,39.0,199.5,0.02238769563769563,3,2
random,400,40,316,314.0,364.0,330.0,329.0,359.0,359.0,319.0,199.5,0.02238769563769563,3,2
random,400,40,317,75.0,128.0,103.0,97.0,120.0,120.0,88.0,199.5,0.02238769563769563,3,2
random,400,40,318,116.0,128.0,147.0,146.0,124.0,124.0,147.0,199.5,0.02238769563769563,3,2
random,400,40,319,75.0,73.0,92.0,88.0,79.0,79.0,100.0,199.5,0.02238769563769563,3,2
random,400,40,320,215.0,150.0,254.0,257.0,163.0,163.0,264.0,199.5,0.02238769563769563,3,2
random,400,40,321,395.0,389.0,398.0,398.0,389.0,389.0,398.0,199.5,0.02238769563769563,3,2
random,400,40,322,116.0,115.0,176.0,174.0,120.0,120.0,154.0,199.5,0.02238769563769563,3,2
random,400,40,323,268.0,280.0,296.0,297.0,283.0,283.0,296.0,199.5,0.02238769563769563,3,2
random,400,40,324,157.0,227.0,214.0,217.0,223.0,223.0,178.0,199.5,0.02238769563769563,3,2
random,400,40,325,357.0,369.0,363.0,363.0,369.0,369.0,365.0,199.5,0.02238769563769563,3,2
random,400,40,326,116.0,101.0,135.0,132.0,113.0,113.0,137.0,199.5,0.02238769563769563,3,2
random,400,40,327,268.0,325.0,311.0,305.0,323.0,323.0,284.0,199.5,0.02238769563769563,3,2
random,400,40,328,268.0,249.0,224.0,209.0,255.0,255.0,274.0,199.5,0.02238769563769563,3,2
random,400,40,329,5.0,7.0,15.0,16.0,6.0,6.0,9.0,199.5,0.02238769563769563,3,2
random,400,40,330,116.0,164.0,136.0,131.0,156.0,156.0,134.0,199.5,0.02238769563769563,3,2
random,400,40,331,215.0,320.0,173.0,165.0,317.0,317.0,204.0,199.5,0.02238769563769563,3,2
random,400,40,332,357.0,390.0,307.0,300.0,390.0,390.0,329.0,199.5,0.02238769563769563,3,2
random,400,40,333,268.0,297.0,272.0,266.0,298.0,298.0,277.0,199.5,0.02238769563769563,3,2
random,400,40,334,215.0,221.0,206.0,204.0,231.0,231.0,229.0,199.5,0.02238769563769563,3,2
random,400,40,335,268.0,230.0,284.0,285.0,237.0,237.0,310.0,199.5,0.02238769563769563,3,2
random,400,40,336,52.0,82.0,48.0,48.0,77.0,77.0,59.0,199.5,0.02238769563769563,3,2
random,400,40,337,157.0,109.0,145.0,145.0,123.0,123.0,199.0,199.5,0.02238769563769563,3,2
random,400,40,338,268.0,245.0,306.0,309.0,254.0,254.0,302.0,199.5,0.02238769563769563,3,2
random,400,40,339,25.0,12.0,28.0,29.0,13.0,13.0,29.0,199.5,0.02238769563769563,3,2
random,400,40,340,116.0,120.0,121.0,122.0,126.0,126.0,123.0,199.5,0.02238769563769563,3,2
random,400,40,341,357.0,372.0,371.0,370.0,373.0,373.0,366.0,199.5,0.02238769563769563,3,2
random,400,40,342,32.0,32.0,33.0,37.0,35.0,35.0,40.0,199.5,0.02238769563769563,3,2
random,400,40,343,157.0,166.0,172.0,175.0,170.0,170.0,202.0,199.5,0.02238769563769563,3,2
random,400,40,344,157.0,135.0,177.0,176.0,137.0,137.0,210.0,199.5,0.02238769563769563,3,2
random,400,40,345,268.0,255.0,309.0,312.0,260.0,260.0,305.0,199.5,0.02238769563769563,3,2
random,400,40,346,52.0,70.0,37.0,35.0,65.0,65.0,53.0,199.5,0.02238769563769563,3,2
random,400,40,347,268.0,267.0,268.0,263.0,275.0,275.0,286.0,199.5,0.02238769563769563,3,2
random,400,40,348,357.0,387.0,362.0,359.0,386.0,386.0,356.0,199.5,0.02238769563769563,3,2
random,400,40,349,314.0,310.0,348.0,350.0,311.0,311.0,354.0,199.5,0.02238769563769563,3,2
random,400,40,350,395.0,397.0,394.0,394.0,397.0,397.0,396.0,199.5,0.02238769563769563,3,2
random,400,40,351,357.0,377.0,372.0,369.0,377.0,377.0,363.0,199.5,0.02238769563769563,3,2
random,400,40,352,268.0,236.0,286.0,287.0,248.0,248.0,303.0,199.5,0.02238769563769563,3,2
random,400,40,353,395.0,399.0,397.0,396.0,399.0,399.0,395.0,199.5,0.02238769563769563,3,2
random,400,40,354,157.0,245.0,179.0,181.0,239.0,239.0,161.0,199.5,0.02238769563769563,3,2
random,400,40,355,314.0,315.0,334.0,335.0,320.0,320.0,325.0,199.5,0.02238769563769563,3,2
random,400,40,356,215.0,242.0,261.0,256.0,238.0,238.0,253.0,199.5,0.02238769563769563,3,2
random,400,40,357,116.0,106.0,112.0,109.0,114.0,114.0,127.0,199.5,0.02238769563769563,3,2
random,400,40,358,268.0,313.0,316.0,317.0,305.0,305.0,287.0,199.5,0.02238769563769563,3,2
random,400,40,359,10.0,17.0,10.0,12.0,16.0,16.0,12.0,199.5,0.02238769563769563,3,2
random,400,40,360,52.0,109.0,78.0,78.0,105.0,105.0,63.0,199.5,0.02238769563769563,3,2
random,400,40,361,116.0,150.0,114.0,112.0,146.0,146.0,120.0,199.5,0.02238769563769563,3,2
random,400,40,362,75.0,173.0,130.0,135.0,157.0,157.0,95.0,199.5,0.02238769563769563,3,2
random,400,40,363,157.0,220.0,234.0,236.0,209.0,209.0,196.0,199.5,0.02238769563769563,3,2
random,400,40,364,75.0,76.0,99.0,99.0,83.0,83.0,101.0,199.5,0.02238769563769563,3,2
random,400,40,365,314.0,249.0,328.0,330.0,259.0,259.0,357.0,199.5,0.02238769563769563,3,2
random,400,40,366,215.0,263.0,238.0,240.0,265.0,265.0,232.0,199.5,0.02238769563769563,3,2
random,400,40,367,357.0,378.0,347.0,344.0,378.0,378.0,361.0,199.5,0.02238769563769563,3,2
random,400,40,368,314.0,367.0,352.0,347.0,366.0,366.0,316.0,199.5,0.02238769563769563,3,2
random,400,40,369,116.0,230.0,158.0,151.0,217.0,217.0,117.0,199.5,0.02238769563769563,3,2
random,400,40,370,52.0,70.0,62.0,59.0,66.0,66.0,68.0,199.5,0.02238769563769563,3,2
random,400,40,371,357.0,361.0,380.0,380.0,365.0,365.0,374.0,199.5,0.02238769563769563,3,2
random,400,40,372,32.0,63.0,45.0,44.0,58.0,58.0,35.0,199.5,0.02238769563769563,3,2
random,400,40,373,3.0,1.0,2.0,2.0,1.0,1.0,3.0,199.5,0.02238769563769563,3,2
random,400,40,374,32.0,106.0,82.0,80.0,86.0,86.0,43.0,199.5,0.02238769563769563,3,2
random,400,40,375,116.0,68.0,137.0,138.0,75.0,75.0,148.0,199.5,0.02238769563769563,3,2
random,400,40,376,157.0,221.0,167.0,166.0,208.0,208.0,171.0,199.5,0.02238769563769563,3,2
random,400,40,377,52.0,95.0,101.0,106.0,91.0,91.0,72.0,199.5,0.02238769563769563,3,2
random,400,40,378,157.0,265.0,181.0,182.0,252.0,252.0,170.0,199.5,0.02238769563769563,3,2
random,400,40,379,116.0,150.0,139.0,137.0,146.0,146.0,126.0,199.5,0.02238769563769563,3,2
random,400,40,380,215.0,179.0,198.0,196.0,182.0,182.0,243.0,199.5,0.02238769563769563,3,2
random,400,40,381,268.0,294.0,312.0,319.0,297.0,297.0,292.0,199.5,0.02238769563769563,3,2
random,400,40,382,32.0,19.0,32.0,33.0,22.0,22.0,50.0,199.5,0.02238769563769563,3,2
random,400,40,383,381.0,392.0,383.0,383.0,392.0,392.0,383.0,199.5,0.02238769563769563,3,2
random,400,40,384,314.0,381.0,327.0,326.0,379.0,379.0,314.0,199.5,0.02238769563769563,3,2
random,400,40,385,314.0,336.0,338.0,338.0,342.0,342.0,322.0,199.5,0.02238769563769563,3,2
random,400,40,386,357.0,380.0,385.0,385.0,380.0,380.0,369.0,199.5,0.02238769563769563,3,2
random,400,40,387,52.0,59.0,73.0,68.0,56.0,56.0,65.0,199.5,0.02238769563769563,3,2
random,400,40,388,357.0,375.0,379.0,379.0,374.0,374.0,370.0,199.5,0.02238769563769563,3,2
random,400,40,389,52.0,38.0,79.0,85.0,40.0,40.0,75.0,199.5,0.02238769563769563,3,2
random,400,40,390,157.0,157.0,129.0,125.0,155.0,155.0,174.0,199.5,0.02238769563769563,3,2
random,400,40,391,75.0,135.0,125.0,123.0,133.0,133.0,97.0,199.5,0.02238769563769563,3,2
random,400,40,392,215.0,242.0,279.0,279.0,245.0,245.0,246.0,199.5,0.02238769563769563,3,2
random,400,40,393,32.0,31.0,63.0,61.0,34.0,34.0,49.0,199.5,0.02238769563769563,3,2
random,400,40,394,268.0,308.0,230.0,226.0,306.0,306.0,271.0,199.5,0.02238769563769563,3,2
random,400,40,395,116.0,144.0,152.0,150.0,148.0,148.0,128.0,199.5,0.02238769563769563,3,2
random,400,40,396,52.0,120.0,71.0,66.0,107.0,107.0,60.0,199.5,0.02238769563769563,3,2
random,400,40,397,14.0,19.0,27.0,27.0,20.0,20.0,23.0,199.5,0.02238769563769563,3,2
random,400,40,398,116.0,150.0,109.0,105.0,151.0,151.0,118.0,199.5,0.02238769563769563,3,2
random,400,40,399,157.0,185.0,197.0,197.0,186.0,186.0,183.0,199.5,0.02238769563769563,3,2
