random,400,45,0,278.0,309.0,287.0,286.0,308.0,308.0,290.0,199.5,0.021071317571317572,3,2
random,400,45,1,226.0,185.0,267.0,267.0,199.0,199.0,269.0,199.5,0.021071317571317572,3,2
random,400,45,2,118.0,156.0,112.0,106.0,151.0,151.0,124.0,199.5,0.021071317571317572,3,2
random,400,45,3,331.0,389.0,351.0,349.0,388.0,388.0,331.0,199.5,0.021071317571317572,3,2
random,400,45,4,70.0,108.0,92.0,84.0,109.0,109.0,80.0,199.5,0.021071317571317572,3,2
random,400,45,5,364.0,383.0,353.0,351.0,383.0,383.0,365.0,199.5,0.021071317571317572,3,2
random,400,45,6,164.0,289.0,173.0,171.0,286.0,286.0,165.0,199.5,0.021071317571317572,3,2
random,400,45,7,164.0,200.0,213.0,209.0,197.0,197.0,192.0,199.5,0.021071317571317572,3,2
random,400,45,8,3.0,14.0,6.0,6.0,11.0,11.0,4.0,199.5,0.021071317571317572,3,2
random,400,45,9,226.0,253.0,234.0,230.0,253.0,253.0,243.0,199.5,0.021071317571317572,3,2
random,400,45,10,278.0,278.0,312.0,315.0,274.0,274.0,323.0,199.5,0.021071317571317572,3,2
random,400,45,11,43.0,53.0,59.0,59.0,54.0,54.0,55.0,199.5,0.021071317571317572,3,2
random,400,45,12,164.0,168.0,178.0,181.0,185.0,185.0,183.0,199.5,0.021071317571317572,3,2
random,400,45,13,278.0,332.0,315.0,314.0,329.0,329.0,297.0,199.5,0.021071317571317572,3,2
random,400,45,14,226.0,276.0,270.0,268.0,276.0,276.0,241.0,199.5,0.021071317571317572,3,2
random,400,45,15,226.0,273.0,180.0,179.0,268.0,268.0,227.0,199.5,0.021071317571317572,3,2
random,400,45,16,226.0,212.0,281.0,277.0,218.0,218.0,270.0,199.5,0.021071317571317572,3,2
random,400,45,17,118.0,100.0,119.0,118.0,102.0,102.0,159.0,199.5,0.021071317571317572,3,2
random,400,45,18,331.0,380.0,370.0,371.0,380.0,380.0,337.0,199.5,0.021071317571317572,3,2
random,400,45,19,118.0,108.0,148.0,149.0,112.0,112.0,162.0,199.5,0.021071317571317572,3,2
random,400,45,20,1.0,1.0,1.0,2.0,1.0,1.0,2.0,199.5,0.021071317571317572,3,2
random,400,45,21,118.0,131.0,95.0,97.0,141.0,141.0,120.0,199.5,0.021071317571317572,3,2
random,400,45,22,70.0,127.0,130.0,130.0,118.0,118.0,92.0,199.5,0.021071317571317572,3,2
random,400,45,23,226.0,144.0,259.0,262.0,168.0,168.0,274.0,199.5,0.021071317571317572,3,2
random,400,45,24,43.0,122.0,62.0,60.0,110.0,110.0,51.0,199.5,0.021071317571317572,3,2
random,400,45,25,118.0,60.0,132.0,132.0,78.0,78.0,158.0,199.5,0.021071317571317572,3,2
random,400,45,26,331.0,334.0,342.0,340.0,338.0,338.0,342.0,199.5,0.021071317571317572,3,2
random,400,45,27,118.0,99.0,139.0,140.0,106.0,106.0,156.0,199.5,0.021071317571317572,3,2
random,400,45,28,226.0,256.0,246.0,249.0,255.0,255.0,246.0,199.5,0.021071317571317572,3,2
random,400,45,29,164.0,189.0,196.0,198.0,192.0,192.0,206.0,199.5,0.021071317571317572,3,2
random,400,45,30,164.0,231.0,171.0,174.0,219.0,219.0,176.0,199.5,0.021071317571317572,3,2
random,400,45,31,70.0,172.0,83.0,79.0,153.0,153.0,72.0,199.5,0.021071317571317572,3,2
random,400,45,32,118.0,144.0,140.0,143.0,145.0,145.0,143.0,199.5,0.021071317571317572,3,2
random,400,45,33,18.0,64.0,34.0,36.0,58.0,58.0,24.0,199.5,0.021071317571317572,3,2
random,400,45,34,164.0,185.0,253.0,251.0,193.0,193.0,217.0,199.5,0.021071317571317572,3,2
random,400,45,35,18.0,87.0,24.0,24.0,77.0,77.0,18.0,199.5,0.021071317571317572,3,2
random,400,45,36,18.0,33.0,40.0,40.0,33.0,33.0,34.0,199.5,0.021071317571317572,3,2
random,400,45,37,18.0,11.0,23.0,22.0,13.0,13.0,40.0,199.5,0.021071317571317572,3,2
random,400,45,38,43.0,64.0,52.0,53.0,69.0,69.0,52.0,199.5,0.021071317571317572,3,2
random,400,45,39,118.0,92.0,123.0,126.0,95.0,95.0,147.0,199.5,0.021071317571317572,3,2
random,400,45,40,18.0,37.0,35.0,34.0,35.0,35.0,26.0,199.5,0.021071317571317572,3,2
random,400,45,41,226.0,218.0,237.0,237.0,232.0,232.0,257.0,199.5,0.021071317571317572,3,2
random,400,45,42,118.0,193.0,181.0,187.0,189.0,189.0,141.0,199.5,0.021071317571317572,3,2
random,400,45,43,164.0,152.0,167.0,160.0,157.0,157.0,199.0,199.5,0.021071317571317572,3,2
random,400,45,44,278.0,236.0,319.0,325.0,250.0,250.0,325.0,199.5,0.021071317571317572,3,2
random,400,45,45,226.0,241.0,264.0,264.0,242.0,242.0,259.0,199.5,0.021071317571317572,3,2
random,400,45,46,70.0,56.0,84.0,89.0,64.0,64.0,105.0,199.5,0.021071317571317572,3,2
random,400,45,47,70.0,85.0,76.0,71.0,88.0,88.0,88.0,199.5,0.021071317571317572,3,2
random,400,45,48,364.0,305.0,385.0,385.0,320.0,320.0,387.0,199.5,0.021071317571317572,3,2
random,400,45,49,118.0,115.0,144.0,139.0,122.0,122.0,144.0,199.5,0.021071317571317572,3,2
random,400,45,50,278.0,309.0,294.0,295.0,307.0,307.0,305.0,199.5,0.021071317571317572,3,2
random,400,45,51,70.0,83.0,48.0,45.0,81.0,81.0,81.0,199.5,0.021071317571317572,3,2
random,400,45,52,278.0,343.0,288.0,283.0,337.0,337.0,282.0,199.5,0.021071317571317572,3,2
random,400,45,53,364.0,356.0,372.0,372.0,359.0,359.0,382.0,199.5,0.021071317571317572,3,2
random,400,45,54,43.0,43.0,56.0,54.0,45.0,45.0,61.0,199.5,0.021071317571317572,3,2
random,400,45,55,118.0,222.0,69.0,70.0,202.0,202.0,112.0,199.5,0.021071317571317572,3,2
random,400,45,56,7.0,27.0,10.0,9.0,23.0,23.0,8.0,199.5,0.021071317571317572,3,2
random,400,45,57,164.0,215.0,224.0,227.0,214.0,214.0,204.0,199.5,0.021071317571317572,3,2
random,400,45,58,7.0,9.0,11.0,10.0,9.0,9.0,10.0,199.5,0.021071317571317572,3,2
random,400,45,59,226.0,313.0,252.0,241.0,306.0,306.0,231.0,199.5,0.021071317571317572,3,2
random,400,45,60,278.0,292.0,284.0,285.0,291.0,291.0,311.0,199.5,0.021071317571317572,3,2
random,400,45,61,43.0,58.0,89.0,87.0,55.0,55.0,67.0,199.5,0.021071317571317572,3,2
random,400,45,62,118.0,193.0,125.0,119.0,191.0,191.0,122.0,199.5,0.021071317571317572,3,2
random,400,45,63,118.0,162.0,216.0,216.0,155.0,155.0,160.0,199.5,0.021071317571317572,3,2
random,400,45,64,164.0,205.0,198.0,197.0,204.0,204.0,194.0,199.5,0.021071317571317572,3,2
random,400,45,65,164.0,152.0,239.0,247.0,165.0,165.0,218.0,199.5,0.021071317571317572,3,2
random,400,45,66,331.0,329.0,341.0,342.0,333.0,333.0,346.0,199.5,0.021071317571317572,3,2
random,400,45,67,278.0,349.0,304.0,301.0,347.0,347.0,280.0,199.5,0.021071317571317572,3,2
random,400,45,68,164.0,113.0,207.0,215.0,133.0,133.0,219.0,199.5,0.021071317571317572,3,2
random,400,45,69,164.0,144.0,170.0,169.0,156.0,156.0,196.0,199.5,0.021071317571317572,3,2
random,400,45,70,164.0,187.0,209.0,214.0,187.0,187.0,215.0,199.5,0.021071317571317572,3,2
random,400,45,71,331.0,364.0,348.0,347.0,363.0,363.0,335.0,199.5,0.021071317571317572,3,2
random,400,45,72,278.0,215.0,328.0,328.0,228.0,228.0,330.0,199.5,0.021071317571317572,3,2
random,400,45,73,278.0,315.0,274.0,272.0,318.0,318.0,281.0,199.5,0.021071317571317572,3,2
random,400,45,74,118.0,125.0,151.0,151.0,138.0,138.0,137.0,199.5,0.021071317571317572,3,2
random,400,45,75,331.0,369.0,347.0,346.0,367.0,367.0,339.0,199.5,0.021071317571317572,3,2
random,400,45,76,394.0,398.0,394.0,394.0,398.0,398.0,394.0,199.5,0.021071317571317572,3,2
random,400,45,77,3.0,3.0,2.0,1.0,3.0,3.0,3.0,199.5,0.021071317571317572,3,2
random,400,45,78,43.0,39.0,61.0,61.0,43.0,43.0,60.0,199.5,0.021071317571317572,3,2
random,400,45,79,164.0,253.0,186.0,182.0,244.0,244.0,168.0,199.5,0.021071317571317572,3,2
random,400,45,80,226.0,299.0,236.0,235.0,298.0,298.0,232.0,199.5,0.021071317571317572,3,2
random,400,45,81,226.0,269.0,269.0,271.0,264.0,264.0,264.0,199.5,0.021071317571317572,3,2
random,400,45,82,70.0,87.0,109.0,113.0,86.0,86.0,95.0,199.5,0.021071317571317572,3,2
random,400,45,83,18.0,24.0,25.0,26.0,26.0,26.0,25.0,199.5,0.021071317571317572,3,2
random,400,45,84,118.0,138.0,166.0,168.0,144.0,144.0,139.0,199.5,0.021071317571317572,3,2
random,400,45,85,43.0,71.0,60.0,62.0,66.0,66.0,59.0,199.5,0.021071317571317572,3,2
random,400,45,86,226.0,250.0,277.0,280.0,254.0,254.0,266.0,199.5,0.021071317571317572,3,2
random,400,45,87,43.0,108.0,115.0,120.0,100.0,100.0,65.0,199.5,0.021071317571317572,3,2
random,400,45,88,394.0,397.0,393.0,393.0,397.0,397.0,395.0,199.5,0.021071317571317572,3,2
random,400,45,89,118.0,144.0,157.0,158.0,148.0,148.0,152.0,199.5,0.021071317571317572,3,2
random,400,45,90,226.0,162.0,263.0,266.0,180.0,180.0,271.0,199.5,0.021071317571317572,3,2
random,400,45,91,164.0,210.0,160.0,161.0,206.0,206.0,177.0,199.5,0.021071317571317572,3,2
random,400,45,92,70.0,200.0,134.0,133.0,182.0,182.0,74.0,199.5,0.021071317571317572,3,2
random,400,45,93,331.0,350.0,363.0,362.0,353.0,353.0,352.0,199.5,0.021071317571317572,3,2
random,400,45,94,164.0,122.0,190.0,195.0,134.0,134.0,213.0,199.5,0.021071317571317572,3,2
random,400,45,95,331.0,366.0,361.0,363.0,362.0,362.0,345.0,199.5,0.021071317571317572,3,2
random,400,45,96,331.0,340.0,340.0,339.0,340.0,340.0,350.0,199.5,0.021071317571317572,3,2
random,400,45,97,118.0,168.0,131.0,129.0,161.0,161.0,129.0,199.5,0.021071317571317572,3,2
random,400,45,98,226.0,264.0,227.0,228.0,263.0,263.0,233.0,199.5,0.021071317571317572,3,2
random,400,45,99,43.0,30.0,45.0,43.0,32.0,32.0,62.0,199.5,0.021071317571317572,3,2
random,400,45,100,70.0,75.0,118.0,121.0,70.0,70.0,114.0,199.5,0.021071317571317572,3,2
random,400,45,101,278.0,264.0,311.0,311.0,276.0,276.0,322.0,199.5,0.021071317571317572,3,2
random,400,45,102,70.0,47.0,94.0,105.0,51.0,51.0,107.0,199.5,0.021071317571317572,3,2
random,400,45,103,13.0,21.0,15.0,14.0,21.0,21.0,13.0,199.5,0.021071317571317572,3,2
random,400,45,104,226.0,261.0,258.0,258.0,259.0,259.0,245.0,199.5,0.021071317571317572,3,2
random,400,45,105,118.0,133.0,172.0,172.0,141.0,141.0,155.0,199.5,0.021071317571317572,3,2
random,400,45,106,278.0,338.0,323.0,320.0,331.0,331.0,310.0,199.5,0.021071317571317572,3,2
random,400,45,107,3.0,2.0,4.0,4.0,2.0,2.0,6.0,199.5,0.021071317571317572,3,2
random,400,45,108,43.0,26.0,74.0,75.0,30.0,30.0,69.0,199.5,0.021071317571317572,3,2
random,400,45,109,226.0,196.0,231.0,231.0,216.0,216.0,244.0,199.5,0.021071317571317572,3,2
random,400,45,110,226.0,276.0,229.0,224.0,273.0,273.0,234.0,199.5,0.021071317571317572,3,2
random,400,45,111,226.0,299.0,232.0,233.0,299.0,299.0,229.0,199.5,0.021071317571317572,3,2
random,400,45,112,364.0,363.0,378.0,378.0,366.0,366.0,383.0,199.5,0.021071317571317572,3,2
random,400,45,113,226.0,231.0,244.0,239.0,239.0,239.0,256.0,199.5,0.021071317571317572,3,2
random,400,45,114,118.0,184.0,182.0,184.0,179.0,179.0,128.0,199.5,0.021071317571317572,3,2
random,400,45,115,70.0,81.0,71.0,77.0,80.0,80.0,103.0,199.5,0.021071317571317572,3,2
random,400,45,116,70.0,71.0,143.0,142.0,74.0,74.0,111.0,199.5,0.021071317571317572,3,2
random,400,45,117,278.0,264.0,290.0,290.0,269.0,269.0,316.0,199.5,0.021071317571317572,3,2
random,400,45,118,394.0,395.0,395.0,396.0,396.0,396.0,396.0,199.5,0.021071317571317572,3,2
random,400,45,119,331.0,342.0,369.0,369.0,343.0,343.0,356.0,199.5,0.021071317571317572,3,2
random,400,45,120,278.0,289.0,308.0,312.0,293.0,293.0,306.0,199.5,0.021071317571317572,3,2
random,400,45,121,164.0,159.0,219.0,221.0,159.0,159.0,214.0,199.5,0.021071317571317572,3,2
random,400,45,122,70.0,56.0,116.0,116.0,55.0,55.0,118.0,199.5,0.021071317571317572,3,2
random,400,45,123,331.0,375.0,335.0,333.0,371.0,371.0,333.0,199.5,0.021071317571317572,3,2
random,400,45,124,70.0,131.0,105.0,100.0,128.0,128.0,79.0,199.5,0.021071317571317572,3,2
random,400,45,125,278.0,323.0,303.0,307.0,321.0,321.0,293.0,199.5,0.021071317571317572,3,2
random,400,45,126,388.0,389.0,387.0,387.0,389.0,389.0,390.0,199.5,0.021071317571317572,3,2
random,400,45,127,164.0,213.0,184.0,183.0,210.0,210.0,191.0,199.5,0.021071317571317572,3,2
random,400,45,128,278.0,284.0,318.0,327.0,285.0,285.0,326.0,199.5,0.021071317571317572,3,2
random,400,45,129,18.0,51.0,49.0,57.0,47.0,47.0,30.0,199.5,0.021071317571317572,3,2
random,400,45,130,43.0,75.0,37.0,37.0,68.0,68.0,47.0,199.5,0.021071317571317572,3,2
random,400,45,131,164.0,172.0,185.0,185.0,170.0,170.0,209.0,199.5,0.021071317571317572,3,2
random,400,45,132,278.0,305.0,298.0,296.0,303.0,303.0,301.0,199.5,0.021071317571317572,3,2
random,400,45,133,164.0,213.0,195.0,192.0,211.0,211.0,190.0,199.5,0.021071317571317572,3,2
random,400,45,134,278.0,303.0,283.0,279.0,304.0,304.0,284.0,199.5,0.021071317571317572,3,2
random,400,45,135,364.0,368.0,380.0,381.0,369.0,369.0,375.0,199.5,0.021071317571317572,3,2
random,400,45,136,164.0,245.0,202.0,194.0,235.0,235.0,186.0,199.5,0.021071317571317572,3,2
random,400,45,137,226.0,245.0,233.0,238.0,245.0,245.0,248.0,199.5,0.021071317571317572,3,2
random,400,45,138,278.0,350.0,313.0,309.0,345.0,345.0,289.0,199.5,0.021071317571317572,3,2
random,400,45,139,278.0,321.0,302.0,304.0,315.0,315.0,291.0,199.5,0.021071317571317572,3,2
random,400,45,140,226.0,159.0,279.0,282.0,171.0,171.0,276.0,199.5,0.021071317571317572,3,2
random,400,45,141,278.0,311.0,309.0,313.0,309.0,309.0,308.0,199.5,0.021071317571317572,3,2
random,400,45,142,226.0,262.0,197.0,188.0,261.0,261.0,236.0,199.5,0.021071317571317572,3,2
random,400,45,143,278.0,361.0,300.0,299.0,358.0,358.0,279.0,199.5,0.021071317571317572,3,2
random,400,45,144,118.0,178.0,114.0,102.0,178.0,178.0,125.0,199.5,0.021071317571317572,3,2
random,400,45,145,226.0,218.0,245.0,248.0,223.0,223.0,262.0,199.5,0.021071317571317572,3,2
random,400,45,146,118.0,240.0,137.0,136.0,222.0,222.0,123.0,199.5,0.021071317571317572,3,2
random,400,45,147,18.0,44.0,29.0,30.0,40.0,40.0,22.0,199.5,0.021071317571317572,3,2
random,400,45,148,278.0,259.0,292.0,288.0,265.0,265.0,321.0,199.5,0.021071317571317572,3,2
random,400,45,149,70.0,78.0,87.0,82.0,85.0,85.0,86.0,199.5,0.021071317571317572,3,2
random,400,45,150,164.0,113.0,251.0,253.0,123.0,123.0,225.0,199.5,0.021071317571317572,3,2
random,400,45,151,70.0,39.0,101.0,103.0,45.0,45.0,106.0,199.5,0.021071317571317572,3,2
random,400,45,152,164.0,133.0,223.0,226.0,146.0,146.0,223.0,199.5,0.021071317571317572,3,2
random,400,45,153,278.0,295.0,331.0,330.0,297.0,297.0,320.0,199.5,0.021071317571317572,3,2
random,400,45,154,164.0,227.0,230.0,229.0,233.0,233.0,193.0,199.5,0.021071317571317572,3,2
random,400,45,155,226.0,227.0,257.0,256.0,241.0,241.0,250.0,199.5,0.021071317571317572,3,2
random,400,45,156,278.0,325.0,307.0,305.0,325.0,325.0,292.0,199.5,0.021071317571317572,3,2
random,400,45,157,331.0,335.0,355.0,357.0,336.0,336.0,351.0,199.5,0.021071317571317572,3,2
random,400,45,158,164.0,119.0,210.0,218.0,128.0,128.0,221.0,199.5,0.021071317571317572,3,2
random,400,45,159,164.0,107.0,188.0,191.0,117.0,117.0,222.0,199.5,0.021071317571317572,3,2
random,400,45,160,278.0,305.0,265.0,259.0,302.0,302.0,285.0,199.5,0.021071317571317572,3,2
random,400,45,161,43.0,62.0,86.0,90.0,61.0,61.0,68.0,199.5,0.021071317571317572,3,2
random,400,45,162,118.0,218.0,150.0,159.0,205.0,205.0,135.0,199.5,0.021071317571317572,3,2
random,400,45,163,388.0,392.0,392.0,392.0,391.0,391.0,391.0,199.5,0.021071317571317572,3,2
random,400,45,164,164.0,231.0,206.0,208.0,229.0,229.0,178.0,199.5,0.021071317571317572,3,2
random,400,45,165,278.0,279.0,278.0,278.0,282.0,282.0,298.0,199.5,0.021071317571317572,3,2
random,400,45,166,18.0,21.0,30.0,28.0,27.0,27.0,29.0,199.5,0.021071317571317572,3,2
random,400,45,167,70.0,32.0,91.0,94.0,36.0,36.0,109.0,199.5,0.021071317571317572,3,2
random,400,45,168,331.0,352.0,333.0,334.0,357.0,357.0,336.0,199.5,0.021071317571317572,3,2
random,400,45,169,364.0,299.0,357.0,359.0,310.0,310.0,384.0,199.5,0.021071317571317572,3,2
random,400,45,170,18.0,17.0,26.0,29.0,17.0,17.0,42.0,199.5,0.021071317571317572,3,2
random,400,45,171,7.0,12.0,16.0,18.0,10.0,10.0,11.0,199.5,0.021071317571317572,3,2
random,400,45,172,278.0,325.0,321.0,326.0,327.0,327.0,302.0,199.5,0.021071317571317572,3,2
random,400,45,173,43.0,50.0,51.0,55.0,49.0,49.0,56.0,199.5,0.021071317571317572,3,2
random,400,45,174,331.0,324.0,320.0,318.0,328.0,328.0,341.0,199.5,0.021071317571317572,3,2
random,400,45,175,70.0,152.0,111.0,110.0,140.0,140.0,91.0,199.5,0.021071317571317572,3,2
random,400,45,176,164.0,207.0,222.0,220.0,207.0,207.0,202.0,199.5,0.021071317571317572,3,2
random,400,45,177,278.0,245.0,336.0,336.0,258.0,258.0,328.0,199.5,0.021071317571317572,3,2
random,400,45,178,70.0,90.0,85.0,80.0,91.0,91.0,94.0,199.5,0.021071317571317572,3,2
random,400,45,179,118.0,178.0,129.0,134.0,161.0,161.0,132.0,199.5,0.021071317571317572,3,2
random,400,45,180,388.0,393.0,388.0,388.0,393.0,393.0,389.0,199.5,0.021071317571317572,3,2
random,400,45,181,70.0,92.0,82.0,86.0,89.0,89.0,93.0,199.5,0.021071317571317572,3,2
random,400,45,182,226.0,269.0,242.0,243.0,270.0,270.0,239.0,199.5,0.021071317571317572,3,2
random,400,45,183,7.0,13.0,9.0,8.0,12.0,12.0,9.0,199.5,0.021071317571317572,3,2
random,400,45,184,43.0,67.0,78.0,83.0,60.0,60.0,66.0,199.5,0.021071317571317572,3,2
random,400,45,185,18.0,14.0,19.0,20.0,18.0,18.0,37.0,199.5,0.021071317571317572,3,2
random,400,45,186,364.0,375.0,376.0,379.0,376.0,376.0,376.0,199.5,0.021071317571317572,3,2
random,400,45,187,118.0,108.0,98.0,93.0,113.0,113.0,131.0,199.5,0.021071317571317572,3,2
random,400,45,188,164.0,200.0,254.0,254.0,201.0,201.0,216.0,199.5,0.021071317571317572,3,2
random,400,45,189,226.0,273.0,248.0,252.0,271.0,271.0,240.0,199.5,0.021071317571317572,3,2
random,400,45,190,278.0,286.0,282.0,284.0,289.0,289.0,300.0,199.5,0.021071317571317572,3,2
random,400,45,191,278.0,315.0,330.0,329.0,316.0,316.0,312.0,199.5,0.021071317571317572,3,2
random,400,45,192,118.0,58.0,142.0,141.0,71.0,71.0,164.0,199.5,0.021071317571317572,3,2
random,400,45,193,18.0,33.0,38.0,38.0,29.0,29.0,32.0,199.5,0.021071317571317572,3,2
random,400,45,194,331.0,340.0,329.0,321.0,342.0,342.0,334.0,199.5,0.021071317571317572,3,2
random,400,45,195,164.0,231.0,154.0,145.0,225.0,225.0,170.0,199.5,0.021071317571317572,3,2
random,400,45,196,18.0,10.0,22.0,21.0,14.0,14.0,38.0,199.5,0.021071317571317572,3,2
random,400,45,197,226.0,189.0,276.0,276.0,203.0,203.0,273.0,199.5,0.021071317571317572,3,2
random,400,45,198,164.0,329.0,176.0,165.0,314.0,314.0,161.0,199.5,0.021071317571317572,3,2
random,400,45,199,226.0,286.0,275.0,275.0,284.0,284.0,251.0,199.5,0.021071317571317572,3,2
random,400,45,200,226.0,241.0,289.0,292.0,239.0,239.0,267.0,199.5,0.021071317571317572,3,2
random,400,45,201,118.0,174.0,104.0,104.0,175.0,175.0,121.0,199.5,0.021071317571317572,3,2
random,400,45,202,118.0,174.0,138.0,138.0,163.0,163.0,133.0,199.5,0.021071317571317572,3,2
random,400,45,203,118.0,189.0,120.0,117.0,184.0,184.0,127.0,199.5,0.021071317571317572,3,2
random,400,45,204,118.0,162.0,68.0,69.0,166.0,166.0,119.0,199.5,0.021071317571317572,3,2
random,400,45,205,331.0,354.0,339.0,338.0,354.0,354.0,340.0,199.5,0.021071317571317572,3,2
random,400,45,206,164.0,279.0,218.0,223.0,267.0,267.0,181.0,199.5,0.021071317571317572,3,2
random,400,45,207,164.0,259.0,204.0,200.0,251.0,251.0,173.0,199.5,0.021071317571317572,3,2
random,400,45,208,164.0,178.0,156.0,162.0,174.0,174.0,185.0,199.5,0.021071317571317572,3,2
random,400,45,209,70.0,53.0,66.0,68.0,63.0,63.0,96.0,199.5,0.021071317571317572,3,2
random,400,45,210,226.0,297.0,256.0,245.0,296.0,296.0,230.0,199.5,0.021071317571317572,3,2
random,400,45,211,331.0,296.0,349.0,352.0,301.0,301.0,362.0,199.5,0.021071317571317572,3,2
random,400,45,212,70.0,67.0,90.0,91.0,72.0,72.0,97.0,199.5,0.021071317571317572,3,2
random,400,45,213,364.0,367.0,386.0,386.0,368.0,368.0,381.0,199.5,0.021071317571317572,3,2
random,400,45,214,43.0,105.0,17.0,15.0,100.0,100.0,21.0,199.5,0.021071317571317572,3,2
random,400,45,215,331.0,377.0,334.0,332.0,372.0,372.0,332.0,199.5,0.021071317571317572,3,2
random,400,45,216,18.0,6.0,18.0,17.0,8.0,8.0,39.0,199.5,0.021071317571317572,3,2
random,400,45,217,164.0,236.0,193.0,189.0,231.0,231.0,172.0,199.5,0.021071317571317572,3,2
random,400,45,218,118.0,127.0,152.0,148.0,135.0,135.0,153.0,199.5,0.021071317571317572,3,2
random,400,45,219,226.0,244.0,266.0,257.0,245.0,245.0,258.0,199.5,0.021071317571317572,3,2
random,400,45,220,70.0,36.0,100.0,108.0,38.0,38.0,116.0,199.5,0.021071317571317572,3,2
random,400,45,221,70.0,144.0,77.0,73.0,139.0,139.0,70.0,199.5,0.021071317571317572,3,2
random,400,45,222,226.0,222.0,255.0,255.0,230.0,230.0,260.0,199.5,0.021071317571317572,3,2
random,400,45,223,164.0,133.0,203.0,202.0,149.0,149.0,207.0,199.5,0.021071317571317572,3,2
random,400,45,224,70.0,37.0,103.0,114.0,43.0,43.0,117.0,199.5,0.021071317571317572,3,2
random,400,45,225,118.0,92.0,145.0,146.0,97.0,97.0,163.0,199.5,0.021071317571317572,3,2
random,400,45,226,331.0,315.0,344.0,343.0,324.0,324.0,354.0,199.5,0.021071317571317572,3,2
random,400,45,227,43.0,100.0,53.0,48.0,97.0,97.0,45.0,199.5,0.021071317571317572,3,2
random,400,45,228,226.0,162.0,238.0,242.0,181.0,181.0,265.0,199.5,0.021071317571317572,3,2
random,400,45,229,13.0,30.0,21.0,23.0,25.0,25.0,16.0,199.5,0.021071317571317572,3,2
random,400,45,230,364.0,378.0,359.0,358.0,378.0,378.0,370.0,199.5,0.021071317571317572,3,2
random,400,45,231,278.0,250.0,273.0,270.0,256.0,256.0,304.0,199.5,0.021071317571317572,3,2
random,400,45,232,164.0,236.0,158.0,156.0,237.0,237.0,167.0,199.5,0.021071317571317572,3,2
random,400,45,233,70.0,81.0,57.0,56.0,82.0,82.0,87.0,199.5,0.021071317571317572,3,2
random,400,45,234,226.0,231.0,240.0,240.0,238.0,238.0,249.0,199.5,0.021071317571317572,3,2
random,400,45,235,118.0,152.0,179.0,180.0,143.0,143.0,157.0,199.5,0.021071317571317572,3,2
random,400,45,236,278.0,303.0,324.0,323.0,305.0,305.0,309.0,199.5,0.021071317571317572,3,2
random,400,45,237,70.0,51.0,81.0,85.0,59.0,59.0,100.0,199.5,0.021071317571317572,3,2
random,400,45,238,164.0,282.0,217.0,213.0,275.0,275.0,171.0,199.5,0.021071317571317572,3,2
random,400,45,239,278.0,288.0,332.0,335.0,292.0,292.0,324.0,199.5,0.021071317571317572,3,2
random,400,45,240,226.0,264.0,250.0,244.0,272.0,272.0,237.0,199.5,0.021071317571317572,3,2
random,400,45,241,70.0,85.0,88.0,88.0,83.0,83.0,98.0,199.5,0.021071317571317572,3,2
random,400,45,242,70.0,140.0,99.0,95.0,136.0,136.0,77.0,199.5,0.021071317571317572,3,2
random,400,45,243,164.0,187.0,192.0,196.0,188.0,188.0,212.0,199.5,0.021071317571317572,3,2
random,400,45,244,278.0,365.0,295.0,291.0,361.0,361.0,278.0,199.5,0.021071317571317572,3,2
random,400,45,245,364.0,381.0,373.0,373.0,381.0,381.0,371.0,199.5,0.021071317571317572,3,2
random,400,45,246,118.0,96.0,133.0,131.0,102.0,102.0,145.0,199.5,0.021071317571317572,3,2
random,400,45,247,164.0,144.0,168.0,173.0,154.0,154.0,197.0,199.5,0.021071317571317572,3,2
random,400,45,248,164.0,204.0,187.0,186.0,195.0,195.0,200.0,199.5,0.021071317571317572,3,2
random,400,45,249,278.0,359.0,306.0,308.0,355.0,355.0,286.0,199.5,0.021071317571317572,3,2
random,400,45,250,13.0,25.0,14.0,13.0,24.0,24.0,14.0,199.5,0.021071317571317572,3,2
random,400,45,251,118.0,121.0,121.0,115.0,119.0,119.0,140.0,199.5,0.021071317571317572,3,2
random,400,45,252,394.0,389.0,396.0,395.0,392.0,392.0,398.0,199.5,0.021071317571317572,3,2
random,400,45,253,364.0,387.0,382.0,380.0,387.0,387.0,366.0,199.5,0.021071317571317572,3,2
random,400,45,254,164.0,168.0,177.0,177.0,171.0,171.0,208.0,199.5,0.021071317571317572,3,2
random,400,45,255,118.0,122.0,169.0,170.0,132.0,132.0,148.0,199.5,0.021071317571317572,3,2
random,400,45,256,70.0,92.0,70.0,66.0,93.0,93.0,82.0,199.5,0.021071317571317572,3,2
random,400,45,257,18.0,21.0,31.0,31.0,22.0,22.0,36.0,199.5,0.021071317571317572,3,2
random,400,45,258,164.0,162.0,212.0,207.0,176.0,176.0,198.0,199.5,0.021071317571317572,3,2
random,400,45,259,70.0,97.0,122.0,123.0,97.0,97.0,101.0,199.5,0.021071317571317572,3,2
random,400,45,260,364.0,384.0,383.0,384.0,385.0,385.0,369.0,199.5,0.021071317571317572,3,2
random,400,45,261,164.0,196.0,208.0,217.0,199.0,199.0,205.0,199.5,0.021071317571317572,3,2
random,400,45,262,70.0,174.0,102.0,96.0,158.0,158.0,75.0,199.5,0.021071317571317572,3,2
random,400,45,263,70.0,28.0,79.0,81.0,34.0,34.0,108.0,199.5,0.021071317571317572,3,2
random,400,45,264,43.0,79.0,46.0,46.0,76.0,76.0,48.0,199.5,0.021071317571317572,3,2
random,400,45,265,118.0,133.0,135.0,137.0,136.0,136.0,142.0,199.5,0.021071317571317572,3,2
random,400,45,266,278.0,313.0,316.0,317.0,311.0,311.0,303.0,199.5,0.021071317571317572,3,2
random,400,45,267,164.0,196.0,161.0,163.0,198.0,198.0,179.0,199.5,0.021071317571317572,3,2
random,400,45,268,164.0,253.0,205.0,210.0,243.0,243.0,182.0,199.5,0.021071317571317572,3,2
random,400,45,269,226.0,294.0,249.0,246.0,290.0,290.0,235.0,199.5,0.021071317571317572,3,2
random,400,45,270,364.0,374.0,367.0,366.0,377.0,377.0,374.0,199.5,0.021071317571317572,3,2
random,400,45,271,118.0,227.0,146.0,153.0,217.0,217.0,126.0,199.5,0.021071317571317572,3,2
random,400,45,272,278.0,344.0,310.0,306.0,341.0,341.0,288.0,199.5,0.021071317571317572,3,2
random,400,45,273,70.0,60.0,93.0,99.0,61.0,61.0,110.0,199.5,0.021071317571317572,3,2
random,400,45,274,18.0,19.0,39.0,41.0,20.0,20.0,43.0,199.5,0.021071317571317572,3,2
random,400,45,275,18.0,35.0,27.0,25.0,31.0,31.0,35.0,199.5,0.021071317571317572,3,2
random,400,45,276,70.0,89.0,80.0,76.0,90.0,90.0,90.0,199.5,0.021071317571317572,3,2
random,400,45,277,164.0,269.0,225.0,222.0,259.0,259.0,169.0,199.5,0.021071317571317572,3,2
random,400,45,278,278.0,272.0,296.0,298.0,278.0,278.0,315.0,199.5,0.021071317571317572,3,2
random,400,45,279,18.0,115.0,42.0,39.0,96.0,96.0,19.0,199.5,0.021071317571317572,3,2
random,400,45,280,364.0,370.0,377.0,377.0,370.0,370.0,380.0,199.5,0.021071317571317572,3,2
random,400,45,281,331.0,335.0,338.0,341.0,335.0,335.0,343.0,199.5,0.021071317571317572,3,2
random,400,45,282,399.0,399.0,399.0,399.0,399.0,399.0,399.0,199.5,0.021071317571317572,3,2
random,400,45,283,43.0,138.0,75.0,78.0,120.0,120.0,50.0,199.5,0.021071317571317572,3,2
random,400,45,284,364.0,359.0,381.0,383.0,364.0,364.0,385.0,199.5,0.021071317571317572,3,2
random,400,45,285,226.0,218.0,272.0,274.0,234.0,234.0,261.0,199.5,0.021071317571317572,3,2
random,400,45,286,164.0,196.0,153.0,147.0,196.0,196.0,174.0,199.5,0.021071317571317572,3,2
random,400,45,287,70.0,77.0,141.0,144.0,73.0,73.0,115.0,199.5,0.021071317571317572,3,2
random,400,45,288,70.0,83.0,117.0,124.0,86.0,86.0,102.0,199.5,0.021071317571317572,3,2
random,400,45,289,118.0,103.0,126.0,125.0,105.0,105.0,154.0,199.5,0.021071317571317572,3,2
random,400,45,290,364.0,371.0,390.0,390.0,373.0,373.0,386.0,199.5,0.021071317571317572,3,2
random,400,45,291,278.0,273.0,271.0,269.0,279.0,279.0,307.0,199.5,0.021071317571317572,3,2
random,400,45,292,164.0,168.0,175.0,175.0,171.0,171.0,201.0,199.5,0.021071317571317572,3,2
random,400,45,293,278.0,357.0,325.0,319.0,352.0,352.0,287.0,199.5,0.021071317571317572,3,2
random,400,45,294,226.0,289.0,235.0,232.0,287.0,287.0,238.0,199.5,0.021071317571317572,3,2
random,400,45,295,164.0,193.0,165.0,157.0,194.0,194.0,189.0,199.5,0.021071317571317572,3,2
random,400,45,296,18.0,53.0,33.0,33.0,50.0,50.0,23.0,199.5,0.021071317571317572,3,2
random,400,45,297,364.0,382.0,374.0,376.0,382.0,382.0,364.0,199.5,0.021071317571317572,3,2
random,400,45,298,331.0,311.0,346.0,348.0,317.0,317.0,359.0,199.5,0.021071317571317572,3,2
random,400,45,299,278.0,236.0,301.0,303.0,245.0,245.0,319.0,199.5,0.021071317571317572,3,2
random,400,45,300,226.0,178.0,268.0,273.0,185.0,185.0,272.0,199.5,0.021071317571317572,3,2
random,400,45,301,226.0,90.0,247.0,263.0,111.0,111.0,277.0,199.5,0.021071317571317572,3,2
random,400,45,302,278.0,258.0,286.0,289.0,265.0,265.0,317.0,199.5,0.021071317571317572,3,2
random,400,45,303,364.0,385.0,375.0,374.0,384.0,384.0,368.0,199.5,0.021071317571317572,3,2
random,400,45,304,364.0,379.0,384.0,382.0,379.0,379.0,373.0,199.5,0.021071317571317572,3,2
random,400,45,305,18.0,14.0,47.0,50.0,19.0,19.0,41.0,199.5,0.021071317571317572,3,2
random,400,45,306,18.0,28.0,36.0,35.0,28.0,28.0,33.0,199.5,0.021071317571317572,3,2
random,400,45,307,278.0,279.0,260.0,261.0,281.0,281.0,299.0,199.5,0.021071317571317572,3,2
random,400,45,308,43.0,140.0,58.0,58.0,121.0,121.0,46.0,199.5,0.021071317571317572,3,2
random,400,45,309,388.0,396.0,389.0,389.0,395.0,395.0,388.0,199.5,0.021071317571317572,3,2
random,400,45,310,118.0,156.0,163.0,166.0,150.0,150.0,150.0,199.5,0.021071317571317572,3,2
random,400,45,311,43.0,44.0,41.0,42.0,42.0,42.0,58.0,199.5,0.021071317571317572,3,2
random,400,45,312,364.0,362.0,379.0,375.0,365.0,365.0,379.0,199.5,0.021071317571317572,3,2
random,400,45,313,70.0,133.0,73.0,72.0,123.0,123.0,73.0,199.5,0.021071317571317572,3,2
random,400,45,314,70.0,127.0,124.0,128.0,127.0,127.0,76.0,199.5,0.021071317571317572,3,2
random,400,45,315,226.0,210.0,280.0,281.0,215.0,215.0,275.0,199.5,0.021071317571317572,3,2
random,400,45,316,364.0,373.0,358.0,355.0,374.0,374.0,367.0,199.5,0.021071317571317572,3,2
random,400,45,317,278.0,325.0,317.0,322.0,326.0,326.0,296.0,199.5,0.021071317571317572,3,2
random,400,45,318,278.0,320.0,314.0,310.0,322.0,322.0,294.0,199.5,0.021071317571317572,3,2
random,400,45,319,331.0,315.0,352.0,353.0,323.0,323.0,360.0,199.5,0.021071317571317572,3,2
random,400,45,320,331.0,322.0,360.0,360.0,330.0,330.0,358.0,199.5,0.021071317571317572,3,2
random,400,45,321,226.0,282.0,285.0,287.0,283.0,283.0,242.0,199.5,0.021071317571317572,3,2
random,400,45,322,331.0,352.0,362.0,364.0,356.0,356.0,349.0,199.5,0.021071317571317572,3,2
random,400,45,323,331.0,328.0,368.0,368.0,332.0,332.0,361.0,199.5,0.021071317571317572,3,2
random,400,45,324,70.0,97.0,108.0,109.0,92.0,92.0,99.0,199.5,0.021071317571317572,3,2
random,400,45,325,226.0,226.0,211.0,206.0,236.0,236.0,252.0,199.5,0.021071317571317572,3,2
random,400,45,326,164.0,225.0,191.0,193.0,221.0,221.0,188.0,199.5,0.021071317571317572,3,2
random,400,45,327,43.0,104.0,54.0,47.0,94.0,94.0,49.0,199.5,0.021071317571317572,3,2
random,400,45,328,400.0,400.0,399.0,399.0,400.0,400.0,400.0,199.5,0.021071317571317572,3,2
random,400,45,329,164.0,227.0,199.0,203.0,220.0,220.0,180.0,199.5,0.021071317571317572,3,2
random,400,45,330,388.0,388.0,397.0,397.0,390.0,390.0,393.0,199.5,0.021071317571317572,3,2
random,400,45,331,43.0,42.0,28.0,27.0,39.0,39.0,54.0,199.5,0.021071317571317572,3,2
random,400,45,332,226.0,262.0,241.0,236.0,262.0,262.0,247.0,199.5,0.021071317571317572,3,2
random,400,45,333,164.0,144.0,228.0,234.0,164.0,164.0,220.0,199.5,0.021071317571317572,3,2
random,400,45,334,18.0,49.0,32.0,32.0,41.0,41.0,28.0,199.5,0.021071317571317572,3,2
random,400,45,335,70.0,144.0,113.0,111.0,131.0,131.0,83.0,199.5,0.021071317571317572,3,2
random,400,45,336,364.0,371.0,371.0,370.0,375.0,375.0,372.0,199.5,0.021071317571317572,3,2
random,400,45,337,331.0,347.0,365.0,365.0,350.0,350.0,355.0,199.5,0.021071317571317572,3,2
random,400,45,338,164.0,161.0,200.0,205.0,169.0,169.0,203.0,199.5,0.021071317571317572,3,2
random,400,45,339,70.0,119.0,96.0,98.0,114.0,114.0,85.0,199.5,0.021071317571317572,3,2
random,400,45,340,278.0,248.0,327.0,331.0,257.0,257.0,329.0,199.5,0.021071317571317572,3,2
random,400,45,341,164.0,256.0,159.0,150.0,249.0,249.0,166.0,199.5,0.021071317571317572,3,2
random,400,45,342,278.0,215.0,293.0,293.0,227.0,227.0,327.0,199.5,0.021071317571317572,3,2
random,400,45,343,226.0,205.0,226.0,225.0,213.0,213.0,263.0,199.5,0.021071317571317572,3,2
random,400,45,344,3.0,7.0,5.0,5.0,5.0,5.0,5.0,199.5,0.021071317571317572,3,2
random,400,45,345,18.0,41.0,43.0,44.0,37.0,37.0,27.0,199.5,0.021071317571317572,3,2
random,400,45,346,331.0,335.0,322.0,316.0,338.0,338.0,338.0,199.5,0.021071317571317572,3,2
random,400,45,347,278.0,297.0,297.0,297.0,294.0,294.0,313.0,199.5,0.021071317571317572,3,2
random,400,45,348,7.0,17.0,7.0,7.0,15.0,15.0,7.0,199.5,0.021071317571317572,3,2
random,400,45,349,331.0,346.0,356.0,356.0,348.0,348.0,348.0,199.5,0.021071317571317572,3,2
random,400,45,350,164.0,156.0,155.0,155.0,160.0,160.0,175.0,199.5,0.021071317571317572,3,2
random,400,45,351,1.0,3.0,3.0,3.0,4.0,4.0,1.0,199.5,0.021071317571317572,3,2
random,400,45,352,70.0,105.0,106.0,101.0,107.0,107.0,89.0,199.5,0.021071317571317572,3,2
random,400,45,353,164.0,71.0,194.0,201.0,84.0,84.0,224.0,199.5,0.021071317571317572,3,2
random,400,45,354,164.0,207.0,214.0,212.0,208.0,208.0,195.0,199.5,0.021071317571317572,3,2
random,400,45,355,364.0,339.0,364.0,361.0,344.0,344.0,378.0,199.5,0.021071317571317572,3,2
random,400,45,356,70.0,71.0,110.0,112.0,75.0,75.0,104.0,199.5,0.021071317571317572,3,2
random,400,45,357,278.0,354.0,305.0,302.0,351.0,351.0,283.0,199.5,0.021071317571317572,3,2
random,400,45,358,118.0,183.0,147.0,152.0,167.0,167.0,134.0,199.5,0.021071317571317572,3,2
random,400,45,359,278.0,315.0,299.0,300.0,311.0,311.0,295.0,199.5,0.021071317571317572,3,2
random,400,45,360,226.0,182.0,243.0,250.0,190.0,190.0,268.0,199.5,0.021071317571317572,3,2
random,400,45,361,331.0,332.0,337.0,337.0,333.0,333.0,344.0,199.5,0.021071317571317572,3,2
random,400,45,362,394.0,394.0,398.0,398.0,394.0,394.0,397.0,199.5,0.021071317571317572,3,2
random,400,45,363,226.0,329.0,220.0,204.0,319.0,319.0,226.0,199.5,0.021071317571317572,3,2
random,400,45,364,18.0,67.0,20.0,19.0,57.0,57.0,20.0,199.5,0.021071317571317572,3,2
random,400,45,365,388.0,386.0,391.0,391.0,386.0,386.0,392.0,199.5,0.021071317571317572,3,2
random,400,45,366,226.0,250.0,262.0,265.0,252.0,252.0,254.0,199.5,0.021071317571317572,3,2
random,400,45,367,118.0,241.0,164.0,164.0,226.0,226.0,130.0,199.5,0.021071317571317572,3,2
random,400,45,368,164.0,174.0,201.0,199.0,176.0,176.0,210.0,199.5,0.021071317571317572,3,2
random,400,45,369,43.0,80.0,67.0,65.0,79.0,79.0,53.0,199.5,0.021071317571317572,3,2
random,400,45,370,43.0,142.0,55.0,52.0,126.0,126.0,44.0,199.5,0.021071317571317572,3,2
random,400,45,371,331.0,308.0,345.0,345.0,313.0,313.0,357.0,199.5,0.021071317571317572,3,2
random,400,45,372,118.0,125.0,149.0,154.0,130.0,130.0,146.0,199.5,0.021071317571317572,3,2
random,400,45,373,118.0,108.0,136.0,135.0,116.0,116.0,149.0,199.5,0.021071317571317572,3,2
random,400,45,374,70.0,162.0,97.0,92.0,147.0,147.0,78.0,199.5,0.021071317571317572,3,2
random,400,45,375,331.0,348.0,350.0,350.0,345.0,345.0,353.0,199.5,0.021071317571317572,3,2
random,400,45,376,278.0,285.0,291.0,294.0,288.0,288.0,314.0,199.5,0.021071317571317572,3,2
random,400,45,377,70.0,44.0,107.0,107.0,52.0,52.0,113.0,199.5,0.021071317571317572,3,2
random,400,45,378,364.0,357.0,366.0,367.0,360.0,360.0,377.0,199.5,0.021071317571317572,3,2
random,400,45,379,164.0,142.0,174.0,176.0,152.0,152.0,211.0,199.5,0.021071317571317572,3,2
random,400,45,380,13.0,5.0,12.0,12.0,6.0,6.0,17.0,199.5,0.021071317571317572,3,2
random,400,45,381,226.0,299.0,189.0,190.0,295.0,295.0,228.0,199.5,0.021071317571317572,3,2
random,400,45,382,43.0,64.0,65.0,67.0,65.0,65.0,64.0,199.5,0.021071317571317572,3,2
random,400,45,383,164.0,224.0,215.0,211.0,224.0,224.0,187.0,199.5,0.021071317571317572,3,2
random,400,45,384,43.0,47.0,50.0,51.0,48.0,48.0,63.0,199.5,0.021071317571317572,3,2
random,400,45,385,18.0,67.0,44.0,49.0,53.0,53.0,31.0,199.5,0.021071317571317572,3,2
random,400,45,386,331.0,344.0,354.0,354.0,349.0,349.0,347.0,199.5,0.021071317571317572,3,2
random,400,45,387,7.0,20.0,13.0,16.0,16.0,16.0,12.0,199.5,0.021071317571317572,3,2
random,400,45,388,118.0,189.0,162.0,167.0,183.0,183.0,136.0,199.5,0.021071317571317572,3,2
random,400,45,389,43.0,62.0,63.0,63.0,67.0,67.0,57.0,199.5,0.021071317571317572,3,2
random,400,45,390,226.0,200.0,221.0,219.0,212.0,212.0,253.0,199.5,0.021071317571317572,3,2
random,400,45,391,118.0,115.0,127.0,127.0,114.0,114.0,151.0,199.5,0.021071317571317572,3,2
random,400,45,392,278.0,264.0,326.0,324.0,280.0,280.0,318.0,199.5,0.021071317571317572,3,2
random,400,45,393,164.0,207.0,183.0,178.0,208.0,208.0,184.0,199.5,0.021071317571317572,3,2
random,400,45,394,70.0,115.0,72.0,74.0,108.0,108.0,84.0,199.5,0.021071317571317572,3,2
random,400,45,395,70.0,100.0,64.0,64.0,102.0,102.0,71.0,199.5,0.021071317571317572,3,2
random,400,45,396,13.0,8.0,8.0,11.0,7.0,7.0,15.0,199.5,0.021071317571317572,3,2
random,400,45,397,331.0,293.0,343.0,344.0,300.0,300.0,363.0,199.5,0.021071317571317572,3,2
random,400,45,398,226.0,248.0,261.0,260.0,245.0,245.0,255.0,199.5,0.021071317571317572,3,2
random,400,45,399,118.0,127.0,128.0,122.0,125.0,125.0,138.0,199.5,0.021071317571317572,3,2
random,400,46,0,36.0,34.0,43.0,43.0,31.0,31.0,63.0,199.5,0.02090028721278719,3,1
random,400,46,1,76.0,110.0,109.0,106.0,111.0,111.0,100.0,199.5,0.02090028721278719,3,1
random,400,46,2,36.0,186.0,53.0,50.0,163.0,163.0,35.0,199.5,0.02090028721278719,3,1
random,400,46,3,76.0,152.0,72.0,73.0,148.0,148.0,81.0,199.5,0.02090028721278719,3,1
random,400,46,4,359.0,375.0,364.0,361.0,376.0,376.0,367.0,199.5,0.02090028721278719,3,1
random,400,46,5,359.0,379.0,374.0,374.0,380.0,380.0,366.0,199.5,0.02090028721278719,3,1
random,400,46,6,175.0,249.0,175.0,173.0,244.0,244.0,178.0,199.5,0.02090028721278719,3,1
random,400,46,7,36.0,56.0,56.0,56.0,53.0,53.0,58.0,199.5,0.02090028721278719,3,1
random,400,46,8,320.0,369.0,341.0,340.0,366.0,366.0,323.0,199.5,0.02090028721278719,3,1
random,400,46,9,36.0,96.0,25.0,25.0,85.0,85.0,39.0,199.5,0.02090028721278719,3,1
random,400,46,10,320.0,323.0,362.0,364.0,328.0,328.0,358.0,199.5,0.02090028721278719,3,1
random,400,46,11,276.0,279.0,297.0,295.0,283.0,283.0,297.0,199.5,0.02090028721278719,3,1
random,400,46,12,175.0,278.0,243.0,243.0,265.0,265.0,194.0,199.5,0.02090028721278719,3,1
random,400,46,13,225.0,330.0,218.0,217.0,321.0,321.0,225.0,199.5,0.02090028721278719,3,1
random,400,46,14,36.0,46.0,55.0,58.0,54.0,54.0,62.0,199.5,0.02090028721278719,3,1
random,400,46,15,320.0,288.0,347.0,347.0,298.0,298.0,357.0,199.5,0.02090028721278719,3,1
random,400,46,16,175.0,152.0,211.0,214.0,173.0,173.0,208.0,199.5,0.02090028721278719,3,1
random,400,46,17,3.0,11.0,1.0,1.0,9.0,9.0,3.0,199.5,0.02090028721278719,3,1
random,400,46,18,15.0,25.0,16.0,15.0,26.0,26.0,15.0,199.5,0.02090028721278719,3,1
random,400,46,19,76.0,120.0,122.0,122.0,119.0,119.0,102.0,199.5,0.02090028721278719,3,1
random,400,46,20,76.0,69.0,95.0,105.0,74.0,74.0,114.0,199.5,0.02090028721278719,3,1
random,400,46,21,225.0,190.0,247.0,248.0,201.0,201.0,265.0,199.5,0.02090028721278719,3,1
random,400,46,22,6.0,89.0,7.0,6.0,55.0,55.0,5.0,199.5,0.02090028721278719,3,1
random,400,46,23,76.0,110.0,99.0,92.0,110.0,110.0,97.0,199.5,0.02090028721278719,3,1
random,400,46,24,384.0,397.0,397.0,397.0,397.0,397.0,385.0,199.5,0.02090028721278719,3,1
random,400,46,25,276.0,352.0,274.0,272.0,347.0,347.0,276.0,199.5,0.02090028721278719,3,1
random,400,46,26,120.0,96.0,170.0,181.0,97.0,97.0,175.0,199.5,0.02090028721278719,3,1
random,400,46,27,320.0,337.0,335.0,333.0,345.0,345.0,333.0,199.5,0.02090028721278719,3,1
random,400,46,28,175.0,163.0,192.0,191.0,168.0,168.0,205.0,199.5,0.02090028721278719,3,1
random,400,46,29,384.0,390.0,387.0,386.0,392.0,392.0,386.0,199.5,0.02090028721278719,3,1
random,400,46,30,225.0,215.0,231.0,233.0,217.0,217.0,248.0,199.5,0.02090028721278719,3,1
random,400,46,31,175.0,142.0,227.0,232.0,149.0,149.0,222.0,199.5,0.02090028721278719,3,1
random,400,46,32,120.0,73.0,96.0,89.0,85.0,85.0,152.0,199.5,0.02090028721278719,3,1
random,400,46,33,359.0,373.0,367.0,369.0,373.0,373.0,370.0,199.5,0.02090028721278719,3,1
random,400,46,34,384.0,376.0,390.0,389.0,379.0,379.0,393.0,199.5,0.02090028721278719,3,1
random,400,46,35,320.0,351.0,312.0,311.0,350.0,350.0,328.0,199.5,0.02090028721278719,3,1
random,400,46,36,120.0,144.0,163.0,174.0,145.0,145.0,164.0,199.5,0.02090028721278719,3,1
random,400,46,37,6.0,27.0,2.0,2.0,23.0,23.0,6.0,199.5,0.02090028721278719,3,1
random,400,46,38,225.0,299.0,223.0,216.0,297.0,297.0,229.0,199.5,0.02090028721278719,3,1
random,400,46,39,120.0,167.0,168.0,172.0,159.0,159.0,158.0,199.5,0.02090028721278719,3,1
random,400,46,40,120.0,167.0,166.0,164.0,165.0,165.0,146.0,199.5,0.02090028721278719,3,1
random,400,46,41,36.0,51.0,98.0,103.0,52.0,52.0,75.0,199.5,0.02090028721278719,3,1
random,400,46,42,175.0,209.0,174.0,168.0,210.0,210.0,191.0,199.5,0.02090028721278719,3,1
random,400,46,43,120.0,209.0,67.0,68.0,195.0,195.0,110.0,199.5,0.02090028721278719,3,1
random,400,46,44,120.0,141.0,134.0,133.0,141.0,141.0,144.0,199.5,0.02090028721278719,3,1
random,400,46,45,76.0,76.0,86.0,88.0,78.0,78.0,103.0,199.5,0.02090028721278719,3,1
random,400,46,46,225.0,202.0,244.0,244.0,211.0,211.0,257.0,199.5,0.02090028721278719,3,1
random,400,46,47,359.0,368.0,348.0,345.0,369.0,369.0,364.0,199.5,0.02090028721278719,3,1
random,400,46,48,276.0,217.0,296.0,297.0,232.0,232.0,317.0,199.5,0.02090028721278719,3,1
random,400,46,49,175.0,158.0,152.0,148.0,166.0,166.0,189.0,199.5,0.02090028721278719,3,1
random,400,46,50,276.0,297.0,251.0,251.0,302.0,302.0,277.0,199.5,0.02090028721278719,3,1
random,400,46,51,120.0,179.0,127.0,120.0,174.0,174.0,126.0,199.5,0.02090028721278719,3,1
random,400,46,52,276.0,241.0,275.0,281.0,258.0,258.0,291.0,199.5,0.02090028721278719,3,1
random,400,46,53,225.0,214.0,194.0,187.0,218.0,218.0,237.0,199.5,0.02090028721278719,3,1
random,400,46,54,225.0,256.0,287.0,285.0,256.0,256.0,267.0,199.5,0.02090028721278719,3,1
random,400,46,55,175.0,238.0,226.0,227.0,229.0,229.0,209.0,199.5,0.02090028721278719,3,1
random,400,46,56,225.0,137.0,235.0,239.0,152.0,152.0,266.0,199.5,0.02090028721278719,3,1
random,400,46,57,120.0,219.0,171.0,163.0,209.0,209.0,130.0,199.5,0.02090028721278719,3,1
random,400,46,58,120.0,117.0,131.0,137.0,119.0,119.0,154.0,199.5,0.02090028721278719,3,1
random,400,46,59,276.0,290.0,332.0,336.0,296.0,296.0,305.0,199.5,0.02090028721278719,3,1
random,400,46,60,36.0,61.0,87.0,85.0,61.0,61.0,73.0,199.5,0.02090028721278719,3,1
random,400,46,61,276.0,321.0,309.0,309.0,319.0,319.0,289.0,199.5,0.02090028721278719,3,1
random,400,46,62,76.0,135.0,88.0,84.0,130.0,130.0,80.0,199.5,0.02090028721278719,3,1
random,400,46,63,120.0,202.0,182.0,182.0,198.0,198.0,134.0,199.5,0.02090028721278719,3,1
random,400,46,64,22.0,45.0,28.0,27.0,41.0,41.0,22.0,199.5,0.02090028721278719,3,1
random,400,46,65,120.0,170.0,173.0,171.0,157.0,157.0,147.0,199.5,0.02090028721278719,3,1
random,400,46,66,76.0,96.0,150.0,157.0,96.0,96.0,115.0,199.5,0.02090028721278719,3,1
random,400,46,67,76.0,32.0,84.0,91.0,37.0,37.0,118.0,199.5,0.02090028721278719,3,1
random,400,46,68,175.0,199.0,212.0,215.0,203.0,203.0,204.0,199.5,0.02090028721278719,3,1
random,400,46,69,120.0,123.0,155.0,153.0,131.0,131.0,157.0,199.5,0.02090028721278719,3,1
random,400,46,70,225.0,253.0,266.0,264.0,251.0,251.0,262.0,199.5,0.02090028721278719,3,1
random,400,46,71,276.0,322.0,305.0,304.0,318.0,318.0,284.0,199.5,0.02090028721278719,3,1
random,400,46,72,225.0,177.0,246.0,247.0,190.0,190.0,272.0,199.5,0.02090028721278719,3,1
random,400,46,73,359.0,372.0,373.0,372.0,371.0,371.0,373.0,199.5,0.02090028721278719,3,1
random,400,46,74,384.0,394.0,388.0,388.0,395.0,395.0,388.0,199.5,0.02090028721278719,3,1
random,400,46,75,225.0,249.0,261.0,262.0,255.0,255.0,261.0,199.5,0.02090028721278719,3,1
random,400,46,76,225.0,206.0,242.0,240.0,214.0,214.0,247.0,199.5,0.02090028721278719,3,1
random,400,46,77,6.0,7.0,8.0,7.0,7.0,7.0,10.0,199.5,0.02090028721278719,3,1
random,400,46,78,76.0,117.0,114.0,117.0,116.0,116.0,96.0,199.5,0.02090028721278719,3,1
random,400,46,79,36.0,77.0,92.0,96.0,72.0,72.0,69.0,199.5,0.02090028721278719,3,1
random,400,46,80,36.0,38.0,73.0,71.0,40.0,40.0,71.0,199.5,0.02090028721278719,3,1
random,400,46,81,225.0,273.0,250.0,249.0,280.0,280.0,233.0,199.5,0.02090028721278719,3,1
random,400,46,82,175.0,117.0,217.0,222.0,134.0,134.0,220.0,199.5,0.02090028721278719,3,1
random,400,46,83,120.0,152.0,198.0,197.0,150.0,150.0,165.0,199.5,0.02090028721278719,3,1
random,400,46,84,120.0,41.0,161.0,177.0,56.0,56.0,172.0,199.5,0.02090028721278719,3,1
random,400,46,85,359.0,389.0,368.0,368.0,389.0,389.0,360.0,199.5,0.02090028721278719,3,1
random,400,46,86,36.0,77.0,36.0,34.0,66.0,66.0,45.0,199.5,0.02090028721278719,3,1
random,400,46,87,320.0,370.0,320.0,314.0,370.0,370.0,321.0,199.5,0.02090028721278719,3,1
random,400,46,88,76.0,83.0,15.0,14.0,90.0,90.0,44.0,199.5,0.02090028721278719,3,1
random,400,46,89,225.0,275.0,256.0,255.0,272.0,272.0,246.0,199.5,0.02090028721278719,3,1
random,400,46,90,225.0,247.0,213.0,210.0,247.0,247.0,235.0,199.5,0.02090028721278719,3,1
random,400,46,91,120.0,63.0,124.0,125.0,80.0,80.0,161.0,199.5,0.02090028721278719,3,1
random,400,46,92,36.0,25.0,74.0,80.0,28.0,28.0,77.0,199.5,0.02090028721278719,3,1
random,400,46,93,276.0,260.0,310.0,313.0,270.0,270.0,315.0,199.5,0.02090028721278719,3,1
random,400,46,94,225.0,296.0,293.0,291.0,290.0,290.0,252.0,199.5,0.02090028721278719,3,1
random,400,46,95,120.0,172.0,160.0,152.0,168.0,168.0,136.0,199.5,0.02090028721278719,3,1
random,400,46,96,120.0,152.0,140.0,138.0,151.0,151.0,149.0,199.5,0.02090028721278719,3,1
random,400,46,97,76.0,109.0,137.0,139.0,103.0,103.0,113.0,199.5,0.02090028721278719,3,1
random,400,46,98,175.0,209.0,215.0,220.0,207.0,207.0,211.0,199.5,0.02090028721278719,3,1
random,400,46,99,175.0,179.0,207.0,208.0,185.0,185.0,216.0,199.5,0.02090028721278719,3,1
random,400,46,100,120.0,152.0,187.0,185.0,160.0,160.0,156.0,199.5,0.02090028721278719,3,1
random,400,46,101,384.0,393.0,392.0,391.0,393.0,393.0,389.0,199.5,0.02090028721278719,3,1
random,400,46,102,22.0,16.0,27.0,30.0,21.0,21.0,30.0,199.5,0.02090028721278719,3,1
random,400,46,103,175.0,177.0,209.0,212.0,186.0,186.0,214.0,199.5,0.02090028721278719,3,1
random,400,46,104,276.0,271.0,278.0,276.0,278.0,278.0,294.0,199.5,0.02090028721278719,3,1
random,400,46,105,359.0,366.0,382.0,382.0,365.0,365.0,375.0,199.5,0.02090028721278719,3,1
random,400,46,106,36.0,46.0,52.0,53.0,49.0,49.0,56.0,199.5,0.02090028721278719,3,1
random,400,46,107,320.0,295.0,338.0,339.0,301.0,301.0,356.0,199.5,0.02090028721278719,3,1
random,400,46,108,76.0,56.0,145.0,151.0,58.0,58.0,119.0,199.5,0.02090028721278719,3,1
random,400,46,109,175.0,227.0,197.0,196.0,223.0,223.0,188.0,199.5,0.02090028721278719,3,1
random,400,46,110,120.0,132.0,144.0,143.0,140.0,140.0,143.0,199.5,0.02090028721278719,3,1
random,400,46,111,76.0,94.0,79.0,77.0,95.0,95.0,94.0,199.5,0.02090028721278719,3,1
random,400,46,112,175.0,199.0,196.0,189.0,199.0,199.0,193.0,199.5,0.02090028721278719,3,1
random,400,46,113,36.0,36.0,70.0,70.0,39.0,39.0,72.0,199.5,0.02090028721278719,3,1
random,400,46,114,36.0,63.0,59.0,63.0,59.0,59.0,57.0,199.5,0.02090028721278719,3,1
random,400,46,115,36.0,132.0,107.0,112.0,121.0,121.0,60.0,199.5,0.02090028721278719,3,1
random,400,46,116,120.0,160.0,128.0,127.0,160.0,160.0,132.0,199.5,0.02090028721278719,3,1
random,400,46,117,276.0,343.0,280.0,279.0,338.0,338.0,278.0,199.5,0.02090028721278719,3,1
random,400,46,118,175.0,176.0,199.0,199.0,183.0,183.0,213.0,199.5,0.02090028721278719,3,1
random,400,46,119,225.0,303.0,240.0,234.0,300.0,300.0,232.0,199.5,0.02090028721278719,3,1
random,400,46,120,175.0,234.0,165.0,161.0,225.0,225.0,182.0,199.5,0.02090028721278719,3,1
random,400,46,121,22.0,32.0,35.0,33.0,30.0,30.0,26.0,199.5,0.02090028721278719,3,1
random,400,46,122,76.0,137.0,83.0,81.0,136.0,136.0,86.0,199.5,0.02090028721278719,3,1
random,400,46,123,276.0,279.0,300.0,296.0,283.0,283.0,298.0,199.5,0.02090028721278719,3,1
random,400,46,124,120.0,145.0,148.0,146.0,142.0,142.0,150.0,199.5,0.02090028721278719,3,1
random,400,46,125,320.0,377.0,339.0,337.0,375.0,375.0,322.0,199.5,0.02090028721278719,3,1
random,400,46,126,76.0,221.0,111.0,107.0,200.0,200.0,78.0,199.5,0.02090028721278719,3,1
random,400,46,127,36.0,73.0,61.0,67.0,76.0,76.0,49.0,199.5,0.02090028721278719,3,1
random,400,46,128,175.0,190.0,230.0,235.0,194.0,194.0,219.0,199.5,0.02090028721278719,3,1
random,400,46,129,320.0,343.0,308.0,315.0,340.0,340.0,330.0,199.5,0.02090028721278719,3,1
random,400,46,130,1.0,2.0,6.0,8.0,1.0,1.0,2.0,199.5,0.02090028721278719,3,1
random,400,46,131,175.0,92.0,180.0,184.0,107.0,107.0,221.0,199.5,0.02090028721278719,3,1
random,400,46,132,359.0,358.0,354.0,354.0,359.0,359.0,374.0,199.5,0.02090028721278719,3,1
random,400,46,133,225.0,158.0,253.0,258.0,175.0,175.0,273.0,199.5,0.02090028721278719,3,1
random,400,46,134,320.0,337.0,346.0,348.0,337.0,337.0,351.0,199.5,0.02090028721278719,3,1
random,400,46,135,175.0,172.0,181.0,180.0,181.0,181.0,201.0,199.5,0.02090028721278719,3,1
random,400,46,136,359.0,367.0,386.0,390.0,368.0,368.0,376.0,199.5,0.02090028721278719,3,1
random,400,46,137,175.0,259.0,188.0,183.0,248.0,248.0,177.0,199.5,0.02090028721278719,3,1
random,400,46,138,22.0,77.0,48.0,49.0,70.0,70.0,25.0,199.5,0.02090028721278719,3,1
random,400,46,139,36.0,69.0,77.0,76.0,63.0,63.0,68.0,199.5,0.02090028721278719,3,1
random,400,46,140,120.0,63.0,159.0,160.0,84.0,84.0,167.0,199.5,0.02090028721278719,3,1
random,400,46,141,320.0,335.0,328.0,329.0,333.0,333.0,339.0,199.5,0.02090028721278719,3,1
random,400,46,142,225.0,247.0,248.0,250.0,253.0,253.0,243.0,199.5,0.02090028721278719,3,1
random,400,46,143,175.0,227.0,222.0,219.0,215.0,215.0,203.0,199.5,0.02090028721278719,3,1
random,400,46,144,276.0,306.0,302.0,302.0,304.0,304.0,300.0,199.5,0.02090028721278719,3,1
random,400,46,145,6.0,22.0,20.0,20.0,18.0,18.0,14.0,199.5,0.02090028721278719,3,1
random,400,46,146,320.0,360.0,318.0,316.0,360.0,360.0,325.0,199.5,0.02090028721278719,3,1
random,400,46,147,36.0,113.0,46.0,45.0,104.0,104.0,42.0,199.5,0.02090028721278719,3,1
random,400,46,148,225.0,318.0,254.0,253.0,308.0,308.0,239.0,199.5,0.02090028721278719,3,1
random,400,46,149,225.0,230.0,267.0,268.0,232.0,232.0,263.0,199.5,0.02090028721278719,3,1
random,400,46,150,175.0,160.0,201.0,206.0,160.0,160.0,217.0,199.5,0.02090028721278719,3,1
random,400,46,151,359.0,361.0,378.0,379.0,363.0,363.0,377.0,199.5,0.02090028721278719,3,1
random,400,46,152,76.0,28.0,89.0,93.0,33.0,33.0,117.0,199.5,0.02090028721278719,3,1
random,400,46,153,225.0,225.0,259.0,256.0,230.0,230.0,268.0,199.5,0.02090028721278719,3,1
random,400,46,154,6.0,14.0,11.0,11.0,12.0,12.0,13.0,199.5,0.02090028721278719,3,1
random,400,46,155,36.0,28.0,42.0,42.0,29.0,29.0,65.0,199.5,0.02090028721278719,3,1
random,400,46,156,175.0,202.0,210.0,205.0,205.0,205.0,207.0,199.5,0.02090028721278719,3,1
random,400,46,157,76.0,127.0,102.0,101.0,125.0,125.0,92.0,199.5,0.02090028721278719,3,1
random,400,46,158,36.0,196.0,54.0,52.0,178.0,178.0,31.0,199.5,0.02090028721278719,3,1
random,400,46,159,76.0,63.0,44.0,44.0,71.0,71.0,82.0,199.5,0.02090028721278719,3,1
random,400,46,160,225.0,285.0,202.0,204.0,282.0,282.0,227.0,199.5,0.02090028721278719,3,1
random,400,46,161,120.0,81.0,185.0,195.0,94.0,94.0,176.0,199.5,0.02090028721278719,3,1
random,400,46,162,175.0,234.0,157.0,159.0,222.0,222.0,185.0,199.5,0.02090028721278719,3,1
random,400,46,163,36.0,50.0,69.0,65.0,50.0,50.0,64.0,199.5,0.02090028721278719,3,1
random,400,46,164,276.0,288.0,277.0,278.0,289.0,289.0,292.0,199.5,0.02090028721278719,3,1
random,400,46,165,175.0,103.0,203.0,209.0,115.0,115.0,224.0,199.5,0.02090028721278719,3,1
random,400,46,166,120.0,149.0,121.0,110.0,146.0,146.0,137.0,199.5,0.02090028721278719,3,1
random,400,46,167,276.0,256.0,298.0,299.0,268.0,268.0,301.0,199.5,0.02090028721278719,3,1
random,400,46,168,320.0,339.0,358.0,360.0,344.0,344.0,342.0,199.5,0.02090028721278719,3,1
random,400,46,169,320.0,381.0,321.0,319.0,377.0,377.0,320.0,199.5,0.02090028721278719,3,1
random,400,46,170,320.0,332.0,351.0,349.0,334.0,334.0,336.0,199.5,0.02090028721278719,3,1
random,400,46,171,225.0,206.0,289.0,288.0,216.0,216.0,271.0,199.5,0.02090028721278719,3,1
random,400,46,172,320.0,356.0,352.0,351.0,354.0,354.0,338.0,199.5,0.02090028721278719,3,1
random,400,46,173,359.0,377.0,376.0,375.0,378.0,378.0,369.0,199.5,0.02090028721278719,3,1
random,400,46,174,6.0,23.0,10.0,10.0,22.0,22.0,9.0,199.5,0.02090028721278719,3,1
random,400,46,175,276.0,313.0,314.0,312.0,314.0,314.0,286.0,199.5,0.02090028721278719,3,1
random,400,46,176,320.0,352.0,322.0,320.0,353.0,353.0,329.0,199.5,0.02090028721278719,3,1
random,400,46,177,225.0,260.0,258.0,260.0,259.0,259.0,249.0,199.5,0.02090028721278719,3,1
random,400,46,178,175.0,186.0,265.0,273.0,186.0,186.0,223.0,199.5,0.02090028721278719,3,1
random,400,46,179,120.0,122.0,132.0,131.0,127.0,127.0,138.0,199.5,0.02090028721278719,3,1
random,400,46,180,76.0,89.0,76.0,75.0,89.0,89.0,89.0,199.5,0.02090028721278719,3,1
random,400,46,181,359.0,371.0,377.0,380.0,372.0,372.0,372.0,199.5,0.02090028721278719,3,1
random,400,46,182,120.0,160.0,153.0,158.0,155.0,155.0,142.0,199.5,0.02090028721278719,3,1
random,400,46,183,76.0,150.0,100.0,95.0,144.0,144.0,83.0,199.5,0.02090028721278719,3,1
random,400,46,184,384.0,391.0,385.0,385.0,391.0,391.0,390.0,199.5,0.02090028721278719,3,1
random,400,46,185,225.0,252.0,219.0,218.0,257.0,257.0,236.0,199.5,0.02090028721278719,3,1
random,400,46,186,320.0,347.0,344.0,343.0,348.0,348.0,340.0,199.5,0.02090028721278719,3,1
random,400,46,187,76.0,127.0,81.0,83.0,123.0,123.0,93.0,199.5,0.02090028721278719,3,1
random,400,46,188,225.0,306.0,257.0,252.0,303.0,303.0,228.0,199.5,0.02090028721278719,3,1
random,400,46,189,320.0,342.0,363.0,366.0,341.0,341.0,354.0,199.5,0.02090028721278719,3,1
random,400,46,190,320.0,349.0,337.0,334.0,349.0,349.0,335.0,199.5,0.02090028721278719,3,1
random,400,46,191,225.0,275.0,241.0,241.0,279.0,279.0,230.0,199.5,0.02090028721278719,3,1
random,400,46,192,225.0,186.0,206.0,207.0,197.0,197.0,240.0,199.5,0.02090028721278719,3,1
random,400,46,193,76.0,96.0,47.0,46.0,101.0,101.0,84.0,199.5,0.02090028721278719,3,1
random,400,46,194,276.0,310.0,271.0,267.0,313.0,313.0,279.0,199.5,0.02090028721278719,3,1
random,400,46,195,384.0,396.0,359.0,355.0,396.0,396.0,384.0,199.5,0.02090028721278719,3,1
random,400,46,196,276.0,323.0,303.0,300.0,317.0,317.0,285.0,199.5,0.02090028721278719,3,1
random,400,46,197,398.0,399.0,398.0,398.0,399.0,399.0,398.0,199.5,0.02090028721278719,3,1
random,400,46,198,359.0,361.0,375.0,376.0,362.0,362.0,380.0,199.5,0.02090028721278719,3,1
random,400,46,199,76.0,132.0,108.0,102.0,129.0,129.0,88.0,199.5,0.02090028721278719,3,1
random,400,46,200,320.0,359.0,317.0,310.0,357.0,357.0,326.0,199.5,0.02090028721278719,3,1
random,400,46,201,175.0,234.0,239.0,242.0,234.0,234.0,199.0,199.5,0.02090028721278719,3,1
random,400,46,202,36.0,69.0,80.0,79.0,67.0,67.0,61.0,199.5,0.02090028721278719,3,1
random,400,46,203,320.0,328.0,325.0,322.0,330.0,330.0,332.0,199.5,0.02090028721278719,3,1
random,400,46,204,225.0,327.0,263.0,263.0,316.0,316.0,231.0,199.5,0.02090028721278719,3,1
random,400,46,205,36.0,56.0,57.0,57.0,60.0,60.0,53.0,199.5,0.02090028721278719,3,1
random,400,46,206,175.0,181.0,189.0,194.0,184.0,184.0,206.0,199.5,0.02090028721278719,3,1
random,400,46,207,276.0,314.0,304.0,305.0,315.0,315.0,282.0,199.5,0.02090028721278719,3,1
random,400,46,208,276.0,272.0,294.0,301.0,276.0,276.0,307.0,199.5,0.02090028721278719,3,1
random,400,46,209,276.0,267.0,295.0,294.0,269.0,269.0,303.0,199.5,0.02090028721278719,3,1
random,400,46,210,320.0,345.0,311.0,306.0,343.0,343.0,327.0,199.5,0.02090028721278719,3,1
random,400,46,211,225.0,312.0,237.0,231.0,311.0,311.0,226.0,199.5,0.02090028721278719,3,1
random,400,46,212,384.0,384.0,384.0,384.0,387.0,387.0,387.0,199.5,0.02090028721278719,3,1
random,400,46,213,276.0,230.0,279.0,277.0,238.0,238.0,310.0,199.5,0.02090028721278719,3,1
random,400,46,214,6.0,18.0,13.0,12.0,17.0,17.0,11.0,199.5,0.02090028721278719,3,1
random,400,46,215,120.0,127.0,162.0,165.0,126.0,126.0,168.0,199.5,0.02090028721278719,3,1
random,400,46,216,384.0,373.0,391.0,392.0,374.0,374.0,395.0,199.5,0.02090028721278719,3,1
random,400,46,217,225.0,292.0,276.0,274.0,287.0,287.0,250.0,199.5,0.02090028721278719,3,1
random,400,46,218,276.0,260.0,313.0,324.0,263.0,263.0,309.0,199.5,0.02090028721278719,3,1
random,400,46,219,120.0,186.0,120.0,113.0,179.0,179.0,125.0,199.5,0.02090028721278719,3,1
random,400,46,220,384.0,386.0,396.0,396.0,384.0,384.0,392.0,199.5,0.02090028721278719,3,1
random,400,46,221,175.0,219.0,139.0,132.0,221.0,221.0,174.0,199.5,0.02090028721278719,3,1
random,400,46,222,15.0,7.0,14.0,16.0,10.0,10.0,20.0,199.5,0.02090028721278719,3,1
random,400,46,223,76.0,31.0,63.0,59.0,32.0,32.0,108.0,199.5,0.02090028721278719,3,1
random,400,46,224,320.0,333.0,340.0,341.0,331.0,331.0,343.0,199.5,0.02090028721278719,3,1
random,400,46,225,276.0,270.0,315.0,317.0,274.0,274.0,312.0,199.5,0.02090028721278719,3,1
random,400,46,226,225.0,152.0,252.0,254.0,171.0,171.0,274.0,199.5,0.02090028721278719,3,1
random,400,46,227,175.0,190.0,178.0,175.0,192.0,192.0,192.0,199.5,0.02090028721278719,3,1
random,400,46,228,276.0,290.0,285.0,284.0,293.0,293.0,287.0,199.5,0.02090028721278719,3,1
random,400,46,229,120.0,147.0,123.0,126.0,147.0,147.0,133.0,199.5,0.02090028721278719,3,1
random,400,46,230,120.0,107.0,169.0,167.0,109.0,109.0,170.0,199.5,0.02090028721278719,3,1
random,400,46,231,320.0,352.0,343.0,342.0,352.0,352.0,334.0,199.5,0.02090028721278719,3,1
random,400,46,232,225.0,244.0,224.0,223.0,249.0,249.0,238.0,199.5,0.02090028721278719,3,1
random,400,46,233,76.0,105.0,119.0,123.0,102.0,102.0,104.0,199.5,0.02090028721278719,3,1
random,400,46,234,276.0,260.0,306.0,308.0,275.0,275.0,306.0,199.5,0.02090028721278719,3,1
random,400,46,235,276.0,267.0,270.0,270.0,271.0,271.0,304.0,199.5,0.02090028721278719,3,1
random,400,46,236,22.0,43.0,26.0,26.0,36.0,36.0,24.0,199.5,0.02090028721278719,3,1
random,400,46,237,22.0,4.0,34.0,38.0,6.0,6.0,37.0,199.5,0.02090028721278719,3,1
random,400,46,238,320.0,339.0,330.0,328.0,339.0,339.0,331.0,199.5,0.02090028721278719,3,1
random,400,46,239,175.0,163.0,214.0,213.0,170.0,170.0,212.0,199.5,0.02090028721278719,3,1
random,400,46,240,22.0,51.0,41.0,39.0,46.0,46.0,23.0,199.5,0.02090028721278719,3,1
random,400,46,241,175.0,209.0,146.0,142.0,208.0,208.0,186.0,199.5,0.02090028721278719,3,1
random,400,46,242,120.0,195.0,151.0,147.0,188.0,188.0,135.0,199.5,0.02090028721278719,3,1
random,400,46,243,175.0,299.0,183.0,176.0,294.0,294.0,173.0,199.5,0.02090028721278719,3,1
random,400,46,244,320.0,318.0,327.0,325.0,324.0,324.0,341.0,199.5,0.02090028721278719,3,1
random,400,46,245,400.0,400.0,400.0,400.0,400.0,400.0,400.0,199.5,0.02090028721278719,3,1
random,400,46,246,15.0,15.0,17.0,18.0,16.0,16.0,17.0,199.5,0.02090028721278719,3,1
random,400,46,247,225.0,273.0,262.0,266.0,276.0,276.0,242.0,199.5,0.02090028721278719,3,1
random,400,46,248,225.0,241.0,221.0,224.0,241.0,241.0,244.0,199.5,0.02090028721278719,3,1
random,400,46,249,225.0,253.0,233.0,229.0,246.0,246.0,253.0,199.5,0.02090028721278719,3,1
random,400,46,250,175.0,256.0,200.0,200.0,254.0,254.0,181.0,199.5,0.02090028721278719,3,1
random,400,46,251,320.0,318.0,355.0,357.0,325.0,325.0,349.0,199.5,0.02090028721278719,3,1
random,400,46,252,276.0,286.0,329.0,332.0,288.0,288.0,313.0,199.5,0.02090028721278719,3,1
random,400,46,253,175.0,171.0,184.0,188.0,176.0,176.0,200.0,199.5,0.02090028721278719,3,1
random,400,46,254,15.0,7.0,23.0,22.0,8.0,8.0,21.0,199.5,0.02090028721278719,3,1
random,400,46,255,175.0,196.0,205.0,198.0,193.0,193.0,198.0,199.5,0.02090028721278719,3,1
random,400,46,256,120.0,130.0,142.0,141.0,133.0,133.0,153.0,199.5,0.02090028721278719,3,1
random,400,46,257,76.0,121.0,112.0,121.0,122.0,122.0,99.0,199.5,0.02090028721278719,3,1
random,400,46,258,120.0,56.0,149.0,156.0,69.0,69.0,171.0,199.5,0.02090028721278719,3,1
random,400,46,259,76.0,36.0,65.0,66.0,41.0,41.0,109.0,199.5,0.02090028721278719,3,1
random,400,46,260,359.0,387.0,360.0,359.0,386.0,386.0,361.0,199.5,0.02090028721278719,3,1
random,400,46,261,15.0,17.0,21.0,23.0,19.0,19.0,18.0,199.5,0.02090028721278719,3,1
random,400,46,262,36.0,94.0,24.0,24.0,82.0,82.0,32.0,199.5,0.02090028721278719,3,1
random,400,46,263,175.0,281.0,234.0,236.0,264.0,264.0,183.0,199.5,0.02090028721278719,3,1
random,400,46,264,36.0,39.0,45.0,47.0,38.0,38.0,55.0,199.5,0.02090028721278719,3,1
random,400,46,265,120.0,130.0,104.0,94.0,138.0,138.0,128.0,199.5,0.02090028721278719,3,1
random,400,46,266,276.0,336.0,333.0,335.0,332.0,332.0,288.0,199.5,0.02090028721278719,3,1
random,400,46,267,1.0,18.0,3.0,3.0,13.0,13.0,1.0,199.5,0.02090028721278719,3,1
random,400,46,268,225.0,275.0,245.0,245.0,273.0,273.0,241.0,199.5,0.02090028721278719,3,1
random,400,46,269,22.0,28.0,40.0,41.0,27.0,27.0,34.0,199.5,0.02090028721278719,3,1
random,400,46,270,359.0,361.0,372.0,373.0,361.0,361.0,378.0,199.5,0.02090028721278719,3,1
random,400,46,271,175.0,241.0,225.0,225.0,239.0,239.0,196.0,199.5,0.02090028721278719,3,1
random,400,46,272,76.0,102.0,51.0,51.0,92.0,92.0,91.0,199.5,0.02090028721278719,3,1
random,400,46,273,22.0,10.0,32.0,36.0,14.0,14.0,33.0,199.5,0.02090028721278719,3,1
random,400,46,274,320.0,326.0,349.0,346.0,327.0,327.0,347.0,199.5,0.02090028721278719,3,1
random,400,46,275,225.0,249.0,281.0,283.0,250.0,250.0,264.0,199.5,0.02090028721278719,3,1
random,400,46,276,120.0,135.0,195.0,201.0,132.0,132.0,169.0,199.5,0.02090028721278719,3,1
random,400,46,277,384.0,365.0,393.0,393.0,367.0,367.0,396.0,199.5,0.02090028721278719,3,1
random,400,46,278,359.0,392.0,357.0,356.0,390.0,390.0,362.0,199.5,0.02090028721278719,3,1
random,400,46,279,36.0,83.0,82.0,82.0,81.0,81.0,59.0,199.5,0.02090028721278719,3,1
random,400,46,280,3.0,5.0,4.0,4.0,4.0,4.0,4.0,199.5,0.02090028721278719,3,1
random,400,46,281,120.0,190.0,172.0,170.0,177.0,177.0,151.0,199.5,0.02090028721278719,3,1
random,400,46,282,276.0,283.0,292.0,289.0,286.0,286.0,290.0,199.5,0.02090028721278719,3,1
random,400,46,283,359.0,395.0,383.0,383.0,394.0,394.0,359.0,199.5,0.02090028721278719,3,1
random,400,46,284,175.0,198.0,229.0,228.0,205.0,205.0,202.0,199.5,0.02090028721278719,3,1
random,400,46,285,276.0,301.0,264.0,261.0,299.0,299.0,283.0,199.5,0.02090028721278719,3,1
random,400,46,286,276.0,281.0,268.0,265.0,285.0,285.0,293.0,199.5,0.02090028721278719,3,1
random,400,46,287,276.0,292.0,299.0,298.0,295.0,295.0,299.0,199.5,0.02090028721278719,3,1
random,400,46,288,320.0,323.0,356.0,358.0,326.0,326.0,344.0,199.5,0.02090028721278719,3,1
random,400,46,289,76.0,89.0,118.0,119.0,90.0,90.0,106.0,199.5,0.02090028721278719,3,1
random,400,46,290,359.0,347.0,366.0,367.0,351.0,351.0,381.0,199.5,0.02090028721278719,3,1
random,400,46,291,225.0,209.0,255.0,259.0,212.0,212.0,269.0,199.5,0.02090028721278719,3,1
random,400,46,292,384.0,385.0,389.0,387.0,385.0,385.0,391.0,199.5,0.02090028721278719,3,1
random,400,46,293,36.0,145.0,49.0,48.0,135.0,135.0,38.0,199.5,0.02090028721278719,3,1
random,400,46,294,276.0,267.0,290.0,292.0,267.0,267.0,296.0,199.5,0.02090028721278719,3,1
random,400,46,295,276.0,305.0,307.0,307.0,305.0,305.0,295.0,199.5,0.02090028721278719,3,1
random,400,46,296,120.0,60.0,167.0,162.0,83.0,83.0,162.0,199.5,0.02090028721278719,3,1
random,400,46,297,22.0,11.0,19.0,19.0,15.0,15.0,29.0,199.5,0.02090028721278719,3,1
random,400,46,298,36.0,73.0,62.0,60.0,68.0,68.0,51.0,199.5,0.02090028721278719,3,1
random,400,46,299,76.0,113.0,30.0,29.0,111.0,111.0,76.0,199.5,0.02090028721278719,3,1
random,400,46,300,36.0,123.0,68.0,69.0,113.0,113.0,47.0,199.5,0.02090028721278719,3,1
random,400,46,301,120.0,113.0,141.0,145.0,118.0,118.0,163.0,199.5,0.02090028721278719,3,1
random,400,46,302,225.0,223.0,220.0,221.0,228.0,228.0,251.0,199.5,0.02090028721278719,3,1
random,400,46,303,76.0,143.0,101.0,100.0,136.0,136.0,79.0,199.5,0.02090028721278719,3,1
random,400,46,304,76.0,92.0,113.0,114.0,100.0,100.0,105.0,199.5,0.02090028721278719,3,1
random,400,46,305,225.0,245.0,260.0,257.0,252.0,252.0,245.0,199.5,0.02090028721278719,3,1
random,400,46,306,398.0,398.0,399.0,399.0,398.0,398.0,399.0,199.5,0.02090028721278719,3,1
random,400,46,307,320.0,328.0,326.0,327.0,329.0,329.0,337.0,199.5,0.02090028721278719,3,1
random,400,46,308,225.0,234.0,284.0,282.0,240.0,240.0,254.0,199.5,0.02090028721278719,3,1
random,400,46,309,175.0,148.0,186.0,186.0,153.0,153.0,215.0,199.5,0.02090028721278719,3,1
random,400,46,310,36.0,41.0,38.0,40.0,44.0,44.0,46.0,199.5,0.02090028721278719,3,1
random,400,46,311,320.0,310.0,336.0,338.0,312.0,312.0,346.0,199.5,0.02090028721278719,3,1
random,400,46,312,276.0,225.0,324.0,326.0,242.0,242.0,319.0,199.5,0.02090028721278719,3,1
random,400,46,313,120.0,199.0,176.0,178.0,201.0,201.0,129.0,199.5,0.02090028721278719,3,1
random,400,46,314,276.0,221.0,286.0,287.0,236.0,236.0,314.0,199.5,0.02090028721278719,3,1
random,400,46,315,359.0,331.0,379.0,378.0,336.0,336.0,383.0,199.5,0.02090028721278719,3,1
random,400,46,316,320.0,315.0,331.0,330.0,322.0,322.0,348.0,199.5,0.02090028721278719,3,1
random,400,46,317,175.0,230.0,179.0,169.0,231.0,231.0,180.0,199.5,0.02090028721278719,3,1
random,400,46,318,76.0,62.0,106.0,116.0,64.0,64.0,111.0,199.5,0.02090028721278719,3,1
random,400,46,319,276.0,215.0,291.0,290.0,227.0,227.0,311.0,199.5,0.02090028721278719,3,1
random,400,46,320,76.0,113.0,97.0,99.0,117.0,117.0,98.0,199.5,0.02090028721278719,3,1
random,400,46,321,120.0,163.0,117.0,115.0,166.0,166.0,123.0,199.5,0.02090028721278719,3,1
random,400,46,322,15.0,5.0,22.0,21.0,5.0,5.0,19.0,199.5,0.02090028721278719,3,1
random,400,46,323,320.0,301.0,342.0,344.0,310.0,310.0,355.0,199.5,0.02090028721278719,3,1
random,400,46,324,320.0,357.0,334.0,331.0,355.0,355.0,324.0,199.5,0.02090028721278719,3,1
random,400,46,325,120.0,77.0,129.0,129.0,88.0,88.0,159.0,199.5,0.02090028721278719,3,1
random,400,46,326,276.0,339.0,273.0,269.0,335.0,335.0,280.0,199.5,0.02090028721278719,3,1
random,400,46,327,76.0,35.0,138.0,144.0,34.0,34.0,120.0,199.5,0.02090028721278719,3,1
random,400,46,328,36.0,54.0,64.0,64.0,57.0,57.0,54.0,199.5,0.02090028721278719,3,1
random,400,46,329,36.0,68.0,29.0,28.0,65.0,65.0,41.0,199.5,0.02090028721278719,3,1
random,400,46,330,36.0,83.0,94.0,98.0,75.0,75.0,70.0,199.5,0.02090028721278719,3,1
random,400,46,331,320.0,315.0,353.0,352.0,323.0,323.0,345.0,199.5,0.02090028721278719,3,1
random,400,46,332,22.0,3.0,31.0,32.0,3.0,3.0,40.0,199.5,0.02090028721278719,3,1
random,400,46,333,120.0,172.0,125.0,124.0,164.0,164.0,124.0,199.5,0.02090028721278719,3,1
random,400,46,334,36.0,81.0,75.0,74.0,79.0,79.0,48.0,199.5,0.02090028721278719,3,1
random,400,46,335,76.0,72.0,116.0,111.0,77.0,77.0,101.0,199.5,0.02090028721278719,3,1
random,400,46,336,320.0,315.0,350.0,350.0,320.0,320.0,350.0,199.5,0.02090028721278719,3,1
random,400,46,337,76.0,54.0,71.0,72.0,51.0,51.0,112.0,199.5,0.02090028721278719,3,1
random,400,46,338,120.0,96.0,93.0,86.0,106.0,106.0,140.0,199.5,0.02090028721278719,3,1
random,400,46,339,359.0,382.0,371.0,370.0,382.0,382.0,368.0,199.5,0.02090028721278719,3,1
random,400,46,340,76.0,83.0,135.0,136.0,87.0,87.0,116.0,199.5,0.02090028721278719,3,1
random,400,46,341,22.0,43.0,37.0,35.0,35.0,35.0,27.0,199.5,0.02090028721278719,3,1
random,400,46,342,276.0,292.0,319.0,321.0,291.0,291.0,308.0,199.5,0.02090028721278719,3,1
random,400,46,343,36.0,110.0,58.0,55.0,98.0,98.0,50.0,199.5,0.02090028721278719,3,1
random,400,46,344,359.0,388.0,381.0,381.0,388.0,388.0,365.0,199.5,0.02090028721278719,3,1
random,400,46,345,359.0,383.0,370.0,365.0,383.0,383.0,363.0,199.5,0.02090028721278719,3,1
random,400,46,346,384.0,379.0,395.0,394.0,381.0,381.0,394.0,199.5,0.02090028721278719,3,1
random,400,46,347,36.0,105.0,78.0,78.0,99.0,99.0,52.0,199.5,0.02090028721278719,3,1
random,400,46,348,384.0,349.0,394.0,395.0,356.0,356.0,397.0,199.5,0.02090028721278719,3,1
random,400,46,349,225.0,265.0,282.0,286.0,260.0,260.0,260.0,199.5,0.02090028721278719,3,1
random,400,46,350,359.0,355.0,380.0,377.0,358.0,358.0,382.0,199.5,0.02090028721278719,3,1
random,400,46,351,120.0,233.0,133.0,134.0,220.0,220.0,121.0,199.5,0.02090028721278719,3,1
random,400,46,352,320.0,303.0,345.0,353.0,307.0,307.0,353.0,199.5,0.02090028721278719,3,1
random,400,46,353,175.0,227.0,190.0,190.0,219.0,219.0,190.0,199.5,0.02090028721278719,3,1
random,400,46,354,225.0,286.0,272.0,271.0,281.0,281.0,255.0,199.5,0.02090028721278719,3,1
random,400,46,355,15.0,24.0,18.0,17.0,25.0,25.0,16.0,199.5,0.02090028721278719,3,1
random,400,46,356,36.0,46.0,60.0,62.0,45.0,45.0,66.0,199.5,0.02090028721278719,3,1
random,400,46,357,175.0,298.0,216.0,211.0,292.0,292.0,179.0,199.5,0.02090028721278719,3,1
random,400,46,358,76.0,183.0,126.0,128.0,172.0,172.0,87.0,199.5,0.02090028721278719,3,1
random,400,46,359,359.0,334.0,361.0,362.0,342.0,342.0,379.0,199.5,0.02090028721278719,3,1
random,400,46,360,120.0,245.0,154.0,150.0,237.0,237.0,122.0,199.5,0.02090028721278719,3,1
random,400,46,361,175.0,253.0,208.0,203.0,245.0,245.0,184.0,199.5,0.02090028721278719,3,1
random,400,46,362,120.0,137.0,115.0,118.0,139.0,139.0,141.0,199.5,0.02090028721278719,3,1
random,400,46,363,6.0,11.0,9.0,9.0,11.0,11.0,12.0,199.5,0.02090028721278719,3,1
random,400,46,364,175.0,240.0,228.0,226.0,234.0,234.0,195.0,199.5,0.02090028721278719,3,1
random,400,46,365,76.0,83.0,66.0,61.0,93.0,93.0,90.0,199.5,0.02090028721278719,3,1
random,400,46,366,175.0,150.0,177.0,179.0,156.0,156.0,210.0,199.5,0.02090028721278719,3,1
random,400,46,367,76.0,107.0,103.0,104.0,108.0,108.0,95.0,199.5,0.02090028721278719,3,1
random,400,46,368,276.0,206.0,323.0,323.0,224.0,224.0,318.0,199.5,0.02090028721278719,3,1
random,400,46,369,225.0,181.0,249.0,246.0,196.0,196.0,270.0,199.5,0.02090028721278719,3,1
random,400,46,370,120.0,103.0,105.0,108.0,114.0,114.0,145.0,199.5,0.02090028721278719,3,1
random,400,46,371,225.0,172.0,288.0,293.0,189.0,189.0,275.0,199.5,0.02090028721278719,3,1
random,400,46,372,120.0,217.0,158.0,154.0,204.0,204.0,131.0,199.5,0.02090028721278719,3,1
random,400,46,373,120.0,96.0,110.0,109.0,105.0,105.0,148.0,199.5,0.02090028721278719,3,1
random,400,46,374,120.0,163.0,143.0,140.0,158.0,158.0,139.0,199.5,0.02090028721278719,3,1
random,400,46,375,6.0,21.0,5.0,5.0,20.0,20.0,8.0,199.5,0.02090028721278719,3,1
random,400,46,376,36.0,51.0,91.0,97.0,47.0,47.0,74.0,199.5,0.02090028721278719,3,1
random,400,46,377,36.0,83.0,39.0,37.0,73.0,73.0,43.0,199.5,0.02090028721278719,3,1
random,400,46,378,175.0,183.0,191.0,192.0,190.0,190.0,197.0,199.5,0.02090028721278719,3,1
random,400,46,379,175.0,137.0,193.0,193.0,143.0,143.0,218.0,199.5,0.02090028721278719,3,1
random,400,46,380,276.0,308.0,316.0,318.0,309.0,309.0,302.0,199.5,0.02090028721278719,3,1
random,400,46,381,225.0,260.0,269.0,275.0,261.0,261.0,259.0,199.5,0.02090028721278719,3,1
random,400,46,382,175.0,283.0,238.0,238.0,266.0,266.0,187.0,199.5,0.02090028721278719,3,1
random,400,46,383,320.0,345.0,369.0,371.0,346.0,346.0,352.0,199.5,0.02090028721278719,3,1
random,400,46,384,225.0,265.0,204.0,202.0,262.0,262.0,234.0,199.5,0.02090028721278719,3,1
random,400,46,385,120.0,123.0,130.0,130.0,124.0,124.0,155.0,199.5,0.02090028721278719,3,1
random,400,46,386,76.0,190.0,147.0,149.0,182.0,182.0,85.0,199.5,0.02090028721278719,3,1
random,400,46,387,120.0,126.0,164.0,166.0,128.0,128.0,166.0,199.5,0.02090028721278719,3,1
random,400,46,388,225.0,223.0,232.0,237.0,226.0,226.0,256.0,199.5,0.02090028721278719,3,1
random,400,46,389,120.0,183.0,136.0,135.0,180.0,180.0,127.0,199.5,0.02090028721278719,3,1
random,400,46,390,22.0,18.0,50.0,54.0,24.0,24.0,36.0,199.5,0.02090028721278719,3,1
random,400,46,391,76.0,39.0,90.0,90.0,48.0,48.0,107.0,199.5,0.02090028721278719,3,1
random,400,46,392,276.0,309.0,283.0,280.0,306.0,306.0,281.0,199.5,0.02090028721278719,3,1
random,400,46,393,3.0,1.0,12.0,13.0,1.0,1.0,7.0,199.5,0.02090028721278719,3,1
random,400,46,394,120.0,167.0,156.0,155.0,154.0,154.0,160.0,199.5,0.02090028721278719,3,1
random,400,46,395,359.0,364.0,365.0,363.0,364.0,364.0,371.0,199.5,0.02090028721278719,3,1
random,400,46,396,276.0,238.0,301.0,303.0,243.0,243.0,316.0,199.5,0.02090028721278719,3,1
random,400,46,397,22.0,46.0,33.0,31.0,43.0,43.0,28.0,199.5,0.02090028721278719,3,1
random,400,46,398,36.0,63.0,85.0,87.0,62.0,62.0,67.0,199.5,0.02090028721278719,3,1
random,400,46,399,225.0,202.0,236.0,230.0,213.0,213.0,258.0,199.5,0.02090028721278719,3,1
