random,400,47,0,166.0,111.0,217.0,222.0,124.0,124.0,217.0,199.5,0.02331369325119324,3,2
random,400,47,1,270.0,244.0,276.0,279.0,254.0,254.0,317.0,199.5,0.02331369325119324,3,2
random,400,47,2,327.0,370.0,364.0,364.0,368.0,368.0,337.0,199.5,0.02331369325119324,3,2
random,400,47,3,327.0,253.0,333.0,333.0,263.0,263.0,361.0,199.5,0.02331369325119324,3,2
random,400,47,4,75.0,159.0,72.0,70.0,146.0,146.0,80.0,199.5,0.02331369325119324,3,2
random,400,47,5,327.0,351.0,371.0,373.0,357.0,357.0,344.0,199.5,0.02331369325119324,3,2
random,400,47,6,106.0,122.0,147.0,142.0,128.0,128.0,139.0,199.5,0.02331369325119324,3,2
random,400,47,7,366.0,383.0,383.0,384.0,383.0,383.0,377.0,199.5,0.02331369325119324,3,2
random,400,47,8,270.0,272.0,282.0,283.0,279.0,279.0,291.0,199.5,0.02331369325119324,3,2
random,400,47,9,166.0,171.0,205.0,202.0,177.0,177.0,197.0,199.5,0.02331369325119324,3,2
random,400,47,10,106.0,71.0,169.0,174.0,77.0,77.0,165.0,199.5,0.02331369325119324,3,2
random,400,47,11,166.0,153.0,136.0,135.0,168.0,168.0,182.0,199.5,0.02331369325119324,3,2
random,400,47,12,106.0,126.0,118.0,121.0,125.0,125.0,143.0,199.5,0.02331369325119324,3,2
random,400,47,13,52.0,109.0,81.0,82.0,95.0,95.0,62.0,199.5,0.02331369325119324,3,2
random,400,47,14,106.0,159.0,109.0,103.0,157.0,157.0,111.0,199.5,0.02331369325119324,3,2
random,400,47,15,52.0,66.0,75.0,79.0,63.0,63.0,69.0,199.5,0.02331369325119324,3,2
random,400,47,16,75.0,156.0,92.0,89.0,153.0,153.0,76.0,199.5,0.02331369325119324,3,2
random,400,47,17,7.0,3.0,12.0,10.0,3.0,3.0,14.0,199.5,0.02331369325119324,3,2
random,400,47,18,52.0,101.0,61.0,58.0,88.0,88.0,60.0,199.5,0.02331369325119324,3,2
random,400,47,19,106.0,122.0,107.0,104.0,121.0,121.0,130.0,199.5,0.02331369325119324,3,2
random,400,47,20,270.0,302.0,281.0,281.0,308.0,308.0,285.0,199.5,0.02331369325119324,3,2
random,400,47,21,384.0,385.0,391.0,391.0,386.0,386.0,392.0,199.5,0.02331369325119324,3,2
random,400,47,22,52.0,137.0,74.0,75.0,122.0,122.0,57.0,199.5,0.02331369325119324,3,2
random,400,47,23,106.0,230.0,153.0,152.0,218.0,218.0,116.0,199.5,0.02331369325119324,3,2
random,400,47,24,106.0,198.0,148.0,145.0,193.0,193.0,117.0,199.5,0.02331369325119324,3,2
random,400,47,25,396.0,399.0,395.0,395.0,399.0,399.0,396.0,199.5,0.02331369325119324,3,2
random,400,47,26,106.0,52.0,141.0,147.0,64.0,64.0,164.0,199.5,0.02331369325119324,3,2
random,400,47,27,52.0,92.0,64.0,63.0,85.0,85.0,54.0,199.5,0.02331369325119324,3,2
random,400,47,28,106.0,101.0,144.0,151.0,101.0,101.0,156.0,199.5,0.02331369325119324,3,2
random,400,47,29,166.0,179.0,196.0,195.0,186.0,186.0,187.0,199.5,0.02331369325119324,3,2
random,400,47,30,17.0,34.0,17.0,16.0,32.0,32.0,20.0,199.5,0.02331369325119324,3,2
random,400,47,31,219.0,210.0,238.0,235.0,222.0,222.0,241.0,199.5,0.02331369325119324,3,2
random,400,47,32,166.0,186.0,215.0,218.0,181.0,181.0,210.0,199.5,0.02331369325119324,3,2
random,400,47,33,327.0,299.0,350.0,354.0,310.0,310.0,358.0,199.5,0.02331369325119324,3,2
random,400,47,34,396.0,391.0,398.0,399.0,392.0,392.0,399.0,199.5,0.02331369325119324,3,2
random,400,47,35,327.0,349.0,354.0,356.0,349.0,349.0,349.0,199.5,0.02331369325119324,3,2
random,400,47,36,219.0,270.0,262.0,260.0,268.0,268.0,236.0,199.5,0.02331369325119324,3,2
random,400,47,37,327.0,349.0,325.0,324.0,355.0,355.0,329.0,199.5,0.02331369325119324,3,2
random,400,47,38,166.0,347.0,231.0,230.0,332.0,332.0,167.0,199.5,0.02331369325119324,3,2
random,400,47,39,106.0,206.0,140.0,144.0,196.0,196.0,123.0,199.5,0.02331369325119324,3,2
random,400,47,40,166.0,232.0,158.0,143.0,227.0,227.0,173.0,199.5,0.02331369325119324,3,2
random,400,47,41,327.0,364.0,352.0,349.0,363.0,363.0,338.0,199.5,0.02331369325119324,3,2
random,400,47,42,52.0,25.0,56.0,59.0,31.0,31.0,72.0,199.5,0.02331369325119324,3,2
random,400,47,43,400.0,400.0,400.0,400.0,400.0,400.0,400.0,199.5,0.02331369325119324,3,2
random,400,47,44,106.0,104.0,126.0,118.0,106.0,106.0,132.0,199.5,0.02331369325119324,3,2
random,400,47,45,270.0,253.0,280.0,280.0,256.0,256.0,311.0,199.5,0.02331369325119324,3,2
random,400,47,46,270.0,232.0,251.0,255.0,250.0,250.0,290.0,199.5,0.02331369325119324,3,2
random,400,47,47,7.0,4.0,8.0,9.0,4.0,4.0,15.0,199.5,0.02331369325119324,3,2
random,400,47,48,270.0,289.0,316.0,315.0,297.0,297.0,298.0,199.5,0.02331369325119324,3,2
random,400,47,49,106.0,183.0,115.0,115.0,172.0,172.0,121.0,199.5,0.02331369325119324,3,2
random,400,47,50,166.0,187.0,207.0,205.0,190.0,190.0,188.0,199.5,0.02331369325119324,3,2
random,400,47,51,270.0,320.0,306.0,306.0,315.0,315.0,288.0,199.5,0.02331369325119324,3,2
random,400,47,52,166.0,256.0,213.0,213.0,245.0,245.0,179.0,199.5,0.02331369325119324,3,2
random,400,47,53,270.0,156.0,267.0,272.0,178.0,178.0,325.0,199.5,0.02331369325119324,3,2
random,400,47,54,327.0,351.0,362.0,360.0,356.0,356.0,351.0,199.5,0.02331369325119324,3,2
random,400,47,55,166.0,187.0,191.0,194.0,192.0,192.0,193.0,199.5,0.02331369325119324,3,2
random,400,47,56,106.0,125.0,186.0,192.0,118.0,118.0,159.0,199.5,0.02331369325119324,3,2
random,400,47,57,166.0,137.0,163.0,158.0,142.0,142.0,204.0,199.5,0.02331369325119324,3,2
random,400,47,58,166.0,281.0,208.0,204.0,269.0,269.0,172.0,199.5,0.02331369325119324,3,2
random,400,47,59,270.0,341.0,279.0,275.0,342.0,342.0,272.0,199.5,0.02331369325119324,3,2
random,400,47,60,7.0,17.0,6.0,5.0,13.0,13.0,10.0,199.5,0.02331369325119324,3,2
random,400,47,61,384.0,388.0,388.0,388.0,388.0,388.0,389.0,199.5,0.02331369325119324,3,2
random,400,47,62,270.0,224.0,302.0,308.0,233.0,233.0,323.0,199.5,0.02331369325119324,3,2
random,400,47,63,17.0,27.0,27.0,27.0,23.0,23.0,23.0,199.5,0.02331369325119324,3,2
random,400,47,64,28.0,61.0,52.0,52.0,57.0,57.0,32.0,199.5,0.02331369325119324,3,2
random,400,47,65,366.0,377.0,369.0,368.0,377.0,377.0,369.0,199.5,0.02331369325119324,3,2
random,400,47,66,270.0,288.0,308.0,313.0,292.0,292.0,300.0,199.5,0.02331369325119324,3,2
random,400,47,67,270.0,281.0,337.0,341.0,285.0,285.0,322.0,199.5,0.02331369325119324,3,2
random,400,47,68,327.0,318.0,360.0,359.0,319.0,319.0,355.0,199.5,0.02331369325119324,3,2
random,400,47,69,366.0,377.0,380.0,380.0,375.0,375.0,382.0,199.5,0.02331369325119324,3,2
random,400,47,70,3.0,7.0,7.0,7.0,5.0,5.0,5.0,199.5,0.02331369325119324,3,2
random,400,47,71,106.0,204.0,131.0,126.0,198.0,198.0,112.0,199.5,0.02331369325119324,3,2
random,400,47,72,75.0,83.0,94.0,98.0,83.0,83.0,102.0,199.5,0.02331369325119324,3,2
random,400,47,73,17.0,66.0,18.0,15.0,57.0,57.0,16.0,199.5,0.02331369325119324,3,2
random,400,47,74,106.0,48.0,149.0,150.0,60.0,60.0,163.0,199.5,0.02331369325119324,3,2
random,400,47,75,384.0,396.0,387.0,387.0,395.0,395.0,385.0,199.5,0.02331369325119324,3,2
random,400,47,76,219.0,315.0,225.0,223.0,309.0,309.0,222.0,199.5,0.02331369325119324,3,2
random,400,47,77,166.0,184.0,127.0,124.0,183.0,183.0,181.0,199.5,0.02331369325119324,3,2
random,400,47,78,7.0,18.0,20.0,20.0,16.0,16.0,12.0,199.5,0.02331369325119324,3,2
random,400,47,79,270.0,315.0,304.0,304.0,312.0,312.0,297.0,199.5,0.02331369325119324,3,2
random,400,47,80,327.0,259.0,363.0,363.0,276.0,276.0,364.0,199.5,0.02331369325119324,3,2
random,400,47,81,219.0,214.0,235.0,233.0,220.0,220.0,250.0,199.5,0.02331369325119324,3,2
random,400,47,82,166.0,134.0,160.0,167.0,140.0,140.0,207.0,199.5,0.02331369325119324,3,2
random,400,47,83,28.0,34.0,31.0,31.0,37.0,37.0,35.0,199.5,0.02331369325119324,3,2
random,400,47,84,28.0,12.0,28.0,28.0,18.0,18.0,44.0,199.5,0.02331369325119324,3,2
random,400,47,85,106.0,216.0,106.0,102.0,209.0,209.0,107.0,199.5,0.02331369325119324,3,2
random,400,47,86,106.0,261.0,122.0,119.0,244.0,244.0,106.0,199.5,0.02331369325119324,3,2
random,400,47,87,327.0,321.0,322.0,320.0,328.0,328.0,340.0,199.5,0.02331369325119324,3,2
random,400,47,88,166.0,189.0,175.0,172.0,191.0,191.0,191.0,199.5,0.02331369325119324,3,2
random,400,47,89,75.0,92.0,73.0,72.0,90.0,90.0,86.0,199.5,0.02331369325119324,3,2
random,400,47,90,219.0,175.0,242.0,244.0,186.0,186.0,264.0,199.5,0.02331369325119324,3,2
random,400,47,91,106.0,167.0,165.0,168.0,160.0,160.0,149.0,199.5,0.02331369325119324,3,2
random,400,47,92,75.0,171.0,86.0,84.0,154.0,154.0,79.0,199.5,0.02331369325119324,3,2
random,400,47,93,327.0,337.0,327.0,326.0,340.0,340.0,333.0,199.5,0.02331369325119324,3,2
random,400,47,94,327.0,331.0,346.0,347.0,334.0,334.0,353.0,199.5,0.02331369325119324,3,2
random,400,47,95,270.0,299.0,284.0,290.0,299.0,299.0,292.0,199.5,0.02331369325119324,3,2
random,400,47,96,270.0,344.0,314.0,314.0,338.0,338.0,281.0,199.5,0.02331369325119324,3,2
random,400,47,97,106.0,127.0,100.0,94.0,131.0,131.0,128.0,199.5,0.02331369325119324,3,2
random,400,47,98,219.0,244.0,236.0,236.0,246.0,246.0,237.0,199.5,0.02331369325119324,3,2
random,400,47,99,327.0,358.0,331.0,332.0,359.0,359.0,331.0,199.5,0.02331369325119324,3,2
random,400,47,100,28.0,52.0,63.0,62.0,50.0,50.0,39.0,199.5,0.02331369325119324,3,2
random,400,47,101,270.0,266.0,278.0,273.0,277.0,277.0,289.0,199.5,0.02331369325119324,3,2
random,400,47,102,166.0,236.0,204.0,206.0,228.0,228.0,177.0,199.5,0.02331369325119324,3,2
random,400,47,103,219.0,331.0,286.0,287.0,322.0,322.0,225.0,199.5,0.02331369325119324,3,2
random,400,47,104,384.0,394.0,384.0,383.0,396.0,396.0,384.0,199.5,0.02331369325119324,3,2
random,400,47,105,219.0,207.0,249.0,246.0,215.0,215.0,256.0,199.5,0.02331369325119324,3,2
random,400,47,106,106.0,181.0,181.0,175.0,175.0,175.0,138.0,199.5,0.02331369325119324,3,2
random,400,47,107,366.0,374.0,382.0,382.0,376.0,376.0,372.0,199.5,0.02331369325119324,3,2
random,400,47,108,166.0,210.0,164.0,163.0,211.0,211.0,176.0,199.5,0.02331369325119324,3,2
random,400,47,109,327.0,337.0,348.0,345.0,345.0,345.0,341.0,199.5,0.02331369325119324,3,2
random,400,47,110,219.0,359.0,245.0,239.0,350.0,350.0,219.0,199.5,0.02331369325119324,3,2
random,400,47,111,166.0,209.0,177.0,178.0,206.0,206.0,180.0,199.5,0.02331369325119324,3,2
random,400,47,112,106.0,75.0,114.0,120.0,79.0,79.0,155.0,199.5,0.02331369325119324,3,2
random,400,47,113,52.0,22.0,71.0,73.0,25.0,25.0,74.0,199.5,0.02331369325119324,3,2
random,400,47,114,106.0,82.0,146.0,148.0,93.0,93.0,158.0,199.5,0.02331369325119324,3,2
random,400,47,115,166.0,118.0,162.0,162.0,133.0,133.0,208.0,199.5,0.02331369325119324,3,2
random,400,47,116,219.0,275.0,226.0,226.0,272.0,272.0,228.0,199.5,0.02331369325119324,3,2
random,400,47,117,166.0,279.0,172.0,169.0,264.0,264.0,168.0,199.5,0.02331369325119324,3,2
random,400,47,118,106.0,73.0,129.0,129.0,82.0,82.0,157.0,199.5,0.02331369325119324,3,2
random,400,47,119,270.0,302.0,283.0,282.0,305.0,305.0,284.0,199.5,0.02331369325119324,3,2
random,400,47,120,106.0,167.0,166.0,166.0,168.0,168.0,135.0,199.5,0.02331369325119324,3,2
random,400,47,121,219.0,197.0,273.0,274.0,199.0,199.0,268.0,199.5,0.02331369325119324,3,2
random,400,47,122,166.0,130.0,220.0,221.0,140.0,140.0,213.0,199.5,0.02331369325119324,3,2
random,400,47,123,270.0,321.0,290.0,285.0,320.0,320.0,278.0,199.5,0.02331369325119324,3,2
random,400,47,124,166.0,181.0,185.0,185.0,175.0,175.0,189.0,199.5,0.02331369325119324,3,2
random,400,47,125,327.0,307.0,358.0,362.0,316.0,316.0,360.0,199.5,0.02331369325119324,3,2
random,400,47,126,106.0,104.0,97.0,107.0,115.0,115.0,124.0,199.5,0.02331369325119324,3,2
random,400,47,127,270.0,329.0,266.0,268.0,326.0,326.0,273.0,199.5,0.02331369325119324,3,2
random,400,47,128,270.0,285.0,321.0,322.0,289.0,289.0,305.0,199.5,0.02331369325119324,3,2
random,400,47,129,219.0,216.0,240.0,238.0,221.0,221.0,253.0,199.5,0.02331369325119324,3,2
random,400,47,130,106.0,101.0,133.0,139.0,104.0,104.0,137.0,199.5,0.02331369325119324,3,2
random,400,47,131,106.0,147.0,159.0,161.0,139.0,139.0,154.0,199.5,0.02331369325119324,3,2
random,400,47,132,75.0,167.0,150.0,155.0,155.0,155.0,92.0,199.5,0.02331369325119324,3,2
random,400,47,133,106.0,137.0,111.0,112.0,137.0,137.0,125.0,199.5,0.02331369325119324,3,2
random,400,47,134,52.0,59.0,57.0,56.0,59.0,59.0,65.0,199.5,0.02331369325119324,3,2
random,400,47,135,75.0,69.0,78.0,78.0,71.0,71.0,95.0,199.5,0.02331369325119324,3,2
random,400,47,136,327.0,313.0,328.0,327.0,317.0,317.0,339.0,199.5,0.02331369325119324,3,2
random,400,47,137,219.0,194.0,214.0,215.0,201.0,201.0,249.0,199.5,0.02331369325119324,3,2
random,400,47,138,219.0,194.0,221.0,219.0,205.0,205.0,246.0,199.5,0.02331369325119324,3,2
random,400,47,139,106.0,130.0,170.0,171.0,131.0,131.0,152.0,199.5,0.02331369325119324,3,2
random,400,47,140,166.0,253.0,201.0,198.0,253.0,253.0,175.0,199.5,0.02331369325119324,3,2
random,400,47,141,384.0,390.0,396.0,396.0,390.0,390.0,390.0,199.5,0.02331369325119324,3,2
random,400,47,142,384.0,389.0,385.0,385.0,389.0,389.0,387.0,199.5,0.02331369325119324,3,2
random,400,47,143,28.0,137.0,49.0,48.0,107.0,107.0,28.0,199.5,0.02331369325119324,3,2
random,400,47,144,270.0,336.0,305.0,299.0,333.0,333.0,283.0,199.5,0.02331369325119324,3,2
random,400,47,145,17.0,36.0,29.0,29.0,36.0,36.0,21.0,199.5,0.02331369325119324,3,2
random,400,47,146,270.0,261.0,313.0,312.0,275.0,275.0,316.0,199.5,0.02331369325119324,3,2
random,400,47,147,28.0,16.0,41.0,41.0,17.0,17.0,51.0,199.5,0.02331369325119324,3,2
random,400,47,148,166.0,199.0,168.0,159.0,200.0,200.0,184.0,199.5,0.02331369325119324,3,2
random,400,47,149,366.0,387.0,370.0,370.0,387.0,387.0,368.0,199.5,0.02331369325119324,3,2
random,400,47,150,28.0,27.0,37.0,37.0,29.0,29.0,45.0,199.5,0.02331369325119324,3,2
random,400,47,151,28.0,39.0,26.0,25.0,40.0,40.0,30.0,199.5,0.02331369325119324,3,2
random,400,47,152,28.0,80.0,54.0,55.0,68.0,68.0,38.0,199.5,0.02331369325119324,3,2
random,400,47,153,384.0,370.0,386.0,386.0,372.0,372.0,391.0,199.5,0.02331369325119324,3,2
random,400,47,154,52.0,61.0,42.0,40.0,61.0,61.0,53.0,199.5,0.02331369325119324,3,2
random,400,47,155,270.0,294.0,301.0,301.0,296.0,296.0,313.0,199.5,0.02331369325119324,3,2
random,400,47,156,219.0,244.0,246.0,248.0,251.0,251.0,238.0,199.5,0.02331369325119324,3,2
random,400,47,157,28.0,52.0,40.0,38.0,49.0,49.0,36.0,199.5,0.02331369325119324,3,2
random,400,47,158,270.0,324.0,315.0,317.0,322.0,322.0,302.0,199.5,0.02331369325119324,3,2
random,400,47,159,327.0,341.0,357.0,357.0,346.0,346.0,350.0,199.5,0.02331369325119324,3,2
random,400,47,160,166.0,167.0,211.0,210.0,168.0,168.0,206.0,199.5,0.02331369325119324,3,2
random,400,47,161,106.0,153.0,121.0,116.0,161.0,161.0,120.0,199.5,0.02331369325119324,3,2
random,400,47,162,106.0,210.0,161.0,160.0,207.0,207.0,119.0,199.5,0.02331369325119324,3,2
random,400,47,163,270.0,344.0,297.0,302.0,339.0,339.0,280.0,199.5,0.02331369325119324,3,2
random,400,47,164,270.0,321.0,285.0,284.0,324.0,324.0,277.0,199.5,0.02331369325119324,3,2
random,400,47,165,384.0,376.0,389.0,389.0,378.0,378.0,395.0,199.5,0.02331369325119324,3,2
random,400,47,166,327.0,334.0,338.0,339.0,335.0,335.0,346.0,199.5,0.02331369325119324,3,2
random,400,47,167,219.0,264.0,233.0,229.0,267.0,267.0,229.0,199.5,0.02331369325119324,3,2
random,400,47,168,106.0,133.0,119.0,128.0,134.0,134.0,146.0,199.5,0.02331369325119324,3,2
random,400,47,169,219.0,236.0,241.0,243.0,233.0,233.0,252.0,199.5,0.02331369325119324,3,2
random,400,47,170,75.0,111.0,80.0,81.0,103.0,103.0,87.0,199.5,0.02331369325119324,3,2
random,400,47,171,219.0,221.0,274.0,278.0,225.0,225.0,263.0,199.5,0.02331369325119324,3,2
random,400,47,172,106.0,118.0,116.0,113.0,113.0,113.0,144.0,199.5,0.02331369325119324,3,2
random,400,47,173,52.0,83.0,83.0,86.0,83.0,83.0,64.0,199.5,0.02331369325119324,3,2
random,400,47,174,28.0,47.0,51.0,49.0,45.0,45.0,41.0,199.5,0.02331369325119324,3,2
random,400,47,175,219.0,241.0,227.0,228.0,240.0,240.0,231.0,199.5,0.02331369325119324,3,2
random,400,47,176,166.0,144.0,229.0,237.0,147.0,147.0,218.0,199.5,0.02331369325119324,3,2
random,400,47,177,327.0,360.0,339.0,336.0,361.0,361.0,328.0,199.5,0.02331369325119324,3,2
random,400,47,178,270.0,261.0,288.0,289.0,266.0,266.0,303.0,199.5,0.02331369325119324,3,2
random,400,47,179,270.0,281.0,317.0,316.0,282.0,282.0,314.0,199.5,0.02331369325119324,3,2
random,400,47,180,106.0,96.0,132.0,131.0,100.0,100.0,153.0,199.5,0.02331369325119324,3,2
random,400,47,181,106.0,190.0,143.0,146.0,188.0,188.0,115.0,199.5,0.02331369325119324,3,2
random,400,47,182,270.0,298.0,295.0,292.0,301.0,301.0,287.0,199.5,0.02331369325119324,3,2
random,400,47,183,270.0,235.0,303.0,303.0,247.0,247.0,315.0,199.5,0.02331369325119324,3,2
random,400,47,184,327.0,362.0,365.0,365.0,360.0,360.0,342.0,199.5,0.02331369325119324,3,2
random,400,47,185,396.0,398.0,399.0,398.0,398.0,398.0,397.0,199.5,0.02331369325119324,3,2
random,400,47,186,106.0,219.0,128.0,123.0,209.0,209.0,108.0,199.5,0.02331369325119324,3,2
random,400,47,187,270.0,286.0,329.0,328.0,286.0,286.0,318.0,199.5,0.02331369325119324,3,2
random,400,47,188,75.0,153.0,112.0,111.0,151.0,151.0,78.0,199.5,0.02331369325119324,3,2
random,400,47,189,17.0,5.0,19.0,22.0,8.0,8.0,27.0,199.5,0.02331369325119324,3,2
random,400,47,190,166.0,148.0,197.0,201.0,157.0,157.0,205.0,199.5,0.02331369325119324,3,2
random,400,47,191,270.0,232.0,293.0,297.0,243.0,243.0,321.0,199.5,0.02331369325119324,3,2
random,400,47,192,52.0,51.0,33.0,34.0,52.0,52.0,58.0,199.5,0.02331369325119324,3,2
random,400,47,193,106.0,151.0,184.0,193.0,156.0,156.0,140.0,199.5,0.02331369325119324,3,2
random,400,47,194,28.0,48.0,43.0,50.0,46.0,46.0,40.0,199.5,0.02331369325119324,3,2
random,400,47,195,166.0,179.0,178.0,176.0,173.0,173.0,200.0,199.5,0.02331369325119324,3,2
random,400,47,196,219.0,264.0,271.0,276.0,258.0,258.0,255.0,199.5,0.02331369325119324,3,2
random,400,47,197,106.0,77.0,125.0,137.0,87.0,87.0,151.0,199.5,0.02331369325119324,3,2
random,400,47,198,384.0,380.0,394.0,394.0,381.0,381.0,393.0,199.5,0.02331369325119324,3,2
random,400,47,199,270.0,286.0,298.0,294.0,287.0,287.0,301.0,199.5,0.02331369325119324,3,2
random,400,47,200,327.0,224.0,353.0,352.0,241.0,241.0,365.0,199.5,0.02331369325119324,3,2
random,400,47,201,219.0,304.0,219.0,212.0,295.0,295.0,221.0,199.5,0.02331369325119324,3,2
random,400,47,202,327.0,326.0,336.0,337.0,330.0,330.0,348.0,199.5,0.02331369325119324,3,2
random,400,47,203,219.0,267.0,218.0,216.0,257.0,257.0,230.0,199.5,0.02331369325119324,3,2
random,400,47,204,366.0,392.0,372.0,371.0,391.0,391.0,367.0,199.5,0.02331369325119324,3,2
random,400,47,205,52.0,79.0,50.0,51.0,73.0,73.0,59.0,199.5,0.02331369325119324,3,2
random,400,47,206,270.0,351.0,324.0,323.0,348.0,348.0,286.0,199.5,0.02331369325119324,3,2
random,400,47,207,106.0,202.0,174.0,177.0,197.0,197.0,126.0,199.5,0.02331369325119324,3,2
random,400,47,208,327.0,296.0,351.0,353.0,298.0,298.0,363.0,199.5,0.02331369325119324,3,2
random,400,47,209,166.0,306.0,183.0,180.0,288.0,288.0,166.0,199.5,0.02331369325119324,3,2
random,400,47,210,219.0,236.0,264.0,264.0,236.0,236.0,251.0,199.5,0.02331369325119324,3,2
random,400,47,211,270.0,344.0,340.0,338.0,344.0,344.0,294.0,199.5,0.02331369325119324,3,2
random,400,47,212,3.0,19.0,1.0,1.0,14.0,14.0,3.0,199.5,0.02331369325119324,3,2
random,400,47,213,366.0,381.0,374.0,372.0,380.0,380.0,371.0,199.5,0.02331369325119324,3,2
random,400,47,214,3.0,13.0,10.0,8.0,11.0,11.0,4.0,199.5,0.02331369325119324,3,2
random,400,47,215,219.0,307.0,187.0,182.0,302.0,302.0,220.0,199.5,0.02331369325119324,3,2
random,400,47,216,17.0,32.0,21.0,19.0,30.0,30.0,19.0,199.5,0.02331369325119324,3,2
random,400,47,217,219.0,230.0,216.0,217.0,230.0,230.0,232.0,199.5,0.02331369325119324,3,2
random,400,47,218,17.0,21.0,25.0,26.0,21.0,21.0,26.0,199.5,0.02331369325119324,3,2
random,400,47,219,7.0,39.0,11.0,12.0,27.0,27.0,8.0,199.5,0.02331369325119324,3,2
random,400,47,220,366.0,375.0,378.0,378.0,374.0,374.0,379.0,199.5,0.02331369325119324,3,2
random,400,47,221,219.0,210.0,268.0,267.0,213.0,213.0,261.0,199.5,0.02331369325119324,3,2
random,400,47,222,166.0,141.0,200.0,199.0,152.0,152.0,203.0,199.5,0.02331369325119324,3,2
random,400,47,223,166.0,141.0,206.0,211.0,145.0,145.0,211.0,199.5,0.02331369325119324,3,2
random,400,47,224,270.0,267.0,287.0,288.0,274.0,274.0,307.0,199.5,0.02331369325119324,3,2
random,400,47,225,17.0,41.0,22.0,21.0,35.0,35.0,18.0,199.5,0.02331369325119324,3,2
random,400,47,226,52.0,92.0,55.0,54.0,85.0,85.0,55.0,199.5,0.02331369325119324,3,2
random,400,47,227,75.0,83.0,110.0,109.0,81.0,81.0,103.0,199.5,0.02331369325119324,3,2
random,400,47,228,219.0,164.0,223.0,224.0,179.0,179.0,258.0,199.5,0.02331369325119324,3,2
random,400,47,229,52.0,36.0,58.0,57.0,39.0,39.0,70.0,199.5,0.02331369325119324,3,2
random,400,47,230,219.0,249.0,232.0,227.0,248.0,248.0,239.0,199.5,0.02331369325119324,3,2
random,400,47,231,327.0,270.0,335.0,334.0,283.0,283.0,356.0,199.5,0.02331369325119324,3,2
random,400,47,232,28.0,31.0,39.0,47.0,33.0,33.0,46.0,199.5,0.02331369325119324,3,2
random,400,47,233,106.0,201.0,103.0,108.0,195.0,195.0,109.0,199.5,0.02331369325119324,3,2
random,400,47,234,3.0,2.0,3.0,3.0,2.0,2.0,6.0,199.5,0.02331369325119324,3,2
random,400,47,235,166.0,244.0,198.0,188.0,229.0,229.0,178.0,199.5,0.02331369325119324,3,2
random,400,47,236,270.0,219.0,310.0,310.0,231.0,231.0,324.0,199.5,0.02331369325119324,3,2
random,400,47,237,366.0,360.0,368.0,367.0,365.0,365.0,378.0,199.5,0.02331369325119324,3,2
random,400,47,238,366.0,337.0,376.0,376.0,347.0,347.0,383.0,199.5,0.02331369325119324,3,2
random,400,47,239,75.0,68.0,95.0,95.0,70.0,70.0,99.0,199.5,0.02331369325119324,3,2
random,400,47,240,219.0,250.0,258.0,269.0,242.0,242.0,248.0,199.5,0.02331369325119324,3,2
random,400,47,241,270.0,304.0,330.0,330.0,303.0,303.0,320.0,199.5,0.02331369325119324,3,2
random,400,47,242,166.0,104.0,188.0,184.0,116.0,116.0,209.0,199.5,0.02331369325119324,3,2
random,400,47,243,270.0,289.0,294.0,295.0,284.0,284.0,304.0,199.5,0.02331369325119324,3,2
random,400,47,244,75.0,98.0,79.0,77.0,96.0,96.0,85.0,199.5,0.02331369325119324,3,2
random,400,47,245,1.0,7.0,2.0,2.0,5.0,5.0,1.0,199.5,0.02331369325119324,3,2
random,400,47,246,366.0,377.0,356.0,350.0,379.0,379.0,366.0,199.5,0.02331369325119324,3,2
random,400,47,247,219.0,204.0,259.0,266.0,208.0,208.0,265.0,199.5,0.02331369325119324,3,2
random,400,47,248,106.0,221.0,155.0,149.0,213.0,213.0,110.0,199.5,0.02331369325119324,3,2
random,400,47,249,219.0,224.0,256.0,256.0,224.0,224.0,259.0,199.5,0.02331369325119324,3,2
random,400,47,250,219.0,257.0,228.0,231.0,259.0,259.0,223.0,199.5,0.02331369325119324,3,2
random,400,47,251,166.0,274.0,189.0,179.0,261.0,261.0,171.0,199.5,0.02331369325119324,3,2
random,400,47,252,166.0,267.0,180.0,170.0,262.0,262.0,170.0,199.5,0.02331369325119324,3,2
random,400,47,253,166.0,151.0,154.0,154.0,161.0,161.0,194.0,199.5,0.02331369325119324,3,2
random,400,47,254,270.0,292.0,291.0,293.0,290.0,290.0,296.0,199.5,0.02331369325119324,3,2
random,400,47,255,7.0,24.0,13.0,13.0,20.0,20.0,11.0,199.5,0.02331369325119324,3,2
random,400,47,256,75.0,75.0,68.0,69.0,78.0,78.0,89.0,199.5,0.02331369325119324,3,2
random,400,47,257,219.0,252.0,257.0,257.0,254.0,254.0,240.0,199.5,0.02331369325119324,3,2
random,400,47,258,384.0,394.0,392.0,392.0,394.0,394.0,388.0,199.5,0.02331369325119324,3,2
random,400,47,259,270.0,343.0,269.0,263.0,341.0,341.0,274.0,199.5,0.02331369325119324,3,2
random,400,47,260,17.0,15.0,16.0,18.0,15.0,15.0,25.0,199.5,0.02331369325119324,3,2
random,400,47,261,75.0,64.0,105.0,106.0,69.0,69.0,101.0,199.5,0.02331369325119324,3,2
random,400,47,262,106.0,88.0,113.0,114.0,98.0,98.0,145.0,199.5,0.02331369325119324,3,2
random,400,47,263,270.0,224.0,341.0,346.0,233.0,233.0,326.0,199.5,0.02331369325119324,3,2
random,400,47,264,219.0,175.0,261.0,265.0,183.0,183.0,267.0,199.5,0.02331369325119324,3,2
random,400,47,265,28.0,22.0,46.0,46.0,22.0,22.0,50.0,199.5,0.02331369325119324,3,2
random,400,47,266,106.0,111.0,138.0,133.0,118.0,118.0,142.0,199.5,0.02331369325119324,3,2
random,400,47,267,28.0,41.0,38.0,39.0,42.0,42.0,37.0,199.5,0.02331369325119324,3,2
random,400,47,268,327.0,351.0,342.0,340.0,353.0,353.0,335.0,199.5,0.02331369325119324,3,2
random,400,47,269,396.0,393.0,397.0,397.0,393.0,393.0,398.0,199.5,0.02331369325119324,3,2
random,400,47,270,166.0,199.0,210.0,208.0,203.0,203.0,195.0,199.5,0.02331369325119324,3,2
random,400,47,271,166.0,275.0,202.0,197.0,271.0,271.0,169.0,199.5,0.02331369325119324,3,2
random,400,47,272,75.0,74.0,90.0,91.0,74.0,74.0,98.0,199.5,0.02331369325119324,3,2
random,400,47,273,270.0,356.0,265.0,259.0,354.0,354.0,270.0,199.5,0.02331369325119324,3,2
random,400,47,274,106.0,111.0,152.0,164.0,114.0,114.0,150.0,199.5,0.02331369325119324,3,2
random,400,47,275,366.0,367.0,375.0,375.0,370.0,370.0,374.0,199.5,0.02331369325119324,3,2
random,400,47,276,384.0,397.0,393.0,393.0,397.0,397.0,386.0,199.5,0.02331369325119324,3,2
random,400,47,277,384.0,370.0,390.0,390.0,373.0,373.0,394.0,199.5,0.02331369325119324,3,2
random,400,47,278,28.0,26.0,23.0,23.0,26.0,26.0,29.0,199.5,0.02331369325119324,3,2
random,400,47,279,219.0,281.0,239.0,234.0,278.0,278.0,227.0,199.5,0.02331369325119324,3,2
random,400,47,280,219.0,215.0,253.0,251.0,219.0,219.0,254.0,199.5,0.02331369325119324,3,2
random,400,47,281,52.0,19.0,45.0,42.0,24.0,24.0,68.0,199.5,0.02331369325119324,3,2
random,400,47,282,270.0,289.0,311.0,309.0,293.0,293.0,310.0,199.5,0.02331369325119324,3,2
random,400,47,283,219.0,275.0,248.0,245.0,272.0,272.0,235.0,199.5,0.02331369325119324,3,2
random,400,47,284,270.0,275.0,260.0,258.0,280.0,280.0,279.0,199.5,0.02331369325119324,3,2
random,400,47,285,75.0,88.0,88.0,92.0,88.0,88.0,91.0,199.5,0.02331369325119324,3,2
random,400,47,286,327.0,307.0,347.0,348.0,313.0,313.0,354.0,199.5,0.02331369325119324,3,2
random,400,47,287,106.0,127.0,102.0,97.0,126.0,126.0,136.0,199.5,0.02331369325119324,3,2
random,400,47,288,219.0,272.0,222.0,220.0,265.0,265.0,233.0,199.5,0.02331369325119324,3,2
random,400,47,289,106.0,117.0,171.0,181.0,105.0,105.0,161.0,199.5,0.02331369325119324,3,2
random,400,47,290,219.0,244.0,234.0,240.0,238.0,238.0,234.0,199.5,0.02331369325119324,3,2
random,400,47,291,7.0,1.0,15.0,17.0,1.0,1.0,17.0,199.5,0.02331369325119324,3,2
random,400,47,292,106.0,146.0,123.0,125.0,143.0,143.0,131.0,199.5,0.02331369325119324,3,2
random,400,47,293,166.0,159.0,190.0,186.0,165.0,165.0,196.0,199.5,0.02331369325119324,3,2
random,400,47,294,75.0,61.0,66.0,67.0,65.0,65.0,93.0,199.5,0.02331369325119324,3,2
random,400,47,295,366.0,386.0,379.0,379.0,385.0,385.0,373.0,199.5,0.02331369325119324,3,2
random,400,47,296,327.0,365.0,334.0,331.0,364.0,364.0,327.0,199.5,0.02331369325119324,3,2
random,400,47,297,75.0,45.0,85.0,83.0,53.0,53.0,104.0,199.5,0.02331369325119324,3,2
random,400,47,298,166.0,163.0,151.0,153.0,167.0,167.0,192.0,199.5,0.02331369325119324,3,2
random,400,47,299,106.0,190.0,135.0,127.0,182.0,182.0,114.0,199.5,0.02331369325119324,3,2
random,400,47,300,52.0,148.0,96.0,99.0,130.0,130.0,61.0,199.5,0.02331369325119324,3,2
random,400,47,301,28.0,56.0,47.0,43.0,55.0,55.0,34.0,199.5,0.02331369325119324,3,2
random,400,47,302,106.0,83.0,156.0,157.0,93.0,93.0,160.0,199.5,0.02331369325119324,3,2
random,400,47,303,270.0,313.0,326.0,329.0,311.0,311.0,306.0,199.5,0.02331369325119324,3,2
random,400,47,304,106.0,104.0,195.0,200.0,108.0,108.0,162.0,199.5,0.02331369325119324,3,2
random,400,47,305,166.0,203.0,250.0,254.0,202.0,202.0,214.0,199.5,0.02331369325119324,3,2
random,400,47,306,366.0,382.0,381.0,381.0,382.0,382.0,375.0,199.5,0.02331369325119324,3,2
random,400,47,307,106.0,88.0,134.0,134.0,97.0,97.0,141.0,199.5,0.02331369325119324,3,2
random,400,47,308,28.0,41.0,60.0,61.0,41.0,41.0,48.0,199.5,0.02331369325119324,3,2
random,400,47,309,166.0,184.0,192.0,196.0,185.0,185.0,201.0,199.5,0.02331369325119324,3,2
random,400,47,310,7.0,5.0,14.0,14.0,7.0,7.0,13.0,199.5,0.02331369325119324,3,2
random,400,47,311,270.0,294.0,296.0,300.0,300.0,300.0,309.0,199.5,0.02331369325119324,3,2
random,400,47,312,75.0,98.0,87.0,90.0,92.0,92.0,88.0,199.5,0.02331369325119324,3,2
random,400,47,313,327.0,257.0,349.0,351.0,270.0,270.0,362.0,199.5,0.02331369325119324,3,2
random,400,47,314,75.0,95.0,117.0,122.0,90.0,90.0,100.0,199.5,0.02331369325119324,3,2
random,400,47,315,366.0,384.0,377.0,377.0,384.0,384.0,370.0,199.5,0.02331369325119324,3,2
random,400,47,316,75.0,190.0,104.0,100.0,174.0,174.0,77.0,199.5,0.02331369325119324,3,2
random,400,47,317,219.0,194.0,270.0,270.0,203.0,203.0,262.0,199.5,0.02331369325119324,3,2
random,400,47,318,17.0,59.0,24.0,24.0,51.0,51.0,22.0,199.5,0.02331369325119324,3,2
random,400,47,319,52.0,58.0,65.0,65.0,62.0,62.0,56.0,199.5,0.02331369325119324,3,2
random,400,47,320,166.0,175.0,209.0,209.0,179.0,179.0,190.0,199.5,0.02331369325119324,3,2
random,400,47,321,270.0,334.0,272.0,262.0,331.0,331.0,276.0,199.5,0.02331369325119324,3,2
random,400,47,322,7.0,32.0,4.0,4.0,28.0,28.0,7.0,199.5,0.02331369325119324,3,2
random,400,47,323,270.0,357.0,319.0,321.0,352.0,352.0,282.0,199.5,0.02331369325119324,3,2
random,400,47,324,75.0,127.0,91.0,88.0,122.0,122.0,82.0,199.5,0.02331369325119324,3,2
random,400,47,325,219.0,307.0,263.0,261.0,306.0,306.0,226.0,199.5,0.02331369325119324,3,2
random,400,47,326,166.0,143.0,167.0,165.0,149.0,149.0,199.0,199.5,0.02331369325119324,3,2
random,400,47,327,366.0,326.0,359.0,358.0,337.0,337.0,380.0,199.5,0.02331369325119324,3,2
random,400,47,328,106.0,134.0,120.0,117.0,137.0,137.0,127.0,199.5,0.02331369325119324,3,2
random,400,47,329,270.0,279.0,289.0,286.0,281.0,281.0,312.0,199.5,0.02331369325119324,3,2
random,400,47,330,219.0,251.0,230.0,232.0,252.0,252.0,243.0,199.5,0.02331369325119324,3,2
random,400,47,331,327.0,296.0,332.0,335.0,304.0,304.0,359.0,199.5,0.02331369325119324,3,2
random,400,47,332,106.0,156.0,179.0,183.0,163.0,163.0,133.0,199.5,0.02331369325119324,3,2
random,400,47,333,52.0,27.0,77.0,76.0,33.0,33.0,73.0,199.5,0.02331369325119324,3,2
random,400,47,334,52.0,44.0,69.0,71.0,47.0,47.0,71.0,199.5,0.02331369325119324,3,2
random,400,47,335,166.0,98.0,193.0,191.0,116.0,116.0,198.0,199.5,0.02331369325119324,3,2
random,400,47,336,28.0,56.0,53.0,53.0,56.0,56.0,43.0,199.5,0.02331369325119324,3,2
random,400,47,337,52.0,45.0,44.0,44.0,48.0,48.0,67.0,199.5,0.02331369325119324,3,2
random,400,47,338,28.0,55.0,48.0,45.0,54.0,54.0,31.0,199.5,0.02331369325119324,3,2
random,400,47,339,327.0,307.0,307.0,305.0,314.0,314.0,347.0,199.5,0.02331369325119324,3,2
random,400,47,340,52.0,88.0,67.0,68.0,79.0,79.0,63.0,199.5,0.02331369325119324,3,2
random,400,47,341,366.0,373.0,367.0,369.0,371.0,371.0,376.0,199.5,0.02331369325119324,3,2
random,400,47,342,166.0,228.0,194.0,187.0,217.0,217.0,186.0,199.5,0.02331369325119324,3,2
random,400,47,343,106.0,228.0,157.0,156.0,212.0,212.0,118.0,199.5,0.02331369325119324,3,2
random,400,47,344,219.0,299.0,243.0,242.0,291.0,291.0,224.0,199.5,0.02331369325119324,3,2
random,400,47,345,219.0,241.0,244.0,249.0,237.0,237.0,244.0,199.5,0.02331369325119324,3,2
random,400,47,346,219.0,216.0,277.0,277.0,223.0,223.0,260.0,199.5,0.02331369325119324,3,2
random,400,47,347,219.0,221.0,224.0,225.0,226.0,226.0,247.0,199.5,0.02331369325119324,3,2
random,400,47,348,75.0,122.0,101.0,105.0,111.0,111.0,94.0,199.5,0.02331369325119324,3,2
random,400,47,349,219.0,178.0,252.0,253.0,188.0,188.0,266.0,199.5,0.02331369325119324,3,2
random,400,47,350,270.0,326.0,275.0,271.0,328.0,328.0,275.0,199.5,0.02331369325119324,3,2
random,400,47,351,75.0,72.0,108.0,110.0,75.0,75.0,96.0,199.5,0.02331369325119324,3,2
random,400,47,352,270.0,330.0,312.0,311.0,327.0,327.0,293.0,199.5,0.02331369325119324,3,2
random,400,47,353,166.0,97.0,176.0,190.0,112.0,112.0,212.0,199.5,0.02331369325119324,3,2
random,400,47,354,166.0,164.0,203.0,207.0,165.0,165.0,202.0,199.5,0.02331369325119324,3,2
random,400,47,355,327.0,355.0,366.0,366.0,358.0,358.0,352.0,199.5,0.02331369325119324,3,2
random,400,47,356,7.0,10.0,5.0,6.0,10.0,10.0,9.0,199.5,0.02331369325119324,3,2
random,400,47,357,327.0,333.0,323.0,325.0,336.0,336.0,330.0,199.5,0.02331369325119324,3,2
random,400,47,358,219.0,111.0,237.0,241.0,135.0,135.0,269.0,199.5,0.02331369325119324,3,2
random,400,47,359,219.0,236.0,254.0,250.0,248.0,248.0,242.0,199.5,0.02331369325119324,3,2
random,400,47,360,106.0,148.0,173.0,173.0,149.0,149.0,148.0,199.5,0.02331369325119324,3,2
random,400,47,361,1.0,11.0,9.0,11.0,9.0,9.0,2.0,199.5,0.02331369325119324,3,2
random,400,47,362,28.0,13.0,36.0,36.0,19.0,19.0,47.0,199.5,0.02331369325119324,3,2
random,400,47,363,327.0,337.0,355.0,355.0,343.0,343.0,345.0,199.5,0.02331369325119324,3,2
random,400,47,364,52.0,30.0,34.0,32.0,38.0,38.0,66.0,199.5,0.02331369325119324,3,2
random,400,47,365,270.0,324.0,318.0,318.0,318.0,318.0,299.0,199.5,0.02331369325119324,3,2
random,400,47,366,166.0,164.0,145.0,140.0,171.0,171.0,185.0,199.5,0.02331369325119324,3,2
random,400,47,367,75.0,111.0,82.0,85.0,110.0,110.0,84.0,199.5,0.02331369325119324,3,2
random,400,47,368,106.0,145.0,142.0,141.0,144.0,144.0,147.0,199.5,0.02331369325119324,3,2
random,400,47,369,166.0,83.0,182.0,189.0,99.0,99.0,216.0,199.5,0.02331369325119324,3,2
random,400,47,370,17.0,50.0,30.0,30.0,44.0,44.0,24.0,199.5,0.02331369325119324,3,2
random,400,47,371,166.0,190.0,137.0,136.0,194.0,194.0,174.0,199.5,0.02331369325119324,3,2
random,400,47,372,327.0,315.0,309.0,307.0,321.0,321.0,343.0,199.5,0.02331369325119324,3,2
random,400,47,373,106.0,171.0,139.0,138.0,164.0,164.0,122.0,199.5,0.02331369325119324,3,2
random,400,47,374,219.0,241.0,255.0,252.0,239.0,239.0,245.0,199.5,0.02331369325119324,3,2
random,400,47,375,366.0,368.0,373.0,374.0,369.0,369.0,381.0,199.5,0.02331369325119324,3,2
random,400,47,376,270.0,368.0,300.0,296.0,367.0,367.0,271.0,199.5,0.02331369325119324,3,2
random,400,47,377,75.0,36.0,93.0,96.0,43.0,43.0,105.0,199.5,0.02331369325119324,3,2
random,400,47,378,327.0,362.0,345.0,343.0,362.0,362.0,336.0,199.5,0.02331369325119324,3,2
random,400,47,379,28.0,9.0,32.0,33.0,12.0,12.0,49.0,199.5,0.02331369325119324,3,2
random,400,47,380,75.0,159.0,89.0,87.0,148.0,148.0,81.0,199.5,0.02331369325119324,3,2
random,400,47,381,166.0,104.0,199.0,203.0,118.0,118.0,215.0,199.5,0.02331369325119324,3,2
random,400,47,382,28.0,81.0,62.0,60.0,76.0,76.0,33.0,199.5,0.02331369325119324,3,2
random,400,47,383,327.0,366.0,343.0,342.0,366.0,366.0,334.0,199.5,0.02331369325119324,3,2
random,400,47,384,75.0,118.0,84.0,80.0,108.0,108.0,83.0,199.5,0.02331369325119324,3,2
random,400,47,385,270.0,307.0,320.0,319.0,307.0,307.0,308.0,199.5,0.02331369325119324,3,2
random,400,47,386,219.0,207.0,247.0,247.0,215.0,215.0,257.0,199.5,0.02331369325119324,3,2
random,400,47,387,28.0,78.0,59.0,64.0,67.0,67.0,42.0,199.5,0.02331369325119324,3,2
random,400,47,388,106.0,134.0,124.0,130.0,136.0,136.0,134.0,199.5,0.02331369325119324,3,2
random,400,47,389,327.0,319.0,361.0,361.0,324.0,324.0,357.0,199.5,0.02331369325119324,3,2
random,400,47,390,270.0,259.0,299.0,298.0,260.0,260.0,319.0,199.5,0.02331369325119324,3,2
random,400,47,391,75.0,109.0,98.0,101.0,101.0,101.0,97.0,199.5,0.02331369325119324,3,2
random,400,47,392,166.0,236.0,212.0,214.0,231.0,231.0,183.0,199.5,0.02331369325119324,3,2
random,400,47,393,75.0,130.0,70.0,66.0,126.0,126.0,75.0,199.5,0.02331369325119324,3,2
random,400,47,394,52.0,69.0,35.0,35.0,66.0,66.0,52.0,199.5,0.02331369325119324,3,2
random,400,47,395,106.0,118.0,99.0,93.0,129.0,129.0,113.0,199.5,0.02331369325119324,3,2
random,400,47,396,75.0,64.0,76.0,74.0,72.0,72.0,90.0,199.5,0.02331369325119324,3,2
random,400,47,397,327.0,347.0,344.0,344.0,351.0,351.0,332.0,199.5,0.02331369325119324,3,2
random,400,47,398,106.0,171.0,130.0,132.0,159.0,159.0,129.0,199.5,0.02331369325119324,3,2
random,400,47,399,270.0,292.0,292.0,291.0,294.0,294.0,295.0,199.5,0.02331369325119324,3,2
random,400,48,0,11.0,21.0,14.0,14.0,18.0,18.0,15.0,199.5,0.017812715062715048,3,1
random,400,48,1,168.0,189.0,181.0,181.0,187.0,187.0,197.0,199.5,0.017812715062715048,3,1
random,400,48,2,73.0,118.0,52.0,52.0,114.0,114.0,74.0,199.5,0.017812715062715048,3,1
random,400,48,3,360.0,384.0,363.0,361.0,383.0,383.0,360.0,199.5,0.017812715062715048,3,1
random,400,48,4,231.0,295.0,270.0,270.0,290.0,290.0,242.0,199.5,0.017812715062715048,3,1
random,400,48,5,117.0,115.0,135.0,136.0,111.0,111.0,163.0,199.5,0.017812715062715048,3,1
random,400,48,6,168.0,153.0,170.0,170.0,155.0,155.0,213.0,199.5,0.017812715062715048,3,1
random,400,48,7,280.0,329.0,237.0,237.0,326.0,326.0,283.0,199.5,0.017812715062715048,3,1
random,400,48,8,73.0,49.0,136.0,140.0,60.0,60.0,114.0,199.5,0.017812715062715048,3,1
random,400,48,9,168.0,191.0,243.0,244.0,195.0,195.0,223.0,199.5,0.017812715062715048,3,1
random,400,48,10,231.0,277.0,225.0,218.0,275.0,275.0,237.0,199.5,0.017812715062715048,3,1
random,400,48,11,331.0,309.0,352.0,354.0,316.0,316.0,358.0,199.5,0.017812715062715048,3,1
random,400,48,12,280.0,318.0,301.0,302.0,313.0,313.0,302.0,199.5,0.017812715062715048,3,1
random,400,48,13,36.0,48.0,80.0,77.0,50.0,50.0,70.0,199.5,0.017812715062715048,3,1
random,400,48,14,280.0,306.0,295.0,294.0,307.0,307.0,299.0,199.5,0.017812715062715048,3,1
random,400,48,15,117.0,206.0,171.0,172.0,192.0,192.0,143.0,199.5,0.017812715062715048,3,1
random,400,48,16,168.0,187.0,222.0,225.0,190.0,190.0,216.0,199.5,0.017812715062715048,3,1
random,400,48,17,36.0,122.0,56.0,54.0,112.0,112.0,38.0,199.5,0.017812715062715048,3,1
random,400,48,18,331.0,331.0,361.0,363.0,331.0,331.0,356.0,199.5,0.017812715062715048,3,1
random,400,48,19,8.0,12.0,13.0,12.0,11.0,11.0,8.0,199.5,0.017812715062715048,3,1
random,400,48,20,168.0,137.0,203.0,201.0,152.0,152.0,206.0,199.5,0.017812715062715048,3,1
random,400,48,21,231.0,235.0,271.0,271.0,239.0,239.0,260.0,199.5,0.017812715062715048,3,1
random,400,48,22,331.0,350.0,369.0,368.0,350.0,350.0,351.0,199.5,0.017812715062715048,3,1
random,400,48,23,36.0,39.0,41.0,37.0,40.0,40.0,55.0,199.5,0.017812715062715048,3,1
random,400,48,24,168.0,131.0,202.0,203.0,130.0,130.0,224.0,199.5,0.017812715062715048,3,1
random,400,48,25,168.0,169.0,215.0,215.0,168.0,168.0,220.0,199.5,0.017812715062715048,3,1
random,400,48,26,117.0,122.0,206.0,206.0,127.0,127.0,167.0,199.5,0.017812715062715048,3,1
random,400,48,27,168.0,169.0,188.0,183.0,167.0,167.0,212.0,199.5,0.017812715062715048,3,1
random,400,48,28,360.0,383.0,372.0,372.0,382.0,382.0,361.0,199.5,0.017812715062715048,3,1
random,400,48,29,8.0,3.0,8.0,8.0,4.0,4.0,10.0,199.5,0.017812715062715048,3,1
random,400,48,30,168.0,148.0,197.0,194.0,152.0,152.0,207.0,199.5,0.017812715062715048,3,1
random,400,48,31,331.0,309.0,317.0,315.0,318.0,318.0,342.0,199.5,0.017812715062715048,3,1
random,400,48,32,73.0,107.0,48.0,46.0,103.0,103.0,77.0,199.5,0.017812715062715048,3,1
random,400,48,33,168.0,129.0,124.0,121.0,133.0,133.0,192.0,199.5,0.017812715062715048,3,1
random,400,48,34,168.0,258.0,217.0,217.0,253.0,253.0,184.0,199.5,0.017812715062715048,3,1
random,400,48,35,117.0,214.0,152.0,155.0,205.0,205.0,123.0,199.5,0.017812715062715048,3,1
random,400,48,36,36.0,59.0,60.0,60.0,59.0,59.0,56.0,199.5,0.017812715062715048,3,1
random,400,48,37,168.0,235.0,226.0,219.0,230.0,230.0,195.0,199.5,0.017812715062715048,3,1
random,400,48,38,399.0,399.0,399.0,399.0,399.0,399.0,400.0,199.5,0.017812715062715048,3,1
random,400,48,39,117.0,148.0,193.0,196.0,139.0,139.0,165.0,199.5,0.017812715062715048,3,1
random,400,48,40,117.0,100.0,143.0,145.0,115.0,115.0,147.0,199.5,0.017812715062715048,3,1
random,400,48,41,231.0,202.0,242.0,240.0,212.0,212.0,266.0,199.5,0.017812715062715048,3,1
random,400,48,42,21.0,53.0,24.0,25.0,44.0,44.0,24.0,199.5,0.017812715062715048,3,1
random,400,48,43,117.0,89.0,155.0,162.0,99.0,99.0,164.0,199.5,0.017812715062715048,3,1
random,400,48,44,117.0,197.0,36.0,34.0,188.0,188.0,78.0,199.5,0.017812715062715048,3,1
random,400,48,45,36.0,93.0,93.0,97.0,85.0,85.0,62.0,199.5,0.017812715062715048,3,1
random,400,48,46,331.0,336.0,348.0,348.0,340.0,340.0,350.0,199.5,0.017812715062715048,3,1
random,400,48,47,168.0,97.0,157.0,154.0,110.0,110.0,219.0,199.5,0.017812715062715048,3,1
random,400,48,48,381.0,377.0,373.0,373.0,379.0,379.0,386.0,199.5,0.017812715062715048,3,1
random,400,48,49,73.0,162.0,91.0,93.0,148.0,148.0,79.0,199.5,0.017812715062715048,3,1
random,400,48,50,360.0,361.0,376.0,376.0,364.0,364.0,377.0,199.5,0.017812715062715048,3,1
random,400,48,51,231.0,199.0,274.0,275.0,208.0,208.0,279.0,199.5,0.017812715062715048,3,1
random,400,48,52,73.0,119.0,90.0,89.0,119.0,119.0,91.0,199.5,0.017812715062715048,3,1
random,400,48,53,231.0,241.0,280.0,288.0,242.0,242.0,272.0,199.5,0.017812715062715048,3,1
random,400,48,54,73.0,68.0,115.0,111.0,73.0,73.0,111.0,199.5,0.017812715062715048,3,1
random,400,48,55,73.0,103.0,97.0,96.0,101.0,101.0,93.0,199.5,0.017812715062715048,3,1
random,400,48,56,231.0,239.0,272.0,272.0,240.0,240.0,265.0,199.5,0.017812715062715048,3,1
random,400,48,57,360.0,371.0,378.0,377.0,373.0,374.0,364.0,199.5,0.017812715062715048,3,1
random,400,48,58,381.0,384.0,391.0,393.0,385.0,385.0,392.0,199.5,0.017812715062715048,3,1
random,400,48,59,280.0,321.0,276.0,274.0,321.0,321.0,287.0,199.5,0.017812715062715048,3,1
random,400,48,60,3.0,20.0,7.0,9.0,14.0,14.0,5.0,199.5,0.017812715062715048,3,1
random,400,48,61,168.0,299.0,57.0,51.0,292.0,292.0,108.0,199.5,0.017812715062715048,3,1
random,400,48,62,168.0,180.0,190.0,187.0,190.0,190.0,188.0,199.5,0.017812715062715048,3,1
random,400,48,63,331.0,334.0,342.0,343.0,336.0,336.0,346.0,199.5,0.017812715062715048,3,1
random,400,48,64,360.0,363.0,381.0,381.0,365.0,365.0,379.0,199.5,0.017812715062715048,3,1
random,400,48,65,73.0,131.0,78.0,81.0,125.0,125.0,76.0,199.5,0.017812715062715048,3,1
random,400,48,66,231.0,208.0,245.0,249.0,220.0,220.0,273.0,199.5,0.017812715062715048,3,1
random,400,48,67,381.0,381.0,382.0,382.0,381.0,381.0,393.0,199.5,0.017812715062715048,3,1
random,400,48,68,117.0,227.0,98.0,91.0,209.0,209.0,115.0,199.5,0.017812715062715048,3,1
random,400,48,69,396.0,394.0,397.0,397.0,394.0,394.0,398.0,199.5,0.017812715062715048,3,1
random,400,48,70,21.0,28.0,25.0,26.0,25.0,25.0,29.0,199.5,0.017812715062715048,3,1
random,400,48,71,280.0,256.0,309.0,308.0,270.0,270.0,318.0,199.5,0.017812715062715048,3,1
random,400,48,72,360.0,361.0,365.0,364.0,363.0,363.0,371.0,199.5,0.017812715062715048,3,1
random,400,48,73,231.0,314.0,255.0,255.0,309.0,309.0,236.0,199.5,0.017812715062715048,3,1
random,400,48,74,280.0,304.0,266.0,264.0,303.0,303.0,286.0,199.5,0.017812715062715048,3,1
random,400,48,75,168.0,129.0,207.0,212.0,144.0,144.0,218.0,199.5,0.017812715062715048,3,1
random,400,48,76,11.0,28.0,19.0,20.0,23.0,23.0,14.0,199.5,0.017812715062715048,3,1
random,400,48,77,331.0,375.0,269.0,267.0,375.0,375.0,325.0,199.5,0.017812715062715048,3,1
random,400,48,78,168.0,250.0,235.0,233.0,247.0,247.0,187.0,199.5,0.017812715062715048,3,1
random,400,48,79,73.0,70.0,121.0,125.0,75.0,75.0,113.0,199.5,0.017812715062715048,3,1
random,400,48,80,117.0,108.0,128.0,126.0,121.0,121.0,138.0,199.5,0.017812715062715048,3,1
random,400,48,81,36.0,35.0,34.0,36.0,34.0,34.0,49.0,199.5,0.017812715062715048,3,1
random,400,48,82,117.0,41.0,141.0,150.0,62.0,62.0,168.0,199.5,0.017812715062715048,3,1
random,400,48,83,168.0,263.0,199.0,195.0,249.0,249.0,174.0,199.5,0.017812715062715048,3,1
random,400,48,84,168.0,241.0,174.0,164.0,238.0,238.0,171.0,199.5,0.017812715062715048,3,1
random,400,48,85,73.0,31.0,85.0,85.0,32.0,32.0,110.0,199.5,0.017812715062715048,3,1
random,400,48,86,36.0,70.0,63.0,61.0,66.0,66.0,57.0,199.5,0.017812715062715048,3,1
random,400,48,87,168.0,152.0,146.0,142.0,157.0,157.0,179.0,199.5,0.017812715062715048,3,1
random,400,48,88,231.0,267.0,247.0,254.0,264.0,264.0,252.0,199.5,0.017812715062715048,3,1
random,400,48,89,168.0,295.0,184.0,178.0,288.0,288.0,169.0,199.5,0.017812715062715048,3,1
random,400,48,90,231.0,178.0,291.0,295.0,196.0,196.0,280.0,199.5,0.017812715062715048,3,1
random,400,48,91,280.0,339.0,330.0,324.0,333.0,333.0,293.0,199.5,0.017812715062715048,3,1
random,400,48,92,73.0,119.0,132.0,135.0,113.0,113.0,101.0,199.5,0.017812715062715048,3,1
random,400,48,93,73.0,65.0,83.0,86.0,69.0,69.0,102.0,199.5,0.017812715062715048,3,1
random,400,48,94,117.0,137.0,106.0,106.0,135.0,135.0,130.0,199.5,0.017812715062715048,3,1
random,400,48,95,381.0,389.0,387.0,387.0,389.0,389.0,391.0,199.5,0.017812715062715048,3,1
random,400,48,96,117.0,208.0,154.0,153.0,201.0,201.0,125.0,199.5,0.017812715062715048,3,1
random,400,48,97,280.0,250.0,310.0,310.0,262.0,262.0,321.0,199.5,0.017812715062715048,3,1
random,400,48,98,73.0,191.0,113.0,116.0,172.0,172.0,82.0,199.5,0.017812715062715048,3,1
random,400,48,99,280.0,329.0,300.0,303.0,327.0,327.0,289.0,199.5,0.017812715062715048,3,1
random,400,48,100,280.0,323.0,329.0,331.0,323.0,323.0,303.0,199.5,0.017812715062715048,3,1
random,400,48,101,168.0,137.0,168.0,174.0,147.0,147.0,202.0,199.5,0.017812715062715048,3,1
random,400,48,102,280.0,290.0,279.0,277.0,294.0,294.0,291.0,199.5,0.017812715062715048,3,1
random,400,48,103,381.0,396.0,383.0,383.0,397.0,397.0,381.0,199.5,0.017812715062715048,3,1
random,400,48,104,396.0,398.0,396.0,396.0,398.0,398.0,396.0,199.5,0.017812715062715048,3,1
random,400,48,105,231.0,206.0,186.0,184.0,213.0,213.0,247.0,199.5,0.017812715062715048,3,1
random,400,48,106,396.0,395.0,398.0,398.0,395.0,395.0,397.0,199.5,0.017812715062715048,3,1
random,400,48,107,331.0,333.0,344.0,344.0,339.0,339.0,340.0,199.5,0.017812715062715048,3,1
random,400,48,108,231.0,229.0,230.0,230.0,232.0,232.0,258.0,199.5,0.017812715062715048,3,1
random,400,48,109,21.0,21.0,42.0,43.0,27.0,27.0,33.0,199.5,0.017812715062715048,3,1
random,400,48,110,11.0,11.0,18.0,18.0,12.0,12.0,17.0,199.5,0.017812715062715048,3,1
random,400,48,111,21.0,44.0,20.0,19.0,37.0,37.0,23.0,199.5,0.017812715062715048,3,1
random,400,48,112,36.0,57.0,54.0,58.0,52.0,52.0,61.0,199.5,0.017812715062715048,3,1
random,400,48,113,168.0,134.0,209.0,216.0,149.0,149.0,221.0,199.5,0.017812715062715048,3,1
random,400,48,114,168.0,156.0,150.0,143.0,158.0,158.0,194.0,199.5,0.017812715062715048,3,1
random,400,48,115,168.0,247.0,211.0,207.0,244.0,244.0,189.0,199.5,0.017812715062715048,3,1
random,400,48,116,168.0,263.0,187.0,185.0,248.0,248.0,183.0,199.5,0.017812715062715048,3,1
random,400,48,117,168.0,191.0,251.0,253.0,194.0,194.0,222.0,199.5,0.017812715062715048,3,1
random,400,48,118,168.0,258.0,185.0,186.0,256.0,256.0,170.0,199.5,0.017812715062715048,3,1
random,400,48,119,73.0,148.0,84.0,82.0,143.0,143.0,81.0,199.5,0.017812715062715048,3,1
random,400,48,120,168.0,239.0,210.0,205.0,234.0,234.0,199.0,199.5,0.017812715062715048,3,1
random,400,48,121,21.0,74.0,64.0,66.0,58.0,58.0,32.0,199.5,0.017812715062715048,3,1
random,400,48,122,360.0,367.0,379.0,380.0,368.0,368.0,375.0,199.5,0.017812715062715048,3,1
random,400,48,123,21.0,37.0,17.0,16.0,33.0,33.0,21.0,199.5,0.017812715062715048,3,1
random,400,48,124,3.0,1.0,3.0,3.0,1.0,1.0,6.0,199.5,0.017812715062715048,3,1
random,400,48,125,231.0,256.0,232.0,231.0,254.0,254.0,246.0,199.5,0.017812715062715048,3,1
random,400,48,126,73.0,78.0,101.0,100.0,79.0,79.0,97.0,199.5,0.017812715062715048,3,1
random,400,48,127,168.0,227.0,164.0,161.0,222.0,222.0,172.0,199.5,0.017812715062715048,3,1
random,400,48,128,73.0,59.0,127.0,138.0,76.0,76.0,112.0,199.5,0.017812715062715048,3,1
random,400,48,129,280.0,322.0,324.0,322.0,322.0,322.0,288.0,199.5,0.017812715062715048,3,1
random,400,48,130,360.0,359.0,368.0,369.0,361.0,361.0,374.0,199.5,0.017812715062715048,3,1
random,400,48,131,117.0,108.0,148.0,149.0,118.0,118.0,154.0,199.5,0.017812715062715048,3,1
random,400,48,132,36.0,91.0,81.0,84.0,84.0,84.0,60.0,199.5,0.017812715062715048,3,1
random,400,48,133,331.0,340.0,349.0,349.0,342.0,342.0,349.0,199.5,0.017812715062715048,3,1
random,400,48,134,331.0,347.0,346.0,346.0,346.0,346.0,347.0,199.5,0.017812715062715048,3,1
random,400,48,135,21.0,18.0,39.0,40.0,19.0,19.0,30.0,199.5,0.017812715062715048,3,1
random,400,48,136,117.0,134.0,126.0,127.0,131.0,131.0,141.0,199.5,0.017812715062715048,3,1
random,400,48,137,231.0,250.0,227.0,224.0,261.0,261.0,238.0,199.5,0.017812715062715048,3,1
random,400,48,138,280.0,283.0,305.0,311.0,291.0,291.0,308.0,199.5,0.017812715062715048,3,1
random,400,48,139,73.0,36.0,107.0,107.0,45.0,45.0,107.0,199.5,0.017812715062715048,3,1
random,400,48,140,331.0,292.0,332.0,332.0,301.0,301.0,355.0,199.5,0.017812715062715048,3,1
random,400,48,141,73.0,59.0,88.0,92.0,77.0,77.0,103.0,199.5,0.017812715062715048,3,1
random,400,48,142,73.0,40.0,55.0,55.0,48.0,48.0,89.0,199.5,0.017812715062715048,3,1
random,400,48,143,231.0,223.0,244.0,246.0,233.0,233.0,257.0,199.5,0.017812715062715048,3,1
random,400,48,144,21.0,14.0,29.0,31.0,17.0,17.0,34.0,199.5,0.017812715062715048,3,1
random,400,48,145,231.0,159.0,267.0,268.0,179.0,179.0,277.0,199.5,0.017812715062715048,3,1
random,400,48,146,231.0,272.0,264.0,260.0,268.0,268.0,250.0,199.5,0.017812715062715048,3,1
random,400,48,147,331.0,359.0,286.0,285.0,359.0,359.0,333.0,199.5,0.017812715062715048,3,1
random,400,48,148,231.0,218.0,233.0,232.0,227.0,227.0,243.0,199.5,0.017812715062715048,3,1
random,400,48,149,73.0,18.0,46.0,45.0,29.0,29.0,94.0,199.5,0.017812715062715048,3,1
random,400,48,150,36.0,115.0,67.0,67.0,107.0,107.0,46.0,199.5,0.017812715062715048,3,1
random,400,48,151,331.0,347.0,333.0,329.0,345.0,345.0,338.0,199.5,0.017812715062715048,3,1
random,400,48,152,73.0,103.0,111.0,109.0,97.0,97.0,96.0,199.5,0.017812715062715048,3,1
random,400,48,153,117.0,108.0,163.0,167.0,120.0,120.0,159.0,199.5,0.017812715062715048,3,1
random,400,48,154,168.0,218.0,194.0,200.0,218.0,218.0,193.0,199.5,0.017812715062715048,3,1
random,400,48,155,36.0,108.0,51.0,50.0,105.0,105.0,39.0,199.5,0.017812715062715048,3,1
random,400,48,156,231.0,277.0,238.0,238.0,272.0,272.0,244.0,199.5,0.017812715062715048,3,1
random,400,48,157,168.0,180.0,229.0,234.0,180.0,180.0,226.0,199.5,0.017812715062715048,3,1
random,400,48,158,280.0,338.0,307.0,306.0,337.0,337.0,290.0,199.5,0.017812715062715048,3,1
random,400,48,159,168.0,162.0,189.0,192.0,165.0,165.0,214.0,199.5,0.017812715062715048,3,1
random,400,48,160,280.0,245.0,306.0,304.0,258.0,258.0,317.0,199.5,0.017812715062715048,3,1
random,400,48,161,231.0,298.0,253.0,245.0,296.0,296.0,234.0,199.5,0.017812715062715048,3,1
random,400,48,162,168.0,156.0,259.0,261.0,164.0,164.0,230.0,199.5,0.017812715062715048,3,1
random,400,48,163,117.0,169.0,95.0,94.0,163.0,163.0,122.0,199.5,0.017812715062715048,3,1
random,400,48,164,381.0,388.0,393.0,392.0,388.0,388.0,389.0,199.5,0.017812715062715048,3,1
random,400,48,165,280.0,277.0,298.0,298.0,287.0,287.0,307.0,199.5,0.017812715062715048,3,1
random,400,48,166,36.0,49.0,45.0,48.0,51.0,51.0,51.0,199.5,0.017812715062715048,3,1
random,400,48,167,168.0,159.0,201.0,204.0,174.0,174.0,198.0,199.5,0.017812715062715048,3,1
random,400,48,168,3.0,8.0,5.0,5.0,9.0,9.0,3.0,199.5,0.017812715062715048,3,1
random,400,48,169,168.0,218.0,159.0,159.0,215.0,215.0,181.0,199.5,0.017812715062715048,3,1
random,400,48,170,117.0,211.0,134.0,129.0,199.0,199.0,129.0,199.5,0.017812715062715048,3,1
random,400,48,171,331.0,316.0,335.0,336.0,320.0,320.0,354.0,199.5,0.017812715062715048,3,1
random,400,48,172,280.0,292.0,314.0,309.0,297.0,297.0,309.0,199.5,0.017812715062715048,3,1
random,400,48,173,168.0,126.0,220.0,227.0,136.0,136.0,225.0,199.5,0.017812715062715048,3,1
random,400,48,174,73.0,53.0,73.0,69.0,56.0,56.0,92.0,199.5,0.017812715062715048,3,1
random,400,48,175,231.0,287.0,249.0,252.0,276.0,276.0,255.0,199.5,0.017812715062715048,3,1
random,400,48,176,117.0,166.0,104.0,98.0,161.0,161.0,126.0,199.5,0.017812715062715048,3,1
random,400,48,177,73.0,49.0,118.0,117.0,63.0,63.0,99.0,199.5,0.017812715062715048,3,1
random,400,48,178,360.0,368.0,364.0,362.0,369.0,369.0,367.0,199.5,0.017812715062715048,3,1
random,400,48,179,73.0,74.0,99.0,110.0,71.0,71.0,105.0,199.5,0.017812715062715048,3,1
random,400,48,180,3.0,2.0,4.0,4.0,2.0,2.0,7.0,199.5,0.017812715062715048,3,1
random,400,48,181,280.0,237.0,322.0,320.0,250.0,250.0,328.0,199.5,0.017812715062715048,3,1
random,400,48,182,36.0,38.0,71.0,74.0,35.0,35.0,69.0,199.5,0.017812715062715048,3,1
random,400,48,183,381.0,378.0,389.0,390.0,380.0,380.0,395.0,199.5,0.017812715062715048,3,1
random,400,48,184,231.0,265.0,258.0,263.0,269.0,269.0,251.0,199.5,0.017812715062715048,3,1
random,400,48,185,168.0,287.0,241.0,239.0,281.0,281.0,180.0,199.5,0.017812715062715048,3,1
random,400,48,186,331.0,374.0,347.0,347.0,372.0,372.0,336.0,199.5,0.017812715062715048,3,1
random,400,48,187,21.0,13.0,33.0,33.0,15.0,15.0,35.0,199.5,0.017812715062715048,3,1
random,400,48,188,280.0,373.0,337.0,337.0,367.0,367.0,284.0,199.5,0.017812715062715048,3,1
random,400,48,189,168.0,223.0,162.0,157.0,216.0,216.0,176.0,199.5,0.017812715062715048,3,1
random,400,48,190,360.0,357.0,360.0,360.0,360.0,360.0,372.0,199.5,0.017812715062715048,3,1
random,400,48,191,73.0,142.0,79.0,70.0,134.0,134.0,75.0,199.5,0.017812715062715048,3,1
random,400,48,192,11.0,17.0,22.0,23.0,16.0,16.0,18.0,199.5,0.017812715062715048,3,1
random,400,48,193,231.0,218.0,248.0,248.0,229.0,229.0,259.0,199.5,0.017812715062715048,3,1
random,400,48,194,117.0,173.0,133.0,130.0,168.0,168.0,128.0,199.5,0.017812715062715048,3,1
random,400,48,195,231.0,200.0,257.0,257.0,214.0,214.0,267.0,199.5,0.017812715062715048,3,1
random,400,48,196,36.0,57.0,75.0,78.0,53.0,53.0,66.0,199.5,0.017812715062715048,3,1
random,400,48,197,280.0,292.0,282.0,281.0,295.0,295.0,294.0,199.5,0.017812715062715048,3,1
random,400,48,198,117.0,108.0,125.0,124.0,117.0,117.0,151.0,199.5,0.017812715062715048,3,1
random,400,48,199,231.0,277.0,288.0,286.0,280.0,280.0,254.0,199.5,0.017812715062715048,3,1
random,400,48,200,117.0,87.0,110.0,103.0,98.0,98.0,149.0,199.5,0.017812715062715048,3,1
random,400,48,201,117.0,145.0,151.0,156.0,145.0,145.0,150.0,199.5,0.017812715062715048,3,1
random,400,48,202,280.0,345.0,338.0,340.0,341.0,341.0,300.0,199.5,0.017812715062715048,3,1
random,400,48,203,168.0,277.0,228.0,228.0,271.0,271.0,177.0,199.5,0.017812715062715048,3,1
random,400,48,204,117.0,103.0,144.0,151.0,104.0,104.0,162.0,199.5,0.017812715062715048,3,1
random,400,48,205,36.0,93.0,44.0,44.0,92.0,92.0,41.0,199.5,0.017812715062715048,3,1
random,400,48,206,360.0,342.0,356.0,353.0,348.0,348.0,365.0,199.5,0.017812715062715048,3,1
random,400,48,207,117.0,134.0,182.0,191.0,142.0,142.0,156.0,199.5,0.017812715062715048,3,1
random,400,48,208,280.0,319.0,308.0,307.0,319.0,319.0,297.0,199.5,0.017812715062715048,3,1
random,400,48,209,21.0,59.0,27.0,27.0,43.0,43.0,28.0,199.5,0.017812715062715048,3,1
random,400,48,210,381.0,397.0,392.0,391.0,396.0,396.0,382.0,199.5,0.017812715062715048,3,1
random,400,48,211,280.0,189.0,263.0,269.0,203.0,203.0,326.0,199.5,0.017812715062715048,3,1
random,400,48,212,360.0,323.0,358.0,358.0,328.0,328.0,378.0,199.5,0.017812715062715048,3,1
random,400,48,213,36.0,53.0,53.0,56.0,49.0,49.0,54.0,199.5,0.017812715062715048,3,1
random,400,48,214,117.0,202.0,112.0,118.0,189.0,189.0,127.0,199.5,0.017812715062715048,3,1
random,400,48,215,36.0,74.0,23.0,22.0,66.0,66.0,36.0,199.5,0.017812715062715048,3,1
random,400,48,216,36.0,97.0,102.0,104.0,89.0,89.0,67.0,199.5,0.017812715062715048,3,1
random,400,48,217,280.0,262.0,331.0,334.0,265.0,265.0,329.0,199.5,0.017812715062715048,3,1
random,400,48,218,331.0,356.0,334.0,333.0,356.0,356.0,335.0,199.5,0.017812715062715048,3,1
random,400,48,219,36.0,65.0,50.0,53.0,65.0,65.0,47.0,199.5,0.017812715062715048,3,1
random,400,48,220,168.0,191.0,219.0,223.0,197.0,197.0,215.0,199.5,0.017812715062715048,3,1
random,400,48,221,331.0,343.0,341.0,338.0,344.0,344.0,343.0,199.5,0.017812715062715048,3,1
random,400,48,222,231.0,241.0,200.0,197.0,240.0,240.0,245.0,199.5,0.017812715062715048,3,1
random,400,48,223,280.0,301.0,284.0,287.0,300.0,300.0,298.0,199.5,0.017812715062715048,3,1
random,400,48,224,280.0,343.0,252.0,243.0,343.0,343.0,281.0,199.5,0.017812715062715048,3,1
random,400,48,225,360.0,371.0,366.0,366.0,373.0,373.0,370.0,199.5,0.017812715062715048,3,1
random,400,48,226,381.0,391.0,384.0,384.0,391.0,391.0,383.0,199.5,0.017812715062715048,3,1
random,400,48,227,73.0,153.0,66.0,65.0,145.0,145.0,73.0,199.5,0.017812715062715048,3,1
random,400,48,228,36.0,106.0,35.0,35.0,91.0,91.0,42.0,199.5,0.017812715062715048,3,1
random,400,48,229,3.0,10.0,6.0,6.0,8.0,8.0,4.0,199.5,0.017812715062715048,3,1
random,400,48,230,231.0,247.0,283.0,283.0,251.0,251.0,269.0,199.5,0.017812715062715048,3,1
random,400,48,231,11.0,21.0,16.0,17.0,22.0,22.0,13.0,199.5,0.017812715062715048,3,1
random,400,48,232,73.0,74.0,109.0,108.0,78.0,78.0,104.0,199.5,0.017812715062715048,3,1
random,400,48,233,117.0,173.0,142.0,139.0,171.0,171.0,132.0,199.5,0.017812715062715048,3,1
random,400,48,234,360.0,345.0,343.0,342.0,352.0,352.0,363.0,199.5,0.017812715062715048,3,1
random,400,48,235,231.0,223.0,256.0,259.0,225.0,225.0,271.0,199.5,0.017812715062715048,3,1
random,400,48,236,381.0,390.0,388.0,388.0,390.0,390.0,387.0,199.5,0.017812715062715048,3,1
random,400,48,237,231.0,142.0,231.0,229.0,166.0,166.0,274.0,199.5,0.017812715062715048,3,1
random,400,48,238,168.0,211.0,149.0,148.0,211.0,211.0,173.0,199.5,0.017812715062715048,3,1
random,400,48,239,21.0,59.0,30.0,30.0,55.0,55.0,22.0,199.5,0.017812715062715048,3,1
random,400,48,240,168.0,211.0,223.0,220.0,217.0,217.0,190.0,199.5,0.017812715062715048,3,1
random,400,48,241,11.0,27.0,15.0,15.0,24.0,24.0,12.0,199.5,0.017812715062715048,3,1
random,400,48,242,331.0,353.0,350.0,350.0,355.0,355.0,341.0,199.5,0.017812715062715048,3,1
random,400,48,243,231.0,229.0,246.0,250.0,231.0,231.0,261.0,199.5,0.017812715062715048,3,1
random,400,48,244,168.0,155.0,205.0,209.0,160.0,160.0,208.0,199.5,0.017812715062715048,3,1
random,400,48,245,280.0,352.0,289.0,284.0,349.0,349.0,282.0,199.5,0.017812715062715048,3,1
random,400,48,246,280.0,301.0,285.0,282.0,305.0,305.0,295.0,199.5,0.017812715062715048,3,1
random,400,48,247,36.0,122.0,87.0,83.0,116.0,116.0,40.0,199.5,0.017812715062715048,3,1
random,400,48,248,73.0,83.0,129.0,133.0,87.0,87.0,106.0,199.5,0.017812715062715048,3,1
random,400,48,249,117.0,156.0,153.0,146.0,151.0,151.0,133.0,199.5,0.017812715062715048,3,1
random,400,48,250,231.0,246.0,234.0,235.0,245.0,245.0,256.0,199.5,0.017812715062715048,3,1
random,400,48,251,168.0,231.0,224.0,222.0,228.0,228.0,205.0,199.5,0.017812715062715048,3,1
random,400,48,252,360.0,365.0,377.0,378.0,366.0,366.0,368.0,199.5,0.017812715062715048,3,1
random,400,48,253,231.0,258.0,273.0,273.0,260.0,260.0,263.0,199.5,0.017812715062715048,3,1
random,400,48,254,117.0,100.0,92.0,90.0,106.0,106.0,135.0,199.5,0.017812715062715048,3,1
random,400,48,255,280.0,272.0,299.0,299.0,285.0,285.0,312.0,199.5,0.017812715062715048,3,1
random,400,48,256,117.0,166.0,166.0,169.0,155.0,155.0,146.0,199.5,0.017812715062715048,3,1
random,400,48,257,8.0,8.0,12.0,13.0,10.0,10.0,9.0,199.5,0.017812715062715048,3,1
random,400,48,258,73.0,244.0,165.0,166.0,221.0,221.0,84.0,199.5,0.017812715062715048,3,1
random,400,48,259,168.0,178.0,198.0,202.0,181.0,181.0,204.0,199.5,0.017812715062715048,3,1
random,400,48,260,117.0,270.0,139.0,131.0,252.0,252.0,121.0,199.5,0.017812715062715048,3,1
random,400,48,261,36.0,93.0,82.0,80.0,88.0,88.0,63.0,199.5,0.017812715062715048,3,1
random,400,48,262,73.0,21.0,100.0,101.0,31.0,31.0,119.0,199.5,0.017812715062715048,3,1
random,400,48,263,117.0,250.0,131.0,128.0,235.0,235.0,124.0,199.5,0.017812715062715048,3,1
random,400,48,264,360.0,378.0,370.0,370.0,378.0,378.0,362.0,199.5,0.017812715062715048,3,1
random,400,48,265,117.0,198.0,192.0,199.0,185.0,185.0,155.0,199.5,0.017812715062715048,3,1
random,400,48,266,331.0,365.0,357.0,357.0,362.0,362.0,339.0,199.5,0.017812715062715048,3,1
random,400,48,267,280.0,295.0,339.0,341.0,299.0,299.0,322.0,199.5,0.017812715062715048,3,1
random,400,48,268,231.0,218.0,260.0,262.0,226.0,226.0,268.0,199.5,0.017812715062715048,3,1
random,400,48,269,168.0,59.0,172.0,173.0,90.0,90.0,229.0,199.5,0.017812715062715048,3,1
random,400,48,270,73.0,53.0,69.0,71.0,64.0,64.0,95.0,199.5,0.017812715062715048,3,1
random,400,48,271,11.0,3.0,10.0,10.0,5.0,5.0,20.0,199.5,0.017812715062715048,3,1
random,400,48,272,231.0,237.0,287.0,289.0,236.0,236.0,278.0,199.5,0.017812715062715048,3,1
random,400,48,273,117.0,142.0,160.0,160.0,139.0,139.0,153.0,199.5,0.017812715062715048,3,1
random,400,48,274,73.0,108.0,114.0,123.0,109.0,109.0,98.0,199.5,0.017812715062715048,3,1
random,400,48,275,117.0,169.0,175.0,171.0,168.0,168.0,142.0,199.5,0.017812715062715048,3,1
random,400,48,276,21.0,45.0,37.0,41.0,39.0,39.0,27.0,199.5,0.017812715062715048,3,1
random,400,48,277,117.0,117.0,169.0,177.0,122.0,122.0,161.0,199.5,0.017812715062715048,3,1
random,400,48,278,280.0,335.0,319.0,319.0,332.0,332.0,296.0,199.5,0.017812715062715048,3,1
random,400,48,279,36.0,83.0,49.0,47.0,83.0,83.0,43.0,199.5,0.017812715062715048,3,1
random,400,48,280,117.0,137.0,147.0,147.0,137.0,137.0,139.0,199.5,0.017812715062715048,3,1
random,400,48,281,360.0,376.0,380.0,379.0,376.0,376.0,369.0,199.5,0.017812715062715048,3,1
random,400,48,282,73.0,80.0,96.0,99.0,86.0,86.0,100.0,199.5,0.017812715062715048,3,1
random,400,48,283,21.0,32.0,28.0,29.0,28.0,28.0,31.0,199.5,0.017812715062715048,3,1
random,400,48,284,381.0,393.0,395.0,395.0,393.0,393.0,385.0,199.5,0.017812715062715048,3,1
random,400,48,285,117.0,180.0,167.0,165.0,178.0,178.0,136.0,199.5,0.017812715062715048,3,1
random,400,48,286,73.0,33.0,105.0,112.0,38.0,38.0,120.0,199.5,0.017812715062715048,3,1
random,400,48,287,36.0,88.0,62.0,62.0,82.0,82.0,50.0,199.5,0.017812715062715048,3,1
random,400,48,288,36.0,45.0,58.0,57.0,42.0,42.0,59.0,199.5,0.017812715062715048,3,1
random,400,48,289,280.0,299.0,313.0,312.0,306.0,306.0,304.0,199.5,0.017812715062715048,3,1
random,400,48,290,168.0,180.0,221.0,226.0,183.0,183.0,217.0,199.5,0.017812715062715048,3,1
random,400,48,291,168.0,162.0,173.0,168.0,175.0,175.0,185.0,199.5,0.017812715062715048,3,1
random,400,48,292,117.0,159.0,191.0,190.0,162.0,162.0,158.0,199.5,0.017812715062715048,3,1
random,400,48,293,280.0,247.0,297.0,300.0,257.0,257.0,319.0,199.5,0.017812715062715048,3,1
random,400,48,294,381.0,387.0,390.0,389.0,387.0,387.0,390.0,199.5,0.017812715062715048,3,1
random,400,48,295,73.0,97.0,76.0,72.0,100.0,100.0,83.0,199.5,0.017812715062715048,3,1
random,400,48,296,280.0,283.0,323.0,326.0,286.0,286.0,313.0,199.5,0.017812715062715048,3,1
random,400,48,297,117.0,122.0,130.0,134.0,123.0,123.0,137.0,199.5,0.017812715062715048,3,1
random,400,48,298,280.0,275.0,328.0,328.0,282.0,282.0,316.0,199.5,0.017812715062715048,3,1
random,400,48,299,168.0,180.0,177.0,175.0,186.0,186.0,175.0,199.5,0.017812715062715048,3,1
random,400,48,300,331.0,331.0,355.0,355.0,330.0,330.0,345.0,199.5,0.017812715062715048,3,1
random,400,48,301,168.0,145.0,236.0,241.0,150.0,150.0,227.0,199.5,0.017812715062715048,3,1
random,400,48,302,73.0,93.0,65.0,63.0,95.0,95.0,88.0,199.5,0.017812715062715048,3,1
random,400,48,303,280.0,231.0,321.0,327.0,243.0,243.0,323.0,199.5,0.017812715062715048,3,1
random,400,48,304,231.0,187.0,277.0,276.0,203.0,203.0,276.0,199.5,0.017812715062715048,3,1
random,400,48,305,280.0,337.0,304.0,297.0,335.0,335.0,285.0,199.5,0.017812715062715048,3,1
random,400,48,306,231.0,308.0,250.0,247.0,304.0,304.0,239.0,199.5,0.017812715062715048,3,1
random,400,48,307,280.0,272.0,292.0,290.0,277.0,277.0,306.0,199.5,0.017812715062715048,3,1
random,400,48,308,360.0,353.0,367.0,367.0,357.0,357.0,376.0,199.5,0.017812715062715048,3,1
random,400,48,309,168.0,202.0,218.0,221.0,202.0,202.0,209.0,199.5,0.017812715062715048,3,1
random,400,48,310,231.0,285.0,278.0,278.0,283.0,283.0,253.0,199.5,0.017812715062715048,3,1
random,400,48,311,231.0,258.0,204.0,193.0,259.0,259.0,231.0,199.5,0.017812715062715048,3,1
random,400,48,312,331.0,358.0,345.0,345.0,358.0,358.0,337.0,199.5,0.017812715062715048,3,1
random,400,48,313,73.0,175.0,108.0,102.0,154.0,154.0,80.0,199.5,0.017812715062715048,3,1
random,400,48,314,117.0,85.0,119.0,114.0,93.0,93.0,157.0,199.5,0.017812715062715048,3,1
random,400,48,315,168.0,191.0,214.0,208.0,200.0,200.0,200.0,199.5,0.017812715062715048,3,1
random,400,48,316,73.0,91.0,74.0,68.0,93.0,93.0,85.0,199.5,0.017812715062715048,3,1
random,400,48,317,117.0,180.0,178.0,182.0,172.0,172.0,152.0,199.5,0.017812715062715048,3,1
random,400,48,318,231.0,320.0,240.0,236.0,314.0,314.0,233.0,199.5,0.017812715062715048,3,1
random,400,48,319,168.0,286.0,212.0,211.0,273.0,273.0,178.0,199.5,0.017812715062715048,3,1
random,400,48,320,36.0,65.0,86.0,88.0,61.0,61.0,65.0,199.5,0.017812715062715048,3,1
random,400,48,321,36.0,41.0,38.0,38.0,47.0,47.0,48.0,199.5,0.017812715062715048,3,1
random,400,48,322,11.0,14.0,21.0,21.0,13.0,13.0,16.0,199.5,0.017812715062715048,3,1
random,400,48,323,117.0,119.0,140.0,137.0,124.0,124.0,145.0,199.5,0.017812715062715048,3,1
random,400,48,324,36.0,80.0,94.0,95.0,70.0,70.0,71.0,199.5,0.017812715062715048,3,1
random,400,48,325,168.0,231.0,195.0,189.0,224.0,224.0,186.0,199.5,0.017812715062715048,3,1
random,400,48,326,168.0,176.0,239.0,242.0,183.0,183.0,228.0,199.5,0.017812715062715048,3,1
random,400,48,327,168.0,191.0,158.0,152.0,193.0,193.0,191.0,199.5,0.017812715062715048,3,1
random,400,48,328,1.0,5.0,1.0,1.0,3.0,3.0,2.0,199.5,0.017812715062715048,3,1
random,400,48,329,117.0,128.0,137.0,132.0,129.0,129.0,144.0,199.5,0.017812715062715048,3,1
random,400,48,330,73.0,131.0,123.0,122.0,126.0,126.0,90.0,199.5,0.017812715062715048,3,1
random,400,48,331,331.0,304.0,359.0,359.0,308.0,308.0,359.0,199.5,0.017812715062715048,3,1
random,400,48,332,36.0,14.0,70.0,79.0,21.0,21.0,72.0,199.5,0.017812715062715048,3,1
random,400,48,333,231.0,208.0,275.0,279.0,223.0,223.0,270.0,199.5,0.017812715062715048,3,1
random,400,48,334,36.0,47.0,68.0,75.0,46.0,46.0,68.0,199.5,0.017812715062715048,3,1
random,400,48,335,1.0,7.0,2.0,2.0,6.0,6.0,1.0,199.5,0.017812715062715048,3,1
random,400,48,336,231.0,290.0,265.0,265.0,289.0,289.0,241.0,199.5,0.017812715062715048,3,1
random,400,48,337,280.0,270.0,316.0,316.0,278.0,278.0,320.0,199.5,0.017812715062715048,3,1
random,400,48,338,331.0,347.0,351.0,351.0,347.0,347.0,348.0,199.5,0.017812715062715048,3,1
random,400,48,339,117.0,162.0,161.0,158.0,158.0,158.0,140.0,199.5,0.017812715062715048,3,1
random,400,48,340,280.0,216.0,325.0,330.0,237.0,237.0,331.0,199.5,0.017812715062715048,3,1
random,400,48,341,280.0,301.0,303.0,305.0,298.0,298.0,314.0,199.5,0.017812715062715048,3,1
random,400,48,342,231.0,282.0,254.0,251.0,279.0,279.0,248.0,199.5,0.017812715062715048,3,1
random,400,48,343,168.0,223.0,213.0,213.0,219.0,219.0,210.0,199.5,0.017812715062715048,3,1
random,400,48,344,11.0,6.0,11.0,11.0,7.0,7.0,19.0,199.5,0.017812715062715048,3,1
random,400,48,345,331.0,378.0,340.0,339.0,377.0,377.0,332.0,199.5,0.017812715062715048,3,1
random,400,48,346,381.0,386.0,385.0,385.0,386.0,386.0,388.0,199.5,0.017812715062715048,3,1
random,400,48,347,360.0,326.0,375.0,375.0,334.0,334.0,380.0,199.5,0.017812715062715048,3,1
random,400,48,348,360.0,370.0,371.0,371.0,371.0,371.0,366.0,199.5,0.017812715062715048,3,1
random,400,48,349,331.0,353.0,362.0,365.0,354.0,354.0,352.0,199.5,0.017812715062715048,3,1
random,400,48,350,73.0,68.0,103.0,105.0,74.0,74.0,109.0,199.5,0.017812715062715048,3,1
random,400,48,351,280.0,327.0,294.0,293.0,325.0,325.0,292.0,199.5,0.017812715062715048,3,1
random,400,48,352,117.0,145.0,176.0,179.0,138.0,138.0,160.0,199.5,0.017812715062715048,3,1
random,400,48,353,36.0,80.0,77.0,76.0,71.0,71.0,58.0,199.5,0.017812715062715048,3,1
random,400,48,354,331.0,309.0,354.0,356.0,317.0,317.0,357.0,199.5,0.017812715062715048,3,1
random,400,48,355,231.0,267.0,281.0,280.0,266.0,266.0,264.0,199.5,0.017812715062715048,3,1
random,400,48,356,73.0,28.0,116.0,113.0,36.0,36.0,117.0,199.5,0.017812715062715048,3,1
random,400,48,357,280.0,231.0,320.0,321.0,246.0,246.0,327.0,199.5,0.017812715062715048,3,1
random,400,48,358,36.0,21.0,32.0,32.0,26.0,26.0,64.0,199.5,0.017812715062715048,3,1
random,400,48,359,117.0,176.0,145.0,141.0,176.0,176.0,131.0,199.5,0.017812715062715048,3,1
random,400,48,360,231.0,363.0,293.0,292.0,353.0,353.0,232.0,199.5,0.017812715062715048,3,1
random,400,48,361,117.0,126.0,138.0,144.0,128.0,128.0,148.0,199.5,0.017812715062715048,3,1
random,400,48,362,168.0,180.0,208.0,210.0,182.0,182.0,211.0,199.5,0.017812715062715048,3,1
random,400,48,363,360.0,369.0,374.0,374.0,370.0,370.0,373.0,199.5,0.017812715062715048,3,1
random,400,48,364,331.0,327.0,353.0,352.0,329.0,329.0,353.0,199.5,0.017812715062715048,3,1
random,400,48,365,231.0,313.0,261.0,258.0,310.0,310.0,235.0,199.5,0.017812715062715048,3,1
random,400,48,366,168.0,214.0,180.0,176.0,207.0,207.0,182.0,199.5,0.017812715062715048,3,1
random,400,48,367,117.0,100.0,156.0,163.0,108.0,108.0,166.0,199.5,0.017812715062715048,3,1
random,400,48,368,280.0,276.0,336.0,335.0,283.0,283.0,324.0,199.5,0.017812715062715048,3,1
random,400,48,369,331.0,351.0,302.0,301.0,351.0,351.0,334.0,199.5,0.017812715062715048,3,1
random,400,48,370,36.0,49.0,31.0,28.0,54.0,54.0,37.0,199.5,0.017812715062715048,3,1
random,400,48,371,73.0,148.0,120.0,119.0,139.0,139.0,87.0,199.5,0.017812715062715048,3,1
random,400,48,372,231.0,255.0,290.0,291.0,254.0,254.0,262.0,199.5,0.017812715062715048,3,1
random,400,48,373,280.0,314.0,311.0,313.0,311.0,311.0,311.0,199.5,0.017812715062715048,3,1
random,400,48,374,231.0,265.0,262.0,256.0,267.0,267.0,249.0,199.5,0.017812715062715048,3,1
random,400,48,375,168.0,202.0,216.0,214.0,206.0,206.0,203.0,199.5,0.017812715062715048,3,1
random,400,48,376,11.0,21.0,9.0,7.0,20.0,20.0,11.0,199.5,0.017812715062715048,3,1
random,400,48,377,280.0,316.0,312.0,314.0,315.0,315.0,301.0,199.5,0.017812715062715048,3,1
random,400,48,378,399.0,400.0,399.0,399.0,400.0,400.0,399.0,199.5,0.017812715062715048,3,1
random,400,48,379,36.0,41.0,40.0,39.0,41.0,41.0,53.0,199.5,0.017812715062715048,3,1
random,400,48,380,21.0,70.0,47.0,49.0,56.0,56.0,26.0,199.5,0.017812715062715048,3,1
random,400,48,381,21.0,33.0,26.0,24.0,30.0,30.0,25.0,199.5,0.017812715062715048,3,1
random,400,48,382,36.0,78.0,59.0,64.0,81.0,81.0,52.0,199.5,0.017812715062715048,3,1
random,400,48,383,117.0,137.0,122.0,115.0,132.0,132.0,134.0,199.5,0.017812715062715048,3,1
random,400,48,384,168.0,166.0,183.0,188.0,177.0,177.0,201.0,199.5,0.017812715062715048,3,1
random,400,48,385,280.0,312.0,318.0,318.0,312.0,312.0,305.0,199.5,0.017812715062715048,3,1
random,400,48,386,280.0,340.0,196.0,198.0,338.0,338.0,275.0,199.5,0.017812715062715048,3,1
random,400,48,387,73.0,89.0,72.0,73.0,95.0,95.0,86.0,199.5,0.017812715062715048,3,1
random,400,48,388,73.0,70.0,117.0,120.0,68.0,68.0,116.0,199.5,0.017812715062715048,3,1
random,400,48,389,280.0,267.0,327.0,323.0,274.0,274.0,330.0,199.5,0.017812715062715048,3,1
random,400,48,390,36.0,108.0,61.0,59.0,102.0,102.0,44.0,199.5,0.017812715062715048,3,1
random,400,48,391,36.0,85.0,43.0,42.0,79.0,79.0,45.0,199.5,0.017812715062715048,3,1
random,400,48,392,381.0,382.0,394.0,394.0,384.0,384.0,394.0,199.5,0.017812715062715048,3,1
random,400,48,393,231.0,307.0,268.0,266.0,302.0,302.0,240.0,199.5,0.017812715062715048,3,1
random,400,48,394,168.0,201.0,179.0,180.0,198.0,198.0,196.0,199.5,0.017812715062715048,3,1
random,400,48,395,280.0,250.0,315.0,317.0,263.0,263.0,315.0,199.5,0.017812715062715048,3,1
random,400,48,396,381.0,392.0,386.0,386.0,392.0,392.0,384.0,199.5,0.017812715062715048,3,1
random,400,48,397,280.0,287.0,296.0,296.0,293.0,293.0,310.0,199.5,0.017812715062715048,3,1
random,400,48,398,117.0,216.0,89.0,87.0,209.0,209.0,118.0,199.5,0.017812715062715048,3,1
random,400,48,399,331.0,325.0,326.0,325.0,324.0,324.0,344.0,199.5,0.017812715062715048,3,1
