random,400,49,0,214.0,299.0,238.0,231.0,297.0,297.0,223.0,199.5,0.016846167807081102,3,2
random,400,49,1,167.0,266.0,113.0,110.0,252.0,252.0,161.0,199.5,0.016846167807081102,3,2
random,400,49,2,167.0,204.0,129.0,126.0,205.0,205.0,171.0,199.5,0.016846167807081102,3,2
random,400,49,3,44.0,75.0,59.0,61.0,78.0,78.0,53.0,199.5,0.016846167807081102,3,2
random,400,49,4,391.0,397.0,393.0,393.0,397.0,397.0,391.0,199.5,0.016846167807081102,3,2
random,400,49,5,274.0,332.0,287.0,290.0,330.0,330.0,281.0,199.5,0.016846167807081102,3,2
random,400,49,6,214.0,333.0,276.0,266.0,331.0,331.0,219.0,199.5,0.016846167807081102,3,2
random,400,49,7,15.0,48.0,10.0,10.0,42.0,42.0,14.0,199.5,0.016846167807081102,3,2
random,400,49,8,274.0,271.0,288.0,287.0,269.0,269.0,313.0,199.5,0.016846167807081102,3,2
random,400,49,9,167.0,260.0,184.0,183.0,250.0,250.0,172.0,199.5,0.016846167807081102,3,2
random,400,49,10,167.0,123.0,182.0,181.0,132.0,132.0,210.0,199.5,0.016846167807081102,3,2
random,400,49,11,122.0,146.0,133.0,127.0,150.0,150.0,129.0,199.5,0.016846167807081102,3,2
random,400,49,12,381.0,386.0,384.0,384.0,386.0,386.0,385.0,199.5,0.016846167807081102,3,2
random,400,49,13,360.0,352.0,376.0,376.0,356.0,356.0,380.0,199.5,0.016846167807081102,3,2
random,400,49,14,274.0,170.0,301.0,303.0,194.0,194.0,325.0,199.5,0.016846167807081102,3,2
random,400,49,15,122.0,153.0,174.0,174.0,152.0,152.0,155.0,199.5,0.016846167807081102,3,2
random,400,49,16,381.0,383.0,380.0,379.0,383.0,383.0,383.0,199.5,0.016846167807081102,3,2
random,400,49,17,122.0,119.0,155.0,151.0,122.0,122.0,157.0,199.5,0.016846167807081102,3,2
random,400,49,18,326.0,325.0,358.0,358.0,326.0,326.0,353.0,199.5,0.016846167807081102,3,2
random,400,49,19,122.0,164.0,137.0,135.0,167.0,167.0,133.0,199.5,0.016846167807081102,3,2
random,400,49,20,79.0,135.0,117.0,117.0,127.0,127.0,97.0,199.5,0.016846167807081102,3,2
random,400,49,21,391.0,394.0,391.0,391.0,395.0,395.0,392.0,199.5,0.016846167807081102,3,2
random,400,49,22,5.0,3.0,7.0,7.0,4.0,4.0,7.0,199.5,0.016846167807081102,3,2
random,400,49,23,274.0,284.0,254.0,253.0,291.0,291.0,285.0,199.5,0.016846167807081102,3,2
random,400,49,24,326.0,342.0,346.0,346.0,341.0,341.0,348.0,199.5,0.016846167807081102,3,2
random,400,49,25,360.0,364.0,373.0,374.0,365.0,365.0,375.0,199.5,0.016846167807081102,3,2
random,400,49,26,214.0,198.0,264.0,259.0,215.0,215.0,259.0,199.5,0.016846167807081102,3,2
random,400,49,27,214.0,214.0,311.0,318.0,224.0,224.0,273.0,199.5,0.016846167807081102,3,2
random,400,49,28,122.0,146.0,150.0,145.0,147.0,147.0,146.0,199.5,0.016846167807081102,3,2
random,400,49,29,44.0,55.0,32.0,32.0,53.0,53.0,48.0,199.5,0.016846167807081102,3,2
random,400,49,30,9.0,9.0,15.0,15.0,10.0,10.0,12.0,199.5,0.016846167807081102,3,2
random,400,49,31,122.0,157.0,166.0,171.0,153.0,153.0,144.0,199.5,0.016846167807081102,3,2
random,400,49,32,26.0,76.0,74.0,73.0,68.0,68.0,39.0,199.5,0.016846167807081102,3,2
random,400,49,33,15.0,56.0,39.0,41.0,46.0,46.0,22.0,199.5,0.016846167807081102,3,2
random,400,49,34,360.0,380.0,365.0,364.0,380.0,380.0,363.0,199.5,0.016846167807081102,3,2
random,400,49,35,274.0,270.0,309.0,313.0,278.0,278.0,319.0,199.5,0.016846167807081102,3,2
random,400,49,36,79.0,136.0,94.0,96.0,123.0,123.0,98.0,199.5,0.016846167807081102,3,2
random,400,49,37,167.0,96.0,185.0,188.0,114.0,114.0,211.0,199.5,0.016846167807081102,3,2
random,400,49,38,274.0,310.0,298.0,299.0,305.0,305.0,287.0,199.5,0.016846167807081102,3,2
random,400,49,39,167.0,85.0,239.0,254.0,103.0,103.0,213.0,199.5,0.016846167807081102,3,2
random,400,49,40,2.0,5.0,4.0,4.0,3.0,3.0,2.0,199.5,0.016846167807081102,3,2
random,400,49,41,214.0,209.0,263.0,263.0,212.0,212.0,264.0,199.5,0.016846167807081102,3,2
random,400,49,42,26.0,63.0,31.0,31.0,51.0,51.0,32.0,199.5,0.016846167807081102,3,2
random,400,49,43,26.0,51.0,37.0,37.0,46.0,46.0,37.0,199.5,0.016846167807081102,3,2
random,400,49,44,360.0,379.0,367.0,367.0,379.0,379.0,365.0,199.5,0.016846167807081102,3,2
random,400,49,45,122.0,170.0,162.0,167.0,168.0,168.0,136.0,199.5,0.016846167807081102,3,2
random,400,49,46,214.0,186.0,257.0,258.0,192.0,192.0,262.0,199.5,0.016846167807081102,3,2
random,400,49,47,214.0,279.0,267.0,269.0,272.0,272.0,246.0,199.5,0.016846167807081102,3,2
random,400,49,48,360.0,359.0,366.0,366.0,363.0,363.0,370.0,199.5,0.016846167807081102,3,2
random,400,49,49,274.0,323.0,286.0,283.0,322.0,322.0,280.0,199.5,0.016846167807081102,3,2
random,400,49,50,214.0,192.0,255.0,261.0,206.0,206.0,268.0,199.5,0.016846167807081102,3,2
random,400,49,51,26.0,30.0,61.0,66.0,31.0,31.0,44.0,199.5,0.016846167807081102,3,2
random,400,49,52,122.0,47.0,145.0,146.0,65.0,65.0,166.0,199.5,0.016846167807081102,3,2
random,400,49,53,44.0,59.0,72.0,72.0,55.0,55.0,66.0,199.5,0.016846167807081102,3,2
random,400,49,54,167.0,226.0,165.0,165.0,223.0,223.0,174.0,199.5,0.016846167807081102,3,2
random,400,49,55,26.0,51.0,36.0,36.0,52.0,52.0,29.0,199.5,0.016846167807081102,3,2
random,400,49,56,326.0,361.0,348.0,348.0,360.0,360.0,329.0,199.5,0.016846167807081102,3,2
random,400,49,57,360.0,377.0,374.0,372.0,376.0,376.0,367.0,199.5,0.016846167807081102,3,2
random,400,49,58,214.0,198.0,218.0,213.0,207.0,207.0,248.0,199.5,0.016846167807081102,3,2
random,400,49,59,79.0,80.0,143.0,149.0,85.0,85.0,119.0,199.5,0.016846167807081102,3,2
random,400,49,60,214.0,287.0,262.0,267.0,283.0,283.0,237.0,199.5,0.016846167807081102,3,2
random,400,49,61,274.0,343.0,327.0,327.0,344.0,344.0,282.0,199.5,0.016846167807081102,3,2
random,400,49,62,274.0,242.0,303.0,302.0,247.0,247.0,320.0,199.5,0.016846167807081102,3,2
random,400,49,63,274.0,282.0,324.0,324.0,284.0,284.0,322.0,199.5,0.016846167807081102,3,2
random,400,49,64,3.0,2.0,3.0,3.0,2.0,2.0,4.0,199.5,0.016846167807081102,3,2
random,400,49,65,15.0,68.0,35.0,35.0,54.0,54.0,21.0,199.5,0.016846167807081102,3,2
random,400,49,66,79.0,96.0,112.0,118.0,93.0,93.0,108.0,199.5,0.016846167807081102,3,2
random,400,49,67,214.0,284.0,279.0,279.0,279.0,279.0,238.0,199.5,0.016846167807081102,3,2
random,400,49,68,214.0,244.0,253.0,246.0,247.0,247.0,241.0,199.5,0.016846167807081102,3,2
random,400,49,69,360.0,359.0,354.0,354.0,362.0,362.0,366.0,199.5,0.016846167807081102,3,2
random,400,49,70,79.0,136.0,85.0,82.0,128.0,128.0,88.0,199.5,0.016846167807081102,3,2
random,400,49,71,44.0,79.0,92.0,99.0,76.0,76.0,68.0,199.5,0.016846167807081102,3,2
random,400,49,72,326.0,280.0,350.0,350.0,295.0,295.0,358.0,199.5,0.016846167807081102,3,2
random,400,49,73,167.0,85.0,210.0,208.0,108.0,108.0,212.0,199.5,0.016846167807081102,3,2
random,400,49,74,274.0,292.0,277.0,272.0,296.0,296.0,289.0,199.5,0.016846167807081102,3,2
random,400,49,75,214.0,209.0,227.0,225.0,214.0,214.0,244.0,199.5,0.016846167807081102,3,2
random,400,49,76,326.0,331.0,322.0,321.0,333.0,333.0,339.0,199.5,0.016846167807081102,3,2
random,400,49,77,79.0,214.0,102.0,98.0,196.0,196.0,76.0,199.5,0.016846167807081102,3,2
random,400,49,78,360.0,361.0,377.0,377.0,361.0,361.0,379.0,199.5,0.016846167807081102,3,2
random,400,49,79,326.0,319.0,341.0,338.0,323.0,323.0,346.0,199.5,0.016846167807081102,3,2
random,400,49,80,79.0,101.0,71.0,71.0,104.0,104.0,86.0,199.5,0.016846167807081102,3,2
random,400,49,81,167.0,244.0,220.0,221.0,241.0,241.0,188.0,199.5,0.016846167807081102,3,2
random,400,49,82,274.0,302.0,302.0,301.0,300.0,300.0,295.0,199.5,0.016846167807081102,3,2
random,400,49,83,391.0,392.0,394.0,394.0,392.0,392.0,396.0,199.5,0.016846167807081102,3,2
random,400,49,84,274.0,309.0,310.0,311.0,311.0,311.0,307.0,199.5,0.016846167807081102,3,2
random,400,49,85,274.0,260.0,297.0,298.0,270.0,270.0,306.0,199.5,0.016846167807081102,3,2
random,400,49,86,44.0,32.0,48.0,45.0,35.0,35.0,64.0,199.5,0.016846167807081102,3,2
random,400,49,87,122.0,51.0,97.0,102.0,70.0,70.0,159.0,199.5,0.016846167807081102,3,2
random,400,49,88,44.0,104.0,52.0,53.0,92.0,92.0,49.0,199.5,0.016846167807081102,3,2
random,400,49,89,26.0,84.0,30.0,29.0,74.0,74.0,30.0,199.5,0.016846167807081102,3,2
random,400,49,90,3.0,9.0,2.0,2.0,8.0,8.0,3.0,199.5,0.016846167807081102,3,2
random,400,49,91,274.0,289.0,245.0,240.0,292.0,292.0,279.0,199.5,0.016846167807081102,3,2
random,400,49,92,26.0,31.0,29.0,30.0,27.0,27.0,33.0,199.5,0.016846167807081102,3,2
random,400,49,93,167.0,142.0,154.0,155.0,151.0,151.0,183.0,199.5,0.016846167807081102,3,2
random,400,49,94,15.0,20.0,13.0,13.0,19.0,19.0,17.0,199.5,0.016846167807081102,3,2
random,400,49,95,15.0,17.0,12.0,11.0,16.0,16.0,16.0,199.5,0.016846167807081102,3,2
random,400,49,96,167.0,195.0,225.0,220.0,202.0,202.0,202.0,199.5,0.016846167807081102,3,2
random,400,49,97,122.0,123.0,141.0,140.0,123.0,123.0,152.0,199.5,0.016846167807081102,3,2
random,400,49,98,274.0,306.0,317.0,312.0,304.0,304.0,293.0,199.5,0.016846167807081102,3,2
random,400,49,99,122.0,230.0,90.0,84.0,216.0,216.0,122.0,199.5,0.016846167807081102,3,2
random,400,49,100,79.0,136.0,122.0,121.0,133.0,133.0,90.0,199.5,0.016846167807081102,3,2
random,400,49,101,214.0,148.0,216.0,214.0,158.0,158.0,261.0,199.5,0.016846167807081102,3,2
random,400,49,102,44.0,64.0,91.0,90.0,71.0,71.0,65.0,199.5,0.016846167807081102,3,2
random,400,49,103,360.0,338.0,349.0,347.0,345.0,345.0,374.0,199.5,0.016846167807081102,3,2
random,400,49,104,44.0,37.0,63.0,60.0,39.0,39.0,67.0,199.5,0.016846167807081102,3,2
random,400,49,105,274.0,345.0,293.0,285.0,336.0,336.0,283.0,199.5,0.016846167807081102,3,2
random,400,49,106,214.0,319.0,278.0,276.0,306.0,306.0,230.0,199.5,0.016846167807081102,3,2
random,400,49,107,9.0,16.0,8.0,9.0,14.0,14.0,11.0,199.5,0.016846167807081102,3,2
random,400,49,108,79.0,168.0,110.0,108.0,157.0,157.0,91.0,199.5,0.016846167807081102,3,2
random,400,49,109,274.0,300.0,308.0,307.0,301.0,301.0,311.0,199.5,0.016846167807081102,3,2
random,400,49,110,214.0,233.0,261.0,268.0,233.0,233.0,260.0,199.5,0.016846167807081102,3,2
random,400,49,111,79.0,73.0,76.0,78.0,73.0,73.0,109.0,199.5,0.016846167807081102,3,2
random,400,49,112,44.0,76.0,49.0,44.0,79.0,79.0,50.0,199.5,0.016846167807081102,3,2
random,400,49,113,214.0,251.0,194.0,198.0,249.0,249.0,222.0,199.5,0.016846167807081102,3,2
random,400,49,114,79.0,159.0,132.0,134.0,148.0,148.0,104.0,199.5,0.016846167807081102,3,2
random,400,49,115,381.0,387.0,386.0,385.0,388.0,388.0,384.0,199.5,0.016846167807081102,3,2
random,400,49,116,326.0,352.0,343.0,345.0,352.0,352.0,337.0,199.5,0.016846167807081102,3,2
random,400,49,117,79.0,94.0,106.0,113.0,91.0,91.0,111.0,199.5,0.016846167807081102,3,2
random,400,49,118,167.0,214.0,188.0,185.0,217.0,217.0,179.0,199.5,0.016846167807081102,3,2
random,400,49,119,122.0,109.0,180.0,182.0,117.0,117.0,165.0,199.5,0.016846167807081102,3,2
random,400,49,120,381.0,382.0,389.0,389.0,381.0,381.0,386.0,199.5,0.016846167807081102,3,2
random,400,49,121,360.0,369.0,379.0,380.0,372.0,372.0,376.0,199.5,0.016846167807081102,3,2
random,400,49,122,214.0,182.0,289.0,294.0,191.0,191.0,271.0,199.5,0.016846167807081102,3,2
random,400,49,123,122.0,126.0,144.0,147.0,129.0,129.0,145.0,199.5,0.016846167807081102,3,2
random,400,49,124,326.0,361.0,344.0,342.0,359.0,359.0,330.0,199.5,0.016846167807081102,3,2
random,400,49,125,122.0,173.0,136.0,130.0,166.0,166.0,139.0,199.5,0.016846167807081102,3,2
random,400,49,126,326.0,316.0,363.0,365.0,325.0,325.0,355.0,199.5,0.016846167807081102,3,2
random,400,49,127,326.0,327.0,307.0,308.0,326.0,326.0,334.0,199.5,0.016846167807081102,3,2
random,400,49,128,214.0,235.0,175.0,175.0,238.0,238.0,220.0,199.5,0.016846167807081102,3,2
random,400,49,129,360.0,385.0,362.0,360.0,385.0,385.0,362.0,199.5,0.016846167807081102,3,2
random,400,49,130,274.0,249.0,295.0,293.0,262.0,262.0,309.0,199.5,0.016846167807081102,3,2
random,400,49,131,167.0,198.0,201.0,200.0,202.0,202.0,194.0,199.5,0.016846167807081102,3,2
random,400,49,132,360.0,365.0,375.0,375.0,366.0,366.0,377.0,199.5,0.016846167807081102,3,2
random,400,49,133,360.0,376.0,370.0,370.0,377.0,377.0,364.0,199.5,0.016846167807081102,3,2
random,400,49,134,167.0,91.0,207.0,217.0,101.0,101.0,214.0,199.5,0.016846167807081102,3,2
random,400,49,135,122.0,113.0,191.0,201.0,120.0,120.0,169.0,199.5,0.016846167807081102,3,2
random,400,49,136,79.0,27.0,134.0,141.0,38.0,38.0,121.0,199.5,0.016846167807081102,3,2
random,400,49,137,214.0,168.0,258.0,255.0,176.0,176.0,265.0,199.5,0.016846167807081102,3,2
random,400,49,138,79.0,116.0,128.0,129.0,111.0,111.0,112.0,199.5,0.016846167807081102,3,2
random,400,49,139,214.0,230.0,251.0,249.0,234.0,234.0,256.0,199.5,0.016846167807081102,3,2
random,400,49,140,274.0,335.0,306.0,306.0,335.0,335.0,286.0,199.5,0.016846167807081102,3,2
random,400,49,141,214.0,220.0,269.0,264.0,221.0,221.0,253.0,199.5,0.016846167807081102,3,2
random,400,49,142,214.0,251.0,98.0,97.0,255.0,255.0,181.0,199.5,0.016846167807081102,3,2
random,400,49,143,214.0,241.0,193.0,193.0,245.0,245.0,229.0,199.5,0.016846167807081102,3,2
random,400,49,144,44.0,14.0,69.0,69.0,15.0,15.0,79.0,199.5,0.016846167807081102,3,2
random,400,49,145,79.0,85.0,66.0,67.0,89.0,89.0,89.0,199.5,0.016846167807081102,3,2
random,400,49,146,391.0,395.0,395.0,395.0,394.0,394.0,394.0,199.5,0.016846167807081102,3,2
random,400,49,147,44.0,39.0,77.0,77.0,48.0,48.0,69.0,199.5,0.016846167807081102,3,2
random,400,49,148,398.0,399.0,398.0,398.0,399.0,399.0,398.0,199.5,0.016846167807081102,3,2
random,400,49,149,44.0,35.0,51.0,51.0,44.0,44.0,62.0,199.5,0.016846167807081102,3,2
random,400,49,150,274.0,316.0,228.0,230.0,319.0,319.0,276.0,199.5,0.016846167807081102,3,2
random,400,49,151,44.0,34.0,75.0,79.0,34.0,34.0,74.0,199.5,0.016846167807081102,3,2
random,400,49,152,274.0,207.0,272.0,278.0,224.0,224.0,316.0,199.5,0.016846167807081102,3,2
random,400,49,153,122.0,132.0,151.0,152.0,138.0,138.0,151.0,199.5,0.016846167807081102,3,2
random,400,49,154,122.0,80.0,138.0,148.0,87.0,87.0,162.0,199.5,0.016846167807081102,3,2
random,400,49,155,79.0,136.0,99.0,95.0,137.0,137.0,82.0,199.5,0.016846167807081102,3,2
random,400,49,156,274.0,260.0,315.0,315.0,277.0,277.0,303.0,199.5,0.016846167807081102,3,2
random,400,49,157,44.0,45.0,42.0,40.0,49.0,49.0,60.0,199.5,0.016846167807081102,3,2
random,400,49,158,167.0,177.0,195.0,202.0,175.0,175.0,203.0,199.5,0.016846167807081102,3,2
random,400,49,159,214.0,255.0,248.0,248.0,256.0,256.0,228.0,199.5,0.016846167807081102,3,2
random,400,49,160,26.0,44.0,40.0,39.0,40.0,40.0,34.0,199.5,0.016846167807081102,3,2
random,400,49,161,274.0,255.0,318.0,316.0,266.0,266.0,314.0,199.5,0.016846167807081102,3,2
random,400,49,162,326.0,370.0,337.0,336.0,370.0,370.0,327.0,199.5,0.016846167807081102,3,2
random,400,49,163,214.0,316.0,200.0,191.0,310.0,310.0,217.0,199.5,0.016846167807081102,3,2
random,400,49,164,274.0,275.0,320.0,320.0,282.0,282.0,321.0,199.5,0.016846167807081102,3,2
random,400,49,165,122.0,104.0,159.0,157.0,109.0,109.0,164.0,199.5,0.016846167807081102,3,2
random,400,49,166,274.0,311.0,316.0,310.0,315.0,315.0,297.0,199.5,0.016846167807081102,3,2
random,400,49,167,122.0,151.0,56.0,50.0,154.0,154.0,120.0,199.5,0.016846167807081102,3,2
random,400,49,168,167.0,198.0,189.0,189.0,189.0,189.0,187.0,199.5,0.016846167807081102,3,2
random,400,49,169,167.0,156.0,170.0,168.0,161.0,161.0,195.0,199.5,0.016846167807081102,3,2
random,400,49,170,79.0,149.0,95.0,94.0,146.0,146.0,83.0,199.5,0.016846167807081102,3,2
random,400,49,171,326.0,340.0,359.0,359.0,340.0,340.0,349.0,199.5,0.016846167807081102,3,2
random,400,49,172,214.0,297.0,192.0,190.0,287.0,287.0,215.0,199.5,0.016846167807081102,3,2
random,400,49,173,214.0,260.0,198.0,199.0,263.0,263.0,224.0,199.5,0.016846167807081102,3,2
random,400,49,174,167.0,236.0,203.0,196.0,237.0,237.0,182.0,199.5,0.016846167807081102,3,2
random,400,49,175,79.0,220.0,135.0,133.0,200.0,200.0,84.0,199.5,0.016846167807081102,3,2
random,400,49,176,44.0,56.0,62.0,64.0,58.0,58.0,56.0,199.5,0.016846167807081102,3,2
random,400,49,177,44.0,153.0,58.0,55.0,135.0,135.0,46.0,199.5,0.016846167807081102,3,2
random,400,49,178,326.0,271.0,338.0,341.0,286.0,286.0,357.0,199.5,0.016846167807081102,3,2
random,400,49,179,360.0,374.0,372.0,373.0,375.0,375.0,368.0,199.5,0.016846167807081102,3,2
random,400,49,180,79.0,116.0,120.0,120.0,118.0,118.0,102.0,199.5,0.016846167807081102,3,2
random,400,49,181,167.0,271.0,224.0,223.0,260.0,260.0,184.0,199.5,0.016846167807081102,3,2
random,400,49,182,326.0,356.0,356.0,356.0,354.0,354.0,336.0,199.5,0.016846167807081102,3,2
random,400,49,183,1.0,1.0,1.0,1.0,1.0,1.0,1.0,199.5,0.016846167807081102,3,2
random,400,49,184,167.0,164.0,187.0,186.0,169.0,169.0,200.0,199.5,0.016846167807081102,3,2
random,400,49,185,26.0,59.0,34.0,33.0,57.0,57.0,27.0,199.5,0.016846167807081102,3,2
random,400,49,186,15.0,20.0,11.0,12.0,21.0,21.0,19.0,199.5,0.016846167807081102,3,2
random,400,49,187,326.0,330.0,351.0,352.0,334.0,334.0,350.0,199.5,0.016846167807081102,3,2
random,400,49,188,167.0,248.0,219.0,219.0,243.0,243.0,189.0,199.5,0.016846167807081102,3,2
random,400,49,189,79.0,129.0,89.0,85.0,121.0,121.0,92.0,199.5,0.016846167807081102,3,2
random,400,49,190,167.0,191.0,179.0,179.0,199.0,199.0,178.0,199.5,0.016846167807081102,3,2
random,400,49,191,326.0,303.0,299.0,295.0,308.0,308.0,341.0,199.5,0.016846167807081102,3,2
random,400,49,192,326.0,350.0,345.0,343.0,350.0,350.0,338.0,199.5,0.016846167807081102,3,2
random,400,49,193,79.0,104.0,104.0,109.0,98.0,98.0,103.0,199.5,0.016846167807081102,3,2
random,400,49,194,26.0,45.0,44.0,48.0,45.0,45.0,36.0,199.5,0.016846167807081102,3,2
random,400,49,195,44.0,64.0,80.0,81.0,56.0,56.0,70.0,199.5,0.016846167807081102,3,2
random,400,49,196,122.0,164.0,127.0,123.0,163.0,163.0,127.0,199.5,0.016846167807081102,3,2
random,400,49,197,360.0,388.0,369.0,369.0,387.0,387.0,360.0,199.5,0.016846167807081102,3,2
random,400,49,198,274.0,257.0,285.0,284.0,259.0,259.0,312.0,199.5,0.016846167807081102,3,2
random,400,49,199,214.0,311.0,240.0,241.0,303.0,303.0,218.0,199.5,0.016846167807081102,3,2
random,400,49,200,274.0,260.0,290.0,286.0,265.0,265.0,302.0,199.5,0.016846167807081102,3,2
random,400,49,201,79.0,180.0,118.0,114.0,164.0,164.0,85.0,199.5,0.016846167807081102,3,2
random,400,49,202,122.0,195.0,169.0,170.0,190.0,190.0,135.0,199.5,0.016846167807081102,3,2
random,400,49,203,274.0,292.0,312.0,309.0,298.0,298.0,310.0,199.5,0.016846167807081102,3,2
random,400,49,204,214.0,251.0,229.0,224.0,257.0,257.0,227.0,199.5,0.016846167807081102,3,2
random,400,49,205,44.0,96.0,105.0,107.0,90.0,90.0,61.0,199.5,0.016846167807081102,3,2
random,400,49,206,274.0,297.0,326.0,326.0,299.0,299.0,318.0,199.5,0.016846167807081102,3,2
random,400,49,207,26.0,74.0,53.0,54.0,63.0,63.0,35.0,199.5,0.016846167807081102,3,2
random,400,49,208,274.0,313.0,314.0,317.0,313.0,313.0,299.0,199.5,0.016846167807081102,3,2
random,400,49,209,326.0,370.0,347.0,349.0,369.0,369.0,331.0,199.5,0.016846167807081102,3,2
random,400,49,210,44.0,20.0,65.0,65.0,26.0,26.0,73.0,199.5,0.016846167807081102,3,2
random,400,49,211,167.0,214.0,160.0,150.0,211.0,211.0,173.0,199.5,0.016846167807081102,3,2
random,400,49,212,122.0,164.0,152.0,154.0,160.0,160.0,143.0,199.5,0.016846167807081102,3,2
random,400,49,213,167.0,223.0,211.0,207.0,222.0,222.0,190.0,199.5,0.016846167807081102,3,2
random,400,49,214,360.0,390.0,368.0,368.0,389.0,389.0,361.0,199.5,0.016846167807081102,3,2
random,400,49,215,391.0,381.0,397.0,397.0,382.0,382.0,397.0,199.5,0.016846167807081102,3,2
random,400,49,216,274.0,341.0,323.0,322.0,337.0,337.0,288.0,199.5,0.016846167807081102,3,2
random,400,49,217,44.0,142.0,68.0,63.0,126.0,126.0,45.0,199.5,0.016846167807081102,3,2
random,400,49,218,214.0,195.0,235.0,235.0,210.0,210.0,252.0,199.5,0.016846167807081102,3,2
random,400,49,219,79.0,129.0,93.0,93.0,125.0,125.0,94.0,199.5,0.016846167807081102,3,2
random,400,49,220,214.0,225.0,266.0,275.0,229.0,229.0,257.0,199.5,0.016846167807081102,3,2
random,400,49,221,381.0,389.0,387.0,387.0,390.0,390.0,382.0,199.5,0.016846167807081102,3,2
random,400,49,222,44.0,68.0,43.0,43.0,64.0,64.0,54.0,199.5,0.016846167807081102,3,2
random,400,49,223,122.0,126.0,131.0,139.0,130.0,130.0,149.0,199.5,0.016846167807081102,3,2
random,400,49,224,79.0,88.0,114.0,112.0,88.0,88.0,114.0,199.5,0.016846167807081102,3,2
random,400,49,225,79.0,80.0,101.0,101.0,82.0,82.0,106.0,199.5,0.016846167807081102,3,2
random,400,49,226,79.0,91.0,73.0,75.0,84.0,84.0,99.0,199.5,0.016846167807081102,3,2
random,400,49,227,44.0,83.0,70.0,68.0,83.0,83.0,57.0,199.5,0.016846167807081102,3,2
random,400,49,228,122.0,152.0,181.0,180.0,149.0,149.0,158.0,199.5,0.016846167807081102,3,2
random,400,49,229,79.0,110.0,84.0,86.0,97.0,97.0,105.0,199.5,0.016846167807081102,3,2
random,400,49,230,15.0,28.0,17.0,17.0,23.0,23.0,20.0,199.5,0.016846167807081102,3,2
random,400,49,231,214.0,209.0,283.0,292.0,212.0,212.0,267.0,199.5,0.016846167807081102,3,2
random,400,49,232,44.0,42.0,79.0,80.0,43.0,43.0,77.0,199.5,0.016846167807081102,3,2
random,400,49,233,214.0,244.0,246.0,245.0,244.0,244.0,242.0,199.5,0.016846167807081102,3,2
random,400,49,234,274.0,351.0,313.0,314.0,343.0,343.0,291.0,199.5,0.016846167807081102,3,2
random,400,49,235,326.0,378.0,331.0,330.0,378.0,378.0,326.0,199.5,0.016846167807081102,3,2
random,400,49,236,214.0,240.0,274.0,277.0,239.0,239.0,250.0,199.5,0.016846167807081102,3,2
random,400,49,237,214.0,257.0,247.0,252.0,253.0,253.0,243.0,199.5,0.016846167807081102,3,2
random,400,49,238,122.0,160.0,149.0,143.0,159.0,159.0,132.0,199.5,0.016846167807081102,3,2
random,400,49,239,391.0,393.0,396.0,396.0,393.0,393.0,395.0,199.5,0.016846167807081102,3,2
random,400,49,240,326.0,336.0,355.0,353.0,338.0,338.0,343.0,199.5,0.016846167807081102,3,2
random,400,49,241,214.0,249.0,217.0,206.0,254.0,254.0,225.0,199.5,0.016846167807081102,3,2
random,400,49,242,167.0,192.0,177.0,176.0,197.0,197.0,185.0,199.5,0.016846167807081102,3,2
random,400,49,243,79.0,59.0,103.0,105.0,75.0,75.0,110.0,199.5,0.016846167807081102,3,2
random,400,49,244,274.0,268.0,305.0,305.0,281.0,281.0,304.0,199.5,0.016846167807081102,3,2
random,400,49,245,167.0,238.0,226.0,228.0,228.0,228.0,201.0,199.5,0.016846167807081102,3,2
random,400,49,246,122.0,91.0,158.0,162.0,99.0,99.0,160.0,199.5,0.016846167807081102,3,2
random,400,49,247,26.0,39.0,67.0,70.0,36.0,36.0,42.0,199.5,0.016846167807081102,3,2
random,400,49,248,44.0,15.0,50.0,57.0,17.0,17.0,78.0,199.5,0.016846167807081102,3,2
random,400,49,249,44.0,122.0,87.0,91.0,100.0,100.0,59.0,199.5,0.016846167807081102,3,2
random,400,49,250,167.0,192.0,223.0,227.0,202.0,202.0,197.0,199.5,0.016846167807081102,3,2
random,400,49,251,79.0,214.0,107.0,103.0,186.0,186.0,80.0,199.5,0.016846167807081102,3,2
random,400,49,252,122.0,140.0,167.0,164.0,141.0,141.0,153.0,199.5,0.016846167807081102,3,2
random,400,49,253,122.0,140.0,176.0,177.0,144.0,144.0,156.0,199.5,0.016846167807081102,3,2
random,400,49,254,122.0,236.0,183.0,184.0,226.0,226.0,137.0,199.5,0.016846167807081102,3,2
random,400,49,255,167.0,149.0,190.0,192.0,155.0,155.0,205.0,199.5,0.016846167807081102,3,2
random,400,49,256,79.0,56.0,83.0,83.0,60.0,60.0,116.0,199.5,0.016846167807081102,3,2
random,400,49,257,391.0,396.0,392.0,392.0,396.0,396.0,393.0,199.5,0.016846167807081102,3,2
random,400,49,258,214.0,280.0,244.0,250.0,272.0,272.0,239.0,199.5,0.016846167807081102,3,2
random,400,49,259,167.0,126.0,199.0,209.0,142.0,142.0,209.0,199.5,0.016846167807081102,3,2
random,400,49,260,274.0,322.0,304.0,304.0,318.0,318.0,290.0,199.5,0.016846167807081102,3,2
random,400,49,261,214.0,233.0,233.0,234.0,240.0,240.0,245.0,199.5,0.016846167807081102,3,2
random,400,49,262,79.0,110.0,126.0,128.0,106.0,106.0,113.0,199.5,0.016846167807081102,3,2
random,400,49,263,26.0,132.0,28.0,28.0,113.0,113.0,25.0,199.5,0.016846167807081102,3,2
random,400,49,264,79.0,116.0,100.0,100.0,114.0,114.0,100.0,199.5,0.016846167807081102,3,2
random,400,49,265,360.0,358.0,371.0,371.0,357.0,357.0,371.0,199.5,0.016846167807081102,3,2
random,400,49,266,214.0,289.0,273.0,273.0,288.0,288.0,235.0,199.5,0.016846167807081102,3,2
random,400,49,267,274.0,275.0,236.0,237.0,271.0,271.0,292.0,199.5,0.016846167807081102,3,2
random,400,49,268,326.0,308.0,352.0,351.0,317.0,317.0,351.0,199.5,0.016846167807081102,3,2
random,400,49,269,326.0,283.0,334.0,335.0,293.0,293.0,352.0,199.5,0.016846167807081102,3,2
random,400,49,270,274.0,373.0,271.0,270.0,368.0,368.0,272.0,199.5,0.016846167807081102,3,2
random,400,49,271,214.0,226.0,234.0,236.0,232.0,232.0,254.0,199.5,0.016846167807081102,3,2
random,400,49,272,167.0,226.0,197.0,195.0,230.0,230.0,177.0,199.5,0.016846167807081102,3,2
random,400,49,273,400.0,400.0,398.0,398.0,400.0,400.0,400.0,199.5,0.016846167807081102,3,2
random,400,49,274,122.0,132.0,130.0,131.0,134.0,134.0,150.0,199.5,0.016846167807081102,3,2
random,400,49,275,79.0,120.0,96.0,92.0,119.0,119.0,95.0,199.5,0.016846167807081102,3,2
random,400,49,276,274.0,289.0,296.0,296.0,290.0,290.0,296.0,199.5,0.016846167807081102,3,2
random,400,49,277,214.0,251.0,250.0,247.0,258.0,258.0,234.0,199.5,0.016846167807081102,3,2
random,400,49,278,326.0,354.0,339.0,340.0,353.0,353.0,335.0,199.5,0.016846167807081102,3,2
random,400,49,279,79.0,104.0,64.0,59.0,96.0,96.0,93.0,199.5,0.016846167807081102,3,2
random,400,49,280,79.0,32.0,123.0,132.0,41.0,41.0,123.0,199.5,0.016846167807081102,3,2
random,400,49,281,214.0,257.0,268.0,265.0,250.0,250.0,247.0,199.5,0.016846167807081102,3,2
random,400,49,282,274.0,209.0,294.0,297.0,219.0,219.0,324.0,199.5,0.016846167807081102,3,2
random,400,49,283,122.0,214.0,157.0,153.0,201.0,201.0,128.0,199.5,0.016846167807081102,3,2
random,400,49,284,79.0,88.0,140.0,142.0,94.0,94.0,107.0,199.5,0.016846167807081102,3,2
random,400,49,285,167.0,275.0,125.0,122.0,264.0,264.0,170.0,199.5,0.016846167807081102,3,2
random,400,49,286,122.0,243.0,161.0,160.0,235.0,235.0,126.0,199.5,0.016846167807081102,3,2
random,400,49,287,326.0,303.0,330.0,331.0,307.0,307.0,354.0,199.5,0.016846167807081102,3,2
random,400,49,288,26.0,37.0,33.0,34.0,33.0,33.0,38.0,199.5,0.016846167807081102,3,2
random,400,49,289,122.0,187.0,204.0,211.0,181.0,181.0,138.0,199.5,0.016846167807081102,3,2
random,400,49,290,122.0,163.0,119.0,106.0,165.0,165.0,125.0,199.5,0.016846167807081102,3,2
random,400,49,291,274.0,333.0,300.0,300.0,332.0,332.0,294.0,199.5,0.016846167807081102,3,2
random,400,49,292,214.0,223.0,205.0,197.0,231.0,231.0,233.0,199.5,0.016846167807081102,3,2
random,400,49,293,122.0,96.0,109.0,104.0,102.0,102.0,147.0,199.5,0.016846167807081102,3,2
random,400,49,294,360.0,372.0,378.0,378.0,373.0,373.0,373.0,199.5,0.016846167807081102,3,2
random,400,49,295,274.0,271.0,281.0,282.0,280.0,280.0,308.0,199.5,0.016846167807081102,3,2
random,400,49,296,44.0,64.0,82.0,88.0,60.0,60.0,72.0,199.5,0.016846167807081102,3,2
random,400,49,297,167.0,220.0,178.0,173.0,220.0,220.0,175.0,199.5,0.016846167807081102,3,2
random,400,49,298,9.0,4.0,14.0,14.0,5.0,5.0,15.0,199.5,0.016846167807081102,3,2
random,400,49,299,274.0,327.0,342.0,344.0,329.0,329.0,301.0,199.5,0.016846167807081102,3,2
random,400,49,300,9.0,48.0,22.0,23.0,37.0,37.0,10.0,199.5,0.016846167807081102,3,2
random,400,49,301,214.0,232.0,208.0,212.0,236.0,236.0,231.0,199.5,0.016846167807081102,3,2
random,400,49,302,167.0,226.0,186.0,187.0,227.0,227.0,176.0,199.5,0.016846167807081102,3,2
random,400,49,303,381.0,368.0,388.0,388.0,371.0,371.0,389.0,199.5,0.016846167807081102,3,2
random,400,49,304,167.0,207.0,213.0,205.0,208.0,208.0,193.0,199.5,0.016846167807081102,3,2
random,400,49,305,326.0,319.0,353.0,355.0,320.0,320.0,356.0,199.5,0.016846167807081102,3,2
random,400,49,306,122.0,101.0,163.0,161.0,107.0,107.0,163.0,199.5,0.016846167807081102,3,2
random,400,49,307,44.0,71.0,41.0,42.0,66.0,66.0,55.0,199.5,0.016846167807081102,3,2
random,400,49,308,79.0,88.0,115.0,116.0,86.0,86.0,115.0,199.5,0.016846167807081102,3,2
random,400,49,309,167.0,177.0,221.0,222.0,177.0,177.0,198.0,199.5,0.016846167807081102,3,2
random,400,49,310,326.0,303.0,325.0,325.0,312.0,312.0,342.0,199.5,0.016846167807081102,3,2
random,400,49,311,326.0,367.0,340.0,337.0,364.0,364.0,328.0,199.5,0.016846167807081102,3,2
random,400,49,312,5.0,8.0,5.0,5.0,7.0,7.0,5.0,199.5,0.016846167807081102,3,2
random,400,49,313,214.0,174.0,284.0,291.0,179.0,179.0,263.0,199.5,0.016846167807081102,3,2
random,400,49,314,122.0,101.0,142.0,144.0,109.0,109.0,142.0,199.5,0.016846167807081102,3,2
random,400,49,315,326.0,349.0,333.0,332.0,349.0,349.0,344.0,199.5,0.016846167807081102,3,2
random,400,49,316,214.0,183.0,222.0,226.0,187.0,187.0,251.0,199.5,0.016846167807081102,3,2
random,400,49,317,274.0,238.0,292.0,288.0,246.0,246.0,317.0,199.5,0.016846167807081102,3,2
random,400,49,318,274.0,346.0,265.0,257.0,342.0,342.0,277.0,199.5,0.016846167807081102,3,2
random,400,49,319,214.0,329.0,252.0,243.0,321.0,321.0,216.0,199.5,0.016846167807081102,3,2
random,400,49,320,326.0,339.0,332.0,333.0,339.0,339.0,340.0,199.5,0.016846167807081102,3,2
random,400,49,321,44.0,18.0,60.0,62.0,24.0,24.0,71.0,199.5,0.016846167807081102,3,2
random,400,49,322,122.0,174.0,147.0,138.0,172.0,172.0,131.0,199.5,0.016846167807081102,3,2
random,400,49,323,79.0,68.0,111.0,119.0,77.0,77.0,117.0,199.5,0.016846167807081102,3,2
random,400,49,324,79.0,144.0,81.0,76.0,139.0,139.0,81.0,199.5,0.016846167807081102,3,2
random,400,49,325,398.0,398.0,398.0,398.0,398.0,398.0,399.0,199.5,0.016846167807081102,3,2
random,400,49,326,274.0,260.0,321.0,323.0,261.0,261.0,323.0,199.5,0.016846167807081102,3,2
random,400,49,327,15.0,7.0,26.0,27.0,9.0,9.0,26.0,199.5,0.016846167807081102,3,2
random,400,49,328,79.0,104.0,116.0,115.0,95.0,95.0,101.0,199.5,0.016846167807081102,3,2
random,400,49,329,5.0,6.0,6.0,6.0,6.0,6.0,6.0,199.5,0.016846167807081102,3,2
random,400,49,330,26.0,9.0,23.0,22.0,12.0,12.0,43.0,199.5,0.016846167807081102,3,2
random,400,49,331,79.0,120.0,78.0,74.0,116.0,116.0,87.0,199.5,0.016846167807081102,3,2
random,400,49,332,44.0,78.0,21.0,21.0,80.0,80.0,31.0,199.5,0.016846167807081102,3,2
random,400,49,333,44.0,43.0,54.0,52.0,50.0,50.0,51.0,199.5,0.016846167807081102,3,2
random,400,49,334,360.0,346.0,364.0,363.0,351.0,351.0,378.0,199.5,0.016846167807081102,3,2
random,400,49,335,360.0,337.0,361.0,362.0,347.0,347.0,372.0,199.5,0.016846167807081102,3,2
random,400,49,336,326.0,323.0,329.0,328.0,324.0,324.0,347.0,199.5,0.016846167807081102,3,2
random,400,49,337,326.0,357.0,357.0,357.0,355.0,355.0,333.0,199.5,0.016846167807081102,3,2
random,400,49,338,214.0,110.0,231.0,242.0,131.0,131.0,266.0,199.5,0.016846167807081102,3,2
random,400,49,339,26.0,94.0,27.0,26.0,81.0,81.0,28.0,199.5,0.016846167807081102,3,2
random,400,49,340,381.0,374.0,381.0,381.0,374.0,374.0,387.0,199.5,0.016846167807081102,3,2
random,400,49,341,381.0,391.0,383.0,383.0,391.0,391.0,381.0,199.5,0.016846167807081102,3,2
random,400,49,342,214.0,187.0,232.0,232.0,209.0,209.0,249.0,199.5,0.016846167807081102,3,2
random,400,49,343,214.0,113.0,242.0,251.0,136.0,136.0,274.0,199.5,0.016846167807081102,3,2
random,400,49,344,274.0,284.0,282.0,281.0,285.0,285.0,305.0,199.5,0.016846167807081102,3,2
random,400,49,345,214.0,162.0,173.0,178.0,171.0,171.0,226.0,199.5,0.016846167807081102,3,2
random,400,49,346,167.0,204.0,196.0,194.0,197.0,197.0,191.0,199.5,0.016846167807081102,3,2
random,400,49,347,15.0,19.0,20.0,19.0,18.0,18.0,23.0,199.5,0.016846167807081102,3,2
random,400,49,348,381.0,354.0,390.0,390.0,358.0,358.0,390.0,199.5,0.016846167807081102,3,2
random,400,49,349,167.0,287.0,146.0,137.0,274.0,274.0,167.0,199.5,0.016846167807081102,3,2
random,400,49,350,214.0,160.0,256.0,256.0,170.0,170.0,269.0,199.5,0.016846167807081102,3,2
random,400,49,351,167.0,129.0,171.0,172.0,140.0,140.0,199.0,199.5,0.016846167807081102,3,2
random,400,49,352,44.0,13.0,55.0,58.0,13.0,13.0,75.0,199.5,0.016846167807081102,3,2
random,400,49,353,381.0,365.0,385.0,386.0,367.0,367.0,388.0,199.5,0.016846167807081102,3,2
random,400,49,354,167.0,187.0,214.0,218.0,182.0,182.0,196.0,199.5,0.016846167807081102,3,2
random,400,49,355,167.0,292.0,156.0,156.0,275.0,275.0,168.0,199.5,0.016846167807081102,3,2
random,400,49,356,79.0,59.0,121.0,125.0,67.0,67.0,118.0,199.5,0.016846167807081102,3,2
random,400,49,357,15.0,28.0,25.0,25.0,25.0,25.0,24.0,199.5,0.016846167807081102,3,2
random,400,49,358,122.0,96.0,108.0,111.0,104.0,104.0,148.0,199.5,0.016846167807081102,3,2
random,400,49,359,44.0,20.0,45.0,46.0,28.0,28.0,63.0,199.5,0.016846167807081102,3,2
random,400,49,360,167.0,123.0,202.0,216.0,143.0,143.0,208.0,199.5,0.016846167807081102,3,2
random,400,49,361,326.0,326.0,335.0,334.0,328.0,328.0,345.0,199.5,0.016846167807081102,3,2
random,400,49,362,167.0,157.0,215.0,210.0,161.0,161.0,207.0,199.5,0.016846167807081102,3,2
random,400,49,363,167.0,177.0,206.0,203.0,177.0,177.0,192.0,199.5,0.016846167807081102,3,2
random,400,49,364,15.0,24.0,16.0,16.0,20.0,20.0,18.0,199.5,0.016846167807081102,3,2
random,400,49,365,26.0,26.0,47.0,49.0,30.0,30.0,41.0,199.5,0.016846167807081102,3,2
random,400,49,366,9.0,25.0,24.0,24.0,22.0,22.0,13.0,199.5,0.016846167807081102,3,2
random,400,49,367,79.0,113.0,88.0,89.0,112.0,112.0,96.0,199.5,0.016846167807081102,3,2
random,400,49,368,122.0,48.0,86.0,87.0,72.0,72.0,154.0,199.5,0.016846167807081102,3,2
random,400,49,369,214.0,170.0,172.0,169.0,174.0,174.0,236.0,199.5,0.016846167807081102,3,2
random,400,49,370,274.0,300.0,319.0,319.0,302.0,302.0,298.0,199.5,0.016846167807081102,3,2
random,400,49,371,5.0,12.0,18.0,18.0,10.0,10.0,8.0,199.5,0.016846167807081102,3,2
random,400,49,372,214.0,174.0,260.0,262.0,180.0,180.0,270.0,199.5,0.016846167807081102,3,2
random,400,49,373,274.0,266.0,291.0,289.0,276.0,276.0,300.0,199.5,0.016846167807081102,3,2
random,400,49,374,214.0,213.0,270.0,271.0,217.0,217.0,258.0,199.5,0.016846167807081102,3,2
random,400,49,375,44.0,71.0,57.0,56.0,69.0,69.0,58.0,199.5,0.016846167807081102,3,2
random,400,49,376,167.0,187.0,168.0,163.0,182.0,182.0,186.0,199.5,0.016846167807081102,3,2
random,400,49,377,122.0,153.0,164.0,166.0,156.0,156.0,140.0,199.5,0.016846167807081102,3,2
random,400,49,378,326.0,313.0,360.0,361.0,316.0,316.0,359.0,199.5,0.016846167807081102,3,2
random,400,49,379,274.0,306.0,249.0,244.0,309.0,309.0,278.0,199.5,0.016846167807081102,3,2
random,400,49,380,167.0,244.0,209.0,215.0,242.0,242.0,180.0,199.5,0.016846167807081102,3,2
random,400,49,381,122.0,198.0,124.0,124.0,195.0,195.0,124.0,199.5,0.016846167807081102,3,2
random,400,49,382,9.0,39.0,9.0,8.0,29.0,29.0,9.0,199.5,0.016846167807081102,3,2
random,400,49,383,167.0,198.0,243.0,239.0,193.0,193.0,206.0,199.5,0.016846167807081102,3,2
random,400,49,384,26.0,35.0,38.0,38.0,32.0,32.0,40.0,199.5,0.016846167807081102,3,2
random,400,49,385,44.0,51.0,46.0,47.0,59.0,59.0,52.0,199.5,0.016846167807081102,3,2
random,400,49,386,274.0,292.0,328.0,329.0,294.0,294.0,315.0,199.5,0.016846167807081102,3,2
random,400,49,387,214.0,292.0,212.0,204.0,289.0,289.0,221.0,199.5,0.016846167807081102,3,2
random,400,49,388,214.0,275.0,259.0,260.0,267.0,267.0,240.0,199.5,0.016846167807081102,3,2
random,400,49,389,214.0,268.0,275.0,274.0,268.0,268.0,232.0,199.5,0.016846167807081102,3,2
random,400,49,390,122.0,145.0,153.0,158.0,145.0,145.0,141.0,199.5,0.016846167807081102,3,2
random,400,49,391,360.0,384.0,382.0,382.0,384.0,384.0,369.0,199.5,0.016846167807081102,3,2
random,400,49,392,122.0,183.0,139.0,136.0,173.0,173.0,130.0,199.5,0.016846167807081102,3,2
random,400,49,393,122.0,204.0,148.0,159.0,184.0,184.0,134.0,199.5,0.016846167807081102,3,2
random,400,49,394,326.0,343.0,336.0,339.0,348.0,348.0,332.0,199.5,0.016846167807081102,3,2
random,400,49,395,274.0,315.0,280.0,280.0,314.0,314.0,284.0,199.5,0.016846167807081102,3,2
random,400,49,396,167.0,183.0,230.0,229.0,185.0,185.0,204.0,199.5,0.016846167807081102,3,2
random,400,49,397,44.0,67.0,19.0,20.0,62.0,62.0,47.0,199.5,0.016846167807081102,3,2
random,400,49,398,214.0,180.0,237.0,238.0,187.0,187.0,255.0,199.5,0.016846167807081102,3,2
random,400,49,399,274.0,346.0,241.0,233.0,346.0,346.0,275.0,199.5,0.016846167807081102,3,2
random,400,50,0,41.0,105.0,44.0,41.0,90.0,90.0,43.0,199.5,0.02242992016153779,3,1
random,400,50,1,286.0,349.0,307.0,313.0,346.0,346.0,290.0,199.5,0.02242992016153779,3,1
random,400,50,2,286.0,301.0,360.0,362.0,300.0,300.0,335.0,199.5,0.02242992016153779,3,1
random,400,50,3,373.0,382.0,378.0,380.0,381.0,381.0,379.0,199.5,0.02242992016153779,3,1
random,400,50,4,17.0,40.0,27.0,23.0,42.0,42.0,24.0,199.5,0.02242992016153779,3,1
random,400,50,5,41.0,59.0,42.0,43.0,54.0,54.0,47.0,199.5,0.02242992016153779,3,1
random,400,50,6,160.0,214.0,214.0,216.0,205.0,205.0,202.0,199.5,0.02242992016153779,3,1
random,400,50,7,339.0,332.0,377.0,377.0,337.0,337.0,369.0,199.5,0.02242992016153779,3,1
random,400,50,8,373.0,374.0,385.0,385.0,375.0,375.0,386.0,199.5,0.02242992016153779,3,1
random,400,50,9,339.0,394.0,370.0,370.0,393.0,393.0,339.0,199.5,0.02242992016153779,3,1
random,400,50,10,61.0,67.0,48.0,48.0,65.0,65.0,73.0,199.5,0.02242992016153779,3,1
random,400,50,11,226.0,226.0,280.0,280.0,229.0,229.0,275.0,199.5,0.02242992016153779,3,1
random,400,50,12,286.0,276.0,317.0,318.0,287.0,287.0,323.0,199.5,0.02242992016153779,3,1
random,400,50,13,286.0,347.0,283.0,277.0,347.0,347.0,287.0,199.5,0.02242992016153779,3,1
random,400,50,14,286.0,317.0,293.0,292.0,315.0,315.0,311.0,199.5,0.02242992016153779,3,1
random,400,50,15,339.0,371.0,363.0,363.0,371.0,371.0,351.0,199.5,0.02242992016153779,3,1
random,400,50,16,100.0,214.0,141.0,140.0,202.0,202.0,115.0,199.5,0.02242992016153779,3,1
random,400,50,17,100.0,45.0,126.0,128.0,53.0,53.0,159.0,199.5,0.02242992016153779,3,1
random,400,50,18,373.0,387.0,369.0,369.0,387.0,387.0,374.0,199.5,0.02242992016153779,3,1
random,400,50,19,100.0,125.0,110.0,108.0,128.0,128.0,122.0,199.5,0.02242992016153779,3,1
random,400,50,20,286.0,352.0,349.0,349.0,345.0,345.0,305.0,199.5,0.02242992016153779,3,1
random,400,50,21,17.0,27.0,45.0,46.0,26.0,26.0,38.0,199.5,0.02242992016153779,3,1
random,400,50,22,100.0,97.0,177.0,181.0,103.0,103.0,150.0,199.5,0.02242992016153779,3,1
random,400,50,23,160.0,168.0,182.0,180.0,170.0,170.0,218.0,199.5,0.02242992016153779,3,1
random,400,50,24,286.0,293.0,314.0,315.0,293.0,293.0,321.0,199.5,0.02242992016153779,3,1
random,400,50,25,398.0,396.0,398.0,398.0,396.0,396.0,398.0,199.5,0.02242992016153779,3,1
random,400,50,26,286.0,337.0,344.0,343.0,336.0,336.0,298.0,199.5,0.02242992016153779,3,1
random,400,50,27,160.0,195.0,215.0,214.0,203.0,203.0,196.0,199.5,0.02242992016153779,3,1
random,400,50,28,160.0,138.0,172.0,178.0,137.0,137.0,191.0,199.5,0.02242992016153779,3,1
random,400,50,29,160.0,290.0,179.0,174.0,277.0,277.0,163.0,199.5,0.02242992016153779,3,1
random,400,50,30,286.0,314.0,319.0,317.0,319.0,319.0,299.0,199.5,0.02242992016153779,3,1
random,400,50,31,41.0,59.0,72.0,75.0,55.0,55.0,58.0,199.5,0.02242992016153779,3,1
random,400,50,32,286.0,352.0,297.0,295.0,344.0,344.0,297.0,199.5,0.02242992016153779,3,1
random,400,50,33,100.0,198.0,105.0,100.0,190.0,190.0,100.0,199.5,0.02242992016153779,3,1
random,400,50,34,286.0,337.0,337.0,342.0,333.0,333.0,320.0,199.5,0.02242992016153779,3,1
random,400,50,35,61.0,121.0,86.0,86.0,110.0,110.0,71.0,199.5,0.02242992016153779,3,1
random,400,50,36,286.0,285.0,322.0,326.0,295.0,295.0,330.0,199.5,0.02242992016153779,3,1
random,400,50,37,226.0,267.0,247.0,252.0,265.0,265.0,254.0,199.5,0.02242992016153779,3,1
random,400,50,38,286.0,293.0,326.0,322.0,299.0,299.0,319.0,199.5,0.02242992016153779,3,1
random,400,50,39,100.0,145.0,100.0,106.0,141.0,141.0,110.0,199.5,0.02242992016153779,3,1
random,400,50,40,100.0,152.0,137.0,135.0,138.0,138.0,128.0,199.5,0.02242992016153779,3,1
random,400,50,41,226.0,218.0,255.0,249.0,227.0,227.0,263.0,199.5,0.02242992016153779,3,1
random,400,50,42,100.0,99.0,151.0,153.0,102.0,102.0,149.0,199.5,0.02242992016153779,3,1
random,400,50,43,226.0,142.0,261.0,267.0,154.0,154.0,283.0,199.5,0.02242992016153779,3,1
random,400,50,44,373.0,376.0,380.0,379.0,378.0,378.0,383.0,199.5,0.02242992016153779,3,1
random,400,50,45,160.0,110.0,199.0,202.0,127.0,127.0,224.0,199.5,0.02242992016153779,3,1
random,400,50,46,17.0,43.0,50.0,55.0,36.0,36.0,37.0,199.5,0.02242992016153779,3,1
random,400,50,47,11.0,47.0,14.0,14.0,39.0,39.0,12.0,199.5,0.02242992016153779,3,1
random,400,50,48,373.0,392.0,371.0,371.0,392.0,392.0,373.0,199.5,0.02242992016153779,3,1
random,400,50,49,226.0,307.0,274.0,270.0,297.0,297.0,238.0,199.5,0.02242992016153779,3,1
random,400,50,50,17.0,19.0,15.0,15.0,18.0,18.0,21.0,199.5,0.02242992016153779,3,1
random,400,50,51,61.0,121.0,62.0,61.0,114.0,114.0,62.0,199.5,0.02242992016153779,3,1
random,400,50,52,17.0,33.0,34.0,39.0,33.0,33.0,32.0,199.5,0.02242992016153779,3,1
random,400,50,53,100.0,248.0,113.0,109.0,234.0,234.0,101.0,199.5,0.02242992016153779,3,1
random,400,50,54,226.0,198.0,299.0,307.0,215.0,215.0,280.0,199.5,0.02242992016153779,3,1
random,400,50,55,61.0,66.0,49.0,49.0,60.0,60.0,77.0,199.5,0.02242992016153779,3,1
random,400,50,56,339.0,335.0,359.0,359.0,341.0,341.0,362.0,199.5,0.02242992016153779,3,1
random,400,50,57,373.0,365.0,390.0,389.0,367.0,367.0,384.0,199.5,0.02242992016153779,3,1
random,400,50,58,160.0,191.0,217.0,219.0,194.0,194.0,214.0,199.5,0.02242992016153779,3,1
random,400,50,59,11.0,30.0,12.0,13.0,30.0,30.0,11.0,199.5,0.02242992016153779,3,1
random,400,50,60,286.0,358.0,309.0,305.0,355.0,355.0,293.0,199.5,0.02242992016153779,3,1
random,400,50,61,100.0,193.0,131.0,130.0,188.0,188.0,105.0,199.5,0.02242992016153779,3,1
random,400,50,62,61.0,62.0,88.0,97.0,60.0,60.0,93.0,199.5,0.02242992016153779,3,1
random,400,50,63,5.0,2.0,8.0,8.0,3.0,3.0,5.0,199.5,0.02242992016153779,3,1
random,400,50,64,286.0,260.0,294.0,300.0,267.0,267.0,322.0,199.5,0.02242992016153779,3,1
random,400,50,65,100.0,113.0,99.0,107.0,112.0,112.0,121.0,199.5,0.02242992016153779,3,1
random,400,50,66,17.0,15.0,30.0,31.0,16.0,16.0,35.0,199.5,0.02242992016153779,3,1
random,400,50,67,17.0,54.0,29.0,29.0,47.0,47.0,26.0,199.5,0.02242992016153779,3,1
random,400,50,68,61.0,88.0,89.0,92.0,89.0,89.0,87.0,199.5,0.02242992016153779,3,1
random,400,50,69,226.0,262.0,267.0,264.0,263.0,263.0,265.0,199.5,0.02242992016153779,3,1
random,400,50,70,61.0,33.0,55.0,54.0,41.0,41.0,91.0,199.5,0.02242992016153779,3,1
random,400,50,71,100.0,92.0,130.0,131.0,105.0,105.0,142.0,199.5,0.02242992016153779,3,1
random,400,50,72,399.0,400.0,399.0,399.0,400.0,400.0,399.0,199.5,0.02242992016153779,3,1
random,400,50,73,339.0,262.0,366.0,366.0,282.0,282.0,372.0,199.5,0.02242992016153779,3,1
random,400,50,74,226.0,243.0,251.0,258.0,250.0,250.0,250.0,199.5,0.02242992016153779,3,1
random,400,50,75,160.0,145.0,193.0,194.0,150.0,150.0,221.0,199.5,0.02242992016153779,3,1
random,400,50,76,160.0,161.0,219.0,221.0,176.0,176.0,215.0,199.5,0.02242992016153779,3,1
random,400,50,77,226.0,272.0,281.0,283.0,264.0,264.0,267.0,199.5,0.02242992016153779,3,1
random,400,50,78,61.0,76.0,111.0,113.0,79.0,79.0,96.0,199.5,0.02242992016153779,3,1
random,400,50,79,160.0,142.0,146.0,144.0,144.0,144.0,189.0,199.5,0.02242992016153779,3,1
random,400,50,80,339.0,356.0,332.0,330.0,357.0,357.0,347.0,199.5,0.02242992016153779,3,1
random,400,50,81,61.0,180.0,103.0,94.0,159.0,159.0,65.0,199.5,0.02242992016153779,3,1
random,400,50,82,41.0,96.0,19.0,19.0,87.0,87.0,42.0,199.5,0.02242992016153779,3,1
random,400,50,83,100.0,161.0,91.0,87.0,157.0,157.0,107.0,199.5,0.02242992016153779,3,1
random,400,50,84,41.0,50.0,54.0,56.0,49.0,49.0,53.0,199.5,0.02242992016153779,3,1
random,400,50,85,226.0,251.0,225.0,225.0,251.0,251.0,251.0,199.5,0.02242992016153779,3,1
random,400,50,86,286.0,344.0,300.0,297.0,343.0,343.0,289.0,199.5,0.02242992016153779,3,1
random,400,50,87,392.0,385.0,392.0,391.0,388.0,388.0,396.0,199.5,0.02242992016153779,3,1
random,400,50,88,160.0,237.0,230.0,224.0,239.0,239.0,180.0,199.5,0.02242992016153779,3,1
random,400,50,89,286.0,220.0,312.0,306.0,237.0,237.0,333.0,199.5,0.02242992016153779,3,1
random,400,50,90,61.0,17.0,71.0,72.0,20.0,20.0,99.0,199.5,0.02242992016153779,3,1
random,400,50,91,160.0,142.0,205.0,206.0,145.0,145.0,213.0,199.5,0.02242992016153779,3,1
random,400,50,92,61.0,183.0,98.0,96.0,163.0,163.0,68.0,199.5,0.02242992016153779,3,1
random,400,50,93,160.0,171.0,208.0,205.0,180.0,180.0,197.0,199.5,0.02242992016153779,3,1
random,400,50,94,226.0,226.0,244.0,253.0,236.0,236.0,257.0,199.5,0.02242992016153779,3,1
random,400,50,95,41.0,47.0,51.0,47.0,48.0,48.0,49.0,199.5,0.02242992016153779,3,1
random,400,50,96,100.0,62.0,140.0,148.0,68.0,68.0,160.0,199.5,0.02242992016153779,3,1
random,400,50,97,17.0,17.0,23.0,26.0,19.0,19.0,28.0,199.5,0.02242992016153779,3,1
random,400,50,98,61.0,70.0,106.0,102.0,70.0,70.0,85.0,199.5,0.02242992016153779,3,1
random,400,50,99,286.0,335.0,302.0,301.0,335.0,335.0,292.0,199.5,0.02242992016153779,3,1
random,400,50,100,160.0,135.0,164.0,159.0,139.0,139.0,194.0,199.5,0.02242992016153779,3,1
random,400,50,101,226.0,266.0,276.0,278.0,262.0,262.0,261.0,199.5,0.02242992016153779,3,1
random,400,50,102,286.0,297.0,313.0,314.0,301.0,301.0,325.0,199.5,0.02242992016153779,3,1
random,400,50,103,100.0,88.0,136.0,134.0,94.0,94.0,146.0,199.5,0.02242992016153779,3,1
random,400,50,104,61.0,105.0,93.0,101.0,100.0,100.0,75.0,199.5,0.02242992016153779,3,1
random,400,50,105,286.0,278.0,306.0,309.0,277.0,277.0,331.0,199.5,0.02242992016153779,3,1
random,400,50,106,339.0,337.0,315.0,310.0,341.0,341.0,353.0,199.5,0.02242992016153779,3,1
random,400,50,107,100.0,99.0,85.0,80.0,106.0,106.0,106.0,199.5,0.02242992016153779,3,1
random,400,50,108,373.0,322.0,389.0,390.0,332.0,332.0,391.0,199.5,0.02242992016153779,3,1
random,400,50,109,160.0,249.0,189.0,195.0,238.0,238.0,183.0,199.5,0.02242992016153779,3,1
random,400,50,110,100.0,73.0,123.0,118.0,82.0,82.0,154.0,199.5,0.02242992016153779,3,1
random,400,50,111,100.0,185.0,132.0,129.0,174.0,174.0,123.0,199.5,0.02242992016153779,3,1
random,400,50,112,286.0,233.0,318.0,323.0,248.0,248.0,337.0,199.5,0.02242992016153779,3,1
random,400,50,113,226.0,139.0,264.0,269.0,145.0,145.0,281.0,199.5,0.02242992016153779,3,1
random,400,50,114,226.0,173.0,206.0,208.0,192.0,192.0,264.0,199.5,0.02242992016153779,3,1
random,400,50,115,226.0,274.0,236.0,232.0,270.0,270.0,237.0,199.5,0.02242992016153779,3,1
random,400,50,116,100.0,59.0,87.0,84.0,71.0,71.0,141.0,199.5,0.02242992016153779,3,1
random,400,50,117,61.0,113.0,129.0,132.0,108.0,108.0,88.0,199.5,0.02242992016153779,3,1
random,400,50,118,61.0,62.0,66.0,66.0,66.0,66.0,72.0,199.5,0.02242992016153779,3,1
random,400,50,119,100.0,117.0,107.0,105.0,124.0,124.0,118.0,199.5,0.02242992016153779,3,1
random,400,50,120,373.0,362.0,386.0,387.0,364.0,364.0,388.0,199.5,0.02242992016153779,3,1
random,400,50,121,226.0,307.0,290.0,293.0,292.0,292.0,258.0,199.5,0.02242992016153779,3,1
random,400,50,122,2.0,14.0,4.0,3.0,7.0,7.0,2.0,199.5,0.02242992016153779,3,1
random,400,50,123,160.0,198.0,166.0,162.0,204.0,204.0,165.0,199.5,0.02242992016153779,3,1
random,400,50,124,17.0,36.0,22.0,21.0,38.0,38.0,22.0,199.5,0.02242992016153779,3,1
random,400,50,125,160.0,297.0,266.0,268.0,284.0,284.0,181.0,199.5,0.02242992016153779,3,1
random,400,50,126,17.0,83.0,18.0,17.0,67.0,67.0,17.0,199.5,0.02242992016153779,3,1
random,400,50,127,339.0,290.0,350.0,351.0,307.0,307.0,370.0,199.5,0.02242992016153779,3,1
random,400,50,128,373.0,370.0,381.0,384.0,372.0,372.0,382.0,199.5,0.02242992016153779,3,1
random,400,50,129,41.0,189.0,46.0,45.0,156.0,156.0,41.0,199.5,0.02242992016153779,3,1
random,400,50,130,160.0,208.0,185.0,183.0,207.0,207.0,174.0,199.5,0.02242992016153779,3,1
random,400,50,131,286.0,355.0,335.0,329.0,351.0,351.0,296.0,199.5,0.02242992016153779,3,1
random,400,50,132,226.0,185.0,223.0,228.0,200.0,200.0,269.0,199.5,0.02242992016153779,3,1
random,400,50,133,100.0,91.0,125.0,127.0,96.0,96.0,143.0,199.5,0.02242992016153779,3,1
random,400,50,134,160.0,228.0,149.0,139.0,222.0,222.0,170.0,199.5,0.02242992016153779,3,1
random,400,50,135,100.0,164.0,144.0,141.0,164.0,164.0,125.0,199.5,0.02242992016153779,3,1
random,400,50,136,100.0,99.0,163.0,176.0,104.0,104.0,158.0,199.5,0.02242992016153779,3,1
random,400,50,137,339.0,337.0,353.0,354.0,340.0,340.0,367.0,199.5,0.02242992016153779,3,1
random,400,50,138,226.0,332.0,265.0,255.0,327.0,327.0,230.0,199.5,0.02242992016153779,3,1
random,400,50,139,226.0,258.0,252.0,250.0,254.0,254.0,266.0,199.5,0.02242992016153779,3,1
random,400,50,140,339.0,387.0,339.0,337.0,385.0,385.0,340.0,199.5,0.02242992016153779,3,1
random,400,50,141,226.0,154.0,301.0,311.0,169.0,169.0,285.0,199.5,0.02242992016153779,3,1
random,400,50,142,100.0,90.0,148.0,163.0,95.0,95.0,157.0,199.5,0.02242992016153779,3,1
random,400,50,143,17.0,23.0,35.0,38.0,24.0,24.0,36.0,199.5,0.02242992016153779,3,1
random,400,50,144,100.0,81.0,115.0,115.0,88.0,88.0,147.0,199.5,0.02242992016153779,3,1
random,400,50,145,100.0,131.0,104.0,90.0,130.0,130.0,112.0,199.5,0.02242992016153779,3,1
random,400,50,146,160.0,185.0,197.0,197.0,184.0,184.0,200.0,199.5,0.02242992016153779,3,1
random,400,50,147,160.0,141.0,198.0,199.0,150.0,150.0,212.0,199.5,0.02242992016153779,3,1
random,400,50,148,100.0,154.0,150.0,152.0,149.0,149.0,129.0,199.5,0.02242992016153779,3,1
random,400,50,149,160.0,191.0,178.0,172.0,196.0,196.0,179.0,199.5,0.02242992016153779,3,1
random,400,50,150,160.0,237.0,174.0,171.0,231.0,231.0,167.0,199.5,0.02242992016153779,3,1
random,400,50,151,286.0,312.0,296.0,296.0,317.0,317.0,302.0,199.5,0.02242992016153779,3,1
random,400,50,152,399.0,399.0,399.0,399.0,399.0,399.0,400.0,199.5,0.02242992016153779,3,1
random,400,50,153,226.0,312.0,238.0,229.0,314.0,314.0,228.0,199.5,0.02242992016153779,3,1
random,400,50,154,226.0,203.0,203.0,203.0,212.0,212.0,252.0,199.5,0.02242992016153779,3,1
random,400,50,155,100.0,208.0,101.0,103.0,187.0,187.0,102.0,199.5,0.02242992016153779,3,1
random,400,50,156,100.0,110.0,134.0,133.0,115.0,115.0,138.0,199.5,0.02242992016153779,3,1
random,400,50,157,160.0,168.0,161.0,155.0,179.0,179.0,187.0,199.5,0.02242992016153779,3,1
random,400,50,158,226.0,301.0,242.0,243.0,290.0,290.0,239.0,199.5,0.02242992016153779,3,1
random,400,50,159,160.0,233.0,260.0,260.0,232.0,232.0,209.0,199.5,0.02242992016153779,3,1
random,400,50,160,11.0,8.0,10.0,10.0,9.0,9.0,14.0,199.5,0.02242992016153779,3,1
random,400,50,161,160.0,280.0,240.0,246.0,266.0,266.0,184.0,199.5,0.02242992016153779,3,1
random,400,50,162,226.0,235.0,269.0,266.0,233.0,233.0,268.0,199.5,0.02242992016153779,3,1
random,400,50,163,226.0,256.0,330.0,333.0,261.0,261.0,271.0,199.5,0.02242992016153779,3,1
random,400,50,164,286.0,320.0,303.0,299.0,321.0,321.0,300.0,199.5,0.02242992016153779,3,1
random,400,50,165,226.0,211.0,233.0,237.0,220.0,220.0,262.0,199.5,0.02242992016153779,3,1
random,400,50,166,61.0,45.0,78.0,79.0,51.0,51.0,98.0,199.5,0.02242992016153779,3,1
random,400,50,167,286.0,328.0,325.0,324.0,324.0,324.0,303.0,199.5,0.02242992016153779,3,1
random,400,50,168,339.0,334.0,354.0,353.0,337.0,337.0,364.0,199.5,0.02242992016153779,3,1
random,400,50,169,286.0,361.0,286.0,279.0,358.0,358.0,288.0,199.5,0.02242992016153779,3,1
random,400,50,170,11.0,7.0,11.0,11.0,8.0,8.0,15.0,199.5,0.02242992016153779,3,1
random,400,50,171,17.0,116.0,28.0,25.0,92.0,92.0,18.0,199.5,0.02242992016153779,3,1
random,400,50,172,286.0,324.0,345.0,344.0,326.0,326.0,314.0,199.5,0.02242992016153779,3,1
random,400,50,173,100.0,113.0,145.0,145.0,116.0,116.0,148.0,199.5,0.02242992016153779,3,1
random,400,50,174,41.0,25.0,53.0,51.0,29.0,29.0,54.0,199.5,0.02242992016153779,3,1
random,400,50,175,286.0,273.0,291.0,291.0,286.0,286.0,308.0,199.5,0.02242992016153779,3,1
random,400,50,176,61.0,73.0,96.0,93.0,77.0,77.0,86.0,199.5,0.02242992016153779,3,1
random,400,50,177,226.0,282.0,229.0,227.0,276.0,276.0,233.0,199.5,0.02242992016153779,3,1
random,400,50,178,226.0,177.0,287.0,290.0,195.0,195.0,282.0,199.5,0.02242992016153779,3,1
random,400,50,179,61.0,67.0,65.0,64.0,69.0,69.0,74.0,199.5,0.02242992016153779,3,1
random,400,50,180,160.0,148.0,194.0,191.0,158.0,158.0,211.0,199.5,0.02242992016153779,3,1
random,400,50,181,6.0,4.0,6.0,6.0,5.0,5.0,8.0,199.5,0.02242992016153779,3,1
random,400,50,182,61.0,129.0,81.0,82.0,120.0,120.0,70.0,199.5,0.02242992016153779,3,1
random,400,50,183,100.0,189.0,147.0,146.0,178.0,178.0,136.0,199.5,0.02242992016153779,3,1
random,400,50,184,339.0,368.0,329.0,332.0,365.0,365.0,344.0,199.5,0.02242992016153779,3,1
random,400,50,185,226.0,258.0,262.0,263.0,256.0,256.0,259.0,199.5,0.02242992016153779,3,1
random,400,50,186,226.0,274.0,246.0,248.0,272.0,272.0,236.0,199.5,0.02242992016153779,3,1
random,400,50,187,373.0,371.0,376.0,373.0,373.0,373.0,381.0,199.5,0.02242992016153779,3,1
random,400,50,188,286.0,319.0,310.0,312.0,320.0,320.0,312.0,199.5,0.02242992016153779,3,1
random,400,50,189,100.0,97.0,117.0,114.0,106.0,106.0,127.0,199.5,0.02242992016153779,3,1
random,400,50,190,373.0,364.0,382.0,381.0,370.0,370.0,380.0,199.5,0.02242992016153779,3,1
random,400,50,191,226.0,314.0,257.0,247.0,311.0,311.0,232.0,199.5,0.02242992016153779,3,1
random,400,50,192,339.0,349.0,365.0,364.0,354.0,354.0,358.0,199.5,0.02242992016153779,3,1
random,400,50,193,226.0,214.0,226.0,233.0,218.0,218.0,270.0,199.5,0.02242992016153779,3,1
random,400,50,194,339.0,287.0,368.0,368.0,298.0,298.0,371.0,199.5,0.02242992016153779,3,1
random,400,50,195,61.0,129.0,76.0,76.0,118.0,118.0,79.0,199.5,0.02242992016153779,3,1
random,400,50,196,41.0,36.0,57.0,52.0,43.0,43.0,57.0,199.5,0.02242992016153779,3,1
random,400,50,197,226.0,254.0,204.0,204.0,252.0,252.0,235.0,199.5,0.02242992016153779,3,1
random,400,50,198,100.0,76.0,94.0,95.0,84.0,84.0,131.0,199.5,0.02242992016153779,3,1
random,400,50,199,41.0,67.0,43.0,42.0,59.0,59.0,46.0,199.5,0.02242992016153779,3,1
random,400,50,200,339.0,331.0,324.0,331.0,334.0,334.0,355.0,199.5,0.02242992016153779,3,1
random,400,50,201,61.0,73.0,119.0,121.0,76.0,76.0,95.0,199.5,0.02242992016153779,3,1
random,400,50,202,61.0,76.0,102.0,104.0,81.0,81.0,89.0,199.5,0.02242992016153779,3,1
random,400,50,203,160.0,203.0,241.0,240.0,209.0,209.0,205.0,199.5,0.02242992016153779,3,1
random,400,50,204,160.0,230.0,273.0,276.0,225.0,225.0,219.0,199.5,0.02242992016153779,3,1
random,400,50,205,160.0,151.0,188.0,189.0,160.0,160.0,201.0,199.5,0.02242992016153779,3,1
random,400,50,206,392.0,389.0,396.0,396.0,390.0,390.0,397.0,199.5,0.02242992016153779,3,1
random,400,50,207,100.0,92.0,114.0,119.0,98.0,98.0,145.0,199.5,0.02242992016153779,3,1
random,400,50,208,286.0,293.0,342.0,340.0,304.0,304.0,327.0,199.5,0.02242992016153779,3,1
random,400,50,209,61.0,57.0,70.0,70.0,62.0,62.0,80.0,199.5,0.02242992016153779,3,1
random,400,50,210,392.0,392.0,395.0,395.0,394.0,394.0,394.0,199.5,0.02242992016153779,3,1
random,400,50,211,226.0,280.0,256.0,257.0,281.0,281.0,244.0,199.5,0.02242992016153779,3,1
random,400,50,212,226.0,242.0,239.0,239.0,245.0,245.0,253.0,199.5,0.02242992016153779,3,1
random,400,50,213,100.0,154.0,118.0,116.0,155.0,155.0,109.0,199.5,0.02242992016153779,3,1
random,400,50,214,160.0,154.0,250.0,261.0,165.0,165.0,222.0,199.5,0.02242992016153779,3,1
random,400,50,215,160.0,346.0,168.0,160.0,331.0,331.0,151.0,199.5,0.02242992016153779,3,1
random,400,50,216,61.0,83.0,75.0,71.0,80.0,80.0,78.0,199.5,0.02242992016153779,3,1
random,400,50,217,17.0,31.0,38.0,33.0,28.0,28.0,31.0,199.5,0.02242992016153779,3,1
random,400,50,218,226.0,128.0,271.0,275.0,135.0,135.0,284.0,199.5,0.02242992016153779,3,1
random,400,50,219,226.0,135.0,157.0,161.0,148.0,148.0,256.0,199.5,0.02242992016153779,3,1
random,400,50,220,286.0,342.0,305.0,302.0,339.0,339.0,295.0,199.5,0.02242992016153779,3,1
random,400,50,221,41.0,62.0,63.0,63.0,58.0,58.0,52.0,199.5,0.02242992016153779,3,1
random,400,50,222,226.0,322.0,248.0,241.0,318.0,318.0,231.0,199.5,0.02242992016153779,3,1
random,400,50,223,286.0,287.0,327.0,321.0,296.0,296.0,326.0,199.5,0.02242992016153779,3,1
random,400,50,224,226.0,329.0,259.0,259.0,322.0,322.0,229.0,199.5,0.02242992016153779,3,1
random,400,50,225,226.0,278.0,285.0,288.0,275.0,275.0,241.0,199.5,0.02242992016153779,3,1
random,400,50,226,339.0,368.0,361.0,358.0,368.0,368.0,352.0,199.5,0.02242992016153779,3,1
random,400,50,227,6.0,22.0,21.0,24.0,17.0,17.0,10.0,199.5,0.02242992016153779,3,1
random,400,50,228,61.0,76.0,82.0,81.0,83.0,83.0,66.0,199.5,0.02242992016153779,3,1
random,400,50,229,41.0,50.0,58.0,59.0,50.0,50.0,55.0,199.5,0.02242992016153779,3,1
random,400,50,230,100.0,125.0,127.0,126.0,129.0,129.0,133.0,199.5,0.02242992016153779,3,1
random,400,50,231,61.0,49.0,68.0,68.0,56.0,56.0,82.0,199.5,0.02242992016153779,3,1
random,400,50,232,17.0,25.0,33.0,37.0,25.0,25.0,33.0,199.5,0.02242992016153779,3,1
random,400,50,233,226.0,287.0,243.0,245.0,285.0,285.0,246.0,199.5,0.02242992016153779,3,1
random,400,50,234,160.0,180.0,232.0,235.0,191.0,191.0,216.0,199.5,0.02242992016153779,3,1
random,400,50,235,339.0,377.0,351.0,346.0,374.0,374.0,343.0,199.5,0.02242992016153779,3,1
random,400,50,236,286.0,301.0,331.0,328.0,305.0,305.0,318.0,199.5,0.02242992016153779,3,1
random,400,50,237,100.0,117.0,95.0,91.0,122.0,122.0,120.0,199.5,0.02242992016153779,3,1
random,400,50,238,100.0,145.0,142.0,143.0,134.0,134.0,132.0,199.5,0.02242992016153779,3,1
random,400,50,239,160.0,282.0,220.0,215.0,271.0,271.0,166.0,199.5,0.02242992016153779,3,1
random,400,50,240,226.0,260.0,275.0,274.0,258.0,258.0,260.0,199.5,0.02242992016153779,3,1
random,400,50,241,100.0,117.0,138.0,142.0,125.0,125.0,137.0,199.5,0.02242992016153779,3,1
random,400,50,242,286.0,290.0,289.0,287.0,294.0,294.0,301.0,199.5,0.02242992016153779,3,1
random,400,50,243,226.0,183.0,258.0,262.0,197.0,197.0,274.0,199.5,0.02242992016153779,3,1
random,400,50,244,17.0,19.0,16.0,18.0,20.0,20.0,23.0,199.5,0.02242992016153779,3,1
random,400,50,245,339.0,380.0,347.0,347.0,376.0,376.0,345.0,199.5,0.02242992016153779,3,1
random,400,50,246,17.0,15.0,13.0,12.0,15.0,15.0,25.0,199.5,0.02242992016153779,3,1
random,400,50,247,286.0,304.0,334.0,336.0,309.0,309.0,324.0,199.5,0.02242992016153779,3,1
random,400,50,248,17.0,10.0,39.0,44.0,13.0,13.0,40.0,199.5,0.02242992016153779,3,1
random,400,50,249,339.0,358.0,355.0,355.0,361.0,361.0,359.0,199.5,0.02242992016153779,3,1
random,400,50,250,2.0,1.0,3.0,4.0,2.0,2.0,3.0,199.5,0.02242992016153779,3,1
random,400,50,251,339.0,357.0,374.0,376.0,360.0,360.0,365.0,199.5,0.02242992016153779,3,1
random,400,50,252,160.0,177.0,207.0,209.0,182.0,182.0,210.0,199.5,0.02242992016153779,3,1
random,400,50,253,286.0,314.0,288.0,285.0,316.0,316.0,306.0,199.5,0.02242992016153779,3,1
random,400,50,254,339.0,342.0,352.0,352.0,349.0,349.0,361.0,199.5,0.02242992016153779,3,1
random,400,50,255,373.0,337.0,372.0,372.0,347.0,347.0,387.0,199.5,0.02242992016153779,3,1
random,400,50,256,160.0,222.0,210.0,213.0,221.0,221.0,190.0,199.5,0.02242992016153779,3,1
random,400,50,257,160.0,177.0,191.0,190.0,186.0,186.0,199.0,199.5,0.02242992016153779,3,1
random,400,50,258,61.0,92.0,61.0,60.0,91.0,91.0,67.0,199.5,0.02242992016153779,3,1
random,400,50,259,160.0,222.0,176.0,166.0,214.0,214.0,168.0,199.5,0.02242992016153779,3,1
random,400,50,260,373.0,382.0,383.0,382.0,384.0,384.0,377.0,199.5,0.02242992016153779,3,1
random,400,50,261,286.0,326.0,295.0,294.0,328.0,328.0,291.0,199.5,0.02242992016153779,3,1
random,400,50,262,226.0,304.0,228.0,226.0,291.0,291.0,234.0,199.5,0.02242992016153779,3,1
random,400,50,263,100.0,123.0,80.0,77.0,125.0,125.0,113.0,199.5,0.02242992016153779,3,1
random,400,50,264,339.0,310.0,333.0,325.0,312.0,312.0,366.0,199.5,0.02242992016153779,3,1
random,400,50,265,373.0,374.0,379.0,378.0,377.0,377.0,378.0,199.5,0.02242992016153779,3,1
random,400,50,266,226.0,256.0,224.0,223.0,256.0,256.0,243.0,199.5,0.02242992016153779,3,1
random,400,50,267,100.0,164.0,171.0,169.0,153.0,153.0,135.0,199.5,0.02242992016153779,3,1
random,400,50,268,17.0,12.0,32.0,32.0,14.0,14.0,39.0,199.5,0.02242992016153779,3,1
random,400,50,269,160.0,245.0,227.0,222.0,241.0,241.0,176.0,199.5,0.02242992016153779,3,1
random,400,50,270,286.0,321.0,336.0,339.0,323.0,323.0,310.0,199.5,0.02242992016153779,3,1
random,400,50,271,373.0,381.0,391.0,392.0,383.0,383.0,385.0,199.5,0.02242992016153779,3,1
random,400,50,272,61.0,131.0,77.0,83.0,119.0,119.0,76.0,199.5,0.02242992016153779,3,1
random,400,50,273,339.0,384.0,367.0,365.0,382.0,382.0,341.0,199.5,0.02242992016153779,3,1
random,400,50,274,61.0,50.0,90.0,89.0,57.0,57.0,94.0,199.5,0.02242992016153779,3,1
random,400,50,275,286.0,269.0,348.0,348.0,279.0,279.0,332.0,199.5,0.02242992016153779,3,1
random,400,50,276,339.0,371.0,356.0,357.0,369.0,369.0,357.0,199.5,0.02242992016153779,3,1
random,400,50,277,226.0,168.0,268.0,271.0,185.0,185.0,279.0,199.5,0.02242992016153779,3,1
random,400,50,278,286.0,367.0,321.0,319.0,363.0,363.0,294.0,199.5,0.02242992016153779,3,1
random,400,50,279,160.0,224.0,173.0,168.0,222.0,222.0,164.0,199.5,0.02242992016153779,3,1
random,400,50,280,286.0,230.0,323.0,327.0,243.0,243.0,336.0,199.5,0.02242992016153779,3,1
random,400,50,281,100.0,208.0,112.0,111.0,198.0,198.0,103.0,199.5,0.02242992016153779,3,1
random,400,50,282,160.0,250.0,218.0,220.0,249.0,249.0,195.0,199.5,0.02242992016153779,3,1
random,400,50,283,41.0,44.0,52.0,53.0,44.0,44.0,51.0,199.5,0.02242992016153779,3,1
random,400,50,284,226.0,237.0,278.0,281.0,240.0,240.0,273.0,199.5,0.02242992016153779,3,1
random,400,50,285,61.0,86.0,79.0,78.0,85.0,85.0,81.0,199.5,0.02242992016153779,3,1
random,400,50,286,160.0,148.0,201.0,201.0,166.0,166.0,204.0,199.5,0.02242992016153779,3,1
random,400,50,287,160.0,105.0,169.0,179.0,113.0,113.0,223.0,199.5,0.02242992016153779,3,1
random,400,50,288,160.0,245.0,196.0,192.0,246.0,246.0,171.0,199.5,0.02242992016153779,3,1
random,400,50,289,11.0,10.0,24.0,27.0,12.0,12.0,16.0,199.5,0.02242992016153779,3,1
random,400,50,290,160.0,211.0,192.0,188.0,216.0,216.0,172.0,199.5,0.02242992016153779,3,1
random,400,50,291,61.0,125.0,74.0,73.0,120.0,120.0,69.0,199.5,0.02242992016153779,3,1
random,400,50,292,392.0,395.0,397.0,397.0,395.0,395.0,395.0,199.5,0.02242992016153779,3,1
random,400,50,293,100.0,154.0,143.0,147.0,142.0,142.0,130.0,199.5,0.02242992016153779,3,1
random,400,50,294,286.0,198.0,340.0,345.0,224.0,224.0,338.0,199.5,0.02242992016153779,3,1
random,400,50,295,160.0,135.0,165.0,165.0,139.0,139.0,182.0,199.5,0.02242992016153779,3,1
random,400,50,296,160.0,245.0,216.0,210.0,244.0,244.0,175.0,199.5,0.02242992016153779,3,1
random,400,50,297,339.0,349.0,343.0,338.0,353.0,353.0,350.0,199.5,0.02242992016153779,3,1
random,400,50,298,100.0,160.0,124.0,122.0,152.0,152.0,119.0,199.5,0.02242992016153779,3,1
random,400,50,299,286.0,269.0,304.0,304.0,273.0,273.0,328.0,199.5,0.02242992016153779,3,1
random,400,50,300,286.0,285.0,292.0,289.0,288.0,288.0,309.0,199.5,0.02242992016153779,3,1
random,400,50,301,339.0,363.0,341.0,341.0,362.0,362.0,342.0,199.5,0.02242992016153779,3,1
random,400,50,302,226.0,253.0,284.0,284.0,252.0,252.0,272.0,199.5,0.02242992016153779,3,1
random,400,50,303,339.0,344.0,346.0,350.0,350.0,350.0,356.0,199.5,0.02242992016153779,3,1
random,400,50,304,226.0,317.0,237.0,230.0,313.0,313.0,227.0,199.5,0.02242992016153779,3,1
random,400,50,305,100.0,164.0,121.0,120.0,161.0,161.0,104.0,199.5,0.02242992016153779,3,1
random,400,50,306,17.0,31.0,31.0,30.0,31.0,31.0,27.0,199.5,0.02242992016153779,3,1
random,400,50,307,160.0,185.0,155.0,157.0,181.0,181.0,178.0,199.5,0.02242992016153779,3,1
random,400,50,308,100.0,131.0,154.0,164.0,132.0,132.0,140.0,199.5,0.02242992016153779,3,1
random,400,50,309,160.0,105.0,170.0,175.0,123.0,123.0,220.0,199.5,0.02242992016153779,3,1
random,400,50,310,286.0,297.0,279.0,273.0,302.0,302.0,307.0,199.5,0.02242992016153779,3,1
random,400,50,311,373.0,377.0,387.0,386.0,380.0,380.0,389.0,199.5,0.02242992016153779,3,1
random,400,50,312,226.0,282.0,231.0,236.0,280.0,280.0,248.0,199.5,0.02242992016153779,3,1
random,400,50,313,373.0,389.0,373.0,374.0,389.0,389.0,375.0,199.5,0.02242992016153779,3,1
random,400,50,314,100.0,110.0,160.0,167.0,111.0,111.0,152.0,199.5,0.02242992016153779,3,1
random,400,50,315,392.0,397.0,393.0,393.0,397.0,397.0,393.0,199.5,0.02242992016153779,3,1
random,400,50,316,17.0,50.0,20.0,20.0,45.0,45.0,20.0,199.5,0.02242992016153779,3,1
random,400,50,317,61.0,57.0,73.0,69.0,62.0,62.0,83.0,199.5,0.02242992016153779,3,1
random,400,50,318,100.0,224.0,156.0,149.0,211.0,211.0,117.0,199.5,0.02242992016153779,3,1
random,400,50,319,100.0,54.0,109.0,110.0,64.0,64.0,156.0,199.5,0.02242992016153779,3,1
random,400,50,320,226.0,195.0,282.0,286.0,207.0,207.0,277.0,199.5,0.02242992016153779,3,1
random,400,50,321,160.0,164.0,211.0,211.0,170.0,170.0,206.0,199.5,0.02242992016153779,3,1
random,400,50,322,61.0,72.0,83.0,88.0,73.0,73.0,92.0,199.5,0.02242992016153779,3,1
random,400,50,323,286.0,262.0,277.0,272.0,269.0,269.0,317.0,199.5,0.02242992016153779,3,1
random,400,50,324,339.0,293.0,338.0,335.0,306.0,306.0,363.0,199.5,0.02242992016153779,3,1
random,400,50,325,160.0,76.0,152.0,158.0,86.0,86.0,225.0,199.5,0.02242992016153779,3,1
random,400,50,326,6.0,13.0,9.0,9.0,11.0,11.0,7.0,199.5,0.02242992016153779,3,1
random,400,50,327,160.0,171.0,187.0,187.0,172.0,172.0,192.0,199.5,0.02242992016153779,3,1
random,400,50,328,11.0,40.0,25.0,22.0,34.0,34.0,13.0,199.5,0.02242992016153779,3,1
random,400,50,329,286.0,329.0,320.0,320.0,325.0,325.0,313.0,199.5,0.02242992016153779,3,1
random,400,50,330,17.0,27.0,37.0,36.0,26.0,26.0,30.0,199.5,0.02242992016153779,3,1
random,400,50,331,160.0,203.0,64.0,62.0,206.0,206.0,108.0,199.5,0.02242992016153779,3,1
random,400,50,332,2.0,6.0,2.0,2.0,4.0,4.0,4.0,199.5,0.02242992016153779,3,1
random,400,50,333,100.0,92.0,135.0,136.0,93.0,93.0,144.0,199.5,0.02242992016153779,3,1
random,400,50,334,160.0,240.0,212.0,217.0,226.0,226.0,193.0,199.5,0.02242992016153779,3,1
random,400,50,335,61.0,99.0,92.0,98.0,97.0,97.0,84.0,199.5,0.02242992016153779,3,1
random,400,50,336,373.0,391.0,384.0,383.0,391.0,391.0,376.0,199.5,0.02242992016153779,3,1
random,400,50,337,286.0,360.0,253.0,251.0,359.0,359.0,286.0,199.5,0.02242992016153779,3,1
random,400,50,338,392.0,398.0,394.0,394.0,398.0,398.0,392.0,199.5,0.02242992016153779,3,1
random,400,50,339,100.0,140.0,159.0,170.0,136.0,136.0,134.0,199.5,0.02242992016153779,3,1
random,400,50,340,339.0,386.0,375.0,375.0,386.0,386.0,346.0,199.5,0.02242992016153779,3,1
random,400,50,341,160.0,193.0,202.0,198.0,201.0,201.0,173.0,199.5,0.02242992016153779,3,1
random,400,50,342,226.0,230.0,221.0,218.0,242.0,242.0,240.0,199.5,0.02242992016153779,3,1
random,400,50,343,160.0,99.0,183.0,186.0,117.0,117.0,217.0,199.5,0.02242992016153779,3,1
random,400,50,344,160.0,123.0,180.0,173.0,131.0,131.0,208.0,199.5,0.02242992016153779,3,1
random,400,50,345,100.0,148.0,128.0,124.0,147.0,147.0,111.0,199.5,0.02242992016153779,3,1
random,400,50,346,100.0,161.0,190.0,193.0,162.0,162.0,126.0,199.5,0.02242992016153779,3,1
random,400,50,347,1.0,3.0,1.0,1.0,1.0,1.0,1.0,199.5,0.02242992016153779,3,1
random,400,50,348,41.0,81.0,40.0,35.0,72.0,72.0,44.0,199.5,0.02242992016153779,3,1
random,400,50,349,61.0,154.0,116.0,112.0,143.0,143.0,64.0,199.5,0.02242992016153779,3,1
random,400,50,350,61.0,198.0,97.0,99.0,183.0,183.0,63.0,199.5,0.02242992016153779,3,1
random,400,50,351,100.0,203.0,162.0,154.0,198.0,198.0,114.0,199.5,0.02242992016153779,3,1
random,400,50,352,41.0,36.0,69.0,74.0,37.0,37.0,60.0,199.5,0.02242992016153779,3,1
random,400,50,353,226.0,304.0,254.0,256.0,289.0,289.0,247.0,199.5,0.02242992016153779,3,1
random,400,50,354,339.0,348.0,364.0,367.0,352.0,352.0,360.0,199.5,0.02242992016153779,3,1
random,400,50,355,160.0,236.0,200.0,200.0,228.0,228.0,188.0,199.5,0.02242992016153779,3,1
random,400,50,356,6.0,8.0,5.0,5.0,10.0,10.0,6.0,199.5,0.02242992016153779,3,1
random,400,50,357,61.0,83.0,108.0,117.0,75.0,75.0,97.0,199.5,0.02242992016153779,3,1
random,400,50,358,286.0,254.0,249.0,242.0,259.0,259.0,304.0,199.5,0.02242992016153779,3,1
random,400,50,359,339.0,366.0,358.0,356.0,366.0,366.0,349.0,199.5,0.02242992016153779,3,1
random,400,50,360,339.0,324.0,316.0,316.0,329.0,329.0,354.0,199.5,0.02242992016153779,3,1
random,400,50,361,17.0,54.0,17.0,16.0,46.0,46.0,19.0,199.5,0.02242992016153779,3,1
random,400,50,362,100.0,203.0,181.0,185.0,193.0,193.0,124.0,199.5,0.02242992016153779,3,1
random,400,50,363,100.0,173.0,139.0,138.0,172.0,172.0,116.0,199.5,0.02242992016153779,3,1
random,400,50,364,17.0,23.0,41.0,40.0,22.0,22.0,34.0,199.5,0.02242992016153779,3,1
random,400,50,365,100.0,173.0,195.0,196.0,168.0,168.0,139.0,199.5,0.02242992016153779,3,1
random,400,50,366,41.0,87.0,56.0,58.0,78.0,78.0,48.0,199.5,0.02242992016153779,3,1
random,400,50,367,100.0,70.0,133.0,137.0,73.0,73.0,155.0,199.5,0.02242992016153779,3,1
random,400,50,368,100.0,42.0,120.0,125.0,51.0,51.0,161.0,199.5,0.02242992016153779,3,1
random,400,50,369,226.0,311.0,67.0,65.0,310.0,310.0,162.0,199.5,0.02242992016153779,3,1
random,400,50,370,226.0,269.0,235.0,234.0,268.0,268.0,242.0,199.5,0.02242992016153779,3,1
random,400,50,371,160.0,152.0,158.0,150.0,167.0,167.0,185.0,199.5,0.02242992016153779,3,1
random,400,50,372,373.0,352.0,388.0,388.0,356.0,356.0,390.0,199.5,0.02242992016153779,3,1
random,400,50,373,160.0,220.0,209.0,207.0,216.0,216.0,198.0,199.5,0.02242992016153779,3,1
random,400,50,374,160.0,180.0,167.0,156.0,189.0,189.0,177.0,199.5,0.02242992016153779,3,1
random,400,50,375,226.0,251.0,263.0,254.0,255.0,255.0,249.0,199.5,0.02242992016153779,3,1
random,400,50,376,41.0,27.0,59.0,67.0,32.0,32.0,59.0,199.5,0.02242992016153779,3,1
random,400,50,377,286.0,307.0,311.0,308.0,307.0,307.0,329.0,199.5,0.02242992016153779,3,1
random,400,50,378,286.0,267.0,328.0,334.0,274.0,274.0,334.0,199.5,0.02242992016153779,3,1
random,400,50,379,226.0,228.0,213.0,212.0,230.0,230.0,255.0,199.5,0.02242992016153779,3,1
random,400,50,380,41.0,21.0,36.0,34.0,23.0,23.0,56.0,199.5,0.02242992016153779,3,1
random,400,50,381,160.0,173.0,184.0,184.0,177.0,177.0,203.0,199.5,0.02242992016153779,3,1
random,400,50,382,41.0,33.0,47.0,50.0,40.0,40.0,50.0,199.5,0.02242992016153779,3,1
random,400,50,383,160.0,131.0,234.0,238.0,133.0,133.0,226.0,199.5,0.02242992016153779,3,1
random,400,50,384,160.0,243.0,186.0,182.0,235.0,235.0,169.0,199.5,0.02242992016153779,3,1
random,400,50,385,339.0,326.0,357.0,360.0,330.0,330.0,368.0,199.5,0.02242992016153779,3,1
random,400,50,386,160.0,218.0,222.0,231.0,212.0,212.0,207.0,199.5,0.02242992016153779,3,1
random,400,50,387,17.0,39.0,26.0,28.0,35.0,35.0,29.0,199.5,0.02242992016153779,3,1
random,400,50,388,286.0,297.0,308.0,303.0,303.0,303.0,316.0,199.5,0.02242992016153779,3,1
random,400,50,389,286.0,276.0,272.0,282.0,283.0,283.0,315.0,199.5,0.02242992016153779,3,1
random,400,50,390,61.0,99.0,122.0,123.0,101.0,101.0,90.0,199.5,0.02242992016153779,3,1
random,400,50,391,226.0,214.0,270.0,265.0,219.0,219.0,276.0,199.5,0.02242992016153779,3,1
random,400,50,392,100.0,105.0,153.0,151.0,109.0,109.0,153.0,199.5,0.02242992016153779,3,1
random,400,50,393,339.0,379.0,362.0,361.0,379.0,379.0,348.0,199.5,0.02242992016153779,3,1
random,400,50,394,41.0,117.0,60.0,57.0,98.0,98.0,45.0,199.5,0.02242992016153779,3,1
random,400,50,395,226.0,262.0,245.0,244.0,260.0,260.0,245.0,199.5,0.02242992016153779,3,1
random,400,50,396,160.0,211.0,175.0,177.0,209.0,209.0,186.0,199.5,0.02242992016153779,3,1
random,400,50,397,226.0,240.0,298.0,298.0,247.0,247.0,278.0,199.5,0.02242992016153779,3,1
random,400,50,398,61.0,195.0,84.0,85.0,175.0,175.0,61.0,199.5,0.02242992016153779,3,1
random,400,50,399,6.0,5.0,7.0,7.0,6.0,6.0,9.0,199.5,0.02242992016153779,3,1
