random,400,13,0,167.0,179.0,209.0,209.0,178.0,178.0,208.0,199.5,0.0196958335781865,4,1
random,400,13,1,49.0,84.0,98.0,96.0,84.0,84.0,57.0,199.5,0.0196958335781865,4,1
random,400,13,2,217.0,219.0,276.0,275.0,224.0,224.0,261.0,199.5,0.0196958335781865,4,1
random,400,13,3,270.0,308.0,322.0,321.0,315.0,315.0,303.0,199.5,0.0196958335781865,4,1
random,400,13,4,167.0,200.0,198.0,198.0,195.0,195.0,195.0,199.5,0.0196958335781865,4,1
random,400,13,5,167.0,153.0,230.0,235.0,162.0,162.0,217.0,199.5,0.0196958335781865,4,1
random,400,13,6,270.0,255.0,291.0,293.0,259.0,259.0,313.0,199.5,0.0196958335781865,4,1
random,400,13,7,15.0,22.0,24.0,24.0,22.0,22.0,21.0,199.5,0.0196958335781865,4,1
random,400,13,8,217.0,233.0,221.0,223.0,235.0,235.0,241.0,199.5,0.0196958335781865,4,1
random,400,13,9,394.0,397.0,399.0,399.0,397.0,397.0,397.0,199.5,0.0196958335781865,4,1
random,400,13,10,329.0,343.0,353.0,356.0,349.0,349.0,342.0,199.5,0.0196958335781865,4,1
random,400,13,11,394.0,398.0,397.0,397.0,398.0,398.0,395.0,199.5,0.0196958335781865,4,1
random,400,13,12,357.0,323.0,367.0,368.0,336.0,336.0,375.0,199.5,0.0196958335781865,4,1
random,400,13,13,115.0,195.0,150.0,151.0,180.0,180.0,125.0,199.5,0.0196958335781865,4,1
random,400,13,14,15.0,82.0,22.0,22.0,67.0,67.0,15.0,199.5,0.0196958335781865,4,1
random,400,13,15,79.0,87.0,72.0,74.0,89.0,89.0,84.0,199.5,0.0196958335781865,4,1
random,400,13,16,270.0,211.0,317.0,325.0,225.0,225.0,327.0,199.5,0.0196958335781865,4,1
random,400,13,17,167.0,167.0,167.0,165.0,170.0,170.0,200.0,199.5,0.0196958335781865,4,1
random,400,13,18,217.0,148.0,275.0,276.0,167.0,167.0,270.0,199.5,0.0196958335781865,4,1
random,400,13,19,382.0,389.0,391.0,391.0,389.0,389.0,390.0,199.5,0.0196958335781865,4,1
random,400,13,20,217.0,288.0,256.0,254.0,280.0,280.0,235.0,199.5,0.0196958335781865,4,1
random,400,13,21,270.0,201.0,271.0,269.0,212.0,212.0,322.0,199.5,0.0196958335781865,4,1
random,400,13,22,115.0,111.0,174.0,177.0,120.0,120.0,148.0,199.5,0.0196958335781865,4,1
random,400,13,23,167.0,169.0,133.0,136.0,173.0,173.0,190.0,199.5,0.0196958335781865,4,1
random,400,13,24,270.0,266.0,229.0,227.0,275.0,275.0,276.0,199.5,0.0196958335781865,4,1
random,400,13,25,115.0,130.0,160.0,164.0,134.0,134.0,150.0,199.5,0.0196958335781865,4,1
random,400,13,26,167.0,224.0,190.0,188.0,222.0,222.0,168.0,199.5,0.0196958335781865,4,1
random,400,13,27,329.0,344.0,360.0,363.0,345.0,345.0,343.0,199.5,0.0196958335781865,4,1
random,400,13,28,217.0,289.0,242.0,242.0,282.0,282.0,227.0,199.5,0.0196958335781865,4,1
random,400,13,29,357.0,347.0,363.0,364.0,356.0,356.0,371.0,199.5,0.0196958335781865,4,1
random,400,13,30,167.0,262.0,237.0,239.0,255.0,255.0,182.0,199.5,0.0196958335781865,4,1
random,400,13,31,270.0,320.0,330.0,331.0,320.0,320.0,298.0,199.5,0.0196958335781865,4,1
random,400,13,32,217.0,180.0,269.0,273.0,188.0,188.0,265.0,199.5,0.0196958335781865,4,1
random,400,13,33,49.0,73.0,58.0,59.0,77.0,77.0,55.0,199.5,0.0196958335781865,4,1
random,400,13,34,79.0,114.0,82.0,81.0,110.0,110.0,89.0,199.5,0.0196958335781865,4,1
random,400,13,35,115.0,104.0,99.0,100.0,116.0,116.0,130.0,199.5,0.0196958335781865,4,1
random,400,13,36,357.0,375.0,286.0,290.0,375.0,375.0,357.0,199.5,0.0196958335781865,4,1
random,400,13,37,79.0,130.0,125.0,125.0,125.0,125.0,101.0,199.5,0.0196958335781865,4,1
random,400,13,38,115.0,182.0,146.0,147.0,176.0,176.0,131.0,199.5,0.0196958335781865,4,1
random,400,13,39,167.0,245.0,188.0,184.0,247.0,247.0,174.0,199.5,0.0196958335781865,4,1
random,400,13,40,217.0,256.0,270.0,271.0,253.0,253.0,259.0,199.5,0.0196958335781865,4,1
random,400,13,41,217.0,165.0,216.0,216.0,172.0,172.0,257.0,199.5,0.0196958335781865,4,1
random,400,13,42,167.0,141.0,173.0,172.0,143.0,143.0,206.0,199.5,0.0196958335781865,4,1
random,400,13,43,357.0,372.0,372.0,369.0,370.0,370.0,369.0,199.5,0.0196958335781865,4,1
random,400,13,44,357.0,383.0,380.0,379.0,383.0,383.0,368.0,199.5,0.0196958335781865,4,1
random,400,13,45,79.0,107.0,84.0,82.0,112.0,112.0,92.0,199.5,0.0196958335781865,4,1
random,400,13,46,357.0,376.0,362.0,359.0,379.0,379.0,365.0,199.5,0.0196958335781865,4,1
random,400,13,47,115.0,153.0,140.0,141.0,150.0,150.0,135.0,199.5,0.0196958335781865,4,1
random,400,13,48,217.0,299.0,189.0,186.0,295.0,295.0,218.0,199.5,0.0196958335781865,4,1
random,400,13,49,382.0,391.0,382.0,382.0,392.0,392.0,382.0,199.5,0.0196958335781865,4,1
random,400,13,50,217.0,191.0,254.0,264.0,197.0,197.0,260.0,199.5,0.0196958335781865,4,1
random,400,13,51,79.0,100.0,103.0,110.0,97.0,97.0,103.0,199.5,0.0196958335781865,4,1
random,400,13,52,28.0,78.0,42.0,44.0,69.0,69.0,37.0,199.5,0.0196958335781865,4,1
random,400,13,53,3.0,28.0,5.0,4.0,20.0,20.0,3.0,199.5,0.0196958335781865,4,1
random,400,13,54,270.0,293.0,282.0,279.0,297.0,297.0,296.0,199.5,0.0196958335781865,4,1
random,400,13,55,28.0,52.0,21.0,19.0,50.0,50.0,28.0,199.5,0.0196958335781865,4,1
random,400,13,56,167.0,213.0,143.0,142.0,214.0,214.0,167.0,199.5,0.0196958335781865,4,1
random,400,13,57,217.0,271.0,231.0,231.0,267.0,267.0,234.0,199.5,0.0196958335781865,4,1
random,400,13,58,270.0,354.0,267.0,261.0,352.0,352.0,272.0,199.5,0.0196958335781865,4,1
random,400,13,59,167.0,247.0,217.0,220.0,241.0,241.0,201.0,199.5,0.0196958335781865,4,1
random,400,13,60,115.0,188.0,122.0,120.0,185.0,185.0,118.0,199.5,0.0196958335781865,4,1
random,400,13,61,167.0,151.0,196.0,199.0,160.0,160.0,210.0,199.5,0.0196958335781865,4,1
random,400,13,62,217.0,169.0,253.0,258.0,181.0,181.0,268.0,199.5,0.0196958335781865,4,1
random,400,13,63,28.0,73.0,37.0,37.0,64.0,64.0,33.0,199.5,0.0196958335781865,4,1
random,400,13,64,167.0,118.0,185.0,190.0,127.0,127.0,212.0,199.5,0.0196958335781865,4,1
random,400,13,65,270.0,282.0,284.0,285.0,286.0,286.0,295.0,199.5,0.0196958335781865,4,1
random,400,13,66,49.0,31.0,40.0,38.0,34.0,34.0,64.0,199.5,0.0196958335781865,4,1
random,400,13,67,382.0,371.0,390.0,390.0,373.0,373.0,391.0,199.5,0.0196958335781865,4,1
random,400,13,68,167.0,153.0,137.0,135.0,161.0,161.0,175.0,199.5,0.0196958335781865,4,1
random,400,13,69,167.0,191.0,197.0,195.0,198.0,198.0,181.0,199.5,0.0196958335781865,4,1
random,400,13,70,79.0,57.0,128.0,139.0,70.0,70.0,111.0,199.5,0.0196958335781865,4,1
random,400,13,71,217.0,264.0,260.0,252.0,262.0,262.0,239.0,199.5,0.0196958335781865,4,1
random,400,13,72,15.0,26.0,20.0,20.0,23.0,23.0,20.0,199.5,0.0196958335781865,4,1
random,400,13,73,79.0,42.0,90.0,93.0,49.0,49.0,114.0,199.5,0.0196958335781865,4,1
random,400,13,74,329.0,305.0,348.0,347.0,317.0,317.0,345.0,199.5,0.0196958335781865,4,1
random,400,13,75,28.0,64.0,46.0,48.0,59.0,59.0,36.0,199.5,0.0196958335781865,4,1
random,400,13,76,15.0,7.0,26.0,26.0,10.0,10.0,26.0,199.5,0.0196958335781865,4,1
random,400,13,77,329.0,373.0,355.0,350.0,371.0,371.0,334.0,199.5,0.0196958335781865,4,1
random,400,13,78,329.0,365.0,341.0,340.0,364.0,364.0,338.0,199.5,0.0196958335781865,4,1
random,400,13,79,329.0,363.0,309.0,305.0,362.0,362.0,330.0,199.5,0.0196958335781865,4,1
random,400,13,80,394.0,399.0,398.0,398.0,399.0,399.0,394.0,199.5,0.0196958335781865,4,1
random,400,13,81,270.0,321.0,264.0,263.0,319.0,319.0,279.0,199.5,0.0196958335781865,4,1
random,400,13,82,28.0,80.0,53.0,51.0,71.0,71.0,35.0,199.5,0.0196958335781865,4,1
random,400,13,83,28.0,70.0,23.0,23.0,68.0,68.0,29.0,199.5,0.0196958335781865,4,1
random,400,13,84,49.0,21.0,45.0,42.0,30.0,30.0,69.0,199.5,0.0196958335781865,4,1
random,400,13,85,115.0,135.0,192.0,203.0,136.0,136.0,162.0,199.5,0.0196958335781865,4,1
random,400,13,86,382.0,387.0,389.0,387.0,388.0,388.0,386.0,199.5,0.0196958335781865,4,1
random,400,13,87,217.0,208.0,263.0,266.0,210.0,210.0,264.0,199.5,0.0196958335781865,4,1
random,400,13,88,329.0,353.0,368.0,367.0,355.0,355.0,350.0,199.5,0.0196958335781865,4,1
random,400,13,89,79.0,70.0,117.0,117.0,75.0,75.0,109.0,199.5,0.0196958335781865,4,1
random,400,13,90,270.0,267.0,315.0,312.0,271.0,271.0,314.0,199.5,0.0196958335781865,4,1
random,400,13,91,49.0,91.0,60.0,61.0,88.0,88.0,54.0,199.5,0.0196958335781865,4,1
random,400,13,92,167.0,233.0,182.0,179.0,226.0,226.0,173.0,199.5,0.0196958335781865,4,1
random,400,13,93,167.0,230.0,191.0,193.0,222.0,222.0,183.0,199.5,0.0196958335781865,4,1
random,400,13,94,217.0,205.0,248.0,250.0,212.0,212.0,256.0,199.5,0.0196958335781865,4,1
random,400,13,95,115.0,146.0,172.0,174.0,147.0,147.0,146.0,199.5,0.0196958335781865,4,1
random,400,13,96,79.0,69.0,81.0,79.0,74.0,74.0,105.0,199.5,0.0196958335781865,4,1
random,400,13,97,270.0,325.0,283.0,284.0,318.0,318.0,284.0,199.5,0.0196958335781865,4,1
random,400,13,98,8.0,8.0,3.0,5.0,8.0,8.0,10.0,199.5,0.0196958335781865,4,1
random,400,13,99,8.0,27.0,11.0,11.0,18.0,18.0,12.0,199.5,0.0196958335781865,4,1
random,400,13,100,1.0,2.0,2.0,2.0,2.0,2.0,2.0,199.5,0.0196958335781865,4,1
random,400,13,101,167.0,252.0,156.0,150.0,246.0,246.0,170.0,199.5,0.0196958335781865,4,1
random,400,13,102,217.0,295.0,211.0,213.0,288.0,288.0,223.0,199.5,0.0196958335781865,4,1
random,400,13,103,49.0,107.0,70.0,66.0,96.0,96.0,51.0,199.5,0.0196958335781865,4,1
random,400,13,104,382.0,380.0,393.0,393.0,382.0,382.0,393.0,199.5,0.0196958335781865,4,1
random,400,13,105,329.0,295.0,351.0,355.0,304.0,304.0,354.0,199.5,0.0196958335781865,4,1
random,400,13,106,115.0,222.0,131.0,124.0,209.0,209.0,116.0,199.5,0.0196958335781865,4,1
random,400,13,107,382.0,383.0,392.0,392.0,386.0,386.0,389.0,199.5,0.0196958335781865,4,1
random,400,13,108,115.0,135.0,170.0,171.0,140.0,140.0,142.0,199.5,0.0196958335781865,4,1
random,400,13,109,115.0,160.0,154.0,158.0,159.0,159.0,132.0,199.5,0.0196958335781865,4,1
random,400,13,110,115.0,191.0,165.0,169.0,183.0,183.0,129.0,199.5,0.0196958335781865,4,1
random,400,13,111,217.0,208.0,243.0,246.0,203.0,203.0,263.0,199.5,0.0196958335781865,4,1
random,400,13,112,49.0,125.0,77.0,75.0,118.0,118.0,52.0,199.5,0.0196958335781865,4,1
random,400,13,113,357.0,336.0,375.0,376.0,344.0,344.0,380.0,199.5,0.0196958335781865,4,1
random,400,13,114,394.0,396.0,394.0,395.0,396.0,396.0,396.0,199.5,0.0196958335781865,4,1
random,400,13,115,167.0,217.0,194.0,194.0,218.0,218.0,187.0,199.5,0.0196958335781865,4,1
random,400,13,116,28.0,42.0,31.0,33.0,39.0,39.0,31.0,199.5,0.0196958335781865,4,1
random,400,13,117,270.0,354.0,106.0,102.0,350.0,350.0,222.0,199.5,0.0196958335781865,4,1
random,400,13,118,8.0,19.0,18.0,21.0,14.0,14.0,14.0,199.5,0.0196958335781865,4,1
random,400,13,119,49.0,95.0,101.0,98.0,90.0,90.0,68.0,199.5,0.0196958335781865,4,1
random,400,13,120,217.0,264.0,247.0,245.0,265.0,265.0,229.0,199.5,0.0196958335781865,4,1
random,400,13,121,49.0,42.0,119.0,130.0,53.0,53.0,78.0,199.5,0.0196958335781865,4,1
random,400,13,122,167.0,159.0,214.0,221.0,165.0,165.0,216.0,199.5,0.0196958335781865,4,1
random,400,13,123,79.0,146.0,109.0,107.0,141.0,141.0,91.0,199.5,0.0196958335781865,4,1
random,400,13,124,79.0,172.0,94.0,89.0,155.0,155.0,85.0,199.5,0.0196958335781865,4,1
random,400,13,125,217.0,135.0,244.0,247.0,145.0,145.0,269.0,199.5,0.0196958335781865,4,1
random,400,13,126,49.0,88.0,48.0,47.0,82.0,82.0,50.0,199.5,0.0196958335781865,4,1
random,400,13,127,167.0,242.0,163.0,160.0,228.0,228.0,176.0,199.5,0.0196958335781865,4,1
random,400,13,128,115.0,141.0,130.0,129.0,138.0,138.0,137.0,199.5,0.0196958335781865,4,1
random,400,13,129,167.0,247.0,161.0,162.0,234.0,234.0,169.0,199.5,0.0196958335781865,4,1
random,400,13,130,270.0,308.0,246.0,243.0,308.0,308.0,273.0,199.5,0.0196958335781865,4,1
random,400,13,131,115.0,100.0,134.0,137.0,108.0,108.0,145.0,199.5,0.0196958335781865,4,1
random,400,13,132,357.0,362.0,371.0,371.0,365.0,365.0,372.0,199.5,0.0196958335781865,4,1
random,400,13,133,79.0,95.0,118.0,122.0,94.0,94.0,110.0,199.5,0.0196958335781865,4,1
random,400,13,134,167.0,214.0,181.0,180.0,215.0,215.0,178.0,199.5,0.0196958335781865,4,1
random,400,13,135,49.0,36.0,52.0,53.0,44.0,44.0,65.0,199.5,0.0196958335781865,4,1
random,400,13,136,115.0,201.0,169.0,167.0,191.0,191.0,124.0,199.5,0.0196958335781865,4,1
random,400,13,137,15.0,15.0,13.0,13.0,15.0,15.0,16.0,199.5,0.0196958335781865,4,1
random,400,13,138,329.0,295.0,344.0,345.0,301.0,301.0,351.0,199.5,0.0196958335781865,4,1
random,400,13,139,79.0,95.0,108.0,106.0,98.0,98.0,100.0,199.5,0.0196958335781865,4,1
random,400,13,140,167.0,182.0,204.0,204.0,187.0,187.0,202.0,199.5,0.0196958335781865,4,1
random,400,13,141,357.0,386.0,361.0,362.0,384.0,384.0,361.0,199.5,0.0196958335781865,4,1
random,400,13,142,167.0,144.0,225.0,232.0,144.0,144.0,220.0,199.5,0.0196958335781865,4,1
random,400,13,143,115.0,127.0,74.0,72.0,128.0,128.0,121.0,199.5,0.0196958335781865,4,1
random,400,13,144,270.0,339.0,319.0,319.0,337.0,337.0,278.0,199.5,0.0196958335781865,4,1
random,400,13,145,270.0,303.0,292.0,289.0,303.0,303.0,286.0,199.5,0.0196958335781865,4,1
random,400,13,146,329.0,328.0,340.0,341.0,328.0,328.0,340.0,199.5,0.0196958335781865,4,1
random,400,13,147,49.0,62.0,59.0,60.0,60.0,60.0,60.0,199.5,0.0196958335781865,4,1
random,400,13,148,217.0,277.0,124.0,121.0,274.0,274.0,215.0,199.5,0.0196958335781865,4,1
random,400,13,149,217.0,267.0,234.0,236.0,260.0,260.0,232.0,199.5,0.0196958335781865,4,1
random,400,13,150,217.0,233.0,262.0,262.0,236.0,236.0,253.0,199.5,0.0196958335781865,4,1
random,400,13,151,329.0,286.0,295.0,296.0,289.0,289.0,341.0,199.5,0.0196958335781865,4,1
random,400,13,152,15.0,31.0,28.0,28.0,28.0,28.0,22.0,199.5,0.0196958335781865,4,1
random,400,13,153,79.0,111.0,116.0,116.0,101.0,101.0,106.0,199.5,0.0196958335781865,4,1
random,400,13,154,357.0,366.0,354.0,353.0,366.0,366.0,364.0,199.5,0.0196958335781865,4,1
random,400,13,155,357.0,358.0,358.0,358.0,358.0,358.0,370.0,199.5,0.0196958335781865,4,1
random,400,13,156,217.0,257.0,249.0,248.0,258.0,258.0,243.0,199.5,0.0196958335781865,4,1
random,400,13,157,270.0,301.0,287.0,286.0,300.0,300.0,299.0,199.5,0.0196958335781865,4,1
random,400,13,158,329.0,323.0,347.0,349.0,329.0,329.0,346.0,199.5,0.0196958335781865,4,1
random,400,13,159,217.0,252.0,251.0,249.0,252.0,252.0,246.0,199.5,0.0196958335781865,4,1
random,400,13,160,28.0,57.0,79.0,80.0,54.0,54.0,45.0,199.5,0.0196958335781865,4,1
random,400,13,161,79.0,89.0,80.0,78.0,92.0,92.0,97.0,199.5,0.0196958335781865,4,1
random,400,13,162,79.0,91.0,71.0,73.0,95.0,95.0,87.0,199.5,0.0196958335781865,4,1
random,400,13,163,270.0,314.0,255.0,253.0,305.0,305.0,281.0,199.5,0.0196958335781865,4,1
random,400,13,164,115.0,118.0,121.0,119.0,122.0,122.0,139.0,199.5,0.0196958335781865,4,1
random,400,13,165,217.0,257.0,258.0,257.0,261.0,261.0,236.0,199.5,0.0196958335781865,4,1
random,400,13,166,115.0,124.0,159.0,166.0,131.0,131.0,149.0,199.5,0.0196958335781865,4,1
random,400,13,167,400.0,400.0,400.0,400.0,400.0,400.0,400.0,199.5,0.0196958335781865,4,1
random,400,13,168,8.0,34.0,10.0,10.0,29.0,29.0,8.0,199.5,0.0196958335781865,4,1
random,400,13,169,357.0,381.0,364.0,360.0,381.0,381.0,359.0,199.5,0.0196958335781865,4,1
random,400,13,170,357.0,368.0,339.0,339.0,368.0,368.0,360.0,199.5,0.0196958335781865,4,1
random,400,13,171,167.0,175.0,180.0,182.0,176.0,176.0,188.0,199.5,0.0196958335781865,4,1
random,400,13,172,167.0,205.0,193.0,191.0,193.0,193.0,192.0,199.5,0.0196958335781865,4,1
random,400,13,173,167.0,195.0,233.0,233.0,189.0,189.0,211.0,199.5,0.0196958335781865,4,1
random,400,13,174,270.0,293.0,299.0,299.0,294.0,294.0,306.0,199.5,0.0196958335781865,4,1
random,400,13,175,167.0,128.0,186.0,181.0,142.0,142.0,209.0,199.5,0.0196958335781865,4,1
random,400,13,176,217.0,301.0,215.0,210.0,293.0,293.0,224.0,199.5,0.0196958335781865,4,1
random,400,13,177,115.0,125.0,183.0,187.0,129.0,129.0,155.0,199.5,0.0196958335781865,4,1
random,400,13,178,270.0,245.0,307.0,311.0,254.0,254.0,319.0,199.5,0.0196958335781865,4,1
random,400,13,179,217.0,347.0,222.0,218.0,341.0,341.0,219.0,199.5,0.0196958335781865,4,1
random,400,13,180,382.0,392.0,386.0,388.0,391.0,391.0,385.0,199.5,0.0196958335781865,4,1
random,400,13,181,357.0,312.0,369.0,372.0,326.0,326.0,376.0,199.5,0.0196958335781865,4,1
random,400,13,182,79.0,118.0,112.0,111.0,111.0,111.0,98.0,199.5,0.0196958335781865,4,1
random,400,13,183,270.0,347.0,324.0,317.0,347.0,347.0,282.0,199.5,0.0196958335781865,4,1
random,400,13,184,115.0,169.0,187.0,185.0,164.0,164.0,143.0,199.5,0.0196958335781865,4,1
random,400,13,185,49.0,48.0,47.0,45.0,46.0,46.0,62.0,199.5,0.0196958335781865,4,1
random,400,13,186,115.0,175.0,114.0,112.0,168.0,168.0,120.0,199.5,0.0196958335781865,4,1
random,400,13,187,28.0,80.0,38.0,40.0,71.0,71.0,32.0,199.5,0.0196958335781865,4,1
random,400,13,188,8.0,13.0,14.0,15.0,9.0,9.0,13.0,199.5,0.0196958335781865,4,1
random,400,13,189,79.0,36.0,86.0,84.0,41.0,41.0,112.0,199.5,0.0196958335781865,4,1
random,400,13,190,15.0,10.0,30.0,31.0,11.0,11.0,27.0,199.5,0.0196958335781865,4,1
random,400,13,191,357.0,376.0,370.0,370.0,377.0,377.0,366.0,199.5,0.0196958335781865,4,1
random,400,13,192,270.0,295.0,278.0,280.0,296.0,296.0,293.0,199.5,0.0196958335781865,4,1
random,400,13,193,217.0,243.0,274.0,274.0,245.0,245.0,251.0,199.5,0.0196958335781865,4,1
random,400,13,194,79.0,83.0,100.0,104.0,85.0,85.0,104.0,199.5,0.0196958335781865,4,1
random,400,13,195,329.0,305.0,349.0,351.0,313.0,313.0,348.0,199.5,0.0196958335781865,4,1
random,400,13,196,49.0,39.0,78.0,85.0,42.0,42.0,74.0,199.5,0.0196958335781865,4,1
random,400,13,197,167.0,201.0,213.0,212.0,200.0,200.0,199.0,199.5,0.0196958335781865,4,1
random,400,13,198,217.0,232.0,228.0,228.0,231.0,231.0,249.0,199.5,0.0196958335781865,4,1
random,400,13,199,115.0,75.0,93.0,92.0,86.0,86.0,136.0,199.5,0.0196958335781865,4,1
random,400,13,200,357.0,357.0,378.0,378.0,357.0,357.0,379.0,199.5,0.0196958335781865,4,1
random,400,13,201,79.0,107.0,73.0,70.0,104.0,104.0,83.0,199.5,0.0196958335781865,4,1
random,400,13,202,270.0,325.0,300.0,295.0,322.0,322.0,283.0,199.5,0.0196958335781865,4,1
random,400,13,203,217.0,208.0,257.0,256.0,219.0,219.0,255.0,199.5,0.0196958335781865,4,1
random,400,13,204,382.0,385.0,388.0,389.0,385.0,385.0,388.0,199.5,0.0196958335781865,4,1
random,400,13,205,217.0,219.0,218.0,215.0,229.0,229.0,237.0,199.5,0.0196958335781865,4,1
random,400,13,206,115.0,107.0,120.0,118.0,108.0,108.0,154.0,199.5,0.0196958335781865,4,1
random,400,13,207,270.0,316.0,325.0,322.0,310.0,310.0,307.0,199.5,0.0196958335781865,4,1
random,400,13,208,79.0,55.0,110.0,114.0,62.0,62.0,113.0,199.5,0.0196958335781865,4,1
random,400,13,209,115.0,128.0,158.0,154.0,130.0,130.0,156.0,199.5,0.0196958335781865,4,1
random,400,13,210,15.0,22.0,34.0,34.0,24.0,24.0,25.0,199.5,0.0196958335781865,4,1
random,400,13,211,357.0,359.0,381.0,381.0,359.0,359.0,378.0,199.5,0.0196958335781865,4,1
random,400,13,212,115.0,91.0,127.0,133.0,99.0,99.0,152.0,199.5,0.0196958335781865,4,1
random,400,13,213,270.0,340.0,345.0,344.0,335.0,335.0,302.0,199.5,0.0196958335781865,4,1
random,400,13,214,115.0,227.0,138.0,134.0,216.0,216.0,117.0,199.5,0.0196958335781865,4,1
random,400,13,215,115.0,153.0,157.0,156.0,153.0,153.0,144.0,199.5,0.0196958335781865,4,1
random,400,13,216,329.0,361.0,350.0,346.0,360.0,360.0,339.0,199.5,0.0196958335781865,4,1
random,400,13,217,115.0,114.0,166.0,170.0,124.0,124.0,158.0,199.5,0.0196958335781865,4,1
random,400,13,218,49.0,60.0,63.0,63.0,63.0,63.0,63.0,199.5,0.0196958335781865,4,1
random,400,13,219,79.0,94.0,96.0,97.0,93.0,93.0,108.0,199.5,0.0196958335781865,4,1
random,400,13,220,49.0,84.0,67.0,71.0,78.0,78.0,58.0,199.5,0.0196958335781865,4,1
random,400,13,221,115.0,165.0,123.0,123.0,162.0,162.0,122.0,199.5,0.0196958335781865,4,1
random,400,13,222,28.0,55.0,32.0,30.0,55.0,55.0,34.0,199.5,0.0196958335781865,4,1
random,400,13,223,270.0,308.0,293.0,283.0,309.0,309.0,287.0,199.5,0.0196958335781865,4,1
random,400,13,224,8.0,9.0,9.0,8.0,12.0,12.0,9.0,199.5,0.0196958335781865,4,1
random,400,13,225,357.0,325.0,379.0,380.0,331.0,331.0,381.0,199.5,0.0196958335781865,4,1
random,400,13,226,79.0,145.0,87.0,83.0,135.0,135.0,86.0,199.5,0.0196958335781865,4,1
random,400,13,227,270.0,286.0,314.0,316.0,287.0,287.0,305.0,199.5,0.0196958335781865,4,1
random,400,13,228,115.0,135.0,126.0,128.0,139.0,139.0,126.0,199.5,0.0196958335781865,4,1
random,400,13,229,115.0,182.0,102.0,101.0,179.0,179.0,115.0,199.5,0.0196958335781865,4,1
random,400,13,230,217.0,352.0,162.0,155.0,346.0,346.0,196.0,199.5,0.0196958335781865,4,1
random,400,13,231,270.0,275.0,277.0,272.0,279.0,279.0,300.0,199.5,0.0196958335781865,4,1
random,400,13,232,167.0,211.0,240.0,238.0,211.0,211.0,205.0,199.5,0.0196958335781865,4,1
random,400,13,233,270.0,345.0,335.0,335.0,342.0,342.0,301.0,199.5,0.0196958335781865,4,1
random,400,13,234,28.0,64.0,29.0,29.0,65.0,65.0,30.0,199.5,0.0196958335781865,4,1
random,400,13,235,217.0,222.0,265.0,265.0,227.0,227.0,254.0,199.5,0.0196958335781865,4,1
random,400,13,236,115.0,133.0,139.0,138.0,133.0,133.0,140.0,199.5,0.0196958335781865,4,1
random,400,13,237,270.0,257.0,296.0,304.0,268.0,268.0,310.0,199.5,0.0196958335781865,4,1
random,400,13,238,217.0,247.0,259.0,259.0,250.0,250.0,244.0,199.5,0.0196958335781865,4,1
random,400,13,239,167.0,251.0,207.0,206.0,243.0,243.0,186.0,199.5,0.0196958335781865,4,1
random,400,13,240,167.0,201.0,202.0,202.0,204.0,204.0,189.0,199.5,0.0196958335781865,4,1
random,400,13,241,167.0,271.0,195.0,192.0,264.0,264.0,177.0,199.5,0.0196958335781865,4,1
random,400,13,242,167.0,247.0,223.0,224.0,237.0,237.0,204.0,199.5,0.0196958335781865,4,1
random,400,13,243,167.0,173.0,184.0,183.0,170.0,170.0,198.0,199.5,0.0196958335781865,4,1
random,400,13,244,270.0,233.0,313.0,314.0,243.0,243.0,318.0,199.5,0.0196958335781865,4,1
random,400,13,245,329.0,341.0,320.0,324.0,342.0,342.0,337.0,199.5,0.0196958335781865,4,1
random,400,13,246,217.0,279.0,268.0,267.0,273.0,273.0,238.0,199.5,0.0196958335781865,4,1
random,400,13,247,167.0,215.0,152.0,153.0,208.0,208.0,185.0,199.5,0.0196958335781865,4,1
random,400,13,248,167.0,238.0,199.0,197.0,233.0,233.0,179.0,199.5,0.0196958335781865,4,1
random,400,13,249,28.0,64.0,55.0,56.0,58.0,58.0,40.0,199.5,0.0196958335781865,4,1
random,400,13,250,217.0,185.0,220.0,219.0,196.0,196.0,250.0,199.5,0.0196958335781865,4,1
random,400,13,251,270.0,284.0,333.0,333.0,285.0,285.0,311.0,199.5,0.0196958335781865,4,1
random,400,13,252,270.0,230.0,334.0,337.0,238.0,238.0,328.0,199.5,0.0196958335781865,4,1
random,400,13,253,329.0,284.0,373.0,374.0,291.0,291.0,356.0,199.5,0.0196958335781865,4,1
random,400,13,254,49.0,12.0,49.0,50.0,16.0,16.0,75.0,199.5,0.0196958335781865,4,1
random,400,13,255,115.0,162.0,141.0,140.0,158.0,158.0,133.0,199.5,0.0196958335781865,4,1
random,400,13,256,115.0,75.0,129.0,132.0,86.0,86.0,153.0,199.5,0.0196958335781865,4,1
random,400,13,257,217.0,279.0,245.0,244.0,276.0,276.0,233.0,199.5,0.0196958335781865,4,1
random,400,13,258,167.0,188.0,177.0,173.0,190.0,190.0,193.0,199.5,0.0196958335781865,4,1
random,400,13,259,115.0,114.0,142.0,146.0,113.0,113.0,159.0,199.5,0.0196958335781865,4,1
random,400,13,260,357.0,360.0,376.0,375.0,361.0,361.0,374.0,199.5,0.0196958335781865,4,1
random,400,13,261,79.0,64.0,104.0,105.0,79.0,79.0,107.0,199.5,0.0196958335781865,4,1
random,400,13,262,270.0,238.0,323.0,327.0,249.0,249.0,321.0,199.5,0.0196958335781865,4,1
random,400,13,263,217.0,233.0,235.0,234.0,240.0,240.0,247.0,199.5,0.0196958335781865,4,1
random,400,13,264,115.0,62.0,175.0,176.0,80.0,80.0,166.0,199.5,0.0196958335781865,4,1
random,400,13,265,79.0,162.0,107.0,103.0,148.0,148.0,88.0,199.5,0.0196958335781865,4,1
random,400,13,266,357.0,332.0,365.0,365.0,338.0,338.0,377.0,199.5,0.0196958335781865,4,1
random,400,13,267,329.0,345.0,321.0,318.0,348.0,348.0,333.0,199.5,0.0196958335781865,4,1
random,400,13,268,115.0,162.0,176.0,175.0,152.0,152.0,147.0,199.5,0.0196958335781865,4,1
random,400,13,269,270.0,305.0,290.0,287.0,307.0,307.0,280.0,199.5,0.0196958335781865,4,1
random,400,13,270,167.0,185.0,168.0,157.0,192.0,192.0,184.0,199.5,0.0196958335781865,4,1
random,400,13,271,270.0,273.0,280.0,282.0,278.0,278.0,308.0,199.5,0.0196958335781865,4,1
random,400,13,272,79.0,135.0,113.0,113.0,126.0,126.0,99.0,199.5,0.0196958335781865,4,1
random,400,13,273,217.0,316.0,224.0,217.0,306.0,306.0,221.0,199.5,0.0196958335781865,4,1
random,400,13,274,49.0,49.0,85.0,90.0,51.0,51.0,72.0,199.5,0.0196958335781865,4,1
random,400,13,275,3.0,4.0,6.0,6.0,4.0,4.0,5.0,199.5,0.0196958335781865,4,1
random,400,13,276,3.0,2.0,4.0,3.0,3.0,3.0,6.0,199.5,0.0196958335781865,4,1
random,400,13,277,49.0,133.0,61.0,57.0,117.0,117.0,49.0,199.5,0.0196958335781865,4,1
random,400,13,278,167.0,224.0,205.0,201.0,221.0,221.0,172.0,199.5,0.0196958335781865,4,1
random,400,13,279,28.0,45.0,43.0,41.0,37.0,37.0,39.0,199.5,0.0196958335781865,4,1
random,400,13,280,79.0,102.0,95.0,94.0,103.0,103.0,82.0,199.5,0.0196958335781865,4,1
random,400,13,281,329.0,313.0,352.0,352.0,321.0,321.0,352.0,199.5,0.0196958335781865,4,1
random,400,13,282,270.0,328.0,302.0,298.0,322.0,322.0,290.0,199.5,0.0196958335781865,4,1
random,400,13,283,28.0,75.0,75.0,77.0,66.0,66.0,43.0,199.5,0.0196958335781865,4,1
random,400,13,284,79.0,118.0,69.0,69.0,115.0,115.0,79.0,199.5,0.0196958335781865,4,1
random,400,13,285,79.0,113.0,89.0,87.0,105.0,105.0,94.0,199.5,0.0196958335781865,4,1
random,400,13,286,167.0,227.0,208.0,207.0,220.0,220.0,194.0,199.5,0.0196958335781865,4,1
random,400,13,287,167.0,148.0,219.0,222.0,157.0,157.0,213.0,199.5,0.0196958335781865,4,1
random,400,13,288,49.0,38.0,88.0,95.0,38.0,38.0,76.0,199.5,0.0196958335781865,4,1
random,400,13,289,28.0,52.0,54.0,54.0,48.0,48.0,44.0,199.5,0.0196958335781865,4,1
random,400,13,290,15.0,14.0,17.0,17.0,13.0,13.0,24.0,199.5,0.0196958335781865,4,1
random,400,13,291,28.0,31.0,39.0,39.0,32.0,32.0,46.0,199.5,0.0196958335781865,4,1
random,400,13,292,270.0,314.0,311.0,310.0,312.0,312.0,297.0,199.5,0.0196958335781865,4,1
random,400,13,293,28.0,22.0,19.0,16.0,25.0,25.0,38.0,199.5,0.0196958335781865,4,1
random,400,13,294,79.0,130.0,57.0,55.0,132.0,132.0,77.0,199.5,0.0196958335781865,4,1
random,400,13,295,49.0,45.0,65.0,68.0,47.0,47.0,70.0,199.5,0.0196958335781865,4,1
random,400,13,296,382.0,393.0,387.0,385.0,393.0,393.0,383.0,199.5,0.0196958335781865,4,1
random,400,13,297,49.0,52.0,56.0,58.0,57.0,57.0,61.0,199.5,0.0196958335781865,4,1
random,400,13,298,3.0,10.0,7.0,7.0,6.0,6.0,4.0,199.5,0.0196958335781865,4,1
random,400,13,299,382.0,376.0,385.0,386.0,380.0,380.0,392.0,199.5,0.0196958335781865,4,1
random,400,13,300,49.0,22.0,64.0,64.0,31.0,31.0,73.0,199.5,0.0196958335781865,4,1
random,400,13,301,8.0,6.0,8.0,9.0,7.0,7.0,11.0,199.5,0.0196958335781865,4,1
random,400,13,302,382.0,390.0,383.0,383.0,390.0,390.0,384.0,199.5,0.0196958335781865,4,1
random,400,13,303,270.0,254.0,328.0,328.0,256.0,256.0,324.0,199.5,0.0196958335781865,4,1
random,400,13,304,79.0,160.0,91.0,88.0,151.0,151.0,81.0,199.5,0.0196958335781865,4,1
random,400,13,305,357.0,369.0,359.0,361.0,372.0,372.0,363.0,199.5,0.0196958335781865,4,1
random,400,13,306,329.0,350.0,326.0,323.0,354.0,354.0,331.0,199.5,0.0196958335781865,4,1
random,400,13,307,3.0,4.0,12.0,12.0,5.0,5.0,7.0,199.5,0.0196958335781865,4,1
random,400,13,308,217.0,238.0,227.0,226.0,242.0,242.0,240.0,199.5,0.0196958335781865,4,1
random,400,13,309,270.0,318.0,332.0,332.0,314.0,314.0,304.0,199.5,0.0196958335781865,4,1
random,400,13,310,270.0,335.0,298.0,294.0,332.0,332.0,275.0,199.5,0.0196958335781865,4,1
random,400,13,311,217.0,229.0,239.0,237.0,232.0,232.0,245.0,199.5,0.0196958335781865,4,1
random,400,13,312,49.0,50.0,44.0,43.0,56.0,56.0,59.0,199.5,0.0196958335781865,4,1
random,400,13,313,15.0,70.0,27.0,27.0,52.0,52.0,18.0,199.5,0.0196958335781865,4,1
random,400,13,314,115.0,178.0,151.0,152.0,174.0,174.0,127.0,199.5,0.0196958335781865,4,1
random,400,13,315,167.0,177.0,200.0,205.0,175.0,175.0,203.0,199.5,0.0196958335781865,4,1
random,400,13,316,217.0,257.0,273.0,288.0,257.0,257.0,252.0,199.5,0.0196958335781865,4,1
random,400,13,317,329.0,291.0,338.0,338.0,299.0,299.0,347.0,199.5,0.0196958335781865,4,1
random,400,13,318,329.0,292.0,342.0,343.0,298.0,298.0,353.0,199.5,0.0196958335781865,4,1
random,400,13,319,270.0,308.0,312.0,307.0,311.0,311.0,289.0,199.5,0.0196958335781865,4,1
random,400,13,320,49.0,47.0,51.0,52.0,45.0,45.0,66.0,199.5,0.0196958335781865,4,1
random,400,13,321,329.0,336.0,285.0,278.0,339.0,339.0,329.0,199.5,0.0196958335781865,4,1
random,400,13,322,115.0,104.0,111.0,109.0,114.0,114.0,134.0,199.5,0.0196958335781865,4,1
random,400,13,323,217.0,143.0,266.0,268.0,156.0,156.0,271.0,199.5,0.0196958335781865,4,1
random,400,13,324,79.0,153.0,115.0,115.0,146.0,146.0,90.0,199.5,0.0196958335781865,4,1
random,400,13,325,357.0,376.0,366.0,366.0,378.0,378.0,362.0,199.5,0.0196958335781865,4,1
random,400,13,326,270.0,219.0,272.0,270.0,230.0,230.0,317.0,199.5,0.0196958335781865,4,1
random,400,13,327,115.0,60.0,145.0,148.0,81.0,81.0,163.0,199.5,0.0196958335781865,4,1
random,400,13,328,217.0,195.0,212.0,211.0,207.0,207.0,230.0,199.5,0.0196958335781865,4,1
random,400,13,329,49.0,39.0,33.0,32.0,40.0,40.0,56.0,199.5,0.0196958335781865,4,1
random,400,13,330,217.0,167.0,252.0,255.0,184.0,184.0,262.0,199.5,0.0196958335781865,4,1
random,400,13,331,270.0,185.0,305.0,309.0,201.0,201.0,326.0,199.5,0.0196958335781865,4,1
random,400,13,332,382.0,388.0,384.0,384.0,387.0,387.0,387.0,199.5,0.0196958335781865,4,1
random,400,13,333,217.0,195.0,297.0,300.0,201.0,201.0,266.0,199.5,0.0196958335781865,4,1
random,400,13,334,115.0,173.0,144.0,143.0,169.0,169.0,123.0,199.5,0.0196958335781865,4,1
random,400,13,335,270.0,338.0,281.0,277.0,334.0,334.0,274.0,199.5,0.0196958335781865,4,1
random,400,13,336,270.0,354.0,238.0,230.0,351.0,351.0,267.0,199.5,0.0196958335781865,4,1
random,400,13,337,115.0,140.0,148.0,144.0,137.0,137.0,141.0,199.5,0.0196958335781865,4,1
random,400,13,338,270.0,331.0,294.0,291.0,325.0,325.0,291.0,199.5,0.0196958335781865,4,1
random,400,13,339,167.0,180.0,171.0,168.0,181.0,181.0,197.0,199.5,0.0196958335781865,4,1
random,400,13,340,217.0,270.0,288.0,297.0,270.0,270.0,248.0,199.5,0.0196958335781865,4,1
random,400,13,341,79.0,122.0,92.0,91.0,119.0,119.0,95.0,199.5,0.0196958335781865,4,1
random,400,13,342,1.0,1.0,1.0,1.0,1.0,1.0,1.0,199.5,0.0196958335781865,4,1
random,400,13,343,329.0,282.0,346.0,348.0,290.0,290.0,355.0,199.5,0.0196958335781865,4,1
random,400,13,344,167.0,153.0,210.0,208.0,165.0,165.0,214.0,199.5,0.0196958335781865,4,1
random,400,13,345,115.0,152.0,136.0,127.0,149.0,149.0,138.0,199.5,0.0196958335781865,4,1
random,400,13,346,115.0,64.0,179.0,178.0,75.0,75.0,165.0,199.5,0.0196958335781865,4,1
random,400,13,347,28.0,28.0,50.0,49.0,33.0,33.0,47.0,199.5,0.0196958335781865,4,1
random,400,13,348,329.0,328.0,343.0,342.0,330.0,330.0,344.0,199.5,0.0196958335781865,4,1
random,400,13,349,270.0,277.0,329.0,329.0,283.0,283.0,309.0,199.5,0.0196958335781865,4,1
random,400,13,350,329.0,382.0,357.0,357.0,376.0,376.0,332.0,199.5,0.0196958335781865,4,1
random,400,13,351,79.0,84.0,76.0,76.0,83.0,83.0,102.0,199.5,0.0196958335781865,4,1
random,400,13,352,217.0,267.0,203.0,196.0,266.0,266.0,225.0,199.5,0.0196958335781865,4,1
random,400,13,353,15.0,15.0,25.0,25.0,17.0,17.0,23.0,199.5,0.0196958335781865,4,1
random,400,13,354,167.0,217.0,226.0,225.0,217.0,217.0,207.0,199.5,0.0196958335781865,4,1
random,400,13,355,270.0,243.0,327.0,326.0,251.0,251.0,325.0,199.5,0.0196958335781865,4,1
random,400,13,356,357.0,367.0,377.0,377.0,367.0,367.0,373.0,199.5,0.0196958335781865,4,1
random,400,13,357,394.0,395.0,396.0,394.0,395.0,395.0,399.0,199.5,0.0196958335781865,4,1
random,400,13,358,357.0,369.0,308.0,308.0,369.0,369.0,358.0,199.5,0.0196958335781865,4,1
random,400,13,359,79.0,122.0,105.0,108.0,123.0,123.0,93.0,199.5,0.0196958335781865,4,1
random,400,13,360,357.0,374.0,374.0,373.0,374.0,374.0,367.0,199.5,0.0196958335781865,4,1
random,400,13,361,270.0,224.0,279.0,292.0,239.0,239.0,316.0,199.5,0.0196958335781865,4,1
random,400,13,362,49.0,78.0,68.0,67.0,73.0,73.0,67.0,199.5,0.0196958335781865,4,1
random,400,13,363,115.0,95.0,206.0,214.0,102.0,102.0,164.0,199.5,0.0196958335781865,4,1
random,400,13,364,79.0,89.0,83.0,86.0,90.0,90.0,96.0,199.5,0.0196958335781865,4,1
random,400,13,365,49.0,20.0,97.0,99.0,26.0,26.0,80.0,199.5,0.0196958335781865,4,1
random,400,13,366,15.0,28.0,15.0,14.0,27.0,27.0,17.0,199.5,0.0196958335781865,4,1
random,400,13,367,115.0,104.0,155.0,163.0,107.0,107.0,160.0,199.5,0.0196958335781865,4,1
random,400,13,368,115.0,191.0,164.0,161.0,186.0,186.0,128.0,199.5,0.0196958335781865,4,1
random,400,13,369,115.0,95.0,153.0,159.0,100.0,100.0,151.0,199.5,0.0196958335781865,4,1
random,400,13,370,217.0,262.0,232.0,229.0,263.0,263.0,231.0,199.5,0.0196958335781865,4,1
random,400,13,371,329.0,364.0,337.0,336.0,363.0,363.0,335.0,199.5,0.0196958335781865,4,1
random,400,13,372,28.0,50.0,66.0,65.0,43.0,43.0,42.0,199.5,0.0196958335781865,4,1
random,400,13,373,49.0,35.0,62.0,62.0,36.0,36.0,71.0,199.5,0.0196958335781865,4,1
random,400,13,374,217.0,188.0,236.0,241.0,198.0,198.0,258.0,199.5,0.0196958335781865,4,1
random,400,13,375,270.0,303.0,301.0,301.0,302.0,302.0,294.0,199.5,0.0196958335781865,4,1
random,400,13,376,115.0,114.0,178.0,189.0,121.0,121.0,157.0,199.5,0.0196958335781865,4,1
random,400,13,377,115.0,215.0,135.0,131.0,204.0,204.0,119.0,199.5,0.0196958335781865,4,1
random,400,13,378,270.0,261.0,318.0,320.0,269.0,269.0,320.0,199.5,0.0196958335781865,4,1
random,400,13,379,15.0,17.0,16.0,18.0,19.0,19.0,19.0,199.5,0.0196958335781865,4,1
random,400,13,380,329.0,351.0,336.0,334.0,353.0,353.0,336.0,199.5,0.0196958335781865,4,1
random,400,13,381,270.0,321.0,306.0,306.0,324.0,324.0,288.0,199.5,0.0196958335781865,4,1
random,400,13,382,329.0,334.0,356.0,354.0,333.0,333.0,349.0,199.5,0.0196958335781865,4,1
random,400,13,383,270.0,341.0,304.0,303.0,340.0,340.0,277.0,199.5,0.0196958335781865,4,1
random,400,13,384,167.0,148.0,149.0,145.0,154.0,154.0,180.0,199.5,0.0196958335781865,4,1
random,400,13,385,167.0,207.0,132.0,126.0,206.0,206.0,171.0,199.5,0.0196958335781865,4,1
random,400,13,386,217.0,275.0,250.0,251.0,272.0,272.0,242.0,199.5,0.0196958335781865,4,1
random,400,13,387,270.0,318.0,289.0,281.0,316.0,316.0,292.0,199.5,0.0196958335781865,4,1
random,400,13,388,217.0,289.0,241.0,240.0,281.0,281.0,226.0,199.5,0.0196958335781865,4,1
random,400,13,389,270.0,273.0,316.0,315.0,277.0,277.0,312.0,199.5,0.0196958335781865,4,1
random,400,13,390,270.0,333.0,303.0,302.0,327.0,327.0,285.0,199.5,0.0196958335781865,4,1
random,400,13,391,167.0,195.0,201.0,200.0,194.0,194.0,191.0,199.5,0.0196958335781865,4,1
random,400,13,392,270.0,238.0,310.0,313.0,248.0,248.0,323.0,199.5,0.0196958335781865,4,1
random,400,13,393,28.0,17.0,41.0,46.0,21.0,21.0,48.0,199.5,0.0196958335781865,4,1
random,400,13,394,49.0,57.0,35.0,35.0,61.0,61.0,53.0,199.5,0.0196958335781865,4,1
random,400,13,395,270.0,281.0,331.0,330.0,284.0,284.0,315.0,199.5,0.0196958335781865,4,1
random,400,13,396,28.0,39.0,36.0,36.0,35.0,35.0,41.0,199.5,0.0196958335781865,4,1
random,400,13,397,217.0,299.0,261.0,260.0,292.0,292.0,228.0,199.5,0.0196958335781865,4,1
random,400,13,398,394.0,394.0,395.0,396.0,394.0,394.0,398.0,199.5,0.0196958335781865,4,1
random,400,13,399,115.0,103.0,147.0,149.0,106.0,106.0,161.0,199.5,0.0196958335781865,4,1
random,400,14,0,385.0,386.0,389.0,389.0,387.0,387.0,396.0,199.5,0.02194769010229533,3,1
random,400,14,1,210.0,229.0,269.0,273.0,229.0,229.0,261.0,199.5,0.02194769010229533,3,1
random,400,14,2,162.0,198.0,218.0,235.0,188.0,188.0,196.0,199.5,0.02194769010229533,3,1
random,400,14,3,400.0,400.0,400.0,400.0,400.0,400.0,400.0,199.5,0.02194769010229533,3,1
random,400,14,4,210.0,191.0,222.0,224.0,201.0,201.0,258.0,199.5,0.02194769010229533,3,1
random,400,14,5,281.0,311.0,302.0,306.0,310.0,310.0,295.0,199.5,0.02194769010229533,3,1
random,400,14,6,113.0,163.0,160.0,161.0,166.0,166.0,138.0,199.5,0.02194769010229533,3,1
random,400,14,7,210.0,317.0,205.0,201.0,312.0,312.0,215.0,199.5,0.02194769010229533,3,1
random,400,14,8,281.0,326.0,306.0,305.0,320.0,320.0,296.0,199.5,0.02194769010229533,3,1
random,400,14,9,113.0,163.0,173.0,173.0,162.0,162.0,139.0,199.5,0.02194769010229533,3,1
random,400,14,10,365.0,368.0,377.0,376.0,367.0,367.0,382.0,199.5,0.02194769010229533,3,1
random,400,14,11,26.0,65.0,39.0,40.0,53.0,53.0,35.0,199.5,0.02194769010229533,3,1
random,400,14,12,385.0,381.0,387.0,387.0,383.0,383.0,394.0,199.5,0.02194769010229533,3,1
random,400,14,13,162.0,238.0,210.0,215.0,236.0,236.0,177.0,199.5,0.02194769010229533,3,1
random,400,14,14,210.0,273.0,262.0,259.0,273.0,273.0,244.0,199.5,0.02194769010229533,3,1
random,400,14,15,210.0,198.0,241.0,240.0,207.0,207.0,247.0,199.5,0.02194769010229533,3,1
random,400,14,16,210.0,208.0,259.0,257.0,214.0,214.0,263.0,199.5,0.02194769010229533,3,1
random,400,14,17,48.0,110.0,52.0,52.0,99.0,99.0,48.0,199.5,0.02194769010229533,3,1
random,400,14,18,281.0,301.0,288.0,284.0,302.0,302.0,289.0,199.5,0.02194769010229533,3,1
random,400,14,19,72.0,87.0,91.0,93.0,81.0,81.0,98.0,199.5,0.02194769010229533,3,1
random,400,14,20,113.0,180.0,152.0,147.0,183.0,183.0,129.0,199.5,0.02194769010229533,3,1
random,400,14,21,26.0,16.0,26.0,29.0,20.0,20.0,41.0,199.5,0.02194769010229533,3,1
random,400,14,22,210.0,297.0,202.0,194.0,295.0,295.0,214.0,199.5,0.02194769010229533,3,1
random,400,14,23,365.0,365.0,363.0,361.0,366.0,366.0,374.0,199.5,0.02194769010229533,3,1
random,400,14,24,281.0,306.0,345.0,346.0,307.0,307.0,317.0,199.5,0.02194769010229533,3,1
random,400,14,25,210.0,243.0,278.0,281.0,243.0,243.0,254.0,199.5,0.02194769010229533,3,1
random,400,14,26,210.0,296.0,207.0,202.0,289.0,289.0,222.0,199.5,0.02194769010229533,3,1
random,400,14,27,327.0,332.0,347.0,348.0,336.0,336.0,346.0,199.5,0.02194769010229533,3,1
random,400,14,28,327.0,312.0,365.0,368.0,315.0,315.0,363.0,199.5,0.02194769010229533,3,1
random,400,14,29,162.0,166.0,215.0,212.0,172.0,172.0,197.0,199.5,0.02194769010229533,3,1
random,400,14,30,162.0,198.0,187.0,187.0,193.0,193.0,183.0,199.5,0.02194769010229533,3,1
random,400,14,31,327.0,322.0,307.0,301.0,329.0,329.0,343.0,199.5,0.02194769010229533,3,1
random,400,14,32,162.0,205.0,212.0,211.0,199.0,199.0,185.0,199.5,0.02194769010229533,3,1
random,400,14,33,113.0,82.0,102.0,97.0,100.0,100.0,125.0,199.5,0.02194769010229533,3,1
random,400,14,34,327.0,357.0,326.0,318.0,358.0,358.0,329.0,199.5,0.02194769010229533,3,1
random,400,14,35,210.0,252.0,276.0,277.0,252.0,252.0,259.0,199.5,0.02194769010229533,3,1
random,400,14,36,14.0,40.0,24.0,26.0,32.0,32.0,18.0,199.5,0.02194769010229533,3,1
random,400,14,37,210.0,272.0,228.0,226.0,269.0,269.0,226.0,199.5,0.02194769010229533,3,1
random,400,14,38,210.0,149.0,188.0,189.0,157.0,157.0,262.0,199.5,0.02194769010229533,3,1
random,400,14,39,327.0,370.0,336.0,332.0,369.0,369.0,332.0,199.5,0.02194769010229533,3,1
random,400,14,40,162.0,69.0,149.0,151.0,82.0,82.0,209.0,199.5,0.02194769010229533,3,1
random,400,14,41,210.0,135.0,201.0,200.0,152.0,152.0,267.0,199.5,0.02194769010229533,3,1
random,400,14,42,72.0,43.0,95.0,94.0,51.0,51.0,107.0,199.5,0.02194769010229533,3,1
random,400,14,43,72.0,102.0,123.0,120.0,105.0,105.0,105.0,199.5,0.02194769010229533,3,1
random,400,14,44,26.0,77.0,40.0,39.0,69.0,69.0,28.0,199.5,0.02194769010229533,3,1
random,400,14,45,162.0,273.0,242.0,242.0,265.0,265.0,173.0,199.5,0.02194769010229533,3,1
random,400,14,46,281.0,262.0,267.0,265.0,278.0,278.0,299.0,199.5,0.02194769010229533,3,1
random,400,14,47,113.0,138.0,125.0,119.0,141.0,141.0,132.0,199.5,0.02194769010229533,3,1
random,400,14,48,327.0,335.0,335.0,333.0,335.0,335.0,338.0,199.5,0.02194769010229533,3,1
random,400,14,49,26.0,9.0,16.0,15.0,13.0,13.0,40.0,199.5,0.02194769010229533,3,1
random,400,14,50,365.0,377.0,356.0,353.0,379.0,379.0,367.0,199.5,0.02194769010229533,3,1
random,400,14,51,281.0,346.0,330.0,329.0,343.0,343.0,290.0,199.5,0.02194769010229533,3,1
random,400,14,52,327.0,341.0,358.0,357.0,341.0,341.0,351.0,199.5,0.02194769010229533,3,1
random,400,14,53,210.0,266.0,263.0,264.0,266.0,266.0,251.0,199.5,0.02194769010229533,3,1
random,400,14,54,281.0,298.0,321.0,325.0,298.0,298.0,318.0,199.5,0.02194769010229533,3,1
random,400,14,55,365.0,375.0,380.0,382.0,377.0,377.0,376.0,199.5,0.02194769010229533,3,1
random,400,14,56,162.0,141.0,159.0,163.0,151.0,151.0,178.0,199.5,0.02194769010229533,3,1
random,400,14,57,113.0,79.0,156.0,156.0,88.0,88.0,159.0,199.5,0.02194769010229533,3,1
random,400,14,58,14.0,13.0,22.0,22.0,14.0,14.0,22.0,199.5,0.02194769010229533,3,1
random,400,14,59,72.0,108.0,81.0,77.0,107.0,107.0,85.0,199.5,0.02194769010229533,3,1
random,400,14,60,162.0,155.0,169.0,167.0,160.0,160.0,193.0,199.5,0.02194769010229533,3,1
random,400,14,61,113.0,114.0,136.0,143.0,114.0,114.0,149.0,199.5,0.02194769010229533,3,1
random,400,14,62,48.0,50.0,47.0,47.0,48.0,48.0,64.0,199.5,0.02194769010229533,3,1
random,400,14,63,210.0,293.0,239.0,236.0,290.0,290.0,225.0,199.5,0.02194769010229533,3,1
random,400,14,64,385.0,393.0,388.0,388.0,393.0,393.0,392.0,199.5,0.02194769010229533,3,1
random,400,14,65,210.0,279.0,268.0,268.0,281.0,281.0,229.0,199.5,0.02194769010229533,3,1
random,400,14,66,48.0,60.0,51.0,49.0,62.0,62.0,56.0,199.5,0.02194769010229533,3,1
random,400,14,67,26.0,54.0,50.0,48.0,50.0,50.0,36.0,199.5,0.02194769010229533,3,1
random,400,14,68,72.0,82.0,111.0,111.0,84.0,84.0,109.0,199.5,0.02194769010229533,3,1
random,400,14,69,210.0,177.0,282.0,289.0,187.0,187.0,279.0,199.5,0.02194769010229533,3,1
random,400,14,70,26.0,39.0,36.0,35.0,36.0,36.0,39.0,199.5,0.02194769010229533,3,1
random,400,14,71,281.0,304.0,304.0,302.0,306.0,306.0,302.0,199.5,0.02194769010229533,3,1
random,400,14,72,162.0,147.0,217.0,217.0,154.0,154.0,205.0,199.5,0.02194769010229533,3,1
random,400,14,73,210.0,214.0,287.0,290.0,217.0,217.0,281.0,199.5,0.02194769010229533,3,1
random,400,14,74,162.0,248.0,163.0,154.0,240.0,240.0,164.0,199.5,0.02194769010229533,3,1
random,400,14,75,7.0,7.0,10.0,11.0,7.0,7.0,13.0,199.5,0.02194769010229533,3,1
random,400,14,76,113.0,170.0,143.0,145.0,168.0,168.0,127.0,199.5,0.02194769010229533,3,1
random,400,14,77,281.0,302.0,316.0,313.0,304.0,304.0,301.0,199.5,0.02194769010229533,3,1
random,400,14,78,281.0,227.0,292.0,293.0,235.0,235.0,312.0,199.5,0.02194769010229533,3,1
random,400,14,79,72.0,100.0,85.0,80.0,98.0,98.0,88.0,199.5,0.02194769010229533,3,1
random,400,14,80,162.0,246.0,206.0,210.0,242.0,242.0,168.0,199.5,0.02194769010229533,3,1
random,400,14,81,281.0,335.0,297.0,294.0,333.0,333.0,287.0,199.5,0.02194769010229533,3,1
random,400,14,82,210.0,279.0,237.0,237.0,275.0,275.0,217.0,199.5,0.02194769010229533,3,1
random,400,14,83,72.0,121.0,122.0,124.0,114.0,114.0,90.0,199.5,0.02194769010229533,3,1
random,400,14,84,210.0,322.0,233.0,232.0,317.0,317.0,213.0,199.5,0.02194769010229533,3,1
random,400,14,85,113.0,174.0,148.0,149.0,164.0,164.0,136.0,199.5,0.02194769010229533,3,1
random,400,14,86,385.0,392.0,392.0,391.0,391.0,391.0,389.0,199.5,0.02194769010229533,3,1
random,400,14,87,7.0,41.0,19.0,20.0,27.0,27.0,7.0,199.5,0.02194769010229533,3,1
random,400,14,88,48.0,102.0,45.0,43.0,85.0,85.0,51.0,199.5,0.02194769010229533,3,1
random,400,14,89,14.0,17.0,11.0,12.0,16.0,16.0,15.0,199.5,0.02194769010229533,3,1
random,400,14,90,113.0,82.0,158.0,162.0,90.0,90.0,160.0,199.5,0.02194769010229533,3,1
random,400,14,91,113.0,286.0,110.0,103.0,257.0,257.0,111.0,199.5,0.02194769010229533,3,1
random,400,14,92,48.0,91.0,73.0,72.0,77.0,77.0,60.0,199.5,0.02194769010229533,3,1
random,400,14,93,113.0,236.0,128.0,125.0,221.0,221.0,114.0,199.5,0.02194769010229533,3,1
random,400,14,94,113.0,82.0,120.0,118.0,94.0,94.0,145.0,199.5,0.02194769010229533,3,1
random,400,14,95,72.0,114.0,97.0,92.0,112.0,112.0,82.0,199.5,0.02194769010229533,3,1
random,400,14,96,327.0,341.0,338.0,338.0,340.0,340.0,345.0,199.5,0.02194769010229533,3,1
random,400,14,97,72.0,82.0,63.0,59.0,93.0,93.0,81.0,199.5,0.02194769010229533,3,1
random,400,14,98,162.0,191.0,216.0,214.0,189.0,189.0,184.0,199.5,0.02194769010229533,3,1
random,400,14,99,4.0,20.0,5.0,5.0,12.0,12.0,4.0,199.5,0.02194769010229533,3,1
random,400,14,100,113.0,205.0,138.0,136.0,186.0,186.0,122.0,199.5,0.02194769010229533,3,1
random,400,14,101,327.0,345.0,359.0,360.0,344.0,344.0,352.0,199.5,0.02194769010229533,3,1
random,400,14,102,48.0,51.0,32.0,32.0,56.0,56.0,50.0,199.5,0.02194769010229533,3,1
random,400,14,103,26.0,34.0,57.0,58.0,37.0,37.0,45.0,199.5,0.02194769010229533,3,1
random,400,14,104,281.0,273.0,325.0,330.0,286.0,286.0,311.0,199.5,0.02194769010229533,3,1
random,400,14,105,162.0,138.0,238.0,239.0,142.0,142.0,210.0,199.5,0.02194769010229533,3,1
random,400,14,106,281.0,248.0,299.0,304.0,260.0,260.0,313.0,199.5,0.02194769010229533,3,1
random,400,14,107,4.0,1.0,3.0,3.0,2.0,2.0,5.0,199.5,0.02194769010229533,3,1
random,400,14,108,385.0,394.0,394.0,395.0,394.0,394.0,391.0,199.5,0.02194769010229533,3,1
random,400,14,109,210.0,231.0,177.0,176.0,233.0,233.0,223.0,199.5,0.02194769010229533,3,1
random,400,14,110,327.0,298.0,354.0,358.0,302.0,302.0,362.0,199.5,0.02194769010229533,3,1
random,400,14,111,162.0,113.0,185.0,184.0,125.0,125.0,204.0,199.5,0.02194769010229533,3,1
random,400,14,112,281.0,300.0,313.0,314.0,300.0,300.0,305.0,199.5,0.02194769010229533,3,1
random,400,14,113,281.0,261.0,315.0,317.0,268.0,268.0,320.0,199.5,0.02194769010229533,3,1
random,400,14,114,113.0,218.0,135.0,135.0,192.0,192.0,120.0,199.5,0.02194769010229533,3,1
random,400,14,115,281.0,330.0,332.0,334.0,330.0,330.0,300.0,199.5,0.02194769010229533,3,1
random,400,14,116,210.0,246.0,257.0,256.0,246.0,246.0,255.0,199.5,0.02194769010229533,3,1
random,400,14,117,365.0,348.0,381.0,381.0,356.0,356.0,380.0,199.5,0.02194769010229533,3,1
random,400,14,118,327.0,312.0,348.0,347.0,316.0,316.0,356.0,199.5,0.02194769010229533,3,1
random,400,14,119,113.0,160.0,142.0,139.0,161.0,161.0,124.0,199.5,0.02194769010229533,3,1
random,400,14,120,72.0,121.0,80.0,81.0,113.0,113.0,83.0,199.5,0.02194769010229533,3,1
random,400,14,121,210.0,266.0,248.0,241.0,261.0,261.0,238.0,199.5,0.02194769010229533,3,1
random,400,14,122,210.0,180.0,265.0,274.0,190.0,190.0,280.0,199.5,0.02194769010229533,3,1
random,400,14,123,162.0,160.0,157.0,159.0,166.0,166.0,169.0,199.5,0.02194769010229533,3,1
random,400,14,124,210.0,180.0,179.0,183.0,195.0,195.0,233.0,199.5,0.02194769010229533,3,1
random,400,14,125,113.0,101.0,146.0,142.0,111.0,111.0,143.0,199.5,0.02194769010229533,3,1
random,400,14,126,162.0,174.0,225.0,220.0,175.0,175.0,198.0,199.5,0.02194769010229533,3,1
random,400,14,127,72.0,96.0,109.0,110.0,96.0,96.0,93.0,199.5,0.02194769010229533,3,1
random,400,14,128,210.0,302.0,250.0,249.0,299.0,299.0,221.0,199.5,0.02194769010229533,3,1
random,400,14,129,72.0,123.0,84.0,83.0,121.0,121.0,77.0,199.5,0.02194769010229533,3,1
random,400,14,130,113.0,114.0,168.0,168.0,118.0,118.0,158.0,199.5,0.02194769010229533,3,1
random,400,14,131,327.0,376.0,355.0,354.0,374.0,374.0,334.0,199.5,0.02194769010229533,3,1
random,400,14,132,210.0,193.0,251.0,262.0,205.0,205.0,272.0,199.5,0.02194769010229533,3,1
random,400,14,133,327.0,339.0,369.0,372.0,334.0,334.0,361.0,199.5,0.02194769010229533,3,1
random,400,14,134,72.0,61.0,89.0,90.0,64.0,64.0,108.0,199.5,0.02194769010229533,3,1
random,400,14,135,72.0,56.0,62.0,65.0,59.0,59.0,89.0,199.5,0.02194769010229533,3,1
random,400,14,136,113.0,119.0,164.0,166.0,114.0,114.0,155.0,199.5,0.02194769010229533,3,1
random,400,14,137,113.0,128.0,137.0,137.0,127.0,127.0,141.0,199.5,0.02194769010229533,3,1
random,400,14,138,162.0,234.0,175.0,178.0,225.0,225.0,166.0,199.5,0.02194769010229533,3,1
random,400,14,139,327.0,318.0,350.0,352.0,326.0,326.0,353.0,199.5,0.02194769010229533,3,1
random,400,14,140,327.0,330.0,337.0,336.0,332.0,332.0,342.0,199.5,0.02194769010229533,3,1
random,400,14,141,162.0,202.0,204.0,205.0,196.0,196.0,190.0,199.5,0.02194769010229533,3,1
random,400,14,142,365.0,340.0,383.0,383.0,346.0,346.0,384.0,199.5,0.02194769010229533,3,1
random,400,14,143,48.0,47.0,75.0,78.0,47.0,47.0,69.0,199.5,0.02194769010229533,3,1
random,400,14,144,365.0,368.0,351.0,349.0,371.0,371.0,366.0,199.5,0.02194769010229533,3,1
random,400,14,145,14.0,33.0,31.0,31.0,29.0,29.0,21.0,199.5,0.02194769010229533,3,1
random,400,14,146,48.0,141.0,78.0,74.0,129.0,129.0,54.0,199.5,0.02194769010229533,3,1
random,400,14,147,398.0,389.0,399.0,399.0,392.0,392.0,399.0,199.5,0.02194769010229533,3,1
random,400,14,148,162.0,131.0,184.0,180.0,137.0,137.0,195.0,199.5,0.02194769010229533,3,1
random,400,14,149,48.0,43.0,76.0,82.0,44.0,44.0,71.0,199.5,0.02194769010229533,3,1
random,400,14,150,48.0,41.0,69.0,75.0,42.0,42.0,70.0,199.5,0.02194769010229533,3,1
random,400,14,151,210.0,266.0,272.0,272.0,258.0,258.0,257.0,199.5,0.02194769010229533,3,1
random,400,14,152,210.0,227.0,227.0,218.0,222.0,222.0,249.0,199.5,0.02194769010229533,3,1
random,400,14,153,162.0,176.0,195.0,203.0,179.0,179.0,191.0,199.5,0.02194769010229533,3,1
random,400,14,154,26.0,12.0,42.0,42.0,15.0,15.0,46.0,199.5,0.02194769010229533,3,1
random,400,14,155,72.0,102.0,106.0,105.0,108.0,108.0,86.0,199.5,0.02194769010229533,3,1
random,400,14,156,327.0,351.0,132.0,133.0,349.0,349.0,285.0,199.5,0.02194769010229533,3,1
random,400,14,157,162.0,169.0,182.0,181.0,171.0,171.0,186.0,199.5,0.02194769010229533,3,1
random,400,14,158,162.0,178.0,178.0,179.0,180.0,180.0,192.0,199.5,0.02194769010229533,3,1
random,400,14,159,327.0,361.0,362.0,363.0,362.0,362.0,340.0,199.5,0.02194769010229533,3,1
random,400,14,160,14.0,22.0,27.0,27.0,22.0,22.0,19.0,199.5,0.02194769010229533,3,1
random,400,14,161,210.0,256.0,236.0,233.0,256.0,256.0,237.0,199.5,0.02194769010229533,3,1
random,400,14,162,113.0,102.0,153.0,153.0,106.0,106.0,157.0,199.5,0.02194769010229533,3,1
random,400,14,163,48.0,54.0,49.0,50.0,54.0,54.0,57.0,199.5,0.02194769010229533,3,1
random,400,14,164,210.0,279.0,258.0,254.0,277.0,277.0,235.0,199.5,0.02194769010229533,3,1
random,400,14,165,162.0,154.0,221.0,228.0,159.0,159.0,203.0,199.5,0.02194769010229533,3,1
random,400,14,166,72.0,95.0,112.0,113.0,92.0,92.0,100.0,199.5,0.02194769010229533,3,1
random,400,14,167,113.0,166.0,145.0,140.0,155.0,155.0,134.0,199.5,0.02194769010229533,3,1
random,400,14,168,72.0,81.0,113.0,112.0,83.0,83.0,103.0,199.5,0.02194769010229533,3,1
random,400,14,169,48.0,17.0,48.0,51.0,21.0,21.0,67.0,199.5,0.02194769010229533,3,1
random,400,14,170,210.0,244.0,198.0,195.0,244.0,244.0,218.0,199.5,0.02194769010229533,3,1
random,400,14,171,365.0,371.0,379.0,378.0,373.0,373.0,375.0,199.5,0.02194769010229533,3,1
random,400,14,172,162.0,230.0,199.0,198.0,225.0,225.0,174.0,199.5,0.02194769010229533,3,1
random,400,14,173,72.0,91.0,107.0,108.0,86.0,86.0,102.0,199.5,0.02194769010229533,3,1
random,400,14,174,48.0,110.0,53.0,55.0,103.0,103.0,49.0,199.5,0.02194769010229533,3,1
random,400,14,175,281.0,319.0,300.0,296.0,321.0,321.0,294.0,199.5,0.02194769010229533,3,1
random,400,14,176,327.0,360.0,329.0,327.0,359.0,359.0,330.0,199.5,0.02194769010229533,3,1
random,400,14,177,26.0,51.0,30.0,30.0,49.0,49.0,27.0,199.5,0.02194769010229533,3,1
random,400,14,178,385.0,399.0,391.0,390.0,399.0,399.0,385.0,199.5,0.02194769010229533,3,1
random,400,14,179,281.0,266.0,324.0,326.0,279.0,279.0,322.0,199.5,0.02194769010229533,3,1
random,400,14,180,210.0,290.0,192.0,188.0,282.0,282.0,216.0,199.5,0.02194769010229533,3,1
random,400,14,181,7.0,11.0,8.0,8.0,9.0,9.0,8.0,199.5,0.02194769010229533,3,1
random,400,14,182,210.0,262.0,252.0,250.0,270.0,270.0,239.0,199.5,0.02194769010229533,3,1
random,400,14,183,72.0,193.0,94.0,96.0,177.0,177.0,74.0,199.5,0.02194769010229533,3,1
random,400,14,184,72.0,198.0,134.0,126.0,178.0,178.0,78.0,199.5,0.02194769010229533,3,1
random,400,14,185,48.0,53.0,65.0,68.0,57.0,57.0,61.0,199.5,0.02194769010229533,3,1
random,400,14,186,281.0,293.0,277.0,282.0,294.0,294.0,306.0,199.5,0.02194769010229533,3,1
random,400,14,187,113.0,128.0,151.0,148.0,127.0,127.0,146.0,199.5,0.02194769010229533,3,1
random,400,14,188,72.0,75.0,88.0,88.0,79.0,79.0,91.0,199.5,0.02194769010229533,3,1
random,400,14,189,210.0,234.0,266.0,271.0,232.0,232.0,265.0,199.5,0.02194769010229533,3,1
random,400,14,190,14.0,26.0,7.0,7.0,26.0,26.0,14.0,199.5,0.02194769010229533,3,1
random,400,14,191,113.0,108.0,130.0,134.0,104.0,104.0,150.0,199.5,0.02194769010229533,3,1
random,400,14,192,385.0,397.0,397.0,394.0,397.0,397.0,386.0,199.5,0.02194769010229533,3,1
random,400,14,193,162.0,266.0,219.0,219.0,253.0,253.0,181.0,199.5,0.02194769010229533,3,1
random,400,14,194,162.0,102.0,171.0,172.0,122.0,122.0,206.0,199.5,0.02194769010229533,3,1
random,400,14,195,327.0,322.0,340.0,341.0,325.0,325.0,350.0,199.5,0.02194769010229533,3,1
random,400,14,196,281.0,166.0,293.0,292.0,190.0,190.0,324.0,199.5,0.02194769010229533,3,1
random,400,14,197,281.0,282.0,305.0,303.0,287.0,287.0,310.0,199.5,0.02194769010229533,3,1
random,400,14,198,4.0,3.0,4.0,4.0,3.0,3.0,6.0,199.5,0.02194769010229533,3,1
random,400,14,199,365.0,387.0,376.0,375.0,386.0,386.0,370.0,199.5,0.02194769010229533,3,1
random,400,14,200,26.0,48.0,21.0,19.0,45.0,45.0,29.0,199.5,0.02194769010229533,3,1
random,400,14,201,162.0,126.0,170.0,169.0,130.0,130.0,202.0,199.5,0.02194769010229533,3,1
random,400,14,202,385.0,385.0,393.0,393.0,385.0,385.0,393.0,199.5,0.02194769010229533,3,1
random,400,14,203,281.0,254.0,308.0,308.0,255.0,255.0,315.0,199.5,0.02194769010229533,3,1
random,400,14,204,210.0,180.0,231.0,229.0,204.0,204.0,228.0,199.5,0.02194769010229533,3,1
random,400,14,205,72.0,149.0,77.0,70.0,139.0,139.0,76.0,199.5,0.02194769010229533,3,1
random,400,14,206,365.0,352.0,342.0,340.0,357.0,357.0,368.0,199.5,0.02194769010229533,3,1
random,400,14,207,113.0,91.0,129.0,130.0,95.0,95.0,152.0,199.5,0.02194769010229533,3,1
random,400,14,208,281.0,236.0,294.0,297.0,250.0,250.0,316.0,199.5,0.02194769010229533,3,1
random,400,14,209,210.0,231.0,224.0,227.0,233.0,233.0,240.0,199.5,0.02194769010229533,3,1
random,400,14,210,210.0,258.0,223.0,225.0,259.0,259.0,232.0,199.5,0.02194769010229533,3,1
random,400,14,211,26.0,68.0,12.0,10.0,60.0,60.0,25.0,199.5,0.02194769010229533,3,1
random,400,14,212,162.0,212.0,174.0,170.0,206.0,206.0,179.0,199.5,0.02194769010229533,3,1
random,400,14,213,72.0,158.0,54.0,53.0,148.0,148.0,72.0,199.5,0.02194769010229533,3,1
random,400,14,214,162.0,208.0,167.0,165.0,197.0,197.0,172.0,199.5,0.02194769010229533,3,1
random,400,14,215,72.0,75.0,72.0,67.0,75.0,75.0,94.0,199.5,0.02194769010229533,3,1
random,400,14,216,7.0,8.0,9.0,9.0,8.0,8.0,10.0,199.5,0.02194769010229533,3,1
random,400,14,217,113.0,135.0,147.0,150.0,132.0,132.0,144.0,199.5,0.02194769010229533,3,1
random,400,14,218,327.0,293.0,341.0,343.0,301.0,301.0,360.0,199.5,0.02194769010229533,3,1
random,400,14,219,113.0,252.0,165.0,164.0,238.0,238.0,123.0,199.5,0.02194769010229533,3,1
random,400,14,220,26.0,34.0,18.0,17.0,35.0,35.0,31.0,199.5,0.02194769010229533,3,1
random,400,14,221,365.0,388.0,382.0,380.0,388.0,388.0,369.0,199.5,0.02194769010229533,3,1
random,400,14,222,365.0,389.0,360.0,359.0,389.0,389.0,365.0,199.5,0.02194769010229533,3,1
random,400,14,223,210.0,189.0,230.0,234.0,201.0,201.0,252.0,199.5,0.02194769010229533,3,1
random,400,14,224,327.0,314.0,343.0,342.0,319.0,319.0,355.0,199.5,0.02194769010229533,3,1
random,400,14,225,162.0,132.0,162.0,160.0,140.0,140.0,189.0,199.5,0.02194769010229533,3,1
random,400,14,226,210.0,180.0,249.0,251.0,193.0,193.0,273.0,199.5,0.02194769010229533,3,1
random,400,14,227,210.0,248.0,245.0,245.0,249.0,249.0,250.0,199.5,0.02194769010229533,3,1
random,400,14,228,113.0,155.0,92.0,87.0,150.0,150.0,119.0,199.5,0.02194769010229533,3,1
random,400,14,229,210.0,193.0,209.0,213.0,200.0,200.0,260.0,199.5,0.02194769010229533,3,1
random,400,14,230,162.0,221.0,172.0,175.0,209.0,209.0,170.0,199.5,0.02194769010229533,3,1
random,400,14,231,210.0,221.0,234.0,231.0,224.0,224.0,268.0,199.5,0.02194769010229533,3,1
random,400,14,232,113.0,87.0,127.0,127.0,86.0,86.0,154.0,199.5,0.02194769010229533,3,1
random,400,14,233,2.0,5.0,2.0,2.0,5.0,5.0,2.0,199.5,0.02194769010229533,3,1
random,400,14,234,210.0,163.0,247.0,248.0,184.0,184.0,269.0,199.5,0.02194769010229533,3,1
random,400,14,235,72.0,70.0,79.0,79.0,73.0,73.0,101.0,199.5,0.02194769010229533,3,1
random,400,14,236,281.0,221.0,289.0,286.0,231.0,231.0,321.0,199.5,0.02194769010229533,3,1
random,400,14,237,365.0,374.0,395.0,397.0,376.0,376.0,378.0,199.5,0.02194769010229533,3,1
random,400,14,238,210.0,241.0,226.0,222.0,245.0,245.0,231.0,199.5,0.02194769010229533,3,1
random,400,14,239,26.0,15.0,34.0,33.0,18.0,18.0,47.0,199.5,0.02194769010229533,3,1
random,400,14,240,327.0,361.0,361.0,362.0,360.0,360.0,341.0,199.5,0.02194769010229533,3,1
random,400,14,241,113.0,189.0,154.0,155.0,185.0,185.0,133.0,199.5,0.02194769010229533,3,1
random,400,14,242,113.0,186.0,141.0,141.0,173.0,173.0,130.0,199.5,0.02194769010229533,3,1
random,400,14,243,385.0,373.0,396.0,396.0,378.0,378.0,397.0,199.5,0.02194769010229533,3,1
random,400,14,244,281.0,327.0,281.0,276.0,327.0,327.0,286.0,199.5,0.02194769010229533,3,1
random,400,14,245,162.0,240.0,211.0,208.0,237.0,237.0,175.0,199.5,0.02194769010229533,3,1
random,400,14,246,281.0,273.0,319.0,323.0,284.0,284.0,314.0,199.5,0.02194769010229533,3,1
random,400,14,247,72.0,29.0,64.0,64.0,39.0,39.0,110.0,199.5,0.02194769010229533,3,1
random,400,14,248,385.0,398.0,386.0,386.0,398.0,398.0,387.0,199.5,0.02194769010229533,3,1
random,400,14,249,327.0,354.0,339.0,339.0,355.0,355.0,336.0,199.5,0.02194769010229533,3,1
random,400,14,250,210.0,221.0,295.0,299.0,219.0,219.0,278.0,199.5,0.02194769010229533,3,1
random,400,14,251,162.0,241.0,220.0,216.0,239.0,239.0,176.0,199.5,0.02194769010229533,3,1
random,400,14,252,14.0,29.0,41.0,41.0,33.0,33.0,16.0,199.5,0.02194769010229533,3,1
random,400,14,253,72.0,143.0,124.0,121.0,131.0,131.0,96.0,199.5,0.02194769010229533,3,1
random,400,14,254,327.0,332.0,333.0,335.0,337.0,337.0,339.0,199.5,0.02194769010229533,3,1
random,400,14,255,113.0,48.0,121.0,129.0,58.0,58.0,156.0,199.5,0.02194769010229533,3,1
random,400,14,256,210.0,212.0,271.0,267.0,212.0,212.0,270.0,199.5,0.02194769010229533,3,1
random,400,14,257,281.0,283.0,309.0,309.0,291.0,291.0,307.0,199.5,0.02194769010229533,3,1
random,400,14,258,26.0,45.0,60.0,61.0,46.0,46.0,44.0,199.5,0.02194769010229533,3,1
random,400,14,259,72.0,149.0,114.0,117.0,136.0,136.0,95.0,199.5,0.02194769010229533,3,1
random,400,14,260,327.0,348.0,368.0,367.0,350.0,350.0,344.0,199.5,0.02194769010229533,3,1
random,400,14,261,72.0,72.0,93.0,99.0,76.0,76.0,99.0,199.5,0.02194769010229533,3,1
random,400,14,262,14.0,24.0,14.0,13.0,23.0,23.0,17.0,199.5,0.02194769010229533,3,1
random,400,14,263,14.0,24.0,25.0,24.0,24.0,24.0,20.0,199.5,0.02194769010229533,3,1
random,400,14,264,113.0,114.0,144.0,144.0,120.0,120.0,147.0,199.5,0.02194769010229533,3,1
random,400,14,265,26.0,34.0,43.0,44.0,34.0,34.0,42.0,199.5,0.02194769010229533,3,1
random,400,14,266,113.0,193.0,166.0,171.0,181.0,181.0,142.0,199.5,0.02194769010229533,3,1
random,400,14,267,162.0,307.0,186.0,185.0,297.0,297.0,165.0,199.5,0.02194769010229533,3,1
random,400,14,268,14.0,38.0,33.0,34.0,30.0,30.0,23.0,199.5,0.02194769010229533,3,1
random,400,14,269,327.0,383.0,327.0,319.0,380.0,380.0,328.0,199.5,0.02194769010229533,3,1
random,400,14,270,281.0,254.0,323.0,328.0,263.0,263.0,325.0,199.5,0.02194769010229533,3,1
random,400,14,271,48.0,29.0,28.0,28.0,38.0,38.0,53.0,199.5,0.02194769010229533,3,1
random,400,14,272,26.0,79.0,61.0,62.0,71.0,71.0,33.0,199.5,0.02194769010229533,3,1
random,400,14,273,365.0,365.0,373.0,373.0,370.0,370.0,373.0,199.5,0.02194769010229533,3,1
random,400,14,274,210.0,214.0,244.0,247.0,216.0,216.0,253.0,199.5,0.02194769010229533,3,1
random,400,14,275,113.0,134.0,139.0,146.0,134.0,134.0,148.0,199.5,0.02194769010229533,3,1
random,400,14,276,281.0,262.0,318.0,320.0,264.0,264.0,323.0,199.5,0.02194769010229533,3,1
random,400,14,277,72.0,77.0,74.0,73.0,80.0,80.0,97.0,199.5,0.02194769010229533,3,1
random,400,14,278,210.0,214.0,275.0,275.0,212.0,212.0,274.0,199.5,0.02194769010229533,3,1
random,400,14,279,210.0,248.0,254.0,260.0,254.0,254.0,245.0,199.5,0.02194769010229533,3,1
random,400,14,280,162.0,322.0,180.0,174.0,313.0,313.0,161.0,199.5,0.02194769010229533,3,1
random,400,14,281,48.0,72.0,66.0,63.0,74.0,74.0,58.0,199.5,0.02194769010229533,3,1
random,400,14,282,48.0,65.0,82.0,84.0,67.0,67.0,63.0,199.5,0.02194769010229533,3,1
random,400,14,283,162.0,217.0,190.0,193.0,217.0,217.0,171.0,199.5,0.02194769010229533,3,1
random,400,14,284,72.0,61.0,105.0,107.0,70.0,70.0,104.0,199.5,0.02194769010229533,3,1
random,400,14,285,365.0,384.0,370.0,369.0,384.0,384.0,371.0,199.5,0.02194769010229533,3,1
random,400,14,286,385.0,380.0,390.0,392.0,381.0,381.0,395.0,199.5,0.02194769010229533,3,1
random,400,14,287,281.0,180.0,334.0,337.0,208.0,208.0,327.0,199.5,0.02194769010229533,3,1
random,400,14,288,72.0,87.0,71.0,66.0,90.0,90.0,79.0,199.5,0.02194769010229533,3,1
random,400,14,289,210.0,292.0,255.0,255.0,287.0,287.0,230.0,199.5,0.02194769010229533,3,1
random,400,14,290,365.0,352.0,374.0,374.0,353.0,353.0,379.0,199.5,0.02194769010229533,3,1
random,400,14,291,1.0,1.0,1.0,1.0,1.0,1.0,1.0,199.5,0.02194769010229533,3,1
random,400,14,292,48.0,64.0,55.0,54.0,63.0,63.0,52.0,199.5,0.02194769010229533,3,1
random,400,14,293,365.0,357.0,371.0,370.0,361.0,361.0,377.0,199.5,0.02194769010229533,3,1
random,400,14,294,162.0,158.0,197.0,206.0,165.0,165.0,200.0,199.5,0.02194769010229533,3,1
random,400,14,295,48.0,34.0,56.0,57.0,40.0,40.0,66.0,199.5,0.02194769010229533,3,1
random,400,14,296,162.0,256.0,133.0,132.0,248.0,248.0,163.0,199.5,0.02194769010229533,3,1
random,400,14,297,26.0,27.0,23.0,21.0,28.0,28.0,32.0,199.5,0.02194769010229533,3,1
random,400,14,298,210.0,208.0,260.0,261.0,220.0,220.0,264.0,199.5,0.02194769010229533,3,1
random,400,14,299,162.0,96.0,181.0,182.0,108.0,108.0,208.0,199.5,0.02194769010229533,3,1
random,400,14,300,26.0,61.0,44.0,46.0,55.0,55.0,37.0,199.5,0.02194769010229533,3,1
random,400,14,301,327.0,343.0,366.0,366.0,342.0,342.0,354.0,199.5,0.02194769010229533,3,1
random,400,14,302,2.0,4.0,6.0,6.0,4.0,4.0,3.0,199.5,0.02194769010229533,3,1
random,400,14,303,281.0,288.0,317.0,315.0,293.0,293.0,309.0,199.5,0.02194769010229533,3,1
random,400,14,304,26.0,45.0,29.0,25.0,43.0,43.0,34.0,199.5,0.02194769010229533,3,1
random,400,14,305,327.0,372.0,328.0,321.0,372.0,372.0,331.0,199.5,0.02194769010229533,3,1
random,400,14,306,327.0,337.0,364.0,364.0,339.0,339.0,358.0,199.5,0.02194769010229533,3,1
random,400,14,307,48.0,56.0,100.0,106.0,61.0,61.0,68.0,199.5,0.02194769010229533,3,1
random,400,14,308,281.0,304.0,296.0,298.0,305.0,305.0,297.0,199.5,0.02194769010229533,3,1
random,400,14,309,72.0,99.0,101.0,100.0,100.0,100.0,87.0,199.5,0.02194769010229533,3,1
random,400,14,310,162.0,128.0,214.0,230.0,134.0,134.0,207.0,199.5,0.02194769010229533,3,1
random,400,14,311,281.0,238.0,283.0,280.0,251.0,251.0,308.0,199.5,0.02194769010229533,3,1
random,400,14,312,113.0,186.0,108.0,98.0,174.0,174.0,116.0,199.5,0.02194769010229533,3,1
random,400,14,313,72.0,110.0,96.0,89.0,110.0,110.0,84.0,199.5,0.02194769010229533,3,1
random,400,14,314,281.0,288.0,285.0,285.0,292.0,292.0,303.0,199.5,0.02194769010229533,3,1
random,400,14,315,210.0,171.0,203.0,207.0,181.0,181.0,256.0,199.5,0.02194769010229533,3,1
random,400,14,316,162.0,193.0,183.0,177.0,198.0,198.0,180.0,199.5,0.02194769010229533,3,1
random,400,14,317,281.0,321.0,270.0,269.0,323.0,323.0,288.0,199.5,0.02194769010229533,3,1
random,400,14,318,113.0,96.0,176.0,186.0,102.0,102.0,162.0,199.5,0.02194769010229533,3,1
random,400,14,319,365.0,347.0,375.0,377.0,351.0,351.0,383.0,199.5,0.02194769010229533,3,1
random,400,14,320,210.0,316.0,243.0,243.0,309.0,309.0,219.0,199.5,0.02194769010229533,3,1
random,400,14,321,398.0,395.0,398.0,398.0,396.0,396.0,398.0,199.5,0.02194769010229533,3,1
random,400,14,322,327.0,332.0,349.0,351.0,331.0,331.0,357.0,199.5,0.02194769010229533,3,1
random,400,14,323,7.0,14.0,17.0,18.0,11.0,11.0,12.0,199.5,0.02194769010229533,3,1
random,400,14,324,281.0,320.0,310.0,311.0,322.0,322.0,291.0,199.5,0.02194769010229533,3,1
random,400,14,325,113.0,102.0,116.0,115.0,114.0,114.0,135.0,199.5,0.02194769010229533,3,1
random,400,14,326,162.0,218.0,193.0,191.0,223.0,223.0,167.0,199.5,0.02194769010229533,3,1
random,400,14,327,14.0,17.0,20.0,23.0,19.0,19.0,24.0,199.5,0.02194769010229533,3,1
random,400,14,328,113.0,143.0,117.0,114.0,143.0,143.0,128.0,199.5,0.02194769010229533,3,1
random,400,14,329,113.0,124.0,119.0,122.0,124.0,124.0,131.0,199.5,0.02194769010229533,3,1
random,400,14,330,385.0,389.0,384.0,384.0,390.0,390.0,390.0,199.5,0.02194769010229533,3,1
random,400,14,331,210.0,283.0,240.0,244.0,280.0,280.0,236.0,199.5,0.02194769010229533,3,1
random,400,14,332,210.0,286.0,256.0,252.0,285.0,285.0,224.0,199.5,0.02194769010229533,3,1
random,400,14,333,210.0,378.0,232.0,221.0,368.0,368.0,194.0,199.5,0.02194769010229533,3,1
random,400,14,334,281.0,348.0,298.0,291.0,345.0,345.0,282.0,199.5,0.02194769010229533,3,1
random,400,14,335,26.0,23.0,46.0,45.0,25.0,25.0,43.0,199.5,0.02194769010229533,3,1
random,400,14,336,210.0,205.0,303.0,307.0,201.0,201.0,277.0,199.5,0.02194769010229533,3,1
random,400,14,337,281.0,309.0,291.0,288.0,308.0,308.0,298.0,199.5,0.02194769010229533,3,1
random,400,14,338,162.0,218.0,196.0,204.0,211.0,211.0,182.0,199.5,0.02194769010229533,3,1
random,400,14,339,210.0,244.0,229.0,223.0,247.0,247.0,220.0,199.5,0.02194769010229533,3,1
random,400,14,340,365.0,344.0,378.0,379.0,347.0,347.0,381.0,199.5,0.02194769010229533,3,1
random,400,14,341,14.0,9.0,35.0,36.0,10.0,10.0,26.0,199.5,0.02194769010229533,3,1
random,400,14,342,210.0,329.0,200.0,199.0,324.0,324.0,212.0,199.5,0.02194769010229533,3,1
random,400,14,343,48.0,87.0,67.0,69.0,78.0,78.0,59.0,199.5,0.02194769010229533,3,1
random,400,14,344,327.0,338.0,353.0,350.0,338.0,338.0,347.0,199.5,0.02194769010229533,3,1
random,400,14,345,210.0,285.0,284.0,287.0,283.0,283.0,243.0,199.5,0.02194769010229533,3,1
random,400,14,346,48.0,70.0,68.0,76.0,68.0,68.0,65.0,199.5,0.02194769010229533,3,1
random,400,14,347,210.0,147.0,246.0,246.0,163.0,163.0,275.0,199.5,0.02194769010229533,3,1
random,400,14,348,113.0,152.0,70.0,71.0,146.0,146.0,117.0,199.5,0.02194769010229533,3,1
random,400,14,349,210.0,202.0,264.0,263.0,210.0,210.0,266.0,199.5,0.02194769010229533,3,1
random,400,14,350,72.0,127.0,90.0,91.0,123.0,123.0,80.0,199.5,0.02194769010229533,3,1
random,400,14,351,327.0,363.0,357.0,356.0,364.0,364.0,335.0,199.5,0.02194769010229533,3,1
random,400,14,352,162.0,143.0,189.0,190.0,152.0,152.0,201.0,199.5,0.02194769010229533,3,1
random,400,14,353,210.0,208.0,279.0,279.0,214.0,214.0,271.0,199.5,0.02194769010229533,3,1
random,400,14,354,210.0,273.0,253.0,253.0,276.0,276.0,227.0,199.5,0.02194769010229533,3,1
random,400,14,355,72.0,56.0,98.0,95.0,66.0,66.0,106.0,199.5,0.02194769010229533,3,1
random,400,14,356,7.0,21.0,15.0,16.0,17.0,17.0,9.0,199.5,0.02194769010229533,3,1
random,400,14,357,113.0,178.0,118.0,123.0,170.0,170.0,121.0,199.5,0.02194769010229533,3,1
random,400,14,358,281.0,378.0,286.0,283.0,374.0,374.0,276.0,199.5,0.02194769010229533,3,1
random,400,14,359,281.0,328.0,301.0,300.0,328.0,328.0,292.0,199.5,0.02194769010229533,3,1
random,400,14,360,327.0,307.0,320.0,324.0,314.0,314.0,348.0,199.5,0.02194769010229533,3,1
random,400,14,361,162.0,137.0,155.0,158.0,145.0,145.0,188.0,199.5,0.02194769010229533,3,1
random,400,14,362,162.0,155.0,191.0,197.0,158.0,158.0,187.0,199.5,0.02194769010229533,3,1
random,400,14,363,72.0,65.0,126.0,131.0,72.0,72.0,112.0,199.5,0.02194769010229533,3,1
random,400,14,364,327.0,314.0,367.0,365.0,318.0,318.0,359.0,199.5,0.02194769010229533,3,1
random,400,14,365,281.0,290.0,322.0,322.0,295.0,295.0,304.0,199.5,0.02194769010229533,3,1
random,400,14,366,72.0,94.0,104.0,101.0,89.0,89.0,92.0,199.5,0.02194769010229533,3,1
random,400,14,367,327.0,355.0,346.0,345.0,352.0,352.0,349.0,199.5,0.02194769010229533,3,1
random,400,14,368,26.0,56.0,38.0,38.0,52.0,52.0,30.0,199.5,0.02194769010229533,3,1
random,400,14,369,162.0,138.0,194.0,196.0,144.0,144.0,199.0,199.5,0.02194769010229533,3,1
random,400,14,370,210.0,262.0,208.0,192.0,267.0,267.0,211.0,199.5,0.02194769010229533,3,1
random,400,14,371,327.0,266.0,344.0,344.0,274.0,274.0,364.0,199.5,0.02194769010229533,3,1
random,400,14,372,365.0,382.0,372.0,371.0,382.0,382.0,372.0,199.5,0.02194769010229533,3,1
random,400,14,373,281.0,260.0,312.0,310.0,271.0,271.0,319.0,199.5,0.02194769010229533,3,1
random,400,14,374,113.0,171.0,115.0,116.0,168.0,168.0,126.0,199.5,0.02194769010229533,3,1
random,400,14,375,48.0,119.0,83.0,85.0,97.0,97.0,55.0,199.5,0.02194769010229533,3,1
random,400,14,376,26.0,28.0,37.0,37.0,31.0,31.0,38.0,199.5,0.02194769010229533,3,1
random,400,14,377,210.0,221.0,235.0,238.0,230.0,230.0,248.0,199.5,0.02194769010229533,3,1
random,400,14,378,281.0,365.0,311.0,312.0,363.0,363.0,283.0,199.5,0.02194769010229533,3,1
random,400,14,379,72.0,160.0,58.0,56.0,147.0,147.0,73.0,199.5,0.02194769010229533,3,1
random,400,14,380,327.0,363.0,352.0,355.0,365.0,365.0,337.0,199.5,0.02194769010229533,3,1
random,400,14,381,210.0,221.0,213.0,209.0,228.0,228.0,234.0,199.5,0.02194769010229533,3,1
random,400,14,382,281.0,357.0,273.0,266.0,348.0,348.0,284.0,199.5,0.02194769010229533,3,1
random,400,14,383,327.0,355.0,331.0,331.0,354.0,354.0,333.0,199.5,0.02194769010229533,3,1
random,400,14,384,210.0,258.0,274.0,270.0,262.0,262.0,242.0,199.5,0.02194769010229533,3,1
random,400,14,385,113.0,152.0,103.0,104.0,148.0,148.0,118.0,199.5,0.02194769010229533,3,1
random,400,14,386,113.0,143.0,140.0,138.0,138.0,138.0,140.0,199.5,0.02194769010229533,3,1
random,400,14,387,7.0,5.0,13.0,14.0,6.0,6.0,11.0,199.5,0.02194769010229533,3,1
random,400,14,388,113.0,186.0,86.0,86.0,176.0,176.0,115.0,199.5,0.02194769010229533,3,1
random,400,14,389,210.0,273.0,280.0,278.0,272.0,272.0,241.0,199.5,0.02194769010229533,3,1
random,400,14,390,72.0,171.0,99.0,109.0,156.0,156.0,75.0,199.5,0.02194769010229533,3,1
random,400,14,391,281.0,309.0,290.0,295.0,310.0,310.0,293.0,199.5,0.02194769010229533,3,1
random,400,14,392,113.0,114.0,150.0,152.0,118.0,118.0,153.0,199.5,0.02194769010229533,3,1
random,400,14,393,113.0,132.0,131.0,128.0,133.0,133.0,137.0,199.5,0.02194769010229533,3,1
random,400,14,394,385.0,396.0,385.0,385.0,395.0,395.0,388.0,199.5,0.02194769010229533,3,1
random,400,14,395,281.0,202.0,314.0,316.0,227.0,227.0,326.0,199.5,0.02194769010229533,3,1
random,400,14,396,72.0,29.0,87.0,102.0,41.0,41.0,113.0,199.5,0.02194769010229533,3,1
random,400,14,397,48.0,72.0,59.0,60.0,65.0,65.0,62.0,199.5,0.02194769010229533,3,1
random,400,14,398,113.0,124.0,161.0,157.0,126.0,126.0,151.0,199.5,0.02194769010229533,3,1
random,400,14,399,210.0,233.0,261.0,258.0,241.0,241.0,246.0,199.5,0.02194769010229533,3,1
