random,400,15,0,43.0,46.0,49.0,50.0,46.0,46.0,58.0,199.5,0.01903245773834007,3,1
random,400,15,1,100.0,133.0,181.0,177.0,129.0,129.0,145.0,199.5,0.01903245773834007,3,1
random,400,15,2,100.0,119.0,143.0,141.0,122.0,122.0,142.0,199.5,0.01903245773834007,3,1
random,400,15,3,68.0,229.0,88.0,85.0,209.0,209.0,72.0,199.5,0.01903245773834007,3,1
random,400,15,4,329.0,287.0,353.0,352.0,289.0,289.0,364.0,199.5,0.01903245773834007,3,1
random,400,15,5,100.0,157.0,91.0,89.0,142.0,142.0,106.0,199.5,0.01903245773834007,3,1
random,400,15,6,43.0,74.0,50.0,49.0,71.0,71.0,47.0,199.5,0.01903245773834007,3,1
random,400,15,7,100.0,74.0,97.0,99.0,82.0,82.0,135.0,199.5,0.01903245773834007,3,1
random,400,15,8,225.0,288.0,248.0,247.0,281.0,281.0,237.0,199.5,0.01903245773834007,3,1
random,400,15,9,366.0,385.0,354.0,351.0,385.0,385.0,366.0,199.5,0.01903245773834007,3,1
random,400,15,10,26.0,67.0,53.0,53.0,62.0,62.0,31.0,199.5,0.01903245773834007,3,1
random,400,15,11,10.0,32.0,9.0,9.0,27.0,27.0,10.0,199.5,0.01903245773834007,3,1
random,400,15,12,164.0,174.0,144.0,138.0,173.0,173.0,189.0,199.5,0.01903245773834007,3,1
random,400,15,13,26.0,27.0,43.0,46.0,30.0,30.0,41.0,199.5,0.01903245773834007,3,1
random,400,15,14,225.0,300.0,244.0,244.0,298.0,298.0,228.0,199.5,0.01903245773834007,3,1
random,400,15,15,100.0,194.0,163.0,157.0,183.0,183.0,119.0,199.5,0.01903245773834007,3,1
random,400,15,16,26.0,48.0,28.0,26.0,44.0,44.0,27.0,199.5,0.01903245773834007,3,1
random,400,15,17,68.0,234.0,80.0,69.0,219.0,219.0,65.0,199.5,0.01903245773834007,3,1
random,400,15,18,164.0,242.0,215.0,208.0,236.0,236.0,186.0,199.5,0.01903245773834007,3,1
random,400,15,19,366.0,377.0,383.0,383.0,377.0,377.0,378.0,199.5,0.01903245773834007,3,1
random,400,15,20,100.0,139.0,132.0,133.0,134.0,134.0,129.0,199.5,0.01903245773834007,3,1
random,400,15,21,276.0,257.0,290.0,291.0,265.0,265.0,304.0,199.5,0.01903245773834007,3,1
random,400,15,22,100.0,165.0,111.0,110.0,162.0,162.0,112.0,199.5,0.01903245773834007,3,1
random,400,15,23,26.0,62.0,35.0,33.0,57.0,57.0,28.0,199.5,0.01903245773834007,3,1
random,400,15,24,276.0,256.0,195.0,194.0,267.0,267.0,284.0,199.5,0.01903245773834007,3,1
random,400,15,25,276.0,288.0,286.0,284.0,295.0,295.0,300.0,199.5,0.01903245773834007,3,1
random,400,15,26,225.0,204.0,272.0,274.0,213.0,213.0,271.0,199.5,0.01903245773834007,3,1
random,400,15,27,164.0,208.0,250.0,255.0,210.0,210.0,216.0,199.5,0.01903245773834007,3,1
random,400,15,28,164.0,100.0,204.0,215.0,112.0,112.0,222.0,199.5,0.01903245773834007,3,1
random,400,15,29,164.0,157.0,196.0,202.0,166.0,166.0,204.0,199.5,0.01903245773834007,3,1
random,400,15,30,276.0,257.0,336.0,339.0,270.0,270.0,326.0,199.5,0.01903245773834007,3,1
random,400,15,31,329.0,382.0,324.0,320.0,382.0,382.0,330.0,199.5,0.01903245773834007,3,1
random,400,15,32,100.0,188.0,77.0,72.0,180.0,180.0,102.0,199.5,0.01903245773834007,3,1
random,400,15,33,276.0,245.0,315.0,316.0,249.0,249.0,327.0,199.5,0.01903245773834007,3,1
random,400,15,34,276.0,279.0,311.0,306.0,285.0,285.0,314.0,199.5,0.01903245773834007,3,1
random,400,15,35,225.0,301.0,303.0,309.0,291.0,291.0,257.0,199.5,0.01903245773834007,3,1
random,400,15,36,2.0,9.0,5.0,5.0,8.0,8.0,3.0,199.5,0.01903245773834007,3,1
random,400,15,37,329.0,340.0,351.0,350.0,339.0,339.0,346.0,199.5,0.01903245773834007,3,1
random,400,15,38,164.0,143.0,108.0,102.0,160.0,160.0,167.0,199.5,0.01903245773834007,3,1
random,400,15,39,276.0,316.0,314.0,315.0,310.0,310.0,310.0,199.5,0.01903245773834007,3,1
random,400,15,40,366.0,384.0,380.0,380.0,386.0,386.0,372.0,199.5,0.01903245773834007,3,1
random,400,15,41,388.0,388.0,395.0,395.0,390.0,390.0,392.0,199.5,0.01903245773834007,3,1
random,400,15,42,100.0,137.0,113.0,107.0,130.0,130.0,134.0,199.5,0.01903245773834007,3,1
random,400,15,43,276.0,295.0,329.0,332.0,297.0,297.0,320.0,199.5,0.01903245773834007,3,1
random,400,15,44,366.0,342.0,384.0,385.0,349.0,349.0,387.0,199.5,0.01903245773834007,3,1
random,400,15,45,43.0,56.0,61.0,62.0,53.0,53.0,62.0,199.5,0.01903245773834007,3,1
random,400,15,46,329.0,353.0,358.0,358.0,352.0,352.0,348.0,199.5,0.01903245773834007,3,1
random,400,15,47,276.0,348.0,312.0,313.0,344.0,344.0,285.0,199.5,0.01903245773834007,3,1
random,400,15,48,164.0,143.0,70.0,67.0,149.0,149.0,165.0,199.5,0.01903245773834007,3,1
random,400,15,49,276.0,312.0,305.0,307.0,312.0,312.0,294.0,199.5,0.01903245773834007,3,1
random,400,15,50,164.0,275.0,210.0,200.0,263.0,263.0,166.0,199.5,0.01903245773834007,3,1
random,400,15,51,43.0,55.0,55.0,54.0,56.0,56.0,46.0,199.5,0.01903245773834007,3,1
random,400,15,52,100.0,113.0,157.0,159.0,116.0,116.0,155.0,199.5,0.01903245773834007,3,1
random,400,15,53,276.0,331.0,306.0,302.0,332.0,332.0,283.0,199.5,0.01903245773834007,3,1
random,400,15,54,164.0,141.0,186.0,204.0,142.0,142.0,210.0,199.5,0.01903245773834007,3,1
random,400,15,55,225.0,335.0,160.0,156.0,329.0,329.0,215.0,199.5,0.01903245773834007,3,1
random,400,15,56,164.0,188.0,189.0,186.0,200.0,200.0,184.0,199.5,0.01903245773834007,3,1
random,400,15,57,43.0,109.0,66.0,66.0,95.0,95.0,51.0,199.5,0.01903245773834007,3,1
random,400,15,58,396.0,400.0,397.0,397.0,400.0,400.0,396.0,199.5,0.01903245773834007,3,1
random,400,15,59,68.0,105.0,120.0,130.0,96.0,96.0,94.0,199.5,0.01903245773834007,3,1
random,400,15,60,4.0,8.0,16.0,18.0,9.0,9.0,8.0,199.5,0.01903245773834007,3,1
random,400,15,61,100.0,131.0,151.0,147.0,126.0,126.0,131.0,199.5,0.01903245773834007,3,1
random,400,15,62,43.0,31.0,32.0,34.0,33.0,33.0,54.0,199.5,0.01903245773834007,3,1
random,400,15,63,100.0,119.0,122.0,117.0,125.0,125.0,128.0,199.5,0.01903245773834007,3,1
random,400,15,64,43.0,45.0,48.0,48.0,45.0,45.0,56.0,199.5,0.01903245773834007,3,1
random,400,15,65,164.0,163.0,148.0,152.0,161.0,161.0,180.0,199.5,0.01903245773834007,3,1
random,400,15,66,68.0,67.0,119.0,114.0,70.0,70.0,95.0,199.5,0.01903245773834007,3,1
random,400,15,67,276.0,292.0,297.0,300.0,287.0,287.0,309.0,199.5,0.01903245773834007,3,1
random,400,15,68,10.0,12.0,12.0,12.0,12.0,12.0,16.0,199.5,0.01903245773834007,3,1
random,400,15,69,26.0,60.0,45.0,47.0,55.0,55.0,33.0,199.5,0.01903245773834007,3,1
random,400,15,70,276.0,304.0,320.0,325.0,301.0,301.0,319.0,199.5,0.01903245773834007,3,1
random,400,15,71,276.0,226.0,339.0,340.0,240.0,240.0,328.0,199.5,0.01903245773834007,3,1
random,400,15,72,329.0,340.0,360.0,363.0,343.0,343.0,354.0,199.5,0.01903245773834007,3,1
random,400,15,73,26.0,20.0,30.0,29.0,21.0,21.0,37.0,199.5,0.01903245773834007,3,1
random,400,15,74,100.0,113.0,178.0,181.0,118.0,118.0,151.0,199.5,0.01903245773834007,3,1
random,400,15,75,43.0,15.0,41.0,40.0,22.0,22.0,66.0,199.5,0.01903245773834007,3,1
random,400,15,76,164.0,257.0,224.0,222.0,253.0,253.0,183.0,199.5,0.01903245773834007,3,1
random,400,15,77,100.0,154.0,112.0,115.0,146.0,146.0,120.0,199.5,0.01903245773834007,3,1
random,400,15,78,100.0,226.0,124.0,121.0,216.0,216.0,108.0,199.5,0.01903245773834007,3,1
random,400,15,79,100.0,165.0,188.0,189.0,159.0,159.0,137.0,199.5,0.01903245773834007,3,1
random,400,15,80,366.0,358.0,378.0,378.0,363.0,363.0,382.0,199.5,0.01903245773834007,3,1
random,400,15,81,329.0,326.0,362.0,365.0,331.0,331.0,362.0,199.5,0.01903245773834007,3,1
random,400,15,82,164.0,266.0,193.0,190.0,252.0,252.0,175.0,199.5,0.01903245773834007,3,1
random,400,15,83,68.0,34.0,98.0,109.0,36.0,36.0,99.0,199.5,0.01903245773834007,3,1
random,400,15,84,225.0,321.0,176.0,175.0,316.0,316.0,226.0,199.5,0.01903245773834007,3,1
random,400,15,85,68.0,146.0,78.0,77.0,136.0,136.0,74.0,199.5,0.01903245773834007,3,1
random,400,15,86,164.0,211.0,182.0,184.0,212.0,212.0,178.0,199.5,0.01903245773834007,3,1
random,400,15,87,225.0,253.0,217.0,219.0,256.0,256.0,238.0,199.5,0.01903245773834007,3,1
random,400,15,88,164.0,197.0,220.0,221.0,196.0,196.0,209.0,199.5,0.01903245773834007,3,1
random,400,15,89,100.0,70.0,159.0,170.0,77.0,77.0,160.0,199.5,0.01903245773834007,3,1
random,400,15,90,276.0,332.0,310.0,308.0,330.0,330.0,291.0,199.5,0.01903245773834007,3,1
random,400,15,91,100.0,89.0,235.0,238.0,99.0,99.0,163.0,199.5,0.01903245773834007,3,1
random,400,15,92,225.0,179.0,226.0,223.0,203.0,203.0,251.0,199.5,0.01903245773834007,3,1
random,400,15,93,43.0,125.0,87.0,88.0,104.0,104.0,53.0,199.5,0.01903245773834007,3,1
random,400,15,94,10.0,10.0,13.0,13.0,10.0,10.0,14.0,199.5,0.01903245773834007,3,1
random,400,15,95,164.0,128.0,164.0,165.0,138.0,138.0,200.0,199.5,0.01903245773834007,3,1
random,400,15,96,68.0,57.0,79.0,79.0,59.0,59.0,93.0,199.5,0.01903245773834007,3,1
random,400,15,97,100.0,60.0,135.0,140.0,67.0,67.0,159.0,199.5,0.01903245773834007,3,1
random,400,15,98,164.0,221.0,194.0,193.0,217.0,217.0,185.0,199.5,0.01903245773834007,3,1
random,400,15,99,276.0,275.0,293.0,297.0,279.0,279.0,315.0,199.5,0.01903245773834007,3,1
random,400,15,100,68.0,39.0,89.0,91.0,43.0,43.0,97.0,199.5,0.01903245773834007,3,1
random,400,15,101,164.0,182.0,184.0,183.0,185.0,185.0,187.0,199.5,0.01903245773834007,3,1
random,400,15,102,225.0,261.0,262.0,264.0,261.0,261.0,247.0,199.5,0.01903245773834007,3,1
random,400,15,103,43.0,131.0,57.0,55.0,115.0,115.0,43.0,199.5,0.01903245773834007,3,1
random,400,15,104,164.0,128.0,172.0,172.0,140.0,140.0,205.0,199.5,0.01903245773834007,3,1
random,400,15,105,276.0,364.0,323.0,324.0,359.0,359.0,286.0,199.5,0.01903245773834007,3,1
random,400,15,106,100.0,170.0,141.0,144.0,162.0,162.0,125.0,199.5,0.01903245773834007,3,1
random,400,15,107,43.0,71.0,44.0,43.0,66.0,66.0,49.0,199.5,0.01903245773834007,3,1
random,400,15,108,164.0,288.0,173.0,163.0,270.0,270.0,168.0,199.5,0.01903245773834007,3,1
random,400,15,109,68.0,87.0,101.0,100.0,86.0,86.0,86.0,199.5,0.01903245773834007,3,1
random,400,15,110,276.0,282.0,302.0,303.0,283.0,283.0,317.0,199.5,0.01903245773834007,3,1
random,400,15,111,276.0,328.0,326.0,328.0,326.0,326.0,295.0,199.5,0.01903245773834007,3,1
random,400,15,112,164.0,184.0,128.0,129.0,188.0,188.0,169.0,199.5,0.01903245773834007,3,1
random,400,15,113,26.0,27.0,34.0,36.0,30.0,30.0,35.0,199.5,0.01903245773834007,3,1
random,400,15,114,100.0,194.0,136.0,125.0,191.0,191.0,107.0,199.5,0.01903245773834007,3,1
random,400,15,115,276.0,282.0,299.0,298.0,286.0,286.0,303.0,199.5,0.01903245773834007,3,1
random,400,15,116,225.0,271.0,254.0,253.0,276.0,276.0,242.0,199.5,0.01903245773834007,3,1
random,400,15,117,68.0,163.0,131.0,137.0,139.0,139.0,90.0,199.5,0.01903245773834007,3,1
random,400,15,118,100.0,103.0,129.0,126.0,112.0,112.0,138.0,199.5,0.01903245773834007,3,1
random,400,15,119,4.0,2.0,4.0,4.0,3.0,3.0,5.0,199.5,0.01903245773834007,3,1
random,400,15,120,68.0,94.0,62.0,63.0,87.0,87.0,78.0,199.5,0.01903245773834007,3,1
random,400,15,121,388.0,395.0,387.0,386.0,394.0,394.0,388.0,199.5,0.01903245773834007,3,1
random,400,15,122,225.0,229.0,284.0,287.0,238.0,238.0,269.0,199.5,0.01903245773834007,3,1
random,400,15,123,43.0,36.0,102.0,106.0,38.0,38.0,68.0,199.5,0.01903245773834007,3,1
random,400,15,124,164.0,137.0,236.0,234.0,137.0,137.0,224.0,199.5,0.01903245773834007,3,1
random,400,15,125,68.0,107.0,99.0,94.0,108.0,108.0,79.0,199.5,0.01903245773834007,3,1
random,400,15,126,164.0,188.0,169.0,168.0,180.0,180.0,197.0,199.5,0.01903245773834007,3,1
random,400,15,127,225.0,193.0,255.0,260.0,205.0,205.0,270.0,199.5,0.01903245773834007,3,1
random,400,15,128,164.0,165.0,259.0,262.0,168.0,168.0,223.0,199.5,0.01903245773834007,3,1
random,400,15,129,164.0,94.0,150.0,145.0,105.0,105.0,219.0,199.5,0.01903245773834007,3,1
random,400,15,130,100.0,157.0,86.0,87.0,157.0,157.0,100.0,199.5,0.01903245773834007,3,1
random,400,15,131,276.0,249.0,316.0,321.0,255.0,255.0,323.0,199.5,0.01903245773834007,3,1
random,400,15,132,17.0,19.0,18.0,16.0,19.0,19.0,19.0,199.5,0.01903245773834007,3,1
random,400,15,133,164.0,141.0,179.0,178.0,151.0,151.0,191.0,199.5,0.01903245773834007,3,1
random,400,15,134,329.0,307.0,327.0,326.0,308.0,308.0,355.0,199.5,0.01903245773834007,3,1
random,400,15,135,366.0,374.0,388.0,387.0,375.0,375.0,379.0,199.5,0.01903245773834007,3,1
random,400,15,136,329.0,386.0,366.0,367.0,383.0,383.0,334.0,199.5,0.01903245773834007,3,1
random,400,15,137,164.0,253.0,207.0,203.0,248.0,248.0,174.0,199.5,0.01903245773834007,3,1
random,400,15,138,329.0,369.0,337.0,335.0,370.0,370.0,333.0,199.5,0.01903245773834007,3,1
random,400,15,139,68.0,81.0,107.0,105.0,81.0,81.0,91.0,199.5,0.01903245773834007,3,1
random,400,15,140,276.0,265.0,319.0,318.0,275.0,275.0,321.0,199.5,0.01903245773834007,3,1
random,400,15,141,17.0,25.0,23.0,27.0,23.0,23.0,23.0,199.5,0.01903245773834007,3,1
random,400,15,142,225.0,226.0,237.0,235.0,224.0,224.0,258.0,199.5,0.01903245773834007,3,1
random,400,15,143,100.0,89.0,138.0,142.0,101.0,101.0,144.0,199.5,0.01903245773834007,3,1
random,400,15,144,68.0,115.0,90.0,92.0,112.0,112.0,85.0,199.5,0.01903245773834007,3,1
random,400,15,145,276.0,323.0,288.0,290.0,317.0,317.0,290.0,199.5,0.01903245773834007,3,1
random,400,15,146,100.0,71.0,146.0,150.0,80.0,80.0,153.0,199.5,0.01903245773834007,3,1
random,400,15,147,225.0,301.0,265.0,268.0,299.0,299.0,236.0,199.5,0.01903245773834007,3,1
random,400,15,148,366.0,379.0,381.0,381.0,379.0,379.0,376.0,199.5,0.01903245773834007,3,1
random,400,15,149,329.0,374.0,300.0,299.0,372.0,372.0,329.0,199.5,0.01903245773834007,3,1
random,400,15,150,100.0,89.0,118.0,120.0,94.0,94.0,147.0,199.5,0.01903245773834007,3,1
random,400,15,151,225.0,224.0,247.0,246.0,230.0,230.0,240.0,199.5,0.01903245773834007,3,1
random,400,15,152,10.0,23.0,15.0,15.0,18.0,18.0,13.0,199.5,0.01903245773834007,3,1
random,400,15,153,68.0,208.0,68.0,61.0,197.0,197.0,63.0,199.5,0.01903245773834007,3,1
random,400,15,154,164.0,150.0,165.0,171.0,148.0,148.0,203.0,199.5,0.01903245773834007,3,1
random,400,15,155,100.0,207.0,161.0,160.0,197.0,197.0,117.0,199.5,0.01903245773834007,3,1
random,400,15,156,225.0,271.0,253.0,251.0,269.0,269.0,246.0,199.5,0.01903245773834007,3,1
random,400,15,157,388.0,382.0,391.0,391.0,384.0,384.0,394.0,199.5,0.01903245773834007,3,1
random,400,15,158,100.0,54.0,154.0,154.0,60.0,60.0,161.0,199.5,0.01903245773834007,3,1
random,400,15,159,100.0,194.0,93.0,90.0,184.0,184.0,105.0,199.5,0.01903245773834007,3,1
random,400,15,160,100.0,109.0,114.0,113.0,116.0,116.0,126.0,199.5,0.01903245773834007,3,1
random,400,15,161,4.0,5.0,3.0,3.0,5.0,5.0,4.0,199.5,0.01903245773834007,3,1
random,400,15,162,329.0,297.0,348.0,345.0,307.0,307.0,357.0,199.5,0.01903245773834007,3,1
random,400,15,163,43.0,81.0,71.0,75.0,76.0,76.0,55.0,199.5,0.01903245773834007,3,1
random,400,15,164,225.0,255.0,269.0,269.0,258.0,258.0,250.0,199.5,0.01903245773834007,3,1
random,400,15,165,329.0,369.0,343.0,341.0,368.0,368.0,336.0,199.5,0.01903245773834007,3,1
random,400,15,166,225.0,240.0,263.0,259.0,244.0,244.0,262.0,199.5,0.01903245773834007,3,1
random,400,15,167,329.0,304.0,352.0,355.0,308.0,308.0,360.0,199.5,0.01903245773834007,3,1
random,400,15,168,1.0,1.0,1.0,1.0,1.0,1.0,1.0,199.5,0.01903245773834007,3,1
random,400,15,169,366.0,361.0,369.0,369.0,364.0,365.0,381.0,199.5,0.01903245773834007,3,1
random,400,15,170,68.0,59.0,74.0,73.0,61.0,61.0,89.0,199.5,0.01903245773834007,3,1
random,400,15,171,164.0,157.0,209.0,209.0,168.0,168.0,202.0,199.5,0.01903245773834007,3,1
random,400,15,172,68.0,118.0,83.0,81.0,119.0,119.0,76.0,199.5,0.01903245773834007,3,1
random,400,15,173,164.0,146.0,212.0,210.0,155.0,155.0,208.0,199.5,0.01903245773834007,3,1
random,400,15,174,4.0,7.0,7.0,7.0,6.0,6.0,7.0,199.5,0.01903245773834007,3,1
random,400,15,175,276.0,304.0,285.0,283.0,304.0,304.0,301.0,199.5,0.01903245773834007,3,1
random,400,15,176,225.0,150.0,233.0,232.0,172.0,172.0,268.0,199.5,0.01903245773834007,3,1
random,400,15,177,68.0,81.0,73.0,76.0,79.0,79.0,83.0,199.5,0.01903245773834007,3,1
random,400,15,178,366.0,333.0,374.0,373.0,338.0,338.0,386.0,199.5,0.01903245773834007,3,1
random,400,15,179,43.0,74.0,94.0,104.0,69.0,69.0,64.0,199.5,0.01903245773834007,3,1
random,400,15,180,225.0,261.0,274.0,275.0,257.0,257.0,259.0,199.5,0.01903245773834007,3,1
random,400,15,181,100.0,146.0,130.0,132.0,147.0,147.0,116.0,199.5,0.01903245773834007,3,1
random,400,15,182,396.0,398.0,396.0,396.0,396.0,396.0,398.0,199.5,0.01903245773834007,3,1
random,400,15,183,225.0,184.0,280.0,280.0,201.0,201.0,274.0,199.5,0.01903245773834007,3,1
random,400,15,184,164.0,74.0,175.0,180.0,89.0,89.0,221.0,199.5,0.01903245773834007,3,1
random,400,15,185,276.0,275.0,298.0,296.0,293.0,293.0,298.0,199.5,0.01903245773834007,3,1
random,400,15,186,100.0,150.0,116.0,118.0,149.0,149.0,114.0,199.5,0.01903245773834007,3,1
random,400,15,187,388.0,392.0,392.0,393.0,393.0,393.0,391.0,199.5,0.01903245773834007,3,1
random,400,15,188,276.0,314.0,287.0,286.0,314.0,314.0,287.0,199.5,0.01903245773834007,3,1
random,400,15,189,329.0,314.0,342.0,343.0,318.0,318.0,363.0,199.5,0.01903245773834007,3,1
random,400,15,190,225.0,356.0,260.0,249.0,347.0,347.0,227.0,199.5,0.01903245773834007,3,1
random,400,15,191,100.0,139.0,142.0,143.0,131.0,131.0,127.0,199.5,0.01903245773834007,3,1
random,400,15,192,100.0,157.0,171.0,174.0,153.0,153.0,149.0,199.5,0.01903245773834007,3,1
random,400,15,193,68.0,94.0,63.0,64.0,99.0,99.0,77.0,199.5,0.01903245773834007,3,1
random,400,15,194,100.0,202.0,183.0,185.0,182.0,182.0,121.0,199.5,0.01903245773834007,3,1
random,400,15,195,17.0,25.0,27.0,28.0,29.0,29.0,22.0,199.5,0.01903245773834007,3,1
random,400,15,196,26.0,107.0,22.0,22.0,84.0,84.0,21.0,199.5,0.01903245773834007,3,1
random,400,15,197,225.0,217.0,239.0,239.0,229.0,229.0,248.0,199.5,0.01903245773834007,3,1
random,400,15,198,329.0,365.0,294.0,293.0,364.0,364.0,332.0,199.5,0.01903245773834007,3,1
random,400,15,199,68.0,38.0,109.0,111.0,41.0,41.0,98.0,199.5,0.01903245773834007,3,1
random,400,15,200,164.0,257.0,185.0,179.0,250.0,250.0,171.0,199.5,0.01903245773834007,3,1
random,400,15,201,100.0,84.0,166.0,169.0,88.0,88.0,157.0,199.5,0.01903245773834007,3,1
random,400,15,202,276.0,271.0,341.0,348.0,282.0,282.0,325.0,199.5,0.01903245773834007,3,1
random,400,15,203,225.0,232.0,221.0,220.0,235.0,235.0,249.0,199.5,0.01903245773834007,3,1
random,400,15,204,100.0,211.0,158.0,148.0,207.0,207.0,110.0,199.5,0.01903245773834007,3,1
random,400,15,205,225.0,266.0,266.0,263.0,262.0,262.0,244.0,199.5,0.01903245773834007,3,1
random,400,15,206,100.0,224.0,187.0,188.0,203.0,203.0,124.0,199.5,0.01903245773834007,3,1
random,400,15,207,225.0,174.0,279.0,277.0,191.0,191.0,273.0,199.5,0.01903245773834007,3,1
random,400,15,208,366.0,350.0,372.0,371.0,358.0,358.0,380.0,199.5,0.01903245773834007,3,1
random,400,15,209,68.0,94.0,96.0,96.0,92.0,92.0,84.0,199.5,0.01903245773834007,3,1
random,400,15,210,26.0,43.0,24.0,24.0,40.0,40.0,29.0,199.5,0.01903245773834007,3,1
random,400,15,211,100.0,62.0,117.0,122.0,73.0,73.0,148.0,199.5,0.01903245773834007,3,1
random,400,15,212,164.0,133.0,168.0,162.0,144.0,144.0,196.0,199.5,0.01903245773834007,3,1
random,400,15,213,366.0,390.0,382.0,382.0,389.0,389.0,368.0,199.5,0.01903245773834007,3,1
random,400,15,214,68.0,204.0,60.0,59.0,174.0,174.0,70.0,199.5,0.01903245773834007,3,1
random,400,15,215,164.0,229.0,240.0,243.0,226.0,226.0,193.0,199.5,0.01903245773834007,3,1
random,400,15,216,225.0,232.0,234.0,225.0,243.0,243.0,231.0,199.5,0.01903245773834007,3,1
random,400,15,217,100.0,197.0,162.0,161.0,185.0,185.0,132.0,199.5,0.01903245773834007,3,1
random,400,15,218,100.0,133.0,106.0,103.0,133.0,133.0,109.0,199.5,0.01903245773834007,3,1
random,400,15,219,366.0,389.0,367.0,362.0,388.0,388.0,367.0,199.5,0.01903245773834007,3,1
random,400,15,220,100.0,94.0,145.0,149.0,101.0,101.0,156.0,199.5,0.01903245773834007,3,1
random,400,15,221,366.0,367.0,385.0,384.0,366.0,366.0,384.0,199.5,0.01903245773834007,3,1
random,400,15,222,100.0,125.0,180.0,182.0,122.0,122.0,154.0,199.5,0.01903245773834007,3,1
random,400,15,223,276.0,301.0,309.0,310.0,306.0,306.0,293.0,199.5,0.01903245773834007,3,1
random,400,15,224,329.0,337.0,355.0,354.0,340.0,340.0,351.0,199.5,0.01903245773834007,3,1
random,400,15,225,26.0,44.0,26.0,25.0,41.0,41.0,30.0,199.5,0.01903245773834007,3,1
random,400,15,226,100.0,84.0,92.0,98.0,83.0,83.0,143.0,199.5,0.01903245773834007,3,1
random,400,15,227,100.0,170.0,199.0,205.0,164.0,164.0,146.0,199.5,0.01903245773834007,3,1
random,400,15,228,366.0,378.0,375.0,375.0,378.0,378.0,374.0,199.5,0.01903245773834007,3,1
random,400,15,229,329.0,345.0,338.0,337.0,345.0,345.0,347.0,199.5,0.01903245773834007,3,1
random,400,15,230,164.0,106.0,223.0,226.0,120.0,120.0,225.0,199.5,0.01903245773834007,3,1
random,400,15,231,276.0,361.0,276.0,270.0,357.0,357.0,278.0,199.5,0.01903245773834007,3,1
random,400,15,232,68.0,89.0,84.0,86.0,93.0,93.0,82.0,199.5,0.01903245773834007,3,1
random,400,15,233,276.0,252.0,281.0,282.0,260.0,260.0,305.0,199.5,0.01903245773834007,3,1
random,400,15,234,329.0,310.0,371.0,372.0,313.0,313.0,361.0,199.5,0.01903245773834007,3,1
random,400,15,235,100.0,79.0,85.0,83.0,90.0,90.0,123.0,199.5,0.01903245773834007,3,1
random,400,15,236,276.0,312.0,328.0,329.0,311.0,311.0,296.0,199.5,0.01903245773834007,3,1
random,400,15,237,26.0,51.0,67.0,70.0,47.0,47.0,40.0,199.5,0.01903245773834007,3,1
random,400,15,238,43.0,64.0,33.0,31.0,65.0,65.0,44.0,199.5,0.01903245773834007,3,1
random,400,15,239,329.0,319.0,344.0,344.0,323.0,323.0,344.0,199.5,0.01903245773834007,3,1
random,400,15,240,17.0,15.0,38.0,41.0,13.0,13.0,26.0,199.5,0.01903245773834007,3,1
random,400,15,241,225.0,201.0,249.0,254.0,214.0,214.0,261.0,199.5,0.01903245773834007,3,1
random,400,15,242,225.0,279.0,261.0,261.0,278.0,278.0,241.0,199.5,0.01903245773834007,3,1
random,400,15,243,68.0,94.0,104.0,108.0,91.0,91.0,87.0,199.5,0.01903245773834007,3,1
random,400,15,244,68.0,115.0,47.0,45.0,107.0,107.0,71.0,199.5,0.01903245773834007,3,1
random,400,15,245,225.0,292.0,307.0,305.0,288.0,288.0,255.0,199.5,0.01903245773834007,3,1
random,400,15,246,43.0,27.0,65.0,74.0,32.0,32.0,69.0,199.5,0.01903245773834007,3,1
random,400,15,247,26.0,35.0,51.0,51.0,37.0,37.0,38.0,199.5,0.01903245773834007,3,1
random,400,15,248,68.0,71.0,56.0,57.0,74.0,74.0,75.0,199.5,0.01903245773834007,3,1
random,400,15,249,164.0,157.0,170.0,176.0,165.0,165.0,194.0,199.5,0.01903245773834007,3,1
random,400,15,250,225.0,268.0,206.0,197.0,264.0,264.0,234.0,199.5,0.01903245773834007,3,1
random,400,15,251,164.0,168.0,177.0,173.0,175.0,175.0,198.0,199.5,0.01903245773834007,3,1
random,400,15,252,225.0,292.0,231.0,229.0,284.0,284.0,233.0,199.5,0.01903245773834007,3,1
random,400,15,253,388.0,372.0,390.0,390.0,373.0,373.0,395.0,199.5,0.01903245773834007,3,1
random,400,15,254,366.0,376.0,370.0,370.0,376.0,376.0,373.0,199.5,0.01903245773834007,3,1
random,400,15,255,164.0,188.0,230.0,236.0,193.0,193.0,212.0,199.5,0.01903245773834007,3,1
random,400,15,256,164.0,179.0,202.0,201.0,178.0,178.0,206.0,199.5,0.01903245773834007,3,1
random,400,15,257,164.0,188.0,140.0,135.0,193.0,193.0,182.0,199.5,0.01903245773834007,3,1
random,400,15,258,10.0,20.0,19.0,20.0,16.0,16.0,15.0,199.5,0.01903245773834007,3,1
random,400,15,259,43.0,57.0,58.0,58.0,58.0,58.0,52.0,199.5,0.01903245773834007,3,1
random,400,15,260,276.0,282.0,317.0,314.0,290.0,290.0,308.0,199.5,0.01903245773834007,3,1
random,400,15,261,100.0,133.0,126.0,123.0,141.0,141.0,115.0,199.5,0.01903245773834007,3,1
random,400,15,262,164.0,202.0,203.0,206.0,206.0,206.0,199.0,199.5,0.01903245773834007,3,1
random,400,15,263,100.0,146.0,110.0,119.0,145.0,145.0,111.0,199.5,0.01903245773834007,3,1
random,400,15,264,276.0,351.0,283.0,278.0,348.0,348.0,279.0,199.5,0.01903245773834007,3,1
random,400,15,265,68.0,103.0,82.0,80.0,96.0,96.0,81.0,199.5,0.01903245773834007,3,1
random,400,15,266,366.0,326.0,373.0,374.0,335.0,335.0,383.0,199.5,0.01903245773834007,3,1
random,400,15,267,225.0,297.0,238.0,233.0,292.0,292.0,230.0,199.5,0.01903245773834007,3,1
random,400,15,268,164.0,182.0,192.0,195.0,190.0,190.0,195.0,199.5,0.01903245773834007,3,1
random,400,15,269,225.0,237.0,268.0,272.0,234.0,234.0,266.0,199.5,0.01903245773834007,3,1
random,400,15,270,164.0,215.0,190.0,187.0,217.0,217.0,181.0,199.5,0.01903245773834007,3,1
random,400,15,271,276.0,288.0,304.0,304.0,296.0,296.0,307.0,199.5,0.01903245773834007,3,1
random,400,15,272,329.0,354.0,333.0,333.0,354.0,354.0,341.0,199.5,0.01903245773834007,3,1
random,400,15,273,225.0,217.0,252.0,256.0,227.0,227.0,252.0,199.5,0.01903245773834007,3,1
random,400,15,274,100.0,174.0,213.0,214.0,176.0,176.0,139.0,199.5,0.01903245773834007,3,1
random,400,15,275,68.0,89.0,36.0,37.0,85.0,85.0,73.0,199.5,0.01903245773834007,3,1
random,400,15,276,329.0,342.0,313.0,312.0,341.0,341.0,335.0,199.5,0.01903245773834007,3,1
random,400,15,277,225.0,310.0,308.0,311.0,302.0,302.0,245.0,199.5,0.01903245773834007,3,1
random,400,15,278,276.0,197.0,277.0,279.0,214.0,214.0,324.0,199.5,0.01903245773834007,3,1
random,400,15,279,366.0,368.0,377.0,376.0,371.0,371.0,377.0,199.5,0.01903245773834007,3,1
random,400,15,280,366.0,373.0,376.0,377.0,374.0,374.0,375.0,199.5,0.01903245773834007,3,1
random,400,15,281,329.0,323.0,349.0,349.0,322.0,322.0,356.0,199.5,0.01903245773834007,3,1
random,400,15,282,43.0,74.0,75.0,78.0,72.0,72.0,60.0,199.5,0.01903245773834007,3,1
random,400,15,283,329.0,369.0,347.0,346.0,369.0,369.0,339.0,199.5,0.01903245773834007,3,1
random,400,15,284,225.0,271.0,211.0,213.0,272.0,272.0,229.0,199.5,0.01903245773834007,3,1
random,400,15,285,366.0,380.0,368.0,368.0,381.0,381.0,371.0,199.5,0.01903245773834007,3,1
random,400,15,286,17.0,23.0,17.0,17.0,24.0,24.0,17.0,199.5,0.01903245773834007,3,1
random,400,15,287,164.0,184.0,229.0,237.0,185.0,185.0,218.0,199.5,0.01903245773834007,3,1
random,400,15,288,68.0,49.0,81.0,82.0,52.0,52.0,92.0,199.5,0.01903245773834007,3,1
random,400,15,289,100.0,115.0,139.0,139.0,120.0,120.0,130.0,199.5,0.01903245773834007,3,1
random,400,15,290,164.0,197.0,156.0,146.0,199.0,199.0,176.0,199.5,0.01903245773834007,3,1
random,400,15,291,276.0,339.0,289.0,288.0,334.0,334.0,281.0,199.5,0.01903245773834007,3,1
random,400,15,292,329.0,346.0,322.0,319.0,351.0,351.0,337.0,199.5,0.01903245773834007,3,1
random,400,15,293,100.0,125.0,134.0,136.0,127.0,127.0,140.0,199.5,0.01903245773834007,3,1
random,400,15,294,43.0,79.0,52.0,52.0,74.0,74.0,48.0,199.5,0.01903245773834007,3,1
random,400,15,295,329.0,336.0,346.0,347.0,337.0,337.0,342.0,199.5,0.01903245773834007,3,1
random,400,15,296,276.0,219.0,282.0,285.0,228.0,228.0,322.0,199.5,0.01903245773834007,3,1
random,400,15,297,164.0,250.0,225.0,224.0,247.0,247.0,179.0,199.5,0.01903245773834007,3,1
random,400,15,298,100.0,174.0,105.0,95.0,176.0,176.0,104.0,199.5,0.01903245773834007,3,1
random,400,15,299,276.0,295.0,334.0,336.0,300.0,300.0,316.0,199.5,0.01903245773834007,3,1
random,400,15,300,225.0,210.0,227.0,231.0,221.0,221.0,239.0,199.5,0.01903245773834007,3,1
random,400,15,301,276.0,355.0,245.0,240.0,350.0,350.0,276.0,199.5,0.01903245773834007,3,1
random,400,15,302,68.0,109.0,64.0,65.0,98.0,98.0,80.0,199.5,0.01903245773834007,3,1
random,400,15,303,100.0,128.0,125.0,128.0,124.0,124.0,136.0,199.5,0.01903245773834007,3,1
random,400,15,304,164.0,240.0,208.0,211.0,222.0,222.0,192.0,199.5,0.01903245773834007,3,1
random,400,15,305,225.0,119.0,273.0,281.0,132.0,132.0,275.0,199.5,0.01903245773834007,3,1
random,400,15,306,329.0,360.0,361.0,360.0,361.0,361.0,350.0,199.5,0.01903245773834007,3,1
random,400,15,307,43.0,84.0,72.0,68.0,78.0,78.0,57.0,199.5,0.01903245773834007,3,1
random,400,15,308,26.0,14.0,25.0,23.0,17.0,17.0,39.0,199.5,0.01903245773834007,3,1
random,400,15,309,164.0,172.0,214.0,218.0,179.0,179.0,213.0,199.5,0.01903245773834007,3,1
random,400,15,310,17.0,27.0,14.0,14.0,27.0,27.0,18.0,199.5,0.01903245773834007,3,1
random,400,15,311,276.0,317.0,331.0,330.0,319.0,319.0,302.0,199.5,0.01903245773834007,3,1
random,400,15,312,164.0,123.0,191.0,191.0,128.0,128.0,220.0,199.5,0.01903245773834007,3,1
random,400,15,313,43.0,12.0,54.0,56.0,14.0,14.0,67.0,199.5,0.01903245773834007,3,1
random,400,15,314,225.0,221.0,271.0,273.0,225.0,225.0,264.0,199.5,0.01903245773834007,3,1
random,400,15,315,276.0,297.0,295.0,295.0,303.0,303.0,292.0,199.5,0.01903245773834007,3,1
random,400,15,316,366.0,393.0,379.0,379.0,391.0,391.0,370.0,199.5,0.01903245773834007,3,1
random,400,15,317,225.0,242.0,267.0,267.0,246.0,246.0,256.0,199.5,0.01903245773834007,3,1
random,400,15,318,100.0,172.0,115.0,116.0,167.0,167.0,113.0,199.5,0.01903245773834007,3,1
random,400,15,319,17.0,40.0,31.0,32.0,34.0,34.0,25.0,199.5,0.01903245773834007,3,1
random,400,15,320,10.0,32.0,11.0,11.0,25.0,25.0,12.0,199.5,0.01903245773834007,3,1
random,400,15,321,276.0,247.0,278.0,276.0,254.0,254.0,311.0,199.5,0.01903245773834007,3,1
random,400,15,322,396.0,394.0,400.0,400.0,395.0,395.0,400.0,199.5,0.01903245773834007,3,1
random,400,15,323,366.0,381.0,363.0,361.0,380.0,380.0,369.0,199.5,0.01903245773834007,3,1
random,400,15,324,276.0,328.0,270.0,265.0,326.0,326.0,282.0,199.5,0.01903245773834007,3,1
random,400,15,325,2.0,4.0,2.0,2.0,2.0,2.0,2.0,199.5,0.01903245773834007,3,1
random,400,15,326,164.0,282.0,197.0,199.0,266.0,266.0,173.0,199.5,0.01903245773834007,3,1
random,400,15,327,17.0,37.0,20.0,19.0,35.0,35.0,20.0,199.5,0.01903245773834007,3,1
random,400,15,328,396.0,396.0,398.0,398.0,398.0,398.0,399.0,199.5,0.01903245773834007,3,1
random,400,15,329,26.0,53.0,40.0,39.0,48.0,48.0,32.0,199.5,0.01903245773834007,3,1
random,400,15,330,164.0,184.0,198.0,192.0,195.0,195.0,201.0,199.5,0.01903245773834007,3,1
random,400,15,331,100.0,211.0,100.0,101.0,208.0,208.0,101.0,199.5,0.01903245773834007,3,1
random,400,15,332,164.0,250.0,200.0,198.0,245.0,245.0,177.0,199.5,0.01903245773834007,3,1
random,400,15,333,276.0,320.0,321.0,323.0,320.0,320.0,299.0,199.5,0.01903245773834007,3,1
random,400,15,334,276.0,337.0,258.0,250.0,336.0,336.0,277.0,199.5,0.01903245773834007,3,1
random,400,15,335,388.0,397.0,394.0,394.0,397.0,397.0,389.0,199.5,0.01903245773834007,3,1
random,400,15,336,68.0,46.0,76.0,84.0,49.0,49.0,96.0,199.5,0.01903245773834007,3,1
random,400,15,337,329.0,346.0,325.0,322.0,346.0,346.0,340.0,199.5,0.01903245773834007,3,1
random,400,15,338,388.0,387.0,393.0,392.0,387.0,387.0,393.0,199.5,0.01903245773834007,3,1
random,400,15,339,329.0,317.0,364.0,366.0,321.0,321.0,359.0,199.5,0.01903245773834007,3,1
random,400,15,340,388.0,390.0,389.0,389.0,392.0,392.0,390.0,199.5,0.01903245773834007,3,1
random,400,15,341,100.0,100.0,95.0,93.0,105.0,105.0,133.0,199.5,0.01903245773834007,3,1
random,400,15,342,225.0,221.0,275.0,271.0,231.0,231.0,263.0,199.5,0.01903245773834007,3,1
random,400,15,343,225.0,234.0,241.0,241.0,232.0,232.0,260.0,199.5,0.01903245773834007,3,1
random,400,15,344,329.0,333.0,332.0,334.0,333.0,333.0,343.0,199.5,0.01903245773834007,3,1
random,400,15,345,164.0,100.0,137.0,134.0,110.0,110.0,207.0,199.5,0.01903245773834007,3,1
random,400,15,346,100.0,88.0,155.0,167.0,103.0,103.0,152.0,199.5,0.01903245773834007,3,1
random,400,15,347,17.0,11.0,21.0,21.0,11.0,11.0,24.0,199.5,0.01903245773834007,3,1
random,400,15,348,276.0,330.0,296.0,292.0,328.0,328.0,289.0,199.5,0.01903245773834007,3,1
random,400,15,349,43.0,51.0,59.0,60.0,50.0,50.0,61.0,199.5,0.01903245773834007,3,1
random,400,15,350,100.0,109.0,167.0,164.0,111.0,111.0,150.0,199.5,0.01903245773834007,3,1
random,400,15,351,164.0,123.0,222.0,228.0,135.0,135.0,217.0,199.5,0.01903245773834007,3,1
random,400,15,352,276.0,261.0,318.0,317.0,274.0,274.0,318.0,199.5,0.01903245773834007,3,1
random,400,15,353,396.0,399.0,399.0,399.0,399.0,399.0,397.0,199.5,0.01903245773834007,3,1
random,400,15,354,10.0,18.0,6.0,6.0,15.0,15.0,11.0,199.5,0.01903245773834007,3,1
random,400,15,355,164.0,206.0,205.0,196.0,211.0,211.0,190.0,199.5,0.01903245773834007,3,1
random,400,15,356,26.0,42.0,37.0,35.0,39.0,39.0,34.0,199.5,0.01903245773834007,3,1
random,400,15,357,276.0,357.0,345.0,342.0,355.0,355.0,288.0,199.5,0.01903245773834007,3,1
random,400,15,358,276.0,269.0,216.0,216.0,280.0,280.0,280.0,199.5,0.01903245773834007,3,1
random,400,15,359,100.0,168.0,153.0,153.0,158.0,158.0,122.0,199.5,0.01903245773834007,3,1
random,400,15,360,68.0,119.0,133.0,131.0,109.0,109.0,88.0,199.5,0.01903245773834007,3,1
random,400,15,361,329.0,358.0,359.0,359.0,360.0,360.0,352.0,199.5,0.01903245773834007,3,1
random,400,15,362,100.0,211.0,103.0,97.0,202.0,202.0,103.0,199.5,0.01903245773834007,3,1
random,400,15,363,4.0,6.0,8.0,8.0,7.0,7.0,6.0,199.5,0.01903245773834007,3,1
random,400,15,364,225.0,145.0,242.0,245.0,170.0,170.0,267.0,199.5,0.01903245773834007,3,1
random,400,15,365,43.0,69.0,69.0,71.0,68.0,68.0,59.0,199.5,0.01903245773834007,3,1
random,400,15,366,225.0,237.0,243.0,242.0,241.0,241.0,253.0,199.5,0.01903245773834007,3,1
random,400,15,367,276.0,245.0,301.0,301.0,251.0,251.0,312.0,199.5,0.01903245773834007,3,1
random,400,15,368,164.0,237.0,228.0,227.0,233.0,233.0,188.0,199.5,0.01903245773834007,3,1
random,400,15,369,329.0,321.0,335.0,331.0,325.0,325.0,353.0,199.5,0.01903245773834007,3,1
random,400,15,370,276.0,325.0,330.0,327.0,324.0,324.0,306.0,199.5,0.01903245773834007,3,1
random,400,15,371,329.0,348.0,365.0,364.0,353.0,353.0,349.0,199.5,0.01903245773834007,3,1
random,400,15,372,43.0,66.0,39.0,38.0,63.0,63.0,50.0,199.5,0.01903245773834007,3,1
random,400,15,373,329.0,351.0,340.0,338.0,356.0,356.0,338.0,199.5,0.01903245773834007,3,1
random,400,15,374,225.0,234.0,232.0,230.0,236.0,236.0,235.0,199.5,0.01903245773834007,3,1
random,400,15,375,26.0,15.0,29.0,30.0,19.0,19.0,36.0,199.5,0.01903245773834007,3,1
random,400,15,376,164.0,154.0,218.0,217.0,152.0,152.0,214.0,199.5,0.01903245773834007,3,1
random,400,15,377,225.0,215.0,256.0,258.0,223.0,223.0,265.0,199.5,0.01903245773834007,3,1
random,400,15,378,100.0,179.0,149.0,151.0,171.0,171.0,141.0,199.5,0.01903245773834007,3,1
random,400,15,379,329.0,281.0,356.0,357.0,294.0,294.0,365.0,199.5,0.01903245773834007,3,1
random,400,15,380,43.0,64.0,46.0,44.0,64.0,64.0,45.0,199.5,0.01903245773834007,3,1
random,400,15,381,225.0,174.0,246.0,248.0,189.0,189.0,272.0,199.5,0.01903245773834007,3,1
random,400,15,382,4.0,3.0,10.0,10.0,4.0,4.0,9.0,199.5,0.01903245773834007,3,1
random,400,15,383,276.0,261.0,291.0,289.0,268.0,268.0,313.0,199.5,0.01903245773834007,3,1
random,400,15,384,164.0,269.0,174.0,166.0,259.0,259.0,170.0,199.5,0.01903245773834007,3,1
random,400,15,385,100.0,41.0,123.0,127.0,51.0,51.0,158.0,199.5,0.01903245773834007,3,1
random,400,15,386,225.0,282.0,219.0,212.0,277.0,277.0,232.0,199.5,0.01903245773834007,3,1
random,400,15,387,366.0,366.0,386.0,388.0,367.0,367.0,385.0,199.5,0.01903245773834007,3,1
random,400,15,388,225.0,242.0,251.0,252.0,242.0,242.0,254.0,199.5,0.01903245773834007,3,1
random,400,15,389,225.0,275.0,264.0,266.0,273.0,273.0,243.0,199.5,0.01903245773834007,3,1
random,400,15,390,276.0,308.0,292.0,294.0,305.0,305.0,297.0,199.5,0.01903245773834007,3,1
random,400,15,391,164.0,247.0,121.0,112.0,239.0,239.0,162.0,199.5,0.01903245773834007,3,1
random,400,15,392,100.0,154.0,127.0,124.0,154.0,154.0,118.0,199.5,0.01903245773834007,3,1
random,400,15,393,164.0,150.0,201.0,207.0,155.0,155.0,211.0,199.5,0.01903245773834007,3,1
random,400,15,394,329.0,363.0,257.0,257.0,362.0,362.0,331.0,199.5,0.01903245773834007,3,1
random,400,15,395,164.0,219.0,152.0,155.0,220.0,220.0,172.0,199.5,0.01903245773834007,3,1
random,400,15,396,26.0,22.0,42.0,42.0,26.0,26.0,42.0,199.5,0.01903245773834007,3,1
random,400,15,397,329.0,342.0,350.0,353.0,342.0,342.0,345.0,199.5,0.01903245773834007,3,1
random,400,15,398,329.0,309.0,357.0,356.0,315.0,315.0,358.0,199.5,0.01903245773834007,3,1
random,400,15,399,100.0,49.0,147.0,158.0,54.0,54.0,164.0,199.5,0.01903245773834007,3,1
random,400,16,0,279.0,258.0,307.0,313.0,265.0,265.0,315.0,199.5,0.017377845194021645,3,1
random,400,16,1,43.0,163.0,86.0,88.0,139.0,139.0,45.0,199.5,0.017377845194021645,3,1
random,400,16,2,370.0,383.0,367.0,365.0,385.0,385.0,370.0,199.5,0.017377845194021645,3,1
random,400,16,3,227.0,250.0,201.0,197.0,251.0,251.0,238.0,199.5,0.017377845194021645,3,1
random,400,16,4,227.0,331.0,284.0,281.0,325.0,325.0,237.0,199.5,0.017377845194021645,3,1
random,400,16,5,43.0,44.0,71.0,73.0,45.0,45.0,63.0,199.5,0.017377845194021645,3,1
random,400,16,6,26.0,124.0,23.0,18.0,102.0,102.0,18.0,199.5,0.017377845194021645,3,1
random,400,16,7,106.0,121.0,158.0,158.0,121.0,121.0,146.0,199.5,0.017377845194021645,3,1
random,400,16,8,158.0,156.0,205.0,210.0,160.0,160.0,213.0,199.5,0.017377845194021645,3,1
random,400,16,9,158.0,295.0,247.0,241.0,287.0,287.0,168.0,199.5,0.017377845194021645,3,1
random,400,16,10,43.0,34.0,61.0,62.0,36.0,36.0,65.0,199.5,0.017377845194021645,3,1
random,400,16,11,329.0,317.0,370.0,369.0,318.0,318.0,359.0,199.5,0.017377845194021645,3,1
random,400,16,12,26.0,57.0,50.0,53.0,57.0,57.0,36.0,199.5,0.017377845194021645,3,1
random,400,16,13,66.0,32.0,67.0,69.0,37.0,37.0,98.0,199.5,0.017377845194021645,3,1
random,400,16,14,13.0,39.0,24.0,22.0,33.0,33.0,15.0,199.5,0.017377845194021645,3,1
random,400,16,15,158.0,193.0,220.0,228.0,191.0,191.0,214.0,199.5,0.017377845194021645,3,1
random,400,16,16,158.0,168.0,199.0,202.0,176.0,176.0,195.0,199.5,0.017377845194021645,3,1
random,400,16,17,106.0,227.0,122.0,125.0,195.0,195.0,115.0,199.5,0.017377845194021645,3,1
random,400,16,18,66.0,81.0,120.0,132.0,84.0,84.0,99.0,199.5,0.017377845194021645,3,1
random,400,16,19,66.0,52.0,68.0,67.0,58.0,58.0,90.0,199.5,0.017377845194021645,3,1
random,400,16,20,329.0,362.0,356.0,353.0,365.0,365.0,334.0,199.5,0.017377845194021645,3,1
random,400,16,21,370.0,389.0,385.0,385.0,388.0,388.0,375.0,199.5,0.017377845194021645,3,1
random,400,16,22,227.0,298.0,286.0,280.0,297.0,297.0,240.0,199.5,0.017377845194021645,3,1
random,400,16,23,227.0,272.0,249.0,252.0,275.0,275.0,239.0,199.5,0.017377845194021645,3,1
random,400,16,24,279.0,280.0,292.0,299.0,279.0,279.0,312.0,199.5,0.017377845194021645,3,1
random,400,16,25,227.0,295.0,253.0,248.0,294.0,294.0,230.0,199.5,0.017377845194021645,3,1
random,400,16,26,106.0,126.0,146.0,140.0,134.0,134.0,133.0,199.5,0.017377845194021645,3,1
random,400,16,27,279.0,346.0,330.0,329.0,346.0,346.0,292.0,199.5,0.017377845194021645,3,1
random,400,16,28,387.0,380.0,388.0,388.0,386.0,386.0,393.0,199.5,0.017377845194021645,3,1
random,400,16,29,26.0,15.0,13.0,15.0,16.0,16.0,34.0,199.5,0.017377845194021645,3,1
random,400,16,30,43.0,36.0,43.0,44.0,38.0,38.0,54.0,199.5,0.017377845194021645,3,1
random,400,16,31,329.0,367.0,369.0,370.0,366.0,366.0,346.0,199.5,0.017377845194021645,3,1
random,400,16,32,227.0,336.0,269.0,269.0,322.0,322.0,231.0,199.5,0.017377845194021645,3,1
random,400,16,33,279.0,365.0,276.0,275.0,360.0,360.0,280.0,199.5,0.017377845194021645,3,1
random,400,16,34,227.0,242.0,263.0,262.0,242.0,242.0,268.0,199.5,0.017377845194021645,3,1
random,400,16,35,227.0,198.0,317.0,319.0,208.0,208.0,278.0,199.5,0.017377845194021645,3,1
random,400,16,36,329.0,362.0,345.0,346.0,361.0,361.0,339.0,199.5,0.017377845194021645,3,1
random,400,16,37,4.0,5.0,9.0,9.0,5.0,5.0,7.0,199.5,0.017377845194021645,3,1
random,400,16,38,279.0,304.0,303.0,300.0,311.0,311.0,289.0,199.5,0.017377845194021645,3,1
random,400,16,39,106.0,153.0,168.0,168.0,150.0,150.0,144.0,199.5,0.017377845194021645,3,1
random,400,16,40,9.0,28.0,11.0,11.0,17.0,17.0,11.0,199.5,0.017377845194021645,3,1
random,400,16,41,158.0,218.0,191.0,200.0,217.0,217.0,171.0,199.5,0.017377845194021645,3,1
random,400,16,42,66.0,81.0,80.0,82.0,86.0,86.0,88.0,199.5,0.017377845194021645,3,1
random,400,16,43,43.0,108.0,62.0,60.0,95.0,95.0,46.0,199.5,0.017377845194021645,3,1
random,400,16,44,106.0,135.0,159.0,157.0,145.0,145.0,127.0,199.5,0.017377845194021645,3,1
random,400,16,45,9.0,25.0,21.0,23.0,26.0,26.0,12.0,199.5,0.017377845194021645,3,1
random,400,16,46,66.0,64.0,104.0,107.0,64.0,64.0,102.0,199.5,0.017377845194021645,3,1
random,400,16,47,329.0,374.0,358.0,358.0,372.0,372.0,337.0,199.5,0.017377845194021645,3,1
random,400,16,48,66.0,68.0,59.0,56.0,70.0,70.0,73.0,199.5,0.017377845194021645,3,1
random,400,16,49,158.0,233.0,203.0,193.0,229.0,229.0,172.0,199.5,0.017377845194021645,3,1
random,400,16,50,158.0,271.0,224.0,225.0,272.0,272.0,169.0,199.5,0.017377845194021645,3,1
random,400,16,51,106.0,218.0,132.0,119.0,212.0,212.0,106.0,199.5,0.017377845194021645,3,1
random,400,16,52,9.0,8.0,8.0,8.0,8.0,8.0,10.0,199.5,0.017377845194021645,3,1
random,400,16,53,26.0,35.0,19.0,19.0,34.0,34.0,31.0,199.5,0.017377845194021645,3,1
random,400,16,54,279.0,310.0,309.0,309.0,307.0,307.0,300.0,199.5,0.017377845194021645,3,1
random,400,16,55,227.0,274.0,241.0,236.0,273.0,273.0,245.0,199.5,0.017377845194021645,3,1
random,400,16,56,9.0,57.0,17.0,20.0,44.0,44.0,9.0,199.5,0.017377845194021645,3,1
random,400,16,57,106.0,97.0,161.0,156.0,110.0,110.0,154.0,199.5,0.017377845194021645,3,1
random,400,16,58,66.0,75.0,41.0,37.0,71.0,71.0,69.0,199.5,0.017377845194021645,3,1
random,400,16,59,227.0,215.0,268.0,271.0,224.0,224.0,276.0,199.5,0.017377845194021645,3,1
random,400,16,60,329.0,325.0,343.0,344.0,330.0,330.0,349.0,199.5,0.017377845194021645,3,1
random,400,16,61,106.0,130.0,162.0,166.0,136.0,136.0,145.0,199.5,0.017377845194021645,3,1
random,400,16,62,106.0,144.0,107.0,105.0,143.0,143.0,137.0,199.5,0.017377845194021645,3,1
random,400,16,63,26.0,17.0,44.0,46.0,25.0,25.0,39.0,199.5,0.017377845194021645,3,1
random,400,16,64,400.0,400.0,400.0,400.0,400.0,400.0,400.0,199.5,0.017377845194021645,3,1
random,400,16,65,106.0,55.0,138.0,145.0,66.0,66.0,155.0,199.5,0.017377845194021645,3,1
random,400,16,66,279.0,333.0,293.0,294.0,332.0,332.0,304.0,199.5,0.017377845194021645,3,1
random,400,16,67,106.0,91.0,79.0,80.0,100.0,100.0,122.0,199.5,0.017377845194021645,3,1
random,400,16,68,227.0,288.0,250.0,242.0,284.0,284.0,247.0,199.5,0.017377845194021645,3,1
random,400,16,69,279.0,297.0,261.0,259.0,298.0,298.0,296.0,199.5,0.017377845194021645,3,1
random,400,16,70,279.0,321.0,290.0,286.0,321.0,321.0,284.0,199.5,0.017377845194021645,3,1
random,400,16,71,13.0,7.0,6.0,6.0,10.0,10.0,13.0,199.5,0.017377845194021645,3,1
random,400,16,72,329.0,364.0,366.0,367.0,364.0,364.0,355.0,199.5,0.017377845194021645,3,1
random,400,16,73,227.0,298.0,291.0,293.0,296.0,296.0,243.0,199.5,0.017377845194021645,3,1
random,400,16,74,370.0,347.0,374.0,375.0,351.0,351.0,385.0,199.5,0.017377845194021645,3,1
random,400,16,75,279.0,274.0,334.0,332.0,283.0,283.0,309.0,199.5,0.017377845194021645,3,1
random,400,16,76,158.0,278.0,189.0,190.0,270.0,270.0,161.0,199.5,0.017377845194021645,3,1
random,400,16,77,158.0,156.0,228.0,229.0,163.0,163.0,217.0,199.5,0.017377845194021645,3,1
random,400,16,78,66.0,138.0,77.0,75.0,127.0,127.0,70.0,199.5,0.017377845194021645,3,1
random,400,16,79,66.0,144.0,117.0,106.0,133.0,133.0,75.0,199.5,0.017377845194021645,3,1
random,400,16,80,227.0,240.0,239.0,235.0,246.0,246.0,250.0,199.5,0.017377845194021645,3,1
random,400,16,81,227.0,290.0,231.0,232.0,292.0,292.0,235.0,199.5,0.017377845194021645,3,1
random,400,16,82,158.0,153.0,210.0,207.0,160.0,160.0,216.0,199.5,0.017377845194021645,3,1
random,400,16,83,43.0,62.0,66.0,65.0,59.0,59.0,55.0,199.5,0.017377845194021645,3,1
random,400,16,84,227.0,153.0,229.0,231.0,177.0,177.0,258.0,199.5,0.017377845194021645,3,1
random,400,16,85,227.0,171.0,238.0,246.0,189.0,189.0,260.0,199.5,0.017377845194021645,3,1
random,400,16,86,66.0,177.0,92.0,92.0,162.0,162.0,71.0,199.5,0.017377845194021645,3,1
random,400,16,87,13.0,17.0,18.0,17.0,18.0,18.0,20.0,199.5,0.017377845194021645,3,1
random,400,16,88,106.0,101.0,121.0,126.0,110.0,110.0,135.0,199.5,0.017377845194021645,3,1
random,400,16,89,279.0,333.0,294.0,291.0,335.0,335.0,288.0,199.5,0.017377845194021645,3,1
random,400,16,90,158.0,144.0,195.0,194.0,155.0,155.0,194.0,199.5,0.017377845194021645,3,1
random,400,16,91,43.0,48.0,57.0,57.0,48.0,48.0,52.0,199.5,0.017377845194021645,3,1
random,400,16,92,158.0,113.0,103.0,95.0,120.0,120.0,178.0,199.5,0.017377845194021645,3,1
random,400,16,93,106.0,130.0,108.0,111.0,134.0,134.0,124.0,199.5,0.017377845194021645,3,1
random,400,16,94,279.0,259.0,320.0,324.0,263.0,263.0,317.0,199.5,0.017377845194021645,3,1
random,400,16,95,158.0,269.0,242.0,243.0,262.0,262.0,193.0,199.5,0.017377845194021645,3,1
random,400,16,96,227.0,289.0,258.0,256.0,293.0,293.0,234.0,199.5,0.017377845194021645,3,1
random,400,16,97,279.0,323.0,301.0,296.0,319.0,319.0,294.0,199.5,0.017377845194021645,3,1
random,400,16,98,43.0,97.0,52.0,52.0,87.0,87.0,44.0,199.5,0.017377845194021645,3,1
random,400,16,99,329.0,382.0,344.0,334.0,380.0,380.0,332.0,199.5,0.017377845194021645,3,1
random,400,16,100,158.0,243.0,215.0,214.0,233.0,233.0,185.0,199.5,0.017377845194021645,3,1
random,400,16,101,158.0,218.0,245.0,244.0,217.0,217.0,208.0,199.5,0.017377845194021645,3,1
random,400,16,102,66.0,86.0,100.0,104.0,84.0,84.0,95.0,199.5,0.017377845194021645,3,1
random,400,16,103,26.0,28.0,37.0,38.0,30.0,30.0,40.0,199.5,0.017377845194021645,3,1
random,400,16,104,106.0,86.0,119.0,122.0,98.0,98.0,143.0,199.5,0.017377845194021645,3,1
random,400,16,105,329.0,353.0,335.0,336.0,353.0,353.0,341.0,199.5,0.017377845194021645,3,1
random,400,16,106,158.0,248.0,217.0,217.0,248.0,248.0,173.0,199.5,0.017377845194021645,3,1
random,400,16,107,387.0,398.0,389.0,389.0,398.0,398.0,387.0,199.5,0.017377845194021645,3,1
random,400,16,108,66.0,121.0,81.0,79.0,114.0,114.0,77.0,199.5,0.017377845194021645,3,1
random,400,16,109,227.0,270.0,218.0,218.0,268.0,268.0,228.0,199.5,0.017377845194021645,3,1
random,400,16,110,329.0,328.0,333.0,333.0,329.0,329.0,356.0,199.5,0.017377845194021645,3,1
random,400,16,111,279.0,310.0,297.0,292.0,307.0,307.0,305.0,199.5,0.017377845194021645,3,1
random,400,16,112,227.0,239.0,240.0,239.0,241.0,241.0,255.0,199.5,0.017377845194021645,3,1
random,400,16,113,279.0,225.0,319.0,320.0,244.0,244.0,321.0,199.5,0.017377845194021645,3,1
random,400,16,114,279.0,350.0,321.0,321.0,348.0,348.0,290.0,199.5,0.017377845194021645,3,1
random,400,16,115,279.0,315.0,300.0,301.0,314.0,314.0,295.0,199.5,0.017377845194021645,3,1
random,400,16,116,158.0,233.0,213.0,213.0,231.0,231.0,186.0,199.5,0.017377845194021645,3,1
random,400,16,117,279.0,206.0,315.0,316.0,230.0,230.0,328.0,199.5,0.017377845194021645,3,1
random,400,16,118,4.0,21.0,10.0,10.0,15.0,15.0,6.0,199.5,0.017377845194021645,3,1
random,400,16,119,227.0,235.0,206.0,205.0,237.0,237.0,249.0,199.5,0.017377845194021645,3,1
random,400,16,120,279.0,307.0,283.0,283.0,305.0,305.0,299.0,199.5,0.017377845194021645,3,1
random,400,16,121,158.0,195.0,135.0,131.0,196.0,196.0,167.0,199.5,0.017377845194021645,3,1
random,400,16,122,158.0,141.0,235.0,240.0,152.0,152.0,225.0,199.5,0.017377845194021645,3,1
random,400,16,123,106.0,101.0,124.0,121.0,105.0,105.0,149.0,199.5,0.017377845194021645,3,1
random,400,16,124,227.0,198.0,302.0,303.0,213.0,213.0,275.0,199.5,0.017377845194021645,3,1
random,400,16,125,158.0,254.0,207.0,208.0,245.0,245.0,188.0,199.5,0.017377845194021645,3,1
random,400,16,126,26.0,11.0,38.0,39.0,14.0,14.0,41.0,199.5,0.017377845194021645,3,1
random,400,16,127,158.0,156.0,173.0,169.0,154.0,154.0,203.0,199.5,0.017377845194021645,3,1
random,400,16,128,370.0,387.0,373.0,373.0,387.0,387.0,371.0,199.5,0.017377845194021645,3,1
random,400,16,129,158.0,218.0,214.0,215.0,214.0,214.0,198.0,199.5,0.017377845194021645,3,1
random,400,16,130,3.0,4.0,3.0,3.0,4.0,4.0,3.0,199.5,0.017377845194021645,3,1
random,400,16,131,370.0,369.0,368.0,368.0,369.0,369.0,379.0,199.5,0.017377845194021645,3,1
random,400,16,132,227.0,195.0,222.0,223.0,215.0,215.0,256.0,199.5,0.017377845194021645,3,1
random,400,16,133,227.0,310.0,223.0,224.0,300.0,300.0,227.0,199.5,0.017377845194021645,3,1
random,400,16,134,13.0,13.0,26.0,28.0,13.0,13.0,25.0,199.5,0.017377845194021645,3,1
random,400,16,135,106.0,169.0,116.0,112.0,164.0,164.0,123.0,199.5,0.017377845194021645,3,1
random,400,16,136,66.0,97.0,83.0,81.0,94.0,94.0,79.0,199.5,0.017377845194021645,3,1
random,400,16,137,387.0,392.0,395.0,395.0,392.0,392.0,388.0,199.5,0.017377845194021645,3,1
random,400,16,138,395.0,397.0,397.0,397.0,397.0,397.0,396.0,199.5,0.017377845194021645,3,1
random,400,16,139,395.0,395.0,398.0,398.0,396.0,396.0,397.0,199.5,0.017377845194021645,3,1
random,400,16,140,158.0,206.0,157.0,147.0,207.0,207.0,179.0,199.5,0.017377845194021645,3,1
random,400,16,141,329.0,325.0,364.0,364.0,328.0,328.0,367.0,199.5,0.017377845194021645,3,1
random,400,16,142,158.0,166.0,174.0,173.0,167.0,167.0,206.0,199.5,0.017377845194021645,3,1
random,400,16,143,227.0,342.0,264.0,268.0,336.0,336.0,229.0,199.5,0.017377845194021645,3,1
random,400,16,144,279.0,274.0,308.0,305.0,280.0,280.0,316.0,199.5,0.017377845194021645,3,1
random,400,16,145,158.0,130.0,160.0,161.0,131.0,131.0,218.0,199.5,0.017377845194021645,3,1
random,400,16,146,106.0,180.0,130.0,129.0,171.0,171.0,119.0,199.5,0.017377845194021645,3,1
random,400,16,147,279.0,315.0,287.0,290.0,310.0,310.0,301.0,199.5,0.017377845194021645,3,1
random,400,16,148,370.0,368.0,378.0,380.0,369.0,369.0,382.0,199.5,0.017377845194021645,3,1
random,400,16,149,387.0,393.0,391.0,391.0,393.0,393.0,390.0,199.5,0.017377845194021645,3,1
random,400,16,150,66.0,79.0,101.0,103.0,76.0,76.0,94.0,199.5,0.017377845194021645,3,1
random,400,16,151,43.0,32.0,51.0,50.0,35.0,35.0,58.0,199.5,0.017377845194021645,3,1
random,400,16,152,158.0,264.0,164.0,171.0,253.0,253.0,166.0,199.5,0.017377845194021645,3,1
random,400,16,153,279.0,352.0,313.0,311.0,349.0,349.0,285.0,199.5,0.017377845194021645,3,1
random,400,16,154,158.0,284.0,212.0,209.0,276.0,276.0,165.0,199.5,0.017377845194021645,3,1
random,400,16,155,279.0,348.0,244.0,247.0,347.0,347.0,279.0,199.5,0.017377845194021645,3,1
random,400,16,156,370.0,383.0,372.0,372.0,381.0,381.0,372.0,199.5,0.017377845194021645,3,1
random,400,16,157,66.0,135.0,54.0,51.0,123.0,123.0,68.0,199.5,0.017377845194021645,3,1
random,400,16,158,279.0,341.0,288.0,285.0,338.0,338.0,287.0,199.5,0.017377845194021645,3,1
random,400,16,159,66.0,148.0,94.0,94.0,138.0,138.0,74.0,199.5,0.017377845194021645,3,1
random,400,16,160,370.0,372.0,383.0,383.0,373.0,373.0,383.0,199.5,0.017377845194021645,3,1
random,400,16,161,66.0,108.0,47.0,43.0,105.0,105.0,66.0,199.5,0.017377845194021645,3,1
random,400,16,162,66.0,48.0,84.0,87.0,55.0,55.0,92.0,199.5,0.017377845194021645,3,1
random,400,16,163,158.0,185.0,181.0,179.0,188.0,188.0,187.0,199.5,0.017377845194021645,3,1
random,400,16,164,227.0,169.0,246.0,250.0,185.0,185.0,269.0,199.5,0.017377845194021645,3,1
random,400,16,165,158.0,210.0,171.0,164.0,202.0,202.0,182.0,199.5,0.017377845194021645,3,1
random,400,16,166,43.0,41.0,33.0,33.0,41.0,41.0,48.0,199.5,0.017377845194021645,3,1
random,400,16,167,329.0,333.0,347.0,345.0,334.0,334.0,362.0,199.5,0.017377845194021645,3,1
random,400,16,168,158.0,195.0,153.0,150.0,197.0,197.0,174.0,199.5,0.017377845194021645,3,1
random,400,16,169,329.0,304.0,275.0,274.0,309.0,309.0,333.0,199.5,0.017377845194021645,3,1
random,400,16,170,66.0,75.0,148.0,170.0,68.0,68.0,105.0,199.5,0.017377845194021645,3,1
random,400,16,171,66.0,141.0,89.0,86.0,129.0,129.0,76.0,199.5,0.017377845194021645,3,1
random,400,16,172,329.0,317.0,360.0,360.0,326.0,326.0,364.0,199.5,0.017377845194021645,3,1
random,400,16,173,329.0,383.0,316.0,306.0,381.0,381.0,326.0,199.5,0.017377845194021645,3,1
random,400,16,174,279.0,213.0,318.0,317.0,234.0,234.0,322.0,199.5,0.017377845194021645,3,1
random,400,16,175,329.0,361.0,371.0,371.0,363.0,363.0,347.0,199.5,0.017377845194021645,3,1
random,400,16,176,66.0,57.0,69.0,68.0,65.0,65.0,87.0,199.5,0.017377845194021645,3,1
random,400,16,177,26.0,106.0,40.0,41.0,81.0,81.0,29.0,199.5,0.017377845194021645,3,1
random,400,16,178,158.0,156.0,185.0,192.0,158.0,158.0,199.0,199.5,0.017377845194021645,3,1
random,400,16,179,370.0,371.0,377.0,377.0,371.0,371.0,380.0,199.5,0.017377845194021645,3,1
random,400,16,180,329.0,314.0,341.0,342.0,314.0,314.0,363.0,199.5,0.017377845194021645,3,1
random,400,16,181,279.0,284.0,280.0,279.0,286.0,286.0,307.0,199.5,0.017377845194021645,3,1
random,400,16,182,106.0,171.0,149.0,151.0,159.0,159.0,129.0,199.5,0.017377845194021645,3,1
random,400,16,183,395.0,399.0,394.0,394.0,399.0,399.0,395.0,199.5,0.017377845194021645,3,1
random,400,16,184,43.0,44.0,70.0,70.0,43.0,43.0,62.0,199.5,0.017377845194021645,3,1
random,400,16,185,329.0,327.0,342.0,343.0,331.0,331.0,351.0,199.5,0.017377845194021645,3,1
random,400,16,186,13.0,31.0,16.0,16.0,29.0,29.0,16.0,199.5,0.017377845194021645,3,1
random,400,16,187,106.0,68.0,112.0,114.0,71.0,71.0,150.0,199.5,0.017377845194021645,3,1
random,400,16,188,227.0,247.0,233.0,233.0,252.0,252.0,252.0,199.5,0.017377845194021645,3,1
random,400,16,189,227.0,298.0,227.0,221.0,291.0,291.0,232.0,199.5,0.017377845194021645,3,1
random,400,16,190,387.0,394.0,393.0,393.0,394.0,394.0,389.0,199.5,0.017377845194021645,3,1
random,400,16,191,106.0,171.0,111.0,108.0,169.0,169.0,114.0,199.5,0.017377845194021645,3,1
random,400,16,192,158.0,161.0,230.0,230.0,170.0,170.0,221.0,199.5,0.017377845194021645,3,1
random,400,16,193,370.0,379.0,382.0,382.0,379.0,379.0,377.0,199.5,0.017377845194021645,3,1
random,400,16,194,26.0,101.0,32.0,31.0,77.0,77.0,24.0,199.5,0.017377845194021645,3,1
random,400,16,195,227.0,235.0,256.0,261.0,240.0,240.0,270.0,199.5,0.017377845194021645,3,1
random,400,16,196,329.0,354.0,354.0,352.0,356.0,356.0,342.0,199.5,0.017377845194021645,3,1
random,400,16,197,13.0,22.0,25.0,29.0,22.0,22.0,21.0,199.5,0.017377845194021645,3,1
random,400,16,198,158.0,161.0,169.0,163.0,165.0,165.0,191.0,199.5,0.017377845194021645,3,1
random,400,16,199,106.0,130.0,140.0,134.0,128.0,128.0,128.0,199.5,0.017377845194021645,3,1
random,400,16,200,329.0,349.0,363.0,363.0,355.0,355.0,345.0,199.5,0.017377845194021645,3,1
random,400,16,201,158.0,213.0,186.0,187.0,208.0,208.0,190.0,199.5,0.017377845194021645,3,1
random,400,16,202,106.0,178.0,88.0,83.0,172.0,172.0,108.0,199.5,0.017377845194021645,3,1
random,400,16,203,279.0,203.0,328.0,328.0,227.0,227.0,329.0,199.5,0.017377845194021645,3,1
random,400,16,204,106.0,165.0,165.0,167.0,156.0,156.0,148.0,199.5,0.017377845194021645,3,1
random,400,16,205,329.0,329.0,312.0,307.0,337.0,337.0,330.0,199.5,0.017377845194021645,3,1
random,400,16,206,26.0,25.0,34.0,34.0,31.0,31.0,35.0,199.5,0.017377845194021645,3,1
random,400,16,207,43.0,50.0,49.0,48.0,50.0,50.0,47.0,199.5,0.017377845194021645,3,1
random,400,16,208,13.0,28.0,14.0,12.0,28.0,28.0,14.0,199.5,0.017377845194021645,3,1
random,400,16,209,43.0,50.0,75.0,76.0,53.0,53.0,60.0,199.5,0.017377845194021645,3,1
random,400,16,210,279.0,302.0,305.0,302.0,306.0,306.0,302.0,199.5,0.017377845194021645,3,1
random,400,16,211,279.0,252.0,306.0,314.0,257.0,257.0,323.0,199.5,0.017377845194021645,3,1
random,400,16,212,279.0,344.0,314.0,312.0,341.0,341.0,293.0,199.5,0.017377845194021645,3,1
random,400,16,213,387.0,390.0,392.0,392.0,390.0,390.0,392.0,199.5,0.017377845194021645,3,1
random,400,16,214,370.0,366.0,381.0,381.0,368.0,368.0,384.0,199.5,0.017377845194021645,3,1
random,400,16,215,279.0,252.0,296.0,304.0,255.0,255.0,324.0,199.5,0.017377845194021645,3,1
random,400,16,216,158.0,139.0,176.0,172.0,151.0,151.0,196.0,199.5,0.017377845194021645,3,1
random,400,16,217,4.0,14.0,5.0,4.0,12.0,12.0,4.0,199.5,0.017377845194021645,3,1
random,400,16,218,279.0,265.0,337.0,341.0,274.0,274.0,320.0,199.5,0.017377845194021645,3,1
random,400,16,219,4.0,10.0,4.0,5.0,6.0,6.0,5.0,199.5,0.017377845194021645,3,1
random,400,16,220,66.0,94.0,105.0,109.0,90.0,90.0,97.0,199.5,0.017377845194021645,3,1
random,400,16,221,158.0,218.0,248.0,245.0,219.0,219.0,192.0,199.5,0.017377845194021645,3,1
random,400,16,222,2.0,2.0,2.0,2.0,2.0,2.0,2.0,199.5,0.017377845194021645,3,1
random,400,16,223,279.0,281.0,329.0,331.0,285.0,285.0,319.0,199.5,0.017377845194021645,3,1
random,400,16,224,66.0,43.0,109.0,113.0,46.0,46.0,104.0,199.5,0.017377845194021645,3,1
random,400,16,225,158.0,126.0,151.0,148.0,136.0,136.0,205.0,199.5,0.017377845194021645,3,1
random,400,16,226,66.0,75.0,48.0,49.0,75.0,75.0,67.0,199.5,0.017377845194021645,3,1
random,400,16,227,66.0,123.0,95.0,99.0,115.0,115.0,89.0,199.5,0.017377845194021645,3,1
random,400,16,228,329.0,291.0,346.0,347.0,298.0,298.0,366.0,199.5,0.017377845194021645,3,1
random,400,16,229,279.0,302.0,327.0,330.0,301.0,301.0,310.0,199.5,0.017377845194021645,3,1
random,400,16,230,106.0,94.0,131.0,135.0,100.0,100.0,153.0,199.5,0.017377845194021645,3,1
random,400,16,231,329.0,323.0,353.0,355.0,323.0,323.0,365.0,199.5,0.017377845194021645,3,1
random,400,16,232,106.0,71.0,152.0,155.0,71.0,71.0,158.0,199.5,0.017377845194021645,3,1
random,400,16,233,106.0,188.0,76.0,77.0,178.0,178.0,110.0,199.5,0.017377845194021645,3,1
random,400,16,234,158.0,182.0,184.0,184.0,186.0,186.0,189.0,199.5,0.017377845194021645,3,1
random,400,16,235,66.0,108.0,97.0,101.0,93.0,93.0,93.0,199.5,0.017377845194021645,3,1
random,400,16,236,106.0,116.0,147.0,153.0,119.0,119.0,151.0,199.5,0.017377845194021645,3,1
random,400,16,237,106.0,68.0,125.0,127.0,71.0,71.0,157.0,199.5,0.017377845194021645,3,1
random,400,16,238,43.0,55.0,72.0,71.0,62.0,62.0,57.0,199.5,0.017377845194021645,3,1
random,400,16,239,370.0,380.0,386.0,386.0,383.0,383.0,374.0,199.5,0.017377845194021645,3,1
random,400,16,240,66.0,47.0,85.0,89.0,51.0,51.0,96.0,199.5,0.017377845194021645,3,1
random,400,16,241,370.0,372.0,375.0,374.0,373.0,373.0,373.0,199.5,0.017377845194021645,3,1
random,400,16,242,158.0,228.0,183.0,181.0,220.0,220.0,170.0,199.5,0.017377845194021645,3,1
random,400,16,243,227.0,210.0,279.0,287.0,222.0,222.0,273.0,199.5,0.017377845194021645,3,1
random,400,16,244,279.0,321.0,282.0,277.0,320.0,320.0,286.0,199.5,0.017377845194021645,3,1
random,400,16,245,279.0,320.0,311.0,315.0,317.0,317.0,297.0,199.5,0.017377845194021645,3,1
random,400,16,246,370.0,383.0,384.0,384.0,384.0,384.0,376.0,199.5,0.017377845194021645,3,1
random,400,16,247,279.0,185.0,285.0,289.0,199.0,199.0,325.0,199.5,0.017377845194021645,3,1
random,400,16,248,106.0,171.0,182.0,183.0,168.0,168.0,136.0,199.5,0.017377845194021645,3,1
random,400,16,249,66.0,97.0,55.0,54.0,88.0,88.0,72.0,199.5,0.017377845194021645,3,1
random,400,16,250,158.0,203.0,193.0,189.0,194.0,194.0,201.0,199.5,0.017377845194021645,3,1
random,400,16,251,43.0,86.0,96.0,97.0,78.0,78.0,59.0,199.5,0.017377845194021645,3,1
random,400,16,252,158.0,182.0,166.0,165.0,184.0,184.0,180.0,199.5,0.017377845194021645,3,1
random,400,16,253,106.0,78.0,136.0,133.0,92.0,92.0,141.0,199.5,0.017377845194021645,3,1
random,400,16,254,329.0,330.0,332.0,327.0,327.0,327.0,354.0,199.5,0.017377845194021645,3,1
random,400,16,255,43.0,86.0,65.0,66.0,69.0,69.0,51.0,199.5,0.017377845194021645,3,1
random,400,16,256,66.0,91.0,78.0,78.0,82.0,82.0,85.0,199.5,0.017377845194021645,3,1
random,400,16,257,13.0,6.0,12.0,14.0,7.0,7.0,23.0,199.5,0.017377845194021645,3,1
random,400,16,258,43.0,64.0,29.0,27.0,61.0,61.0,43.0,199.5,0.017377845194021645,3,1
random,400,16,259,158.0,73.0,192.0,191.0,97.0,97.0,224.0,199.5,0.017377845194021645,3,1
random,400,16,260,66.0,44.0,115.0,117.0,51.0,51.0,100.0,199.5,0.017377845194021645,3,1
random,400,16,261,13.0,25.0,28.0,30.0,23.0,23.0,22.0,199.5,0.017377845194021645,3,1
random,400,16,262,158.0,243.0,202.0,201.0,236.0,236.0,175.0,199.5,0.017377845194021645,3,1
random,400,16,263,158.0,139.0,243.0,249.0,149.0,149.0,223.0,199.5,0.017377845194021645,3,1
random,400,16,264,158.0,218.0,179.0,178.0,206.0,206.0,177.0,199.5,0.017377845194021645,3,1
random,400,16,265,106.0,148.0,155.0,160.0,141.0,141.0,142.0,199.5,0.017377845194021645,3,1
random,400,16,266,158.0,166.0,259.0,270.0,173.0,173.0,222.0,199.5,0.017377845194021645,3,1
random,400,16,267,106.0,191.0,106.0,98.0,181.0,181.0,109.0,199.5,0.017377845194021645,3,1
random,400,16,268,66.0,116.0,91.0,91.0,107.0,107.0,81.0,199.5,0.017377845194021645,3,1
random,400,16,269,279.0,345.0,274.0,272.0,344.0,344.0,282.0,199.5,0.017377845194021645,3,1
random,400,16,270,227.0,240.0,265.0,264.0,239.0,239.0,265.0,199.5,0.017377845194021645,3,1
random,400,16,271,279.0,278.0,278.0,284.0,281.0,281.0,306.0,199.5,0.017377845194021645,3,1
random,400,16,272,106.0,91.0,118.0,116.0,98.0,98.0,147.0,199.5,0.017377845194021645,3,1
random,400,16,273,227.0,210.0,289.0,297.0,223.0,223.0,277.0,199.5,0.017377845194021645,3,1
random,400,16,274,279.0,248.0,304.0,310.0,258.0,258.0,318.0,199.5,0.017377845194021645,3,1
random,400,16,275,158.0,163.0,209.0,216.0,166.0,166.0,220.0,199.5,0.017377845194021645,3,1
random,400,16,276,227.0,228.0,273.0,276.0,234.0,234.0,266.0,199.5,0.017377845194021645,3,1
random,400,16,277,329.0,340.0,340.0,339.0,340.0,340.0,350.0,199.5,0.017377845194021645,3,1
random,400,16,278,26.0,57.0,46.0,45.0,56.0,56.0,32.0,199.5,0.017377845194021645,3,1
random,400,16,279,227.0,267.0,277.0,278.0,267.0,267.0,262.0,199.5,0.017377845194021645,3,1
random,400,16,280,279.0,262.0,295.0,295.0,264.0,264.0,311.0,199.5,0.017377845194021645,3,1
random,400,16,281,26.0,20.0,35.0,36.0,20.0,20.0,38.0,199.5,0.017377845194021645,3,1
random,400,16,282,66.0,79.0,73.0,72.0,78.0,78.0,82.0,199.5,0.017377845194021645,3,1
random,400,16,283,395.0,396.0,399.0,399.0,395.0,395.0,398.0,199.5,0.017377845194021645,3,1
random,400,16,284,106.0,150.0,133.0,136.0,141.0,141.0,130.0,199.5,0.017377845194021645,3,1
random,400,16,285,279.0,331.0,326.0,326.0,333.0,333.0,298.0,199.5,0.017377845194021645,3,1
random,400,16,286,66.0,37.0,90.0,93.0,40.0,40.0,103.0,199.5,0.017377845194021645,3,1
random,400,16,287,227.0,218.0,252.0,253.0,226.0,226.0,271.0,199.5,0.017377845194021645,3,1
random,400,16,288,395.0,391.0,396.0,396.0,391.0,391.0,399.0,199.5,0.017377845194021645,3,1
random,400,16,289,106.0,116.0,137.0,137.0,118.0,118.0,134.0,199.5,0.017377845194021645,3,1
random,400,16,290,106.0,113.0,74.0,74.0,121.0,121.0,107.0,199.5,0.017377845194021645,3,1
random,400,16,291,13.0,24.0,20.0,21.0,24.0,24.0,19.0,199.5,0.017377845194021645,3,1
random,400,16,292,158.0,235.0,150.0,149.0,228.0,228.0,162.0,199.5,0.017377845194021645,3,1
random,400,16,293,387.0,377.0,390.0,390.0,378.0,378.0,394.0,199.5,0.017377845194021645,3,1
random,400,16,294,387.0,388.0,387.0,387.0,389.0,389.0,391.0,199.5,0.017377845194021645,3,1
random,400,16,295,13.0,37.0,15.0,13.0,32.0,32.0,17.0,199.5,0.017377845194021645,3,1
random,400,16,296,279.0,268.0,331.0,335.0,269.0,269.0,327.0,199.5,0.017377845194021645,3,1
random,400,16,297,279.0,304.0,324.0,325.0,303.0,303.0,314.0,199.5,0.017377845194021645,3,1
random,400,16,298,158.0,206.0,251.0,254.0,203.0,203.0,211.0,199.5,0.017377845194021645,3,1
random,400,16,299,13.0,8.0,22.0,24.0,9.0,9.0,26.0,199.5,0.017377845194021645,3,1
random,400,16,300,26.0,57.0,39.0,40.0,54.0,54.0,33.0,199.5,0.017377845194021645,3,1
random,400,16,301,158.0,156.0,198.0,203.0,157.0,157.0,219.0,199.5,0.017377845194021645,3,1
random,400,16,302,329.0,310.0,365.0,366.0,313.0,313.0,369.0,199.5,0.017377845194021645,3,1
random,400,16,303,66.0,84.0,93.0,96.0,82.0,82.0,91.0,199.5,0.017377845194021645,3,1
random,400,16,304,106.0,106.0,167.0,175.0,116.0,116.0,152.0,199.5,0.017377845194021645,3,1
random,400,16,305,329.0,342.0,352.0,354.0,343.0,343.0,352.0,199.5,0.017377845194021645,3,1
random,400,16,306,279.0,281.0,271.0,265.0,289.0,289.0,291.0,199.5,0.017377845194021645,3,1
random,400,16,307,26.0,62.0,27.0,25.0,60.0,60.0,27.0,199.5,0.017377845194021645,3,1
random,400,16,308,158.0,228.0,63.0,63.0,221.0,221.0,120.0,199.5,0.017377845194021645,3,1
random,400,16,309,43.0,15.0,53.0,55.0,21.0,21.0,64.0,199.5,0.017377845194021645,3,1
random,400,16,310,329.0,307.0,338.0,338.0,312.0,312.0,361.0,199.5,0.017377845194021645,3,1
random,400,16,311,158.0,144.0,196.0,199.0,153.0,153.0,200.0,199.5,0.017377845194021645,3,1
random,400,16,312,158.0,187.0,144.0,143.0,187.0,187.0,181.0,199.5,0.017377845194021645,3,1
random,400,16,313,26.0,19.0,45.0,47.0,19.0,19.0,42.0,199.5,0.017377845194021645,3,1
random,400,16,314,106.0,150.0,163.0,159.0,147.0,147.0,139.0,199.5,0.017377845194021645,3,1
random,400,16,315,227.0,171.0,204.0,204.0,182.0,182.0,261.0,199.5,0.017377845194021645,3,1
random,400,16,316,158.0,225.0,178.0,180.0,208.0,208.0,176.0,199.5,0.017377845194021645,3,1
random,400,16,317,329.0,309.0,348.0,348.0,314.0,314.0,360.0,199.5,0.017377845194021645,3,1
random,400,16,318,158.0,171.0,232.0,237.0,174.0,174.0,212.0,199.5,0.017377845194021645,3,1
random,400,16,319,329.0,338.0,351.0,351.0,345.0,345.0,338.0,199.5,0.017377845194021645,3,1
random,400,16,320,158.0,198.0,187.0,186.0,193.0,193.0,183.0,199.5,0.017377845194021645,3,1
random,400,16,321,106.0,104.0,134.0,138.0,113.0,113.0,140.0,199.5,0.017377845194021645,3,1
random,400,16,322,106.0,124.0,129.0,130.0,124.0,124.0,138.0,199.5,0.017377845194021645,3,1
random,400,16,323,26.0,53.0,36.0,35.0,49.0,49.0,30.0,199.5,0.017377845194021645,3,1
random,400,16,324,329.0,378.0,325.0,322.0,377.0,377.0,331.0,199.5,0.017377845194021645,3,1
random,400,16,325,329.0,317.0,336.0,337.0,324.0,324.0,343.0,199.5,0.017377845194021645,3,1
random,400,16,326,106.0,126.0,113.0,118.0,132.0,132.0,125.0,199.5,0.017377845194021645,3,1
random,400,16,327,26.0,22.0,30.0,26.0,27.0,27.0,37.0,199.5,0.017377845194021645,3,1
random,400,16,328,370.0,376.0,380.0,376.0,376.0,376.0,378.0,199.5,0.017377845194021645,3,1
random,400,16,329,66.0,116.0,110.0,110.0,117.0,117.0,86.0,199.5,0.017377845194021645,3,1
random,400,16,330,227.0,232.0,260.0,260.0,238.0,238.0,263.0,199.5,0.017377845194021645,3,1
random,400,16,331,370.0,374.0,379.0,379.0,375.0,375.0,381.0,199.5,0.017377845194021645,3,1
random,400,16,332,13.0,12.0,31.0,32.0,11.0,11.0,28.0,199.5,0.017377845194021645,3,1
random,400,16,333,158.0,178.0,211.0,211.0,179.0,179.0,197.0,199.5,0.017377845194021645,3,1
random,400,16,334,329.0,351.0,322.0,323.0,350.0,350.0,335.0,199.5,0.017377845194021645,3,1
random,400,16,335,106.0,86.0,170.0,182.0,103.0,103.0,156.0,199.5,0.017377845194021645,3,1
random,400,16,336,43.0,40.0,58.0,59.0,39.0,39.0,61.0,199.5,0.017377845194021645,3,1
random,400,16,337,279.0,356.0,298.0,288.0,352.0,352.0,283.0,199.5,0.017377845194021645,3,1
random,400,16,338,158.0,135.0,180.0,174.0,144.0,144.0,202.0,199.5,0.017377845194021645,3,1
random,400,16,339,227.0,272.0,267.0,267.0,271.0,271.0,257.0,199.5,0.017377845194021645,3,1
random,400,16,340,106.0,181.0,114.0,115.0,175.0,175.0,116.0,199.5,0.017377845194021645,3,1
random,400,16,341,329.0,360.0,355.0,357.0,362.0,362.0,336.0,199.5,0.017377845194021645,3,1
random,400,16,342,227.0,284.0,266.0,263.0,282.0,282.0,246.0,199.5,0.017377845194021645,3,1
random,400,16,343,329.0,291.0,339.0,340.0,304.0,304.0,358.0,199.5,0.017377845194021645,3,1
random,400,16,344,227.0,266.0,262.0,257.0,261.0,261.0,259.0,199.5,0.017377845194021645,3,1
random,400,16,345,43.0,53.0,56.0,61.0,47.0,47.0,56.0,199.5,0.017377845194021645,3,1
random,400,16,346,158.0,206.0,221.0,226.0,203.0,203.0,207.0,199.5,0.017377845194021645,3,1
random,400,16,347,227.0,291.0,272.0,266.0,295.0,295.0,233.0,199.5,0.017377845194021645,3,1
random,400,16,348,158.0,112.0,197.0,195.0,126.0,126.0,215.0,199.5,0.017377845194021645,3,1
random,400,16,349,158.0,287.0,190.0,188.0,278.0,278.0,160.0,199.5,0.017377845194021645,3,1
random,400,16,350,329.0,354.0,362.0,361.0,354.0,354.0,348.0,199.5,0.017377845194021645,3,1
random,400,16,351,106.0,104.0,102.0,100.0,109.0,109.0,126.0,199.5,0.017377845194021645,3,1
random,400,16,352,227.0,250.0,208.0,206.0,249.0,249.0,244.0,199.5,0.017377845194021645,3,1
random,400,16,353,106.0,198.0,128.0,128.0,190.0,190.0,117.0,199.5,0.017377845194021645,3,1
random,400,16,354,66.0,113.0,87.0,85.0,112.0,112.0,78.0,199.5,0.017377845194021645,3,1
random,400,16,355,1.0,1.0,1.0,1.0,1.0,1.0,1.0,199.5,0.017377845194021645,3,1
random,400,16,356,158.0,130.0,188.0,185.0,140.0,140.0,209.0,199.5,0.017377845194021645,3,1
random,400,16,357,227.0,188.0,237.0,238.0,201.0,201.0,267.0,199.5,0.017377845194021645,3,1
random,400,16,358,158.0,81.0,200.0,196.0,104.0,104.0,226.0,199.5,0.017377845194021645,3,1
random,400,16,359,227.0,259.0,234.0,234.0,256.0,256.0,251.0,199.5,0.017377845194021645,3,1
random,400,16,360,106.0,235.0,143.0,142.0,216.0,216.0,112.0,199.5,0.017377845194021645,3,1
random,400,16,361,227.0,228.0,281.0,282.0,232.0,232.0,274.0,199.5,0.017377845194021645,3,1
random,400,16,362,227.0,291.0,226.0,220.0,288.0,288.0,236.0,199.5,0.017377845194021645,3,1
random,400,16,363,106.0,141.0,156.0,152.0,146.0,146.0,132.0,199.5,0.017377845194021645,3,1
random,400,16,364,66.0,94.0,98.0,102.0,88.0,88.0,84.0,199.5,0.017377845194021645,3,1
random,400,16,365,329.0,359.0,349.0,349.0,358.0,358.0,344.0,199.5,0.017377845194021645,3,1
random,400,16,366,106.0,215.0,139.0,139.0,198.0,198.0,118.0,199.5,0.017377845194021645,3,1
random,400,16,367,106.0,262.0,194.0,198.0,250.0,250.0,121.0,199.5,0.017377845194021645,3,1
random,400,16,368,158.0,203.0,145.0,141.0,200.0,200.0,163.0,199.5,0.017377845194021645,3,1
random,400,16,369,329.0,337.0,357.0,356.0,339.0,339.0,357.0,199.5,0.017377845194021645,3,1
random,400,16,370,227.0,193.0,270.0,273.0,203.0,203.0,272.0,199.5,0.017377845194021645,3,1
random,400,16,371,158.0,116.0,175.0,177.0,130.0,130.0,204.0,199.5,0.017377845194021645,3,1
random,400,16,372,66.0,126.0,126.0,124.0,124.0,124.0,83.0,199.5,0.017377845194021645,3,1
random,400,16,373,66.0,108.0,82.0,84.0,108.0,108.0,80.0,199.5,0.017377845194021645,3,1
random,400,16,374,227.0,198.0,219.0,222.0,211.0,211.0,253.0,199.5,0.017377845194021645,3,1
random,400,16,375,370.0,356.0,376.0,378.0,359.0,359.0,386.0,199.5,0.017377845194021645,3,1
random,400,16,376,329.0,274.0,359.0,359.0,290.0,290.0,368.0,199.5,0.017377845194021645,3,1
random,400,16,377,106.0,188.0,127.0,120.0,180.0,180.0,111.0,199.5,0.017377845194021645,3,1
random,400,16,378,43.0,41.0,42.0,42.0,42.0,42.0,53.0,199.5,0.017377845194021645,3,1
random,400,16,379,227.0,281.0,236.0,227.0,277.0,277.0,242.0,199.5,0.017377845194021645,3,1
random,400,16,380,66.0,84.0,154.0,154.0,80.0,80.0,101.0,199.5,0.017377845194021645,3,1
random,400,16,381,4.0,3.0,7.0,7.0,3.0,3.0,8.0,199.5,0.017377845194021645,3,1
random,400,16,382,43.0,66.0,64.0,64.0,63.0,63.0,50.0,199.5,0.017377845194021645,3,1
random,400,16,383,158.0,257.0,177.0,176.0,254.0,254.0,164.0,199.5,0.017377845194021645,3,1
random,400,16,384,158.0,243.0,172.0,162.0,243.0,243.0,159.0,199.5,0.017377845194021645,3,1
random,400,16,385,329.0,338.0,361.0,362.0,342.0,342.0,353.0,199.5,0.017377845194021645,3,1
random,400,16,386,227.0,182.0,216.0,212.0,192.0,192.0,254.0,199.5,0.017377845194021645,3,1
random,400,16,387,329.0,358.0,350.0,350.0,357.0,357.0,340.0,199.5,0.017377845194021645,3,1
random,400,16,388,43.0,67.0,60.0,58.0,66.0,66.0,49.0,199.5,0.017377845194021645,3,1
random,400,16,389,158.0,73.0,99.0,90.0,91.0,91.0,184.0,199.5,0.017377845194021645,3,1
random,400,16,390,106.0,150.0,141.0,144.0,147.0,147.0,131.0,199.5,0.017377845194021645,3,1
random,400,16,391,279.0,301.0,310.0,308.0,302.0,302.0,303.0,199.5,0.017377845194021645,3,1
random,400,16,392,279.0,261.0,299.0,298.0,266.0,266.0,308.0,199.5,0.017377845194021645,3,1
random,400,16,393,158.0,71.0,142.0,146.0,96.0,96.0,210.0,199.5,0.017377845194021645,3,1
random,400,16,394,227.0,246.0,225.0,219.0,247.0,247.0,241.0,199.5,0.017377845194021645,3,1
random,400,16,395,279.0,369.0,323.0,318.0,367.0,367.0,281.0,199.5,0.017377845194021645,3,1
random,400,16,396,279.0,256.0,257.0,255.0,259.0,259.0,313.0,199.5,0.017377845194021645,3,1
random,400,16,397,227.0,215.0,254.0,258.0,225.0,225.0,264.0,199.5,0.017377845194021645,3,1
random,400,16,398,227.0,254.0,255.0,251.0,260.0,260.0,248.0,199.5,0.017377845194021645,3,1
random,400,16,399,106.0,191.0,123.0,123.0,183.0,183.0,113.0,199.5,0.017377845194021645,3,1
